/*--------------------------------*- C++ -*----------------------------------*\
  =========                 |
  \\      /  F ield         | OpenFOAM: The Open Source CFD Toolbox
   \\    /   O peration     | Website:  https://openfoam.org
    \\  /    A nd           | Version:  9
     \\/     M anipulation  |
\*---------------------------------------------------------------------------*/
FoamFile
{
    format      ascii;
    class       volScalarField;
    location    "5.6";
    object      Fcsw;
}
// * * * * * * * * * * * * * * * * * * * * * * * * * * * * * * * * * * * * * //

dimensions      [0 0 0 0 0 0 0];

internalField   nonuniform List<scalar> 
1000
(
8.73835e-05
0.000139635
0.000187047
0.000231765
0.000274558
0.00031581
0.000355747
0.000394522
0.000432243
0.000468993
0.000504841
0.00053984
0.000574038
0.000607476
0.000640189
0.000672211
0.00070357
0.000734294
0.000764406
0.00079393
0.000822888
0.000851299
0.000879181
0.000906553
0.000933431
0.000959832
0.000985769
0.00101126
0.00103631
0.00106094
0.00108516
0.00110899
0.00113242
0.00115548
0.00117818
0.00120052
0.00122251
0.00124417
0.0012655
0.00128651
0.00130721
0.0013276
0.0013477
0.00136752
0.00138705
0.0014063
0.0014253
0.00144403
0.0014625
0.00148073
0.00149871
0.00151646
0.00153397
0.00155126
0.00156833
0.00158518
0.00160182
0.00161825
0.00163448
0.00165051
0.00166635
0.001682
0.00169746
0.00171275
0.00172785
0.00174278
0.00175754
0.00177214
0.00178657
0.00180084
0.00181495
0.00182891
0.00184272
0.00185638
0.0018699
0.00188327
0.0018965
0.0019096
0.00192257
0.0019354
0.0019481
0.00196068
0.00197314
0.00198547
0.00199768
0.00200977
0.00202175
0.00203362
0.00204538
0.00205702
0.00206856
0.00208
0.00209133
0.00210256
0.00211368
0.00212472
0.00213565
0.00214649
0.00215724
0.0021679
0.00217846
0.00218894
0.00219933
0.00220964
0.00221986
0.00223
0.00224006
0.00225003
0.00225993
0.00226976
0.0022795
0.00228917
0.00229877
0.0023083
0.00231775
0.00232714
0.00233645
0.0023457
0.00235488
0.002364
0.00237305
0.00238204
0.00239096
0.00239982
0.00240863
0.00241737
0.00242605
0.00243468
0.00244324
0.00245176
0.00246021
0.00246862
0.00247696
0.00248526
0.0024935
0.00250169
0.00250984
0.00251793
0.00252597
0.00253397
0.00254191
0.00254981
0.00255767
0.00256547
0.00257324
0.00258096
0.00258863
0.00259626
0.00260385
0.0026114
0.00261891
0.00262638
0.0026338
0.00264119
0.00264854
0.00265585
0.00266313
0.00267036
0.00267756
0.00268472
0.00269185
0.00269895
0.002706
0.00271303
0.00272002
0.00272698
0.0027339
0.0027408
0.00274766
0.00275449
0.00276129
0.00276806
0.0027748
0.00278151
0.00278819
0.00279484
0.00280146
0.00280806
0.00281463
0.00282117
0.00282769
0.00283418
0.00284064
0.00284708
0.00285349
0.00285988
0.00286624
0.00287258
0.0028789
0.00288519
0.00289146
0.00289771
0.00290393
0.00291014
0.00291632
0.00292248
0.00292862
0.00293474
0.00294083
0.00294691
0.00295297
0.00295901
0.00296503
0.00297103
0.00297701
0.00298298
0.00298892
0.00299485
0.00300076
0.00300665
0.00301253
0.00301839
0.00302424
0.00303006
0.00303588
0.00304167
0.00304746
0.00305322
0.00305898
0.00306471
0.00307044
0.00307615
0.00308184
0.00308752
0.00309319
0.00309885
0.00310449
0.00311013
0.00311574
0.00312135
0.00312695
0.00313253
0.0031381
0.00314367
0.00314922
0.00315476
0.00316029
0.00316581
0.00317132
0.00317682
0.00318231
0.00318779
0.00319327
0.00319873
0.00320419
0.00320964
0.00321508
0.00322051
0.00322594
0.00323135
0.00323677
0.00324217
0.00324757
0.00325296
0.00325834
0.00326372
0.0032691
0.00327446
0.00327983
0.00328519
0.00329054
0.00329589
0.00330123
0.00330657
0.00331191
0.00331724
0.00332257
0.0033279
0.00333323
0.00333855
0.00334387
0.00334919
0.0033545
0.00335982
0.00336513
0.00337044
0.00337576
0.00338107
0.00338638
0.00339169
0.003397
0.00340232
0.00340763
0.00341295
0.00341827
0.00342358
0.00342891
0.00343423
0.00343956
0.00344489
0.00345022
0.00345556
0.00346091
0.00346625
0.00347161
0.00347697
0.00348233
0.0034877
0.00349308
0.00349846
0.00350385
0.00350925
0.00351466
0.00352008
0.00352551
0.00353094
0.00353639
0.00354185
0.00354732
0.0035528
0.00355829
0.0035638
0.00356932
0.00357485
0.0035804
0.00358597
0.00359155
0.00359715
0.00360277
0.0036084
0.00361406
0.00361973
0.00362543
0.00363115
0.00363689
0.00364265
0.00364844
0.00365426
0.0036601
0.00366597
0.00367187
0.0036778
0.00368376
0.00368975
0.00369578
0.00370184
0.00370794
0.00371408
0.00372026
0.00372648
0.00373275
0.00373906
0.00374541
0.00375182
0.00375828
0.00376479
0.00377136
0.00377799
0.00378468
0.00379143
0.00379826
0.00380515
0.00381211
0.00381915
0.00382627
0.00383347
0.00384077
0.00384815
0.00385563
0.00386321
0.0038709
0.0038787
0.00388661
0.00389465
0.00390281
0.00391112
0.00391956
0.00392815
0.0039369
0.00394582
0.00395491
0.00396419
0.00397367
0.00398334
0.00399324
0.00400337
0.00401374
0.00402437
0.00403527
0.00404646
0.00405796
0.00406979
0.00408197
0.00409451
0.00410745
0.00412081
0.00413462
0.00414891
0.00416371
0.00417905
0.00419498
0.00421154
0.00422877
0.00424672
0.00426545
0.00428502
0.00430549
0.00432694
0.00434944
0.00437307
0.00439795
0.00442416
0.00445183
0.00448108
0.00451206
0.00454492
0.00457985
0.00461704
0.0046567
0.0046991
0.00474451
0.00479323
0.00484564
0.00490212
0.00496314
0.00502922
0.00510096
0.00517904
0.00526425
0.00535751
0.00545988
0.0055726
0.00569713
0.00583517
0.00598875
0.00616029
0.00635269
0.00656944
0.00681477
0.00709389
0.0074132
0.00778068
0.00820638
0.00870306
0.00928716
0.00998009
0.0108102
0.0118156
0.0130486
0.0145822
0.0165213
0.0190201
0.0223137
0.0267743
0.0330188
0.0421309
0.0561553
0.079334
0.121642
0.211463
0.456522
1.44278
0.797861
0.266053
-0.141329
-0.276949
-0.259939
-0.191594
-0.0994891
0.0137613
0.123734
0.185869
0.176745
0.116561
0.04417
-0.014145
-0.0505057
-0.0669054
-0.0678104
-0.0573389
-0.0391323
-0.0169911
0.00481626
0.0220301
0.0315192
0.0323362
0.0259291
0.0153335
0.00390595
-0.00568711
-0.0119035
-0.0142915
-0.0132385
-0.0096782
-0.00481803
0.000111237
0.00408235
0.00644598
0.00701164
0.00601265
0.00397325
0.00153014
-0.000732548
-0.00239535
-0.00325101
-0.00329676
-0.00268932
-0.00168075
-0.000550339
0.000455407
0.00116531
0.00150329
0.00148478
0.00119463
0.000754638
0.000290192
-9.66824e-05
-0.000343342
-0.000430838
-0.000378289
-0.000230691
-4.40022e-05
0.000128921
0.000248896
0.00029602
0.000270134
0.000187056
7.2227e-05
-4.63928e-05
-0.000144537
-0.000205862
-0.000223732
-0.00020072
-0.000146378
-7.40979e-05
2.15139e-06
7.05217e-05
0.000123014
0.000156093
0.000170299
0.000169158
0.000157758
0.00014135
0.000124272
0.000109317
9.7607e-05
8.8851e-05
8.18697e-05
7.51957e-05
6.76071e-05
5.84858e-05
4.79565e-05
3.6815e-05
2.63019e-05
1.77954e-05
1.2505e-05
1.12299e-05
1.42216e-05
2.11643e-05
3.12568e-05
4.33681e-05
5.6225e-05
6.85948e-05
7.94328e-05
8.79776e-05
9.37882e-05
9.67317e-05
9.69333e-05
9.47077e-05
9.04863e-05
8.4754e-05
7.8002e-05
7.06979e-05
6.32709e-05
5.61078e-05
4.95519e-05
4.39032e-05
3.94133e-05
3.62778e-05
3.46256e-05
3.45073e-05
3.58881e-05
3.86453e-05
4.25739e-05
4.73989e-05
5.27955e-05
5.84128e-05
6.39001e-05
6.89315e-05
7.32274e-05
7.65711e-05
7.88177e-05
7.98982e-05
7.98162e-05
7.86403e-05
7.64929e-05
7.35364e-05
6.99593e-05
6.59614e-05
6.17412e-05
5.7484e-05
5.33526e-05
4.94803e-05
4.59653e-05
4.28691e-05
4.02159e-05
3.7995e-05
3.61647e-05
3.46586e-05
3.33925e-05
3.22728e-05
3.1205e-05
3.01019e-05
2.88909e-05
2.75206e-05
2.59652e-05
2.42271e-05
2.23378e-05
2.03565e-05
1.83673e-05
1.64744e-05
1.47964e-05
1.34599e-05
1.25926e-05
1.23164e-05
1.27411e-05
1.39586e-05
1.60381e-05
1.90226e-05
2.29263e-05
2.77339e-05
3.34003e-05
3.9852e-05
4.69897e-05
5.46913e-05
6.28162e-05
7.12095e-05
7.97074e-05
8.81414e-05
9.63442e-05
0.000104154
0.000111418
0.000118
0.000123778
0.000128651
0.000132541
0.000135394
0.000137179
0.00013789
0.000137544
0.000136182
0.000133864
0.000130669
0.000126692
0.00012204
0.000116829
0.000111182
0.000105224
9.90781e-05
9.28636e-05
8.66931e-05
8.06688e-05
7.48811e-05
6.94066e-05
6.43071e-05
5.96289e-05
5.54028e-05
5.16447e-05
4.83566e-05
4.5528e-05
4.31375e-05
4.11555e-05
3.95456e-05
3.82679e-05
3.72804e-05
3.65416e-05
3.60124e-05
3.56579e-05
3.54482e-05
3.536e-05
3.53766e-05
3.54882e-05
3.56914e-05
3.59892e-05
3.63892e-05
3.69031e-05
3.75451e-05
3.83303e-05
3.92735e-05
4.03878e-05
4.16831e-05
4.3165e-05
4.48341e-05
4.66852e-05
4.87067e-05
5.08811e-05
5.31846e-05
5.55881e-05
5.80575e-05
6.05548e-05
6.30394e-05
6.5469e-05
6.78012e-05
6.99948e-05
7.20109e-05
7.38145e-05
7.53753e-05
7.66691e-05
7.7678e-05
7.83917e-05
7.88073e-05
7.89296e-05
7.87712e-05
7.83519e-05
7.7698e-05
7.68421e-05
7.58216e-05
7.46779e-05
7.34551e-05
7.2199e-05
7.09555e-05
6.97695e-05
6.86837e-05
6.77374e-05
6.69653e-05
6.6397e-05
6.60558e-05
6.59587e-05
6.61155e-05
6.65287e-05
6.71941e-05
6.81002e-05
6.92294e-05
7.0558e-05
7.20572e-05
7.3694e-05
7.5432e-05
7.72325e-05
7.90556e-05
8.08612e-05
8.26101e-05
8.42651e-05
8.57918e-05
8.71595e-05
8.83417e-05
8.93172e-05
9.007e-05
9.05898e-05
9.08721e-05
9.09182e-05
9.07351e-05
9.03349e-05
8.97345e-05
8.8955e-05
8.80212e-05
8.69606e-05
8.58026e-05
8.45781e-05
8.33182e-05
8.20536e-05
8.0814e-05
7.96278e-05
7.85247e-05
7.75522e-05
7.68746e-05
7.73355e-05
8.36645e-05
0.000122731
0.000347453
0.00162817
0.00891565
0.0502797
0.281494
1.40539
2.83743
0.501293
0.00157436
3.05558e-09
2.4742e-21
-0
-0
-0
-0
-0
-0
-0
-0
-0
-0
-0
-0
-0
-0
-0
-0
-0
-0
-0
-0
-0
-0
-0
-0
-0
-0
-0
-0
-0
-0
-0
-0
-0
-0
-0
-0
-0
-0
-0
-0
-0
-0
-0
-0
-0
-0
-0
-0
-0
-0
-0
-0
-0
-0
-0
-0
-0
-0
-0
-0
-0
-0
-0
-0
-0
-0
-0
-0
-0
-0
-0
-0
-0
-0
-0
-0
-0
-0
-0
-0
-0
-0
-0
-0
-0
-0
-0
-0
-0
-0
-0
-0
-0
-0
-0
-0
-0
-0
-0
-0
-0
-0
-0
-0
-0
-0
-0
-0
-0
-0
-0
-0
-0
-0
-0
-0
-0
-0
-0
-0
-0
-0
-0
-0
-0
-0
-0
-0
-0
-0
-0
-0
-0
-0
-0
-0
-0
-0
-0
-0
-0
-0
-0
-0
-0
-0
-0
-0
-0
-0
-0
-0
-0
-0
-0
-0
-0
-0
-0
-0
-0
-0
-0
-0
-0
-0
-0
-0
-0
-0
-0
-0
-0
-0
-0
-0
-0
-0
-0
-0
-0
-0
-0
-0
-0
-0
-0
-0
-0
-0
-0
-0
-0
-0
-0
-0
-0
-0
-0
-0
-0
-0
-0
-0
-0
-0
-0
-0
-0
-0
-0
-0
-0
-0
-0
-0
-0
-0
-0
-0
-0
-0
-0
-0
-0
-0
-0
-0
-0
-0
-0
)
;

boundaryField
{
    inlet
    {
        type            calculated;
        value           uniform 8.73835e-05;
    }
    outlet
    {
        type            calculated;
        value           uniform -0;
    }
    emptyWalls
    {
        type            empty;
    }
}


// ************************************************************************* //
