/*--------------------------------*- C++ -*----------------------------------*\
  =========                 |
  \\      /  F ield         | OpenFOAM: The Open Source CFD Toolbox
   \\    /   O peration     | Website:  https://openfoam.org
    \\  /    A nd           | Version:  9
     \\/     M anipulation  |
\*---------------------------------------------------------------------------*/
FoamFile
{
    format      ascii;
    class       volScalarField;
    location    "5.6";
    object      Sb;
}
// * * * * * * * * * * * * * * * * * * * * * * * * * * * * * * * * * * * * * //

dimensions      [0 0 0 0 0 0 0];

internalField   nonuniform List<scalar> 
1000
(
0.498308
0.497279
0.496334
0.495432
0.494558
0.493706
0.492873
0.492054
0.49125
0.490458
0.489677
0.488907
0.488147
0.487397
0.486656
0.485924
0.4852
0.484484
0.483776
0.483075
0.482382
0.481696
0.481017
0.480345
0.479679
0.479019
0.478366
0.477719
0.477078
0.476442
0.475813
0.475188
0.47457
0.473956
0.473348
0.472745
0.472147
0.471554
0.470966
0.470382
0.469803
0.469229
0.468659
0.468094
0.467532
0.466975
0.466423
0.465874
0.46533
0.464789
0.464252
0.463719
0.46319
0.462665
0.462143
0.461625
0.46111
0.460599
0.460092
0.459587
0.459086
0.458589
0.458094
0.457603
0.457115
0.45663
0.456148
0.455669
0.455194
0.454721
0.45425
0.453783
0.453319
0.452857
0.452398
0.451942
0.451488
0.451038
0.450589
0.450143
0.4497
0.449259
0.448821
0.448385
0.447952
0.447521
0.447092
0.446666
0.446242
0.44582
0.4454
0.444983
0.444568
0.444154
0.443744
0.443335
0.442928
0.442523
0.442121
0.44172
0.441321
0.440925
0.44053
0.440137
0.439746
0.439357
0.43897
0.438584
0.438201
0.437819
0.437439
0.437061
0.436684
0.43631
0.435937
0.435565
0.435196
0.434828
0.434461
0.434096
0.433733
0.433372
0.433012
0.432653
0.432296
0.431941
0.431587
0.431235
0.430884
0.430534
0.430186
0.42984
0.429494
0.429151
0.428808
0.428467
0.428128
0.427789
0.427453
0.427117
0.426783
0.42645
0.426118
0.425788
0.425459
0.425131
0.424804
0.424479
0.424155
0.423832
0.42351
0.423189
0.42287
0.422552
0.422235
0.421919
0.421604
0.421291
0.420978
0.420667
0.420357
0.420047
0.419739
0.419432
0.419126
0.418821
0.418517
0.418215
0.417913
0.417612
0.417312
0.417014
0.416716
0.416419
0.416123
0.415828
0.415535
0.415242
0.41495
0.414659
0.414369
0.414079
0.413791
0.413504
0.413217
0.412932
0.412647
0.412363
0.41208
0.411798
0.411517
0.411237
0.410957
0.410679
0.410401
0.410124
0.409848
0.409573
0.409298
0.409024
0.408751
0.408479
0.408208
0.407937
0.407668
0.407399
0.40713
0.406863
0.406596
0.40633
0.406065
0.4058
0.405536
0.405273
0.405011
0.404749
0.404488
0.404228
0.403968
0.40371
0.403451
0.403194
0.402937
0.402681
0.402426
0.402171
0.401917
0.401663
0.40141
0.401158
0.400906
0.400656
0.400405
0.400156
0.399906
0.399658
0.39941
0.399163
0.398916
0.39867
0.398425
0.39818
0.397936
0.397692
0.397449
0.397207
0.396965
0.396723
0.396483
0.396242
0.396003
0.395763
0.395525
0.395287
0.395049
0.394812
0.394576
0.39434
0.394105
0.39387
0.393635
0.393402
0.393168
0.392936
0.392703
0.392471
0.39224
0.392009
0.391779
0.391549
0.39132
0.391091
0.390863
0.390635
0.390407
0.39018
0.389954
0.389728
0.389502
0.389277
0.389052
0.388828
0.388604
0.388381
0.388158
0.387935
0.387713
0.387492
0.38727
0.38705
0.386829
0.386609
0.38639
0.386171
0.385952
0.385734
0.385516
0.385298
0.385081
0.384864
0.384648
0.384432
0.384217
0.384001
0.383787
0.383572
0.383358
0.383144
0.382931
0.382718
0.382505
0.382293
0.382081
0.38187
0.381659
0.381448
0.381237
0.381027
0.380817
0.380608
0.380398
0.38019
0.379981
0.379773
0.379565
0.379357
0.37915
0.378943
0.378736
0.37853
0.378324
0.378118
0.377913
0.377708
0.377503
0.377298
0.377094
0.37689
0.376686
0.376482
0.376279
0.376076
0.375873
0.375671
0.375468
0.375266
0.375065
0.374863
0.374662
0.374461
0.37426
0.374059
0.373859
0.373658
0.373458
0.373258
0.373059
0.372859
0.37266
0.372461
0.372262
0.372063
0.371864
0.371666
0.371468
0.371269
0.371071
0.370873
0.370675
0.370478
0.37028
0.370082
0.369885
0.369687
0.36949
0.369293
0.369095
0.368898
0.368701
0.368504
0.368306
0.368109
0.367911
0.367714
0.367516
0.367319
0.367121
0.366923
0.366725
0.366527
0.366328
0.366129
0.36593
0.365731
0.365531
0.365331
0.365131
0.36493
0.364728
0.364526
0.364324
0.364121
0.363917
0.363712
0.363506
0.3633
0.363092
0.362884
0.362674
0.362463
0.36225
0.362036
0.36182
0.361603
0.361383
0.361161
0.360936
0.360709
0.360478
0.360245
0.360007
0.359765
0.359519
0.359268
0.35901
0.358747
0.358476
0.358197
0.357908
0.357609
0.357297
0.356972
0.35663
0.356269
0.355885
0.355475
0.355034
0.354554
0.354027
0.353443
0.352786
0.352036
0.351166
0.350134
0.348878
0.347304
0.345252
0.342437
0.338293
0.331527
0.318421
0.283361
0.225882
0.221271
0.221444
0.222964
0.224154
0.224799
0.225059
0.225004
0.224649
0.224095
0.223537
0.223148
0.222989
0.223025
0.223185
0.223399
0.223617
0.2238
0.223926
0.223983
0.223971
0.223904
0.223806
0.223703
0.223619
0.223567
0.223552
0.223568
0.223604
0.223648
0.223689
0.223719
0.223734
0.223734
0.22372
0.223699
0.223676
0.223656
0.223643
0.223637
0.223638
0.223645
0.223655
0.223665
0.223673
0.223678
0.22368
0.223678
0.223674
0.223669
0.223663
0.223659
0.223656
0.223654
0.223654
0.223655
0.223656
0.223656
0.223657
0.223657
0.223656
0.223655
0.223654
0.223653
0.223652
0.223652
0.223651
0.223652
0.223652
0.223653
0.223653
0.223653
0.223653
0.223653
0.223652
0.223652
0.223651
0.22365
0.223649
0.223648
0.223647
0.223646
0.223645
0.223644
0.223643
0.223642
0.223641
0.223641
0.22364
0.223639
0.223638
0.223638
0.223637
0.223637
0.223636
0.223635
0.223635
0.223634
0.223633
0.223633
0.223632
0.223631
0.223631
0.22363
0.223629
0.223628
0.223627
0.223627
0.223626
0.223625
0.223624
0.223624
0.223623
0.223622
0.223622
0.223621
0.22362
0.22362
0.223619
0.223619
0.223618
0.223617
0.223617
0.223616
0.223615
0.223615
0.223614
0.223613
0.223612
0.223611
0.223611
0.22361
0.223609
0.223608
0.223608
0.223607
0.223606
0.223605
0.223605
0.223604
0.223603
0.223603
0.223602
0.223601
0.223601
0.2236
0.2236
0.223599
0.223599
0.223598
0.223598
0.223597
0.223597
0.223597
0.223596
0.223596
0.223596
0.223595
0.223595
0.223595
0.223594
0.223594
0.223593
0.223593
0.223593
0.223592
0.223592
0.223591
0.22359
0.22359
0.223589
0.223588
0.223587
0.223586
0.223585
0.223584
0.223583
0.223582
0.223581
0.223579
0.223578
0.223577
0.223576
0.223574
0.223573
0.223572
0.22357
0.223569
0.223568
0.223567
0.223565
0.223564
0.223563
0.223562
0.223561
0.22356
0.223559
0.223558
0.223557
0.223557
0.223556
0.223555
0.223555
0.223554
0.223553
0.223553
0.223552
0.223552
0.223551
0.22355
0.22355
0.223549
0.223549
0.223548
0.223548
0.223547
0.223547
0.223546
0.223546
0.223545
0.223544
0.223544
0.223543
0.223542
0.223542
0.223541
0.223541
0.22354
0.223539
0.223538
0.223538
0.223537
0.223536
0.223535
0.223535
0.223534
0.223533
0.223532
0.223532
0.223531
0.22353
0.223529
0.223528
0.223527
0.223527
0.223526
0.223525
0.223524
0.223523
0.223523
0.223522
0.223521
0.22352
0.223519
0.223518
0.223518
0.223517
0.223516
0.223515
0.223514
0.223514
0.223513
0.223512
0.223511
0.22351
0.223509
0.223509
0.223508
0.223507
0.223506
0.223505
0.223504
0.223503
0.223503
0.223502
0.223501
0.2235
0.223499
0.223498
0.223497
0.223496
0.223495
0.223494
0.223493
0.223492
0.223491
0.22349
0.223489
0.223488
0.223487
0.223486
0.223485
0.223484
0.223483
0.223482
0.223481
0.22348
0.223479
0.223478
0.223477
0.223476
0.223475
0.223475
0.223474
0.223473
0.223471
0.223467
0.223448
0.223346
0.222771
0.219526
0.202257
0.145151
0.102889
0.100004
0.1
0.1
0.1
0.1
0.1
0.1
0.1
0.1
0.1
0.1
0.1
0.1
0.1
0.1
0.1
0.1
0.1
0.1
0.1
0.1
0.1
0.1
0.1
0.1
0.1
0.1
0.1
0.1
0.1
0.1
0.1
0.1
0.1
0.1
0.1
0.1
0.1
0.1
0.1
0.1
0.1
0.1
0.1
0.1
0.1
0.1
0.1
0.1
0.1
0.1
0.1
0.1
0.1
0.1
0.1
0.1
0.1
0.1
0.1
0.1
0.1
0.1
0.1
0.1
0.1
0.1
0.1
0.1
0.1
0.1
0.1
0.1
0.1
0.1
0.1
0.1
0.1
0.1
0.1
0.1
0.1
0.1
0.1
0.1
0.1
0.1
0.1
0.1
0.1
0.1
0.1
0.1
0.1
0.1
0.1
0.1
0.1
0.1
0.1
0.1
0.1
0.1
0.1
0.1
0.1
0.1
0.1
0.1
0.1
0.1
0.1
0.1
0.1
0.1
0.1
0.1
0.1
0.1
0.1
0.1
0.1
0.1
0.1
0.1
0.1
0.1
0.1
0.1
0.1
0.1
0.1
0.1
0.1
0.1
0.1
0.1
0.1
0.1
0.1
0.1
0.1
0.1
0.1
0.1
0.1
0.1
0.1
0.1
0.1
0.1
0.1
0.1
0.1
0.1
0.1
0.1
0.1
0.1
0.1
0.1
0.1
0.1
0.1
0.1
0.1
0.1
0.1
0.1
0.1
0.1
0.1
0.1
0.1
0.1
0.1
0.1
0.1
0.1
0.1
0.1
0.1
0.1
0.1
0.1
0.1
0.1
0.1
0.1
0.1
0.1
0.1
0.1
0.1
0.1
0.1
0.1
0.1
0.1
0.1
0.1
0.1
0.1
0.1
0.1
0.1
0.1
0.1
0.1
0.1
0.1
0.1
0.1
0.1
0.1
0.1
0.1
0.1
0.1
0.1
0.1
0.1
0.1
0.1
0.1
0.1
0.1
0.1
0.1
0.1
0.1
0.1
0.1
0.1
)
;

boundaryField
{
    inlet
    {
        type            fixedValue;
        value           uniform 0.5;
    }
    outlet
    {
        type            zeroGradient;
    }
    emptyWalls
    {
        type            empty;
    }
}


// ************************************************************************* //
