/*--------------------------------*- C++ -*----------------------------------*\
  =========                 |
  \\      /  F ield         | OpenFOAM: The Open Source CFD Toolbox
   \\    /   O peration     | Website:  https://openfoam.org
    \\  /    A nd           | Version:  9
     \\/     M anipulation  |
\*---------------------------------------------------------------------------*/
FoamFile
{
    format      ascii;
    class       volVectorField;
    location    "9.7";
    object      Ua;
}
// * * * * * * * * * * * * * * * * * * * * * * * * * * * * * * * * * * * * * //

dimensions      [0 0 0 0 0 0 0];

internalField   nonuniform List<vector> 
1000
(
(0.709421 0 0)
(0.70942 0 0)
(0.709419 0 0)
(0.709418 0 0)
(0.709416 0 0)
(0.709414 0 0)
(0.709412 0 0)
(0.709409 0 0)
(0.709406 0 0)
(0.709403 0 0)
(0.7094 0 0)
(0.709397 0 0)
(0.709393 0 0)
(0.709389 0 0)
(0.709384 0 0)
(0.70938 0 0)
(0.709375 0 0)
(0.70937 0 0)
(0.709365 0 0)
(0.70936 0 0)
(0.709354 0 0)
(0.709348 0 0)
(0.709342 0 0)
(0.709336 0 0)
(0.709329 0 0)
(0.709323 0 0)
(0.709316 0 0)
(0.709309 0 0)
(0.709301 0 0)
(0.709294 0 0)
(0.709286 0 0)
(0.709278 0 0)
(0.70927 0 0)
(0.709262 0 0)
(0.709254 0 0)
(0.709245 0 0)
(0.709236 0 0)
(0.709227 0 0)
(0.709218 0 0)
(0.709209 0 0)
(0.709199 0 0)
(0.70919 0 0)
(0.70918 0 0)
(0.70917 0 0)
(0.70916 0 0)
(0.709149 0 0)
(0.709139 0 0)
(0.709128 0 0)
(0.709118 0 0)
(0.709107 0 0)
(0.709096 0 0)
(0.709084 0 0)
(0.709073 0 0)
(0.709062 0 0)
(0.70905 0 0)
(0.709038 0 0)
(0.709026 0 0)
(0.709014 0 0)
(0.709002 0 0)
(0.70899 0 0)
(0.708977 0 0)
(0.708964 0 0)
(0.708952 0 0)
(0.708939 0 0)
(0.708926 0 0)
(0.708913 0 0)
(0.708899 0 0)
(0.708886 0 0)
(0.708872 0 0)
(0.708859 0 0)
(0.708845 0 0)
(0.708831 0 0)
(0.708817 0 0)
(0.708803 0 0)
(0.708789 0 0)
(0.708774 0 0)
(0.70876 0 0)
(0.708745 0 0)
(0.708731 0 0)
(0.708716 0 0)
(0.708701 0 0)
(0.708686 0 0)
(0.708671 0 0)
(0.708655 0 0)
(0.70864 0 0)
(0.708624 0 0)
(0.708609 0 0)
(0.708593 0 0)
(0.708577 0 0)
(0.708561 0 0)
(0.708545 0 0)
(0.708529 0 0)
(0.708513 0 0)
(0.708497 0 0)
(0.70848 0 0)
(0.708464 0 0)
(0.708447 0 0)
(0.708431 0 0)
(0.708414 0 0)
(0.708397 0 0)
(0.70838 0 0)
(0.708363 0 0)
(0.708346 0 0)
(0.708329 0 0)
(0.708311 0 0)
(0.708294 0 0)
(0.708276 0 0)
(0.708259 0 0)
(0.708241 0 0)
(0.708223 0 0)
(0.708205 0 0)
(0.708187 0 0)
(0.708169 0 0)
(0.708151 0 0)
(0.708133 0 0)
(0.708115 0 0)
(0.708096 0 0)
(0.708078 0 0)
(0.708059 0 0)
(0.708041 0 0)
(0.708022 0 0)
(0.708003 0 0)
(0.707984 0 0)
(0.707966 0 0)
(0.707947 0 0)
(0.707927 0 0)
(0.707908 0 0)
(0.707889 0 0)
(0.70787 0 0)
(0.70785 0 0)
(0.707831 0 0)
(0.707811 0 0)
(0.707792 0 0)
(0.707772 0 0)
(0.707752 0 0)
(0.707733 0 0)
(0.707713 0 0)
(0.707693 0 0)
(0.707673 0 0)
(0.707653 0 0)
(0.707633 0 0)
(0.707612 0 0)
(0.707592 0 0)
(0.707572 0 0)
(0.707551 0 0)
(0.707531 0 0)
(0.70751 0 0)
(0.70749 0 0)
(0.707469 0 0)
(0.707448 0 0)
(0.707427 0 0)
(0.707406 0 0)
(0.707386 0 0)
(0.707365 0 0)
(0.707343 0 0)
(0.707322 0 0)
(0.707301 0 0)
(0.70728 0 0)
(0.707259 0 0)
(0.707237 0 0)
(0.707216 0 0)
(0.707194 0 0)
(0.707173 0 0)
(0.707151 0 0)
(0.70713 0 0)
(0.707108 0 0)
(0.707086 0 0)
(0.707064 0 0)
(0.707042 0 0)
(0.70702 0 0)
(0.706998 0 0)
(0.706976 0 0)
(0.706954 0 0)
(0.706932 0 0)
(0.70691 0 0)
(0.706888 0 0)
(0.706865 0 0)
(0.706843 0 0)
(0.706821 0 0)
(0.706798 0 0)
(0.706776 0 0)
(0.706753 0 0)
(0.70673 0 0)
(0.706708 0 0)
(0.706685 0 0)
(0.706662 0 0)
(0.706639 0 0)
(0.706616 0 0)
(0.706593 0 0)
(0.70657 0 0)
(0.706547 0 0)
(0.706524 0 0)
(0.706501 0 0)
(0.706478 0 0)
(0.706455 0 0)
(0.706432 0 0)
(0.706408 0 0)
(0.706385 0 0)
(0.706361 0 0)
(0.706338 0 0)
(0.706315 0 0)
(0.706291 0 0)
(0.706267 0 0)
(0.706244 0 0)
(0.70622 0 0)
(0.706196 0 0)
(0.706173 0 0)
(0.706149 0 0)
(0.706125 0 0)
(0.706101 0 0)
(0.706077 0 0)
(0.706053 0 0)
(0.706029 0 0)
(0.706005 0 0)
(0.705981 0 0)
(0.705957 0 0)
(0.705932 0 0)
(0.705908 0 0)
(0.705884 0 0)
(0.70586 0 0)
(0.705835 0 0)
(0.705811 0 0)
(0.705786 0 0)
(0.705762 0 0)
(0.705737 0 0)
(0.705713 0 0)
(0.705688 0 0)
(0.705663 0 0)
(0.705639 0 0)
(0.705614 0 0)
(0.705589 0 0)
(0.705564 0 0)
(0.70554 0 0)
(0.705515 0 0)
(0.70549 0 0)
(0.705465 0 0)
(0.70544 0 0)
(0.705415 0 0)
(0.70539 0 0)
(0.705365 0 0)
(0.705339 0 0)
(0.705314 0 0)
(0.705289 0 0)
(0.705264 0 0)
(0.705238 0 0)
(0.705213 0 0)
(0.705188 0 0)
(0.705162 0 0)
(0.705137 0 0)
(0.705111 0 0)
(0.705086 0 0)
(0.70506 0 0)
(0.705035 0 0)
(0.705009 0 0)
(0.704984 0 0)
(0.704958 0 0)
(0.704932 0 0)
(0.704906 0 0)
(0.704881 0 0)
(0.704855 0 0)
(0.704829 0 0)
(0.704803 0 0)
(0.704777 0 0)
(0.704751 0 0)
(0.704725 0 0)
(0.704699 0 0)
(0.704673 0 0)
(0.704647 0 0)
(0.704621 0 0)
(0.704595 0 0)
(0.704569 0 0)
(0.704543 0 0)
(0.704516 0 0)
(0.70449 0 0)
(0.704464 0 0)
(0.704437 0 0)
(0.704411 0 0)
(0.704385 0 0)
(0.704358 0 0)
(0.704332 0 0)
(0.704305 0 0)
(0.704279 0 0)
(0.704252 0 0)
(0.704226 0 0)
(0.704199 0 0)
(0.704173 0 0)
(0.704146 0 0)
(0.704119 0 0)
(0.704092 0 0)
(0.704066 0 0)
(0.704039 0 0)
(0.704012 0 0)
(0.703985 0 0)
(0.703958 0 0)
(0.703932 0 0)
(0.703905 0 0)
(0.703878 0 0)
(0.703851 0 0)
(0.703824 0 0)
(0.703797 0 0)
(0.70377 0 0)
(0.703743 0 0)
(0.703716 0 0)
(0.703688 0 0)
(0.703661 0 0)
(0.703634 0 0)
(0.703607 0 0)
(0.70358 0 0)
(0.703552 0 0)
(0.703525 0 0)
(0.703498 0 0)
(0.70347 0 0)
(0.703443 0 0)
(0.703416 0 0)
(0.703388 0 0)
(0.703361 0 0)
(0.703333 0 0)
(0.703306 0 0)
(0.703278 0 0)
(0.703251 0 0)
(0.703223 0 0)
(0.703195 0 0)
(0.703168 0 0)
(0.70314 0 0)
(0.703112 0 0)
(0.703085 0 0)
(0.703057 0 0)
(0.703029 0 0)
(0.703001 0 0)
(0.702974 0 0)
(0.702946 0 0)
(0.702918 0 0)
(0.70289 0 0)
(0.702862 0 0)
(0.702834 0 0)
(0.702806 0 0)
(0.702778 0 0)
(0.70275 0 0)
(0.702722 0 0)
(0.702694 0 0)
(0.702666 0 0)
(0.702638 0 0)
(0.70261 0 0)
(0.702582 0 0)
(0.702554 0 0)
(0.702526 0 0)
(0.702497 0 0)
(0.702469 0 0)
(0.702441 0 0)
(0.702413 0 0)
(0.702384 0 0)
(0.702356 0 0)
(0.702328 0 0)
(0.702299 0 0)
(0.702271 0 0)
(0.702242 0 0)
(0.702214 0 0)
(0.702186 0 0)
(0.702157 0 0)
(0.702129 0 0)
(0.7021 0 0)
(0.702072 0 0)
(0.702043 0 0)
(0.702014 0 0)
(0.701986 0 0)
(0.701957 0 0)
(0.701929 0 0)
(0.7019 0 0)
(0.701871 0 0)
(0.701843 0 0)
(0.701814 0 0)
(0.701785 0 0)
(0.701756 0 0)
(0.701727 0 0)
(0.701699 0 0)
(0.70167 0 0)
(0.701641 0 0)
(0.701612 0 0)
(0.701583 0 0)
(0.701554 0 0)
(0.701525 0 0)
(0.701496 0 0)
(0.701467 0 0)
(0.701438 0 0)
(0.701409 0 0)
(0.70138 0 0)
(0.701351 0 0)
(0.701322 0 0)
(0.701293 0 0)
(0.701264 0 0)
(0.701235 0 0)
(0.701206 0 0)
(0.701177 0 0)
(0.701147 0 0)
(0.701118 0 0)
(0.701089 0 0)
(0.70106 0 0)
(0.701031 0 0)
(0.701001 0 0)
(0.700972 0 0)
(0.700943 0 0)
(0.700913 0 0)
(0.700884 0 0)
(0.700855 0 0)
(0.700825 0 0)
(0.700796 0 0)
(0.700766 0 0)
(0.700737 0 0)
(0.700707 0 0)
(0.700678 0 0)
(0.700648 0 0)
(0.700619 0 0)
(0.700589 0 0)
(0.70056 0 0)
(0.70053 0 0)
(0.700501 0 0)
(0.700471 0 0)
(0.700441 0 0)
(0.700412 0 0)
(0.700382 0 0)
(0.700352 0 0)
(0.700323 0 0)
(0.700293 0 0)
(0.700263 0 0)
(0.700233 0 0)
(0.700204 0 0)
(0.700174 0 0)
(0.700144 0 0)
(0.700114 0 0)
(0.700084 0 0)
(0.700055 0 0)
(0.700025 0 0)
(0.699995 0 0)
(0.699965 0 0)
(0.699935 0 0)
(0.699905 0 0)
(0.699875 0 0)
(0.699845 0 0)
(0.699815 0 0)
(0.699785 0 0)
(0.699755 0 0)
(0.699725 0 0)
(0.699695 0 0)
(0.699665 0 0)
(0.699635 0 0)
(0.699605 0 0)
(0.699574 0 0)
(0.699544 0 0)
(0.699514 0 0)
(0.699484 0 0)
(0.699454 0 0)
(0.699424 0 0)
(0.699393 0 0)
(0.699363 0 0)
(0.699333 0 0)
(0.699303 0 0)
(0.699272 0 0)
(0.699242 0 0)
(0.699212 0 0)
(0.699181 0 0)
(0.699151 0 0)
(0.699121 0 0)
(0.69909 0 0)
(0.69906 0 0)
(0.699029 0 0)
(0.698999 0 0)
(0.698969 0 0)
(0.698938 0 0)
(0.698908 0 0)
(0.698877 0 0)
(0.698847 0 0)
(0.698816 0 0)
(0.698785 0 0)
(0.698755 0 0)
(0.698724 0 0)
(0.698694 0 0)
(0.698663 0 0)
(0.698633 0 0)
(0.698602 0 0)
(0.698571 0 0)
(0.698541 0 0)
(0.69851 0 0)
(0.698479 0 0)
(0.698449 0 0)
(0.698418 0 0)
(0.698387 0 0)
(0.698356 0 0)
(0.698326 0 0)
(0.698295 0 0)
(0.698264 0 0)
(0.698233 0 0)
(0.698202 0 0)
(0.698171 0 0)
(0.698141 0 0)
(0.69811 0 0)
(0.698079 0 0)
(0.698048 0 0)
(0.698017 0 0)
(0.697986 0 0)
(0.697955 0 0)
(0.697924 0 0)
(0.697893 0 0)
(0.697862 0 0)
(0.697831 0 0)
(0.6978 0 0)
(0.697769 0 0)
(0.697738 0 0)
(0.697707 0 0)
(0.697676 0 0)
(0.697645 0 0)
(0.697614 0 0)
(0.697583 0 0)
(0.697551 0 0)
(0.69752 0 0)
(0.697489 0 0)
(0.697458 0 0)
(0.697427 0 0)
(0.697396 0 0)
(0.697364 0 0)
(0.697333 0 0)
(0.697302 0 0)
(0.697271 0 0)
(0.697239 0 0)
(0.697208 0 0)
(0.697177 0 0)
(0.697145 0 0)
(0.697114 0 0)
(0.697083 0 0)
(0.697051 0 0)
(0.69702 0 0)
(0.696988 0 0)
(0.696957 0 0)
(0.696926 0 0)
(0.696894 0 0)
(0.696863 0 0)
(0.696831 0 0)
(0.6968 0 0)
(0.696768 0 0)
(0.696737 0 0)
(0.696705 0 0)
(0.696674 0 0)
(0.696642 0 0)
(0.696611 0 0)
(0.696579 0 0)
(0.696547 0 0)
(0.696516 0 0)
(0.696484 0 0)
(0.696453 0 0)
(0.696421 0 0)
(0.696389 0 0)
(0.696358 0 0)
(0.696326 0 0)
(0.696294 0 0)
(0.696262 0 0)
(0.696231 0 0)
(0.696199 0 0)
(0.696167 0 0)
(0.696135 0 0)
(0.696104 0 0)
(0.696072 0 0)
(0.69604 0 0)
(0.696008 0 0)
(0.695976 0 0)
(0.695944 0 0)
(0.695913 0 0)
(0.695881 0 0)
(0.695849 0 0)
(0.695817 0 0)
(0.695785 0 0)
(0.695753 0 0)
(0.695721 0 0)
(0.695689 0 0)
(0.695657 0 0)
(0.695625 0 0)
(0.695593 0 0)
(0.695561 0 0)
(0.695529 0 0)
(0.695497 0 0)
(0.695465 0 0)
(0.695433 0 0)
(0.695401 0 0)
(0.695368 0 0)
(0.695336 0 0)
(0.695304 0 0)
(0.695272 0 0)
(0.69524 0 0)
(0.695208 0 0)
(0.695175 0 0)
(0.695143 0 0)
(0.695111 0 0)
(0.695079 0 0)
(0.695046 0 0)
(0.695014 0 0)
(0.694982 0 0)
(0.694949 0 0)
(0.694917 0 0)
(0.694885 0 0)
(0.694852 0 0)
(0.69482 0 0)
(0.694788 0 0)
(0.694755 0 0)
(0.694723 0 0)
(0.69469 0 0)
(0.694658 0 0)
(0.694625 0 0)
(0.694593 0 0)
(0.69456 0 0)
(0.694528 0 0)
(0.694495 0 0)
(0.694463 0 0)
(0.69443 0 0)
(0.694398 0 0)
(0.694365 0 0)
(0.694332 0 0)
(0.6943 0 0)
(0.694267 0 0)
(0.694234 0 0)
(0.694202 0 0)
(0.694169 0 0)
(0.694136 0 0)
(0.694103 0 0)
(0.694071 0 0)
(0.694038 0 0)
(0.694005 0 0)
(0.693972 0 0)
(0.693939 0 0)
(0.693906 0 0)
(0.693874 0 0)
(0.693841 0 0)
(0.693808 0 0)
(0.693775 0 0)
(0.693742 0 0)
(0.693709 0 0)
(0.693676 0 0)
(0.693643 0 0)
(0.69361 0 0)
(0.693577 0 0)
(0.693544 0 0)
(0.69351 0 0)
(0.693477 0 0)
(0.693444 0 0)
(0.693411 0 0)
(0.693378 0 0)
(0.693345 0 0)
(0.693311 0 0)
(0.693278 0 0)
(0.693245 0 0)
(0.693211 0 0)
(0.693178 0 0)
(0.693145 0 0)
(0.693111 0 0)
(0.693078 0 0)
(0.693044 0 0)
(0.693011 0 0)
(0.692977 0 0)
(0.692944 0 0)
(0.69291 0 0)
(0.692877 0 0)
(0.692843 0 0)
(0.692809 0 0)
(0.692776 0 0)
(0.692742 0 0)
(0.692708 0 0)
(0.692675 0 0)
(0.692641 0 0)
(0.692607 0 0)
(0.692573 0 0)
(0.692539 0 0)
(0.692505 0 0)
(0.692471 0 0)
(0.692437 0 0)
(0.692403 0 0)
(0.692369 0 0)
(0.692335 0 0)
(0.692301 0 0)
(0.692266 0 0)
(0.692232 0 0)
(0.692198 0 0)
(0.692163 0 0)
(0.692129 0 0)
(0.692094 0 0)
(0.69206 0 0)
(0.692025 0 0)
(0.691991 0 0)
(0.691956 0 0)
(0.691921 0 0)
(0.691886 0 0)
(0.691852 0 0)
(0.691817 0 0)
(0.691782 0 0)
(0.691747 0 0)
(0.691711 0 0)
(0.691676 0 0)
(0.691641 0 0)
(0.691606 0 0)
(0.69157 0 0)
(0.691535 0 0)
(0.691499 0 0)
(0.691463 0 0)
(0.691427 0 0)
(0.691391 0 0)
(0.691355 0 0)
(0.691319 0 0)
(0.691283 0 0)
(0.691247 0 0)
(0.69121 0 0)
(0.691174 0 0)
(0.691137 0 0)
(0.6911 0 0)
(0.691063 0 0)
(0.691026 0 0)
(0.690988 0 0)
(0.690951 0 0)
(0.690913 0 0)
(0.690875 0 0)
(0.690837 0 0)
(0.690799 0 0)
(0.69076 0 0)
(0.690722 0 0)
(0.690683 0 0)
(0.690643 0 0)
(0.690604 0 0)
(0.690564 0 0)
(0.690524 0 0)
(0.690484 0 0)
(0.690443 0 0)
(0.690402 0 0)
(0.69036 0 0)
(0.690318 0 0)
(0.690275 0 0)
(0.690233 0 0)
(0.690189 0 0)
(0.690145 0 0)
(0.6901 0 0)
(0.690055 0 0)
(0.690009 0 0)
(0.689962 0 0)
(0.689915 0 0)
(0.689866 0 0)
(0.689816 0 0)
(0.689766 0 0)
(0.689714 0 0)
(0.689661 0 0)
(0.689607 0 0)
(0.689551 0 0)
(0.689493 0 0)
(0.689433 0 0)
(0.689371 0 0)
(0.689307 0 0)
(0.68924 0 0)
(0.68917 0 0)
(0.689097 0 0)
(0.68902 0 0)
(0.688939 0 0)
(0.688852 0 0)
(0.688759 0 0)
(0.68866 0 0)
(0.688553 0 0)
(0.688436 0 0)
(0.688307 0 0)
(0.688165 0 0)
(0.688006 0 0)
(0.687827 0 0)
(0.687621 0 0)
(0.687381 0 0)
(0.687096 0 0)
(0.686752 0 0)
(0.686324 0 0)
(0.685775 0 0)
(0.685039 0 0)
(0.684 0 0)
(0.682414 0 0)
(0.679711 0 0)
(0.674274 0 0)
(0.551828 0 0)
(0.456307 0 0)
(0.537735 0 0)
(0.621791 0 0)
(0.651859 0 0)
(0.65411 0 0)
(0.648467 0 0)
(0.640284 0 0)
(0.630774 0 0)
(0.620659 0 0)
(0.610832 0 0)
(0.602382 0 0)
(0.596453 0 0)
(0.593947 0 0)
(0.59515 0 0)
(0.599443 0 0)
(0.605392 0 0)
(0.611255 0 0)
(0.615633 0 0)
(0.617855 0 0)
(0.617969 0 0)
(0.616481 0 0)
(0.614079 0 0)
(0.611433 0 0)
(0.609099 0 0)
(0.607456 0 0)
(0.606688 0 0)
(0.606781 0 0)
(0.607555 0 0)
(0.608718 0 0)
(0.60995 0 0)
(0.61098 0 0)
(0.611635 0 0)
(0.61186 0 0)
(0.611701 0 0)
(0.611271 0 0)
(0.610714 0 0)
(0.610167 0 0)
(0.609738 0 0)
(0.609487 0 0)
(0.609428 0 0)
(0.609533 0 0)
(0.609746 0 0)
(0.609999 0 0)
(0.610231 0 0)
(0.610396 0 0)
(0.610471 0 0)
(0.610458 0 0)
(0.610375 0 0)
(0.61025 0 0)
(0.610115 0 0)
(0.609997 0 0)
(0.609915 0 0)
(0.609876 0 0)
(0.609878 0 0)
(0.609913 0 0)
(0.609968 0 0)
(0.610027 0 0)
(0.610079 0 0)
(0.610118 0 0)
(0.61014 0 0)
(0.610147 0 0)
(0.610143 0 0)
(0.610135 0 0)
(0.610127 0 0)
(0.610124 0 0)
(0.610128 0 0)
(0.610138 0 0)
(0.610154 0 0)
(0.610173 0 0)
(0.610191 0 0)
(0.610207 0 0)
(0.610218 0 0)
(0.610224 0 0)
(0.610225 0 0)
(0.610224 0 0)
(0.61022 0 0)
(0.610215 0 0)
(0.610211 0 0)
(0.610208 0 0)
(0.610208 0 0)
(0.610208 0 0)
(0.61021 0 0)
(0.610213 0 0)
(0.610215 0 0)
(0.610217 0 0)
(0.610218 0 0)
(0.610218 0 0)
(0.610217 0 0)
(0.610216 0 0)
(0.610215 0 0)
(0.610214 0 0)
(0.610213 0 0)
(0.610213 0 0)
(0.610213 0 0)
(0.610213 0 0)
(0.610213 0 0)
(0.610213 0 0)
(0.610214 0 0)
(0.610214 0 0)
(0.610214 0 0)
(0.610214 0 0)
(0.610213 0 0)
(0.610213 0 0)
(0.610213 0 0)
(0.610212 0 0)
(0.610212 0 0)
(0.610212 0 0)
(0.610212 0 0)
(0.610211 0 0)
(0.610211 0 0)
(0.610211 0 0)
(0.610211 0 0)
(0.610211 0 0)
(0.61021 0 0)
(0.61021 0 0)
(0.610209 0 0)
(0.610209 0 0)
(0.610208 0 0)
(0.610208 0 0)
(0.610207 0 0)
(0.610206 0 0)
(0.610205 0 0)
(0.610204 0 0)
(0.610203 0 0)
(0.610202 0 0)
(0.6102 0 0)
(0.610198 0 0)
(0.610196 0 0)
(0.610194 0 0)
(0.610192 0 0)
(0.610189 0 0)
(0.610186 0 0)
(0.610183 0 0)
(0.610179 0 0)
(0.610175 0 0)
(0.610171 0 0)
(0.610166 0 0)
(0.610162 0 0)
(0.610157 0 0)
(0.610152 0 0)
(0.610147 0 0)
(0.610142 0 0)
(0.610137 0 0)
(0.610132 0 0)
(0.610127 0 0)
(0.610123 0 0)
(0.610119 0 0)
(0.610115 0 0)
(0.610112 0 0)
(0.61011 0 0)
(0.610108 0 0)
(0.610107 0 0)
(0.610106 0 0)
(0.610107 0 0)
(0.610107 0 0)
(0.610109 0 0)
(0.610111 0 0)
(0.610114 0 0)
(0.610117 0 0)
(0.610121 0 0)
(0.610125 0 0)
(0.61013 0 0)
(0.610135 0 0)
(0.61014 0 0)
(0.610145 0 0)
(0.610151 0 0)
(0.610156 0 0)
(0.610161 0 0)
(0.610166 0 0)
(0.610171 0 0)
(0.610175 0 0)
(0.61018 0 0)
(0.610184 0 0)
(0.610187 0 0)
(0.610191 0 0)
(0.610194 0 0)
(0.610197 0 0)
(0.610199 0 0)
(0.610202 0 0)
(0.610203 0 0)
(0.610205 0 0)
(0.610207 0 0)
(0.610208 0 0)
(0.610209 0 0)
(0.61021 0 0)
(0.61021 0 0)
(0.610211 0 0)
(0.610211 0 0)
(0.610211 0 0)
(0.610212 0 0)
(0.610212 0 0)
(0.610212 0 0)
(0.610212 0 0)
(0.610211 0 0)
(0.610211 0 0)
(0.610211 0 0)
(0.61021 0 0)
(0.61021 0 0)
(0.61021 0 0)
(0.610209 0 0)
(0.610208 0 0)
(0.610208 0 0)
(0.610207 0 0)
(0.610206 0 0)
(0.610205 0 0)
(0.610204 0 0)
(0.610202 0 0)
(0.610201 0 0)
(0.610199 0 0)
(0.610198 0 0)
(0.610196 0 0)
(0.610194 0 0)
(0.610192 0 0)
(0.61019 0 0)
(0.610187 0 0)
(0.610185 0 0)
(0.610182 0 0)
(0.610179 0 0)
(0.610176 0 0)
(0.610173 0 0)
(0.61017 0 0)
(0.610167 0 0)
(0.610164 0 0)
(0.610161 0 0)
(0.610157 0 0)
)
;

boundaryField
{
    inlet
    {
        type            fractionalVelocity;
        U               1((1 0 0));
        fractionalFlow  Fa;
        value           uniform (0.709421 0 0);
    }
    outlet
    {
        type            zeroGradient;
    }
    emptyWalls
    {
        type            empty;
    }
}


// ************************************************************************* //
