/*--------------------------------*- C++ -*----------------------------------*\
  =========                 |
  \\      /  F ield         | OpenFOAM: The Open Source CFD Toolbox
   \\    /   O peration     | Website:  https://openfoam.org
    \\  /    A nd           | Version:  9
     \\/     M anipulation  |
\*---------------------------------------------------------------------------*/
FoamFile
{
    format      ascii;
    class       volScalarField;
    location    "5.2";
    object      Fcsw;
}
// * * * * * * * * * * * * * * * * * * * * * * * * * * * * * * * * * * * * * //

dimensions      [0 0 0 0 0 0 0];

internalField   nonuniform List<scalar> 
1000
(
0.000100571
0.000160571
0.000214919
0.000266096
0.000314993
0.00036206
0.000407562
0.000451679
0.000494539
0.000536243
0.000576871
0.00061649
0.000655156
0.000692919
0.000729823
0.000765907
0.000801207
0.000835756
0.000869585
0.00090272
0.000935188
0.000967014
0.00099822
0.00102883
0.00105886
0.00108833
0.00111726
0.00114567
0.00117357
0.00120098
0.00122792
0.00125439
0.00128041
0.001306
0.00133117
0.00135593
0.00138029
0.00140426
0.00142786
0.00145109
0.00147396
0.00149648
0.00151867
0.00154052
0.00156206
0.00158328
0.0016042
0.00162483
0.00164516
0.00166521
0.00168498
0.00170449
0.00172373
0.00174271
0.00176145
0.00177994
0.00179819
0.00181621
0.001834
0.00185157
0.00186892
0.00188606
0.00190299
0.00191971
0.00193624
0.00195257
0.00196871
0.00198467
0.00200044
0.00201603
0.00203145
0.0020467
0.00206178
0.00207669
0.00209145
0.00210604
0.00212048
0.00213477
0.00214891
0.00216291
0.00217676
0.00219047
0.00220405
0.00221749
0.0022308
0.00224398
0.00225703
0.00226996
0.00228276
0.00229545
0.00230802
0.00232047
0.00233281
0.00234504
0.00235715
0.00236917
0.00238107
0.00239287
0.00240457
0.00241618
0.00242768
0.00243908
0.0024504
0.00246162
0.00247274
0.00248378
0.00249473
0.00250559
0.00251637
0.00252706
0.00253768
0.00254821
0.00255866
0.00256903
0.00257933
0.00258955
0.00259969
0.00260977
0.00261977
0.0026297
0.00263956
0.00264935
0.00265907
0.00266873
0.00267833
0.00268786
0.00269732
0.00270673
0.00271607
0.00272535
0.00273458
0.00274374
0.00275285
0.0027619
0.0027709
0.00277984
0.00278873
0.00279757
0.00280635
0.00281508
0.00282376
0.0028324
0.00284098
0.00284951
0.002858
0.00286644
0.00287484
0.00288319
0.0028915
0.00289976
0.00290798
0.00291615
0.00292429
0.00293238
0.00294044
0.00294845
0.00295643
0.00296436
0.00297226
0.00298012
0.00298794
0.00299573
0.00300348
0.0030112
0.00301888
0.00302653
0.00303414
0.00304172
0.00304927
0.00305679
0.00306427
0.00307173
0.00307915
0.00308654
0.00309391
0.00310124
0.00310855
0.00311583
0.00312308
0.0031303
0.0031375
0.00314467
0.00315181
0.00315893
0.00316602
0.00317309
0.00318014
0.00318716
0.00319415
0.00320113
0.00320808
0.00321501
0.00322192
0.0032288
0.00323567
0.00324251
0.00324934
0.00325614
0.00326292
0.00326969
0.00327643
0.00328316
0.00328987
0.00329656
0.00330324
0.00330989
0.00331653
0.00332316
0.00332976
0.00333635
0.00334293
0.00334949
0.00335604
0.00336257
0.00336908
0.00337559
0.00338208
0.00338855
0.00339502
0.00340147
0.00340791
0.00341434
0.00342075
0.00342716
0.00343355
0.00343993
0.0034463
0.00345267
0.00345902
0.00346536
0.00347169
0.00347802
0.00348434
0.00349064
0.00349695
0.00350324
0.00350952
0.0035158
0.00352208
0.00352834
0.0035346
0.00354086
0.00354711
0.00355335
0.00355959
0.00356583
0.00357206
0.00357829
0.00358451
0.00359073
0.00359695
0.00360317
0.00360939
0.0036156
0.00362181
0.00362803
0.00363424
0.00364045
0.00364666
0.00365288
0.00365909
0.00366531
0.00367152
0.00367774
0.00368397
0.00369019
0.00369642
0.00370266
0.0037089
0.00371514
0.00372139
0.00372765
0.00373391
0.00374018
0.00374646
0.00375275
0.00375904
0.00376535
0.00377166
0.00377798
0.00378432
0.00379067
0.00379703
0.0038034
0.00380979
0.00381619
0.00382261
0.00382904
0.00383549
0.00384196
0.00384845
0.00385496
0.00386148
0.00386803
0.0038746
0.0038812
0.00388782
0.00389446
0.00390113
0.00390783
0.00391456
0.00392132
0.00392811
0.00393493
0.00394179
0.00394868
0.00395562
0.00396259
0.0039696
0.00397666
0.00398376
0.0039909
0.0039981
0.00400535
0.00401265
0.00402
0.00402742
0.0040349
0.00404244
0.00405004
0.00405772
0.00406547
0.00407329
0.0040812
0.00408919
0.00409727
0.00410544
0.0041137
0.00412207
0.00413055
0.00413913
0.00414784
0.00415666
0.00416562
0.00417472
0.00418395
0.00419334
0.00420289
0.00421261
0.0042225
0.00423258
0.00424286
0.00425334
0.00426405
0.00427499
0.00428618
0.00429763
0.00430936
0.00432139
0.00433372
0.0043464
0.00435942
0.00437282
0.00438663
0.00440086
0.00441555
0.00443073
0.00444643
0.00446269
0.00447955
0.00449705
0.00451525
0.00453418
0.00455391
0.00457451
0.00459603
0.00461856
0.00464217
0.00466695
0.00469301
0.00472045
0.0047494
0.00477999
0.00481236
0.0048467
0.00488317
0.00492199
0.0049634
0.00500765
0.00505504
0.0051059
0.0051606
0.00521958
0.00528332
0.00535238
0.00542739
0.0055091
0.00559834
0.00569609
0.00580352
0.00592194
0.00605294
0.00619837
0.00636044
0.0065418
0.0067456
0.00697569
0.00723675
0.00753454
0.0078762
0.00827065
0.00872919
0.00926626
0.00990057
0.0106567
0.0115673
0.012677
0.0140471
0.0157648
0.0179566
0.0208117
0.0246237
0.0298676
0.0373518
0.0485439
0.0663361
0.0970696
0.156913
0.29826
0.764656
1.81789
-1.50258
-0.0737118
1.01486
0.620194
0.152918
-0.0391784
-0.0980487
-0.117426
-0.124543
-0.121849
-0.106786
-0.0780746
-0.0379046
0.00700517
0.0462102
0.0693855
0.0716312
0.0559729
0.0308219
0.00507035
-0.0152221
-0.0274101
-0.0313506
-0.0283402
-0.0204218
-0.00999478
0.000495642
0.00892652
0.0138902
0.0149548
0.0126486
0.00816344
0.00292016
-0.00182413
-0.0052143
-0.00686901
-0.00683343
-0.00546821
-0.0033146
-0.000958842
0.00108743
0.00247461
0.00305727
0.0028862
0.0021589
0.001147
0.000122663
-0.000698604
-0.0011899
-0.00131923
-0.00113526
-0.000740348
-0.000258662
0.000193408
0.000529411
0.000704539
0.00071644
0.00059704
0.000398883
0.000179988
-9.23904e-06
-0.000134743
-0.000182348
-0.00015649
-7.54505e-05
3.51879e-05
0.00014919
0.000245042
0.000309236
0.000337225
0.000332335
0.000303302
0.000261223
0.000216699
0.000177727
0.000148613
0.000129927
0.000119276
0.000112565
0.000105364
9.40831e-05
7.67248e-05
5.31466e-05
2.48679e-05
-5.4513e-06
-3.46913e-05
-5.9941e-05
-7.90205e-05
-9.07782e-05
-9.51448e-05
-9.29779e-05
-8.57661e-05
-7.52756e-05
-6.32172e-05
-5.09913e-05
-3.95433e-05
-2.93319e-05
-2.03919e-05
-1.24578e-05
-5.11096e-06
2.08385e-06
9.47619e-06
1.7274e-05
2.55331e-05
3.41827e-05
4.30715e-05
5.20196e-05
6.08623e-05
6.94766e-05
7.77901e-05
8.57713e-05
9.3409e-05
0.000100688
0.000107566
0.00011396
0.000119742
0.000124746
0.000128784
0.000131667
0.000133225
0.000133328
0.000131902
0.000128936
0.000124484
0.000118661
0.000111634
0.000103611
9.48319e-05
8.55522e-05
7.60347e-05
6.65387e-05
5.73122e-05
4.85847e-05
4.05614e-05
3.34183e-05
2.72983e-05
2.2309e-05
1.85208e-05
1.59675e-05
1.46477e-05
1.45278e-05
1.55466e-05
1.76205e-05
2.06494e-05
2.45223e-05
2.91233e-05
3.4336e-05
4.0047e-05
4.61488e-05
5.25411e-05
5.91307e-05
6.58313e-05
7.25619e-05
7.92459e-05
8.58092e-05
9.21787e-05
9.82813e-05
0.000104044
0.000109392
0.000114252
0.00011855
0.000122216
0.000125183
0.000127391
0.000128786
0.00012933
0.000128992
0.000127759
0.000125635
0.00012264
0.000118813
0.00011421
0.000108906
0.000102991
9.65703e-05
8.97591e-05
8.2683e-05
7.54725e-05
6.82599e-05
6.11764e-05
5.43478e-05
4.78919e-05
4.19152e-05
3.65108e-05
3.17563e-05
2.77126e-05
2.44231e-05
2.19135e-05
2.01928e-05
1.92534e-05
1.90734e-05
1.96179e-05
2.0841e-05
2.26886e-05
2.51e-05
2.80103e-05
3.1353e-05
3.50613e-05
3.90699e-05
4.3317e-05
4.77442e-05
5.22983e-05
5.69312e-05
6.15998e-05
6.62665e-05
7.08979e-05
7.5465e-05
7.99422e-05
8.43063e-05
8.85361e-05
9.26114e-05
9.6512e-05
0.000100218
0.000103708
0.00010696
0.000109951
0.000112657
0.000115052
0.00011711
0.000118806
0.000120115
0.000121012
0.000121478
0.000121494
0.000121046
0.000120126
0.000118731
0.000116863
0.000114533
0.000111758
0.000108563
0.000104978
0.000101044
9.68039e-05
9.23096e-05
8.76165e-05
8.27843e-05
7.78755e-05
7.29539e-05
6.8084e-05
6.3329e-05
5.875e-05
5.44047e-05
5.03461e-05
4.6622e-05
4.32735e-05
4.03348e-05
3.78329e-05
3.57866e-05
3.42072e-05
3.30982e-05
3.24557e-05
3.22687e-05
3.25199e-05
3.31862e-05
3.42398e-05
3.56485e-05
3.73773e-05
3.93889e-05
4.16445e-05
4.4105e-05
4.67315e-05
4.94864e-05
5.23334e-05
5.52388e-05
5.81715e-05
6.11035e-05
6.40098e-05
6.68694e-05
6.96643e-05
7.23803e-05
7.50064e-05
7.75349e-05
7.99611e-05
8.2283e-05
8.4501e-05
8.66177e-05
8.86375e-05
9.05659e-05
9.241e-05
9.41773e-05
9.58758e-05
9.75138e-05
9.9099e-05
0.000100639
0.000102141
0.000103611
0.000105053
0.000106471
0.000107868
0.000109243
0.000110597
0.000111927
0.000113229
0.000114497
0.000115725
0.000116903
0.000118022
0.000119072
0.000120039
0.000120913
0.000121679
0.000122325
0.000122838
0.000123203
0.000123411
0.000123448
0.000123305
0.000122974
0.000122447
0.000121719
0.000120788
0.000119654
0.000118318
0.000116784
0.00011506
0.000113155
0.000111081
0.000108852
0.000106485
0.000103998
0.00010141
9.87432e-05
9.60198e-05
9.3263e-05
9.04963e-05
8.77434e-05
8.50276e-05
8.23719e-05
7.97979e-05
7.73265e-05
7.49768e-05
7.27662e-05
7.07105e-05
6.88231e-05
6.71155e-05
6.5597e-05
6.42744e-05
6.31525e-05
6.22338e-05
6.15189e-05
6.10063e-05
6.06925e-05
6.05726e-05
6.06402e-05
6.08873e-05
6.13051e-05
6.18837e-05
6.26127e-05
6.34809e-05
6.44769e-05
6.55891e-05
6.68058e-05
6.81155e-05
6.95068e-05
7.09685e-05
7.24901e-05
7.40611e-05
7.56718e-05
7.7313e-05
7.89758e-05
8.0652e-05
8.23338e-05
8.40141e-05
8.56862e-05
8.73438e-05
8.8981e-05
9.05927e-05
9.21736e-05
9.37194e-05
9.52258e-05
9.66888e-05
9.8105e-05
9.94711e-05
0.000100784
0.000102041
0.000103238
0.000104364
0.000105385
0.000106162
0.000106124
0.000102912
8.67728e-05
1.73503e-05
-0.00027233
-0.00147325
-0.00644658
-0.0270663
-0.113036
-0.477462
-1.95186
-3.41893
-0.463928
-0.00130199
9.8967e-05
0.000205241
0.000104882
8.11648e-06
-2.44727e-05
-1.65904e-05
-1.71711e-06
5.56531e-06
5.83693e-06
3.83833e-06
2.46599e-06
2.17705e-06
2.40097e-06
2.63179e-06
2.71288e-06
2.69438e-06
2.65577e-06
2.63361e-06
2.62781e-06
2.62747e-06
2.62555e-06
2.62082e-06
2.61457e-06
2.60806e-06
2.60168e-06
2.59535e-06
2.58889e-06
2.58221e-06
2.57531e-06
2.56822e-06
2.56095e-06
2.5535e-06
2.54587e-06
2.53806e-06
2.53006e-06
2.52187e-06
2.51348e-06
2.5049e-06
2.49611e-06
2.48712e-06
2.47792e-06
2.46851e-06
2.45888e-06
2.44904e-06
2.43896e-06
2.42866e-06
2.41812e-06
2.40734e-06
2.39631e-06
2.38503e-06
2.3735e-06
2.3617e-06
2.34963e-06
2.33728e-06
2.32464e-06
2.31171e-06
2.29849e-06
2.28495e-06
2.27109e-06
2.25691e-06
2.24239e-06
2.22752e-06
2.2123e-06
2.1967e-06
2.18072e-06
2.16435e-06
2.14757e-06
2.13036e-06
2.11272e-06
2.09463e-06
2.07607e-06
2.05701e-06
2.03746e-06
2.01737e-06
1.99675e-06
1.97555e-06
1.95376e-06
1.93134e-06
1.90829e-06
1.88456e-06
1.86013e-06
1.83496e-06
1.80902e-06
1.78226e-06
1.75466e-06
1.72616e-06
1.69671e-06
1.66627e-06
1.63478e-06
1.60216e-06
1.56837e-06
1.5333e-06
1.49689e-06
1.45904e-06
1.41964e-06
1.37858e-06
1.33571e-06
1.29089e-06
1.24396e-06
1.19471e-06
1.14292e-06
1.08836e-06
1.03072e-06
9.69705e-07
9.04929e-07
8.35977e-07
7.62375e-07
6.8358e-07
5.98982e-07
5.07887e-07
4.09514e-07
3.02981e-07
1.87304e-07
6.13785e-08
-7.60246e-08
-2.26268e-07
-3.90858e-07
-5.71451e-07
-7.69857e-07
-9.88049e-07
-1.22816e-06
-1.49249e-06
-1.78349e-06
-2.10377e-06
-2.45607e-06
-2.84328e-06
-3.26836e-06
-3.73438e-06
-4.24443e-06
-4.80163e-06
-5.40905e-06
-6.06968e-06
-6.78637e-06
-7.56174e-06
-8.39816e-06
-9.29763e-06
-1.02617e-05
-1.12915e-05
-1.23874e-05
-1.35493e-05
-1.47761e-05
-1.6066e-05
-1.74162e-05
-1.8823e-05
-2.02815e-05
-2.17859e-05
-2.33289e-05
-2.49024e-05
-2.6497e-05
-2.81021e-05
-2.97059e-05
-3.12958e-05
-3.2858e-05
-3.43778e-05
-3.58399e-05
-3.72284e-05
-3.85269e-05
-3.97187e-05
-4.07874e-05
-4.17164e-05
-4.24898e-05
-4.30924e-05
-4.35099e-05
-4.37291e-05
-4.37385e-05
-4.35282e-05
-4.309e-05
-4.24181e-05
-4.1509e-05
-4.03614e-05
-3.89769e-05
-3.73595e-05
-3.55161e-05
-3.34563e-05
-3.11923e-05
-2.87391e-05
-2.6114e-05
-2.33368e-05
-2.04294e-05
-1.74157e-05
-1.43211e-05
-1.11726e-05
-7.99785e-06
-4.82562e-06
-1.68481e-06
)
;

boundaryField
{
    inlet
    {
        type            calculated;
        value           uniform 0.000100571;
    }
    outlet
    {
        type            calculated;
        value           uniform -1.68481e-06;
    }
    emptyWalls
    {
        type            empty;
    }
}


// ************************************************************************* //
