/*--------------------------------*- C++ -*----------------------------------*\
  =========                 |
  \\      /  F ield         | OpenFOAM: The Open Source CFD Toolbox
   \\    /   O peration     | Website:  https://openfoam.org
    \\  /    A nd           | Version:  9
     \\/     M anipulation  |
\*---------------------------------------------------------------------------*/
FoamFile
{
    format      ascii;
    class       volScalarField;
    location    "19.4";
    object      kra;
}
// * * * * * * * * * * * * * * * * * * * * * * * * * * * * * * * * * * * * * //

dimensions      [0 0 0 0 0 0 0];

internalField   nonuniform List<scalar> 
1000
(
0.0147558
0.0147329
0.0147118
0.0146915
0.0146717
0.0146522
0.014633
0.0146141
0.0145953
0.0145767
0.0145583
0.01454
0.0145218
0.0145038
0.0144859
0.014468
0.0144503
0.0144327
0.0144152
0.0143978
0.0143805
0.0143632
0.0143461
0.014329
0.014312
0.0142951
0.0142783
0.0142616
0.0142449
0.0142283
0.0142118
0.0141954
0.014179
0.0141627
0.0141465
0.0141304
0.0141143
0.0140983
0.0140823
0.0140665
0.0140506
0.0140349
0.0140192
0.0140036
0.0139881
0.0139726
0.0139571
0.0139418
0.0139265
0.0139112
0.0138961
0.0138809
0.0138659
0.0138509
0.0138359
0.013821
0.0138062
0.0137914
0.0137767
0.0137621
0.0137475
0.0137329
0.0137184
0.013704
0.0136896
0.0136752
0.013661
0.0136467
0.0136326
0.0136184
0.0136044
0.0135903
0.0135764
0.0135624
0.0135486
0.0135347
0.013521
0.0135072
0.0134936
0.0134799
0.0134664
0.0134528
0.0134393
0.0134259
0.0134125
0.0133992
0.0133859
0.0133726
0.0133594
0.0133462
0.0133331
0.01332
0.013307
0.013294
0.0132811
0.0132682
0.0132553
0.0132425
0.0132297
0.013217
0.0132043
0.0131916
0.013179
0.0131665
0.0131539
0.0131415
0.013129
0.0131166
0.0131042
0.0130919
0.0130796
0.0130674
0.0130552
0.013043
0.0130309
0.0130188
0.0130067
0.0129947
0.0129827
0.0129708
0.0129589
0.012947
0.0129352
0.0129234
0.0129117
0.0128999
0.0128882
0.0128766
0.012865
0.0128534
0.0128419
0.0128303
0.0128189
0.0128074
0.012796
0.0127846
0.0127733
0.012762
0.0127507
0.0127395
0.0127283
0.0127171
0.012706
0.0126949
0.0126838
0.0126728
0.0126617
0.0126508
0.0126398
0.0126289
0.012618
0.0126072
0.0125963
0.0125856
0.0125748
0.0125641
0.0125534
0.0125427
0.0125321
0.0125214
0.0125109
0.0125003
0.0124898
0.0124793
0.0124688
0.0124584
0.012448
0.0124376
0.0124273
0.012417
0.0124067
0.0123964
0.0123862
0.012376
0.0123658
0.0123556
0.0123455
0.0123354
0.0123254
0.0123153
0.0123053
0.0122953
0.0122854
0.0122754
0.0122655
0.0122556
0.0122458
0.0122359
0.0122261
0.0122164
0.0122066
0.0121969
0.0121872
0.0121775
0.0121678
0.0121582
0.0121486
0.012139
0.0121295
0.0121199
0.0121104
0.012101
0.0120915
0.0120821
0.0120727
0.0120633
0.0120539
0.0120446
0.0120353
0.012026
0.0120167
0.0120075
0.0119983
0.0119891
0.0119799
0.0119707
0.0119616
0.0119525
0.0119434
0.0119343
0.0119253
0.0119163
0.0119073
0.0118983
0.0118894
0.0118804
0.0118715
0.0118626
0.0118538
0.0118449
0.0118361
0.0118273
0.0118185
0.0118098
0.011801
0.0117923
0.0117836
0.0117749
0.0117663
0.0117577
0.011749
0.0117404
0.0117319
0.0117233
0.0117148
0.0117063
0.0116978
0.0116893
0.0116808
0.0116724
0.011664
0.0116556
0.0116472
0.0116389
0.0116305
0.0116222
0.0116139
0.0116056
0.0115974
0.0115891
0.0115809
0.0115727
0.0115645
0.0115563
0.0115482
0.01154
0.0115319
0.0115238
0.0115158
0.0115077
0.0114996
0.0114916
0.0114836
0.0114756
0.0114677
0.0114597
0.0114518
0.0114438
0.0114359
0.0114281
0.0114202
0.0114123
0.0114045
0.0113967
0.0113889
0.0113811
0.0113734
0.0113656
0.0113579
0.0113502
0.0113425
0.0113348
0.0113271
0.0113195
0.0113118
0.0113042
0.0112966
0.011289
0.0112815
0.0112739
0.0112664
0.0112589
0.0112514
0.0112439
0.0112364
0.0112289
0.0112215
0.0112141
0.0112067
0.0111993
0.0111919
0.0111845
0.0111772
0.0111698
0.0111625
0.0111552
0.0111479
0.0111406
0.0111334
0.0111261
0.0111189
0.0111117
0.0111045
0.0110973
0.0110901
0.011083
0.0110758
0.0110687
0.0110616
0.0110545
0.0110474
0.0110403
0.0110333
0.0110262
0.0110192
0.0110122
0.0110052
0.0109982
0.0109912
0.0109843
0.0109773
0.0109704
0.0109635
0.0109566
0.0109497
0.0109428
0.010936
0.0109291
0.0109223
0.0109154
0.0109086
0.0109018
0.010895
0.0108883
0.0108815
0.0108748
0.010868
0.0108613
0.0108546
0.0108479
0.0108412
0.0108346
0.0108279
0.0108213
0.0108146
0.010808
0.0108014
0.0107948
0.0107883
0.0107817
0.0107751
0.0107686
0.0107621
0.0107555
0.010749
0.0107425
0.0107361
0.0107296
0.0107231
0.0107167
0.0107102
0.0107038
0.0106974
0.010691
0.0106846
0.0106783
0.0106719
0.0106655
0.0106592
0.0106529
0.0106466
0.0106403
0.010634
0.0106277
0.0106214
0.0106151
0.0106089
0.0106027
0.0105964
0.0105902
0.010584
0.0105778
0.0105716
0.0105655
0.0105593
0.0105532
0.010547
0.0105409
0.0105348
0.0105287
0.0105226
0.0105165
0.0105104
0.0105044
0.0104983
0.0104923
0.0104863
0.0104802
0.0104742
0.0104682
0.0104622
0.0104563
0.0104503
0.0104443
0.0104384
0.0104325
0.0104265
0.0104206
0.0104147
0.0104088
0.0104029
0.0103971
0.0103912
0.0103854
0.0103795
0.0103737
0.0103679
0.010362
0.0103562
0.0103504
0.0103447
0.0103389
0.0103331
0.0103274
0.0103216
0.0103159
0.0103102
0.0103044
0.0102987
0.010293
0.0102873
0.0102817
0.010276
0.0102703
0.0102647
0.010259
0.0102534
0.0102478
0.0102422
0.0102366
0.010231
0.0102254
0.0102198
0.0102143
0.0102087
0.0102032
0.0101976
0.0101921
0.0101866
0.0101811
0.0101756
0.0101701
0.0101646
0.0101591
0.0101536
0.0101482
0.0101427
0.0101373
0.0101319
0.0101264
0.010121
0.0101156
0.0101102
0.0101048
0.0100994
0.0100941
0.0100887
0.0100834
0.010078
0.0100727
0.0100673
0.010062
0.0100567
0.0100514
0.0100461
0.0100408
0.0100356
0.0100303
0.010025
0.0100198
0.0100145
0.0100093
0.0100041
0.00999884
0.00999363
0.00998843
0.00998323
0.00997804
0.00997286
0.00996769
0.00996253
0.00995737
0.00995222
0.00994708
0.00994195
0.00993683
0.00993171
0.0099266
0.0099215
0.00991641
0.00991132
0.00990625
0.00990118
0.00989612
0.00989106
0.00988602
0.00988098
0.00987595
0.00987092
0.00986591
0.0098609
0.0098559
0.0098509
0.00984592
0.00984094
0.00983597
0.00983101
0.00982605
0.0098211
0.00981616
0.00981123
0.0098063
0.00980138
0.00979647
0.00979157
0.00978667
0.00978178
0.0097769
0.00977202
0.00976715
0.00976229
0.00975744
0.00975259
0.00974775
0.00974292
0.00973809
0.00973328
0.00972846
0.00972366
0.00971886
0.00971407
0.00970929
0.00970451
0.00969974
0.00969498
0.00969022
0.00968548
0.00968073
0.009676
0.00967127
0.00966655
0.00966183
0.00965713
0.00965242
0.00964773
0.00964304
0.00963836
0.00963369
0.00962902
0.00962436
0.0096197
0.00961506
0.00961041
0.00960578
0.00960115
0.00959653
0.00959192
0.00958731
0.0095827
0.00957811
0.00957352
0.00956894
0.00956436
0.00955979
0.00955523
0.00955067
0.00954612
0.00954158
0.00953704
0.00953251
0.00952798
0.00952346
0.00951895
0.00951444
0.00950994
0.00950545
0.00950096
0.00949648
0.009492
0.00948753
0.00948307
0.00947861
0.00947416
0.00946972
0.00946528
0.00946085
0.00945642
0.009452
0.00944758
0.00944317
0.00943877
0.00943438
0.00942998
0.0094256
0.00942122
0.00941685
0.00941248
0.00940812
0.00940376
0.00939941
0.00939507
0.00939073
0.0093864
0.00938208
0.00937776
0.00937344
0.00936913
0.00936483
0.00936053
0.00935624
0.00935195
0.00934767
0.0093434
0.00933913
0.00933487
0.00933061
0.00932636
0.00932211
0.00931787
0.00931364
0.00930941
0.00930518
0.00930096
0.00929675
0.00929254
0.00928834
0.00928414
0.00927995
0.00927577
0.00927159
0.00926741
0.00926324
0.00925908
0.00925492
0.00925077
0.00924662
0.00924248
0.00923834
0.00923421
0.00923008
0.00922596
0.00922185
0.00921774
0.00921363
0.00920953
0.00920544
0.00920135
0.00919726
0.00919319
0.00918911
0.00918504
0.00918098
0.00917692
0.00917287
0.00916882
0.00916478
0.00916074
0.00915671
0.00915268
0.00914866
0.00914464
0.00914063
0.00913662
0.00913262
0.00912862
0.00912463
0.00912064
0.00911666
0.00911268
0.00910871
0.00910474
0.00910078
0.00909682
0.00909287
0.00908892
0.00908498
0.00908104
0.00907711
0.00907318
0.00906926
0.00906534
0.00906143
0.00905752
0.00905362
0.00904972
0.00904582
0.00904193
0.00903805
0.00903417
0.00903029
0.00902642
0.00902256
0.0090187
0.00901484
0.00901099
0.00900714
0.0090033
0.00899946
0.00899563
0.0089918
0.00898798
0.00898416
0.00898034
0.00897653
0.00897273
0.00896893
0.00896513
0.00896134
0.00895755
0.00895377
0.00894999
0.00894622
0.00894245
0.00893869
0.00893493
0.00893117
0.00892742
0.00892368
0.00891993
0.0089162
0.00891246
0.00890873
0.00890501
0.00890129
0.00889757
0.00889386
0.00889016
0.00888645
0.00888276
0.00887906
0.00887537
0.00887169
0.00886801
0.00886433
0.00886066
0.00885699
0.00885333
0.00884967
0.00884602
0.00884236
0.00883872
0.00883508
0.00883144
0.0088278
0.00882417
0.00882055
0.00881693
0.00881331
0.0088097
0.00880609
0.00880249
0.00879889
0.00879529
0.0087917
0.00878811
0.00878453
0.00878095
0.00877737
0.0087738
0.00877023
0.00876667
0.00876311
0.00875956
0.008756
0.00875246
0.00874891
0.00874537
0.00874184
0.00873831
0.00873478
0.00873126
0.00872774
0.00872422
0.00872071
0.00871721
0.0087137
0.0087102
0.00870671
0.00870322
0.00869973
0.00869625
0.00869277
0.00868929
0.00868582
0.00868235
0.00867889
0.00867543
0.00867197
0.00866852
0.00866507
0.00866162
0.00865818
0.00865475
0.00865131
0.00864788
0.00864446
0.00864103
0.00863762
0.0086342
0.00863079
0.00862738
0.00862398
0.00862058
0.00861718
0.00861379
0.0086104
0.00860702
0.00860364
0.00860026
0.00859689
0.00859352
0.00859015
0.00858679
0.00858343
0.00858007
0.00857672
0.00857337
0.00857003
0.00856669
0.00856335
0.00856002
0.00855669
0.00855336
0.00855004
0.00854672
0.0085434
0.00854009
0.00853678
0.00853348
0.00853018
0.00852688
0.00852358
0.00852029
0.00851701
0.00851372
0.00851044
0.00850716
0.00850389
0.00850062
0.00849735
0.00849409
0.00849083
0.00848758
0.00848432
0.00848107
0.00847783
0.00847459
0.00847135
0.00846811
0.00846488
0.00846165
0.00845842
0.0084552
0.00845198
0.00844877
0.00844556
0.00844235
0.00843914
0.00843594
0.00843274
0.00842955
0.00842636
0.00842317
0.00841998
0.0084168
0.00841362
0.00841045
0.00840727
0.00840411
0.00840094
0.00839778
0.00839462
0.00839146
0.00838831
0.00838516
0.00838202
0.00837887
0.00837573
0.0083726
0.00836946
0.00836633
0.00836321
0.00836008
0.00835696
0.00835385
0.00835073
0.00834762
0.00834451
0.00834141
0.00833831
0.00833521
0.00833212
0.00832902
0.00832593
0.00832285
0.00831977
0.00831669
0.00831361
0.00831054
0.00830747
0.0083044
0.00830134
0.00829828
0.00829522
0.00829216
0.00828911
0.00828606
0.00828302
0.00827997
0.00827694
0.0082739
0.00827087
0.00826783
0.00826481
0.00826178
0.00825876
0.00825574
0.00825273
0.00824972
0.00824671
0.0082437
0.0082407
0.0082377
0.0082347
0.0082317
0.00822871
0.00822572
0.00822274
0.00821975
0.00821677
0.0082138
0.00821082
0.00820785
0.00820488
0.00820192
0.00819896
0.008196
0.00819304
0.00819009
0.00818713
0.00818419
0.00818124
0.0081783
0.00817536
0.00817242
0.00816949
0.00816656
0.00816363
0.0081607
0.00815778
0.00815486
0.00815195
0.00814903
0.00814612
0.00814321
0.00814031
0.0081374
0.0081345
0.00813161
0.00812871
0.00812582
0.00812293
0.00812004
0.00811716
0.00811428
0.0081114
0.00810853
0.00810565
0.00810278
0.00809992
)
;

boundaryField
{
    inlet
    {
        type            calculated;
        value           uniform 0.0147929;
    }
    outlet
    {
        type            calculated;
        value           uniform 0.00809992;
    }
    emptyWalls
    {
        type            empty;
    }
}


// ************************************************************************* //
