/*--------------------------------*- C++ -*----------------------------------*\
  =========                 |
  \\      /  F ield         | OpenFOAM: The Open Source CFD Toolbox
   \\    /   O peration     | Website:  https://openfoam.org
    \\  /    A nd           | Version:  9
     \\/     M anipulation  |
\*---------------------------------------------------------------------------*/
FoamFile
{
    format      ascii;
    class       surfaceScalarField;
    location    "6.2";
    object      phic;
}
// * * * * * * * * * * * * * * * * * * * * * * * * * * * * * * * * * * * * * //

dimensions      [0 2 0 0 0 0 0];

internalField   nonuniform List<scalar> 
999
(
3.54286e-06
9.20862e-06
1.68038e-05
2.62216e-05
3.73859e-05
5.02361e-05
6.47207e-05
8.07941e-05
9.84147e-05
0.000117545
0.000138148
0.000160192
0.000183645
0.000208477
0.000234659
0.000262163
0.000290964
0.000321036
0.000352355
0.000384897
0.00041864
0.000453562
0.000489641
0.000526857
0.00056519
0.000604622
0.000645132
0.000686703
0.000729318
0.000772959
0.00081761
0.000863253
0.000909874
0.000957458
0.00100599
0.00105545
0.00110583
0.00115712
0.0012093
0.00126235
0.00131627
0.00137104
0.00142665
0.00148309
0.00154035
0.00159841
0.00165727
0.00171691
0.00177732
0.0018385
0.00190042
0.00196309
0.00202649
0.00209061
0.00215545
0.00222099
0.00228723
0.00235415
0.00242175
0.00249002
0.00255895
0.00262854
0.00269877
0.00276964
0.00284114
0.00291326
0.00298599
0.00305934
0.00313329
0.00320783
0.00328296
0.00335867
0.00343496
0.00351181
0.00358923
0.0036672
0.00374572
0.00382479
0.0039044
0.00398454
0.0040652
0.00414639
0.00422809
0.00431031
0.00439303
0.00447625
0.00455997
0.00464417
0.00472887
0.00481404
0.00489969
0.00498582
0.00507241
0.00515946
0.00524697
0.00533494
0.00542335
0.00551221
0.00560152
0.00569126
0.00578143
0.00587204
0.00596307
0.00605452
0.00614639
0.00623868
0.00633137
0.00642448
0.00651799
0.0066119
0.00670621
0.00680091
0.006896
0.00699148
0.00708734
0.00718359
0.00728021
0.00737721
0.00747458
0.00757232
0.00767042
0.00776889
0.00786772
0.00796691
0.00806645
0.00816635
0.00826659
0.00836718
0.00846812
0.00856939
0.00867101
0.00877296
0.00887525
0.00897787
0.00908082
0.0091841
0.0092877
0.00939163
0.00949587
0.00960043
0.00970531
0.00981051
0.00991601
0.0100218
0.0101279
0.0102344
0.0103411
0.0104481
0.0105555
0.0106631
0.010771
0.0108793
0.0109878
0.0110966
0.0112057
0.011315
0.0114247
0.0115346
0.0116449
0.0117554
0.0118662
0.0119772
0.0120886
0.0122002
0.012312
0.0124242
0.0125366
0.0126493
0.0127622
0.0128755
0.0129889
0.0131027
0.0132167
0.0133309
0.0134454
0.0135602
0.0136752
0.0137905
0.013906
0.0140218
0.0141378
0.0142541
0.0143706
0.0144874
0.0146044
0.0147216
0.0148391
0.0149568
0.0150748
0.015193
0.0153114
0.0154301
0.015549
0.0156682
0.0157876
0.0159072
0.016027
0.0161471
0.0162674
0.0163879
0.0165086
0.0166296
0.0167508
0.0168722
0.0169939
0.0171157
0.0172378
0.0173601
0.0174826
0.0176054
0.0177283
0.0178515
0.0179749
0.0180985
0.0182223
0.0183463
0.0184705
0.018595
0.0187196
0.0188445
0.0189696
0.0190948
0.0192203
0.019346
0.0194719
0.019598
0.0197243
0.0198508
0.0199775
0.0201044
0.0202315
0.0203588
0.0204863
0.0206141
0.020742
0.0208701
0.0209984
0.0211269
0.0212555
0.0213844
0.0215135
0.0216428
0.0217723
0.0219019
0.0220318
0.0221618
0.022292
0.0224225
0.0225531
0.0226839
0.0228149
0.022946
0.0230774
0.023209
0.0233407
0.0234726
0.0236047
0.023737
0.0238695
0.0240022
0.024135
0.0242681
0.0244013
0.0245347
0.0246682
0.024802
0.0249359
0.0250701
0.0252044
0.0253389
0.0254735
0.0256084
0.0257434
0.0258786
0.026014
0.0261495
0.0262852
0.0264212
0.0265572
0.0266935
0.0268299
0.0269666
0.0271033
0.0272403
0.0273775
0.0275148
0.0276523
0.0277899
0.0279278
0.0280658
0.028204
0.0283423
0.0284808
0.0286195
0.0287584
0.0288975
0.0290367
0.0291761
0.0293156
0.0294554
0.0295953
0.0297354
0.0298756
0.030016
0.0301566
0.0302974
0.0304383
0.0305794
0.0307207
0.0308621
0.0310037
0.0311455
0.0312875
0.0314296
0.0315719
0.0317144
0.031857
0.0319998
0.0321428
0.0322859
0.0324292
0.0325727
0.0327164
0.0328602
0.0330042
0.0331483
0.0332927
0.0334372
0.0335818
0.0337267
0.0338717
0.0340169
0.0341622
0.0343077
0.0344534
0.0345993
0.0347453
0.0348915
0.0350379
0.0351845
0.0353312
0.0354781
0.0356251
0.0357724
0.0359198
0.0360674
0.0362151
0.0363631
0.0365112
0.0366595
0.0368079
0.0369565
0.0371054
0.0372543
0.0374035
0.0375528
0.0377024
0.0378521
0.0380019
0.038152
0.0383022
0.0384526
0.0386032
0.038754
0.038905
0.0390561
0.0392075
0.039359
0.0395107
0.0396626
0.0398147
0.0399669
0.0401194
0.0402721
0.0404249
0.0405779
0.0407312
0.0408846
0.0410382
0.0411921
0.0413461
0.0415003
0.0416548
0.0418094
0.0419642
0.0421193
0.0422745
0.04243
0.0425857
0.0427416
0.0428977
0.0430541
0.0432107
0.0433674
0.0435245
0.0436817
0.0438392
0.0439969
0.0441549
0.0443131
0.0444715
0.0446302
0.0447892
0.0449484
0.0451079
0.0452676
0.0454276
0.0455879
0.0457484
0.0459093
0.0460704
0.0462318
0.0463936
0.0465556
0.046718
0.0468806
0.0470436
0.047207
0.0473707
0.0475347
0.0476991
0.0478638
0.048029
0.0481945
0.0483605
0.0485268
0.0486936
0.0488609
0.0490285
0.0491967
0.0493653
0.0495345
0.0497042
0.0498744
0.0500452
0.0502165
0.0503885
0.0505611
0.0507344
0.0509084
0.0510831
0.0512585
0.0514348
0.0516118
0.0517898
0.0519687
0.0521485
0.0523294
0.0525114
0.0526945
0.0528788
0.0530644
0.0532514
0.0534399
0.0536299
0.0538215
0.054015
0.0542104
0.0544078
0.0546074
0.0548095
0.0550141
0.0552215
0.0554319
0.0556457
0.055863
0.0560843
0.05631
0.0565404
0.0567761
0.0570177
0.0572657
0.057521
0.0577844
0.0580569
0.0583397
0.0586343
0.0589422
0.0592654
0.0596064
0.059968
0.0603538
0.060768
0.0612164
0.0617057
0.0622451
0.0628462
0.0635249
0.0643026
0.0652093
0.0662886
0.0676057
0.0692629
0.0714297
0.0744091
0.0787981
0.0859491
0.0996154
0.13469
0.158446
0.180559
0.195554
0.203645
0.208379
0.212802
0.21819
0.224533
0.231236
0.237501
0.242463
0.245318
0.245561
0.243291
0.239326
0.234951
0.231367
0.229267
0.228749
0.229508
0.231063
0.232927
0.234684
0.23603
0.236793
0.236934
0.236544
0.235804
0.234941
0.234162
0.233613
0.23336
0.233387
0.233627
0.233982
0.234354
0.234662
0.234854
0.234913
0.234851
0.234705
0.234521
0.234344
0.234209
0.234134
0.234122
0.234162
0.234235
0.23432
0.234397
0.234451
0.234477
0.234476
0.234453
0.234418
0.234381
0.23435
0.23433
0.234325
0.234331
0.234347
0.234366
0.234386
0.234402
0.234413
0.234418
0.234417
0.234413
0.234409
0.234404
0.234403
0.234404
0.234408
0.234415
0.234423
0.234433
0.234442
0.23445
0.234457
0.234464
0.23447
0.234475
0.23448
0.234486
0.234492
0.234497
0.234503
0.234508
0.234513
0.234517
0.234519
0.23452
0.23452
0.234518
0.234516
0.234513
0.234509
0.234505
0.2345
0.234496
0.234492
0.234488
0.234484
0.23448
0.234477
0.234474
0.234472
0.23447
0.234469
0.234468
0.234468
0.234468
0.234468
0.234469
0.234471
0.234472
0.234474
0.234477
0.234479
0.234482
0.234486
0.234489
0.234493
0.234497
0.234501
0.234506
0.234511
0.234516
0.234521
0.234526
0.234531
0.234536
0.234541
0.234546
0.23455
0.234554
0.234558
0.234562
0.234565
0.234567
0.234569
0.234571
0.234572
0.234572
0.234573
0.234572
0.234572
0.234571
0.234569
0.234568
0.234567
0.234565
0.234563
0.234562
0.23456
0.234559
0.234558
0.234557
0.234557
0.234556
0.234556
0.234557
0.234558
0.234559
0.23456
0.234562
0.234564
0.234567
0.234569
0.234572
0.234576
0.234579
0.234583
0.234587
0.234591
0.234595
0.234599
0.234604
0.234608
0.234612
0.234616
0.23462
0.234624
0.234627
0.234631
0.234634
0.234637
0.23464
0.234642
0.234644
0.234646
0.234648
0.234649
0.23465
0.234651
0.234652
0.234653
0.234654
0.234654
0.234655
0.234655
0.234656
0.234657
0.234657
0.234658
0.234659
0.234661
0.234662
0.234663
0.234665
0.234667
0.234669
0.234671
0.234673
0.234675
0.234677
0.234679
0.234681
0.234684
0.234686
0.234688
0.23469
0.234692
0.234693
0.234695
0.234696
0.234697
0.234698
0.234699
0.2347
0.234701
0.234701
0.234701
0.234702
0.234702
0.234702
0.234702
0.234702
0.234702
0.234702
0.234702
0.234703
0.234703
0.234703
0.234704
0.234705
0.234706
0.234707
0.234708
0.23471
0.234712
0.234714
0.234716
0.234718
0.234721
0.234723
0.234726
0.234729
0.234732
0.234735
0.234739
0.234742
0.234745
0.234749
0.234752
0.234756
0.234759
0.234762
0.234766
0.234769
0.234772
0.234775
0.234778
0.234781
0.234784
0.234787
0.234789
0.234792
0.234794
0.234796
0.234798
0.234801
0.234803
0.234805
0.234807
0.234808
0.23481
0.234812
0.234814
0.234816
0.234818
0.234819
0.234821
0.234823
0.234825
0.234827
0.234828
0.23483
0.234832
0.234834
0.234836
0.234838
0.23484
0.234841
0.234843
0.234845
0.234847
0.234848
0.23485
0.234852
0.234853
0.234855
0.234856
0.234858
0.234859
0.234861
0.234862
0.234863
0.234865
0.234866
0.234867
0.234869
0.23487
0.234872
0.234873
0.234874
0.234876
0.234877
0.234879
0.234881
0.234882
0.234884
0.234886
0.234888
0.23489
0.234892
0.234894
0.234896
0.234898
0.2349
0.234903
0.234905
0.234907
0.23491
0.234912
0.234914
0.234917
0.234919
0.234921
0.234924
0.234926
0.234929
0.234931
0.234933
0.234936
0.234938
0.23494
0.234943
0.234945
0.234947
0.23495
0.234952
0.234955
0.234957
0.23496
0.234962
0.234965
0.234967
0.23497
0.234972
0.234975
0.234978
0.234981
0.234983
0.234986
0.234989
0.234992
0.234995
0.234997
0.235
0.235003
0.235006
0.235009
0.235012
0.235015
0.235017
0.23502
0.235023
0.235026
0.235028
0.235031
0.235034
0.235036
0.235039
0.235041
0.235044
0.235046
0.235048
0.235051
0.235053
0.235055
0.235057
0.235059
0.235061
0.235063
0.235065
0.235067
0.235069
0.235071
0.235073
0.235074
0.235076
0.235078
0.23508
0.235082
0.235084
0.235086
0.235087
0.235089
0.235091
0.235093
0.235095
0.235097
0.235099
0.235101
0.235104
0.235106
0.235108
0.23511
0.235113
0.235115
0.235117
0.23512
0.235122
0.235125
0.235128
0.23513
0.235133
0.235135
0.235138
0.235141
0.235143
0.235146
0.235149
0.235152
0.235154
0.235157
0.23516
0.235162
0.235165
0.235168
0.23517
0.235173
0.235175
0.235178
0.23518
0.235183
0.235185
0.235187
0.235188
0.235185
0.235165
0.235072
0.234681
0.233042
0.22607
0.194939
0.0776484
0.00155919
1.01258e-07
1.66533e-16
1.11022e-16
-5.55112e-17
-5.55112e-17
-5.55112e-17
-5.55112e-17
-5.55112e-17
0
-1.66533e-16
-5.55112e-17
-5.55112e-17
5.55112e-17
-5.55112e-17
0
0
-1.11022e-16
1.11022e-16
-1.11022e-16
0
0
-1.11022e-16
1.11022e-16
0
5.55112e-17
0
-5.55112e-17
0
0
-1.11022e-16
1.66533e-16
)
;

boundaryField
{
    inlet
    {
        type            calculated;
        value           uniform 0;
    }
    outlet
    {
        type            calculated;
        value           uniform -5.55112e-17;
    }
    emptyWalls
    {
        type            empty;
        value           nonuniform List<scalar> 0();
    }
}


// ************************************************************************* //
