/*--------------------------------*- C++ -*----------------------------------*\
  =========                 |
  \\      /  F ield         | OpenFOAM: The Open Source CFD Toolbox
   \\    /   O peration     | Website:  https://openfoam.org
    \\  /    A nd           | Version:  9
     \\/     M anipulation  |
\*---------------------------------------------------------------------------*/
FoamFile
{
    format      ascii;
    class       volVectorField;
    location    "2100";
    object      Uc;
}
// * * * * * * * * * * * * * * * * * * * * * * * * * * * * * * * * * * * * * //

dimensions      [0 0 0 0 0 0 0];

internalField   nonuniform List<vector> 
100
(
(0 0 5.6934e-09)
(0 0 9.09079e-09)
(0 0 1.76722e-08)
(0 0 2.90539e-08)
(0 0 4.22191e-08)
(0 0 5.6737e-08)
(0 0 7.21236e-08)
(0 0 8.79484e-08)
(0 0 1.03957e-07)
(0 0 1.19908e-07)
(0 0 1.35667e-07)
(0 0 1.51233e-07)
(0 0 1.66649e-07)
(0 0 1.81866e-07)
(0 0 1.96954e-07)
(0 0 2.12001e-07)
(0 0 2.2702e-07)
(0 0 2.42023e-07)
(0 0 2.56967e-07)
(0 0 2.71976e-07)
(0 0 2.87148e-07)
(0 0 3.0241e-07)
(0 0 3.17774e-07)
(0 0 3.33334e-07)
(0 0 3.49097e-07)
(0 0 3.65157e-07)
(0 0 3.81659e-07)
(0 0 3.98729e-07)
(0 0 4.16499e-07)
(0 0 4.35191e-07)
(0 0 4.58074e-07)
(0 0 4.9573e-07)
(0 0 5.65338e-07)
(0 0 6.85077e-07)
(0 0 8.79568e-07)
(0 0 1.39302e-06)
(0 0 1.81519e-06)
(0 0 1.4646e-06)
(0 0 1.08947e-06)
(0 0 1.11083e-06)
(0 0 1.14579e-06)
(0 0 1.18141e-06)
(0 0 1.21726e-06)
(0 0 1.25331e-06)
(0 0 1.28954e-06)
(0 0 1.32593e-06)
(0 0 1.36235e-06)
(0 0 1.39833e-06)
(0 0 1.43205e-06)
(0 0 1.46043e-06)
(0 0 1.48295e-06)
(0 0 1.502e-06)
(0 0 1.51965e-06)
(0 0 1.53722e-06)
(0 0 1.55543e-06)
(0 0 1.57463e-06)
(0 0 1.59485e-06)
(0 0 1.61592e-06)
(0 0 1.6376e-06)
(0 0 1.65966e-06)
(0 0 1.71191e-06)
(0 0 1.78572e-06)
(0 0 1.84406e-06)
(0 0 1.89534e-06)
(0 0 1.94641e-06)
(0 0 1.99729e-06)
(0 0 2.04798e-06)
(0 0 2.09696e-06)
(0 0 1.82172e-06)
(0 0 8.04778e-07)
(0 0 6.21046e-08)
(0 0 3.7093e-08)
(0 0 3.67405e-08)
(0 0 3.67358e-08)
(0 0 3.67358e-08)
(0 0 3.67358e-08)
(0 0 3.67358e-08)
(0 0 3.67358e-08)
(0 0 3.67358e-08)
(0 0 3.67358e-08)
(0 0 3.67358e-08)
(0 0 3.67358e-08)
(0 0 3.67358e-08)
(0 0 3.67358e-08)
(0 0 3.67358e-08)
(0 0 3.67358e-08)
(0 0 3.67358e-08)
(0 0 3.67358e-08)
(0 0 3.67358e-08)
(0 0 3.67358e-08)
(0 0 3.67358e-08)
(0 0 3.67358e-08)
(0 0 3.67358e-08)
(0 0 3.67358e-08)
(0 0 3.67358e-08)
(0 0 3.67358e-08)
(0 0 3.67358e-08)
(0 0 3.67358e-08)
(0 0 3.67358e-08)
(0 0 3.67358e-08)
)
;

boundaryField
{
    inlet
    {
        type            fixedValue;
        value           uniform (0 0 0);
    }
    outlet
    {
        type            zeroGradient;
    }
    emptyWalls
    {
        type            empty;
    }
}


// ************************************************************************* //
