/*--------------------------------*- C++ -*----------------------------------*\
  =========                 |
  \\      /  F ield         | OpenFOAM: The Open Source CFD Toolbox
   \\    /   O peration     | Website:  https://openfoam.org
    \\  /    A nd           | Version:  9
     \\/     M anipulation  |
\*---------------------------------------------------------------------------*/
FoamFile
{
    format      ascii;
    class       volScalarField;
    location    "11.4";
    object      p;
}
// * * * * * * * * * * * * * * * * * * * * * * * * * * * * * * * * * * * * * //

dimensions      [0 0 0 0 0 0 0];

internalField   nonuniform List<scalar> 
1000
(
1.85318e+13
1.85219e+13
1.85119e+13
1.85019e+13
1.8492e+13
1.84819e+13
1.84719e+13
1.84619e+13
1.84518e+13
1.84417e+13
1.84316e+13
1.84214e+13
1.84113e+13
1.84011e+13
1.83909e+13
1.83807e+13
1.83704e+13
1.83601e+13
1.83499e+13
1.83396e+13
1.83292e+13
1.83189e+13
1.83085e+13
1.82981e+13
1.82877e+13
1.82773e+13
1.82669e+13
1.82564e+13
1.82459e+13
1.82354e+13
1.82249e+13
1.82143e+13
1.82038e+13
1.81932e+13
1.81826e+13
1.8172e+13
1.81613e+13
1.81507e+13
1.814e+13
1.81293e+13
1.81186e+13
1.81079e+13
1.80971e+13
1.80863e+13
1.80755e+13
1.80647e+13
1.80539e+13
1.80431e+13
1.80322e+13
1.80213e+13
1.80104e+13
1.79995e+13
1.79886e+13
1.79776e+13
1.79666e+13
1.79557e+13
1.79446e+13
1.79336e+13
1.79226e+13
1.79115e+13
1.79004e+13
1.78893e+13
1.78782e+13
1.78671e+13
1.78559e+13
1.78448e+13
1.78336e+13
1.78224e+13
1.78111e+13
1.77999e+13
1.77887e+13
1.77774e+13
1.77661e+13
1.77548e+13
1.77435e+13
1.77321e+13
1.77207e+13
1.77094e+13
1.7698e+13
1.76866e+13
1.76751e+13
1.76637e+13
1.76522e+13
1.76407e+13
1.76293e+13
1.76177e+13
1.76062e+13
1.75947e+13
1.75831e+13
1.75715e+13
1.75599e+13
1.75483e+13
1.75367e+13
1.7525e+13
1.75134e+13
1.75017e+13
1.749e+13
1.74783e+13
1.74665e+13
1.74548e+13
1.7443e+13
1.74313e+13
1.74195e+13
1.74076e+13
1.73958e+13
1.7384e+13
1.73721e+13
1.73602e+13
1.73483e+13
1.73364e+13
1.73245e+13
1.73126e+13
1.73006e+13
1.72886e+13
1.72767e+13
1.72647e+13
1.72526e+13
1.72406e+13
1.72285e+13
1.72165e+13
1.72044e+13
1.71923e+13
1.71802e+13
1.71681e+13
1.71559e+13
1.71437e+13
1.71316e+13
1.71194e+13
1.71072e+13
1.70949e+13
1.70827e+13
1.70704e+13
1.70582e+13
1.70459e+13
1.70336e+13
1.70213e+13
1.70089e+13
1.69966e+13
1.69842e+13
1.69719e+13
1.69595e+13
1.69471e+13
1.69346e+13
1.69222e+13
1.69097e+13
1.68973e+13
1.68848e+13
1.68723e+13
1.68598e+13
1.68473e+13
1.68347e+13
1.68222e+13
1.68096e+13
1.6797e+13
1.67844e+13
1.67718e+13
1.67591e+13
1.67465e+13
1.67338e+13
1.67212e+13
1.67085e+13
1.66958e+13
1.6683e+13
1.66703e+13
1.66575e+13
1.66448e+13
1.6632e+13
1.66192e+13
1.66064e+13
1.65936e+13
1.65807e+13
1.65679e+13
1.6555e+13
1.65421e+13
1.65292e+13
1.65163e+13
1.65034e+13
1.64905e+13
1.64775e+13
1.64646e+13
1.64516e+13
1.64386e+13
1.64256e+13
1.64125e+13
1.63995e+13
1.63865e+13
1.63734e+13
1.63603e+13
1.63472e+13
1.63341e+13
1.6321e+13
1.63078e+13
1.62947e+13
1.62815e+13
1.62683e+13
1.62551e+13
1.62419e+13
1.62287e+13
1.62155e+13
1.62022e+13
1.6189e+13
1.61757e+13
1.61624e+13
1.61491e+13
1.61358e+13
1.61224e+13
1.61091e+13
1.60957e+13
1.60824e+13
1.6069e+13
1.60556e+13
1.60422e+13
1.60287e+13
1.60153e+13
1.60018e+13
1.59884e+13
1.59749e+13
1.59614e+13
1.59479e+13
1.59343e+13
1.59208e+13
1.59073e+13
1.58937e+13
1.58801e+13
1.58665e+13
1.58529e+13
1.58393e+13
1.58257e+13
1.5812e+13
1.57984e+13
1.57847e+13
1.5771e+13
1.57573e+13
1.57436e+13
1.57299e+13
1.57161e+13
1.57024e+13
1.56886e+13
1.56748e+13
1.5661e+13
1.56472e+13
1.56334e+13
1.56196e+13
1.56057e+13
1.55919e+13
1.5578e+13
1.55641e+13
1.55502e+13
1.55363e+13
1.55224e+13
1.55085e+13
1.54945e+13
1.54805e+13
1.54666e+13
1.54526e+13
1.54386e+13
1.54246e+13
1.54105e+13
1.53965e+13
1.53824e+13
1.53684e+13
1.53543e+13
1.53402e+13
1.53261e+13
1.5312e+13
1.52978e+13
1.52837e+13
1.52695e+13
1.52554e+13
1.52412e+13
1.5227e+13
1.52128e+13
1.51986e+13
1.51843e+13
1.51701e+13
1.51558e+13
1.51416e+13
1.51273e+13
1.5113e+13
1.50987e+13
1.50843e+13
1.507e+13
1.50557e+13
1.50413e+13
1.50269e+13
1.50125e+13
1.49981e+13
1.49837e+13
1.49693e+13
1.49549e+13
1.49404e+13
1.4926e+13
1.49115e+13
1.4897e+13
1.48825e+13
1.4868e+13
1.48535e+13
1.48389e+13
1.48244e+13
1.48098e+13
1.47953e+13
1.47807e+13
1.47661e+13
1.47515e+13
1.47368e+13
1.47222e+13
1.47076e+13
1.46929e+13
1.46782e+13
1.46636e+13
1.46489e+13
1.46341e+13
1.46194e+13
1.46047e+13
1.459e+13
1.45752e+13
1.45604e+13
1.45456e+13
1.45309e+13
1.4516e+13
1.45012e+13
1.44864e+13
1.44716e+13
1.44567e+13
1.44418e+13
1.4427e+13
1.44121e+13
1.43972e+13
1.43822e+13
1.43673e+13
1.43524e+13
1.43374e+13
1.43225e+13
1.43075e+13
1.42925e+13
1.42775e+13
1.42625e+13
1.42475e+13
1.42324e+13
1.42174e+13
1.42023e+13
1.41873e+13
1.41722e+13
1.41571e+13
1.4142e+13
1.41269e+13
1.41117e+13
1.40966e+13
1.40814e+13
1.40663e+13
1.40511e+13
1.40359e+13
1.40207e+13
1.40055e+13
1.39903e+13
1.3975e+13
1.39598e+13
1.39445e+13
1.39293e+13
1.3914e+13
1.38987e+13
1.38834e+13
1.38681e+13
1.38527e+13
1.38374e+13
1.3822e+13
1.38067e+13
1.37913e+13
1.37759e+13
1.37605e+13
1.37451e+13
1.37297e+13
1.37142e+13
1.36988e+13
1.36833e+13
1.36679e+13
1.36524e+13
1.36369e+13
1.36214e+13
1.36059e+13
1.35903e+13
1.35748e+13
1.35593e+13
1.35437e+13
1.35281e+13
1.35125e+13
1.34969e+13
1.34813e+13
1.34657e+13
1.34501e+13
1.34344e+13
1.34188e+13
1.34031e+13
1.33875e+13
1.33718e+13
1.33561e+13
1.33404e+13
1.33246e+13
1.33089e+13
1.32932e+13
1.32774e+13
1.32616e+13
1.32459e+13
1.32301e+13
1.32143e+13
1.31985e+13
1.31826e+13
1.31668e+13
1.3151e+13
1.31351e+13
1.31192e+13
1.31034e+13
1.30875e+13
1.30716e+13
1.30556e+13
1.30397e+13
1.30238e+13
1.30078e+13
1.29919e+13
1.29759e+13
1.29599e+13
1.29439e+13
1.29279e+13
1.29119e+13
1.28959e+13
1.28799e+13
1.28638e+13
1.28478e+13
1.28317e+13
1.28156e+13
1.27995e+13
1.27834e+13
1.27673e+13
1.27512e+13
1.2735e+13
1.27189e+13
1.27027e+13
1.26866e+13
1.26704e+13
1.26542e+13
1.2638e+13
1.26218e+13
1.26056e+13
1.25893e+13
1.25731e+13
1.25568e+13
1.25406e+13
1.25243e+13
1.2508e+13
1.24917e+13
1.24754e+13
1.24591e+13
1.24427e+13
1.24264e+13
1.241e+13
1.23937e+13
1.23773e+13
1.23609e+13
1.23445e+13
1.23281e+13
1.23117e+13
1.22952e+13
1.22788e+13
1.22623e+13
1.22459e+13
1.22294e+13
1.22129e+13
1.21964e+13
1.21799e+13
1.21634e+13
1.21469e+13
1.21303e+13
1.21138e+13
1.20972e+13
1.20807e+13
1.20641e+13
1.20475e+13
1.20309e+13
1.20143e+13
1.19976e+13
1.1981e+13
1.19644e+13
1.19477e+13
1.1931e+13
1.19144e+13
1.18977e+13
1.1881e+13
1.18643e+13
1.18475e+13
1.18308e+13
1.18141e+13
1.17973e+13
1.17806e+13
1.17638e+13
1.1747e+13
1.17302e+13
1.17134e+13
1.16966e+13
1.16798e+13
1.16629e+13
1.16461e+13
1.16292e+13
1.16124e+13
1.15955e+13
1.15786e+13
1.15617e+13
1.15448e+13
1.15279e+13
1.15109e+13
1.1494e+13
1.1477e+13
1.14601e+13
1.14431e+13
1.14261e+13
1.14091e+13
1.13921e+13
1.13751e+13
1.13581e+13
1.1341e+13
1.1324e+13
1.13069e+13
1.12899e+13
1.12728e+13
1.12557e+13
1.12386e+13
1.12215e+13
1.12044e+13
1.11872e+13
1.11701e+13
1.11529e+13
1.11358e+13
1.11186e+13
1.11014e+13
1.10842e+13
1.1067e+13
1.10498e+13
1.10326e+13
1.10154e+13
1.09981e+13
1.09809e+13
1.09636e+13
1.09463e+13
1.0929e+13
1.09118e+13
1.08944e+13
1.08771e+13
1.08598e+13
1.08425e+13
1.08251e+13
1.08078e+13
1.07904e+13
1.0773e+13
1.07556e+13
1.07382e+13
1.07208e+13
1.07034e+13
1.0686e+13
1.06685e+13
1.06511e+13
1.06336e+13
1.06162e+13
1.05987e+13
1.05812e+13
1.05637e+13
1.05462e+13
1.05287e+13
1.05111e+13
1.04936e+13
1.04761e+13
1.04585e+13
1.04409e+13
1.04233e+13
1.04058e+13
1.03882e+13
1.03705e+13
1.03529e+13
1.03353e+13
1.03176e+13
1.03e+13
1.02823e+13
1.02647e+13
1.0247e+13
1.02293e+13
1.02116e+13
1.01939e+13
1.01762e+13
1.01584e+13
1.01407e+13
1.01229e+13
1.01052e+13
1.00874e+13
1.00696e+13
1.00518e+13
1.0034e+13
1.00162e+13
9.99839e+12
9.98056e+12
9.96272e+12
9.94487e+12
9.92701e+12
9.90914e+12
9.89125e+12
9.87336e+12
9.85546e+12
9.83755e+12
9.81963e+12
9.8017e+12
9.78376e+12
9.76581e+12
9.74785e+12
9.72987e+12
9.71189e+12
9.6939e+12
9.6759e+12
9.65789e+12
9.63987e+12
9.62184e+12
9.6038e+12
9.58575e+12
9.56769e+12
9.54962e+12
9.53154e+12
9.51346e+12
9.49536e+12
9.47725e+12
9.45913e+12
9.441e+12
9.42286e+12
9.40471e+12
9.38655e+12
9.36839e+12
9.35021e+12
9.33202e+12
9.31382e+12
9.29562e+12
9.2774e+12
9.25917e+12
9.24094e+12
9.22269e+12
9.20444e+12
9.18617e+12
9.16789e+12
9.14961e+12
9.13131e+12
9.11301e+12
9.09469e+12
9.07637e+12
9.05804e+12
9.03969e+12
9.02134e+12
9.00298e+12
8.9846e+12
8.96622e+12
8.94783e+12
8.92943e+12
8.91101e+12
8.89259e+12
8.87416e+12
8.85572e+12
8.83727e+12
8.81881e+12
8.80034e+12
8.78186e+12
8.76337e+12
8.74487e+12
8.72636e+12
8.70785e+12
8.68932e+12
8.67078e+12
8.65223e+12
8.63368e+12
8.61511e+12
8.59653e+12
8.57795e+12
8.55935e+12
8.54075e+12
8.52213e+12
8.50351e+12
8.48488e+12
8.46623e+12
8.44758e+12
8.42892e+12
8.41025e+12
8.39156e+12
8.37287e+12
8.35417e+12
8.33546e+12
8.31674e+12
8.29801e+12
8.27927e+12
8.26052e+12
8.24177e+12
8.223e+12
8.20422e+12
8.18543e+12
8.16664e+12
8.14783e+12
8.12902e+12
8.11019e+12
8.09136e+12
8.07251e+12
8.05366e+12
8.0348e+12
8.01592e+12
7.99704e+12
7.97815e+12
7.95925e+12
7.94034e+12
7.92142e+12
7.90249e+12
7.88355e+12
7.8646e+12
7.84564e+12
7.82667e+12
7.8077e+12
7.78871e+12
7.76971e+12
7.75071e+12
7.73169e+12
7.71267e+12
7.69364e+12
7.67459e+12
7.65554e+12
7.63648e+12
7.61741e+12
7.59832e+12
7.57923e+12
7.56013e+12
7.54102e+12
7.5219e+12
7.50278e+12
7.48364e+12
7.46449e+12
7.44533e+12
7.42617e+12
7.40699e+12
7.38781e+12
7.36861e+12
7.34941e+12
7.3302e+12
7.31097e+12
7.29174e+12
7.2725e+12
7.25325e+12
7.23399e+12
7.21472e+12
7.19544e+12
7.17615e+12
7.15685e+12
7.13755e+12
7.11823e+12
7.0989e+12
7.07957e+12
7.06022e+12
7.04087e+12
7.02151e+12
7.00213e+12
6.98275e+12
6.96336e+12
6.94396e+12
6.92455e+12
6.90513e+12
6.8857e+12
6.86626e+12
6.84681e+12
6.82735e+12
6.80789e+12
6.78841e+12
6.76893e+12
6.74943e+12
6.72993e+12
6.71041e+12
6.69089e+12
6.67136e+12
6.65182e+12
6.63227e+12
6.6127e+12
6.59313e+12
6.57356e+12
6.55397e+12
6.53437e+12
6.51476e+12
6.49514e+12
6.47552e+12
6.45588e+12
6.43624e+12
6.41658e+12
6.39692e+12
6.37725e+12
6.35756e+12
6.33787e+12
6.31817e+12
6.29846e+12
6.27874e+12
6.25901e+12
6.23927e+12
6.21952e+12
6.19977e+12
6.18e+12
6.16022e+12
6.14044e+12
6.12064e+12
6.10083e+12
6.08102e+12
6.0612e+12
6.04136e+12
6.02152e+12
6.00167e+12
5.98181e+12
5.96194e+12
5.94205e+12
5.92216e+12
5.90226e+12
5.88236e+12
5.86244e+12
5.84251e+12
5.82257e+12
5.80262e+12
5.78267e+12
5.7627e+12
5.74272e+12
5.72274e+12
5.70274e+12
5.68274e+12
5.66272e+12
5.6427e+12
5.62266e+12
5.60262e+12
5.58257e+12
5.5625e+12
5.54243e+12
5.52235e+12
5.50225e+12
5.48215e+12
5.46204e+12
5.44192e+12
5.42178e+12
5.40164e+12
5.38149e+12
5.36133e+12
5.34116e+12
5.32097e+12
5.30078e+12
5.28058e+12
5.26037e+12
5.24014e+12
5.21991e+12
5.19967e+12
5.17941e+12
5.15915e+12
5.13887e+12
5.11859e+12
5.09829e+12
5.07798e+12
5.05767e+12
5.03734e+12
5.017e+12
4.99665e+12
4.97629e+12
4.95591e+12
4.93553e+12
4.91513e+12
4.89473e+12
4.87431e+12
4.85388e+12
4.83343e+12
4.81298e+12
4.79251e+12
4.77203e+12
4.75154e+12
4.73103e+12
4.71051e+12
4.68998e+12
4.66943e+12
4.64887e+12
4.62829e+12
4.6077e+12
4.5871e+12
4.56648e+12
4.54584e+12
4.52518e+12
4.50451e+12
4.48382e+12
4.46311e+12
4.44238e+12
4.42163e+12
4.40085e+12
4.38006e+12
4.35924e+12
4.33839e+12
4.31751e+12
4.2966e+12
4.27566e+12
4.25467e+12
4.23365e+12
4.21258e+12
4.19146e+12
4.17027e+12
4.14902e+12
4.12768e+12
4.10624e+12
4.08467e+12
4.06294e+12
4.04099e+12
4.01874e+12
3.99604e+12
3.97256e+12
3.94757e+12
3.91804e+12
3.87677e+12
3.83367e+12
3.7886e+12
3.74211e+12
3.69531e+12
3.64949e+12
3.60547e+12
3.56321e+12
3.52204e+12
3.48123e+12
3.44025e+12
3.39884e+12
3.35688e+12
3.31436e+12
3.27135e+12
3.22801e+12
3.1845e+12
3.141e+12
3.09766e+12
3.05459e+12
3.0118e+12
2.96924e+12
2.92683e+12
2.88447e+12
2.84206e+12
2.79956e+12
2.75693e+12
2.71417e+12
2.67133e+12
2.62843e+12
2.58552e+12
2.54264e+12
2.4998e+12
2.45703e+12
2.41431e+12
2.37163e+12
2.32898e+12
2.28632e+12
2.24364e+12
2.20095e+12
2.15822e+12
2.11548e+12
2.07272e+12
2.02996e+12
1.9872e+12
1.94445e+12
1.90171e+12
1.85899e+12
1.81627e+12
1.77356e+12
1.73085e+12
1.68813e+12
1.64541e+12
1.60268e+12
1.55995e+12
1.51721e+12
1.47447e+12
1.43172e+12
1.38898e+12
1.34623e+12
1.30349e+12
1.26075e+12
1.21801e+12
1.17528e+12
1.13254e+12
1.0898e+12
1.04706e+12
1.00432e+12
9.61583e+11
9.18841e+11
8.76099e+11
8.33358e+11
7.90617e+11
7.47876e+11
7.05137e+11
6.62398e+11
6.1966e+11
5.76922e+11
5.34184e+11
4.91446e+11
4.48709e+11
4.05972e+11
3.63235e+11
3.20499e+11
2.77764e+11
2.35029e+11
1.92295e+11
1.49561e+11
1.06829e+11
6.40968e+10
2.13654e+10
)
;

boundaryField
{
    inlet
    {
        type            darcyGradPressure_G;
        gradient        uniform 3.23949e+11;
        Mf              Mf;
        phi             phi;
        phiG            phiG;
        value           uniform 1.85367e+13;
    }
    outlet
    {
        type            fixedValue;
        value           uniform 0;
    }
    emptyWalls
    {
        type            empty;
    }
}


// ************************************************************************* //
