/*--------------------------------*- C++ -*----------------------------------*\
  =========                 |
  \\      /  F ield         | OpenFOAM: The Open Source CFD Toolbox
   \\    /   O peration     | Website:  https://openfoam.org
    \\  /    A nd           | Version:  9
     \\/     M anipulation  |
\*---------------------------------------------------------------------------*/
FoamFile
{
    format      ascii;
    class       volVectorField;
    location    "2575";
    object      Ua;
}
// * * * * * * * * * * * * * * * * * * * * * * * * * * * * * * * * * * * * * //

dimensions      [0 0 0 0 0 0 0];

internalField   nonuniform List<vector> 
100
(
(0 0 1.67644e-07)
(0 0 2.20227e-07)
(0 0 3.03318e-07)
(0 0 3.45066e-07)
(0 0 3.56679e-07)
(0 0 3.58486e-07)
(0 0 3.60926e-07)
(0 0 3.62917e-07)
(0 0 3.65462e-07)
(0 0 3.68259e-07)
(0 0 3.71417e-07)
(0 0 3.75483e-07)
(0 0 3.80399e-07)
(0 0 3.85531e-07)
(0 0 3.90508e-07)
(0 0 3.96118e-07)
(0 0 4.02086e-07)
(0 0 4.07895e-07)
(0 0 4.13477e-07)
(0 0 4.18918e-07)
(0 0 4.2426e-07)
(0 0 4.29585e-07)
(0 0 4.35154e-07)
(0 0 4.40968e-07)
(0 0 4.46329e-07)
(0 0 4.51687e-07)
(0 0 4.57077e-07)
(0 0 4.62347e-07)
(0 0 4.67461e-07)
(0 0 4.72524e-07)
(0 0 4.7711e-07)
(0 0 4.78668e-07)
(0 0 4.73534e-07)
(0 0 4.55924e-07)
(0 0 4.24441e-07)
(0 0 3.83473e-07)
(0 0 3.39624e-07)
(0 0 2.98759e-07)
(0 0 2.63439e-07)
(0 0 2.34029e-07)
(0 0 2.09679e-07)
(0 0 1.89628e-07)
(0 0 1.73011e-07)
(0 0 1.59093e-07)
(0 0 1.47345e-07)
(0 0 1.37387e-07)
(0 0 1.28949e-07)
(0 0 1.21805e-07)
(0 0 1.15804e-07)
(0 0 1.10881e-07)
(0 0 1.07137e-07)
(0 0 1.05024e-07)
(0 0 1.05746e-07)
(0 0 1.12096e-07)
(0 0 1.29022e-07)
(0 0 1.60689e-07)
(0 0 2.06758e-07)
(0 0 2.62618e-07)
(0 0 3.22335e-07)
(0 0 3.83903e-07)
(0 0 4.83519e-07)
(0 0 6.04189e-07)
(0 0 5.8518e-07)
(0 0 4.44205e-07)
(0 0 3.25815e-07)
(0 0 2.38638e-07)
(0 0 1.81163e-07)
(0 0 1.49418e-07)
(0 0 1.27428e-07)
(0 0 1.10623e-07)
(0 0 9.75272e-08)
(0 0 8.72378e-08)
(0 0 7.91477e-08)
(0 0 7.28211e-08)
(0 0 6.79165e-08)
(0 0 6.41471e-08)
(0 0 6.12691e-08)
(0 0 5.90875e-08)
(0 0 5.74945e-08)
(0 0 5.70609e-08)
(0 0 2.14779e-06)
(0 0 7.66188e-06)
(0 0 1.17631e-05)
(0 0 1.26119e-05)
(0 0 1.33379e-05)
(0 0 1.43602e-05)
(0 0 1.49487e-05)
(0 0 1.50847e-05)
(0 0 1.50531e-05)
(0 0 7.5061e-06)
(0 0 2.88681e-09)
(0 0 1.67378e-27)
(0 0 1.31238e-27)
(0 0 1.31234e-27)
(0 0 1.31234e-27)
(0 0 1.31234e-27)
(0 0 1.31234e-27)
(0 0 1.31234e-27)
(0 0 1.31234e-27)
(0 0 1.31234e-27)
)
;

boundaryField
{
    inlet
    {
        type            prescribedFracFlowVelocity;
        U               1((0 0 1.61572e-05));
        fractionalFlow  0;
        value           uniform (0 0 0);
    }
    outlet
    {
        type            zeroGradient;
    }
    emptyWalls
    {
        type            empty;
    }
}


// ************************************************************************* //
