/*--------------------------------*- C++ -*----------------------------------*\
  =========                 |
  \\      /  F ield         | OpenFOAM: The Open Source CFD Toolbox
   \\    /   O peration     | Website:  https://openfoam.org
    \\  /    A nd           | Version:  9
     \\/     M anipulation  |
\*---------------------------------------------------------------------------*/
FoamFile
{
    format      ascii;
    class       volVectorField;
    location    "5.3";
    object      Ua;
}
// * * * * * * * * * * * * * * * * * * * * * * * * * * * * * * * * * * * * * //

dimensions      [0 0 0 0 0 0 0];

internalField   nonuniform List<vector> 
1000
(
(0.70942 0 0)
(0.709418 0 0)
(0.709414 0 0)
(0.70941 0 0)
(0.709405 0 0)
(0.709398 0 0)
(0.709391 0 0)
(0.709384 0 0)
(0.709375 0 0)
(0.709365 0 0)
(0.709355 0 0)
(0.709344 0 0)
(0.709333 0 0)
(0.709321 0 0)
(0.709308 0 0)
(0.709294 0 0)
(0.70928 0 0)
(0.709265 0 0)
(0.709249 0 0)
(0.709233 0 0)
(0.709217 0 0)
(0.709199 0 0)
(0.709182 0 0)
(0.709163 0 0)
(0.709144 0 0)
(0.709125 0 0)
(0.709105 0 0)
(0.709085 0 0)
(0.709064 0 0)
(0.709042 0 0)
(0.709021 0 0)
(0.708998 0 0)
(0.708975 0 0)
(0.708952 0 0)
(0.708929 0 0)
(0.708904 0 0)
(0.70888 0 0)
(0.708855 0 0)
(0.70883 0 0)
(0.708804 0 0)
(0.708778 0 0)
(0.708751 0 0)
(0.708724 0 0)
(0.708697 0 0)
(0.708669 0 0)
(0.708641 0 0)
(0.708613 0 0)
(0.708584 0 0)
(0.708555 0 0)
(0.708526 0 0)
(0.708496 0 0)
(0.708466 0 0)
(0.708435 0 0)
(0.708405 0 0)
(0.708374 0 0)
(0.708342 0 0)
(0.708311 0 0)
(0.708279 0 0)
(0.708246 0 0)
(0.708214 0 0)
(0.708181 0 0)
(0.708148 0 0)
(0.708115 0 0)
(0.708081 0 0)
(0.708047 0 0)
(0.708013 0 0)
(0.707978 0 0)
(0.707944 0 0)
(0.707909 0 0)
(0.707874 0 0)
(0.707838 0 0)
(0.707802 0 0)
(0.707766 0 0)
(0.70773 0 0)
(0.707694 0 0)
(0.707657 0 0)
(0.70762 0 0)
(0.707583 0 0)
(0.707546 0 0)
(0.707508 0 0)
(0.707471 0 0)
(0.707433 0 0)
(0.707394 0 0)
(0.707356 0 0)
(0.707317 0 0)
(0.707279 0 0)
(0.70724 0 0)
(0.7072 0 0)
(0.707161 0 0)
(0.707121 0 0)
(0.707082 0 0)
(0.707042 0 0)
(0.707001 0 0)
(0.706961 0 0)
(0.70692 0 0)
(0.70688 0 0)
(0.706839 0 0)
(0.706798 0 0)
(0.706757 0 0)
(0.706715 0 0)
(0.706674 0 0)
(0.706632 0 0)
(0.70659 0 0)
(0.706548 0 0)
(0.706505 0 0)
(0.706463 0 0)
(0.706421 0 0)
(0.706378 0 0)
(0.706335 0 0)
(0.706292 0 0)
(0.706249 0 0)
(0.706205 0 0)
(0.706162 0 0)
(0.706118 0 0)
(0.706074 0 0)
(0.70603 0 0)
(0.705986 0 0)
(0.705942 0 0)
(0.705898 0 0)
(0.705853 0 0)
(0.705809 0 0)
(0.705764 0 0)
(0.705719 0 0)
(0.705674 0 0)
(0.705629 0 0)
(0.705583 0 0)
(0.705538 0 0)
(0.705492 0 0)
(0.705447 0 0)
(0.705401 0 0)
(0.705355 0 0)
(0.705309 0 0)
(0.705263 0 0)
(0.705216 0 0)
(0.70517 0 0)
(0.705123 0 0)
(0.705077 0 0)
(0.70503 0 0)
(0.704983 0 0)
(0.704936 0 0)
(0.704889 0 0)
(0.704842 0 0)
(0.704794 0 0)
(0.704747 0 0)
(0.704699 0 0)
(0.704652 0 0)
(0.704604 0 0)
(0.704556 0 0)
(0.704508 0 0)
(0.70446 0 0)
(0.704412 0 0)
(0.704363 0 0)
(0.704315 0 0)
(0.704266 0 0)
(0.704218 0 0)
(0.704169 0 0)
(0.70412 0 0)
(0.704071 0 0)
(0.704022 0 0)
(0.703973 0 0)
(0.703924 0 0)
(0.703875 0 0)
(0.703825 0 0)
(0.703776 0 0)
(0.703726 0 0)
(0.703677 0 0)
(0.703627 0 0)
(0.703577 0 0)
(0.703527 0 0)
(0.703477 0 0)
(0.703427 0 0)
(0.703377 0 0)
(0.703326 0 0)
(0.703276 0 0)
(0.703225 0 0)
(0.703175 0 0)
(0.703124 0 0)
(0.703074 0 0)
(0.703023 0 0)
(0.702972 0 0)
(0.702921 0 0)
(0.70287 0 0)
(0.702819 0 0)
(0.702767 0 0)
(0.702716 0 0)
(0.702665 0 0)
(0.702613 0 0)
(0.702562 0 0)
(0.70251 0 0)
(0.702459 0 0)
(0.702407 0 0)
(0.702355 0 0)
(0.702303 0 0)
(0.702251 0 0)
(0.702199 0 0)
(0.702147 0 0)
(0.702095 0 0)
(0.702042 0 0)
(0.70199 0 0)
(0.701938 0 0)
(0.701885 0 0)
(0.701832 0 0)
(0.70178 0 0)
(0.701727 0 0)
(0.701674 0 0)
(0.701622 0 0)
(0.701569 0 0)
(0.701516 0 0)
(0.701463 0 0)
(0.701409 0 0)
(0.701356 0 0)
(0.701303 0 0)
(0.70125 0 0)
(0.701196 0 0)
(0.701143 0 0)
(0.701089 0 0)
(0.701036 0 0)
(0.700982 0 0)
(0.700928 0 0)
(0.700875 0 0)
(0.700821 0 0)
(0.700767 0 0)
(0.700713 0 0)
(0.700659 0 0)
(0.700605 0 0)
(0.700551 0 0)
(0.700496 0 0)
(0.700442 0 0)
(0.700388 0 0)
(0.700333 0 0)
(0.700279 0 0)
(0.700224 0 0)
(0.70017 0 0)
(0.700115 0 0)
(0.70006 0 0)
(0.700006 0 0)
(0.699951 0 0)
(0.699896 0 0)
(0.699841 0 0)
(0.699786 0 0)
(0.699731 0 0)
(0.699676 0 0)
(0.699621 0 0)
(0.699565 0 0)
(0.69951 0 0)
(0.699455 0 0)
(0.699399 0 0)
(0.699344 0 0)
(0.699289 0 0)
(0.699233 0 0)
(0.699177 0 0)
(0.699122 0 0)
(0.699066 0 0)
(0.69901 0 0)
(0.698954 0 0)
(0.698898 0 0)
(0.698843 0 0)
(0.698787 0 0)
(0.69873 0 0)
(0.698674 0 0)
(0.698618 0 0)
(0.698562 0 0)
(0.698506 0 0)
(0.698449 0 0)
(0.698393 0 0)
(0.698337 0 0)
(0.69828 0 0)
(0.698224 0 0)
(0.698167 0 0)
(0.69811 0 0)
(0.698054 0 0)
(0.697997 0 0)
(0.69794 0 0)
(0.697883 0 0)
(0.697827 0 0)
(0.69777 0 0)
(0.697713 0 0)
(0.697656 0 0)
(0.697598 0 0)
(0.697541 0 0)
(0.697484 0 0)
(0.697427 0 0)
(0.69737 0 0)
(0.697312 0 0)
(0.697255 0 0)
(0.697197 0 0)
(0.69714 0 0)
(0.697082 0 0)
(0.697025 0 0)
(0.696967 0 0)
(0.696909 0 0)
(0.696851 0 0)
(0.696794 0 0)
(0.696736 0 0)
(0.696678 0 0)
(0.69662 0 0)
(0.696562 0 0)
(0.696504 0 0)
(0.696446 0 0)
(0.696387 0 0)
(0.696329 0 0)
(0.696271 0 0)
(0.696213 0 0)
(0.696154 0 0)
(0.696096 0 0)
(0.696037 0 0)
(0.695979 0 0)
(0.69592 0 0)
(0.695861 0 0)
(0.695803 0 0)
(0.695744 0 0)
(0.695685 0 0)
(0.695626 0 0)
(0.695567 0 0)
(0.695508 0 0)
(0.695449 0 0)
(0.69539 0 0)
(0.695331 0 0)
(0.695272 0 0)
(0.695212 0 0)
(0.695153 0 0)
(0.695094 0 0)
(0.695034 0 0)
(0.694975 0 0)
(0.694915 0 0)
(0.694856 0 0)
(0.694796 0 0)
(0.694736 0 0)
(0.694676 0 0)
(0.694616 0 0)
(0.694556 0 0)
(0.694496 0 0)
(0.694436 0 0)
(0.694376 0 0)
(0.694316 0 0)
(0.694255 0 0)
(0.694195 0 0)
(0.694135 0 0)
(0.694074 0 0)
(0.694013 0 0)
(0.693953 0 0)
(0.693892 0 0)
(0.693831 0 0)
(0.69377 0 0)
(0.693709 0 0)
(0.693648 0 0)
(0.693587 0 0)
(0.693525 0 0)
(0.693464 0 0)
(0.693403 0 0)
(0.693341 0 0)
(0.693279 0 0)
(0.693217 0 0)
(0.693156 0 0)
(0.693094 0 0)
(0.693031 0 0)
(0.692969 0 0)
(0.692907 0 0)
(0.692844 0 0)
(0.692782 0 0)
(0.692719 0 0)
(0.692656 0 0)
(0.692593 0 0)
(0.69253 0 0)
(0.692466 0 0)
(0.692403 0 0)
(0.692339 0 0)
(0.692275 0 0)
(0.692211 0 0)
(0.692146 0 0)
(0.692082 0 0)
(0.692017 0 0)
(0.691952 0 0)
(0.691887 0 0)
(0.691821 0 0)
(0.691756 0 0)
(0.69169 0 0)
(0.691623 0 0)
(0.691556 0 0)
(0.691489 0 0)
(0.691422 0 0)
(0.691354 0 0)
(0.691286 0 0)
(0.691217 0 0)
(0.691148 0 0)
(0.691079 0 0)
(0.691008 0 0)
(0.690938 0 0)
(0.690866 0 0)
(0.690794 0 0)
(0.690721 0 0)
(0.690647 0 0)
(0.690573 0 0)
(0.690497 0 0)
(0.690421 0 0)
(0.690343 0 0)
(0.690264 0 0)
(0.690184 0 0)
(0.690102 0 0)
(0.690018 0 0)
(0.689933 0 0)
(0.689845 0 0)
(0.689756 0 0)
(0.689663 0 0)
(0.689568 0 0)
(0.689469 0 0)
(0.689366 0 0)
(0.689259 0 0)
(0.689147 0 0)
(0.689028 0 0)
(0.688903 0 0)
(0.68877 0 0)
(0.688627 0 0)
(0.688473 0 0)
(0.688305 0 0)
(0.688119 0 0)
(0.687912 0 0)
(0.687678 0 0)
(0.687409 0 0)
(0.687094 0 0)
(0.686716 0 0)
(0.68625 0 0)
(0.685656 0 0)
(0.684865 0 0)
(0.683746 0 0)
(0.682029 0 0)
(0.679069 0 0)
(0.672918 0 0)
(0.667651 0 0)
(0.665577 0 0)
(0.662935 0 0)
(0.658837 0 0)
(0.65279 0 0)
(0.64471 0 0)
(0.634825 0 0)
(0.623708 0 0)
(0.612313 0 0)
(0.601941 0 0)
(0.594101 0 0)
(0.590166 0 0)
(0.590839 0 0)
(0.595646 0 0)
(0.60289 0 0)
(0.610283 0 0)
(0.615902 0 0)
(0.618813 0 0)
(0.619065 0 0)
(0.617314 0 0)
(0.614426 0 0)
(0.611228 0 0)
(0.608391 0 0)
(0.606376 0 0)
(0.605414 0 0)
(0.605498 0 0)
(0.606417 0 0)
(0.607819 0 0)
(0.609313 0 0)
(0.610564 0 0)
(0.611362 0 0)
(0.61164 0 0)
(0.611457 0 0)
(0.610954 0 0)
(0.610307 0 0)
(0.609679 0 0)
(0.609198 0 0)
(0.608935 0 0)
(0.608901 0 0)
(0.609059 0 0)
(0.609338 0 0)
(0.609655 0 0)
(0.609937 0 0)
(0.61013 0 0)
(0.610212 0 0)
(0.610185 0 0)
(0.610076 0 0)
(0.609919 0 0)
(0.609754 0 0)
(0.609612 0 0)
(0.609514 0 0)
(0.609468 0 0)
(0.60947 0 0)
(0.609508 0 0)
(0.609565 0 0)
(0.609624 0 0)
(0.609672 0 0)
(0.609701 0 0)
(0.609709 0 0)
(0.609699 0 0)
(0.609678 0 0)
(0.609652 0 0)
(0.60963 0 0)
(0.609616 0 0)
(0.609613 0 0)
(0.609621 0 0)
(0.609638 0 0)
(0.60966 0 0)
(0.609684 0 0)
(0.609706 0 0)
(0.609725 0 0)
(0.609738 0 0)
(0.609747 0 0)
(0.609752 0 0)
(0.609753 0 0)
(0.609754 0 0)
(0.609753 0 0)
(0.609753 0 0)
(0.609753 0 0)
(0.609752 0 0)
(0.609751 0 0)
(0.609748 0 0)
(0.609744 0 0)
(0.609737 0 0)
(0.609729 0 0)
(0.609719 0 0)
(0.609708 0 0)
(0.609697 0 0)
(0.609686 0 0)
(0.609676 0 0)
(0.609668 0 0)
(0.609661 0 0)
(0.609656 0 0)
(0.609652 0 0)
(0.60965 0 0)
(0.60965 0 0)
(0.60965 0 0)
(0.609652 0 0)
(0.609654 0 0)
(0.609657 0 0)
(0.609662 0 0)
(0.609666 0 0)
(0.609672 0 0)
(0.609678 0 0)
(0.609684 0 0)
(0.609691 0 0)
(0.609697 0 0)
(0.609704 0 0)
(0.60971 0 0)
(0.609715 0 0)
(0.60972 0 0)
(0.609724 0 0)
(0.609727 0 0)
(0.609729 0 0)
(0.60973 0 0)
(0.60973 0 0)
(0.609728 0 0)
(0.609726 0 0)
(0.609722 0 0)
(0.609718 0 0)
(0.609713 0 0)
(0.609708 0 0)
(0.609701 0 0)
(0.609695 0 0)
(0.609688 0 0)
(0.609682 0 0)
(0.609675 0 0)
(0.609668 0 0)
(0.609662 0 0)
(0.609657 0 0)
(0.609651 0 0)
(0.609647 0 0)
(0.609643 0 0)
(0.609639 0 0)
(0.609637 0 0)
(0.609635 0 0)
(0.609633 0 0)
(0.609633 0 0)
(0.609632 0 0)
(0.609633 0 0)
(0.609634 0 0)
(0.609636 0 0)
(0.609638 0 0)
(0.60964 0 0)
(0.609643 0 0)
(0.609647 0 0)
(0.609651 0 0)
(0.609655 0 0)
(0.609659 0 0)
(0.609664 0 0)
(0.609669 0 0)
(0.609673 0 0)
(0.609678 0 0)
(0.609683 0 0)
(0.609687 0 0)
(0.609692 0 0)
(0.609696 0 0)
(0.609699 0 0)
(0.609703 0 0)
(0.609706 0 0)
(0.609708 0 0)
(0.60971 0 0)
(0.609711 0 0)
(0.609711 0 0)
(0.609711 0 0)
(0.60971 0 0)
(0.609709 0 0)
(0.609707 0 0)
(0.609705 0 0)
(0.609702 0 0)
(0.609699 0 0)
(0.609695 0 0)
(0.609691 0 0)
(0.609687 0 0)
(0.609683 0 0)
(0.609679 0 0)
(0.609675 0 0)
(0.609671 0 0)
(0.609667 0 0)
(0.609663 0 0)
(0.60966 0 0)
(0.609657 0 0)
(0.609654 0 0)
(0.609652 0 0)
(0.60965 0 0)
(0.609649 0 0)
(0.609648 0 0)
(0.609647 0 0)
(0.609647 0 0)
(0.609648 0 0)
(0.609649 0 0)
(0.60965 0 0)
(0.609651 0 0)
(0.609653 0 0)
(0.609656 0 0)
(0.609658 0 0)
(0.609661 0 0)
(0.609664 0 0)
(0.609667 0 0)
(0.609671 0 0)
(0.609674 0 0)
(0.609677 0 0)
(0.60968 0 0)
(0.609683 0 0)
(0.609686 0 0)
(0.609689 0 0)
(0.609691 0 0)
(0.609693 0 0)
(0.609695 0 0)
(0.609697 0 0)
(0.609698 0 0)
(0.609698 0 0)
(0.609698 0 0)
(0.609698 0 0)
(0.609698 0 0)
(0.609697 0 0)
(0.609695 0 0)
(0.609694 0 0)
(0.609692 0 0)
(0.609689 0 0)
(0.609687 0 0)
(0.609684 0 0)
(0.609681 0 0)
(0.609678 0 0)
(0.609674 0 0)
(0.609671 0 0)
(0.609668 0 0)
(0.609664 0 0)
(0.609661 0 0)
(0.609658 0 0)
(0.609654 0 0)
(0.609651 0 0)
(0.609649 0 0)
(0.609646 0 0)
(0.609644 0 0)
(0.609642 0 0)
(0.60964 0 0)
(0.609638 0 0)
(0.609637 0 0)
(0.609636 0 0)
(0.609635 0 0)
(0.609635 0 0)
(0.609635 0 0)
(0.609635 0 0)
(0.609635 0 0)
(0.609636 0 0)
(0.609637 0 0)
(0.609638 0 0)
(0.609639 0 0)
(0.609641 0 0)
(0.609643 0 0)
(0.609645 0 0)
(0.609647 0 0)
(0.60965 0 0)
(0.609652 0 0)
(0.609655 0 0)
(0.609657 0 0)
(0.60966 0 0)
(0.609663 0 0)
(0.609666 0 0)
(0.609668 0 0)
(0.609671 0 0)
(0.609673 0 0)
(0.609676 0 0)
(0.609678 0 0)
(0.60968 0 0)
(0.609682 0 0)
(0.609684 0 0)
(0.609686 0 0)
(0.609687 0 0)
(0.609688 0 0)
(0.609689 0 0)
(0.609689 0 0)
(0.60969 0 0)
(0.60969 0 0)
(0.609689 0 0)
(0.609689 0 0)
(0.609688 0 0)
(0.609687 0 0)
(0.609685 0 0)
(0.609684 0 0)
(0.609682 0 0)
(0.60968 0 0)
(0.609678 0 0)
(0.609675 0 0)
(0.609673 0 0)
(0.60967 0 0)
(0.609668 0 0)
(0.609665 0 0)
(0.609663 0 0)
(0.609661 0 0)
(0.609664 0 0)
(0.609701 0 0)
(0.610034 0 0)
(0.613676 0 0)
(0.624888 0 0)
(0.633544 0 0)
(0.63433 0 0)
(0.634331 0 0)
(0.634333 0 0)
(0.634334 0 0)
(0.634333 0 0)
(0.634331 0 0)
(0.634329 0 0)
(0.634328 0 0)
(0.634328 0 0)
(0.634328 0 0)
(0.634328 0 0)
(0.634329 0 0)
(0.63433 0 0)
(0.634331 0 0)
(0.634332 0 0)
(0.634334 0 0)
(0.634335 0 0)
(0.634337 0 0)
(0.634339 0 0)
(0.634342 0 0)
(0.634344 0 0)
(0.634347 0 0)
(0.634349 0 0)
(0.634352 0 0)
(0.634354 0 0)
(0.634357 0 0)
(0.63436 0 0)
(0.634362 0 0)
(0.634364 0 0)
(0.634366 0 0)
(0.634368 0 0)
(0.63437 0 0)
(0.634371 0 0)
(0.634372 0 0)
(0.634373 0 0)
(0.634374 0 0)
(0.634374 0 0)
(0.634374 0 0)
(0.634374 0 0)
(0.634373 0 0)
(0.634372 0 0)
(0.634371 0 0)
(0.634369 0 0)
(0.634367 0 0)
(0.634365 0 0)
(0.634363 0 0)
(0.634361 0 0)
(0.634358 0 0)
(0.634355 0 0)
(0.634353 0 0)
(0.63435 0 0)
(0.634347 0 0)
(0.634344 0 0)
(0.634341 0 0)
(0.634339 0 0)
(0.634336 0 0)
(0.634333 0 0)
(0.634331 0 0)
(0.634328 0 0)
(0.634326 0 0)
(0.634324 0 0)
(0.634321 0 0)
(0.634319 0 0)
(0.634318 0 0)
(0.634316 0 0)
(0.634314 0 0)
(0.634313 0 0)
(0.634312 0 0)
(0.63431 0 0)
(0.634309 0 0)
(0.634309 0 0)
(0.634308 0 0)
(0.634307 0 0)
(0.634306 0 0)
(0.634306 0 0)
(0.634305 0 0)
(0.634305 0 0)
(0.634305 0 0)
(0.634304 0 0)
(0.634304 0 0)
(0.634304 0 0)
(0.634304 0 0)
(0.634304 0 0)
(0.634304 0 0)
(0.634304 0 0)
(0.634304 0 0)
(0.634304 0 0)
(0.634304 0 0)
(0.634304 0 0)
(0.634304 0 0)
(0.634304 0 0)
(0.634304 0 0)
(0.634305 0 0)
(0.634305 0 0)
(0.634305 0 0)
(0.634306 0 0)
(0.634306 0 0)
(0.634307 0 0)
(0.634307 0 0)
(0.634308 0 0)
(0.634308 0 0)
(0.634309 0 0)
(0.63431 0 0)
(0.634311 0 0)
(0.634311 0 0)
(0.634312 0 0)
(0.634313 0 0)
(0.634315 0 0)
(0.634316 0 0)
(0.634317 0 0)
(0.634318 0 0)
(0.63432 0 0)
(0.634321 0 0)
(0.634323 0 0)
(0.634324 0 0)
(0.634326 0 0)
(0.634328 0 0)
(0.634329 0 0)
(0.634331 0 0)
(0.634333 0 0)
(0.634335 0 0)
(0.634336 0 0)
(0.634338 0 0)
(0.63434 0 0)
(0.634341 0 0)
(0.634343 0 0)
(0.634345 0 0)
(0.634346 0 0)
(0.634348 0 0)
(0.634349 0 0)
(0.63435 0 0)
(0.634351 0 0)
(0.634352 0 0)
(0.634353 0 0)
(0.634354 0 0)
(0.634354 0 0)
(0.634355 0 0)
(0.634355 0 0)
(0.634355 0 0)
(0.634355 0 0)
(0.634354 0 0)
(0.634354 0 0)
(0.634353 0 0)
(0.634352 0 0)
(0.634351 0 0)
(0.63435 0 0)
(0.634349 0 0)
(0.634348 0 0)
(0.634346 0 0)
(0.634345 0 0)
(0.634343 0 0)
(0.634341 0 0)
(0.634339 0 0)
(0.634337 0 0)
(0.634335 0 0)
(0.634333 0 0)
(0.634332 0 0)
(0.63433 0 0)
(0.634328 0 0)
(0.634326 0 0)
(0.634324 0 0)
(0.634322 0 0)
(0.63432 0 0)
(0.634318 0 0)
(0.634316 0 0)
(0.634315 0 0)
(0.634313 0 0)
(0.634311 0 0)
(0.63431 0 0)
(0.634308 0 0)
(0.634307 0 0)
(0.634306 0 0)
(0.634305 0 0)
(0.634303 0 0)
(0.634302 0 0)
(0.634301 0 0)
(0.6343 0 0)
(0.6343 0 0)
(0.634299 0 0)
(0.634298 0 0)
(0.634297 0 0)
(0.634297 0 0)
(0.634296 0 0)
(0.634295 0 0)
(0.634295 0 0)
(0.634294 0 0)
(0.634294 0 0)
(0.634294 0 0)
(0.634293 0 0)
(0.634293 0 0)
(0.634292 0 0)
(0.634292 0 0)
(0.634292 0 0)
(0.634291 0 0)
(0.634291 0 0)
(0.634291 0 0)
(0.634291 0 0)
(0.63429 0 0)
(0.63429 0 0)
(0.63429 0 0)
(0.634289 0 0)
(0.634289 0 0)
(0.634289 0 0)
(0.634288 0 0)
(0.634288 0 0)
(0.634288 0 0)
(0.634287 0 0)
(0.634287 0 0)
(0.634286 0 0)
(0.634286 0 0)
(0.634285 0 0)
(0.634285 0 0)
(0.634284 0 0)
(0.634284 0 0)
(0.634283 0 0)
(0.634283 0 0)
(0.634282 0 0)
(0.634281 0 0)
(0.63428 0 0)
(0.63428 0 0)
(0.634279 0 0)
(0.634278 0 0)
(0.634277 0 0)
(0.634276 0 0)
(0.634275 0 0)
(0.634274 0 0)
(0.634273 0 0)
(0.634271 0 0)
(0.63427 0 0)
(0.634269 0 0)
(0.634268 0 0)
(0.634267 0 0)
(0.634265 0 0)
(0.634264 0 0)
(0.634262 0 0)
(0.634261 0 0)
(0.63426 0 0)
(0.634258 0 0)
(0.634257 0 0)
(0.634256 0 0)
(0.634254 0 0)
(0.634253 0 0)
(0.634252 0 0)
(0.63425 0 0)
(0.634249 0 0)
(0.634248 0 0)
(0.634247 0 0)
(0.634245 0 0)
(0.634244 0 0)
(0.634243 0 0)
(0.634243 0 0)
(0.634242 0 0)
(0.634241 0 0)
(0.63424 0 0)
(0.63424 0 0)
(0.634239 0 0)
(0.634239 0 0)
(0.634239 0 0)
(0.634239 0 0)
(0.634239 0 0)
(0.634239 0 0)
(0.634239 0 0)
(0.634239 0 0)
(0.634239 0 0)
(0.63424 0 0)
(0.63424 0 0)
(0.634241 0 0)
(0.634241 0 0)
(0.634242 0 0)
(0.634243 0 0)
(0.634244 0 0)
(0.634245 0 0)
(0.634246 0 0)
(0.634247 0 0)
(0.634248 0 0)
)
;

boundaryField
{
    inlet
    {
        type            fractionalVelocity;
        U               1((1 0 0));
        fractionalFlow  Fa;
        value           uniform (0.709421 0 0);
    }
    outlet
    {
        type            zeroGradient;
    }
    emptyWalls
    {
        type            empty;
    }
}


// ************************************************************************* //
