/*--------------------------------*- C++ -*----------------------------------*\
  =========                 |
  \\      /  F ield         | OpenFOAM: The Open Source CFD Toolbox
   \\    /   O peration     | Website:  https://openfoam.org
    \\  /    A nd           | Version:  9
     \\/     M anipulation  |
\*---------------------------------------------------------------------------*/
FoamFile
{
    format      ascii;
    class       volScalarField;
    location    "16.4";
    object      p;
}
// * * * * * * * * * * * * * * * * * * * * * * * * * * * * * * * * * * * * * //

dimensions      [0 0 0 0 0 0 0];

internalField   nonuniform List<scalar> 
1000
(
1.4899e+13
1.48891e+13
1.48792e+13
1.48693e+13
1.48593e+13
1.48493e+13
1.48393e+13
1.48293e+13
1.48193e+13
1.48093e+13
1.47993e+13
1.47892e+13
1.47791e+13
1.4769e+13
1.47589e+13
1.47488e+13
1.47387e+13
1.47285e+13
1.47184e+13
1.47082e+13
1.4698e+13
1.46878e+13
1.46776e+13
1.46673e+13
1.46571e+13
1.46468e+13
1.46365e+13
1.46262e+13
1.46159e+13
1.46056e+13
1.45953e+13
1.45849e+13
1.45746e+13
1.45642e+13
1.45538e+13
1.45434e+13
1.4533e+13
1.45226e+13
1.45121e+13
1.45016e+13
1.44912e+13
1.44807e+13
1.44702e+13
1.44597e+13
1.44492e+13
1.44386e+13
1.44281e+13
1.44175e+13
1.44069e+13
1.43963e+13
1.43857e+13
1.43751e+13
1.43645e+13
1.43538e+13
1.43432e+13
1.43325e+13
1.43218e+13
1.43111e+13
1.43004e+13
1.42897e+13
1.42789e+13
1.42682e+13
1.42574e+13
1.42466e+13
1.42359e+13
1.42251e+13
1.42142e+13
1.42034e+13
1.41926e+13
1.41817e+13
1.41708e+13
1.416e+13
1.41491e+13
1.41382e+13
1.41273e+13
1.41163e+13
1.41054e+13
1.40944e+13
1.40835e+13
1.40725e+13
1.40615e+13
1.40505e+13
1.40395e+13
1.40284e+13
1.40174e+13
1.40063e+13
1.39953e+13
1.39842e+13
1.39731e+13
1.3962e+13
1.39509e+13
1.39397e+13
1.39286e+13
1.39174e+13
1.39063e+13
1.38951e+13
1.38839e+13
1.38727e+13
1.38615e+13
1.38502e+13
1.3839e+13
1.38278e+13
1.38165e+13
1.38052e+13
1.37939e+13
1.37826e+13
1.37713e+13
1.376e+13
1.37486e+13
1.37373e+13
1.37259e+13
1.37146e+13
1.37032e+13
1.36918e+13
1.36804e+13
1.3669e+13
1.36575e+13
1.36461e+13
1.36346e+13
1.36232e+13
1.36117e+13
1.36002e+13
1.35887e+13
1.35772e+13
1.35656e+13
1.35541e+13
1.35426e+13
1.3531e+13
1.35194e+13
1.35078e+13
1.34962e+13
1.34846e+13
1.3473e+13
1.34614e+13
1.34497e+13
1.34381e+13
1.34264e+13
1.34147e+13
1.3403e+13
1.33913e+13
1.33796e+13
1.33679e+13
1.33562e+13
1.33444e+13
1.33327e+13
1.33209e+13
1.33091e+13
1.32973e+13
1.32855e+13
1.32737e+13
1.32619e+13
1.32501e+13
1.32382e+13
1.32264e+13
1.32145e+13
1.32026e+13
1.31907e+13
1.31788e+13
1.31669e+13
1.3155e+13
1.3143e+13
1.31311e+13
1.31191e+13
1.31071e+13
1.30952e+13
1.30832e+13
1.30712e+13
1.30592e+13
1.30471e+13
1.30351e+13
1.3023e+13
1.3011e+13
1.29989e+13
1.29868e+13
1.29747e+13
1.29626e+13
1.29505e+13
1.29384e+13
1.29263e+13
1.29141e+13
1.2902e+13
1.28898e+13
1.28776e+13
1.28654e+13
1.28532e+13
1.2841e+13
1.28288e+13
1.28166e+13
1.28043e+13
1.27921e+13
1.27798e+13
1.27675e+13
1.27552e+13
1.27429e+13
1.27306e+13
1.27183e+13
1.2706e+13
1.26936e+13
1.26813e+13
1.26689e+13
1.26566e+13
1.26442e+13
1.26318e+13
1.26194e+13
1.2607e+13
1.25945e+13
1.25821e+13
1.25697e+13
1.25572e+13
1.25447e+13
1.25323e+13
1.25198e+13
1.25073e+13
1.24948e+13
1.24822e+13
1.24697e+13
1.24572e+13
1.24446e+13
1.24321e+13
1.24195e+13
1.24069e+13
1.23943e+13
1.23817e+13
1.23691e+13
1.23565e+13
1.23439e+13
1.23312e+13
1.23186e+13
1.23059e+13
1.22932e+13
1.22805e+13
1.22678e+13
1.22551e+13
1.22424e+13
1.22297e+13
1.2217e+13
1.22042e+13
1.21915e+13
1.21787e+13
1.21659e+13
1.21531e+13
1.21403e+13
1.21275e+13
1.21147e+13
1.21019e+13
1.2089e+13
1.20762e+13
1.20633e+13
1.20505e+13
1.20376e+13
1.20247e+13
1.20118e+13
1.19989e+13
1.1986e+13
1.19731e+13
1.19601e+13
1.19472e+13
1.19342e+13
1.19212e+13
1.19083e+13
1.18953e+13
1.18823e+13
1.18693e+13
1.18563e+13
1.18432e+13
1.18302e+13
1.18172e+13
1.18041e+13
1.1791e+13
1.1778e+13
1.17649e+13
1.17518e+13
1.17387e+13
1.17256e+13
1.17124e+13
1.16993e+13
1.16861e+13
1.1673e+13
1.16598e+13
1.16467e+13
1.16335e+13
1.16203e+13
1.16071e+13
1.15939e+13
1.15806e+13
1.15674e+13
1.15542e+13
1.15409e+13
1.15277e+13
1.15144e+13
1.15011e+13
1.14878e+13
1.14745e+13
1.14612e+13
1.14479e+13
1.14345e+13
1.14212e+13
1.14079e+13
1.13945e+13
1.13811e+13
1.13678e+13
1.13544e+13
1.1341e+13
1.13276e+13
1.13142e+13
1.13007e+13
1.12873e+13
1.12739e+13
1.12604e+13
1.12469e+13
1.12335e+13
1.122e+13
1.12065e+13
1.1193e+13
1.11795e+13
1.1166e+13
1.11524e+13
1.11389e+13
1.11253e+13
1.11118e+13
1.10982e+13
1.10846e+13
1.10711e+13
1.10575e+13
1.10439e+13
1.10302e+13
1.10166e+13
1.1003e+13
1.09894e+13
1.09757e+13
1.0962e+13
1.09484e+13
1.09347e+13
1.0921e+13
1.09073e+13
1.08936e+13
1.08799e+13
1.08662e+13
1.08524e+13
1.08387e+13
1.08249e+13
1.08112e+13
1.07974e+13
1.07836e+13
1.07698e+13
1.0756e+13
1.07422e+13
1.07284e+13
1.07146e+13
1.07007e+13
1.06869e+13
1.0673e+13
1.06592e+13
1.06453e+13
1.06314e+13
1.06175e+13
1.06036e+13
1.05897e+13
1.05758e+13
1.05619e+13
1.05479e+13
1.0534e+13
1.052e+13
1.05061e+13
1.04921e+13
1.04781e+13
1.04641e+13
1.04501e+13
1.04361e+13
1.04221e+13
1.04081e+13
1.0394e+13
1.038e+13
1.03659e+13
1.03519e+13
1.03378e+13
1.03237e+13
1.03096e+13
1.02955e+13
1.02814e+13
1.02673e+13
1.02532e+13
1.02391e+13
1.02249e+13
1.02108e+13
1.01966e+13
1.01824e+13
1.01683e+13
1.01541e+13
1.01399e+13
1.01257e+13
1.01114e+13
1.00972e+13
1.0083e+13
1.00688e+13
1.00545e+13
1.00402e+13
1.0026e+13
1.00117e+13
9.99741e+12
9.98312e+12
9.96882e+12
9.9545e+12
9.94018e+12
9.92585e+12
9.91152e+12
9.89717e+12
9.88281e+12
9.86845e+12
9.85408e+12
9.83969e+12
9.8253e+12
9.8109e+12
9.7965e+12
9.78208e+12
9.76765e+12
9.75322e+12
9.73878e+12
9.72432e+12
9.70986e+12
9.69539e+12
9.68092e+12
9.66643e+12
9.65194e+12
9.63743e+12
9.62292e+12
9.6084e+12
9.59387e+12
9.57933e+12
9.56478e+12
9.55023e+12
9.53566e+12
9.52109e+12
9.50651e+12
9.49192e+12
9.47732e+12
9.46271e+12
9.4481e+12
9.43347e+12
9.41884e+12
9.4042e+12
9.38955e+12
9.37489e+12
9.36022e+12
9.34555e+12
9.33086e+12
9.31617e+12
9.30147e+12
9.28676e+12
9.27204e+12
9.25731e+12
9.24258e+12
9.22783e+12
9.21308e+12
9.19832e+12
9.18355e+12
9.16877e+12
9.15399e+12
9.13919e+12
9.12439e+12
9.10958e+12
9.09476e+12
9.07993e+12
9.06509e+12
9.05024e+12
9.03539e+12
9.02053e+12
9.00566e+12
8.99078e+12
8.97589e+12
8.96099e+12
8.94609e+12
8.93118e+12
8.91626e+12
8.90133e+12
8.88639e+12
8.87144e+12
8.85649e+12
8.84153e+12
8.82655e+12
8.81157e+12
8.79659e+12
8.78159e+12
8.76659e+12
8.75157e+12
8.73655e+12
8.72152e+12
8.70648e+12
8.69144e+12
8.67638e+12
8.66132e+12
8.64625e+12
8.63117e+12
8.61608e+12
8.60099e+12
8.58588e+12
8.57077e+12
8.55565e+12
8.54052e+12
8.52539e+12
8.51024e+12
8.49509e+12
8.47992e+12
8.46475e+12
8.44958e+12
8.43439e+12
8.4192e+12
8.40399e+12
8.38878e+12
8.37356e+12
8.35833e+12
8.3431e+12
8.32786e+12
8.3126e+12
8.29734e+12
8.28208e+12
8.2668e+12
8.25151e+12
8.23622e+12
8.22092e+12
8.20561e+12
8.19029e+12
8.17497e+12
8.15964e+12
8.14429e+12
8.12895e+12
8.11359e+12
8.09822e+12
8.08285e+12
8.06747e+12
8.05208e+12
8.03668e+12
8.02127e+12
8.00586e+12
7.99043e+12
7.975e+12
7.95957e+12
7.94412e+12
7.92866e+12
7.9132e+12
7.89773e+12
7.88225e+12
7.86677e+12
7.85127e+12
7.83577e+12
7.82026e+12
7.80474e+12
7.78921e+12
7.77368e+12
7.75813e+12
7.74258e+12
7.72703e+12
7.71146e+12
7.69588e+12
7.6803e+12
7.66471e+12
7.64911e+12
7.6335e+12
7.61789e+12
7.60227e+12
7.58664e+12
7.571e+12
7.55535e+12
7.5397e+12
7.52404e+12
7.50837e+12
7.49269e+12
7.477e+12
7.46131e+12
7.44561e+12
7.4299e+12
7.41418e+12
7.39845e+12
7.38272e+12
7.36698e+12
7.35123e+12
7.33547e+12
7.31971e+12
7.30393e+12
7.28815e+12
7.27237e+12
7.25657e+12
7.24076e+12
7.22495e+12
7.20913e+12
7.1933e+12
7.17747e+12
7.16163e+12
7.14577e+12
7.12992e+12
7.11405e+12
7.09817e+12
7.08229e+12
7.0664e+12
7.0505e+12
7.0346e+12
7.01868e+12
7.00276e+12
6.98683e+12
6.9709e+12
6.95495e+12
6.939e+12
6.92304e+12
6.90707e+12
6.89109e+12
6.87511e+12
6.85912e+12
6.84312e+12
6.82711e+12
6.8111e+12
6.79508e+12
6.77905e+12
6.76301e+12
6.74696e+12
6.73091e+12
6.71485e+12
6.69878e+12
6.6827e+12
6.66662e+12
6.65053e+12
6.63443e+12
6.61832e+12
6.60221e+12
6.58608e+12
6.56995e+12
6.55382e+12
6.53767e+12
6.52152e+12
6.50536e+12
6.48919e+12
6.47301e+12
6.45683e+12
6.44064e+12
6.42444e+12
6.40823e+12
6.39202e+12
6.37579e+12
6.35956e+12
6.34333e+12
6.32708e+12
6.31083e+12
6.29457e+12
6.2783e+12
6.26203e+12
6.24574e+12
6.22945e+12
6.21315e+12
6.19685e+12
6.18054e+12
6.16421e+12
6.14789e+12
6.13155e+12
6.11521e+12
6.09886e+12
6.0825e+12
6.06613e+12
6.04976e+12
6.03337e+12
6.01699e+12
6.00059e+12
5.98419e+12
5.96777e+12
5.95135e+12
5.93493e+12
5.91849e+12
5.90205e+12
5.8856e+12
5.86915e+12
5.85268e+12
5.83621e+12
5.81973e+12
5.80324e+12
5.78675e+12
5.77025e+12
5.75374e+12
5.73722e+12
5.7207e+12
5.70417e+12
5.68763e+12
5.67108e+12
5.65453e+12
5.63797e+12
5.6214e+12
5.60482e+12
5.58824e+12
5.57164e+12
5.55505e+12
5.53844e+12
5.52183e+12
5.5052e+12
5.48858e+12
5.47194e+12
5.4553e+12
5.43865e+12
5.42199e+12
5.40532e+12
5.38865e+12
5.37197e+12
5.35528e+12
5.33859e+12
5.32188e+12
5.30517e+12
5.28846e+12
5.27173e+12
5.255e+12
5.23826e+12
5.22151e+12
5.20476e+12
5.188e+12
5.17123e+12
5.15445e+12
5.13767e+12
5.12087e+12
5.10408e+12
5.08727e+12
5.07046e+12
5.05364e+12
5.03681e+12
5.01997e+12
5.00313e+12
4.98628e+12
4.96942e+12
4.95256e+12
4.93569e+12
4.91881e+12
4.90192e+12
4.88503e+12
4.86813e+12
4.85122e+12
4.8343e+12
4.81738e+12
4.80045e+12
4.78351e+12
4.76656e+12
4.74961e+12
4.73265e+12
4.71569e+12
4.69871e+12
4.68173e+12
4.66474e+12
4.64775e+12
4.63074e+12
4.61373e+12
4.59671e+12
4.57969e+12
4.56266e+12
4.54562e+12
4.52857e+12
4.51152e+12
4.49446e+12
4.47739e+12
4.46031e+12
4.44323e+12
4.42614e+12
4.40904e+12
4.39194e+12
4.37483e+12
4.35771e+12
4.34058e+12
4.32345e+12
4.30631e+12
4.28916e+12
4.272e+12
4.25484e+12
4.23767e+12
4.2205e+12
4.20331e+12
4.18612e+12
4.16892e+12
4.15172e+12
4.1345e+12
4.11729e+12
4.10006e+12
4.08282e+12
4.06558e+12
4.04833e+12
4.03108e+12
4.01382e+12
3.99655e+12
3.97927e+12
3.96199e+12
3.94469e+12
3.9274e+12
3.91009e+12
3.89278e+12
3.87546e+12
3.85813e+12
3.8408e+12
3.82346e+12
3.80611e+12
3.78875e+12
3.77139e+12
3.75402e+12
3.73664e+12
3.71926e+12
3.70187e+12
3.68447e+12
3.66707e+12
3.64965e+12
3.63224e+12
3.61481e+12
3.59738e+12
3.57994e+12
3.56249e+12
3.54503e+12
3.52757e+12
3.5101e+12
3.49263e+12
3.47514e+12
3.45765e+12
3.44016e+12
3.42265e+12
3.40514e+12
3.38762e+12
3.3701e+12
3.35257e+12
3.33503e+12
3.31748e+12
3.29993e+12
3.28237e+12
3.2648e+12
3.24722e+12
3.22964e+12
3.21205e+12
3.19446e+12
3.17686e+12
3.15925e+12
3.14163e+12
3.12401e+12
3.10637e+12
3.08874e+12
3.07109e+12
3.05344e+12
3.03578e+12
3.01812e+12
3.00044e+12
2.98276e+12
2.96508e+12
2.94738e+12
2.92968e+12
2.91198e+12
2.89426e+12
2.87654e+12
2.85881e+12
2.84108e+12
2.82333e+12
2.80558e+12
2.78783e+12
2.77006e+12
2.75229e+12
2.73452e+12
2.71673e+12
2.69894e+12
2.68114e+12
2.66334e+12
2.64553e+12
2.62771e+12
2.60988e+12
2.59205e+12
2.57421e+12
2.55636e+12
2.53851e+12
2.52065e+12
2.50278e+12
2.48491e+12
2.46703e+12
2.44914e+12
2.43124e+12
2.41334e+12
2.39543e+12
2.37752e+12
2.3596e+12
2.34167e+12
2.32373e+12
2.30579e+12
2.28784e+12
2.26988e+12
2.25192e+12
2.23394e+12
2.21597e+12
2.19798e+12
2.17999e+12
2.16199e+12
2.14399e+12
2.12598e+12
2.10796e+12
2.08993e+12
2.0719e+12
2.05386e+12
2.03581e+12
2.01776e+12
1.9997e+12
1.98163e+12
1.96356e+12
1.94548e+12
1.92739e+12
1.9093e+12
1.8912e+12
1.87309e+12
1.85497e+12
1.83685e+12
1.81872e+12
1.80059e+12
1.78245e+12
1.7643e+12
1.74614e+12
1.72798e+12
1.70981e+12
1.69163e+12
1.67345e+12
1.65526e+12
1.63707e+12
1.61886e+12
1.60065e+12
1.58244e+12
1.56421e+12
1.54598e+12
1.52774e+12
1.5095e+12
1.49125e+12
1.47299e+12
1.45473e+12
1.43646e+12
1.41818e+12
1.39989e+12
1.3816e+12
1.3633e+12
1.345e+12
1.32669e+12
1.30837e+12
1.29004e+12
1.27171e+12
1.25337e+12
1.23503e+12
1.21667e+12
1.19832e+12
1.17995e+12
1.16158e+12
1.1432e+12
1.12481e+12
1.10642e+12
1.08802e+12
1.06961e+12
1.0512e+12
1.03278e+12
1.01435e+12
9.95921e+11
9.77481e+11
9.59035e+11
9.40582e+11
9.22122e+11
9.03655e+11
8.85181e+11
8.66701e+11
8.48214e+11
8.29721e+11
8.11221e+11
7.92714e+11
7.742e+11
7.5568e+11
7.37153e+11
7.18619e+11
7.00078e+11
6.81531e+11
6.62977e+11
6.44417e+11
6.2585e+11
6.07276e+11
5.88695e+11
5.70108e+11
5.51514e+11
5.32914e+11
5.14306e+11
4.95693e+11
4.77072e+11
4.58445e+11
4.39811e+11
4.2117e+11
4.02523e+11
3.83869e+11
3.65209e+11
3.46541e+11
3.27868e+11
3.09187e+11
2.905e+11
2.71806e+11
2.53106e+11
2.34399e+11
2.15685e+11
1.96965e+11
1.78238e+11
1.59504e+11
1.40764e+11
1.22017e+11
1.03263e+11
8.45034e+10
6.57366e+10
4.69632e+10
2.81832e+10
9.39662e+09
)
;

boundaryField
{
    inlet
    {
        type            darcyGradPressure_G;
        gradient        uniform 3.23949e+11;
        Mf              Mf;
        phi             phi;
        phiG            phiG;
        value           uniform 1.4904e+13;
    }
    outlet
    {
        type            fixedValue;
        value           uniform 0;
    }
    emptyWalls
    {
        type            empty;
    }
}


// ************************************************************************* //
