/*--------------------------------*- C++ -*----------------------------------*\
  =========                 |
  \\      /  F ield         | OpenFOAM: The Open Source CFD Toolbox
   \\    /   O peration     | Website:  https://openfoam.org
    \\  /    A nd           | Version:  9
     \\/     M anipulation  |
\*---------------------------------------------------------------------------*/
FoamFile
{
    format      ascii;
    class       volScalarField;
    location    "16.4";
    object      Sc;
}
// * * * * * * * * * * * * * * * * * * * * * * * * * * * * * * * * * * * * * //

dimensions      [0 0 0 0 0 0 0];

internalField   nonuniform List<scalar> 
1000
(
0.000964032
0.00155617
0.00210484
0.0026327
0.00314759
0.00365324
0.00415173
0.00464437
0.00513201
0.00561529
0.00609463
0.00657039
0.00704284
0.00751219
0.00797862
0.00844226
0.00890325
0.00936169
0.00981767
0.0102713
0.0107226
0.0111716
0.0116185
0.0120632
0.0125058
0.0129464
0.013385
0.0138216
0.0142562
0.014689
0.0151199
0.0155489
0.0159761
0.0164016
0.0168252
0.0172471
0.0176673
0.0180858
0.0185026
0.0189178
0.0193313
0.0197431
0.0201534
0.0205621
0.0209692
0.0213747
0.0217787
0.0221812
0.0225822
0.0229816
0.0233796
0.0237762
0.0241712
0.0245648
0.024957
0.0253478
0.0257372
0.0261252
0.0265118
0.026897
0.0272809
0.0276634
0.0280446
0.0284245
0.028803
0.0291803
0.0295563
0.0299309
0.0303044
0.0306765
0.0310474
0.0314171
0.0317855
0.0321527
0.0325187
0.0328835
0.0332471
0.0336095
0.0339707
0.0343308
0.0346896
0.0350474
0.035404
0.0357594
0.0361138
0.036467
0.0368191
0.03717
0.0375199
0.0378687
0.0382165
0.0385631
0.0389087
0.0392532
0.0395967
0.0399391
0.0402805
0.0406208
0.0409601
0.0412984
0.0416357
0.041972
0.0423073
0.0426416
0.0429749
0.0433072
0.0436385
0.0439689
0.0442983
0.0446268
0.0449543
0.0452809
0.0456065
0.0459312
0.046255
0.0465779
0.0468998
0.0472208
0.047541
0.0478602
0.0481785
0.048496
0.0488126
0.0491282
0.0494431
0.049757
0.0500701
0.0503824
0.0506937
0.0510043
0.051314
0.0516228
0.0519309
0.0522381
0.0525445
0.05285
0.0531548
0.0534587
0.0537619
0.0540642
0.0543658
0.0546665
0.0549665
0.0552657
0.0555641
0.0558618
0.0561587
0.0564548
0.0567501
0.0570447
0.0573386
0.0576317
0.0579241
0.0582157
0.0585066
0.0587967
0.0590861
0.0593748
0.0596628
0.0599501
0.0602367
0.0605225
0.0608077
0.0610921
0.0613759
0.0616589
0.0619413
0.062223
0.062504
0.0627843
0.0630639
0.0633429
0.0636212
0.0638989
0.0641758
0.0644522
0.0647278
0.0650028
0.0652772
0.0655509
0.065824
0.0660965
0.0663683
0.0666394
0.06691
0.0671799
0.0674492
0.0677179
0.0679859
0.0682534
0.0685202
0.0687865
0.0690521
0.0693171
0.0695815
0.0698454
0.0701086
0.0703712
0.0706333
0.0708948
0.0711557
0.071416
0.0716757
0.0719349
0.0721935
0.0724515
0.0727089
0.0729658
0.0732222
0.073478
0.0737332
0.0739879
0.074242
0.0744956
0.0747486
0.0750011
0.075253
0.0755044
0.0757553
0.0760057
0.0762555
0.0765048
0.0767535
0.0770018
0.0772495
0.0774967
0.0777434
0.0779895
0.0782352
0.0784803
0.078725
0.0789691
0.0792128
0.0794559
0.0796986
0.0799407
0.0801824
0.0804235
0.0806642
0.0809044
0.0811441
0.0813833
0.081622
0.0818603
0.0820981
0.0823354
0.0825722
0.0828086
0.0830445
0.0832799
0.0835149
0.0837494
0.0839834
0.084217
0.0844501
0.0846828
0.084915
0.0851468
0.0853781
0.085609
0.0858394
0.0860694
0.086299
0.0865281
0.0867567
0.086985
0.0872128
0.0874401
0.0876671
0.0878936
0.0881197
0.0883453
0.0885705
0.0887954
0.0890197
0.0892437
0.0894673
0.0896904
0.0899131
0.0901354
0.0903573
0.0905788
0.0907999
0.0910206
0.0912409
0.0914607
0.0916802
0.0918993
0.092118
0.0923362
0.0925541
0.0927716
0.0929887
0.0932054
0.0934218
0.0936377
0.0938533
0.0940684
0.0942832
0.0944976
0.0947116
0.0949253
0.0951386
0.0953515
0.095564
0.0957761
0.0959879
0.0961993
0.0964104
0.0966211
0.0968314
0.0970413
0.0972509
0.0974601
0.097669
0.0978775
0.0980857
0.0982934
0.0985009
0.098708
0.0989147
0.0991211
0.0993271
0.0995328
0.0997382
0.0999432
0.100148
0.100352
0.100556
0.10076
0.100963
0.101166
0.101369
0.101571
0.101773
0.101974
0.102176
0.102377
0.102577
0.102778
0.102978
0.103177
0.103376
0.103575
0.103774
0.103972
0.104171
0.104368
0.104566
0.104763
0.104959
0.105156
0.105352
0.105548
0.105743
0.105939
0.106133
0.106328
0.106522
0.106716
0.10691
0.107103
0.107296
0.107489
0.107682
0.107874
0.108066
0.108257
0.108448
0.108639
0.10883
0.10902
0.10921
0.1094
0.10959
0.109779
0.109968
0.110157
0.110345
0.110533
0.110721
0.110908
0.111095
0.111282
0.111469
0.111655
0.111842
0.112027
0.112213
0.112398
0.112583
0.112768
0.112952
0.113136
0.11332
0.113504
0.113687
0.11387
0.114053
0.114236
0.114418
0.1146
0.114782
0.114963
0.115145
0.115325
0.115506
0.115687
0.115867
0.116047
0.116226
0.116406
0.116585
0.116764
0.116942
0.117121
0.117299
0.117477
0.117654
0.117832
0.118009
0.118186
0.118362
0.118539
0.118715
0.118891
0.119067
0.119242
0.119417
0.119592
0.119767
0.119941
0.120115
0.120289
0.120463
0.120636
0.12081
0.120983
0.121155
0.121328
0.1215
0.121672
0.121844
0.122016
0.122187
0.122358
0.122529
0.1227
0.12287
0.12304
0.12321
0.12338
0.123549
0.123719
0.123888
0.124057
0.124225
0.124394
0.124562
0.12473
0.124898
0.125065
0.125232
0.125399
0.125566
0.125733
0.125899
0.126066
0.126231
0.126397
0.126563
0.126728
0.126893
0.127058
0.127223
0.127387
0.127552
0.127716
0.12788
0.128043
0.128207
0.12837
0.128533
0.128696
0.128858
0.129021
0.129183
0.129345
0.129507
0.129668
0.12983
0.129991
0.130152
0.130313
0.130473
0.130634
0.130794
0.130954
0.131114
0.131273
0.131433
0.131592
0.131751
0.13191
0.132068
0.132227
0.132385
0.132543
0.132701
0.132858
0.133016
0.133173
0.13333
0.133487
0.133644
0.1338
0.133956
0.134112
0.134268
0.134424
0.13458
0.134735
0.13489
0.135045
0.1352
0.135355
0.135509
0.135663
0.135818
0.135971
0.136125
0.136279
0.136432
0.136585
0.136738
0.136891
0.137044
0.137196
0.137349
0.137501
0.137653
0.137804
0.137956
0.138107
0.138259
0.13841
0.138561
0.138711
0.138862
0.139012
0.139162
0.139312
0.139462
0.139612
0.139761
0.139911
0.14006
0.140209
0.140358
0.140507
0.140655
0.140803
0.140952
0.1411
0.141247
0.141395
0.141543
0.14169
0.141837
0.141984
0.142131
0.142278
0.142424
0.142571
0.142717
0.142863
0.143009
0.143154
0.1433
0.143445
0.143591
0.143736
0.143881
0.144025
0.14417
0.144315
0.144459
0.144603
0.144747
0.144891
0.145034
0.145178
0.145321
0.145465
0.145608
0.145751
0.145893
0.146036
0.146178
0.146321
0.146463
0.146605
0.146747
0.146888
0.14703
0.147171
0.147313
0.147454
0.147595
0.147736
0.147876
0.148017
0.148157
0.148297
0.148437
0.148577
0.148717
0.148857
0.148996
0.149136
0.149275
0.149414
0.149553
0.149692
0.14983
0.149969
0.150107
0.150245
0.150383
0.150521
0.150659
0.150797
0.150934
0.151072
0.151209
0.151346
0.151483
0.15162
0.151756
0.151893
0.152029
0.152166
0.152302
0.152438
0.152574
0.152709
0.152845
0.15298
0.153116
0.153251
0.153386
0.153521
0.153656
0.15379
0.153925
0.154059
0.154194
0.154328
0.154462
0.154596
0.154729
0.154863
0.154996
0.15513
0.155263
0.155396
0.155529
0.155662
0.155795
0.155927
0.15606
0.156192
0.156324
0.156456
0.156588
0.15672
0.156852
0.156983
0.157115
0.157246
0.157377
0.157508
0.157639
0.15777
0.157901
0.158031
0.158162
0.158292
0.158422
0.158553
0.158683
0.158812
0.158942
0.159072
0.159201
0.159331
0.15946
0.159589
0.159718
0.159847
0.159976
0.160104
0.160233
0.160361
0.16049
0.160618
0.160746
0.160874
0.161002
0.161129
0.161257
0.161384
0.161512
0.161639
0.161766
0.161893
0.16202
0.162147
0.162274
0.1624
0.162527
0.162653
0.162779
0.162905
0.163031
0.163157
0.163283
0.163409
0.163534
0.16366
0.163785
0.16391
0.164035
0.16416
0.164285
0.16441
0.164535
0.164659
0.164784
0.164908
0.165032
0.165156
0.16528
0.165404
0.165528
0.165652
0.165775
0.165899
0.166022
0.166145
0.166269
0.166392
0.166515
0.166637
0.16676
0.166883
0.167005
0.167128
0.16725
0.167372
0.167494
0.167617
0.167738
0.16786
0.167982
0.168104
0.168225
0.168346
0.168468
0.168589
0.16871
0.168831
0.168952
0.169073
0.169193
0.169314
0.169434
0.169555
0.169675
0.169795
0.169915
0.170035
0.170155
0.170275
0.170395
0.170514
0.170634
0.170753
0.170873
0.170992
0.171111
0.17123
0.171349
0.171468
0.171586
0.171705
0.171824
0.171942
0.17206
0.172179
0.172297
0.172415
0.172533
0.172651
0.172768
0.172886
0.173004
0.173121
0.173239
0.173356
0.173473
0.17359
0.173707
0.173824
0.173941
0.174058
0.174174
0.174291
0.174407
0.174524
0.17464
0.174756
0.174872
0.174988
0.175104
0.17522
0.175336
0.175452
0.175567
0.175683
0.175798
0.175913
0.176029
0.176144
0.176259
0.176374
0.176489
0.176603
0.176718
0.176833
0.176947
0.177062
0.177176
0.17729
0.177404
0.177518
0.177632
0.177746
0.17786
0.177974
0.178088
0.178201
0.178315
0.178428
0.178541
0.178654
0.178768
0.178881
0.178994
0.179107
0.179219
0.179332
0.179445
0.179557
0.17967
0.179782
0.179894
0.180007
0.180119
0.180231
0.180343
0.180455
0.180567
0.180678
0.18079
0.180902
0.181013
0.181125
0.181236
0.181347
0.181458
0.181569
0.18168
0.181791
0.181902
0.182013
0.182124
0.182234
0.182345
0.182455
0.182566
0.182676
0.182786
0.182896
0.183006
0.183116
0.183226
0.183336
0.183446
0.183556
0.183665
0.183775
0.183884
0.183994
0.184103
0.184212
0.184321
0.18443
0.184539
0.184648
0.184757
0.184866
0.184975
0.185083
0.185192
0.1853
0.185409
0.185517
0.185625
0.185734
0.185842
0.18595
0.186058
0.186166
0.186274
0.186381
0.186489
0.186597
0.186704
0.186812
0.186919
0.187026
0.187134
0.187241
0.187348
0.187455
0.187562
0.187669
0.187776
0.187882
0.187989
0.188096
0.188202
0.188309
0.188415
0.188521
0.188628
0.188734
0.18884
0.188946
0.189052
0.189158
0.189264
0.18937
0.189475
0.189581
0.189687
0.189792
0.189898
0.190003
0.190108
0.190214
0.190319
0.190424
0.190529
0.190634
0.190739
0.190844
0.190948
0.191053
0.191158
0.191262
0.191367
0.191471
0.191576
0.19168
0.191784
0.191889
0.191993
0.192097
0.192201
0.192305
0.192409
0.192513
0.192616
0.19272
0.192824
0.192927
0.193031
0.193134
0.193238
0.193341
0.193444
0.193547
0.193651
0.193754
0.193857
0.19396
0.194063
0.194165
)
;

boundaryField
{
    inlet
    {
        type            calculated;
        value           uniform 0;
    }
    outlet
    {
        type            calculated;
        value           uniform 0.194165;
    }
    emptyWalls
    {
        type            empty;
    }
}


// ************************************************************************* //
