/*--------------------------------*- C++ -*----------------------------------*\
  =========                 |
  \\      /  F ield         | OpenFOAM: The Open Source CFD Toolbox
   \\    /   O peration     | Website:  https://openfoam.org
    \\  /    A nd           | Version:  9
     \\/     M anipulation  |
\*---------------------------------------------------------------------------*/
FoamFile
{
    format      ascii;
    class       volScalarField;
    location    "4.6";
    object      Fa;
}
// * * * * * * * * * * * * * * * * * * * * * * * * * * * * * * * * * * * * * //

dimensions      [0 0 0 0 0 0 0];

internalField   nonuniform List<scalar> 
1000
(
0.709419
0.709415
0.70941
0.709403
0.709396
0.709387
0.709378
0.709367
0.709355
0.709343
0.709329
0.709314
0.709299
0.709283
0.709266
0.709248
0.709229
0.70921
0.70919
0.709169
0.709147
0.709125
0.709102
0.709079
0.709054
0.709029
0.709004
0.708978
0.708951
0.708924
0.708896
0.708867
0.708838
0.708809
0.708779
0.708748
0.708717
0.708686
0.708654
0.708621
0.708588
0.708555
0.708521
0.708487
0.708452
0.708417
0.708381
0.708345
0.708309
0.708272
0.708235
0.708197
0.708159
0.708121
0.708082
0.708043
0.708004
0.707964
0.707924
0.707884
0.707843
0.707802
0.707761
0.707719
0.707677
0.707635
0.707592
0.707549
0.707506
0.707462
0.707419
0.707375
0.70733
0.707286
0.707241
0.707196
0.70715
0.707105
0.707059
0.707013
0.706966
0.70692
0.706873
0.706826
0.706778
0.706731
0.706683
0.706635
0.706587
0.706538
0.70649
0.706441
0.706392
0.706342
0.706293
0.706243
0.706193
0.706143
0.706093
0.706042
0.705992
0.705941
0.70589
0.705838
0.705787
0.705735
0.705683
0.705632
0.705579
0.705527
0.705475
0.705422
0.705369
0.705316
0.705263
0.70521
0.705156
0.705103
0.705049
0.704995
0.704941
0.704887
0.704832
0.704778
0.704723
0.704668
0.704613
0.704558
0.704503
0.704447
0.704392
0.704336
0.70428
0.704224
0.704168
0.704112
0.704056
0.703999
0.703943
0.703886
0.703829
0.703772
0.703715
0.703658
0.7036
0.703543
0.703485
0.703428
0.70337
0.703312
0.703254
0.703196
0.703137
0.703079
0.703021
0.702962
0.702903
0.702844
0.702785
0.702726
0.702667
0.702608
0.702549
0.702489
0.70243
0.70237
0.70231
0.70225
0.70219
0.70213
0.70207
0.70201
0.70195
0.701889
0.701829
0.701768
0.701707
0.701646
0.701585
0.701524
0.701463
0.701402
0.701341
0.701279
0.701218
0.701156
0.701095
0.701033
0.700971
0.700909
0.700847
0.700785
0.700723
0.700661
0.700598
0.700536
0.700474
0.700411
0.700348
0.700286
0.700223
0.70016
0.700097
0.700034
0.699971
0.699907
0.699844
0.699781
0.699717
0.699654
0.69959
0.699527
0.699463
0.699399
0.699335
0.699271
0.699207
0.699143
0.699079
0.699014
0.69895
0.698886
0.698821
0.698756
0.698692
0.698627
0.698562
0.698497
0.698432
0.698367
0.698302
0.698237
0.698172
0.698107
0.698041
0.697976
0.69791
0.697845
0.697779
0.697713
0.697648
0.697582
0.697516
0.69745
0.697384
0.697318
0.697251
0.697185
0.697119
0.697052
0.696986
0.696919
0.696853
0.696786
0.696719
0.696652
0.696585
0.696518
0.696451
0.696384
0.696317
0.69625
0.696182
0.696115
0.696047
0.69598
0.695912
0.695844
0.695777
0.695709
0.695641
0.695573
0.695505
0.695436
0.695368
0.6953
0.695231
0.695163
0.695094
0.695026
0.694957
0.694888
0.694819
0.69475
0.694681
0.694612
0.694542
0.694473
0.694403
0.694334
0.694264
0.694194
0.694124
0.694054
0.693984
0.693914
0.693844
0.693773
0.693703
0.693632
0.693561
0.69349
0.693419
0.693348
0.693276
0.693205
0.693133
0.693061
0.692989
0.692917
0.692844
0.692772
0.692699
0.692626
0.692553
0.692479
0.692406
0.692332
0.692258
0.692183
0.692108
0.692033
0.691958
0.691882
0.691806
0.69173
0.691653
0.691575
0.691498
0.691419
0.69134
0.691261
0.691181
0.6911
0.691019
0.690937
0.690854
0.69077
0.690685
0.690599
0.690511
0.690423
0.690332
0.690241
0.690147
0.690052
0.689954
0.689853
0.68975
0.689644
0.689534
0.689419
0.6893
0.689175
0.689044
0.688905
0.688757
0.688598
0.688426
0.688237
0.688029
0.687796
0.687531
0.687223
0.686859
0.686417
0.685863
0.685139
0.684145
0.68268
0.680297
0.675842
0.664059
0.660374
0.654686
0.645847
0.633926
0.619763
0.604906
0.591628
0.582657
0.580375
0.585502
0.596081
0.608107
0.617709
0.622941
0.623862
0.621612
0.617567
0.61294
0.608679
0.605459
0.603675
0.60342
0.604483
0.606406
0.608614
0.610569
0.611904
0.61247
0.61232
0.611645
0.610696
0.609722
0.608923
0.608425
0.608267
0.608413
0.608772
0.609225
0.609659
0.609988
0.610165
0.610187
0.610082
0.609897
0.609688
0.609502
0.609372
0.609314
0.609324
0.609386
0.609476
0.60957
0.609648
0.609697
0.609713
0.609699
0.609665
0.609621
0.609579
0.609546
0.609528
0.609524
0.609532
0.609548
0.609567
0.609582
0.609593
0.609595
0.609591
0.609581
0.609567
0.609552
0.609538
0.609526
0.609517
0.609509
0.609504
0.609499
0.609494
0.609488
0.609481
0.609473
0.609465
0.609458
0.609451
0.609447
0.609445
0.609445
0.609447
0.609452
0.609458
0.609466
0.609475
0.609484
0.609494
0.609504
0.609513
0.609523
0.609531
0.60954
0.609548
0.609555
0.609562
0.609568
0.609573
0.609577
0.609581
0.609584
0.609586
0.609588
0.60959
0.609591
0.609592
0.609592
0.609593
0.609593
0.609593
0.609594
0.609594
0.609594
0.609594
0.609594
0.609593
0.609593
0.609593
0.609593
0.609593
0.609592
0.609592
0.609592
0.609592
0.609591
0.609591
0.60959
0.60959
0.609589
0.609589
0.609588
0.609587
0.609586
0.609585
0.609584
0.609583
0.609581
0.60958
0.609578
0.609576
0.609574
0.609571
0.609568
0.609565
0.609562
0.609558
0.609555
0.609551
0.609547
0.609542
0.609538
0.609533
0.609529
0.609524
0.60952
0.609516
0.609511
0.609508
0.609504
0.609501
0.609498
0.609496
0.609494
0.609493
0.609493
0.609493
0.609493
0.609494
0.609496
0.609498
0.609501
0.609504
0.609508
0.609511
0.609515
0.60952
0.609524
0.609529
0.609533
0.609538
0.609542
0.609546
0.60955
0.609554
0.609558
0.609561
0.609564
0.609567
0.609569
0.609571
0.609573
0.609574
0.609575
0.609575
0.609576
0.609575
0.609575
0.609574
0.609573
0.609572
0.60957
0.609569
0.609567
0.609564
0.609562
0.609559
0.609556
0.609553
0.60955
0.609547
0.609543
0.60954
0.609537
0.609534
0.60953
0.609527
0.609524
0.609521
0.609519
0.609516
0.609514
0.609512
0.609511
0.609509
0.609508
0.609508
0.609507
0.609507
0.609508
0.609509
0.60951
0.609511
0.609512
0.609514
0.609516
0.609518
0.60952
0.609522
0.609525
0.609527
0.609529
0.609532
0.609534
0.609536
0.609537
0.609539
0.60954
0.609541
0.609542
0.609543
0.609543
0.609544
0.609543
0.609543
0.609542
0.609541
0.60954
0.609539
0.609537
0.609536
0.609534
0.609532
0.60953
0.609528
0.609526
0.609524
0.609522
0.60952
0.609518
0.609517
0.609515
0.609513
0.609512
0.609511
0.60951
0.609509
0.609508
0.609508
0.609507
0.609507
0.609507
0.609507
0.609507
0.609507
0.609507
0.609508
0.609508
0.609509
0.609509
0.60951
0.60951
0.60951
0.609511
0.609511
0.609512
0.609512
0.609512
0.609512
0.609513
0.609513
0.609513
0.609513
0.609513
0.609513
0.609513
0.609514
0.609514
0.609514
0.609514
0.609515
0.609515
0.609516
0.609517
0.609517
0.609518
0.609519
0.60952
0.609521
0.609522
0.609523
0.609525
0.609526
0.609527
0.609528
0.60953
0.609531
0.609532
0.609533
0.609534
0.609535
0.609536
0.609536
0.609537
0.609536
0.609532
0.609516
0.609457
0.609395
0.612481
0.638855
0.648265
0.648295
0.64828
0.648275
0.648275
0.648275
0.648273
0.64827
0.648267
0.648264
0.648261
0.648258
0.648255
0.648253
0.648251
0.648249
0.648247
0.648245
0.648244
0.648243
0.648242
0.648241
0.648241
0.648241
0.648241
0.648241
0.648242
0.648243
0.648243
0.648244
0.648245
0.648247
0.648248
0.648249
0.64825
0.648252
0.648253
0.648254
0.648255
0.648256
0.648257
0.648258
0.648259
0.64826
0.648261
0.648261
0.648262
0.648262
0.648263
0.648263
0.648263
0.648263
0.648263
0.648263
0.648263
0.648263
0.648263
0.648263
0.648262
0.648262
0.648262
0.648261
0.648261
0.64826
0.648259
0.648259
0.648258
0.648257
0.648256
0.648256
0.648255
0.648254
0.648252
0.648251
0.64825
0.648249
0.648248
0.648246
0.648245
0.648244
0.648242
0.648241
0.64824
0.648239
0.648237
0.648236
0.648235
0.648234
0.648233
0.648232
0.648231
0.64823
0.648229
0.648229
0.648228
0.648227
0.648227
0.648226
0.648226
0.648225
0.648225
0.648225
0.648224
0.648224
0.648224
0.648224
0.648223
0.648223
0.648223
0.648223
0.648223
0.648223
0.648223
0.648223
0.648223
0.648223
0.648223
0.648223
0.648223
0.648223
0.648223
0.648223
0.648224
0.648224
0.648224
0.648224
0.648224
0.648224
0.648224
0.648224
0.648224
0.648224
0.648224
0.648224
0.648224
0.648224
0.648225
0.648225
0.648225
0.648225
0.648225
0.648225
0.648225
0.648225
0.648225
0.648225
0.648225
0.648225
0.648225
0.648225
0.648225
0.648225
0.648225
0.648225
0.648225
0.648226
0.648226
0.648226
0.648226
0.648226
0.648226
0.648226
0.648226
0.648225
0.648225
0.648225
0.648225
0.648225
0.648225
0.648225
0.648225
0.648225
0.648225
0.648224
0.648224
0.648224
0.648224
0.648223
0.648223
0.648223
0.648223
0.648222
0.648222
0.648221
0.648221
0.64822
0.64822
0.648219
0.648219
0.648218
0.648218
0.648217
0.648216
0.648216
0.648215
0.648214
0.648214
0.648213
0.648212
0.648212
0.648211
0.64821
0.64821
0.648209
0.648208
0.648208
0.648207
0.648207
0.648206
0.648205
0.648205
0.648205
0.648204
0.648204
0.648203
0.648203
0.648203
0.648202
0.648202
0.648202
0.648202
0.648202
0.648202
0.648201
0.648201
0.648201
0.648201
0.648201
0.648201
0.648201
0.648201
0.648201
0.648201
0.648201
0.648201
0.648201
0.648201
0.6482
0.6482
0.6482
0.6482
0.648197
0.648113
0.645051
0.494458
0
0
0
0
0
0
0
0
0
0
0
0
0
0
0
0
0
0
0
0
0
0
0
0
0
0
0
0
0
0
0
0
0
0
0
)
;

boundaryField
{
    inlet
    {
        type            calculated;
        value           uniform 0.709421;
    }
    outlet
    {
        type            calculated;
        value           uniform 0;
    }
    emptyWalls
    {
        type            empty;
    }
}


// ************************************************************************* //
