/*--------------------------------*- C++ -*----------------------------------*\
  =========                 |
  \\      /  F ield         | OpenFOAM: The Open Source CFD Toolbox
   \\    /   O peration     | Website:  https://openfoam.org
    \\  /    A nd           | Version:  9
     \\/     M anipulation  |
\*---------------------------------------------------------------------------*/
FoamFile
{
    format      ascii;
    class       volScalarField;
    location    "5.1";
    object      AcumCoeff_csw;
}
// * * * * * * * * * * * * * * * * * * * * * * * * * * * * * * * * * * * * * //

dimensions      [0 0 0 0 0 0 0];

internalField   nonuniform List<scalar> 
1000
(
0.149445
0.149109
0.1488
0.148505
0.14822
0.147942
0.147671
0.147405
0.147143
0.146886
0.146633
0.146383
0.146137
0.145894
0.145654
0.145418
0.145184
0.144953
0.144724
0.144498
0.144275
0.144054
0.143836
0.14362
0.143406
0.143194
0.142984
0.142777
0.142571
0.142367
0.142166
0.141966
0.141768
0.141572
0.141377
0.141185
0.140994
0.140804
0.140617
0.140431
0.140246
0.140063
0.139882
0.139702
0.139523
0.139346
0.13917
0.138996
0.138823
0.138651
0.13848
0.138311
0.138143
0.137977
0.137811
0.137647
0.137484
0.137322
0.137161
0.137001
0.136843
0.136685
0.136529
0.136374
0.136219
0.136066
0.135914
0.135762
0.135612
0.135463
0.135314
0.135167
0.13502
0.134875
0.13473
0.134586
0.134443
0.134301
0.13416
0.134019
0.13388
0.133741
0.133603
0.133466
0.133329
0.133194
0.133059
0.132925
0.132791
0.132659
0.132527
0.132396
0.132265
0.132135
0.132006
0.131878
0.13175
0.131623
0.131497
0.131371
0.131246
0.131121
0.130997
0.130874
0.130752
0.13063
0.130508
0.130387
0.130267
0.130147
0.130028
0.12991
0.129792
0.129674
0.129558
0.129441
0.129326
0.12921
0.129096
0.128981
0.128868
0.128754
0.128642
0.12853
0.128418
0.128307
0.128196
0.128086
0.127976
0.127867
0.127758
0.127649
0.127541
0.127434
0.127327
0.12722
0.127114
0.127009
0.126903
0.126798
0.126694
0.12659
0.126486
0.126383
0.12628
0.126178
0.126076
0.125974
0.125873
0.125772
0.125672
0.125571
0.125472
0.125372
0.125273
0.125175
0.125076
0.124979
0.124881
0.124784
0.124687
0.12459
0.124494
0.124398
0.124303
0.124208
0.124113
0.124019
0.123924
0.12383
0.123737
0.123644
0.123551
0.123458
0.123366
0.123274
0.123182
0.123091
0.123
0.122909
0.122819
0.122728
0.122638
0.122549
0.122459
0.12237
0.122282
0.122193
0.122105
0.122017
0.121929
0.121842
0.121755
0.121668
0.121581
0.121495
0.121408
0.121323
0.121237
0.121152
0.121066
0.120982
0.120897
0.120813
0.120728
0.120645
0.120561
0.120477
0.120394
0.120311
0.120228
0.120146
0.120064
0.119982
0.1199
0.119818
0.119737
0.119656
0.119575
0.119494
0.119413
0.119333
0.119253
0.119173
0.119093
0.119014
0.118934
0.118855
0.118776
0.118698
0.118619
0.118541
0.118463
0.118385
0.118307
0.118229
0.118152
0.118075
0.117998
0.117921
0.117844
0.117768
0.117692
0.117616
0.11754
0.117464
0.117388
0.117313
0.117238
0.117163
0.117088
0.117013
0.116939
0.116864
0.11679
0.116716
0.116642
0.116568
0.116495
0.116421
0.116348
0.116275
0.116202
0.116129
0.116056
0.115984
0.115912
0.115839
0.115767
0.115695
0.115624
0.115552
0.115481
0.115409
0.115338
0.115267
0.115196
0.115125
0.115054
0.114984
0.114914
0.114843
0.114773
0.114703
0.114633
0.114563
0.114494
0.114424
0.114355
0.114286
0.114216
0.114147
0.114078
0.11401
0.113941
0.113872
0.113804
0.113736
0.113667
0.113599
0.113531
0.113463
0.113395
0.113328
0.11326
0.113193
0.113125
0.113058
0.112991
0.112923
0.112856
0.112789
0.112723
0.112656
0.112589
0.112522
0.112456
0.11239
0.112323
0.112257
0.112191
0.112125
0.112058
0.111992
0.111927
0.111861
0.111795
0.111729
0.111663
0.111598
0.111532
0.111467
0.111401
0.111336
0.11127
0.111205
0.11114
0.111074
0.111009
0.110944
0.110878
0.110813
0.110748
0.110683
0.110617
0.110552
0.110487
0.110422
0.110356
0.110291
0.110226
0.11016
0.110095
0.110029
0.109964
0.109898
0.109832
0.109766
0.1097
0.109634
0.109568
0.109501
0.109435
0.109368
0.109301
0.109233
0.109166
0.109098
0.10903
0.108961
0.108892
0.108823
0.108753
0.108683
0.108612
0.10854
0.108468
0.108395
0.108321
0.108246
0.10817
0.108094
0.108015
0.107936
0.107855
0.107772
0.107687
0.107599
0.107509
0.107417
0.107321
0.107221
0.107116
0.107007
0.106891
0.106768
0.106637
0.106496
0.106342
0.106173
0.105985
0.105774
0.105532
0.105249
0.104911
0.104497
0.103972
0.103277
0.1023
0.100815
0.0982537
0.0927626
0.0762584
0.0658772
0.0677561
0.0682357
0.0676925
0.0670679
0.0667431
0.0666648
0.0667068
0.0667967
0.0669037
0.0670123
0.0671105
0.0671875
0.0672342
0.0672457
0.0672234
0.067176
0.067118
0.067065
0.0670284
0.0670127
0.0670163
0.0670336
0.0670578
0.0670825
0.0671026
0.0671151
0.067119
0.067115
0.0671054
0.0670932
0.0670815
0.0670725
0.0670676
0.0670668
0.0670694
0.0670742
0.0670797
0.0670847
0.0670883
0.06709
0.06709
0.0670886
0.0670864
0.067084
0.0670819
0.0670806
0.0670799
0.06708
0.0670806
0.0670814
0.067082
0.0670824
0.0670824
0.067082
0.0670812
0.0670802
0.0670791
0.0670781
0.0670773
0.0670767
0.0670762
0.067076
0.0670759
0.0670758
0.0670757
0.0670755
0.0670753
0.0670751
0.0670748
0.0670745
0.0670742
0.0670739
0.0670737
0.0670735
0.0670734
0.0670733
0.0670733
0.0670732
0.0670732
0.0670732
0.0670731
0.0670731
0.0670731
0.0670731
0.0670731
0.0670732
0.0670732
0.0670733
0.0670733
0.0670734
0.0670734
0.0670734
0.0670734
0.0670734
0.0670733
0.0670732
0.0670731
0.0670729
0.0670728
0.0670726
0.0670724
0.0670721
0.0670719
0.0670716
0.0670713
0.067071
0.0670707
0.0670703
0.06707
0.0670696
0.0670693
0.0670689
0.0670686
0.0670682
0.0670678
0.0670675
0.0670671
0.0670667
0.0670664
0.0670661
0.0670657
0.0670654
0.0670651
0.0670647
0.0670644
0.0670641
0.0670638
0.0670635
0.0670632
0.0670629
0.0670626
0.0670623
0.067062
0.0670617
0.0670614
0.0670611
0.0670608
0.0670606
0.0670603
0.06706
0.0670598
0.0670595
0.0670593
0.067059
0.0670588
0.0670586
0.0670584
0.0670581
0.0670579
0.0670577
0.0670575
0.0670573
0.0670571
0.0670569
0.0670567
0.0670565
0.0670562
0.067056
0.0670558
0.0670556
0.0670554
0.0670552
0.067055
0.0670547
0.0670545
0.0670543
0.067054
0.0670538
0.0670536
0.0670533
0.0670531
0.0670528
0.0670526
0.0670523
0.0670521
0.0670518
0.0670516
0.0670513
0.0670511
0.0670508
0.0670505
0.0670503
0.06705
0.0670497
0.0670495
0.0670492
0.0670489
0.0670486
0.0670484
0.0670481
0.0670478
0.0670475
0.0670472
0.0670469
0.0670466
0.0670463
0.067046
0.0670457
0.0670454
0.0670451
0.0670448
0.0670444
0.0670441
0.0670438
0.0670435
0.0670432
0.0670429
0.0670425
0.0670422
0.0670419
0.0670416
0.0670413
0.067041
0.0670407
0.0670404
0.0670401
0.0670398
0.0670395
0.0670392
0.0670389
0.0670387
0.0670384
0.0670381
0.0670379
0.0670376
0.0670374
0.0670371
0.0670369
0.0670366
0.0670364
0.0670362
0.0670359
0.0670357
0.0670355
0.0670352
0.067035
0.0670348
0.0670345
0.0670343
0.0670341
0.0670338
0.0670336
0.0670333
0.0670331
0.0670328
0.0670326
0.0670323
0.0670321
0.0670318
0.0670315
0.0670313
0.067031
0.0670307
0.0670304
0.0670301
0.0670298
0.0670295
0.0670292
0.0670289
0.0670286
0.0670283
0.067028
0.0670277
0.0670274
0.0670271
0.0670267
0.0670264
0.0670261
0.0670258
0.0670255
0.0670251
0.0670248
0.0670245
0.0670242
0.0670239
0.0670235
0.0670232
0.0670229
0.0670226
0.0670223
0.0670219
0.0670216
0.0670213
0.067021
0.0670206
0.0670203
0.06702
0.0670197
0.0670194
0.067019
0.0670187
0.0670184
0.067018
0.0670177
0.0670174
0.0670171
0.0670167
0.0670164
0.0670161
0.0670157
0.0670154
0.0670151
0.0670147
0.0670144
0.0670141
0.0670137
0.0670134
0.0670131
0.0670127
0.0670124
0.0670121
0.0670117
0.0670114
0.0670111
0.0670107
0.0670104
0.0670101
0.0670098
0.0670094
0.0670091
0.0670088
0.0670085
0.0670082
0.0670078
0.0670075
0.0670072
0.0670069
0.0670066
0.0670063
0.0670059
0.0670056
0.0670053
0.067005
0.0670047
0.0670044
0.067004
0.0670037
0.0670034
0.0670031
0.0670028
0.0670024
0.0670021
0.0670018
0.0670014
0.0670011
0.0670008
0.0670004
0.0670001
0.0669997
0.0669994
0.066999
0.0669987
0.0669983
0.0669979
0.0669976
0.0669972
0.0669968
0.0669964
0.0669961
0.0669957
0.0669953
0.0669949
0.0669945
0.0669941
0.0669937
0.0669933
0.066993
0.0669926
0.0669922
0.0669918
0.0669914
0.066991
0.0669906
0.0669902
0.06699
0.0669902
0.0669923
0.0670024
0.0670453
0.0672246
0.0679727
0.0711331
0.0835184
0.104019
0.108744
0.108793
0.108793
0.108793
0.108794
0.108794
0.108794
0.108793
0.108793
0.108793
0.108793
0.108793
0.108793
0.108793
0.108793
0.108793
0.108793
0.108793
0.108793
0.108793
0.108793
0.108793
0.108793
0.108793
0.108793
0.108793
0.108793
0.108793
0.108793
0.108793
0.108793
0.108793
0.108793
0.108793
0.108793
0.108793
0.108793
0.108793
0.108793
0.108793
0.108793
0.108793
0.108793
0.108793
0.108793
0.108793
0.108793
0.108793
0.108793
0.108793
0.108793
0.108793
0.108793
0.108793
0.108793
0.108793
0.108793
0.108793
0.108793
0.108793
0.108793
0.108793
0.108793
0.108793
0.108793
0.108793
0.108793
0.108793
0.108793
0.108793
0.108793
0.108793
0.108793
0.108793
0.108793
0.108793
0.108793
0.108793
0.108793
0.108794
0.108794
0.108794
0.108794
0.108794
0.108794
0.108794
0.108794
0.108794
0.108794
0.108794
0.108794
0.108794
0.108794
0.108794
0.108794
0.108794
0.108794
0.108794
0.108794
0.108794
0.108794
0.108794
0.108794
0.108794
0.108795
0.108795
0.108795
0.108795
0.108795
0.108795
0.108795
0.108795
0.108795
0.108795
0.108795
0.108795
0.108795
0.108795
0.108795
0.108795
0.108795
0.108795
0.108795
0.108796
0.108796
0.108796
0.108796
0.108795
0.108795
0.108795
0.108795
0.108795
0.108795
0.108795
0.108795
0.108795
0.108795
0.108795
0.108795
0.108795
0.108795
0.108795
0.108795
0.108795
0.108795
0.108795
0.108795
0.108795
0.108795
0.108795
0.108795
0.108795
0.108795
0.108795
0.108795
0.108795
0.108795
0.108795
0.108795
0.108795
0.108795
0.108795
0.108795
0.108795
0.108795
0.108795
0.108795
0.108795
0.108795
0.108795
0.108795
0.108795
0.108795
0.108795
0.108795
0.108795
0.108795
0.108795
0.108795
0.108795
0.108795
0.108795
0.108795
0.108795
0.108796
0.108796
0.108796
0.108796
0.108796
0.108796
0.108796
0.108796
0.108796
0.108796
0.108796
0.108796
0.108796
0.108796
0.108796
0.108796
0.108796
0.108796
)
;

boundaryField
{
    inlet
    {
        type            calculated;
        value           uniform 0.15;
    }
    outlet
    {
        type            calculated;
        value           uniform 0.108796;
    }
    emptyWalls
    {
        type            empty;
    }
}


// ************************************************************************* //
