/*--------------------------------*- C++ -*----------------------------------*\
  =========                 |
  \\      /  F ield         | OpenFOAM: The Open Source CFD Toolbox
   \\    /   O peration     | Website:  https://openfoam.org
    \\  /    A nd           | Version:  9
     \\/     M anipulation  |
\*---------------------------------------------------------------------------*/
FoamFile
{
    format      ascii;
    class       volScalarField;
    location    "16.9";
    object      p;
}
// * * * * * * * * * * * * * * * * * * * * * * * * * * * * * * * * * * * * * //

dimensions      [0 0 0 0 0 0 0];

internalField   nonuniform List<scalar> 
1000
(
1.47818e+13
1.47719e+13
1.4762e+13
1.4752e+13
1.47421e+13
1.47321e+13
1.47221e+13
1.47121e+13
1.47021e+13
1.46921e+13
1.46821e+13
1.4672e+13
1.46619e+13
1.46519e+13
1.46418e+13
1.46316e+13
1.46215e+13
1.46114e+13
1.46012e+13
1.4591e+13
1.45809e+13
1.45707e+13
1.45605e+13
1.45502e+13
1.454e+13
1.45297e+13
1.45195e+13
1.45092e+13
1.44989e+13
1.44886e+13
1.44783e+13
1.44679e+13
1.44576e+13
1.44472e+13
1.44369e+13
1.44265e+13
1.44161e+13
1.44057e+13
1.43952e+13
1.43848e+13
1.43743e+13
1.43639e+13
1.43534e+13
1.43429e+13
1.43324e+13
1.43219e+13
1.43113e+13
1.43008e+13
1.42902e+13
1.42796e+13
1.42691e+13
1.42585e+13
1.42479e+13
1.42372e+13
1.42266e+13
1.42159e+13
1.42053e+13
1.41946e+13
1.41839e+13
1.41732e+13
1.41625e+13
1.41518e+13
1.4141e+13
1.41303e+13
1.41195e+13
1.41087e+13
1.4098e+13
1.40872e+13
1.40763e+13
1.40655e+13
1.40547e+13
1.40438e+13
1.4033e+13
1.40221e+13
1.40112e+13
1.40003e+13
1.39894e+13
1.39785e+13
1.39675e+13
1.39566e+13
1.39456e+13
1.39346e+13
1.39236e+13
1.39126e+13
1.39016e+13
1.38906e+13
1.38796e+13
1.38685e+13
1.38575e+13
1.38464e+13
1.38353e+13
1.38242e+13
1.38131e+13
1.3802e+13
1.37909e+13
1.37797e+13
1.37686e+13
1.37574e+13
1.37462e+13
1.3735e+13
1.37238e+13
1.37126e+13
1.37014e+13
1.36901e+13
1.36789e+13
1.36676e+13
1.36563e+13
1.36451e+13
1.36338e+13
1.36225e+13
1.36111e+13
1.35998e+13
1.35885e+13
1.35771e+13
1.35657e+13
1.35544e+13
1.3543e+13
1.35316e+13
1.35201e+13
1.35087e+13
1.34973e+13
1.34858e+13
1.34744e+13
1.34629e+13
1.34514e+13
1.34399e+13
1.34284e+13
1.34169e+13
1.34054e+13
1.33938e+13
1.33823e+13
1.33707e+13
1.33592e+13
1.33476e+13
1.3336e+13
1.33244e+13
1.33128e+13
1.33011e+13
1.32895e+13
1.32778e+13
1.32662e+13
1.32545e+13
1.32428e+13
1.32311e+13
1.32194e+13
1.32077e+13
1.3196e+13
1.31842e+13
1.31725e+13
1.31607e+13
1.31489e+13
1.31371e+13
1.31254e+13
1.31135e+13
1.31017e+13
1.30899e+13
1.30781e+13
1.30662e+13
1.30543e+13
1.30425e+13
1.30306e+13
1.30187e+13
1.30068e+13
1.29949e+13
1.2983e+13
1.2971e+13
1.29591e+13
1.29471e+13
1.29351e+13
1.29232e+13
1.29112e+13
1.28992e+13
1.28871e+13
1.28751e+13
1.28631e+13
1.2851e+13
1.2839e+13
1.28269e+13
1.28148e+13
1.28028e+13
1.27907e+13
1.27786e+13
1.27664e+13
1.27543e+13
1.27422e+13
1.273e+13
1.27179e+13
1.27057e+13
1.26935e+13
1.26813e+13
1.26691e+13
1.26569e+13
1.26447e+13
1.26324e+13
1.26202e+13
1.26079e+13
1.25957e+13
1.25834e+13
1.25711e+13
1.25588e+13
1.25465e+13
1.25342e+13
1.25219e+13
1.25095e+13
1.24972e+13
1.24848e+13
1.24724e+13
1.24601e+13
1.24477e+13
1.24353e+13
1.24229e+13
1.24104e+13
1.2398e+13
1.23856e+13
1.23731e+13
1.23607e+13
1.23482e+13
1.23357e+13
1.23232e+13
1.23107e+13
1.22982e+13
1.22857e+13
1.22731e+13
1.22606e+13
1.2248e+13
1.22355e+13
1.22229e+13
1.22103e+13
1.21977e+13
1.21851e+13
1.21725e+13
1.21599e+13
1.21473e+13
1.21346e+13
1.2122e+13
1.21093e+13
1.20966e+13
1.20839e+13
1.20713e+13
1.20586e+13
1.20458e+13
1.20331e+13
1.20204e+13
1.20076e+13
1.19949e+13
1.19821e+13
1.19694e+13
1.19566e+13
1.19438e+13
1.1931e+13
1.19182e+13
1.19053e+13
1.18925e+13
1.18797e+13
1.18668e+13
1.1854e+13
1.18411e+13
1.18282e+13
1.18153e+13
1.18024e+13
1.17895e+13
1.17766e+13
1.17637e+13
1.17507e+13
1.17378e+13
1.17248e+13
1.17119e+13
1.16989e+13
1.16859e+13
1.16729e+13
1.16599e+13
1.16469e+13
1.16339e+13
1.16208e+13
1.16078e+13
1.15947e+13
1.15817e+13
1.15686e+13
1.15555e+13
1.15424e+13
1.15293e+13
1.15162e+13
1.15031e+13
1.149e+13
1.14768e+13
1.14637e+13
1.14505e+13
1.14373e+13
1.14242e+13
1.1411e+13
1.13978e+13
1.13846e+13
1.13714e+13
1.13581e+13
1.13449e+13
1.13317e+13
1.13184e+13
1.13051e+13
1.12919e+13
1.12786e+13
1.12653e+13
1.1252e+13
1.12387e+13
1.12254e+13
1.1212e+13
1.11987e+13
1.11854e+13
1.1172e+13
1.11586e+13
1.11453e+13
1.11319e+13
1.11185e+13
1.11051e+13
1.10917e+13
1.10783e+13
1.10648e+13
1.10514e+13
1.10379e+13
1.10245e+13
1.1011e+13
1.09975e+13
1.09841e+13
1.09706e+13
1.09571e+13
1.09435e+13
1.093e+13
1.09165e+13
1.0903e+13
1.08894e+13
1.08759e+13
1.08623e+13
1.08487e+13
1.08351e+13
1.08215e+13
1.08079e+13
1.07943e+13
1.07807e+13
1.07671e+13
1.07534e+13
1.07398e+13
1.07261e+13
1.07124e+13
1.06988e+13
1.06851e+13
1.06714e+13
1.06577e+13
1.0644e+13
1.06303e+13
1.06165e+13
1.06028e+13
1.0589e+13
1.05753e+13
1.05615e+13
1.05477e+13
1.0534e+13
1.05202e+13
1.05064e+13
1.04925e+13
1.04787e+13
1.04649e+13
1.04511e+13
1.04372e+13
1.04234e+13
1.04095e+13
1.03956e+13
1.03817e+13
1.03679e+13
1.0354e+13
1.034e+13
1.03261e+13
1.03122e+13
1.02983e+13
1.02843e+13
1.02704e+13
1.02564e+13
1.02424e+13
1.02285e+13
1.02145e+13
1.02005e+13
1.01865e+13
1.01725e+13
1.01584e+13
1.01444e+13
1.01304e+13
1.01163e+13
1.01023e+13
1.00882e+13
1.00741e+13
1.006e+13
1.00459e+13
1.00318e+13
1.00177e+13
1.00036e+13
9.98948e+12
9.97535e+12
9.9612e+12
9.94705e+12
9.93289e+12
9.91872e+12
9.90454e+12
9.89035e+12
9.87616e+12
9.86195e+12
9.84774e+12
9.83352e+12
9.81928e+12
9.80505e+12
9.7908e+12
9.77654e+12
9.76228e+12
9.748e+12
9.73372e+12
9.71943e+12
9.70513e+12
9.69082e+12
9.67651e+12
9.66218e+12
9.64785e+12
9.63351e+12
9.61916e+12
9.6048e+12
9.59043e+12
9.57605e+12
9.56167e+12
9.54728e+12
9.53287e+12
9.51846e+12
9.50405e+12
9.48962e+12
9.47518e+12
9.46074e+12
9.44629e+12
9.43183e+12
9.41736e+12
9.40288e+12
9.3884e+12
9.3739e+12
9.3594e+12
9.34489e+12
9.33037e+12
9.31584e+12
9.3013e+12
9.28676e+12
9.27221e+12
9.25764e+12
9.24307e+12
9.2285e+12
9.21391e+12
9.19932e+12
9.18471e+12
9.1701e+12
9.15548e+12
9.14085e+12
9.12622e+12
9.11157e+12
9.09692e+12
9.08226e+12
9.06759e+12
9.05291e+12
9.03822e+12
9.02353e+12
9.00883e+12
8.99412e+12
8.9794e+12
8.96467e+12
8.94993e+12
8.93519e+12
8.92044e+12
8.90568e+12
8.89091e+12
8.87613e+12
8.86135e+12
8.84655e+12
8.83175e+12
8.81694e+12
8.80212e+12
8.7873e+12
8.77246e+12
8.75762e+12
8.74277e+12
8.72791e+12
8.71304e+12
8.69817e+12
8.68329e+12
8.66839e+12
8.6535e+12
8.63859e+12
8.62367e+12
8.60875e+12
8.59382e+12
8.57888e+12
8.56393e+12
8.54897e+12
8.53401e+12
8.51903e+12
8.50405e+12
8.48906e+12
8.47407e+12
8.45906e+12
8.44405e+12
8.42903e+12
8.414e+12
8.39896e+12
8.38392e+12
8.36886e+12
8.3538e+12
8.33873e+12
8.32365e+12
8.30857e+12
8.29348e+12
8.27837e+12
8.26326e+12
8.24815e+12
8.23302e+12
8.21789e+12
8.20275e+12
8.1876e+12
8.17244e+12
8.15727e+12
8.1421e+12
8.12692e+12
8.11173e+12
8.09653e+12
8.08133e+12
8.06611e+12
8.05089e+12
8.03566e+12
8.02043e+12
8.00518e+12
7.98993e+12
7.97467e+12
7.9594e+12
7.94412e+12
7.92884e+12
7.91354e+12
7.89824e+12
7.88294e+12
7.86762e+12
7.8523e+12
7.83696e+12
7.82162e+12
7.80628e+12
7.79092e+12
7.77556e+12
7.76019e+12
7.74481e+12
7.72942e+12
7.71403e+12
7.69862e+12
7.68321e+12
7.66779e+12
7.65237e+12
7.63693e+12
7.62149e+12
7.60604e+12
7.59059e+12
7.57512e+12
7.55965e+12
7.54417e+12
7.52868e+12
7.51318e+12
7.49768e+12
7.48216e+12
7.46665e+12
7.45112e+12
7.43558e+12
7.42004e+12
7.40449e+12
7.38893e+12
7.37336e+12
7.35779e+12
7.34221e+12
7.32662e+12
7.31102e+12
7.29542e+12
7.2798e+12
7.26418e+12
7.24856e+12
7.23292e+12
7.21728e+12
7.20163e+12
7.18597e+12
7.1703e+12
7.15463e+12
7.13894e+12
7.12325e+12
7.10756e+12
7.09185e+12
7.07614e+12
7.06042e+12
7.04469e+12
7.02896e+12
7.01321e+12
6.99746e+12
6.9817e+12
6.96594e+12
6.95016e+12
6.93438e+12
6.91859e+12
6.9028e+12
6.88699e+12
6.87118e+12
6.85536e+12
6.83953e+12
6.8237e+12
6.80786e+12
6.79201e+12
6.77615e+12
6.76028e+12
6.74441e+12
6.72853e+12
6.71264e+12
6.69675e+12
6.68084e+12
6.66493e+12
6.64902e+12
6.63309e+12
6.61716e+12
6.60122e+12
6.58527e+12
6.56931e+12
6.55335e+12
6.53738e+12
6.5214e+12
6.50541e+12
6.48942e+12
6.47342e+12
6.45741e+12
6.44139e+12
6.42537e+12
6.40934e+12
6.3933e+12
6.37726e+12
6.3612e+12
6.34514e+12
6.32907e+12
6.313e+12
6.29691e+12
6.28082e+12
6.26472e+12
6.24862e+12
6.2325e+12
6.21638e+12
6.20026e+12
6.18412e+12
6.16798e+12
6.15183e+12
6.13567e+12
6.1195e+12
6.10333e+12
6.08715e+12
6.07096e+12
6.05477e+12
6.03857e+12
6.02236e+12
6.00614e+12
5.98991e+12
5.97368e+12
5.95744e+12
5.9412e+12
5.92494e+12
5.90868e+12
5.89241e+12
5.87613e+12
5.85985e+12
5.84356e+12
5.82726e+12
5.81096e+12
5.79464e+12
5.77832e+12
5.76199e+12
5.74566e+12
5.72932e+12
5.71297e+12
5.69661e+12
5.68024e+12
5.66387e+12
5.64749e+12
5.63111e+12
5.61471e+12
5.59831e+12
5.5819e+12
5.56549e+12
5.54906e+12
5.53263e+12
5.5162e+12
5.49975e+12
5.4833e+12
5.46684e+12
5.45037e+12
5.4339e+12
5.41742e+12
5.40093e+12
5.38443e+12
5.36793e+12
5.35142e+12
5.3349e+12
5.31837e+12
5.30184e+12
5.2853e+12
5.26875e+12
5.2522e+12
5.23564e+12
5.21907e+12
5.20249e+12
5.18591e+12
5.16932e+12
5.15272e+12
5.13612e+12
5.11951e+12
5.10289e+12
5.08626e+12
5.06963e+12
5.05299e+12
5.03634e+12
5.01968e+12
5.00302e+12
4.98635e+12
4.96968e+12
4.95299e+12
4.9363e+12
4.9196e+12
4.9029e+12
4.88618e+12
4.86946e+12
4.85274e+12
4.836e+12
4.81926e+12
4.80251e+12
4.78576e+12
4.76899e+12
4.75222e+12
4.73545e+12
4.71866e+12
4.70187e+12
4.68507e+12
4.66827e+12
4.65145e+12
4.63463e+12
4.61781e+12
4.60097e+12
4.58413e+12
4.56728e+12
4.55043e+12
4.53356e+12
4.5167e+12
4.49982e+12
4.48293e+12
4.46604e+12
4.44915e+12
4.43224e+12
4.41533e+12
4.39841e+12
4.38148e+12
4.36455e+12
4.34761e+12
4.33066e+12
4.31371e+12
4.29674e+12
4.27977e+12
4.2628e+12
4.24582e+12
4.22883e+12
4.21183e+12
4.19482e+12
4.17781e+12
4.16079e+12
4.14377e+12
4.12674e+12
4.1097e+12
4.09265e+12
4.0756e+12
4.05854e+12
4.04147e+12
4.0244e+12
4.00731e+12
3.99023e+12
3.97313e+12
3.95603e+12
3.93892e+12
3.9218e+12
3.90468e+12
3.88755e+12
3.87041e+12
3.85327e+12
3.83611e+12
3.81896e+12
3.80179e+12
3.78462e+12
3.76744e+12
3.75025e+12
3.73306e+12
3.71586e+12
3.69865e+12
3.68144e+12
3.66422e+12
3.64699e+12
3.62975e+12
3.61251e+12
3.59526e+12
3.578e+12
3.56074e+12
3.54347e+12
3.5262e+12
3.50891e+12
3.49162e+12
3.47432e+12
3.45702e+12
3.43971e+12
3.42239e+12
3.40506e+12
3.38773e+12
3.37039e+12
3.35305e+12
3.33569e+12
3.31833e+12
3.30097e+12
3.28359e+12
3.26621e+12
3.24883e+12
3.23143e+12
3.21403e+12
3.19662e+12
3.17921e+12
3.16179e+12
3.14436e+12
3.12692e+12
3.10948e+12
3.09203e+12
3.07457e+12
3.05711e+12
3.03964e+12
3.02216e+12
3.00468e+12
2.98719e+12
2.96969e+12
2.95219e+12
2.93468e+12
2.91716e+12
2.89964e+12
2.8821e+12
2.86457e+12
2.84702e+12
2.82947e+12
2.81191e+12
2.79434e+12
2.77677e+12
2.75919e+12
2.74161e+12
2.72401e+12
2.70641e+12
2.68881e+12
2.67119e+12
2.65357e+12
2.63595e+12
2.61831e+12
2.60067e+12
2.58303e+12
2.56537e+12
2.54771e+12
2.53004e+12
2.51237e+12
2.49469e+12
2.477e+12
2.4593e+12
2.4416e+12
2.4239e+12
2.40618e+12
2.38846e+12
2.37073e+12
2.35299e+12
2.33525e+12
2.3175e+12
2.29975e+12
2.28199e+12
2.26422e+12
2.24644e+12
2.22866e+12
2.21087e+12
2.19307e+12
2.17527e+12
2.15746e+12
2.13964e+12
2.12182e+12
2.10399e+12
2.08615e+12
2.06831e+12
2.05046e+12
2.0326e+12
2.01474e+12
1.99687e+12
1.97899e+12
1.96111e+12
1.94322e+12
1.92532e+12
1.90742e+12
1.88951e+12
1.87159e+12
1.85367e+12
1.83574e+12
1.8178e+12
1.79986e+12
1.78191e+12
1.76395e+12
1.74599e+12
1.72802e+12
1.71004e+12
1.69206e+12
1.67406e+12
1.65607e+12
1.63806e+12
1.62005e+12
1.60204e+12
1.58401e+12
1.56598e+12
1.54794e+12
1.5299e+12
1.51185e+12
1.49379e+12
1.47573e+12
1.45766e+12
1.43958e+12
1.4215e+12
1.40341e+12
1.38531e+12
1.36721e+12
1.3491e+12
1.33098e+12
1.31286e+12
1.29473e+12
1.27659e+12
1.25845e+12
1.2403e+12
1.22214e+12
1.20398e+12
1.18581e+12
1.16763e+12
1.14945e+12
1.13126e+12
1.11306e+12
1.09486e+12
1.07665e+12
1.05844e+12
1.04021e+12
1.02198e+12
1.00375e+12
9.85507e+11
9.67258e+11
9.49002e+11
9.3074e+11
9.12472e+11
8.94197e+11
8.75915e+11
8.57627e+11
8.39332e+11
8.2103e+11
8.02722e+11
7.84408e+11
7.66087e+11
7.47759e+11
7.29425e+11
7.11084e+11
6.92737e+11
6.74383e+11
6.56022e+11
6.37655e+11
6.19282e+11
6.00902e+11
5.82515e+11
5.64122e+11
5.45722e+11
5.27316e+11
5.08903e+11
4.90484e+11
4.72058e+11
4.53626e+11
4.35187e+11
4.16742e+11
3.9829e+11
3.79831e+11
3.61366e+11
3.42895e+11
3.24417e+11
3.05933e+11
2.87442e+11
2.68944e+11
2.5044e+11
2.3193e+11
2.13413e+11
1.94889e+11
1.76359e+11
1.57823e+11
1.3928e+11
1.2073e+11
1.02174e+11
8.3612e+10
6.5043e+10
4.64676e+10
2.78858e+10
9.29742e+09
)
;

boundaryField
{
    inlet
    {
        type            darcyGradPressure_G;
        gradient        uniform 3.23949e+11;
        Mf              Mf;
        phi             phi;
        phiG            phiG;
        value           uniform 1.47867e+13;
    }
    outlet
    {
        type            fixedValue;
        value           uniform 0;
    }
    emptyWalls
    {
        type            empty;
    }
}


// ************************************************************************* //
