/*--------------------------------*- C++ -*----------------------------------*\
  =========                 |
  \\      /  F ield         | OpenFOAM: The Open Source CFD Toolbox
   \\    /   O peration     | Website:  https://openfoam.org
    \\  /    A nd           | Version:  9
     \\/     M anipulation  |
\*---------------------------------------------------------------------------*/
FoamFile
{
    format      ascii;
    class       volVectorField;
    location    "4625";
    object      Uc;
}
// * * * * * * * * * * * * * * * * * * * * * * * * * * * * * * * * * * * * * //

dimensions      [0 0 0 0 0 0 0];

internalField   nonuniform List<vector> 
100
(
(0 0 1.45191e-08)
(0 0 2.36366e-08)
(0 0 4.34024e-08)
(0 0 6.62108e-08)
(0 0 9.22655e-08)
(0 0 1.21921e-07)
(0 0 1.55469e-07)
(0 0 1.93496e-07)
(0 0 2.3667e-07)
(0 0 2.85683e-07)
(0 0 3.41546e-07)
(0 0 4.04956e-07)
(0 0 4.76333e-07)
(0 0 5.56111e-07)
(0 0 6.3443e-07)
(0 0 7.03493e-07)
(0 0 7.67749e-07)
(0 0 8.29994e-07)
(0 0 8.90884e-07)
(0 0 9.50363e-07)
(0 0 1.00875e-06)
(0 0 1.0663e-06)
(0 0 1.1229e-06)
(0 0 1.17852e-06)
(0 0 1.23322e-06)
(0 0 1.28684e-06)
(0 0 1.33927e-06)
(0 0 1.39076e-06)
(0 0 1.44087e-06)
(0 0 1.48914e-06)
(0 0 1.53584e-06)
(0 0 1.58132e-06)
(0 0 1.62546e-06)
(0 0 1.66789e-06)
(0 0 1.70861e-06)
(0 0 1.74815e-06)
(0 0 1.78733e-06)
(0 0 1.82715e-06)
(0 0 1.86885e-06)
(0 0 1.91387e-06)
(0 0 1.96353e-06)
(0 0 2.01863e-06)
(0 0 2.07909e-06)
(0 0 2.14404e-06)
(0 0 2.21219e-06)
(0 0 2.28134e-06)
(0 0 2.34997e-06)
(0 0 2.4173e-06)
(0 0 2.48309e-06)
(0 0 2.54761e-06)
(0 0 2.61063e-06)
(0 0 2.67227e-06)
(0 0 2.73275e-06)
(0 0 2.79219e-06)
(0 0 2.8507e-06)
(0 0 2.90854e-06)
(0 0 2.9657e-06)
(0 0 3.02197e-06)
(0 0 3.07734e-06)
(0 0 3.13162e-06)
(0 0 3.18443e-06)
(0 0 3.23537e-06)
(0 0 3.28395e-06)
(0 0 3.32983e-06)
(0 0 3.37312e-06)
(0 0 3.41422e-06)
(0 0 3.45366e-06)
(0 0 3.49206e-06)
(0 0 3.53019e-06)
(0 0 3.56905e-06)
(0 0 3.61004e-06)
(0 0 3.655e-06)
(0 0 3.70625e-06)
(0 0 3.76662e-06)
(0 0 3.83969e-06)
(0 0 3.92857e-06)
(0 0 4.02968e-06)
(0 0 4.13249e-06)
(0 0 4.23156e-06)
(0 0 4.3283e-06)
(0 0 4.42428e-06)
(0 0 4.52016e-06)
(0 0 4.61607e-06)
(0 0 4.71202e-06)
(0 0 4.80789e-06)
(0 0 4.90336e-06)
(0 0 4.99804e-06)
(0 0 5.0914e-06)
(0 0 5.18289e-06)
(0 0 5.27189e-06)
(0 0 5.35786e-06)
(0 0 5.44032e-06)
(0 0 5.5189e-06)
(0 0 5.59337e-06)
(0 0 5.66359e-06)
(0 0 5.72947e-06)
(0 0 5.79096e-06)
(0 0 5.84805e-06)
(0 0 5.90104e-06)
(0 0 5.95105e-06)
)
;

boundaryField
{
    inlet
    {
        type            fixedValue;
        value           uniform (0 0 0);
    }
    outlet
    {
        type            zeroGradient;
    }
    emptyWalls
    {
        type            empty;
    }
}


// ************************************************************************* //
