/*--------------------------------*- C++ -*----------------------------------*\
  =========                 |
  \\      /  F ield         | OpenFOAM: The Open Source CFD Toolbox
   \\    /   O peration     | Website:  https://openfoam.org
    \\  /    A nd           | Version:  9
     \\/     M anipulation  |
\*---------------------------------------------------------------------------*/
FoamFile
{
    format      ascii;
    class       volVectorField;
    location    "10.2";
    object      Uc;
}
// * * * * * * * * * * * * * * * * * * * * * * * * * * * * * * * * * * * * * //

dimensions      [0 0 0 0 0 0 0];

internalField   nonuniform List<vector> 
1000
(
(6.72628e-07 0 0)
(2.42561e-06 0 0)
(4.96021e-06 0 0)
(8.22488e-06 0 0)
(1.21898e-05 0 0)
(1.68336e-05 0 0)
(2.21391e-05 0 0)
(2.80917e-05 0 0)
(3.46787e-05 0 0)
(4.18885e-05 0 0)
(4.97102e-05 0 0)
(5.81338e-05 0 0)
(6.71499e-05 0 0)
(7.67494e-05 0 0)
(8.69238e-05 0 0)
(9.76648e-05 0 0)
(0.000108965 0 0)
(0.000120815 0 0)
(0.000133209 0 0)
(0.00014614 0 0)
(0.0001596 0 0)
(0.000173583 0 0)
(0.000188081 0 0)
(0.000203089 0 0)
(0.0002186 0 0)
(0.000234609 0 0)
(0.000251108 0 0)
(0.000268092 0 0)
(0.000285556 0 0)
(0.000303494 0 0)
(0.0003219 0 0)
(0.000340769 0 0)
(0.000360096 0 0)
(0.000379875 0 0)
(0.000400101 0 0)
(0.00042077 0 0)
(0.000441877 0 0)
(0.000463416 0 0)
(0.000485384 0 0)
(0.000507775 0 0)
(0.000530585 0 0)
(0.000553809 0 0)
(0.000577444 0 0)
(0.000601484 0 0)
(0.000625926 0 0)
(0.000650766 0 0)
(0.000675999 0 0)
(0.000701622 0 0)
(0.00072763 0 0)
(0.00075402 0 0)
(0.000780788 0 0)
(0.00080793 0 0)
(0.000835442 0 0)
(0.000863322 0 0)
(0.000891564 0 0)
(0.000920166 0 0)
(0.000949125 0 0)
(0.000978437 0 0)
(0.0010081 0 0)
(0.00103811 0 0)
(0.00106846 0 0)
(0.00109915 0 0)
(0.00113017 0 0)
(0.00116153 0 0)
(0.00119323 0 0)
(0.00122525 0 0)
(0.00125759 0 0)
(0.00129025 0 0)
(0.00132324 0 0)
(0.00135654 0 0)
(0.00139015 0 0)
(0.00142408 0 0)
(0.00145831 0 0)
(0.00149285 0 0)
(0.00152769 0 0)
(0.00156283 0 0)
(0.00159826 0 0)
(0.001634 0 0)
(0.00167002 0 0)
(0.00170634 0 0)
(0.00174294 0 0)
(0.00177982 0 0)
(0.00181699 0 0)
(0.00185444 0 0)
(0.00189217 0 0)
(0.00193018 0 0)
(0.00196845 0 0)
(0.002007 0 0)
(0.00204582 0 0)
(0.00208491 0 0)
(0.00212426 0 0)
(0.00216387 0 0)
(0.00220375 0 0)
(0.00224388 0 0)
(0.00228427 0 0)
(0.00232492 0 0)
(0.00236582 0 0)
(0.00240697 0 0)
(0.00244836 0 0)
(0.00249001 0 0)
(0.0025319 0 0)
(0.00257404 0 0)
(0.00261641 0 0)
(0.00265903 0 0)
(0.00270188 0 0)
(0.00274498 0 0)
(0.0027883 0 0)
(0.00283186 0 0)
(0.00287565 0 0)
(0.00291967 0 0)
(0.00296392 0 0)
(0.00300839 0 0)
(0.00305309 0 0)
(0.00309801 0 0)
(0.00314316 0 0)
(0.00318852 0 0)
(0.0032341 0 0)
(0.0032799 0 0)
(0.00332592 0 0)
(0.00337214 0 0)
(0.00341859 0 0)
(0.00346524 0 0)
(0.0035121 0 0)
(0.00355917 0 0)
(0.00360645 0 0)
(0.00365393 0 0)
(0.00370162 0 0)
(0.00374951 0 0)
(0.0037976 0 0)
(0.00384589 0 0)
(0.00389439 0 0)
(0.00394307 0 0)
(0.00399196 0 0)
(0.00404104 0 0)
(0.00409031 0 0)
(0.00413978 0 0)
(0.00418944 0 0)
(0.00423928 0 0)
(0.00428932 0 0)
(0.00433955 0 0)
(0.00438996 0 0)
(0.00444055 0 0)
(0.00449133 0 0)
(0.0045423 0 0)
(0.00459344 0 0)
(0.00464477 0 0)
(0.00469628 0 0)
(0.00474796 0 0)
(0.00479983 0 0)
(0.00485187 0 0)
(0.00490408 0 0)
(0.00495647 0 0)
(0.00500904 0 0)
(0.00506177 0 0)
(0.00511468 0 0)
(0.00516776 0 0)
(0.00522101 0 0)
(0.00527442 0 0)
(0.00532801 0 0)
(0.00538176 0 0)
(0.00543567 0 0)
(0.00548976 0 0)
(0.005544 0 0)
(0.00559841 0 0)
(0.00565298 0 0)
(0.00570771 0 0)
(0.0057626 0 0)
(0.00581765 0 0)
(0.00587286 0 0)
(0.00592822 0 0)
(0.00598374 0 0)
(0.00603942 0 0)
(0.00609526 0 0)
(0.00615124 0 0)
(0.00620738 0 0)
(0.00626368 0 0)
(0.00632012 0 0)
(0.00637672 0 0)
(0.00643346 0 0)
(0.00649036 0 0)
(0.0065474 0 0)
(0.00660459 0 0)
(0.00666193 0 0)
(0.00671942 0 0)
(0.00677705 0 0)
(0.00683482 0 0)
(0.00689274 0 0)
(0.0069508 0 0)
(0.00700901 0 0)
(0.00706735 0 0)
(0.00712584 0 0)
(0.00718447 0 0)
(0.00724323 0 0)
(0.00730214 0 0)
(0.00736119 0 0)
(0.00742037 0 0)
(0.00747969 0 0)
(0.00753914 0 0)
(0.00759873 0 0)
(0.00765846 0 0)
(0.00771832 0 0)
(0.00777832 0 0)
(0.00783844 0 0)
(0.0078987 0 0)
(0.00795909 0 0)
(0.00801962 0 0)
(0.00808027 0 0)
(0.00814105 0 0)
(0.00820197 0 0)
(0.00826301 0 0)
(0.00832418 0 0)
(0.00838547 0 0)
(0.0084469 0 0)
(0.00850845 0 0)
(0.00857012 0 0)
(0.00863193 0 0)
(0.00869385 0 0)
(0.0087559 0 0)
(0.00881808 0 0)
(0.00888037 0 0)
(0.00894279 0 0)
(0.00900533 0 0)
(0.009068 0 0)
(0.00913078 0 0)
(0.00919368 0 0)
(0.00925671 0 0)
(0.00931985 0 0)
(0.00938311 0 0)
(0.00944649 0 0)
(0.00950999 0 0)
(0.00957361 0 0)
(0.00963734 0 0)
(0.00970119 0 0)
(0.00976515 0 0)
(0.00982923 0 0)
(0.00989343 0 0)
(0.00995773 0 0)
(0.0100222 0 0)
(0.0100867 0 0)
(0.0101513 0 0)
(0.0102161 0 0)
(0.010281 0 0)
(0.010346 0 0)
(0.0104111 0 0)
(0.0104763 0 0)
(0.0105416 0 0)
(0.010607 0 0)
(0.0106725 0 0)
(0.0107382 0 0)
(0.0108039 0 0)
(0.0108698 0 0)
(0.0109358 0 0)
(0.0110019 0 0)
(0.011068 0 0)
(0.0111343 0 0)
(0.0112007 0 0)
(0.0112672 0 0)
(0.0113338 0 0)
(0.0114005 0 0)
(0.0114674 0 0)
(0.0115343 0 0)
(0.0116013 0 0)
(0.0116684 0 0)
(0.0117357 0 0)
(0.011803 0 0)
(0.0118704 0 0)
(0.011938 0 0)
(0.0120056 0 0)
(0.0120734 0 0)
(0.0121412 0 0)
(0.0122091 0 0)
(0.0122772 0 0)
(0.0123453 0 0)
(0.0124135 0 0)
(0.0124819 0 0)
(0.0125503 0 0)
(0.0126189 0 0)
(0.0126875 0 0)
(0.0127562 0 0)
(0.012825 0 0)
(0.012894 0 0)
(0.012963 0 0)
(0.0130321 0 0)
(0.0131013 0 0)
(0.0131706 0 0)
(0.01324 0 0)
(0.0133095 0 0)
(0.0133791 0 0)
(0.0134488 0 0)
(0.0135186 0 0)
(0.0135885 0 0)
(0.0136584 0 0)
(0.0137285 0 0)
(0.0137986 0 0)
(0.0138689 0 0)
(0.0139392 0 0)
(0.0140097 0 0)
(0.0140802 0 0)
(0.0141508 0 0)
(0.0142215 0 0)
(0.0142923 0 0)
(0.0143632 0 0)
(0.0144341 0 0)
(0.0145052 0 0)
(0.0145764 0 0)
(0.0146476 0 0)
(0.0147189 0 0)
(0.0147904 0 0)
(0.0148619 0 0)
(0.0149335 0 0)
(0.0150051 0 0)
(0.0150769 0 0)
(0.0151488 0 0)
(0.0152207 0 0)
(0.0152928 0 0)
(0.0153649 0 0)
(0.0154371 0 0)
(0.0155094 0 0)
(0.0155818 0 0)
(0.0156542 0 0)
(0.0157268 0 0)
(0.0157994 0 0)
(0.0158721 0 0)
(0.0159449 0 0)
(0.0160178 0 0)
(0.0160908 0 0)
(0.0161638 0 0)
(0.016237 0 0)
(0.0163102 0 0)
(0.0163835 0 0)
(0.0164569 0 0)
(0.0165304 0 0)
(0.0166039 0 0)
(0.0166776 0 0)
(0.0167513 0 0)
(0.0168251 0 0)
(0.016899 0 0)
(0.0169729 0 0)
(0.017047 0 0)
(0.0171211 0 0)
(0.0171953 0 0)
(0.0172696 0 0)
(0.017344 0 0)
(0.0174184 0 0)
(0.0174929 0 0)
(0.0175675 0 0)
(0.0176422 0 0)
(0.017717 0 0)
(0.0177918 0 0)
(0.0178668 0 0)
(0.0179418 0 0)
(0.0180168 0 0)
(0.018092 0 0)
(0.0181672 0 0)
(0.0182425 0 0)
(0.0183179 0 0)
(0.0183934 0 0)
(0.018469 0 0)
(0.0185446 0 0)
(0.0186203 0 0)
(0.0186961 0 0)
(0.0187719 0 0)
(0.0188478 0 0)
(0.0189238 0 0)
(0.0189999 0 0)
(0.0190761 0 0)
(0.0191523 0 0)
(0.0192286 0 0)
(0.019305 0 0)
(0.0193815 0 0)
(0.019458 0 0)
(0.0195346 0 0)
(0.0196113 0 0)
(0.0196881 0 0)
(0.0197649 0 0)
(0.0198418 0 0)
(0.0199188 0 0)
(0.0199958 0 0)
(0.020073 0 0)
(0.0201502 0 0)
(0.0202275 0 0)
(0.0203048 0 0)
(0.0203822 0 0)
(0.0204597 0 0)
(0.0205373 0 0)
(0.0206149 0 0)
(0.0206926 0 0)
(0.0207704 0 0)
(0.0208483 0 0)
(0.0209262 0 0)
(0.0210042 0 0)
(0.0210823 0 0)
(0.0211604 0 0)
(0.0212387 0 0)
(0.0213169 0 0)
(0.0213953 0 0)
(0.0214737 0 0)
(0.0215522 0 0)
(0.0216308 0 0)
(0.0217094 0 0)
(0.0217881 0 0)
(0.0218669 0 0)
(0.0219458 0 0)
(0.0220247 0 0)
(0.0221037 0 0)
(0.0221828 0 0)
(0.0222619 0 0)
(0.0223411 0 0)
(0.0224204 0 0)
(0.0224997 0 0)
(0.0225791 0 0)
(0.0226586 0 0)
(0.0227381 0 0)
(0.0228177 0 0)
(0.0228974 0 0)
(0.0229772 0 0)
(0.023057 0 0)
(0.0231369 0 0)
(0.0232168 0 0)
(0.0232969 0 0)
(0.023377 0 0)
(0.0234571 0 0)
(0.0235373 0 0)
(0.0236176 0 0)
(0.023698 0 0)
(0.0237784 0 0)
(0.0238589 0 0)
(0.0239395 0 0)
(0.0240201 0 0)
(0.0241008 0 0)
(0.0241816 0 0)
(0.0242624 0 0)
(0.0243433 0 0)
(0.0244243 0 0)
(0.0245053 0 0)
(0.0245864 0 0)
(0.0246676 0 0)
(0.0247488 0 0)
(0.0248301 0 0)
(0.0249115 0 0)
(0.0249929 0 0)
(0.0250744 0 0)
(0.0251559 0 0)
(0.0252376 0 0)
(0.0253193 0 0)
(0.025401 0 0)
(0.0254828 0 0)
(0.0255647 0 0)
(0.0256467 0 0)
(0.0257287 0 0)
(0.0258108 0 0)
(0.0258929 0 0)
(0.0259751 0 0)
(0.0260574 0 0)
(0.0261397 0 0)
(0.0262221 0 0)
(0.0263046 0 0)
(0.0263871 0 0)
(0.0264697 0 0)
(0.0265524 0 0)
(0.0266351 0 0)
(0.0267179 0 0)
(0.0268007 0 0)
(0.0268837 0 0)
(0.0269666 0 0)
(0.0270497 0 0)
(0.0271328 0 0)
(0.027216 0 0)
(0.0272992 0 0)
(0.0273825 0 0)
(0.0274658 0 0)
(0.0275493 0 0)
(0.0276328 0 0)
(0.0277163 0 0)
(0.0277999 0 0)
(0.0278836 0 0)
(0.0279673 0 0)
(0.0280511 0 0)
(0.028135 0 0)
(0.0282189 0 0)
(0.0283029 0 0)
(0.028387 0 0)
(0.0284711 0 0)
(0.0285553 0 0)
(0.0286395 0 0)
(0.0287238 0 0)
(0.0288082 0 0)
(0.0288926 0 0)
(0.0289771 0 0)
(0.0290616 0 0)
(0.0291462 0 0)
(0.0292309 0 0)
(0.0293156 0 0)
(0.0294004 0 0)
(0.0294853 0 0)
(0.0295702 0 0)
(0.0296552 0 0)
(0.0297402 0 0)
(0.0298253 0 0)
(0.0299105 0 0)
(0.0299957 0 0)
(0.030081 0 0)
(0.0301664 0 0)
(0.0302518 0 0)
(0.0303373 0 0)
(0.0304228 0 0)
(0.0305084 0 0)
(0.0305941 0 0)
(0.0306798 0 0)
(0.0307656 0 0)
(0.0308514 0 0)
(0.0309373 0 0)
(0.0310233 0 0)
(0.0311093 0 0)
(0.0311954 0 0)
(0.0312815 0 0)
(0.0313677 0 0)
(0.031454 0 0)
(0.0315403 0 0)
(0.0316267 0 0)
(0.0317132 0 0)
(0.0317997 0 0)
(0.0318863 0 0)
(0.0319729 0 0)
(0.0320596 0 0)
(0.0321463 0 0)
(0.0322332 0 0)
(0.03232 0 0)
(0.032407 0 0)
(0.032494 0 0)
(0.032581 0 0)
(0.0326681 0 0)
(0.0327553 0 0)
(0.0328426 0 0)
(0.0329299 0 0)
(0.0330172 0 0)
(0.0331046 0 0)
(0.0331921 0 0)
(0.0332797 0 0)
(0.0333673 0 0)
(0.0334549 0 0)
(0.0335427 0 0)
(0.0336304 0 0)
(0.0337183 0 0)
(0.0338062 0 0)
(0.0338942 0 0)
(0.0339822 0 0)
(0.0340703 0 0)
(0.0341584 0 0)
(0.0342466 0 0)
(0.0343349 0 0)
(0.0344232 0 0)
(0.0345116 0 0)
(0.0346001 0 0)
(0.0346886 0 0)
(0.0347771 0 0)
(0.0348658 0 0)
(0.0349545 0 0)
(0.0350432 0 0)
(0.035132 0 0)
(0.0352209 0 0)
(0.0353098 0 0)
(0.0353988 0 0)
(0.0354879 0 0)
(0.035577 0 0)
(0.0356662 0 0)
(0.0357554 0 0)
(0.0358447 0 0)
(0.0359341 0 0)
(0.0360235 0 0)
(0.036113 0 0)
(0.0362025 0 0)
(0.0362921 0 0)
(0.0363818 0 0)
(0.0364715 0 0)
(0.0365613 0 0)
(0.0366511 0 0)
(0.0367411 0 0)
(0.036831 0 0)
(0.0369211 0 0)
(0.0370111 0 0)
(0.0371013 0 0)
(0.0371915 0 0)
(0.0372818 0 0)
(0.0373721 0 0)
(0.0374625 0 0)
(0.037553 0 0)
(0.0376435 0 0)
(0.0377341 0 0)
(0.0378247 0 0)
(0.0379155 0 0)
(0.0380062 0 0)
(0.0380971 0 0)
(0.038188 0 0)
(0.0382789 0 0)
(0.0383699 0 0)
(0.038461 0 0)
(0.0385522 0 0)
(0.0386434 0 0)
(0.0387347 0 0)
(0.038826 0 0)
(0.0389174 0 0)
(0.0390088 0 0)
(0.0391004 0 0)
(0.039192 0 0)
(0.0392836 0 0)
(0.0393753 0 0)
(0.0394671 0 0)
(0.0395589 0 0)
(0.0396508 0 0)
(0.0397428 0 0)
(0.0398349 0 0)
(0.039927 0 0)
(0.0400191 0 0)
(0.0401113 0 0)
(0.0402036 0 0)
(0.040296 0 0)
(0.0403884 0 0)
(0.0404809 0 0)
(0.0405735 0 0)
(0.0406661 0 0)
(0.0407588 0 0)
(0.0408515 0 0)
(0.0409443 0 0)
(0.0410372 0 0)
(0.0411302 0 0)
(0.0412232 0 0)
(0.0413163 0 0)
(0.0414094 0 0)
(0.0415027 0 0)
(0.0415959 0 0)
(0.0416893 0 0)
(0.0417827 0 0)
(0.0418762 0 0)
(0.0419698 0 0)
(0.0420634 0 0)
(0.0421571 0 0)
(0.0422509 0 0)
(0.0423447 0 0)
(0.0424386 0 0)
(0.0425326 0 0)
(0.0426267 0 0)
(0.0427208 0 0)
(0.042815 0 0)
(0.0429093 0 0)
(0.0430036 0 0)
(0.043098 0 0)
(0.0431925 0 0)
(0.043287 0 0)
(0.0433817 0 0)
(0.0434764 0 0)
(0.0435712 0 0)
(0.043666 0 0)
(0.043761 0 0)
(0.043856 0 0)
(0.043951 0 0)
(0.0440462 0 0)
(0.0441414 0 0)
(0.0442368 0 0)
(0.0443321 0 0)
(0.0444276 0 0)
(0.0445232 0 0)
(0.0446188 0 0)
(0.0447145 0 0)
(0.0448103 0 0)
(0.0449062 0 0)
(0.0450021 0 0)
(0.0450982 0 0)
(0.0451943 0 0)
(0.0452905 0 0)
(0.0453868 0 0)
(0.0454832 0 0)
(0.0455797 0 0)
(0.0456762 0 0)
(0.0457729 0 0)
(0.0458696 0 0)
(0.0459664 0 0)
(0.0460633 0 0)
(0.0461603 0 0)
(0.0462574 0 0)
(0.0463546 0 0)
(0.0464519 0 0)
(0.0465493 0 0)
(0.0466468 0 0)
(0.0467444 0 0)
(0.0468421 0 0)
(0.0469398 0 0)
(0.0470377 0 0)
(0.0471357 0 0)
(0.0472338 0 0)
(0.047332 0 0)
(0.0474303 0 0)
(0.0475287 0 0)
(0.0476273 0 0)
(0.0477259 0 0)
(0.0478246 0 0)
(0.0479235 0 0)
(0.0480225 0 0)
(0.0481216 0 0)
(0.0482208 0 0)
(0.0483202 0 0)
(0.0484197 0 0)
(0.0485193 0 0)
(0.048619 0 0)
(0.0487189 0 0)
(0.0488189 0 0)
(0.048919 0 0)
(0.0490193 0 0)
(0.0491198 0 0)
(0.0492203 0 0)
(0.0493211 0 0)
(0.0494219 0 0)
(0.049523 0 0)
(0.0496242 0 0)
(0.0497255 0 0)
(0.049827 0 0)
(0.0499287 0 0)
(0.0500306 0 0)
(0.0501326 0 0)
(0.0502349 0 0)
(0.0503373 0 0)
(0.0504399 0 0)
(0.0505427 0 0)
(0.0506457 0 0)
(0.050749 0 0)
(0.0508524 0 0)
(0.0509561 0 0)
(0.05106 0 0)
(0.0511641 0 0)
(0.0512685 0 0)
(0.0513731 0 0)
(0.051478 0 0)
(0.0515831 0 0)
(0.0516886 0 0)
(0.0517943 0 0)
(0.0519003 0 0)
(0.0520066 0 0)
(0.0521132 0 0)
(0.0522202 0 0)
(0.0523275 0 0)
(0.0524352 0 0)
(0.0525432 0 0)
(0.0526516 0 0)
(0.0527604 0 0)
(0.0528697 0 0)
(0.0529793 0 0)
(0.0530894 0 0)
(0.0532 0 0)
(0.0533111 0 0)
(0.0534227 0 0)
(0.0535349 0 0)
(0.0536476 0 0)
(0.0537609 0 0)
(0.0538748 0 0)
(0.0539894 0 0)
(0.0541047 0 0)
(0.0542207 0 0)
(0.0543375 0 0)
(0.054455 0 0)
(0.0545735 0 0)
(0.0546928 0 0)
(0.0548131 0 0)
(0.0549344 0 0)
(0.0550568 0 0)
(0.0551803 0 0)
(0.0553051 0 0)
(0.0554311 0 0)
(0.0555585 0 0)
(0.0556874 0 0)
(0.0558179 0 0)
(0.0559501 0 0)
(0.0560841 0 0)
(0.05622 0 0)
(0.0563581 0 0)
(0.0564984 0 0)
(0.0566412 0 0)
(0.0567866 0 0)
(0.056935 0 0)
(0.0570864 0 0)
(0.0572413 0 0)
(0.0573999 0 0)
(0.0575626 0 0)
(0.0577298 0 0)
(0.057902 0 0)
(0.0580796 0 0)
(0.0582633 0 0)
(0.0584538 0 0)
(0.0586518 0 0)
(0.0588582 0 0)
(0.0590741 0 0)
(0.0593007 0 0)
(0.0595395 0 0)
(0.0597923 0 0)
(0.060061 0 0)
(0.0603482 0 0)
(0.0606569 0 0)
(0.0609908 0 0)
(0.0613545 0 0)
(0.0617539 0 0)
(0.0621963 0 0)
(0.0626912 0 0)
(0.0632513 0 0)
(0.0638934 0 0)
(0.0646408 0 0)
(0.0655262 0 0)
(0.0665976 0 0)
(0.0679277 0 0)
(0.0696327 0 0)
(0.0719102 0 0)
(0.0751248 0 0)
(0.0800327 0 0)
(0.0884908 0 0)
(0.106517 0 0)
(0.175337 0 0)
(0.246395 0 0)
(0.266205 0 0)
(0.273047 0 0)
(0.271941 0 0)
(0.260266 0 0)
(0.24177 0 0)
(0.22577 0 0)
(0.21741 0 0)
(0.215809 0 0)
(0.218215 0 0)
(0.222511 0 0)
(0.227443 0 0)
(0.23223 0 0)
(0.236283 0 0)
(0.239117 0 0)
(0.240402 0 0)
(0.240073 0 0)
(0.238401 0 0)
(0.235957 0 0)
(0.233433 0 0)
(0.231421 0 0)
(0.230259 0 0)
(0.230002 0 0)
(0.230491 0 0)
(0.231455 0 0)
(0.232599 0 0)
(0.233663 0 0)
(0.234457 0 0)
(0.234881 0 0)
(0.234923 0 0)
(0.234649 0 0)
(0.234179 0 0)
(0.23365 0 0)
(0.233184 0 0)
(0.232865 0 0)
(0.232729 0 0)
(0.232764 0 0)
(0.232927 0 0)
(0.233159 0 0)
(0.233398 0 0)
(0.233594 0 0)
(0.233715 0 0)
(0.233752 0 0)
(0.233714 0 0)
(0.233622 0 0)
(0.233506 0 0)
(0.233393 0 0)
(0.233305 0 0)
(0.233253 0 0)
(0.23324 0 0)
(0.23326 0 0)
(0.233301 0 0)
(0.23335 0 0)
(0.233395 0 0)
(0.233428 0 0)
(0.233443 0 0)
(0.233442 0 0)
(0.233427 0 0)
(0.233405 0 0)
(0.233381 0 0)
(0.233362 0 0)
(0.233349 0 0)
(0.233345 0 0)
(0.233348 0 0)
(0.233357 0 0)
(0.23337 0 0)
(0.233382 0 0)
(0.233393 0 0)
(0.2334 0 0)
(0.233404 0 0)
(0.233404 0 0)
(0.233403 0 0)
(0.233401 0 0)
(0.233399 0 0)
(0.233398 0 0)
(0.233399 0 0)
(0.233401 0 0)
(0.233405 0 0)
(0.23341 0 0)
(0.233415 0 0)
(0.233419 0 0)
(0.233422 0 0)
(0.233425 0 0)
(0.233426 0 0)
(0.233427 0 0)
(0.233426 0 0)
(0.233426 0 0)
(0.233425 0 0)
(0.233425 0 0)
(0.233424 0 0)
(0.233424 0 0)
(0.233424 0 0)
(0.233424 0 0)
(0.233423 0 0)
(0.233423 0 0)
(0.233423 0 0)
(0.233422 0 0)
(0.233421 0 0)
(0.233421 0 0)
(0.23342 0 0)
(0.23342 0 0)
(0.23342 0 0)
(0.23342 0 0)
(0.233421 0 0)
(0.233422 0 0)
(0.233423 0 0)
(0.233424 0 0)
(0.233425 0 0)
(0.233427 0 0)
(0.233428 0 0)
(0.233429 0 0)
(0.233431 0 0)
(0.233432 0 0)
(0.233433 0 0)
(0.233435 0 0)
(0.233436 0 0)
(0.233437 0 0)
(0.233438 0 0)
(0.233439 0 0)
(0.233441 0 0)
(0.233441 0 0)
(0.233442 0 0)
(0.233443 0 0)
(0.233444 0 0)
(0.233445 0 0)
(0.233445 0 0)
(0.233446 0 0)
(0.233447 0 0)
(0.233447 0 0)
(0.233448 0 0)
(0.233448 0 0)
(0.233449 0 0)
(0.23345 0 0)
(0.233451 0 0)
(0.233451 0 0)
(0.233452 0 0)
(0.233453 0 0)
(0.233454 0 0)
(0.233455 0 0)
(0.233456 0 0)
(0.233457 0 0)
(0.233458 0 0)
(0.233459 0 0)
(0.23346 0 0)
(0.233461 0 0)
(0.233462 0 0)
(0.233463 0 0)
(0.233464 0 0)
(0.233466 0 0)
(0.233467 0 0)
(0.233469 0 0)
(0.233471 0 0)
(0.233472 0 0)
(0.233474 0 0)
(0.233476 0 0)
(0.233479 0 0)
(0.233481 0 0)
(0.233483 0 0)
(0.233486 0 0)
(0.233489 0 0)
(0.233492 0 0)
(0.233495 0 0)
(0.233498 0 0)
(0.233501 0 0)
(0.233504 0 0)
(0.233508 0 0)
(0.233511 0 0)
(0.233515 0 0)
(0.233518 0 0)
(0.233521 0 0)
(0.233525 0 0)
(0.233528 0 0)
(0.233531 0 0)
(0.233533 0 0)
(0.233536 0 0)
(0.233538 0 0)
(0.23354 0 0)
(0.233542 0 0)
(0.233543 0 0)
(0.233544 0 0)
(0.233545 0 0)
(0.233546 0 0)
(0.233546 0 0)
(0.233545 0 0)
(0.233545 0 0)
(0.233544 0 0)
)
;

boundaryField
{
    inlet
    {
        type            fixedValue;
        value           uniform (0 0 0);
    }
    outlet
    {
        type            zeroGradient;
    }
    emptyWalls
    {
        type            empty;
    }
}


// ************************************************************************* //
