/*--------------------------------*- C++ -*----------------------------------*\
  =========                 |
  \\      /  F ield         | OpenFOAM: The Open Source CFD Toolbox
   \\    /   O peration     | Website:  https://openfoam.org
    \\  /    A nd           | Version:  9
     \\/     M anipulation  |
\*---------------------------------------------------------------------------*/
FoamFile
{
    format      ascii;
    class       volScalarField;
    location    "13.5";
    object      AcumCoeff_csw;
}
// * * * * * * * * * * * * * * * * * * * * * * * * * * * * * * * * * * * * * //

dimensions      [0 0 0 0 0 0 0];

internalField   nonuniform List<scalar> 
1000
(
0.149785
0.149652
0.14953
0.149412
0.149298
0.149185
0.149074
0.148965
0.148857
0.14875
0.148643
0.148538
0.148433
0.14833
0.148226
0.148124
0.148022
0.147921
0.14782
0.147721
0.147621
0.147522
0.147424
0.147326
0.147229
0.147132
0.147036
0.14694
0.146845
0.14675
0.146656
0.146562
0.146469
0.146376
0.146283
0.146191
0.146099
0.146008
0.145917
0.145826
0.145736
0.145647
0.145557
0.145469
0.14538
0.145292
0.145204
0.145117
0.14503
0.144943
0.144857
0.144771
0.144685
0.1446
0.144515
0.144431
0.144346
0.144263
0.144179
0.144096
0.144013
0.14393
0.143848
0.143766
0.143685
0.143603
0.143522
0.143442
0.143361
0.143281
0.143202
0.143122
0.143043
0.142964
0.142885
0.142807
0.142729
0.142651
0.142574
0.142497
0.14242
0.142343
0.142267
0.142191
0.142115
0.142039
0.141964
0.141889
0.141814
0.141739
0.141665
0.141591
0.141517
0.141444
0.14137
0.141297
0.141224
0.141152
0.14108
0.141007
0.140936
0.140864
0.140793
0.140721
0.140651
0.14058
0.140509
0.140439
0.140369
0.140299
0.14023
0.14016
0.140091
0.140022
0.139953
0.139885
0.139817
0.139748
0.13968
0.139613
0.139545
0.139478
0.139411
0.139344
0.139277
0.139211
0.139145
0.139078
0.139013
0.138947
0.138881
0.138816
0.138751
0.138686
0.138621
0.138557
0.138492
0.138428
0.138364
0.1383
0.138236
0.138173
0.13811
0.138046
0.137984
0.137921
0.137858
0.137796
0.137733
0.137671
0.137609
0.137548
0.137486
0.137425
0.137363
0.137302
0.137241
0.13718
0.13712
0.137059
0.136999
0.136939
0.136879
0.136819
0.136759
0.1367
0.136641
0.136581
0.136522
0.136463
0.136405
0.136346
0.136288
0.136229
0.136171
0.136113
0.136055
0.135997
0.13594
0.135882
0.135825
0.135768
0.135711
0.135654
0.135597
0.135541
0.135484
0.135428
0.135372
0.135316
0.13526
0.135204
0.135148
0.135093
0.135037
0.134982
0.134927
0.134872
0.134817
0.134762
0.134708
0.134653
0.134599
0.134545
0.13449
0.134436
0.134383
0.134329
0.134275
0.134222
0.134168
0.134115
0.134062
0.134009
0.133956
0.133903
0.13385
0.133798
0.133745
0.133693
0.133641
0.133589
0.133537
0.133485
0.133433
0.133382
0.13333
0.133279
0.133227
0.133176
0.133125
0.133074
0.133023
0.132972
0.132922
0.132871
0.132821
0.132771
0.13272
0.13267
0.13262
0.13257
0.13252
0.132471
0.132421
0.132372
0.132322
0.132273
0.132224
0.132175
0.132126
0.132077
0.132028
0.131979
0.131931
0.131882
0.131834
0.131785
0.131737
0.131689
0.131641
0.131593
0.131545
0.131497
0.13145
0.131402
0.131355
0.131307
0.13126
0.131213
0.131166
0.131119
0.131072
0.131025
0.130978
0.130932
0.130885
0.130839
0.130792
0.130746
0.1307
0.130653
0.130607
0.130561
0.130516
0.13047
0.130424
0.130378
0.130333
0.130288
0.130242
0.130197
0.130152
0.130107
0.130062
0.130017
0.129972
0.129927
0.129882
0.129838
0.129793
0.129749
0.129704
0.12966
0.129616
0.129571
0.129527
0.129483
0.129439
0.129396
0.129352
0.129308
0.129265
0.129221
0.129178
0.129134
0.129091
0.129048
0.129004
0.128961
0.128918
0.128875
0.128832
0.12879
0.128747
0.128704
0.128662
0.128619
0.128577
0.128534
0.128492
0.12845
0.128408
0.128366
0.128324
0.128282
0.12824
0.128198
0.128156
0.128115
0.128073
0.128031
0.12799
0.127949
0.127907
0.127866
0.127825
0.127784
0.127743
0.127702
0.127661
0.12762
0.127579
0.127538
0.127497
0.127457
0.127416
0.127376
0.127335
0.127295
0.127255
0.127214
0.127174
0.127134
0.127094
0.127054
0.127014
0.126974
0.126935
0.126895
0.126855
0.126816
0.126776
0.126736
0.126697
0.126658
0.126618
0.126579
0.12654
0.126501
0.126462
0.126423
0.126384
0.126345
0.126306
0.126267
0.126228
0.12619
0.126151
0.126113
0.126074
0.126036
0.125997
0.125959
0.125921
0.125882
0.125844
0.125806
0.125768
0.12573
0.125692
0.125654
0.125616
0.125578
0.125541
0.125503
0.125465
0.125428
0.12539
0.125353
0.125315
0.125278
0.125241
0.125203
0.125166
0.125129
0.125092
0.125055
0.125018
0.124981
0.124944
0.124907
0.12487
0.124834
0.124797
0.12476
0.124724
0.124687
0.124651
0.124614
0.124578
0.124541
0.124505
0.124469
0.124433
0.124397
0.12436
0.124324
0.124288
0.124252
0.124216
0.124181
0.124145
0.124109
0.124073
0.124038
0.124002
0.123966
0.123931
0.123895
0.12386
0.123824
0.123789
0.123754
0.123719
0.123683
0.123648
0.123613
0.123578
0.123543
0.123508
0.123473
0.123438
0.123403
0.123368
0.123334
0.123299
0.123264
0.123229
0.123195
0.12316
0.123126
0.123091
0.123057
0.123022
0.122988
0.122954
0.12292
0.122885
0.122851
0.122817
0.122783
0.122749
0.122715
0.122681
0.122647
0.122613
0.122579
0.122545
0.122512
0.122478
0.122444
0.122411
0.122377
0.122343
0.12231
0.122276
0.122243
0.12221
0.122176
0.122143
0.12211
0.122076
0.122043
0.12201
0.121977
0.121944
0.121911
0.121878
0.121845
0.121812
0.121779
0.121746
0.121713
0.12168
0.121648
0.121615
0.121582
0.12155
0.121517
0.121484
0.121452
0.121419
0.121387
0.121355
0.121322
0.12129
0.121258
0.121225
0.121193
0.121161
0.121129
0.121096
0.121064
0.121032
0.121
0.120968
0.120936
0.120904
0.120873
0.120841
0.120809
0.120777
0.120745
0.120714
0.120682
0.12065
0.120619
0.120587
0.120556
0.120524
0.120493
0.120461
0.12043
0.120398
0.120367
0.120336
0.120305
0.120273
0.120242
0.120211
0.12018
0.120149
0.120118
0.120087
0.120056
0.120025
0.119994
0.119963
0.119932
0.119901
0.11987
0.119839
0.119809
0.119778
0.119747
0.119717
0.119686
0.119655
0.119625
0.119594
0.119564
0.119533
0.119503
0.119472
0.119442
0.119412
0.119381
0.119351
0.119321
0.119291
0.11926
0.11923
0.1192
0.11917
0.11914
0.11911
0.11908
0.11905
0.11902
0.11899
0.11896
0.11893
0.1189
0.11887
0.118841
0.118811
0.118781
0.118751
0.118722
0.118692
0.118662
0.118633
0.118603
0.118574
0.118544
0.118515
0.118485
0.118456
0.118427
0.118397
0.118368
0.118339
0.118309
0.11828
0.118251
0.118222
0.118192
0.118163
0.118134
0.118105
0.118076
0.118047
0.118018
0.117989
0.11796
0.117931
0.117902
0.117873
0.117844
0.117816
0.117787
0.117758
0.117729
0.117701
0.117672
0.117643
0.117615
0.117586
0.117557
0.117529
0.1175
0.117472
0.117443
0.117415
0.117386
0.117358
0.117329
0.117301
0.117273
0.117244
0.117216
0.117188
0.11716
0.117131
0.117103
0.117075
0.117047
0.117019
0.116991
0.116963
0.116935
0.116907
0.116879
0.116851
0.116823
0.116795
0.116767
0.116739
0.116711
0.116683
0.116655
0.116628
0.1166
0.116572
0.116544
0.116517
0.116489
0.116461
0.116434
0.116406
0.116379
0.116351
0.116323
0.116296
0.116268
0.116241
0.116213
0.116186
0.116159
0.116131
0.116104
0.116077
0.116049
0.116022
0.115995
0.115967
0.11594
0.115913
0.115886
0.115859
0.115832
0.115804
0.115777
0.11575
0.115723
0.115696
0.115669
0.115642
0.115615
0.115588
0.115561
0.115534
0.115508
0.115481
0.115454
0.115427
0.1154
0.115373
0.115347
0.11532
0.115293
0.115266
0.11524
0.115213
0.115186
0.11516
0.115133
0.115107
0.11508
0.115054
0.115027
0.115001
0.114974
0.114948
0.114921
0.114895
0.114868
0.114842
0.114816
0.114789
0.114763
0.114737
0.11471
0.114684
0.114658
0.114632
0.114605
0.114579
0.114553
0.114527
0.114501
0.114475
0.114448
0.114422
0.114396
0.11437
0.114344
0.114318
0.114292
0.114266
0.11424
0.114214
0.114188
0.114163
0.114137
0.114111
0.114085
0.114059
0.114033
0.114008
0.113982
0.113956
0.11393
0.113905
0.113879
0.113853
0.113827
0.113802
0.113776
0.113751
0.113725
0.113699
0.113674
0.113648
0.113623
0.113597
0.113572
0.113546
0.113521
0.113495
0.11347
0.113444
0.113419
0.113394
0.113368
0.113343
0.113317
0.113292
0.113267
0.113242
0.113216
0.113191
0.113166
0.113141
0.113115
0.11309
0.113065
0.11304
0.113015
0.112989
0.112964
0.112939
0.112914
0.112889
0.112864
0.112839
0.112814
0.112789
0.112764
0.112739
0.112714
0.112689
0.112664
0.112639
0.112614
0.112589
0.112564
0.11254
0.112515
0.11249
0.112465
0.11244
0.112415
0.112391
0.112366
0.112341
0.112316
0.112292
0.112267
0.112242
0.112217
0.112193
0.112168
0.112143
0.112119
0.112094
0.11207
0.112045
0.11202
0.111996
0.111971
0.111947
0.111922
0.111898
0.111873
0.111848
0.111824
0.1118
0.111775
0.111751
0.111726
0.111702
0.111677
0.111653
0.111628
0.111604
0.11158
0.111555
0.111531
0.111507
0.111482
0.111458
0.111434
0.111409
0.111385
0.111361
0.111336
0.111312
0.111288
0.111264
0.111239
0.111215
0.111191
0.111167
0.111143
0.111118
0.111094
0.11107
0.111046
0.111022
0.110998
0.110973
0.110949
0.110925
0.110901
0.110877
0.110853
0.110829
0.110805
0.110781
0.110757
0.110732
0.110708
0.110684
0.11066
0.110636
0.110612
0.110588
0.110564
0.11054
0.110516
0.110492
0.110468
0.110444
0.11042
0.110396
0.110372
0.110348
0.110324
0.1103
0.110276
0.110252
0.110228
0.110204
0.11018
0.110156
0.110132
0.110108
0.110084
0.11006
0.110036
0.110013
0.109989
0.109965
0.109941
0.109917
0.109893
0.109869
0.109845
0.109821
0.109797
0.109773
0.109749
0.109725
0.109701
0.109676
0.109652
0.109628
0.109604
0.10958
0.109556
0.109532
0.109508
0.109484
0.10946
0.109435
0.109411
0.109387
0.109363
0.109339
0.109314
0.10929
0.109266
0.109242
0.109217
0.109193
0.109168
0.109144
0.10912
0.109095
0.109071
0.109046
0.109021
0.108997
0.108972
0.108947
0.108923
0.108898
0.108873
0.108848
0.108823
0.108798
0.108773
0.108748
0.108722
0.108697
0.108672
0.108646
0.108621
)
;

boundaryField
{
    inlet
    {
        type            calculated;
        value           uniform 0.15;
    }
    outlet
    {
        type            calculated;
        value           uniform 0.108621;
    }
    emptyWalls
    {
        type            empty;
    }
}


// ************************************************************************* //
