/*--------------------------------*- C++ -*----------------------------------*\
  =========                 |
  \\      /  F ield         | OpenFOAM: The Open Source CFD Toolbox
   \\    /   O peration     | Website:  https://openfoam.org
    \\  /    A nd           | Version:  9
     \\/     M anipulation  |
\*---------------------------------------------------------------------------*/
FoamFile
{
    format      ascii;
    class       volVectorField;
    location    "6.7";
    object      Uc;
}
// * * * * * * * * * * * * * * * * * * * * * * * * * * * * * * * * * * * * * //

dimensions      [0 0 0 0 0 0 0];

internalField   nonuniform List<vector> 
1000
(
(1.52404e-06 0 0)
(5.4873e-06 0 0)
(1.11989e-05 0 0)
(1.85319e-05 0 0)
(2.74096e-05 0 0)
(3.77751e-05 0 0)
(4.95818e-05 0 0)
(6.27894e-05 0 0)
(7.73618e-05 0 0)
(9.32663e-05 0 0)
(0.000110472 0 0)
(0.000128952 0 0)
(0.000148677 0 0)
(0.000169623 0 0)
(0.000191766 0 0)
(0.000215081 0 0)
(0.000239548 0 0)
(0.000265143 0 0)
(0.000291848 0 0)
(0.000319641 0 0)
(0.000348504 0 0)
(0.000378418 0 0)
(0.000409364 0 0)
(0.000441326 0 0)
(0.000474286 0 0)
(0.000508228 0 0)
(0.000543136 0 0)
(0.000578994 0 0)
(0.000615788 0 0)
(0.000653502 0 0)
(0.000692123 0 0)
(0.000731636 0 0)
(0.000772027 0 0)
(0.000813285 0 0)
(0.000855394 0 0)
(0.000898344 0 0)
(0.000942122 0 0)
(0.000986716 0 0)
(0.00103211 0 0)
(0.0010783 0 0)
(0.00112528 0 0)
(0.00117302 0 0)
(0.00122152 0 0)
(0.00127077 0 0)
(0.00132077 0 0)
(0.00137149 0 0)
(0.00142293 0 0)
(0.00147508 0 0)
(0.00152794 0 0)
(0.00158148 0 0)
(0.00163571 0 0)
(0.00169061 0 0)
(0.00174618 0 0)
(0.00180241 0 0)
(0.00185929 0 0)
(0.00191681 0 0)
(0.00197496 0 0)
(0.00203373 0 0)
(0.00209313 0 0)
(0.00215314 0 0)
(0.00221375 0 0)
(0.00227495 0 0)
(0.00233675 0 0)
(0.00239913 0 0)
(0.00246209 0 0)
(0.00252561 0 0)
(0.0025897 0 0)
(0.00265435 0 0)
(0.00271954 0 0)
(0.00278528 0 0)
(0.00285156 0 0)
(0.00291837 0 0)
(0.00298571 0 0)
(0.00305357 0 0)
(0.00312195 0 0)
(0.00319083 0 0)
(0.00326023 0 0)
(0.00333012 0 0)
(0.0034005 0 0)
(0.00347138 0 0)
(0.00354274 0 0)
(0.00361457 0 0)
(0.00368689 0 0)
(0.00375967 0 0)
(0.00383292 0 0)
(0.00390663 0 0)
(0.0039808 0 0)
(0.00405541 0 0)
(0.00413048 0 0)
(0.00420599 0 0)
(0.00428193 0 0)
(0.00435831 0 0)
(0.00443513 0 0)
(0.00451237 0 0)
(0.00459003 0 0)
(0.00466811 0 0)
(0.0047466 0 0)
(0.00482551 0 0)
(0.00490482 0 0)
(0.00498454 0 0)
(0.00506466 0 0)
(0.00514518 0 0)
(0.00522609 0 0)
(0.00530738 0 0)
(0.00538907 0 0)
(0.00547114 0 0)
(0.00555359 0 0)
(0.00563641 0 0)
(0.00571961 0 0)
(0.00580318 0 0)
(0.00588711 0 0)
(0.00597141 0 0)
(0.00605608 0 0)
(0.0061411 0 0)
(0.00622647 0 0)
(0.0063122 0 0)
(0.00639828 0 0)
(0.0064847 0 0)
(0.00657147 0 0)
(0.00665858 0 0)
(0.00674603 0 0)
(0.00683381 0 0)
(0.00692193 0 0)
(0.00701038 0 0)
(0.00709916 0 0)
(0.00718827 0 0)
(0.00727769 0 0)
(0.00736744 0 0)
(0.00745751 0 0)
(0.0075479 0 0)
(0.00763859 0 0)
(0.00772961 0 0)
(0.00782093 0 0)
(0.00791255 0 0)
(0.00800449 0 0)
(0.00809672 0 0)
(0.00818926 0 0)
(0.0082821 0 0)
(0.00837523 0 0)
(0.00846866 0 0)
(0.00856238 0 0)
(0.00865639 0 0)
(0.00875069 0 0)
(0.00884527 0 0)
(0.00894014 0 0)
(0.0090353 0 0)
(0.00913073 0 0)
(0.00922645 0 0)
(0.00932244 0 0)
(0.0094187 0 0)
(0.00951525 0 0)
(0.00961206 0 0)
(0.00970914 0 0)
(0.00980649 0 0)
(0.00990411 0 0)
(0.010002 0 0)
(0.0101001 0 0)
(0.0101986 0 0)
(0.0102972 0 0)
(0.0103962 0 0)
(0.0104953 0 0)
(0.0105948 0 0)
(0.0106945 0 0)
(0.0107944 0 0)
(0.0108946 0 0)
(0.0109951 0 0)
(0.0110958 0 0)
(0.0111967 0 0)
(0.0112979 0 0)
(0.0113993 0 0)
(0.011501 0 0)
(0.0116029 0 0)
(0.0117051 0 0)
(0.0118075 0 0)
(0.0119101 0 0)
(0.012013 0 0)
(0.0121161 0 0)
(0.0122194 0 0)
(0.012323 0 0)
(0.0124268 0 0)
(0.0125308 0 0)
(0.0126351 0 0)
(0.0127396 0 0)
(0.0128443 0 0)
(0.0129492 0 0)
(0.0130544 0 0)
(0.0131598 0 0)
(0.0132654 0 0)
(0.0133712 0 0)
(0.0134773 0 0)
(0.0135835 0 0)
(0.01369 0 0)
(0.0137967 0 0)
(0.0139036 0 0)
(0.0140107 0 0)
(0.0141181 0 0)
(0.0142256 0 0)
(0.0143334 0 0)
(0.0144414 0 0)
(0.0145495 0 0)
(0.0146579 0 0)
(0.0147665 0 0)
(0.0148753 0 0)
(0.0149843 0 0)
(0.0150935 0 0)
(0.0152029 0 0)
(0.0153126 0 0)
(0.0154224 0 0)
(0.0155324 0 0)
(0.0156426 0 0)
(0.015753 0 0)
(0.0158636 0 0)
(0.0159744 0 0)
(0.0160854 0 0)
(0.0161966 0 0)
(0.016308 0 0)
(0.0164196 0 0)
(0.0165314 0 0)
(0.0166434 0 0)
(0.0167556 0 0)
(0.0168679 0 0)
(0.0169805 0 0)
(0.0170932 0 0)
(0.0172061 0 0)
(0.0173192 0 0)
(0.0174325 0 0)
(0.017546 0 0)
(0.0176597 0 0)
(0.0177735 0 0)
(0.0178876 0 0)
(0.0180018 0 0)
(0.0181162 0 0)
(0.0182308 0 0)
(0.0183456 0 0)
(0.0184605 0 0)
(0.0185756 0 0)
(0.018691 0 0)
(0.0188064 0 0)
(0.0189221 0 0)
(0.0190379 0 0)
(0.019154 0 0)
(0.0192702 0 0)
(0.0193865 0 0)
(0.0195031 0 0)
(0.0196198 0 0)
(0.0197367 0 0)
(0.0198538 0 0)
(0.019971 0 0)
(0.0200884 0 0)
(0.020206 0 0)
(0.0203238 0 0)
(0.0204417 0 0)
(0.0205598 0 0)
(0.0206781 0 0)
(0.0207965 0 0)
(0.0209151 0 0)
(0.0210339 0 0)
(0.0211528 0 0)
(0.0212719 0 0)
(0.0213912 0 0)
(0.0215106 0 0)
(0.0216302 0 0)
(0.02175 0 0)
(0.0218699 0 0)
(0.02199 0 0)
(0.0221103 0 0)
(0.0222307 0 0)
(0.0223513 0 0)
(0.0224721 0 0)
(0.022593 0 0)
(0.022714 0 0)
(0.0228353 0 0)
(0.0229567 0 0)
(0.0230782 0 0)
(0.0231999 0 0)
(0.0233218 0 0)
(0.0234438 0 0)
(0.023566 0 0)
(0.0236884 0 0)
(0.0238109 0 0)
(0.0239336 0 0)
(0.0240564 0 0)
(0.0241794 0 0)
(0.0243025 0 0)
(0.0244258 0 0)
(0.0245492 0 0)
(0.0246728 0 0)
(0.0247966 0 0)
(0.0249205 0 0)
(0.0250446 0 0)
(0.0251688 0 0)
(0.0252932 0 0)
(0.0254177 0 0)
(0.0255424 0 0)
(0.0256672 0 0)
(0.0257922 0 0)
(0.0259174 0 0)
(0.0260427 0 0)
(0.0261681 0 0)
(0.0262937 0 0)
(0.0264194 0 0)
(0.0265453 0 0)
(0.0266714 0 0)
(0.0267976 0 0)
(0.0269239 0 0)
(0.0270504 0 0)
(0.0271771 0 0)
(0.0273039 0 0)
(0.0274308 0 0)
(0.0275579 0 0)
(0.0276852 0 0)
(0.0278126 0 0)
(0.0279401 0 0)
(0.0280678 0 0)
(0.0281956 0 0)
(0.0283236 0 0)
(0.0284518 0 0)
(0.02858 0 0)
(0.0287085 0 0)
(0.028837 0 0)
(0.0289658 0 0)
(0.0290946 0 0)
(0.0292236 0 0)
(0.0293528 0 0)
(0.0294821 0 0)
(0.0296116 0 0)
(0.0297412 0 0)
(0.0298709 0 0)
(0.0300008 0 0)
(0.0301308 0 0)
(0.030261 0 0)
(0.0303914 0 0)
(0.0305218 0 0)
(0.0306524 0 0)
(0.0307832 0 0)
(0.0309141 0 0)
(0.0310452 0 0)
(0.0311764 0 0)
(0.0313077 0 0)
(0.0314392 0 0)
(0.0315708 0 0)
(0.0317026 0 0)
(0.0318345 0 0)
(0.0319666 0 0)
(0.0320988 0 0)
(0.0322312 0 0)
(0.0323637 0 0)
(0.0324963 0 0)
(0.0326291 0 0)
(0.032762 0 0)
(0.0328951 0 0)
(0.0330283 0 0)
(0.0331617 0 0)
(0.0332952 0 0)
(0.0334289 0 0)
(0.0335627 0 0)
(0.0336966 0 0)
(0.0338307 0 0)
(0.033965 0 0)
(0.0340993 0 0)
(0.0342339 0 0)
(0.0343685 0 0)
(0.0345034 0 0)
(0.0346383 0 0)
(0.0347734 0 0)
(0.0349087 0 0)
(0.0350441 0 0)
(0.0351796 0 0)
(0.0353153 0 0)
(0.0354511 0 0)
(0.0355871 0 0)
(0.0357233 0 0)
(0.0358595 0 0)
(0.035996 0 0)
(0.0361325 0 0)
(0.0362693 0 0)
(0.0364061 0 0)
(0.0365431 0 0)
(0.0366803 0 0)
(0.0368176 0 0)
(0.0369551 0 0)
(0.0370927 0 0)
(0.0372304 0 0)
(0.0373684 0 0)
(0.0375064 0 0)
(0.0376446 0 0)
(0.037783 0 0)
(0.0379215 0 0)
(0.0380602 0 0)
(0.038199 0 0)
(0.038338 0 0)
(0.0384771 0 0)
(0.0386164 0 0)
(0.0387558 0 0)
(0.0388954 0 0)
(0.0390351 0 0)
(0.039175 0 0)
(0.0393151 0 0)
(0.0394553 0 0)
(0.0395957 0 0)
(0.0397362 0 0)
(0.0398769 0 0)
(0.0400177 0 0)
(0.0401587 0 0)
(0.0402999 0 0)
(0.0404413 0 0)
(0.0405828 0 0)
(0.0407244 0 0)
(0.0408662 0 0)
(0.0410082 0 0)
(0.0411504 0 0)
(0.0412927 0 0)
(0.0414352 0 0)
(0.0415779 0 0)
(0.0417207 0 0)
(0.0418638 0 0)
(0.042007 0 0)
(0.0421503 0 0)
(0.0422939 0 0)
(0.0424376 0 0)
(0.0425815 0 0)
(0.0427256 0 0)
(0.0428698 0 0)
(0.0430143 0 0)
(0.0431589 0 0)
(0.0433038 0 0)
(0.0434488 0 0)
(0.043594 0 0)
(0.0437394 0 0)
(0.043885 0 0)
(0.0440308 0 0)
(0.0441768 0 0)
(0.044323 0 0)
(0.0444694 0 0)
(0.044616 0 0)
(0.0447629 0 0)
(0.0449099 0 0)
(0.0450572 0 0)
(0.0452046 0 0)
(0.0453524 0 0)
(0.0455003 0 0)
(0.0456485 0 0)
(0.0457968 0 0)
(0.0459455 0 0)
(0.0460944 0 0)
(0.0462435 0 0)
(0.0463929 0 0)
(0.0465425 0 0)
(0.0466924 0 0)
(0.0468426 0 0)
(0.046993 0 0)
(0.0471437 0 0)
(0.0472947 0 0)
(0.047446 0 0)
(0.0475976 0 0)
(0.0477495 0 0)
(0.0479017 0 0)
(0.0480542 0 0)
(0.0482071 0 0)
(0.0483603 0 0)
(0.0485138 0 0)
(0.0486677 0 0)
(0.0488219 0 0)
(0.0489766 0 0)
(0.0491316 0 0)
(0.049287 0 0)
(0.0494428 0 0)
(0.0495991 0 0)
(0.0497558 0 0)
(0.049913 0 0)
(0.0500706 0 0)
(0.0502287 0 0)
(0.0503874 0 0)
(0.0505466 0 0)
(0.0507063 0 0)
(0.0508666 0 0)
(0.0510275 0 0)
(0.051189 0 0)
(0.0513512 0 0)
(0.0515141 0 0)
(0.0516777 0 0)
(0.051842 0 0)
(0.0520071 0 0)
(0.0521731 0 0)
(0.0523399 0 0)
(0.0525076 0 0)
(0.0526764 0 0)
(0.0528461 0 0)
(0.0530169 0 0)
(0.0531889 0 0)
(0.0533621 0 0)
(0.0535366 0 0)
(0.0537124 0 0)
(0.0538897 0 0)
(0.0540686 0 0)
(0.0542492 0 0)
(0.0544316 0 0)
(0.0546159 0 0)
(0.0548022 0 0)
(0.0549908 0 0)
(0.0551818 0 0)
(0.0553755 0 0)
(0.0555719 0 0)
(0.0557714 0 0)
(0.0559743 0 0)
(0.0561809 0 0)
(0.0563914 0 0)
(0.0566064 0 0)
(0.0568262 0 0)
(0.0570513 0 0)
(0.0572824 0 0)
(0.0575201 0 0)
(0.0577652 0 0)
(0.0580185 0 0)
(0.0582812 0 0)
(0.0585543 0 0)
(0.0588394 0 0)
(0.0591382 0 0)
(0.0594526 0 0)
(0.0597851 0 0)
(0.0601388 0 0)
(0.0605172 0 0)
(0.0609249 0 0)
(0.0613676 0 0)
(0.0618526 0 0)
(0.0623892 0 0)
(0.0629897 0 0)
(0.0636706 0 0)
(0.0644547 0 0)
(0.0653739 0 0)
(0.0664747 0 0)
(0.0678276 0 0)
(0.0695448 0 0)
(0.0718156 0 0)
(0.0749872 0 0)
(0.0797706 0 0)
(0.0878815 0 0)
(0.104711 0 0)
(0.162075 0 0)
(0.22325 0 0)
(0.245356 0 0)
(0.256577 0 0)
(0.264333 0 0)
(0.266405 0 0)
(0.259046 0 0)
(0.244754 0 0)
(0.230651 0 0)
(0.221849 0 0)
(0.218947 0 0)
(0.220186 0 0)
(0.223671 0 0)
(0.228058 0 0)
(0.232466 0 0)
(0.236265 0 0)
(0.238984 0 0)
(0.240317 0 0)
(0.240199 0 0)
(0.238855 0 0)
(0.236766 0 0)
(0.234533 0 0)
(0.232688 0 0)
(0.231556 0 0)
(0.231221 0 0)
(0.231568 0 0)
(0.232369 0 0)
(0.233364 0 0)
(0.234316 0 0)
(0.235047 0 0)
(0.235457 0 0)
(0.235528 0 0)
(0.235312 0 0)
(0.234912 0 0)
(0.234447 0 0)
(0.234029 0 0)
(0.233736 0 0)
(0.233602 0 0)
(0.233621 0 0)
(0.233759 0 0)
(0.233963 0 0)
(0.234179 0 0)
(0.234361 0 0)
(0.23448 0 0)
(0.234526 0 0)
(0.234505 0 0)
(0.234435 0 0)
(0.234341 0 0)
(0.234248 0 0)
(0.234175 0 0)
(0.234132 0 0)
(0.234123 0 0)
(0.234141 0 0)
(0.234177 0 0)
(0.23422 0 0)
(0.234259 0 0)
(0.234287 0 0)
(0.2343 0 0)
(0.234298 0 0)
(0.234284 0 0)
(0.234264 0 0)
(0.234242 0 0)
(0.234224 0 0)
(0.234212 0 0)
(0.234208 0 0)
(0.234211 0 0)
(0.234219 0 0)
(0.23423 0 0)
(0.234241 0 0)
(0.234251 0 0)
(0.234258 0 0)
(0.234262 0 0)
(0.234263 0 0)
(0.234262 0 0)
(0.23426 0 0)
(0.234258 0 0)
(0.234257 0 0)
(0.234257 0 0)
(0.234258 0 0)
(0.23426 0 0)
(0.234263 0 0)
(0.234266 0 0)
(0.234269 0 0)
(0.234271 0 0)
(0.234272 0 0)
(0.234273 0 0)
(0.234273 0 0)
(0.234273 0 0)
(0.234273 0 0)
(0.234273 0 0)
(0.234273 0 0)
(0.234274 0 0)
(0.234275 0 0)
(0.234276 0 0)
(0.234278 0 0)
(0.23428 0 0)
(0.234281 0 0)
(0.234282 0 0)
(0.234284 0 0)
(0.234285 0 0)
(0.234286 0 0)
(0.234287 0 0)
(0.234288 0 0)
(0.234289 0 0)
(0.234291 0 0)
(0.234292 0 0)
(0.234293 0 0)
(0.234295 0 0)
(0.234296 0 0)
(0.234298 0 0)
(0.234299 0 0)
(0.234301 0 0)
(0.234302 0 0)
(0.234304 0 0)
(0.234305 0 0)
(0.234307 0 0)
(0.234309 0 0)
(0.23431 0 0)
(0.234312 0 0)
(0.234314 0 0)
(0.234315 0 0)
(0.234317 0 0)
(0.234319 0 0)
(0.23432 0 0)
(0.234322 0 0)
(0.234323 0 0)
(0.234325 0 0)
(0.234327 0 0)
(0.234328 0 0)
(0.23433 0 0)
(0.234331 0 0)
(0.234333 0 0)
(0.234334 0 0)
(0.234336 0 0)
(0.234337 0 0)
(0.234338 0 0)
(0.23434 0 0)
(0.234341 0 0)
(0.234343 0 0)
(0.234344 0 0)
(0.234345 0 0)
(0.234346 0 0)
(0.234348 0 0)
(0.234349 0 0)
(0.23435 0 0)
(0.234351 0 0)
(0.234352 0 0)
(0.234354 0 0)
(0.234355 0 0)
(0.234356 0 0)
(0.234357 0 0)
(0.234358 0 0)
(0.234359 0 0)
(0.234361 0 0)
(0.234362 0 0)
(0.234363 0 0)
(0.234364 0 0)
(0.234366 0 0)
(0.234367 0 0)
(0.234368 0 0)
(0.23437 0 0)
(0.234371 0 0)
(0.234372 0 0)
(0.234374 0 0)
(0.234375 0 0)
(0.234377 0 0)
(0.234378 0 0)
(0.23438 0 0)
(0.234382 0 0)
(0.234383 0 0)
(0.234385 0 0)
(0.234387 0 0)
(0.234388 0 0)
(0.23439 0 0)
(0.234392 0 0)
(0.234393 0 0)
(0.234395 0 0)
(0.234397 0 0)
(0.234399 0 0)
(0.2344 0 0)
(0.234402 0 0)
(0.234404 0 0)
(0.234406 0 0)
(0.234407 0 0)
(0.234409 0 0)
(0.234411 0 0)
(0.234413 0 0)
(0.234415 0 0)
(0.234416 0 0)
(0.234418 0 0)
(0.23442 0 0)
(0.234422 0 0)
(0.234423 0 0)
(0.234425 0 0)
(0.234427 0 0)
(0.234429 0 0)
(0.234431 0 0)
(0.234433 0 0)
(0.234435 0 0)
(0.234437 0 0)
(0.234439 0 0)
(0.234441 0 0)
(0.234444 0 0)
(0.234446 0 0)
(0.234449 0 0)
(0.234451 0 0)
(0.234454 0 0)
(0.234457 0 0)
(0.234459 0 0)
(0.234462 0 0)
(0.234465 0 0)
(0.234468 0 0)
(0.234472 0 0)
(0.234475 0 0)
(0.234478 0 0)
(0.234481 0 0)
(0.234485 0 0)
(0.234488 0 0)
(0.234491 0 0)
(0.234494 0 0)
(0.234497 0 0)
(0.2345 0 0)
(0.234503 0 0)
(0.234506 0 0)
(0.234509 0 0)
(0.234512 0 0)
(0.234514 0 0)
(0.234516 0 0)
(0.234518 0 0)
(0.23452 0 0)
(0.234522 0 0)
(0.234523 0 0)
(0.234525 0 0)
(0.234526 0 0)
(0.234527 0 0)
(0.234527 0 0)
(0.234528 0 0)
(0.234528 0 0)
(0.234528 0 0)
(0.234528 0 0)
(0.234528 0 0)
(0.234528 0 0)
(0.234528 0 0)
(0.234528 0 0)
(0.234527 0 0)
(0.234527 0 0)
(0.234527 0 0)
(0.234526 0 0)
(0.234526 0 0)
(0.234526 0 0)
(0.234525 0 0)
(0.234525 0 0)
(0.234525 0 0)
(0.234525 0 0)
(0.234525 0 0)
(0.234525 0 0)
(0.234525 0 0)
(0.234525 0 0)
(0.234525 0 0)
(0.234526 0 0)
(0.234526 0 0)
(0.234527 0 0)
(0.234528 0 0)
(0.234528 0 0)
(0.234529 0 0)
(0.23453 0 0)
(0.234531 0 0)
(0.234532 0 0)
(0.234533 0 0)
(0.234534 0 0)
(0.234535 0 0)
(0.234537 0 0)
(0.234538 0 0)
(0.234539 0 0)
(0.234541 0 0)
(0.234542 0 0)
(0.234544 0 0)
(0.234545 0 0)
(0.234547 0 0)
(0.234548 0 0)
(0.23455 0 0)
(0.234551 0 0)
(0.234553 0 0)
(0.234555 0 0)
(0.234556 0 0)
(0.234558 0 0)
(0.23456 0 0)
(0.234562 0 0)
(0.234563 0 0)
(0.234565 0 0)
(0.234567 0 0)
(0.234569 0 0)
(0.234571 0 0)
(0.234572 0 0)
(0.234574 0 0)
(0.234576 0 0)
(0.234578 0 0)
(0.23458 0 0)
(0.234582 0 0)
(0.234583 0 0)
(0.234585 0 0)
(0.234587 0 0)
(0.234589 0 0)
(0.234591 0 0)
(0.234593 0 0)
(0.234595 0 0)
(0.234597 0 0)
(0.234599 0 0)
(0.234601 0 0)
(0.234603 0 0)
(0.234605 0 0)
(0.234607 0 0)
(0.234609 0 0)
(0.234611 0 0)
(0.234614 0 0)
(0.234616 0 0)
(0.234618 0 0)
(0.23462 0 0)
(0.234623 0 0)
(0.234625 0 0)
(0.234628 0 0)
(0.23463 0 0)
(0.234633 0 0)
(0.234635 0 0)
(0.234638 0 0)
(0.23464 0 0)
(0.234643 0 0)
(0.234646 0 0)
(0.234649 0 0)
(0.234652 0 0)
(0.234654 0 0)
(0.234657 0 0)
(0.23466 0 0)
(0.234663 0 0)
(0.234666 0 0)
(0.234669 0 0)
(0.234672 0 0)
(0.234675 0 0)
(0.234678 0 0)
(0.234681 0 0)
(0.234683 0 0)
(0.234686 0 0)
(0.234689 0 0)
(0.234692 0 0)
(0.234694 0 0)
(0.234697 0 0)
(0.234699 0 0)
(0.234702 0 0)
(0.234704 0 0)
(0.234706 0 0)
(0.234709 0 0)
(0.234711 0 0)
(0.234713 0 0)
(0.234714 0 0)
(0.234716 0 0)
(0.234718 0 0)
(0.234719 0 0)
(0.234721 0 0)
(0.234722 0 0)
(0.234723 0 0)
(0.234725 0 0)
(0.234726 0 0)
(0.234727 0 0)
(0.234728 0 0)
(0.234728 0 0)
(0.234729 0 0)
(0.23473 0 0)
(0.234731 0 0)
(0.234732 0 0)
(0.234732 0 0)
(0.234733 0 0)
(0.234734 0 0)
(0.234734 0 0)
(0.234735 0 0)
(0.234736 0 0)
(0.234736 0 0)
(0.234737 0 0)
(0.234738 0 0)
(0.234739 0 0)
(0.23474 0 0)
(0.234741 0 0)
(0.234742 0 0)
(0.234743 0 0)
(0.234744 0 0)
(0.234745 0 0)
(0.234746 0 0)
(0.234748 0 0)
(0.234749 0 0)
(0.234751 0 0)
(0.234752 0 0)
(0.234754 0 0)
(0.234755 0 0)
(0.234757 0 0)
(0.234759 0 0)
(0.23476 0 0)
(0.234762 0 0)
(0.234764 0 0)
(0.234766 0 0)
(0.234768 0 0)
(0.23477 0 0)
(0.234772 0 0)
(0.234775 0 0)
(0.234777 0 0)
(0.234779 0 0)
(0.234781 0 0)
(0.234784 0 0)
(0.234786 0 0)
(0.234789 0 0)
(0.234791 0 0)
(0.234794 0 0)
(0.234796 0 0)
(0.234799 0 0)
(0.234801 0 0)
(0.234804 0 0)
(0.234806 0 0)
(0.234809 0 0)
(0.234812 0 0)
(0.234814 0 0)
(0.234817 0 0)
(0.23482 0 0)
(0.234822 0 0)
(0.234825 0 0)
(0.234828 0 0)
(0.23483 0 0)
(0.234833 0 0)
(0.234836 0 0)
(0.234838 0 0)
(0.234841 0 0)
(0.234843 0 0)
(0.234846 0 0)
(0.234848 0 0)
(0.234851 0 0)
(0.234853 0 0)
(0.234855 0 0)
(0.234858 0 0)
(0.23486 0 0)
(0.234862 0 0)
(0.234864 0 0)
(0.234866 0 0)
(0.234868 0 0)
(0.23487 0 0)
(0.234872 0 0)
(0.234874 0 0)
(0.234875 0 0)
(0.234877 0 0)
(0.234879 0 0)
(0.23488 0 0)
(0.234882 0 0)
(0.234883 0 0)
(0.234885 0 0)
(0.234886 0 0)
(0.234887 0 0)
(0.234889 0 0)
(0.23489 0 0)
(0.234892 0 0)
(0.234893 0 0)
(0.234894 0 0)
(0.234895 0 0)
(0.234897 0 0)
(0.234898 0 0)
(0.2349 0 0)
(0.234901 0 0)
)
;

boundaryField
{
    inlet
    {
        type            fixedValue;
        value           uniform (0 0 0);
    }
    outlet
    {
        type            zeroGradient;
    }
    emptyWalls
    {
        type            empty;
    }
}


// ************************************************************************* //
