/*--------------------------------*- C++ -*----------------------------------*\
  =========                 |
  \\      /  F ield         | OpenFOAM: The Open Source CFD Toolbox
   \\    /   O peration     | Website:  https://openfoam.org
    \\  /    A nd           | Version:  9
     \\/     M anipulation  |
\*---------------------------------------------------------------------------*/
FoamFile
{
    format      ascii;
    class       volScalarField;
    location    "5.1";
    object      Cs;
}
// * * * * * * * * * * * * * * * * * * * * * * * * * * * * * * * * * * * * * //

dimensions      [0 0 0 0 0 0 0];

internalField   nonuniform List<scalar> 
1000
(
0.05
0.05
0.05
0.05
0.05
0.05
0.05
0.05
0.05
0.05
0.05
0.05
0.05
0.05
0.05
0.05
0.05
0.05
0.05
0.05
0.05
0.05
0.05
0.05
0.05
0.05
0.05
0.05
0.05
0.05
0.05
0.05
0.05
0.05
0.05
0.05
0.05
0.05
0.05
0.05
0.05
0.05
0.05
0.05
0.05
0.05
0.05
0.05
0.05
0.05
0.05
0.05
0.05
0.05
0.05
0.05
0.05
0.05
0.05
0.05
0.05
0.05
0.05
0.05
0.05
0.05
0.05
0.05
0.05
0.05
0.05
0.05
0.05
0.05
0.05
0.05
0.05
0.05
0.05
0.05
0.05
0.05
0.05
0.05
0.05
0.05
0.05
0.05
0.05
0.05
0.05
0.05
0.05
0.05
0.05
0.05
0.05
0.05
0.05
0.05
0.05
0.05
0.05
0.05
0.05
0.05
0.05
0.05
0.05
0.05
0.05
0.05
0.05
0.05
0.05
0.05
0.05
0.05
0.05
0.05
0.05
0.05
0.05
0.05
0.05
0.05
0.05
0.05
0.05
0.05
0.05
0.05
0.05
0.05
0.05
0.05
0.05
0.05
0.05
0.05
0.05
0.05
0.05
0.05
0.05
0.05
0.05
0.05
0.05
0.05
0.05
0.05
0.05
0.05
0.05
0.05
0.05
0.05
0.05
0.05
0.05
0.05
0.05
0.05
0.05
0.05
0.05
0.05
0.05
0.05
0.05
0.05
0.05
0.05
0.05
0.05
0.05
0.05
0.05
0.05
0.05
0.05
0.05
0.05
0.05
0.05
0.05
0.05
0.05
0.05
0.05
0.05
0.05
0.05
0.05
0.05
0.05
0.05
0.05
0.05
0.05
0.05
0.05
0.05
0.05
0.05
0.05
0.05
0.05
0.05
0.05
0.05
0.05
0.05
0.05
0.05
0.05
0.05
0.05
0.05
0.05
0.05
0.05
0.05
0.05
0.05
0.05
0.05
0.05
0.05
0.05
0.05
0.05
0.05
0.05
0.05
0.05
0.05
0.05
0.05
0.05
0.05
0.05
0.05
0.05
0.05
0.05
0.05
0.05
0.05
0.05
0.05
0.05
0.05
0.05
0.05
0.05
0.05
0.05
0.05
0.05
0.05
0.05
0.05
0.05
0.05
0.05
0.05
0.05
0.05
0.05
0.05
0.05
0.05
0.05
0.05
0.05
0.05
0.05
0.05
0.05
0.05
0.05
0.05
0.05
0.05
0.05
0.05
0.05
0.05
0.05
0.05
0.05
0.05
0.05
0.05
0.05
0.05
0.05
0.05
0.05
0.05
0.0499999
0.0499999
0.0499999
0.0499999
0.0499998
0.0499998
0.0499998
0.0499997
0.0499996
0.0499995
0.0499994
0.0499992
0.049999
0.0499987
0.0499984
0.049998
0.0499976
0.049997
0.0499963
0.0499954
0.0499944
0.0499931
0.0499916
0.0499898
0.0499876
0.049985
0.0499818
0.0499781
0.0499737
0.0499684
0.0499622
0.049955
0.0499464
0.0499364
0.0499248
0.0499112
0.0498954
0.0498771
0.049856
0.0498317
0.0498038
0.0497719
0.0497354
0.0496938
0.0496466
0.0495931
0.0495326
0.0494645
0.0493879
0.049302
0.0492061
0.049099
0.04898
0.0488481
0.0487021
0.0485411
0.0483639
0.0481695
0.0479567
0.0477245
0.0474717
0.0471971
0.0468999
0.0465788
0.0462329
0.0458612
0.045463
0.0450373
0.0445835
0.044101
0.0435893
0.0430481
0.0424771
0.0418763
0.0412457
0.0405855
0.0398963
0.0391785
0.0384328
0.0376603
0.0368619
0.036039
0.0351929
0.0343253
0.0334377
0.0325322
0.0316107
0.0306752
0.029728
0.0287713
0.0278075
0.0268391
0.0258683
0.0248976
0.0239294
0.0229661
0.0220101
0.0210636
0.0201287
0.0192076
0.018302
0.0174138
0.0165445
0.0156954
0.0148674
0.0140612
0.0132765
0.012512
0.0117633
0.0110171
0.010212
0.0092713
0.00841812
0.00760837
0.0068543
0.00616751
0.00554475
0.00497815
0.00446153
0.00399061
0.00356205
0.00317288
0.00282033
0.00250178
0.00221474
0.00195683
0.00172574
0.00151928
0.00133527
0.00117167
0.00102648
0.000897882
0.000784165
0.000683787
0.000595346
0.000517576
0.000449327
0.000389559
0.000337328
0.000291775
0.000252126
0.000217679
0.000187804
0.000161937
0.000139574
0.000120268
0.000103623
8.92917e-05
7.6966e-05
6.63773e-05
5.72898e-05
4.94973e-05
4.282e-05
3.71014e-05
3.22053e-05
2.80139e-05
2.44253e-05
2.13516e-05
1.87174e-05
1.64577e-05
1.4517e-05
1.28478e-05
1.14096e-05
1.01678e-05
9.09324e-06
8.16082e-06
7.34942e-06
6.64111e-06
6.0207e-06
5.47536e-06
4.99422e-06
4.56812e-06
4.18931e-06
3.85123e-06
3.54836e-06
3.27601e-06
3.03022e-06
2.80763e-06
2.60539e-06
2.42105e-06
2.25256e-06
2.09813e-06
1.95624e-06
1.82558e-06
1.705e-06
1.59353e-06
1.4903e-06
1.39455e-06
1.30563e-06
1.22295e-06
1.14598e-06
1.07427e-06
1.00739e-06
9.44978e-07
8.86687e-07
8.32214e-07
7.81281e-07
7.33634e-07
6.89041e-07
6.4729e-07
6.08184e-07
5.71544e-07
5.37204e-07
5.05009e-07
4.74818e-07
4.46499e-07
4.1993e-07
3.94997e-07
3.71594e-07
3.49624e-07
3.28995e-07
3.0962e-07
2.91422e-07
2.74326e-07
2.58261e-07
2.43165e-07
2.28976e-07
2.15638e-07
2.03098e-07
1.91307e-07
1.80218e-07
1.69789e-07
1.59978e-07
1.50749e-07
1.42065e-07
1.33893e-07
1.26203e-07
1.18965e-07
1.12151e-07
1.05737e-07
9.96979e-08
9.40113e-08
8.8656e-08
8.36124e-08
7.88618e-08
7.43868e-08
7.01709e-08
6.61989e-08
6.24561e-08
5.89292e-08
5.56054e-08
5.24726e-08
4.95197e-08
4.67361e-08
4.41118e-08
4.16376e-08
3.93047e-08
3.71049e-08
3.50303e-08
3.30737e-08
3.12283e-08
2.94877e-08
2.78456e-08
2.62966e-08
2.48351e-08
2.34561e-08
2.2155e-08
2.09271e-08
1.97684e-08
1.86748e-08
1.76427e-08
1.66684e-08
1.57488e-08
1.48806e-08
1.4061e-08
1.32872e-08
1.25566e-08
1.18667e-08
1.12153e-08
1.06001e-08
1.00191e-08
9.47042e-09
8.95217e-09
8.46266e-09
8.00026e-09
7.56346e-09
7.15081e-09
6.76096e-09
6.39264e-09
6.04463e-09
5.7158e-09
5.40507e-09
5.11145e-09
4.83396e-09
4.57172e-09
4.32387e-09
4.08962e-09
3.8682e-09
3.6589e-09
3.46106e-09
3.27404e-09
3.09724e-09
2.93008e-09
2.77205e-09
2.62263e-09
2.48136e-09
2.34777e-09
2.22145e-09
2.102e-09
1.98904e-09
1.88221e-09
1.78117e-09
1.68562e-09
1.59524e-09
1.50975e-09
1.42889e-09
1.35241e-09
1.28006e-09
1.21161e-09
1.14686e-09
1.0856e-09
1.02765e-09
9.72813e-10
9.20933e-10
8.71844e-10
8.25396e-10
7.81444e-10
7.39854e-10
7.00496e-10
6.6325e-10
6.28002e-10
5.94643e-10
5.63071e-10
5.3319e-10
5.04907e-10
4.78137e-10
4.52798e-10
4.28813e-10
4.06109e-10
3.84617e-10
3.64271e-10
3.45009e-10
3.26775e-10
3.09511e-10
2.93167e-10
2.77692e-10
2.6304e-10
2.49168e-10
2.36032e-10
2.23594e-10
2.11816e-10
2.00663e-10
1.90102e-10
1.80101e-10
1.70629e-10
1.61659e-10
1.53164e-10
1.45119e-10
1.37499e-10
1.30282e-10
1.23446e-10
1.16972e-10
1.10839e-10
1.0503e-10
9.95274e-11
9.43151e-11
8.93775e-11
8.47001e-11
8.02691e-11
7.60714e-11
7.20945e-11
6.8327e-11
6.47575e-11
6.13757e-11
5.81716e-11
5.51358e-11
5.22594e-11
4.95339e-11
4.69515e-11
4.45045e-11
4.21858e-11
3.99887e-11
3.79066e-11
3.59336e-11
3.40639e-11
3.2292e-11
3.06128e-11
2.90215e-11
2.75133e-11
2.60839e-11
2.47293e-11
2.34453e-11
2.22284e-11
2.10751e-11
1.99818e-11
1.89456e-11
1.79635e-11
1.70325e-11
1.615e-11
1.53135e-11
1.45205e-11
1.37689e-11
1.30563e-11
1.23808e-11
1.17404e-11
1.11333e-11
1.05578e-11
1.00122e-11
9.4949e-12
9.00447e-12
8.5395e-12
8.09866e-12
7.68069e-12
7.28439e-12
6.90864e-12
6.55237e-12
6.21455e-12
5.89424e-12
5.59051e-12
5.30251e-12
5.02942e-12
4.77045e-12
4.52488e-12
4.29201e-12
4.07118e-12
3.86177e-12
3.66317e-12
3.47483e-12
3.29622e-12
3.12683e-12
2.96619e-12
2.81383e-12
2.66934e-12
2.53229e-12
2.40232e-12
2.27904e-12
2.16211e-12
2.05121e-12
1.94603e-12
1.84626e-12
1.75162e-12
1.66186e-12
1.57671e-12
1.49595e-12
1.41934e-12
1.34667e-12
1.27773e-12
1.21234e-12
1.15031e-12
1.09146e-12
1.03564e-12
9.82684e-13
9.32446e-13
8.84786e-13
8.39571e-13
7.96676e-13
7.55981e-13
7.17373e-13
6.80744e-13
6.45992e-13
6.13021e-13
5.81739e-13
5.52059e-13
5.23899e-13
4.97181e-13
4.71831e-13
4.47777e-13
4.24955e-13
4.033e-13
3.82752e-13
3.63255e-13
3.44755e-13
3.272e-13
3.10542e-13
2.94735e-13
2.79736e-13
2.65503e-13
2.51996e-13
2.39179e-13
2.27016e-13
2.15474e-13
2.0452e-13
1.94125e-13
1.84261e-13
1.74899e-13
1.66014e-13
1.57583e-13
1.49581e-13
1.41986e-13
1.34779e-13
1.27938e-13
1.21446e-13
1.15285e-13
1.09437e-13
1.03886e-13
9.86181e-14
9.36181e-14
8.88724e-14
8.4368e-14
8.00926e-14
7.60347e-14
7.21832e-14
6.85285e-14
6.50639e-14
6.17881e-14
5.85532e-14
5.48464e-14
5.07991e-14
4.67495e-14
4.28672e-14
3.92268e-14
3.58537e-14
3.27492e-14
2.99026e-14
2.7298e-14
2.49178e-14
2.2744e-14
2.07596e-14
1.89484e-14
1.72954e-14
1.57869e-14
1.44103e-14
1.31541e-14
1.20077e-14
1.09615e-14
1.00067e-14
9.13534e-15
8.34005e-15
7.61418e-15
6.95168e-15
6.34697e-15
5.79501e-15
5.29119e-15
4.83128e-15
4.41146e-15
4.02822e-15
3.67836e-15
3.35897e-15
3.06738e-15
2.80117e-15
2.55812e-15
2.33621e-15
2.1336e-15
1.94861e-15
1.7797e-15
1.62546e-15
1.48463e-15
1.35602e-15
1.23859e-15
1.13135e-15
1.03341e-15
9.43974e-16
8.62296e-16
7.87701e-16
7.19574e-16
6.57352e-16
6.00523e-16
5.48618e-16
5.0121e-16
4.57907e-16
4.18353e-16
3.82224e-16
3.49221e-16
3.19074e-16
2.91536e-16
2.66379e-16
2.43397e-16
2.22402e-16
2.03222e-16
1.857e-16
1.69691e-16
1.55065e-16
1.41702e-16
1.29494e-16
1.18339e-16
1.08147e-16
9.88341e-17
9.0325e-17
8.25499e-17
7.54453e-17
6.89534e-17
6.30211e-17
5.76002e-17
5.26464e-17
4.81194e-17
4.39824e-17
4.02018e-17
3.67467e-17
3.3589e-17
3.07032e-17
2.80658e-17
2.56553e-17
2.34522e-17
2.14386e-17
1.95982e-17
1.79161e-17
1.63786e-17
1.49733e-17
1.36887e-17
1.25145e-17
1.14412e-17
1.04601e-17
9.56332e-18
8.74351e-18
7.99409e-18
7.30901e-18
6.68273e-18
6.1102e-18
5.5868e-18
5.1083e-18
4.67085e-18
4.27092e-18
3.90528e-18
3.57099e-18
3.26536e-18
2.98593e-18
2.73045e-18
2.49685e-18
2.28327e-18
2.08799e-18
1.90944e-18
1.74617e-18
1.59689e-18
1.46038e-18
1.33556e-18
1.22143e-18
1.11706e-18
1.02162e-18
9.34351e-19
8.54544e-19
7.81563e-19
7.14824e-19
6.53791e-19
5.97976e-19
5.46933e-19
5.00253e-19
4.57562e-19
4.18519e-19
3.82812e-19
3.50155e-19
3.20288e-19
2.92972e-19
2.67988e-19
2.45138e-19
2.24238e-19
2.05123e-19
1.87639e-19
1.71647e-19
1.5702e-19
1.43641e-19
1.31403e-19
1.20209e-19
1.0997e-19
1.00604e-19
9.20371e-20
8.42002e-20
7.70315e-20
7.04738e-20
6.4475e-20
5.89875e-20
5.39675e-20
4.93752e-20
4.51742e-20
4.1331e-20
3.78152e-20
3.45987e-20
3.16562e-20
2.89641e-20
2.65013e-20
2.42481e-20
2.21867e-20
2.03007e-20
1.85753e-20
1.69966e-20
1.55522e-20
1.42308e-20
1.30217e-20
1.19154e-20
1.09033e-20
9.97718e-21
9.12982e-21
8.35451e-21
7.6451e-21
6.99599e-21
6.40205e-21
5.85859e-21
5.3613e-21
4.90627e-21
4.4899e-21
4.10889e-21
3.76025e-21
3.44123e-21
3.14929e-21
2.88215e-21
2.63769e-21
2.41398e-21
2.20926e-21
2.02193e-21
1.85049e-21
1.6936e-21
1.55003e-21
1.41864e-21
1.2984e-21
1.18836e-21
1.08765e-21
9.95484e-22
9.11137e-22
8.33943e-22
)
;

boundaryField
{
    inlet
    {
        type            fixedValue;
        value           uniform 0.05;
    }
    outlet
    {
        type            zeroGradient;
    }
    emptyWalls
    {
        type            empty;
    }
}


// ************************************************************************* //
