/*--------------------------------*- C++ -*----------------------------------*\
  =========                 |
  \\      /  F ield         | OpenFOAM: The Open Source CFD Toolbox
   \\    /   O peration     | Website:  https://openfoam.org
    \\  /    A nd           | Version:  9
     \\/     M anipulation  |
\*---------------------------------------------------------------------------*/
FoamFile
{
    format      ascii;
    class       volScalarField;
    location    "5.1";
    object      Sc;
}
// * * * * * * * * * * * * * * * * * * * * * * * * * * * * * * * * * * * * * //

dimensions      [0 0 0 0 0 0 0];

internalField   nonuniform List<scalar> 
1000
(
0.00300364
0.00482548
0.0064972
0.00809074
0.00963141
0.0111315
0.0125981
0.0140356
0.0154473
0.0168355
0.018202
0.0195481
0.020875
0.0221838
0.0234752
0.0247501
0.026009
0.0272526
0.0284814
0.0296959
0.0308965
0.0320836
0.0332577
0.0344191
0.0355682
0.0367051
0.0378304
0.0389442
0.0400469
0.0411386
0.0422197
0.0432904
0.0443509
0.0454014
0.0464421
0.0474734
0.0484952
0.0495079
0.0505116
0.0515066
0.0524928
0.0534707
0.0544402
0.0554015
0.0563549
0.0573004
0.0582381
0.0591683
0.0600911
0.0610065
0.0619148
0.0628159
0.0637102
0.0645975
0.0654782
0.0663523
0.0672198
0.068081
0.0689358
0.0697845
0.0706271
0.0714636
0.0722943
0.0731191
0.0739382
0.0747516
0.0755595
0.0763618
0.0771588
0.0779505
0.0787369
0.0795181
0.0802942
0.0810653
0.0818314
0.0825927
0.0833491
0.0841008
0.0848477
0.0855901
0.0863278
0.0870611
0.0877899
0.0885143
0.0892344
0.0899503
0.0906619
0.0913693
0.0920726
0.0927719
0.0934671
0.0941584
0.0948457
0.0955292
0.0962089
0.0968848
0.097557
0.0982255
0.0988904
0.0995517
0.100209
0.100864
0.101514
0.102162
0.102806
0.103446
0.104083
0.104717
0.105348
0.105976
0.1066
0.107221
0.107839
0.108454
0.109066
0.109676
0.110282
0.110885
0.111485
0.112082
0.112677
0.113269
0.113858
0.114444
0.115027
0.115608
0.116186
0.116762
0.117334
0.117905
0.118472
0.119038
0.1196
0.12016
0.120718
0.121273
0.121826
0.122377
0.122925
0.123471
0.124014
0.124555
0.125094
0.125631
0.126165
0.126697
0.127227
0.127755
0.128281
0.128804
0.129326
0.129845
0.130362
0.130877
0.13139
0.131902
0.132411
0.132918
0.133423
0.133926
0.134428
0.134927
0.135425
0.13592
0.136414
0.136906
0.137396
0.137884
0.138371
0.138855
0.139338
0.13982
0.140299
0.140777
0.141253
0.141727
0.1422
0.142671
0.14314
0.143608
0.144074
0.144538
0.145001
0.145462
0.145922
0.14638
0.146837
0.147292
0.147745
0.148197
0.148648
0.149097
0.149545
0.149991
0.150435
0.150879
0.15132
0.151761
0.1522
0.152637
0.153073
0.153508
0.153942
0.154374
0.154805
0.155234
0.155662
0.156089
0.156515
0.156939
0.157362
0.157783
0.158204
0.158623
0.159041
0.159458
0.159873
0.160287
0.1607
0.161112
0.161523
0.161932
0.162341
0.162748
0.163154
0.163559
0.163962
0.164365
0.164767
0.165167
0.165566
0.165964
0.166362
0.166758
0.167153
0.167546
0.167939
0.168331
0.168722
0.169112
0.1695
0.169888
0.170275
0.17066
0.171045
0.171429
0.171811
0.172193
0.172574
0.172954
0.173333
0.173711
0.174088
0.174464
0.174839
0.175213
0.175586
0.175959
0.17633
0.176701
0.177071
0.17744
0.177808
0.178175
0.178541
0.178907
0.179271
0.179635
0.179998
0.18036
0.180722
0.181082
0.181442
0.181801
0.182159
0.182516
0.182873
0.183228
0.183583
0.183938
0.184291
0.184644
0.184996
0.185347
0.185698
0.186048
0.186397
0.186745
0.187093
0.18744
0.187786
0.188132
0.188477
0.188821
0.189165
0.189508
0.18985
0.190192
0.190533
0.190873
0.191213
0.191552
0.191891
0.192229
0.192566
0.192903
0.193239
0.193575
0.19391
0.194244
0.194578
0.194912
0.195245
0.195577
0.195909
0.19624
0.196571
0.196901
0.197231
0.197561
0.19789
0.198218
0.198546
0.198874
0.199201
0.199528
0.199854
0.20018
0.200506
0.200831
0.201156
0.201481
0.201805
0.202129
0.202453
0.202776
0.2031
0.203422
0.203745
0.204068
0.20439
0.204712
0.205035
0.205357
0.205679
0.206
0.206322
0.206644
0.206966
0.207288
0.20761
0.207932
0.208255
0.208577
0.2089
0.209223
0.209547
0.209871
0.210196
0.210521
0.210847
0.211173
0.2115
0.211828
0.212158
0.212488
0.212819
0.213152
0.213486
0.213822
0.21416
0.2145
0.214841
0.215186
0.215533
0.215882
0.216236
0.216592
0.216953
0.217318
0.217688
0.218063
0.218444
0.218833
0.219228
0.219633
0.220047
0.220471
0.220908
0.221359
0.221827
0.222312
0.222819
0.223351
0.223912
0.224507
0.225142
0.225827
0.226571
0.227387
0.228294
0.229315
0.230482
0.231843
0.233464
0.235448
0.237959
0.241273
0.245901
0.252886
0.264756
0.289353
0.370049
0.475598
0.472075
0.469977
0.468283
0.466235
0.464736
0.464206
0.464352
0.464822
0.465406
0.465995
0.466521
0.466929
0.467174
0.467233
0.467113
0.466863
0.466559
0.466283
0.466095
0.466017
0.46604
0.466135
0.466266
0.466398
0.466505
0.466572
0.466593
0.466573
0.466523
0.466461
0.466402
0.466358
0.466335
0.466334
0.466351
0.466379
0.466411
0.466439
0.466459
0.46647
0.46647
0.466463
0.466451
0.466438
0.466428
0.466421
0.466419
0.466422
0.466427
0.466434
0.466441
0.466447
0.466451
0.466453
0.466454
0.466453
0.466452
0.466451
0.46645
0.466451
0.466452
0.466454
0.466455
0.466457
0.466459
0.466459
0.46646
0.466459
0.466459
0.466458
0.466457
0.466456
0.466455
0.466455
0.466454
0.466454
0.466454
0.466454
0.466455
0.466455
0.466455
0.466455
0.466456
0.466456
0.466457
0.466457
0.466458
0.466459
0.46646
0.466461
0.466462
0.466463
0.466464
0.466465
0.466466
0.466467
0.466468
0.466469
0.46647
0.46647
0.466471
0.466472
0.466473
0.466474
0.466475
0.466476
0.466477
0.466478
0.466479
0.466481
0.466482
0.466483
0.466484
0.466485
0.466486
0.466487
0.466488
0.466489
0.466489
0.46649
0.466491
0.466492
0.466492
0.466493
0.466493
0.466494
0.466494
0.466495
0.466495
0.466496
0.466496
0.466496
0.466497
0.466497
0.466498
0.466498
0.466499
0.4665
0.4665
0.466501
0.466502
0.466503
0.466504
0.466505
0.466506
0.466507
0.466508
0.466509
0.46651
0.466512
0.466513
0.466514
0.466515
0.466517
0.466518
0.466519
0.46652
0.466521
0.466523
0.466524
0.466525
0.466526
0.466527
0.466528
0.466529
0.46653
0.466531
0.466532
0.466533
0.466534
0.466535
0.466536
0.466536
0.466537
0.466538
0.466539
0.46654
0.466541
0.466542
0.466542
0.466543
0.466544
0.466545
0.466546
0.466547
0.466547
0.466548
0.466549
0.46655
0.466551
0.466552
0.466552
0.466553
0.466554
0.466555
0.466556
0.466557
0.466557
0.466558
0.466559
0.46656
0.466561
0.466561
0.466562
0.466563
0.466564
0.466564
0.466565
0.466566
0.466566
0.466567
0.466568
0.466568
0.466569
0.46657
0.46657
0.466571
0.466571
0.466572
0.466573
0.466573
0.466574
0.466575
0.466576
0.466576
0.466577
0.466578
0.466579
0.46658
0.466581
0.466582
0.466582
0.466583
0.466584
0.466586
0.466587
0.466588
0.466589
0.46659
0.466591
0.466592
0.466593
0.466594
0.466596
0.466597
0.466598
0.466599
0.4666
0.466602
0.466603
0.466604
0.466605
0.466606
0.466607
0.466609
0.46661
0.466611
0.466612
0.466613
0.466614
0.466615
0.466616
0.466618
0.466619
0.46662
0.466621
0.466622
0.466623
0.466624
0.466625
0.466626
0.466627
0.466628
0.466629
0.46663
0.466631
0.466633
0.466634
0.466635
0.466636
0.466637
0.466638
0.466639
0.46664
0.466641
0.466642
0.466643
0.466644
0.466645
0.466646
0.466647
0.466648
0.466649
0.46665
0.466651
0.466653
0.466654
0.466655
0.466656
0.466657
0.466658
0.466659
0.46666
0.466661
0.466662
0.466663
0.466664
0.466666
0.466667
0.466668
0.466669
0.46667
0.466671
0.466672
0.466673
0.466674
0.466675
0.466676
0.466677
0.466678
0.466679
0.46668
0.466681
0.466682
0.466683
0.466685
0.466686
0.466687
0.466688
0.466689
0.46669
0.466691
0.466692
0.466693
0.466694
0.466695
0.466696
0.466697
0.466698
0.466699
0.4667
0.466701
0.466702
0.466703
0.466704
0.466705
0.466706
0.466708
0.466709
0.46671
0.466711
0.466712
0.466713
0.466715
0.466716
0.466717
0.466718
0.466719
0.466721
0.466722
0.466723
0.466724
0.466726
0.466727
0.466728
0.466729
0.466731
0.466732
0.466733
0.466735
0.466736
0.466737
0.466738
0.46674
0.46674
0.46674
0.466733
0.4667
0.466561
0.465979
0.463533
0.452906
0.406911
0.321063
0.300219
0.3
0.3
0.3
0.3
0.3
0.3
0.3
0.3
0.3
0.3
0.3
0.3
0.3
0.3
0.3
0.3
0.3
0.3
0.3
0.3
0.3
0.3
0.3
0.3
0.3
0.3
0.3
0.3
0.3
0.3
0.3
0.3
0.3
0.3
0.3
0.3
0.3
0.3
0.3
0.3
0.3
0.3
0.3
0.3
0.3
0.3
0.3
0.3
0.3
0.3
0.3
0.3
0.3
0.3
0.3
0.3
0.3
0.3
0.3
0.3
0.3
0.3
0.3
0.3
0.3
0.3
0.3
0.3
0.3
0.3
0.3
0.3
0.3
0.3
0.3
0.3
0.3
0.3
0.3
0.3
0.3
0.3
0.3
0.3
0.3
0.3
0.3
0.3
0.3
0.3
0.3
0.3
0.3
0.3
0.3
0.3
0.3
0.3
0.3
0.3
0.3
0.3
0.3
0.3
0.3
0.3
0.3
0.3
0.3
0.3
0.3
0.3
0.3
0.3
0.3
0.3
0.3
0.3
0.3
0.3
0.3
0.3
0.3
0.3
0.3
0.3
0.3
0.3
0.3
0.3
0.3
0.3
0.3
0.3
0.3
0.3
0.3
0.3
0.3
0.3
0.3
0.3
0.3
0.3
0.3
0.3
0.3
0.3
0.3
0.3
0.3
0.3
0.3
0.3
0.3
0.3
0.3
0.3
0.3
0.3
0.3
0.3
0.3
0.3
0.3
0.3
0.3
0.3
0.3
0.3
0.3
0.3
0.3
0.3
0.3
0.3
0.3
0.3
0.3
0.3
0.3
0.3
0.3
0.3
0.3
0.3
0.3
0.3
0.3
0.3
0.3
0.3
0.3
0.3
0.3
0.3
0.3
0.3
0.3
0.3
0.3
)
;

boundaryField
{
    inlet
    {
        type            calculated;
        value           uniform 0;
    }
    outlet
    {
        type            calculated;
        value           uniform 0.3;
    }
    emptyWalls
    {
        type            empty;
    }
}


// ************************************************************************* //
