/*--------------------------------*- C++ -*----------------------------------*\
  =========                 |
  \\      /  F ield         | OpenFOAM: The Open Source CFD Toolbox
   \\    /   O peration     | Website:  https://openfoam.org
    \\  /    A nd           | Version:  9
     \\/     M anipulation  |
\*---------------------------------------------------------------------------*/
FoamFile
{
    format      ascii;
    class       volScalarField;
    location    "18.8";
    object      Sa;
}
// * * * * * * * * * * * * * * * * * * * * * * * * * * * * * * * * * * * * * //

dimensions      [0 0 0 0 0 0 0];

internalField   nonuniform List<scalar> 
1000
(
0.499676
0.499477
0.499292
0.499114
0.498941
0.498771
0.498603
0.498437
0.498272
0.498109
0.497947
0.497787
0.497627
0.497469
0.497311
0.497154
0.496998
0.496843
0.496689
0.496535
0.496383
0.496231
0.496079
0.495928
0.495778
0.495629
0.49548
0.495332
0.495185
0.495038
0.494891
0.494746
0.4946
0.494456
0.494312
0.494168
0.494025
0.493883
0.493741
0.4936
0.493459
0.493319
0.493179
0.49304
0.492901
0.492763
0.492625
0.492488
0.492351
0.492215
0.492079
0.491944
0.491809
0.491674
0.49154
0.491407
0.491274
0.491141
0.491009
0.490877
0.490746
0.490615
0.490485
0.490355
0.490225
0.490096
0.489967
0.489839
0.489711
0.489584
0.489457
0.48933
0.489204
0.489078
0.488952
0.488827
0.488703
0.488578
0.488454
0.488331
0.488208
0.488085
0.487963
0.487841
0.487719
0.487598
0.487477
0.487356
0.487236
0.487116
0.486997
0.486877
0.486759
0.48664
0.486522
0.486404
0.486287
0.48617
0.486053
0.485937
0.485821
0.485705
0.48559
0.485475
0.48536
0.485245
0.485131
0.485018
0.484904
0.484791
0.484678
0.484566
0.484453
0.484342
0.48423
0.484119
0.484008
0.483897
0.483787
0.483677
0.483567
0.483457
0.483348
0.483239
0.483131
0.483022
0.482914
0.482807
0.482699
0.482592
0.482485
0.482379
0.482272
0.482166
0.482061
0.481955
0.48185
0.481745
0.48164
0.481536
0.481432
0.481328
0.481224
0.481121
0.481018
0.480915
0.480812
0.48071
0.480608
0.480506
0.480405
0.480303
0.480202
0.480101
0.480001
0.479901
0.4798
0.479701
0.479601
0.479502
0.479403
0.479304
0.479205
0.479107
0.479009
0.478911
0.478813
0.478716
0.478619
0.478522
0.478425
0.478328
0.478232
0.478136
0.47804
0.477945
0.477849
0.477754
0.477659
0.477564
0.47747
0.477376
0.477282
0.477188
0.477094
0.477001
0.476907
0.476814
0.476722
0.476629
0.476537
0.476445
0.476353
0.476261
0.476169
0.476078
0.475987
0.475896
0.475805
0.475715
0.475624
0.475534
0.475444
0.475355
0.475265
0.475176
0.475087
0.474998
0.474909
0.47482
0.474732
0.474644
0.474556
0.474468
0.47438
0.474293
0.474206
0.474119
0.474032
0.473945
0.473858
0.473772
0.473686
0.4736
0.473514
0.473429
0.473343
0.473258
0.473173
0.473088
0.473003
0.472919
0.472834
0.47275
0.472666
0.472582
0.472499
0.472415
0.472332
0.472249
0.472166
0.472083
0.472
0.471917
0.471835
0.471753
0.471671
0.471589
0.471507
0.471426
0.471345
0.471263
0.471182
0.471101
0.471021
0.47094
0.47086
0.47078
0.470699
0.470619
0.47054
0.47046
0.470381
0.470301
0.470222
0.470143
0.470064
0.469986
0.469907
0.469829
0.46975
0.469672
0.469594
0.469516
0.469439
0.469361
0.469284
0.469207
0.46913
0.469053
0.468976
0.468899
0.468823
0.468746
0.46867
0.468594
0.468518
0.468442
0.468367
0.468291
0.468216
0.468141
0.468065
0.46799
0.467916
0.467841
0.467766
0.467692
0.467618
0.467543
0.467469
0.467396
0.467322
0.467248
0.467175
0.467101
0.467028
0.466955
0.466882
0.466809
0.466736
0.466664
0.466591
0.466519
0.466447
0.466375
0.466303
0.466231
0.466159
0.466088
0.466016
0.465945
0.465874
0.465803
0.465732
0.465661
0.46559
0.46552
0.465449
0.465379
0.465309
0.465238
0.465169
0.465099
0.465029
0.464959
0.46489
0.46482
0.464751
0.464682
0.464613
0.464544
0.464475
0.464406
0.464338
0.464269
0.464201
0.464133
0.464065
0.463997
0.463929
0.463861
0.463793
0.463726
0.463658
0.463591
0.463524
0.463456
0.463389
0.463323
0.463256
0.463189
0.463122
0.463056
0.46299
0.462923
0.462857
0.462791
0.462725
0.462659
0.462594
0.462528
0.462462
0.462397
0.462332
0.462266
0.462201
0.462136
0.462071
0.462007
0.461942
0.461877
0.461813
0.461748
0.461684
0.46162
0.461556
0.461492
0.461428
0.461364
0.4613
0.461237
0.461173
0.46111
0.461047
0.460983
0.46092
0.460857
0.460794
0.460732
0.460669
0.460606
0.460544
0.460481
0.460419
0.460357
0.460294
0.460232
0.46017
0.460109
0.460047
0.459985
0.459923
0.459862
0.459801
0.459739
0.459678
0.459617
0.459556
0.459495
0.459434
0.459373
0.459312
0.459252
0.459191
0.459131
0.459071
0.45901
0.45895
0.45889
0.45883
0.45877
0.45871
0.458651
0.458591
0.458531
0.458472
0.458413
0.458353
0.458294
0.458235
0.458176
0.458117
0.458058
0.457999
0.457941
0.457882
0.457823
0.457765
0.457707
0.457648
0.45759
0.457532
0.457474
0.457416
0.457358
0.4573
0.457243
0.457185
0.457127
0.45707
0.457013
0.456955
0.456898
0.456841
0.456784
0.456727
0.45667
0.456613
0.456556
0.4565
0.456443
0.456386
0.45633
0.456274
0.456217
0.456161
0.456105
0.456049
0.455993
0.455937
0.455881
0.455825
0.45577
0.455714
0.455659
0.455603
0.455548
0.455492
0.455437
0.455382
0.455327
0.455272
0.455217
0.455162
0.455107
0.455053
0.454998
0.454943
0.454889
0.454834
0.45478
0.454726
0.454671
0.454617
0.454563
0.454509
0.454455
0.454401
0.454348
0.454294
0.45424
0.454187
0.454133
0.45408
0.454026
0.453973
0.45392
0.453867
0.453813
0.45376
0.453707
0.453655
0.453602
0.453549
0.453496
0.453444
0.453391
0.453339
0.453286
0.453234
0.453181
0.453129
0.453077
0.453025
0.452973
0.452921
0.452869
0.452817
0.452765
0.452714
0.452662
0.45261
0.452559
0.452508
0.452456
0.452405
0.452354
0.452302
0.452251
0.4522
0.452149
0.452098
0.452047
0.451997
0.451946
0.451895
0.451844
0.451794
0.451743
0.451693
0.451643
0.451592
0.451542
0.451492
0.451442
0.451392
0.451342
0.451292
0.451242
0.451192
0.451142
0.451092
0.451043
0.450993
0.450944
0.450894
0.450845
0.450795
0.450746
0.450697
0.450648
0.450598
0.450549
0.4505
0.450451
0.450403
0.450354
0.450305
0.450256
0.450208
0.450159
0.45011
0.450062
0.450013
0.449965
0.449917
0.449868
0.44982
0.449772
0.449724
0.449676
0.449628
0.44958
0.449532
0.449484
0.449437
0.449389
0.449341
0.449294
0.449246
0.449199
0.449151
0.449104
0.449056
0.449009
0.448962
0.448915
0.448868
0.448821
0.448774
0.448727
0.44868
0.448633
0.448586
0.448539
0.448493
0.448446
0.4484
0.448353
0.448307
0.44826
0.448214
0.448167
0.448121
0.448075
0.448029
0.447983
0.447937
0.447891
0.447845
0.447799
0.447753
0.447707
0.447661
0.447616
0.44757
0.447524
0.447479
0.447433
0.447388
0.447342
0.447297
0.447252
0.447207
0.447161
0.447116
0.447071
0.447026
0.446981
0.446936
0.446891
0.446846
0.446801
0.446757
0.446712
0.446667
0.446623
0.446578
0.446534
0.446489
0.446445
0.4464
0.446356
0.446312
0.446267
0.446223
0.446179
0.446135
0.446091
0.446047
0.446003
0.445959
0.445915
0.445871
0.445828
0.445784
0.44574
0.445696
0.445653
0.445609
0.445566
0.445522
0.445479
0.445436
0.445392
0.445349
0.445306
0.445263
0.445219
0.445176
0.445133
0.44509
0.445047
0.445004
0.444962
0.444919
0.444876
0.444833
0.444791
0.444748
0.444705
0.444663
0.44462
0.444578
0.444535
0.444493
0.444451
0.444408
0.444366
0.444324
0.444282
0.444239
0.444197
0.444155
0.444113
0.444071
0.444029
0.443988
0.443946
0.443904
0.443862
0.443821
0.443779
0.443737
0.443696
0.443654
0.443613
0.443571
0.44353
0.443488
0.443447
0.443406
0.443364
0.443323
0.443282
0.443241
0.4432
0.443159
0.443118
0.443077
0.443036
0.442995
0.442954
0.442913
0.442873
0.442832
0.442791
0.442751
0.44271
0.442669
0.442629
0.442588
0.442548
0.442507
0.442467
0.442427
0.442386
0.442346
0.442306
0.442266
0.442226
0.442186
0.442146
0.442105
0.442065
0.442026
0.441986
0.441946
0.441906
0.441866
0.441826
0.441787
0.441747
0.441707
0.441668
0.441628
0.441589
0.441549
0.44151
0.44147
0.441431
0.441392
0.441352
0.441313
0.441274
0.441235
0.441195
0.441156
0.441117
0.441078
0.441039
0.441
0.440961
0.440922
0.440883
0.440845
0.440806
0.440767
0.440728
0.44069
0.440651
0.440612
0.440574
0.440535
0.440497
0.440458
0.44042
0.440381
0.440343
0.440305
0.440266
0.440228
0.44019
0.440152
0.440114
0.440075
0.440037
0.439999
0.439961
0.439923
0.439885
0.439847
0.43981
0.439772
0.439734
0.439696
0.439658
0.439621
0.439583
0.439545
0.439508
0.43947
0.439433
0.439395
0.439358
0.43932
0.439283
0.439245
0.439208
0.439171
0.439133
0.439096
0.439059
0.439022
0.438985
0.438948
0.438911
0.438873
0.438836
0.438799
0.438763
0.438726
0.438689
0.438652
0.438615
0.438578
0.438542
0.438505
0.438468
0.438431
0.438395
0.438358
0.438322
0.438285
0.438249
0.438212
0.438176
0.438139
0.438103
0.438067
0.43803
0.437994
0.437958
0.437922
0.437885
0.437849
0.437813
0.437777
0.437741
0.437705
0.437669
0.437633
0.437597
0.437561
0.437525
0.437489
0.437454
0.437418
0.437382
0.437346
0.437311
0.437275
0.437239
0.437204
0.437168
0.437133
0.437097
0.437062
0.437026
0.436991
0.436955
0.43692
0.436885
0.436849
0.436814
0.436779
0.436744
0.436709
0.436673
0.436638
0.436603
0.436568
0.436533
0.436498
0.436463
0.436428
0.436393
0.436358
0.436323
0.436289
0.436254
0.436219
0.436184
0.43615
0.436115
0.43608
0.436046
0.436011
0.435976
0.435942
0.435907
0.435873
0.435838
0.435804
0.435769
0.435735
0.435701
0.435666
0.435632
0.435598
0.435564
0.435529
0.435495
0.435461
0.435427
0.435393
0.435359
0.435325
0.435291
0.435257
0.435223
0.435189
0.435155
0.435121
0.435087
0.435053
0.435019
0.434986
0.434952
0.434918
0.434884
0.434851
0.434817
0.434784
0.43475
0.434716
0.434683
0.434649
0.434616
0.434582
0.434549
0.434516
0.434482
0.434449
0.434415
0.434382
0.434349
0.434316
0.434282
0.434249
0.434216
0.434183
0.43415
0.434117
0.434084
0.434051
0.434018
0.433985
0.433952
)
;

boundaryField
{
    inlet
    {
        type            fixedValue;
        value           uniform 0.5;
    }
    outlet
    {
        type            zeroGradient;
    }
    emptyWalls
    {
        type            empty;
    }
}


// ************************************************************************* //
