/*--------------------------------*- C++ -*----------------------------------*\
  =========                 |
  \\      /  F ield         | OpenFOAM: The Open Source CFD Toolbox
   \\    /   O peration     | Website:  https://openfoam.org
    \\  /    A nd           | Version:  9
     \\/     M anipulation  |
\*---------------------------------------------------------------------------*/
FoamFile
{
    format      ascii;
    class       volVectorField;
    location    "13.9";
    object      Ub;
}
// * * * * * * * * * * * * * * * * * * * * * * * * * * * * * * * * * * * * * //

dimensions      [0 0 0 0 0 0 0];

internalField   nonuniform List<vector> 
1000
(
(0.290579 0 0)
(0.290578 0 0)
(0.290577 0 0)
(0.290576 0 0)
(0.290575 0 0)
(0.290573 0 0)
(0.290571 0 0)
(0.290569 0 0)
(0.290567 0 0)
(0.290565 0 0)
(0.290562 0 0)
(0.290559 0 0)
(0.290556 0 0)
(0.290553 0 0)
(0.290549 0 0)
(0.290546 0 0)
(0.290542 0 0)
(0.290538 0 0)
(0.290533 0 0)
(0.290529 0 0)
(0.290524 0 0)
(0.290519 0 0)
(0.290514 0 0)
(0.290509 0 0)
(0.290504 0 0)
(0.290498 0 0)
(0.290492 0 0)
(0.290486 0 0)
(0.29048 0 0)
(0.290474 0 0)
(0.290468 0 0)
(0.290461 0 0)
(0.290454 0 0)
(0.290447 0 0)
(0.29044 0 0)
(0.290433 0 0)
(0.290425 0 0)
(0.290418 0 0)
(0.29041 0 0)
(0.290402 0 0)
(0.290394 0 0)
(0.290385 0 0)
(0.290377 0 0)
(0.290368 0 0)
(0.29036 0 0)
(0.290351 0 0)
(0.290342 0 0)
(0.290333 0 0)
(0.290323 0 0)
(0.290314 0 0)
(0.290304 0 0)
(0.290294 0 0)
(0.290284 0 0)
(0.290274 0 0)
(0.290264 0 0)
(0.290254 0 0)
(0.290243 0 0)
(0.290233 0 0)
(0.290222 0 0)
(0.290211 0 0)
(0.2902 0 0)
(0.290189 0 0)
(0.290178 0 0)
(0.290166 0 0)
(0.290155 0 0)
(0.290143 0 0)
(0.290131 0 0)
(0.290119 0 0)
(0.290107 0 0)
(0.290095 0 0)
(0.290082 0 0)
(0.29007 0 0)
(0.290057 0 0)
(0.290045 0 0)
(0.290032 0 0)
(0.290019 0 0)
(0.290006 0 0)
(0.289993 0 0)
(0.289979 0 0)
(0.289966 0 0)
(0.289952 0 0)
(0.289939 0 0)
(0.289925 0 0)
(0.289911 0 0)
(0.289897 0 0)
(0.289883 0 0)
(0.289868 0 0)
(0.289854 0 0)
(0.28984 0 0)
(0.289825 0 0)
(0.28981 0 0)
(0.289795 0 0)
(0.289781 0 0)
(0.289765 0 0)
(0.28975 0 0)
(0.289735 0 0)
(0.28972 0 0)
(0.289704 0 0)
(0.289689 0 0)
(0.289673 0 0)
(0.289657 0 0)
(0.289641 0 0)
(0.289625 0 0)
(0.289609 0 0)
(0.289593 0 0)
(0.289577 0 0)
(0.28956 0 0)
(0.289544 0 0)
(0.289527 0 0)
(0.289511 0 0)
(0.289494 0 0)
(0.289477 0 0)
(0.28946 0 0)
(0.289443 0 0)
(0.289426 0 0)
(0.289409 0 0)
(0.289391 0 0)
(0.289374 0 0)
(0.289356 0 0)
(0.289339 0 0)
(0.289321 0 0)
(0.289303 0 0)
(0.289285 0 0)
(0.289267 0 0)
(0.289249 0 0)
(0.289231 0 0)
(0.289213 0 0)
(0.289194 0 0)
(0.289176 0 0)
(0.289157 0 0)
(0.289139 0 0)
(0.28912 0 0)
(0.289101 0 0)
(0.289082 0 0)
(0.289063 0 0)
(0.289044 0 0)
(0.289025 0 0)
(0.289006 0 0)
(0.288986 0 0)
(0.288967 0 0)
(0.288948 0 0)
(0.288928 0 0)
(0.288908 0 0)
(0.288889 0 0)
(0.288869 0 0)
(0.288849 0 0)
(0.288829 0 0)
(0.288809 0 0)
(0.288789 0 0)
(0.288769 0 0)
(0.288748 0 0)
(0.288728 0 0)
(0.288708 0 0)
(0.288687 0 0)
(0.288666 0 0)
(0.288646 0 0)
(0.288625 0 0)
(0.288604 0 0)
(0.288583 0 0)
(0.288562 0 0)
(0.288541 0 0)
(0.28852 0 0)
(0.288499 0 0)
(0.288478 0 0)
(0.288456 0 0)
(0.288435 0 0)
(0.288413 0 0)
(0.288392 0 0)
(0.28837 0 0)
(0.288348 0 0)
(0.288326 0 0)
(0.288305 0 0)
(0.288283 0 0)
(0.288261 0 0)
(0.288239 0 0)
(0.288216 0 0)
(0.288194 0 0)
(0.288172 0 0)
(0.28815 0 0)
(0.288127 0 0)
(0.288105 0 0)
(0.288082 0 0)
(0.288059 0 0)
(0.288037 0 0)
(0.288014 0 0)
(0.287991 0 0)
(0.287968 0 0)
(0.287945 0 0)
(0.287922 0 0)
(0.287899 0 0)
(0.287876 0 0)
(0.287853 0 0)
(0.287829 0 0)
(0.287806 0 0)
(0.287783 0 0)
(0.287759 0 0)
(0.287736 0 0)
(0.287712 0 0)
(0.287688 0 0)
(0.287665 0 0)
(0.287641 0 0)
(0.287617 0 0)
(0.287593 0 0)
(0.287569 0 0)
(0.287545 0 0)
(0.287521 0 0)
(0.287497 0 0)
(0.287472 0 0)
(0.287448 0 0)
(0.287424 0 0)
(0.287399 0 0)
(0.287375 0 0)
(0.28735 0 0)
(0.287326 0 0)
(0.287301 0 0)
(0.287276 0 0)
(0.287251 0 0)
(0.287227 0 0)
(0.287202 0 0)
(0.287177 0 0)
(0.287152 0 0)
(0.287127 0 0)
(0.287101 0 0)
(0.287076 0 0)
(0.287051 0 0)
(0.287026 0 0)
(0.287 0 0)
(0.286975 0 0)
(0.286949 0 0)
(0.286924 0 0)
(0.286898 0 0)
(0.286873 0 0)
(0.286847 0 0)
(0.286821 0 0)
(0.286795 0 0)
(0.286769 0 0)
(0.286744 0 0)
(0.286718 0 0)
(0.286691 0 0)
(0.286665 0 0)
(0.286639 0 0)
(0.286613 0 0)
(0.286587 0 0)
(0.28656 0 0)
(0.286534 0 0)
(0.286508 0 0)
(0.286481 0 0)
(0.286455 0 0)
(0.286428 0 0)
(0.286402 0 0)
(0.286375 0 0)
(0.286348 0 0)
(0.286321 0 0)
(0.286295 0 0)
(0.286268 0 0)
(0.286241 0 0)
(0.286214 0 0)
(0.286187 0 0)
(0.28616 0 0)
(0.286132 0 0)
(0.286105 0 0)
(0.286078 0 0)
(0.286051 0 0)
(0.286023 0 0)
(0.285996 0 0)
(0.285969 0 0)
(0.285941 0 0)
(0.285914 0 0)
(0.285886 0 0)
(0.285858 0 0)
(0.285831 0 0)
(0.285803 0 0)
(0.285775 0 0)
(0.285747 0 0)
(0.285719 0 0)
(0.285691 0 0)
(0.285663 0 0)
(0.285635 0 0)
(0.285607 0 0)
(0.285579 0 0)
(0.285551 0 0)
(0.285523 0 0)
(0.285495 0 0)
(0.285466 0 0)
(0.285438 0 0)
(0.28541 0 0)
(0.285381 0 0)
(0.285353 0 0)
(0.285324 0 0)
(0.285295 0 0)
(0.285267 0 0)
(0.285238 0 0)
(0.285209 0 0)
(0.285181 0 0)
(0.285152 0 0)
(0.285123 0 0)
(0.285094 0 0)
(0.285065 0 0)
(0.285036 0 0)
(0.285007 0 0)
(0.284978 0 0)
(0.284949 0 0)
(0.28492 0 0)
(0.28489 0 0)
(0.284861 0 0)
(0.284832 0 0)
(0.284802 0 0)
(0.284773 0 0)
(0.284744 0 0)
(0.284714 0 0)
(0.284685 0 0)
(0.284655 0 0)
(0.284625 0 0)
(0.284596 0 0)
(0.284566 0 0)
(0.284536 0 0)
(0.284507 0 0)
(0.284477 0 0)
(0.284447 0 0)
(0.284417 0 0)
(0.284387 0 0)
(0.284357 0 0)
(0.284327 0 0)
(0.284297 0 0)
(0.284267 0 0)
(0.284237 0 0)
(0.284206 0 0)
(0.284176 0 0)
(0.284146 0 0)
(0.284115 0 0)
(0.284085 0 0)
(0.284055 0 0)
(0.284024 0 0)
(0.283994 0 0)
(0.283963 0 0)
(0.283933 0 0)
(0.283902 0 0)
(0.283871 0 0)
(0.283841 0 0)
(0.28381 0 0)
(0.283779 0 0)
(0.283748 0 0)
(0.283717 0 0)
(0.283687 0 0)
(0.283656 0 0)
(0.283625 0 0)
(0.283594 0 0)
(0.283563 0 0)
(0.283531 0 0)
(0.2835 0 0)
(0.283469 0 0)
(0.283438 0 0)
(0.283407 0 0)
(0.283375 0 0)
(0.283344 0 0)
(0.283313 0 0)
(0.283281 0 0)
(0.28325 0 0)
(0.283218 0 0)
(0.283187 0 0)
(0.283155 0 0)
(0.283124 0 0)
(0.283092 0 0)
(0.28306 0 0)
(0.283029 0 0)
(0.282997 0 0)
(0.282965 0 0)
(0.282933 0 0)
(0.282901 0 0)
(0.28287 0 0)
(0.282838 0 0)
(0.282806 0 0)
(0.282774 0 0)
(0.282742 0 0)
(0.282709 0 0)
(0.282677 0 0)
(0.282645 0 0)
(0.282613 0 0)
(0.282581 0 0)
(0.282548 0 0)
(0.282516 0 0)
(0.282484 0 0)
(0.282451 0 0)
(0.282419 0 0)
(0.282387 0 0)
(0.282354 0 0)
(0.282322 0 0)
(0.282289 0 0)
(0.282256 0 0)
(0.282224 0 0)
(0.282191 0 0)
(0.282158 0 0)
(0.282126 0 0)
(0.282093 0 0)
(0.28206 0 0)
(0.282027 0 0)
(0.281994 0 0)
(0.281961 0 0)
(0.281928 0 0)
(0.281895 0 0)
(0.281862 0 0)
(0.281829 0 0)
(0.281796 0 0)
(0.281763 0 0)
(0.28173 0 0)
(0.281697 0 0)
(0.281664 0 0)
(0.28163 0 0)
(0.281597 0 0)
(0.281564 0 0)
(0.28153 0 0)
(0.281497 0 0)
(0.281463 0 0)
(0.28143 0 0)
(0.281396 0 0)
(0.281363 0 0)
(0.281329 0 0)
(0.281296 0 0)
(0.281262 0 0)
(0.281228 0 0)
(0.281195 0 0)
(0.281161 0 0)
(0.281127 0 0)
(0.281093 0 0)
(0.28106 0 0)
(0.281026 0 0)
(0.280992 0 0)
(0.280958 0 0)
(0.280924 0 0)
(0.28089 0 0)
(0.280856 0 0)
(0.280822 0 0)
(0.280788 0 0)
(0.280753 0 0)
(0.280719 0 0)
(0.280685 0 0)
(0.280651 0 0)
(0.280617 0 0)
(0.280582 0 0)
(0.280548 0 0)
(0.280514 0 0)
(0.280479 0 0)
(0.280445 0 0)
(0.28041 0 0)
(0.280376 0 0)
(0.280341 0 0)
(0.280307 0 0)
(0.280272 0 0)
(0.280237 0 0)
(0.280203 0 0)
(0.280168 0 0)
(0.280133 0 0)
(0.280099 0 0)
(0.280064 0 0)
(0.280029 0 0)
(0.279994 0 0)
(0.279959 0 0)
(0.279924 0 0)
(0.279889 0 0)
(0.279854 0 0)
(0.279819 0 0)
(0.279784 0 0)
(0.279749 0 0)
(0.279714 0 0)
(0.279679 0 0)
(0.279644 0 0)
(0.279609 0 0)
(0.279573 0 0)
(0.279538 0 0)
(0.279503 0 0)
(0.279468 0 0)
(0.279432 0 0)
(0.279397 0 0)
(0.279361 0 0)
(0.279326 0 0)
(0.27929 0 0)
(0.279255 0 0)
(0.279219 0 0)
(0.279184 0 0)
(0.279148 0 0)
(0.279113 0 0)
(0.279077 0 0)
(0.279041 0 0)
(0.279006 0 0)
(0.27897 0 0)
(0.278934 0 0)
(0.278898 0 0)
(0.278862 0 0)
(0.278827 0 0)
(0.278791 0 0)
(0.278755 0 0)
(0.278719 0 0)
(0.278683 0 0)
(0.278647 0 0)
(0.278611 0 0)
(0.278575 0 0)
(0.278538 0 0)
(0.278502 0 0)
(0.278466 0 0)
(0.27843 0 0)
(0.278394 0 0)
(0.278357 0 0)
(0.278321 0 0)
(0.278285 0 0)
(0.278249 0 0)
(0.278212 0 0)
(0.278176 0 0)
(0.278139 0 0)
(0.278103 0 0)
(0.278066 0 0)
(0.27803 0 0)
(0.277993 0 0)
(0.277957 0 0)
(0.27792 0 0)
(0.277883 0 0)
(0.277847 0 0)
(0.27781 0 0)
(0.277773 0 0)
(0.277737 0 0)
(0.2777 0 0)
(0.277663 0 0)
(0.277626 0 0)
(0.277589 0 0)
(0.277552 0 0)
(0.277515 0 0)
(0.277478 0 0)
(0.277441 0 0)
(0.277404 0 0)
(0.277367 0 0)
(0.27733 0 0)
(0.277293 0 0)
(0.277256 0 0)
(0.277219 0 0)
(0.277182 0 0)
(0.277145 0 0)
(0.277107 0 0)
(0.27707 0 0)
(0.277033 0 0)
(0.276995 0 0)
(0.276958 0 0)
(0.276921 0 0)
(0.276883 0 0)
(0.276846 0 0)
(0.276808 0 0)
(0.276771 0 0)
(0.276733 0 0)
(0.276696 0 0)
(0.276658 0 0)
(0.276621 0 0)
(0.276583 0 0)
(0.276545 0 0)
(0.276508 0 0)
(0.27647 0 0)
(0.276432 0 0)
(0.276394 0 0)
(0.276357 0 0)
(0.276319 0 0)
(0.276281 0 0)
(0.276243 0 0)
(0.276205 0 0)
(0.276167 0 0)
(0.276129 0 0)
(0.276091 0 0)
(0.276053 0 0)
(0.276015 0 0)
(0.275977 0 0)
(0.275939 0 0)
(0.275901 0 0)
(0.275863 0 0)
(0.275824 0 0)
(0.275786 0 0)
(0.275748 0 0)
(0.27571 0 0)
(0.275671 0 0)
(0.275633 0 0)
(0.275595 0 0)
(0.275556 0 0)
(0.275518 0 0)
(0.275479 0 0)
(0.275441 0 0)
(0.275402 0 0)
(0.275364 0 0)
(0.275325 0 0)
(0.275287 0 0)
(0.275248 0 0)
(0.27521 0 0)
(0.275171 0 0)
(0.275132 0 0)
(0.275094 0 0)
(0.275055 0 0)
(0.275016 0 0)
(0.274977 0 0)
(0.274938 0 0)
(0.2749 0 0)
(0.274861 0 0)
(0.274822 0 0)
(0.274783 0 0)
(0.274744 0 0)
(0.274705 0 0)
(0.274666 0 0)
(0.274627 0 0)
(0.274588 0 0)
(0.274549 0 0)
(0.27451 0 0)
(0.274471 0 0)
(0.274431 0 0)
(0.274392 0 0)
(0.274353 0 0)
(0.274314 0 0)
(0.274275 0 0)
(0.274235 0 0)
(0.274196 0 0)
(0.274157 0 0)
(0.274117 0 0)
(0.274078 0 0)
(0.274038 0 0)
(0.273999 0 0)
(0.273959 0 0)
(0.27392 0 0)
(0.27388 0 0)
(0.273841 0 0)
(0.273801 0 0)
(0.273762 0 0)
(0.273722 0 0)
(0.273682 0 0)
(0.273643 0 0)
(0.273603 0 0)
(0.273563 0 0)
(0.273523 0 0)
(0.273484 0 0)
(0.273444 0 0)
(0.273404 0 0)
(0.273364 0 0)
(0.273324 0 0)
(0.273284 0 0)
(0.273244 0 0)
(0.273204 0 0)
(0.273164 0 0)
(0.273124 0 0)
(0.273084 0 0)
(0.273044 0 0)
(0.273004 0 0)
(0.272964 0 0)
(0.272924 0 0)
(0.272884 0 0)
(0.272843 0 0)
(0.272803 0 0)
(0.272763 0 0)
(0.272723 0 0)
(0.272682 0 0)
(0.272642 0 0)
(0.272602 0 0)
(0.272561 0 0)
(0.272521 0 0)
(0.27248 0 0)
(0.27244 0 0)
(0.272399 0 0)
(0.272359 0 0)
(0.272318 0 0)
(0.272278 0 0)
(0.272237 0 0)
(0.272197 0 0)
(0.272156 0 0)
(0.272115 0 0)
(0.272074 0 0)
(0.272034 0 0)
(0.271993 0 0)
(0.271952 0 0)
(0.271911 0 0)
(0.271871 0 0)
(0.27183 0 0)
(0.271789 0 0)
(0.271748 0 0)
(0.271707 0 0)
(0.271666 0 0)
(0.271625 0 0)
(0.271584 0 0)
(0.271543 0 0)
(0.271502 0 0)
(0.271461 0 0)
(0.27142 0 0)
(0.271379 0 0)
(0.271338 0 0)
(0.271296 0 0)
(0.271255 0 0)
(0.271214 0 0)
(0.271173 0 0)
(0.271131 0 0)
(0.27109 0 0)
(0.271049 0 0)
(0.271007 0 0)
(0.270966 0 0)
(0.270925 0 0)
(0.270883 0 0)
(0.270842 0 0)
(0.2708 0 0)
(0.270759 0 0)
(0.270717 0 0)
(0.270675 0 0)
(0.270634 0 0)
(0.270592 0 0)
(0.270551 0 0)
(0.270509 0 0)
(0.270467 0 0)
(0.270426 0 0)
(0.270384 0 0)
(0.270342 0 0)
(0.2703 0 0)
(0.270258 0 0)
(0.270217 0 0)
(0.270175 0 0)
(0.270133 0 0)
(0.270091 0 0)
(0.270049 0 0)
(0.270007 0 0)
(0.269965 0 0)
(0.269923 0 0)
(0.269881 0 0)
(0.269839 0 0)
(0.269797 0 0)
(0.269755 0 0)
(0.269712 0 0)
(0.26967 0 0)
(0.269628 0 0)
(0.269586 0 0)
(0.269544 0 0)
(0.269501 0 0)
(0.269459 0 0)
(0.269417 0 0)
(0.269374 0 0)
(0.269332 0 0)
(0.26929 0 0)
(0.269247 0 0)
(0.269205 0 0)
(0.269162 0 0)
(0.26912 0 0)
(0.269077 0 0)
(0.269035 0 0)
(0.268992 0 0)
(0.268949 0 0)
(0.268907 0 0)
(0.268864 0 0)
(0.268821 0 0)
(0.268779 0 0)
(0.268736 0 0)
(0.268693 0 0)
(0.268651 0 0)
(0.268608 0 0)
(0.268565 0 0)
(0.268522 0 0)
(0.268479 0 0)
(0.268436 0 0)
(0.268393 0 0)
(0.26835 0 0)
(0.268307 0 0)
(0.268264 0 0)
(0.268221 0 0)
(0.268178 0 0)
(0.268135 0 0)
(0.268092 0 0)
(0.268049 0 0)
(0.268006 0 0)
(0.267963 0 0)
(0.267919 0 0)
(0.267876 0 0)
(0.267833 0 0)
(0.26779 0 0)
(0.267746 0 0)
(0.267703 0 0)
(0.26766 0 0)
(0.267616 0 0)
(0.267573 0 0)
(0.267529 0 0)
(0.267486 0 0)
(0.267442 0 0)
(0.267399 0 0)
(0.267355 0 0)
(0.267312 0 0)
(0.267268 0 0)
(0.267224 0 0)
(0.267181 0 0)
(0.267137 0 0)
(0.267093 0 0)
(0.26705 0 0)
(0.267006 0 0)
(0.266962 0 0)
(0.266918 0 0)
(0.266875 0 0)
(0.266831 0 0)
(0.266787 0 0)
(0.266743 0 0)
(0.266699 0 0)
(0.266655 0 0)
(0.266611 0 0)
(0.266567 0 0)
(0.266523 0 0)
(0.266479 0 0)
(0.266435 0 0)
(0.266391 0 0)
(0.266347 0 0)
(0.266303 0 0)
(0.266258 0 0)
(0.266214 0 0)
(0.26617 0 0)
(0.266126 0 0)
(0.266081 0 0)
(0.266037 0 0)
(0.265993 0 0)
(0.265948 0 0)
(0.265904 0 0)
(0.26586 0 0)
(0.265815 0 0)
(0.265771 0 0)
(0.265726 0 0)
(0.265682 0 0)
(0.265637 0 0)
(0.265592 0 0)
(0.265548 0 0)
(0.265503 0 0)
(0.265459 0 0)
(0.265414 0 0)
(0.265369 0 0)
(0.265324 0 0)
(0.26528 0 0)
(0.265235 0 0)
(0.26519 0 0)
(0.265145 0 0)
(0.2651 0 0)
(0.265056 0 0)
(0.265011 0 0)
(0.264966 0 0)
(0.264921 0 0)
(0.264876 0 0)
(0.264831 0 0)
(0.264786 0 0)
(0.264741 0 0)
(0.264695 0 0)
(0.26465 0 0)
(0.264605 0 0)
(0.26456 0 0)
(0.264515 0 0)
(0.264469 0 0)
(0.264424 0 0)
(0.264379 0 0)
(0.264334 0 0)
(0.264288 0 0)
(0.264243 0 0)
(0.264197 0 0)
(0.264152 0 0)
(0.264107 0 0)
(0.264061 0 0)
(0.264016 0 0)
(0.26397 0 0)
(0.263925 0 0)
(0.263879 0 0)
(0.263833 0 0)
(0.263788 0 0)
(0.263742 0 0)
(0.263696 0 0)
(0.263651 0 0)
(0.263605 0 0)
(0.263559 0 0)
(0.263513 0 0)
(0.263467 0 0)
(0.263421 0 0)
(0.263376 0 0)
(0.26333 0 0)
(0.263284 0 0)
(0.263238 0 0)
(0.263192 0 0)
(0.263146 0 0)
(0.2631 0 0)
(0.263053 0 0)
(0.263007 0 0)
(0.262961 0 0)
(0.262915 0 0)
(0.262869 0 0)
(0.262823 0 0)
(0.262776 0 0)
(0.26273 0 0)
(0.262684 0 0)
(0.262637 0 0)
(0.262591 0 0)
(0.262544 0 0)
(0.262498 0 0)
(0.262452 0 0)
(0.262405 0 0)
(0.262359 0 0)
(0.262312 0 0)
(0.262265 0 0)
(0.262219 0 0)
(0.262172 0 0)
(0.262125 0 0)
(0.262079 0 0)
(0.262032 0 0)
(0.261985 0 0)
(0.261938 0 0)
(0.261891 0 0)
(0.261845 0 0)
(0.261798 0 0)
(0.261751 0 0)
(0.261704 0 0)
(0.261657 0 0)
(0.26161 0 0)
(0.261563 0 0)
(0.261516 0 0)
(0.261469 0 0)
(0.261421 0 0)
(0.261374 0 0)
(0.261327 0 0)
(0.26128 0 0)
(0.261232 0 0)
(0.261185 0 0)
(0.261138 0 0)
(0.26109 0 0)
(0.261043 0 0)
(0.260995 0 0)
(0.260948 0 0)
(0.2609 0 0)
(0.260853 0 0)
(0.260805 0 0)
(0.260758 0 0)
(0.26071 0 0)
(0.260662 0 0)
(0.260615 0 0)
(0.260567 0 0)
(0.260519 0 0)
(0.260471 0 0)
(0.260423 0 0)
(0.260375 0 0)
(0.260328 0 0)
(0.26028 0 0)
(0.260232 0 0)
(0.260183 0 0)
(0.260135 0 0)
(0.260087 0 0)
(0.260039 0 0)
(0.259991 0 0)
(0.259943 0 0)
(0.259894 0 0)
(0.259846 0 0)
(0.259798 0 0)
(0.259749 0 0)
(0.259701 0 0)
(0.259652 0 0)
(0.259604 0 0)
(0.259555 0 0)
(0.259507 0 0)
(0.259458 0 0)
(0.259409 0 0)
(0.259361 0 0)
(0.259312 0 0)
(0.259263 0 0)
(0.259214 0 0)
(0.259165 0 0)
(0.259116 0 0)
(0.259067 0 0)
(0.259018 0 0)
(0.258969 0 0)
(0.25892 0 0)
(0.258871 0 0)
(0.258822 0 0)
(0.258772 0 0)
(0.258723 0 0)
(0.258674 0 0)
(0.258624 0 0)
(0.258575 0 0)
(0.258525 0 0)
(0.258476 0 0)
(0.258426 0 0)
(0.258376 0 0)
(0.258326 0 0)
(0.258277 0 0)
(0.258227 0 0)
(0.258177 0 0)
(0.258127 0 0)
(0.258077 0 0)
(0.258027 0 0)
(0.257976 0 0)
(0.257926 0 0)
(0.257876 0 0)
(0.257826 0 0)
(0.257775 0 0)
(0.257725 0 0)
(0.257674 0 0)
(0.257624 0 0)
(0.257573 0 0)
(0.257522 0 0)
(0.257471 0 0)
(0.25742 0 0)
(0.257369 0 0)
(0.257318 0 0)
(0.257267 0 0)
(0.257216 0 0)
(0.257165 0 0)
(0.257113 0 0)
(0.257062 0 0)
(0.25701 0 0)
(0.256958 0 0)
(0.256907 0 0)
)
;

boundaryField
{
    inlet
    {
        type            fractionalVelocity;
        U               1((1 0 0));
        fractionalFlow  Fb;
        value           uniform (0.290579 0 0);
    }
    outlet
    {
        type            zeroGradient;
    }
    emptyWalls
    {
        type            empty;
    }
}


// ************************************************************************* //
