/*--------------------------------*- C++ -*----------------------------------*\
  =========                 |
  \\      /  F ield         | OpenFOAM: The Open Source CFD Toolbox
   \\    /   O peration     | Website:  https://openfoam.org
    \\  /    A nd           | Version:  9
     \\/     M anipulation  |
\*---------------------------------------------------------------------------*/
FoamFile
{
    format      ascii;
    class       volScalarField;
    location    "9.1";
    object      p;
}
// * * * * * * * * * * * * * * * * * * * * * * * * * * * * * * * * * * * * * //

dimensions      [0 0 0 0 0 0 0];

internalField   nonuniform List<scalar> 
1000
(
2.33553e+13
2.33453e+13
2.33354e+13
2.33254e+13
2.33154e+13
2.33053e+13
2.32953e+13
2.32852e+13
2.3275e+13
2.32649e+13
2.32547e+13
2.32445e+13
2.32343e+13
2.3224e+13
2.32137e+13
2.32034e+13
2.31931e+13
2.31827e+13
2.31723e+13
2.31619e+13
2.31515e+13
2.3141e+13
2.31306e+13
2.31201e+13
2.31095e+13
2.3099e+13
2.30884e+13
2.30778e+13
2.30672e+13
2.30565e+13
2.30458e+13
2.30351e+13
2.30244e+13
2.30137e+13
2.30029e+13
2.29921e+13
2.29813e+13
2.29704e+13
2.29596e+13
2.29487e+13
2.29378e+13
2.29269e+13
2.29159e+13
2.29049e+13
2.28939e+13
2.28829e+13
2.28719e+13
2.28608e+13
2.28497e+13
2.28386e+13
2.28275e+13
2.28163e+13
2.28051e+13
2.27939e+13
2.27827e+13
2.27715e+13
2.27602e+13
2.27489e+13
2.27376e+13
2.27263e+13
2.27149e+13
2.27035e+13
2.26921e+13
2.26807e+13
2.26693e+13
2.26578e+13
2.26463e+13
2.26348e+13
2.26233e+13
2.26118e+13
2.26002e+13
2.25886e+13
2.2577e+13
2.25654e+13
2.25537e+13
2.25421e+13
2.25304e+13
2.25187e+13
2.25069e+13
2.24952e+13
2.24834e+13
2.24716e+13
2.24598e+13
2.2448e+13
2.24361e+13
2.24243e+13
2.24124e+13
2.24004e+13
2.23885e+13
2.23766e+13
2.23646e+13
2.23526e+13
2.23406e+13
2.23285e+13
2.23165e+13
2.23044e+13
2.22923e+13
2.22802e+13
2.22681e+13
2.22559e+13
2.22438e+13
2.22316e+13
2.22194e+13
2.22071e+13
2.21949e+13
2.21826e+13
2.21703e+13
2.2158e+13
2.21457e+13
2.21333e+13
2.2121e+13
2.21086e+13
2.20962e+13
2.20838e+13
2.20713e+13
2.20589e+13
2.20464e+13
2.20339e+13
2.20214e+13
2.20088e+13
2.19963e+13
2.19837e+13
2.19711e+13
2.19585e+13
2.19459e+13
2.19333e+13
2.19206e+13
2.19079e+13
2.18952e+13
2.18825e+13
2.18697e+13
2.1857e+13
2.18442e+13
2.18314e+13
2.18186e+13
2.18058e+13
2.17929e+13
2.17801e+13
2.17672e+13
2.17543e+13
2.17414e+13
2.17284e+13
2.17155e+13
2.17025e+13
2.16895e+13
2.16765e+13
2.16635e+13
2.16504e+13
2.16374e+13
2.16243e+13
2.16112e+13
2.15981e+13
2.15849e+13
2.15718e+13
2.15586e+13
2.15454e+13
2.15322e+13
2.1519e+13
2.15057e+13
2.14925e+13
2.14792e+13
2.14659e+13
2.14526e+13
2.14393e+13
2.14259e+13
2.14126e+13
2.13992e+13
2.13858e+13
2.13724e+13
2.1359e+13
2.13455e+13
2.13321e+13
2.13186e+13
2.13051e+13
2.12916e+13
2.1278e+13
2.12645e+13
2.12509e+13
2.12373e+13
2.12237e+13
2.12101e+13
2.11965e+13
2.11828e+13
2.11692e+13
2.11555e+13
2.11418e+13
2.11281e+13
2.11143e+13
2.11006e+13
2.10868e+13
2.1073e+13
2.10592e+13
2.10454e+13
2.10316e+13
2.10177e+13
2.10039e+13
2.099e+13
2.09761e+13
2.09622e+13
2.09483e+13
2.09343e+13
2.09203e+13
2.09064e+13
2.08924e+13
2.08783e+13
2.08643e+13
2.08503e+13
2.08362e+13
2.08221e+13
2.0808e+13
2.07939e+13
2.07798e+13
2.07657e+13
2.07515e+13
2.07373e+13
2.07231e+13
2.07089e+13
2.06947e+13
2.06805e+13
2.06662e+13
2.06519e+13
2.06377e+13
2.06234e+13
2.0609e+13
2.05947e+13
2.05804e+13
2.0566e+13
2.05516e+13
2.05372e+13
2.05228e+13
2.05084e+13
2.04939e+13
2.04795e+13
2.0465e+13
2.04505e+13
2.0436e+13
2.04215e+13
2.04069e+13
2.03924e+13
2.03778e+13
2.03632e+13
2.03486e+13
2.0334e+13
2.03194e+13
2.03047e+13
2.02901e+13
2.02754e+13
2.02607e+13
2.0246e+13
2.02313e+13
2.02165e+13
2.02018e+13
2.0187e+13
2.01722e+13
2.01574e+13
2.01426e+13
2.01278e+13
2.01129e+13
2.00981e+13
2.00832e+13
2.00683e+13
2.00534e+13
2.00385e+13
2.00235e+13
2.00086e+13
1.99936e+13
1.99786e+13
1.99637e+13
1.99486e+13
1.99336e+13
1.99186e+13
1.99035e+13
1.98884e+13
1.98734e+13
1.98583e+13
1.98431e+13
1.9828e+13
1.98129e+13
1.97977e+13
1.97825e+13
1.97673e+13
1.97521e+13
1.97369e+13
1.97217e+13
1.97064e+13
1.96912e+13
1.96759e+13
1.96606e+13
1.96453e+13
1.963e+13
1.96146e+13
1.95993e+13
1.95839e+13
1.95685e+13
1.95531e+13
1.95377e+13
1.95223e+13
1.95069e+13
1.94914e+13
1.9476e+13
1.94605e+13
1.9445e+13
1.94295e+13
1.94139e+13
1.93984e+13
1.93828e+13
1.93673e+13
1.93517e+13
1.93361e+13
1.93205e+13
1.93049e+13
1.92892e+13
1.92736e+13
1.92579e+13
1.92422e+13
1.92265e+13
1.92108e+13
1.91951e+13
1.91793e+13
1.91636e+13
1.91478e+13
1.9132e+13
1.91162e+13
1.91004e+13
1.90846e+13
1.90688e+13
1.90529e+13
1.9037e+13
1.90212e+13
1.90053e+13
1.89893e+13
1.89734e+13
1.89575e+13
1.89415e+13
1.89256e+13
1.89096e+13
1.88936e+13
1.88776e+13
1.88616e+13
1.88455e+13
1.88295e+13
1.88134e+13
1.87973e+13
1.87813e+13
1.87651e+13
1.8749e+13
1.87329e+13
1.87167e+13
1.87006e+13
1.86844e+13
1.86682e+13
1.8652e+13
1.86358e+13
1.86196e+13
1.86033e+13
1.85871e+13
1.85708e+13
1.85545e+13
1.85382e+13
1.85219e+13
1.85056e+13
1.84893e+13
1.84729e+13
1.84565e+13
1.84402e+13
1.84238e+13
1.84074e+13
1.83909e+13
1.83745e+13
1.83581e+13
1.83416e+13
1.83251e+13
1.83086e+13
1.82921e+13
1.82756e+13
1.82591e+13
1.82425e+13
1.8226e+13
1.82094e+13
1.81928e+13
1.81762e+13
1.81596e+13
1.8143e+13
1.81264e+13
1.81097e+13
1.80931e+13
1.80764e+13
1.80597e+13
1.8043e+13
1.80263e+13
1.80095e+13
1.79928e+13
1.7976e+13
1.79593e+13
1.79425e+13
1.79257e+13
1.79089e+13
1.78921e+13
1.78752e+13
1.78584e+13
1.78415e+13
1.78246e+13
1.78078e+13
1.77909e+13
1.77739e+13
1.7757e+13
1.77401e+13
1.77231e+13
1.77061e+13
1.76892e+13
1.76722e+13
1.76552e+13
1.76381e+13
1.76211e+13
1.76041e+13
1.7587e+13
1.75699e+13
1.75528e+13
1.75357e+13
1.75186e+13
1.75015e+13
1.74844e+13
1.74672e+13
1.74501e+13
1.74329e+13
1.74157e+13
1.73985e+13
1.73813e+13
1.73641e+13
1.73468e+13
1.73296e+13
1.73123e+13
1.7295e+13
1.72777e+13
1.72604e+13
1.72431e+13
1.72258e+13
1.72084e+13
1.71911e+13
1.71737e+13
1.71563e+13
1.71389e+13
1.71215e+13
1.71041e+13
1.70866e+13
1.70692e+13
1.70517e+13
1.70343e+13
1.70168e+13
1.69993e+13
1.69818e+13
1.69643e+13
1.69467e+13
1.69292e+13
1.69116e+13
1.6894e+13
1.68765e+13
1.68589e+13
1.68412e+13
1.68236e+13
1.6806e+13
1.67883e+13
1.67707e+13
1.6753e+13
1.67353e+13
1.67176e+13
1.66999e+13
1.66822e+13
1.66644e+13
1.66467e+13
1.66289e+13
1.66111e+13
1.65934e+13
1.65756e+13
1.65577e+13
1.65399e+13
1.65221e+13
1.65042e+13
1.64864e+13
1.64685e+13
1.64506e+13
1.64327e+13
1.64148e+13
1.63969e+13
1.63789e+13
1.6361e+13
1.6343e+13
1.6325e+13
1.6307e+13
1.6289e+13
1.6271e+13
1.6253e+13
1.6235e+13
1.62169e+13
1.61989e+13
1.61808e+13
1.61627e+13
1.61446e+13
1.61265e+13
1.61084e+13
1.60902e+13
1.60721e+13
1.60539e+13
1.60357e+13
1.60176e+13
1.59994e+13
1.59811e+13
1.59629e+13
1.59447e+13
1.59264e+13
1.59082e+13
1.58899e+13
1.58716e+13
1.58533e+13
1.5835e+13
1.58167e+13
1.57984e+13
1.578e+13
1.57617e+13
1.57433e+13
1.57249e+13
1.57065e+13
1.56881e+13
1.56697e+13
1.56513e+13
1.56328e+13
1.56144e+13
1.55959e+13
1.55774e+13
1.55589e+13
1.55404e+13
1.55219e+13
1.55034e+13
1.54849e+13
1.54663e+13
1.54477e+13
1.54292e+13
1.54106e+13
1.5392e+13
1.53734e+13
1.53548e+13
1.53361e+13
1.53175e+13
1.52988e+13
1.52801e+13
1.52615e+13
1.52428e+13
1.52241e+13
1.52053e+13
1.51866e+13
1.51679e+13
1.51491e+13
1.51303e+13
1.51116e+13
1.50928e+13
1.5074e+13
1.50551e+13
1.50363e+13
1.50175e+13
1.49986e+13
1.49798e+13
1.49609e+13
1.4942e+13
1.49231e+13
1.49042e+13
1.48853e+13
1.48663e+13
1.48474e+13
1.48284e+13
1.48095e+13
1.47905e+13
1.47715e+13
1.47525e+13
1.47334e+13
1.47144e+13
1.46954e+13
1.46763e+13
1.46573e+13
1.46382e+13
1.46191e+13
1.46e+13
1.45809e+13
1.45617e+13
1.45426e+13
1.45235e+13
1.45043e+13
1.44851e+13
1.44659e+13
1.44467e+13
1.44275e+13
1.44083e+13
1.43891e+13
1.43698e+13
1.43506e+13
1.43313e+13
1.4312e+13
1.42928e+13
1.42735e+13
1.42541e+13
1.42348e+13
1.42155e+13
1.41961e+13
1.41768e+13
1.41574e+13
1.4138e+13
1.41186e+13
1.40992e+13
1.40798e+13
1.40603e+13
1.40409e+13
1.40214e+13
1.4002e+13
1.39825e+13
1.3963e+13
1.39435e+13
1.3924e+13
1.39045e+13
1.38849e+13
1.38654e+13
1.38458e+13
1.38262e+13
1.38066e+13
1.3787e+13
1.37674e+13
1.37478e+13
1.37282e+13
1.37085e+13
1.36889e+13
1.36692e+13
1.36495e+13
1.36298e+13
1.36101e+13
1.35904e+13
1.35707e+13
1.3551e+13
1.35312e+13
1.35114e+13
1.34917e+13
1.34719e+13
1.34521e+13
1.34323e+13
1.34124e+13
1.33926e+13
1.33728e+13
1.33529e+13
1.3333e+13
1.33131e+13
1.32932e+13
1.32733e+13
1.32534e+13
1.32335e+13
1.32135e+13
1.31936e+13
1.31736e+13
1.31536e+13
1.31337e+13
1.31136e+13
1.30936e+13
1.30736e+13
1.30536e+13
1.30335e+13
1.30134e+13
1.29934e+13
1.29733e+13
1.29532e+13
1.29331e+13
1.29129e+13
1.28928e+13
1.28726e+13
1.28525e+13
1.28323e+13
1.28121e+13
1.27919e+13
1.27717e+13
1.27514e+13
1.27312e+13
1.27109e+13
1.26907e+13
1.26704e+13
1.26501e+13
1.26298e+13
1.26095e+13
1.25891e+13
1.25688e+13
1.25484e+13
1.2528e+13
1.25076e+13
1.24872e+13
1.24668e+13
1.24464e+13
1.24259e+13
1.24054e+13
1.2385e+13
1.23645e+13
1.23439e+13
1.23234e+13
1.23029e+13
1.22823e+13
1.22617e+13
1.22411e+13
1.22205e+13
1.21998e+13
1.21792e+13
1.21585e+13
1.21378e+13
1.2117e+13
1.20963e+13
1.20755e+13
1.20547e+13
1.20338e+13
1.2013e+13
1.1992e+13
1.19711e+13
1.19501e+13
1.19291e+13
1.1908e+13
1.18869e+13
1.18657e+13
1.18444e+13
1.1823e+13
1.18015e+13
1.17799e+13
1.17581e+13
1.1736e+13
1.17136e+13
1.16907e+13
1.16667e+13
1.16407e+13
1.15946e+13
1.15472e+13
1.15074e+13
1.14687e+13
1.14296e+13
1.139e+13
1.13498e+13
1.13087e+13
1.12669e+13
1.12242e+13
1.11807e+13
1.11368e+13
1.10927e+13
1.10487e+13
1.1005e+13
1.09619e+13
1.09193e+13
1.0877e+13
1.08349e+13
1.07929e+13
1.07507e+13
1.07082e+13
1.06656e+13
1.06228e+13
1.05798e+13
1.05367e+13
1.04937e+13
1.04507e+13
1.04079e+13
1.03651e+13
1.03224e+13
1.02798e+13
1.02372e+13
1.01946e+13
1.01519e+13
1.01092e+13
1.00665e+13
1.00237e+13
9.98087e+12
9.93805e+12
9.89524e+12
9.85245e+12
9.80968e+12
9.76693e+12
9.7242e+12
9.68147e+12
9.63875e+12
9.59602e+12
9.55328e+12
9.51054e+12
9.46779e+12
9.42503e+12
9.38227e+12
9.33952e+12
9.29677e+12
9.25402e+12
9.21128e+12
9.16855e+12
9.12581e+12
9.08308e+12
9.04034e+12
8.99761e+12
8.95487e+12
8.91213e+12
8.86939e+12
8.82665e+12
8.7839e+12
8.74116e+12
8.69842e+12
8.65568e+12
8.61294e+12
8.5702e+12
8.52746e+12
8.48472e+12
8.44198e+12
8.39924e+12
8.3565e+12
8.31375e+12
8.27101e+12
8.22826e+12
8.18552e+12
8.14277e+12
8.10003e+12
8.05728e+12
8.01453e+12
7.97178e+12
7.92904e+12
7.88629e+12
7.84354e+12
7.80079e+12
7.75804e+12
7.71529e+12
7.67254e+12
7.62979e+12
7.58704e+12
7.54429e+12
7.50154e+12
7.45879e+12
7.41604e+12
7.3733e+12
7.33055e+12
7.28781e+12
7.24506e+12
7.20232e+12
7.15958e+12
7.11683e+12
7.07409e+12
7.03135e+12
6.98861e+12
6.94587e+12
6.90313e+12
6.86039e+12
6.81764e+12
6.7749e+12
6.73216e+12
6.68942e+12
6.64668e+12
6.60394e+12
6.5612e+12
6.51846e+12
6.47572e+12
6.43298e+12
6.39024e+12
6.3475e+12
6.30475e+12
6.26201e+12
6.21927e+12
6.17652e+12
6.13378e+12
6.09103e+12
6.04829e+12
6.00554e+12
5.9628e+12
5.92005e+12
5.87731e+12
5.83456e+12
5.79181e+12
5.74907e+12
5.70632e+12
5.66357e+12
5.62082e+12
5.57808e+12
5.53533e+12
5.49258e+12
5.44983e+12
5.40709e+12
5.36434e+12
5.32159e+12
5.27885e+12
5.2361e+12
5.19336e+12
5.15061e+12
5.10787e+12
5.06513e+12
5.02238e+12
4.97964e+12
4.9369e+12
4.89416e+12
4.85141e+12
4.80867e+12
4.76593e+12
4.72319e+12
4.68045e+12
4.63771e+12
4.59497e+12
4.55222e+12
4.50948e+12
4.46674e+12
4.424e+12
4.38126e+12
4.33852e+12
4.29578e+12
4.25303e+12
4.21029e+12
4.16755e+12
4.12481e+12
4.08206e+12
4.03932e+12
3.99657e+12
3.95383e+12
3.91109e+12
3.86834e+12
3.8256e+12
3.78285e+12
3.7401e+12
3.69736e+12
3.65461e+12
3.61187e+12
3.56912e+12
3.52638e+12
3.48363e+12
3.44088e+12
3.39814e+12
3.35539e+12
3.31264e+12
3.2699e+12
3.22715e+12
3.18441e+12
3.14166e+12
3.09892e+12
3.05617e+12
3.01343e+12
2.97068e+12
2.92794e+12
2.88519e+12
2.84245e+12
2.7997e+12
2.75696e+12
2.71421e+12
2.67147e+12
2.62872e+12
2.58598e+12
2.54323e+12
2.50049e+12
2.45775e+12
2.415e+12
2.37226e+12
2.32951e+12
2.28677e+12
2.24402e+12
2.20128e+12
2.15853e+12
2.11579e+12
2.07304e+12
2.0303e+12
1.98755e+12
1.94481e+12
1.90206e+12
1.85932e+12
1.81657e+12
1.77383e+12
1.73108e+12
1.68834e+12
1.64559e+12
1.60285e+12
1.56011e+12
1.51736e+12
1.47462e+12
1.43187e+12
1.38913e+12
1.34639e+12
1.30365e+12
1.2609e+12
1.21816e+12
1.17542e+12
1.13268e+12
1.08993e+12
1.04719e+12
1.00445e+12
9.61709e+11
9.18967e+11
8.76225e+11
8.33484e+11
7.90742e+11
7.48e+11
7.05258e+11
6.62517e+11
6.19775e+11
5.77032e+11
5.3429e+11
4.91548e+11
4.48805e+11
4.06063e+11
3.6332e+11
3.20577e+11
2.77834e+11
2.35091e+11
1.92347e+11
1.49604e+11
1.0686e+11
6.41161e+10
2.13721e+10
)
;

boundaryField
{
    inlet
    {
        type            darcyGradPressure_G;
        gradient        uniform 3.23949e+11;
        Mf              Mf;
        phi             phi;
        phiG            phiG;
        value           uniform 2.33602e+13;
    }
    outlet
    {
        type            fixedValue;
        value           uniform 0;
    }
    emptyWalls
    {
        type            empty;
    }
}


// ************************************************************************* //
