/*--------------------------------*- C++ -*----------------------------------*\
  =========                 |
  \\      /  F ield         | OpenFOAM: The Open Source CFD Toolbox
   \\    /   O peration     | Website:  https://openfoam.org
    \\  /    A nd           | Version:  9
     \\/     M anipulation  |
\*---------------------------------------------------------------------------*/
FoamFile
{
    format      ascii;
    class       volVectorField;
    location    "1325";
    object      Ua;
}
// * * * * * * * * * * * * * * * * * * * * * * * * * * * * * * * * * * * * * //

dimensions      [0 0 0 0 0 0 0];

internalField   nonuniform List<vector> 
100
(
(0 0 1.61383e-05)
(0 0 1.61275e-05)
(0 0 1.61044e-05)
(0 0 1.60794e-05)
(0 0 1.60538e-05)
(0 0 1.60286e-05)
(0 0 1.60043e-05)
(0 0 1.5981e-05)
(0 0 1.59585e-05)
(0 0 1.59369e-05)
(0 0 1.5916e-05)
(0 0 1.58956e-05)
(0 0 1.58757e-05)
(0 0 1.58562e-05)
(0 0 1.58371e-05)
(0 0 1.58182e-05)
(0 0 1.57997e-05)
(0 0 1.57814e-05)
(0 0 1.57634e-05)
(0 0 1.57455e-05)
(0 0 1.57279e-05)
(0 0 1.57105e-05)
(0 0 1.56933e-05)
(0 0 1.56763e-05)
(0 0 1.56594e-05)
(0 0 1.56427e-05)
(0 0 1.56261e-05)
(0 0 1.56096e-05)
(0 0 1.55932e-05)
(0 0 1.55768e-05)
(0 0 1.55116e-05)
(0 0 1.53616e-05)
(0 0 1.51579e-05)
(0 0 1.49281e-05)
(0 0 1.46864e-05)
(0 0 1.44392e-05)
(0 0 1.41892e-05)
(0 0 1.3937e-05)
(0 0 1.36823e-05)
(0 0 1.34242e-05)
(0 0 1.31625e-05)
(0 0 1.29031e-05)
(0 0 1.26855e-05)
(0 0 1.27596e-05)
(0 0 1.35924e-05)
(0 0 1.45915e-05)
(0 0 7.57144e-06)
(0 0 1.10611e-07)
(0 0 6.54037e-25)
(0 0 1.31253e-27)
(0 0 1.31234e-27)
(0 0 1.31234e-27)
(0 0 1.31234e-27)
(0 0 1.31234e-27)
(0 0 1.31234e-27)
(0 0 1.31234e-27)
(0 0 1.31234e-27)
(0 0 1.31234e-27)
(0 0 1.31234e-27)
(0 0 1.31234e-27)
(0 0 1.31234e-27)
(0 0 1.31234e-27)
(0 0 1.31234e-27)
(0 0 1.31234e-27)
(0 0 1.31234e-27)
(0 0 1.31234e-27)
(0 0 1.31234e-27)
(0 0 1.31234e-27)
(0 0 1.31234e-27)
(0 0 1.31234e-27)
(0 0 1.31234e-27)
(0 0 1.31234e-27)
(0 0 1.31234e-27)
(0 0 1.31234e-27)
(0 0 1.31234e-27)
(0 0 1.31234e-27)
(0 0 1.31234e-27)
(0 0 1.31234e-27)
(0 0 1.31234e-27)
(0 0 1.31234e-27)
(0 0 1.31234e-27)
(0 0 1.31234e-27)
(0 0 1.31234e-27)
(0 0 1.31234e-27)
(0 0 1.31234e-27)
(0 0 1.31234e-27)
(0 0 1.31234e-27)
(0 0 1.31234e-27)
(0 0 1.31234e-27)
(0 0 1.31234e-27)
(0 0 1.31234e-27)
(0 0 1.31234e-27)
(0 0 1.31234e-27)
(0 0 1.31234e-27)
(0 0 1.31234e-27)
(0 0 1.31234e-27)
(0 0 1.31234e-27)
(0 0 1.31234e-27)
(0 0 1.31234e-27)
(0 0 1.31234e-27)
)
;

boundaryField
{
    inlet
    {
        type            prescribedFracFlowVelocity;
        U               1((0 0 1.61572e-05));
        fractionalFlow  1;
        value           uniform (0 0 1.61572e-05);
    }
    outlet
    {
        type            zeroGradient;
    }
    emptyWalls
    {
        type            empty;
    }
}


// ************************************************************************* //
