/*--------------------------------*- C++ -*----------------------------------*\
  =========                 |
  \\      /  F ield         | OpenFOAM: The Open Source CFD Toolbox
   \\    /   O peration     | Website:  https://openfoam.org
    \\  /    A nd           | Version:  9
     \\/     M anipulation  |
\*---------------------------------------------------------------------------*/
FoamFile
{
    format      ascii;
    class       surfaceScalarField;
    location    "8.3";
    object      phic;
}
// * * * * * * * * * * * * * * * * * * * * * * * * * * * * * * * * * * * * * //

dimensions      [0 2 0 0 0 0 0];

internalField   nonuniform List<scalar> 
999
(
2.01298e-06
5.24107e-06
9.57985e-06
1.49734e-05
2.13829e-05
2.87781e-05
3.71332e-05
4.64259e-05
5.6636e-05
6.77448e-05
7.9735e-05
9.25903e-05
0.000106295
0.000120835
0.000136196
0.000152364
0.000169326
0.00018707
0.000205584
0.000224855
0.000244872
0.000265625
0.000287102
0.000309294
0.000332189
0.000355778
0.000380051
0.000404999
0.000430612
0.000456882
0.0004838
0.000511357
0.000539544
0.000568354
0.000597779
0.00062781
0.000658441
0.000689663
0.000721469
0.000753852
0.000786805
0.000820321
0.000854393
0.000889014
0.000924179
0.000959881
0.000996113
0.00103287
0.00107014
0.00110793
0.00114622
0.00118502
0.00122431
0.00126409
0.00130435
0.00134509
0.00138631
0.001428
0.00147015
0.00151276
0.00155582
0.00159933
0.00164329
0.00168768
0.00173252
0.00177778
0.00182347
0.00186959
0.00191612
0.00196306
0.00201042
0.00205818
0.00210634
0.00215491
0.00220386
0.00225321
0.00230294
0.00235306
0.00240356
0.00245443
0.00250568
0.00255729
0.00260927
0.00266162
0.00271432
0.00276738
0.00282079
0.00287455
0.00292866
0.00298311
0.0030379
0.00309303
0.0031485
0.0032043
0.00326042
0.00331687
0.00337365
0.00343075
0.00348816
0.00354589
0.00360393
0.00366229
0.00372095
0.00377992
0.00383919
0.00389876
0.00395863
0.00401879
0.00407925
0.00414
0.00420104
0.00426236
0.00432397
0.00438586
0.00444803
0.00451048
0.00457321
0.00463621
0.00469948
0.00476302
0.00482683
0.00489091
0.00495525
0.00501985
0.00508471
0.00514983
0.0052152
0.00528084
0.00534672
0.00541285
0.00547924
0.00554587
0.00561275
0.00567987
0.00574724
0.00581484
0.00588269
0.00595077
0.00601909
0.00608764
0.00615643
0.00622544
0.00629469
0.00636417
0.00643387
0.0065038
0.00657395
0.00664433
0.00671492
0.00678574
0.00685677
0.00692803
0.00699949
0.00707118
0.00714307
0.00721518
0.00728749
0.00736002
0.00743276
0.0075057
0.00757884
0.00765219
0.00772575
0.0077995
0.00787346
0.00794762
0.00802197
0.00809652
0.00817127
0.00824621
0.00832135
0.00839668
0.0084722
0.00854791
0.00862381
0.0086999
0.00877618
0.00885265
0.00892929
0.00900613
0.00908315
0.00916035
0.00923773
0.00931529
0.00939303
0.00947095
0.00954905
0.00962732
0.00970577
0.0097844
0.0098632
0.00994217
0.0100213
0.0101006
0.0101801
0.0102598
0.0103396
0.0104196
0.0104998
0.0105801
0.0106606
0.0107412
0.0108221
0.010903
0.0109842
0.0110655
0.011147
0.0112286
0.0113104
0.0113923
0.0114744
0.0115567
0.0116391
0.0117217
0.0118044
0.0118873
0.0119704
0.0120536
0.0121369
0.0122204
0.012304
0.0123878
0.0124718
0.0125559
0.0126401
0.0127245
0.0128091
0.0128938
0.0129786
0.0130636
0.0131487
0.013234
0.0133194
0.0134049
0.0134906
0.0135764
0.0136624
0.0137485
0.0138348
0.0139212
0.0140077
0.0140944
0.0141812
0.0142682
0.0143553
0.0144425
0.0145298
0.0146173
0.014705
0.0147927
0.0148806
0.0149687
0.0150568
0.0151451
0.0152335
0.0153221
0.0154108
0.0154996
0.0155886
0.0156776
0.0157669
0.0158562
0.0159457
0.0160352
0.016125
0.0162148
0.0163048
0.0163949
0.0164851
0.0165755
0.0166659
0.0167565
0.0168472
0.0169381
0.0170291
0.0171201
0.0172114
0.0173027
0.0173941
0.0174857
0.0175774
0.0176692
0.0177612
0.0178532
0.0179454
0.0180377
0.0181301
0.0182226
0.0183153
0.018408
0.0185009
0.0185939
0.018687
0.0187803
0.0188736
0.0189671
0.0190607
0.0191544
0.0192482
0.0193421
0.0194361
0.0195303
0.0196245
0.0197189
0.0198134
0.019908
0.0200027
0.0200975
0.0201924
0.0202875
0.0203826
0.0204779
0.0205733
0.0206687
0.0207643
0.02086
0.0209559
0.0210518
0.0211478
0.0212439
0.0213402
0.0214365
0.021533
0.0216296
0.0217262
0.021823
0.0219199
0.0220169
0.022114
0.0222112
0.0223085
0.0224059
0.0225034
0.0226011
0.0226988
0.0227966
0.0228946
0.0229926
0.0230907
0.023189
0.0232873
0.0233858
0.0234844
0.023583
0.0236818
0.0237806
0.0238796
0.0239787
0.0240778
0.0241771
0.0242765
0.0243759
0.0244755
0.0245752
0.024675
0.0247748
0.0248748
0.0249749
0.0250751
0.0251753
0.0252757
0.0253762
0.0254768
0.0255774
0.0256782
0.0257791
0.02588
0.0259811
0.0260822
0.0261835
0.0262849
0.0263863
0.0264879
0.0265895
0.0266913
0.0267931
0.026895
0.0269971
0.0270992
0.0272014
0.0273038
0.0274062
0.0275087
0.0276113
0.027714
0.0278168
0.0279197
0.0280227
0.0281258
0.028229
0.0283323
0.0284357
0.0285391
0.0286427
0.0287464
0.0288501
0.028954
0.0290579
0.029162
0.0292661
0.0293703
0.0294747
0.0295791
0.0296836
0.0297882
0.0298929
0.0299977
0.0301026
0.0302075
0.0303126
0.0304178
0.030523
0.0306284
0.0307338
0.0308394
0.030945
0.0310507
0.0311565
0.0312625
0.0313685
0.0314746
0.0315807
0.031687
0.0317934
0.0318999
0.0320064
0.0321131
0.0322198
0.0323267
0.0324336
0.0325406
0.0326477
0.0327549
0.0328622
0.0329696
0.0330771
0.0331847
0.0332924
0.0334001
0.033508
0.0336159
0.033724
0.0338321
0.0339403
0.0340486
0.034157
0.0342656
0.0343741
0.0344828
0.0345916
0.0347005
0.0348095
0.0349185
0.0350277
0.0351369
0.0352462
0.0353557
0.0354652
0.0355748
0.0356845
0.0357943
0.0359042
0.0360142
0.0361243
0.0362345
0.0363448
0.0364551
0.0365656
0.0366761
0.0367868
0.0368975
0.0370084
0.0371193
0.0372303
0.0373414
0.0374527
0.037564
0.0376754
0.0377869
0.0378985
0.0380102
0.038122
0.0382338
0.0383458
0.0384579
0.0385701
0.0386824
0.0387947
0.0389072
0.0390198
0.0391324
0.0392452
0.0393581
0.039471
0.0395841
0.0396972
0.0398105
0.0399239
0.0400373
0.0401509
0.0402645
0.0403783
0.0404922
0.0406061
0.0407202
0.0408344
0.0409487
0.041063
0.0411775
0.0412921
0.0414068
0.0415216
0.0416365
0.0417515
0.0418667
0.0419819
0.0420972
0.0422127
0.0423282
0.0424439
0.0425597
0.0426756
0.0427916
0.0429077
0.0430239
0.0431403
0.0432568
0.0433733
0.04349
0.0436069
0.0437238
0.0438408
0.043958
0.0440753
0.0441927
0.0443103
0.044428
0.0445458
0.0446637
0.0447817
0.0448999
0.0450183
0.0451367
0.0452553
0.045374
0.0454929
0.0456119
0.045731
0.0458503
0.0459698
0.0460893
0.0462091
0.0463289
0.046449
0.0465692
0.0466895
0.04681
0.0469307
0.0470515
0.0471725
0.0472937
0.0474151
0.0475366
0.0476583
0.0477802
0.0479023
0.0480245
0.048147
0.0482697
0.0483925
0.0485156
0.0486389
0.0487624
0.0488861
0.0490101
0.0491343
0.0492587
0.0493834
0.0495083
0.0496335
0.049759
0.0498847
0.0500108
0.0501371
0.0502637
0.0503906
0.0505178
0.0506454
0.0507733
0.0509016
0.0510302
0.0511592
0.0512886
0.0514185
0.0515487
0.0516794
0.0518105
0.0519421
0.0520742
0.0522069
0.0523401
0.0524738
0.0526081
0.0527431
0.0528787
0.053015
0.053152
0.0532898
0.0534284
0.0535678
0.0537081
0.0538494
0.0539916
0.0541349
0.0542793
0.0544249
0.0545717
0.05472
0.0548696
0.0550208
0.0551736
0.0553281
0.0554846
0.0556431
0.0558038
0.0559669
0.0561325
0.0563009
0.0564723
0.056647
0.0568253
0.0570075
0.057194
0.0573853
0.0575818
0.0577841
0.0579928
0.0582087
0.0584327
0.0586657
0.0589089
0.0591636
0.0594315
0.0597145
0.0600149
0.0603356
0.0606798
0.061052
0.0614574
0.0619026
0.0623964
0.0629499
0.0635782
0.0643016
0.0651486
0.0661601
0.0673968
0.0689537
0.0709864
0.0737696
0.0778351
0.0843548
0.0964784
0.125813
0.312498
0.318929
0.288318
0.250406
0.222913
0.211649
0.210419
0.213566
0.218534
0.224258
0.230095
0.235447
0.239693
0.242262
0.242802
0.241372
0.238527
0.235167
0.232202
0.230247
0.229499
0.229817
0.23087
0.232276
0.233682
0.234815
0.235509
0.235708
0.235463
0.234909
0.234222
0.233571
0.233087
0.232836
0.232821
0.232997
0.23329
0.233619
0.233912
0.234121
0.234222
0.234218
0.234133
0.233999
0.233856
0.233733
0.233651
0.233616
0.233625
0.233665
0.23372
0.233774
0.233816
0.233838
0.233839
0.233824
0.233799
0.233771
0.233748
0.233735
0.233733
0.233742
0.233759
0.233781
0.233803
0.233823
0.233837
0.233845
0.233847
0.233844
0.233838
0.233831
0.233824
0.233818
0.233813
0.233811
0.233809
0.233809
0.233809
0.233809
0.23381
0.23381
0.23381
0.233811
0.233812
0.233815
0.233818
0.233822
0.233826
0.23383
0.233835
0.233839
0.233842
0.233844
0.233846
0.233846
0.233846
0.233846
0.233845
0.233844
0.233842
0.233841
0.233841
0.23384
0.23384
0.23384
0.233841
0.233842
0.233843
0.233844
0.233846
0.233848
0.23385
0.233852
0.233854
0.233856
0.233857
0.233859
0.23386
0.233861
0.233861
0.233861
0.233862
0.233862
0.233861
0.233861
0.233861
0.233861
0.233861
0.233862
0.233862
0.233863
0.233864
0.233865
0.233867
0.233868
0.23387
0.233871
0.233873
0.233875
0.233876
0.233878
0.233879
0.23388
0.233881
0.233882
0.233883
0.233884
0.233884
0.233885
0.233885
0.233886
0.233886
0.233887
0.233888
0.233889
0.23389
0.23389
0.233892
0.233893
0.233894
0.233895
0.233897
0.233898
0.233899
0.2339
0.233902
0.233903
0.233904
0.233905
0.233906
0.233907
0.233908
0.233909
0.23391
0.233911
0.233911
0.233912
0.233913
0.233914
0.233915
0.233916
0.233917
0.233918
0.233919
0.23392
0.233921
0.233923
0.233924
0.233925
0.233926
0.233927
0.233929
0.23393
0.233931
0.233932
0.233933
0.233934
0.233935
0.233936
0.233937
0.233938
0.233939
0.23394
0.233941
0.233941
0.233942
0.233943
0.233944
0.233945
0.233946
0.233947
0.233948
0.233949
0.23395
0.233951
0.233952
0.233953
0.233954
0.233955
0.233956
0.233957
0.233958
0.233959
0.23396
0.233961
0.233962
0.233963
0.233964
0.233965
0.233966
0.233967
0.233968
0.233969
0.23397
0.233971
0.233972
0.233973
0.233974
0.233975
0.233977
0.233978
0.233979
0.23398
0.233981
0.233982
0.233983
0.233984
0.233985
0.233986
0.233987
0.233988
0.233989
0.233991
0.233992
0.233993
0.233994
0.233995
0.233996
0.233997
0.233998
0.233999
0.234001
0.234002
0.234003
0.234004
0.234005
0.234007
0.234008
0.234009
0.23401
0.234012
0.234013
0.234014
0.234015
0.234016
0.234018
0.234019
0.23402
0.234021
0.234023
0.234024
0.234025
0.234026
0.234027
0.234028
0.234029
0.234031
0.234032
0.234033
0.234034
0.234035
0.234036
0.234037
0.234038
0.234039
0.234039
0.23404
0.234041
0.234042
0.234043
0.234044
0.234045
0.234046
0.234046
0.234047
0.234048
0.234049
0.23405
0.234051
0.234052
0.234053
0.234054
0.234056
0.234057
0.234058
0.23406
0.234061
0.234063
0.234065
0.234066
0.234068
0.23407
0.234072
0.234074
0.234076
0.234078
0.234081
0.234083
0.234085
0.234088
0.23409
0.234093
0.234095
0.234097
)
;

boundaryField
{
    inlet
    {
        type            calculated;
        value           uniform 0;
    }
    outlet
    {
        type            calculated;
        value           uniform 0.2341;
    }
    emptyWalls
    {
        type            empty;
        value           nonuniform List<scalar> 0();
    }
}


// ************************************************************************* //
