/*--------------------------------*- C++ -*----------------------------------*\
  =========                 |
  \\      /  F ield         | OpenFOAM: The Open Source CFD Toolbox
   \\    /   O peration     | Website:  https://openfoam.org
    \\  /    A nd           | Version:  9
     \\/     M anipulation  |
\*---------------------------------------------------------------------------*/
FoamFile
{
    format      ascii;
    class       surfaceScalarField;
    location    "8.3";
    object      phic;
}
// * * * * * * * * * * * * * * * * * * * * * * * * * * * * * * * * * * * * * //

dimensions      [0 2 0 0 0 0 0];

internalField   nonuniform List<scalar> 
999
(
2.00943e-06
5.23186e-06
9.56305e-06
1.49472e-05
2.13456e-05
2.8728e-05
3.70688e-05
4.63457e-05
5.65384e-05
6.76283e-05
7.95983e-05
9.2432e-05
0.000106114
0.00012063
0.000135965
0.000152106
0.00016904
0.000186755
0.000205239
0.000224478
0.000244464
0.000265183
0.000286626
0.000308781
0.00033164
0.000355191
0.000379426
0.000404335
0.000429908
0.000456136
0.000483012
0.000510526
0.00053867
0.000567436
0.000596815
0.0006268
0.000657384
0.000688558
0.000720316
0.00075265
0.000785553
0.000819019
0.00085304
0.00088761
0.000922723
0.000958371
0.00099455
0.00103125
0.00106847
0.0011062
0.00114444
0.00118318
0.00122241
0.00126213
0.00130234
0.00134302
0.00138418
0.00142581
0.0014679
0.00151045
0.00155345
0.0015969
0.0016408
0.00168513
0.0017299
0.0017751
0.00182073
0.00186678
0.00191325
0.00196013
0.00200742
0.00205512
0.00210322
0.00215171
0.0022006
0.00224988
0.00229955
0.0023496
0.00240003
0.00245084
0.00250201
0.00255356
0.00260547
0.00265775
0.00271038
0.00276337
0.00281671
0.00287041
0.00292444
0.00297882
0.00303355
0.00308861
0.003144
0.00319973
0.00325578
0.00331216
0.00336887
0.00342589
0.00348323
0.00354089
0.00359886
0.00365714
0.00371573
0.00377463
0.00383382
0.00389332
0.00395312
0.00401321
0.00407359
0.00413427
0.00419523
0.00425648
0.00431802
0.00437983
0.00444193
0.00450431
0.00456696
0.00462988
0.00469308
0.00475655
0.00482028
0.00488428
0.00494854
0.00501307
0.00507786
0.0051429
0.0052082
0.00527376
0.00533956
0.00540562
0.00547193
0.00553849
0.00560529
0.00567234
0.00573962
0.00580715
0.00587492
0.00594293
0.00601117
0.00607965
0.00614836
0.0062173
0.00628647
0.00635587
0.0064255
0.00649535
0.00656543
0.00663572
0.00670625
0.00677698
0.00684794
0.00691912
0.00699051
0.00706212
0.00713393
0.00720596
0.00727821
0.00735066
0.00742331
0.00749618
0.00756925
0.00764252
0.007716
0.00778968
0.00786356
0.00793764
0.00801192
0.0080864
0.00816107
0.00823593
0.008311
0.00838625
0.00846169
0.00853733
0.00861316
0.00868917
0.00876537
0.00884176
0.00891834
0.00899509
0.00907204
0.00914916
0.00922647
0.00930395
0.00938162
0.00945947
0.00953749
0.00961569
0.00969406
0.00977261
0.00985134
0.00993024
0.0100093
0.0100886
0.010168
0.0102475
0.0103273
0.0104072
0.0104873
0.0105676
0.010648
0.0107286
0.0108093
0.0108902
0.0109713
0.0110525
0.0111339
0.0112155
0.0112972
0.0113791
0.0114611
0.0115433
0.0116257
0.0117082
0.0117908
0.0118736
0.0119566
0.0120397
0.012123
0.0122064
0.01229
0.0123737
0.0124576
0.0125416
0.0126258
0.0127101
0.0127946
0.0128792
0.012964
0.0130489
0.0131339
0.0132191
0.0133045
0.01339
0.0134756
0.0135614
0.0136473
0.0137333
0.0138195
0.0139058
0.0139923
0.0140789
0.0141657
0.0142525
0.0143396
0.0144267
0.014514
0.0146014
0.014689
0.0147767
0.0148645
0.0149525
0.0150406
0.0151288
0.0152172
0.0153057
0.0153943
0.0154831
0.0155719
0.015661
0.0157501
0.0158394
0.0159288
0.0160183
0.016108
0.0161977
0.0162876
0.0163777
0.0164678
0.0165581
0.0166485
0.0167391
0.0168297
0.0169205
0.0170114
0.0171024
0.0171936
0.0172849
0.0173763
0.0174678
0.0175594
0.0176512
0.0177431
0.017835
0.0179272
0.0180194
0.0181118
0.0182042
0.0182968
0.0183895
0.0184823
0.0185753
0.0186683
0.0187615
0.0188548
0.0189482
0.0190417
0.0191354
0.0192291
0.019323
0.019417
0.0195111
0.0196053
0.0196996
0.019794
0.0198885
0.0199832
0.020078
0.0201728
0.0202678
0.0203629
0.0204581
0.0205535
0.0206489
0.0207444
0.0208401
0.0209358
0.0210317
0.0211277
0.0212238
0.02132
0.0214163
0.0215127
0.0216092
0.0217058
0.0218026
0.0218994
0.0219963
0.0220934
0.0221905
0.0222878
0.0223852
0.0224826
0.0225802
0.0226779
0.0227757
0.0228736
0.0229716
0.0230697
0.0231679
0.0232662
0.0233646
0.0234631
0.0235617
0.0236604
0.0237593
0.0238582
0.0239572
0.0240563
0.0241555
0.0242549
0.0243543
0.0244538
0.0245535
0.0246532
0.024753
0.024853
0.024953
0.0250531
0.0251534
0.0252537
0.0253541
0.0254547
0.0255553
0.025656
0.0257569
0.0258578
0.0259588
0.0260599
0.0261612
0.0262625
0.0263639
0.0264654
0.026567
0.0266687
0.0267705
0.0268724
0.0269744
0.0270765
0.0271787
0.027281
0.0273834
0.0274859
0.0275885
0.0276912
0.0277939
0.0278968
0.0279998
0.0281028
0.028206
0.0283092
0.0284126
0.028516
0.0286196
0.0287232
0.0288269
0.0289308
0.0290347
0.0291387
0.0292428
0.029347
0.0294513
0.0295557
0.0296602
0.0297647
0.0298694
0.0299742
0.030079
0.030184
0.030289
0.0303942
0.0304994
0.0306047
0.0307102
0.0308157
0.0309213
0.031027
0.0311328
0.0312387
0.0313447
0.0314507
0.0315569
0.0316632
0.0317695
0.031876
0.0319825
0.0320891
0.0321959
0.0323027
0.0324096
0.0325166
0.0326237
0.0327309
0.0328382
0.0329455
0.033053
0.0331606
0.0332682
0.033376
0.0334838
0.0335917
0.0336998
0.0338079
0.0339161
0.0340244
0.0341328
0.0342413
0.0343499
0.0344585
0.0345673
0.0346762
0.0347851
0.0348942
0.0350033
0.0351126
0.0352219
0.0353313
0.0354408
0.0355504
0.0356601
0.0357699
0.0358798
0.0359898
0.0360999
0.03621
0.0363203
0.0364307
0.0365411
0.0366517
0.0367623
0.036873
0.0369839
0.0370948
0.0372058
0.0373169
0.0374282
0.0375395
0.0376509
0.0377624
0.037874
0.0379857
0.0380974
0.0382093
0.0383213
0.0384334
0.0385456
0.0386578
0.0387702
0.0388827
0.0389952
0.0391079
0.0392207
0.0393335
0.0394465
0.0395596
0.0396727
0.039786
0.0398993
0.0400128
0.0401264
0.04024
0.0403538
0.0404677
0.0405817
0.0406957
0.0408099
0.0409242
0.0410386
0.0411531
0.0412677
0.0413824
0.0414972
0.0416121
0.0417271
0.0418423
0.0419575
0.0420728
0.0421883
0.0423039
0.0424195
0.0425353
0.0426512
0.0427673
0.0428834
0.0429996
0.043116
0.0432325
0.0433491
0.0434658
0.0435826
0.0436995
0.0438166
0.0439338
0.0440511
0.0441685
0.0442861
0.0444038
0.0445216
0.0446396
0.0447576
0.0448758
0.0449942
0.0451126
0.0452312
0.04535
0.0454689
0.0455879
0.045707
0.0458264
0.0459458
0.0460654
0.0461852
0.0463051
0.0464251
0.0465453
0.0466657
0.0467862
0.0469069
0.0470278
0.0471488
0.04727
0.0473913
0.0475129
0.0476346
0.0477565
0.0478786
0.0480009
0.0481234
0.0482461
0.048369
0.0484921
0.0486154
0.048739
0.0488627
0.0489867
0.0491109
0.0492354
0.0493601
0.0494851
0.0496103
0.0497358
0.0498615
0.0499876
0.0501139
0.0502406
0.0503675
0.0504948
0.0506224
0.0507503
0.0508786
0.0510073
0.0511363
0.0512658
0.0513956
0.0515259
0.0516566
0.0517877
0.0519194
0.0520515
0.0521842
0.0523174
0.0524512
0.0525855
0.0527205
0.0528562
0.0529925
0.0531295
0.0532673
0.0534059
0.0535454
0.0536857
0.053827
0.0539692
0.0541125
0.0542569
0.0544025
0.0545494
0.0546976
0.0548472
0.0549984
0.0551512
0.0553058
0.0554622
0.0556207
0.0557813
0.0559443
0.0561099
0.0562782
0.0564496
0.0566242
0.0568024
0.0569844
0.0571708
0.0573619
0.0575582
0.0577603
0.0579687
0.0581844
0.0584079
0.0586405
0.0588832
0.0591373
0.0594045
0.0596867
0.0599862
0.0603057
0.0606486
0.0610192
0.0614225
0.0618654
0.0623561
0.0629059
0.0635294
0.0642466
0.0650854
0.0660857
0.0673069
0.0688411
0.0708391
0.0735658
0.0775298
0.0838443
0.0954619
0.122993
0.270575
0.294137
0.290672
0.273749
0.247205
0.224807
0.214217
0.21255
0.21539
0.220172
0.225661
0.231139
0.236012
0.239711
0.241757
0.241914
0.240343
0.237623
0.234585
0.232012
0.230396
0.229868
0.230272
0.231297
0.232597
0.233856
0.234837
0.235401
0.235513
0.235234
0.234697
0.234062
0.233482
0.233066
0.232864
0.232874
0.233047
0.233315
0.233604
0.233853
0.234021
0.23409
0.234067
0.233978
0.233854
0.23373
0.233632
0.233576
0.233568
0.2336
0.233659
0.23373
0.233797
0.233849
0.23388
0.233889
0.233878
0.233855
0.233827
0.2338
0.233779
0.233766
0.233762
0.233764
0.233771
0.233779
0.233786
0.233791
0.233792
0.233791
0.233789
0.233786
0.233785
0.233785
0.233788
0.233793
0.2338
0.233807
0.233814
0.23382
0.233825
0.233827
0.233828
0.233827
0.233824
0.233821
0.233818
0.233815
0.233812
0.233809
0.233808
0.233807
0.233806
0.233807
0.233807
0.233809
0.233811
0.233813
0.233816
0.233819
0.233823
0.233827
0.23383
0.233834
0.233837
0.23384
0.233842
0.233844
0.233845
0.233846
0.233846
0.233846
0.233846
0.233845
0.233845
0.233844
0.233844
0.233844
0.233844
0.233844
0.233845
0.233846
0.233847
0.233848
0.233849
0.233851
0.233853
0.233854
0.233856
0.233857
0.233858
0.233859
0.23386
0.233861
0.233862
0.233862
0.233863
0.233863
0.233863
0.233863
0.233864
0.233864
0.233864
0.233865
0.233866
0.233867
0.233867
0.233868
0.23387
0.233871
0.233872
0.233873
0.233874
0.233876
0.233877
0.233878
0.233879
0.23388
0.233881
0.233881
0.233882
0.233883
0.233884
0.233884
0.233885
0.233886
0.233886
0.233887
0.233888
0.233889
0.23389
0.233892
0.233893
0.233894
0.233896
0.233897
0.233899
0.2339
0.233901
0.233903
0.233904
0.233906
0.233907
0.233908
0.233909
0.23391
0.233912
0.233913
0.233914
0.233914
0.233915
0.233916
0.233917
0.233918
0.233919
0.23392
0.23392
0.233921
0.233922
0.233923
0.233924
0.233925
0.233925
0.233926
0.233927
0.233928
0.233929
0.233929
0.23393
0.233931
0.233932
0.233932
0.233933
0.233934
0.233935
0.233936
0.233936
0.233937
0.233938
0.233939
0.23394
0.233941
0.233942
0.233943
0.233945
0.233946
0.233947
0.233948
0.23395
0.233951
0.233952
0.233953
0.233955
0.233956
0.233957
0.233958
0.23396
0.233961
0.233962
0.233963
0.233964
0.233965
0.233967
0.233968
0.233969
0.23397
0.233971
0.233972
0.233973
0.233974
0.233975
0.233976
0.233978
0.233979
0.23398
0.233981
0.233982
0.233983
0.233984
0.233984
0.233985
0.233986
0.233987
0.233988
0.233989
0.23399
0.233991
0.233992
0.233993
0.233994
0.233995
0.233996
0.233997
0.233998
0.233999
0.234
0.234002
0.234003
0.234004
0.234005
0.234006
0.234007
0.234008
0.234009
0.23401
0.234011
0.234012
0.234013
0.234014
0.234015
0.234016
0.234017
0.234018
0.234019
0.23402
0.234021
0.234022
0.234023
0.234025
0.234026
0.234027
0.234028
0.234029
0.23403
0.234031
0.234032
0.234033
0.234034
0.234035
0.234037
0.234038
0.234039
0.23404
0.234042
0.234043
0.234044
0.234046
0.234047
0.234048
0.23405
0.234051
0.234053
0.234055
0.234056
0.234058
0.23406
0.234062
0.234063
0.234065
0.234067
0.234069
0.234071
0.234073
0.234075
0.234077
)
;

boundaryField
{
    inlet
    {
        type            calculated;
        value           uniform 0;
    }
    outlet
    {
        type            calculated;
        value           uniform 0.234079;
    }
    emptyWalls
    {
        type            empty;
        value           nonuniform List<scalar> 0();
    }
}


// ************************************************************************* //
