/*--------------------------------*- C++ -*----------------------------------*\
  =========                 |
  \\      /  F ield         | OpenFOAM: The Open Source CFD Toolbox
   \\    /   O peration     | Website:  https://openfoam.org
    \\  /    A nd           | Version:  9
     \\/     M anipulation  |
\*---------------------------------------------------------------------------*/
FoamFile
{
    format      ascii;
    class       volVectorField;
    location    "6.9";
    object      Uc;
}
// * * * * * * * * * * * * * * * * * * * * * * * * * * * * * * * * * * * * * //

dimensions      [0 0 0 0 0 0 0];

internalField   nonuniform List<vector> 
1000
(
(1.44248e-06 0 0)
(5.19429e-06 0 0)
(1.06026e-05 0 0)
(1.75479e-05 0 0)
(2.59584e-05 0 0)
(3.57808e-05 0 0)
(4.69714e-05 0 0)
(5.94928e-05 0 0)
(7.33113e-05 0 0)
(8.83962e-05 0 0)
(0.000104719 0 0)
(0.000122254 0 0)
(0.000140974 0 0)
(0.000160858 0 0)
(0.000181881 0 0)
(0.000204022 0 0)
(0.000227261 0 0)
(0.000251577 0 0)
(0.000276951 0 0)
(0.000303364 0 0)
(0.000330798 0 0)
(0.000359236 0 0)
(0.000388661 0 0)
(0.000419057 0 0)
(0.000450407 0 0)
(0.000482696 0 0)
(0.00051591 0 0)
(0.000550033 0 0)
(0.000585051 0 0)
(0.000620951 0 0)
(0.000657719 0 0)
(0.000695342 0 0)
(0.000733807 0 0)
(0.000773103 0 0)
(0.000813215 0 0)
(0.000854134 0 0)
(0.000895847 0 0)
(0.000938342 0 0)
(0.00098161 0 0)
(0.00102564 0 0)
(0.00107042 0 0)
(0.00111594 0 0)
(0.00116219 0 0)
(0.00120916 0 0)
(0.00125684 0 0)
(0.00130522 0 0)
(0.0013543 0 0)
(0.00140406 0 0)
(0.00145449 0 0)
(0.00150559 0 0)
(0.00155735 0 0)
(0.00160975 0 0)
(0.0016628 0 0)
(0.00171648 0 0)
(0.00177079 0 0)
(0.00182571 0 0)
(0.00188125 0 0)
(0.00193738 0 0)
(0.00199412 0 0)
(0.00205144 0 0)
(0.00210935 0 0)
(0.00216783 0 0)
(0.00222688 0 0)
(0.00228649 0 0)
(0.00234665 0 0)
(0.00240737 0 0)
(0.00246863 0 0)
(0.00253043 0 0)
(0.00259276 0 0)
(0.00265561 0 0)
(0.00271899 0 0)
(0.00278288 0 0)
(0.00284727 0 0)
(0.00291218 0 0)
(0.00297758 0 0)
(0.00304347 0 0)
(0.00310985 0 0)
(0.00317671 0 0)
(0.00324406 0 0)
(0.00331187 0 0)
(0.00338016 0 0)
(0.0034489 0 0)
(0.00351811 0 0)
(0.00358777 0 0)
(0.00365788 0 0)
(0.00372844 0 0)
(0.00379943 0 0)
(0.00387087 0 0)
(0.00394273 0 0)
(0.00401503 0 0)
(0.00408775 0 0)
(0.00416089 0 0)
(0.00423445 0 0)
(0.00430842 0 0)
(0.0043828 0 0)
(0.00445759 0 0)
(0.00453278 0 0)
(0.00460836 0 0)
(0.00468434 0 0)
(0.00476072 0 0)
(0.00483747 0 0)
(0.00491462 0 0)
(0.00499214 0 0)
(0.00507005 0 0)
(0.00514832 0 0)
(0.00522697 0 0)
(0.00530599 0 0)
(0.00538537 0 0)
(0.00546511 0 0)
(0.00554521 0 0)
(0.00562567 0 0)
(0.00570648 0 0)
(0.00578764 0 0)
(0.00586915 0 0)
(0.005951 0 0)
(0.00603319 0 0)
(0.00611572 0 0)
(0.00619859 0 0)
(0.0062818 0 0)
(0.00636533 0 0)
(0.00644919 0 0)
(0.00653338 0 0)
(0.00661789 0 0)
(0.00670272 0 0)
(0.00678787 0 0)
(0.00687334 0 0)
(0.00695912 0 0)
(0.00704521 0 0)
(0.00713162 0 0)
(0.00721832 0 0)
(0.00730534 0 0)
(0.00739265 0 0)
(0.00748027 0 0)
(0.00756818 0 0)
(0.00765639 0 0)
(0.00774489 0 0)
(0.00783369 0 0)
(0.00792277 0 0)
(0.00801215 0 0)
(0.00810181 0 0)
(0.00819175 0 0)
(0.00828197 0 0)
(0.00837248 0 0)
(0.00846326 0 0)
(0.00855432 0 0)
(0.00864565 0 0)
(0.00873725 0 0)
(0.00882913 0 0)
(0.00892127 0 0)
(0.00901369 0 0)
(0.00910636 0 0)
(0.00919931 0 0)
(0.00929251 0 0)
(0.00938597 0 0)
(0.0094797 0 0)
(0.00957368 0 0)
(0.00966791 0 0)
(0.0097624 0 0)
(0.00985714 0 0)
(0.00995214 0 0)
(0.0100474 0 0)
(0.0101429 0 0)
(0.0102386 0 0)
(0.0103346 0 0)
(0.0104308 0 0)
(0.0105273 0 0)
(0.010624 0 0)
(0.0107209 0 0)
(0.0108181 0 0)
(0.0109155 0 0)
(0.0110132 0 0)
(0.0111111 0 0)
(0.0112092 0 0)
(0.0113076 0 0)
(0.0114062 0 0)
(0.011505 0 0)
(0.011604 0 0)
(0.0117033 0 0)
(0.0118028 0 0)
(0.0119025 0 0)
(0.0120024 0 0)
(0.0121026 0 0)
(0.012203 0 0)
(0.0123035 0 0)
(0.0124044 0 0)
(0.0125054 0 0)
(0.0126066 0 0)
(0.0127081 0 0)
(0.0128098 0 0)
(0.0129117 0 0)
(0.0130138 0 0)
(0.0131161 0 0)
(0.0132186 0 0)
(0.0133213 0 0)
(0.0134243 0 0)
(0.0135274 0 0)
(0.0136307 0 0)
(0.0137343 0 0)
(0.013838 0 0)
(0.013942 0 0)
(0.0140461 0 0)
(0.0141505 0 0)
(0.0142551 0 0)
(0.0143598 0 0)
(0.0144648 0 0)
(0.0145699 0 0)
(0.0146753 0 0)
(0.0147808 0 0)
(0.0148865 0 0)
(0.0149924 0 0)
(0.0150986 0 0)
(0.0152049 0 0)
(0.0153114 0 0)
(0.0154181 0 0)
(0.0155249 0 0)
(0.015632 0 0)
(0.0157392 0 0)
(0.0158467 0 0)
(0.0159543 0 0)
(0.0160621 0 0)
(0.0161701 0 0)
(0.0162783 0 0)
(0.0163866 0 0)
(0.0164952 0 0)
(0.0166039 0 0)
(0.0167128 0 0)
(0.0168219 0 0)
(0.0169312 0 0)
(0.0170406 0 0)
(0.0171502 0 0)
(0.01726 0 0)
(0.01737 0 0)
(0.0174801 0 0)
(0.0175904 0 0)
(0.0177009 0 0)
(0.0178116 0 0)
(0.0179224 0 0)
(0.0180335 0 0)
(0.0181446 0 0)
(0.018256 0 0)
(0.0183675 0 0)
(0.0184792 0 0)
(0.0185911 0 0)
(0.0187031 0 0)
(0.0188153 0 0)
(0.0189277 0 0)
(0.0190402 0 0)
(0.0191529 0 0)
(0.0192658 0 0)
(0.0193788 0 0)
(0.019492 0 0)
(0.0196054 0 0)
(0.0197189 0 0)
(0.0198326 0 0)
(0.0199465 0 0)
(0.0200605 0 0)
(0.0201747 0 0)
(0.020289 0 0)
(0.0204035 0 0)
(0.0205182 0 0)
(0.020633 0 0)
(0.020748 0 0)
(0.0208631 0 0)
(0.0209784 0 0)
(0.0210938 0 0)
(0.0212094 0 0)
(0.0213252 0 0)
(0.0214411 0 0)
(0.0215572 0 0)
(0.0216734 0 0)
(0.0217898 0 0)
(0.0219064 0 0)
(0.0220231 0 0)
(0.0221399 0 0)
(0.0222569 0 0)
(0.0223741 0 0)
(0.0224914 0 0)
(0.0226089 0 0)
(0.0227265 0 0)
(0.0228442 0 0)
(0.0229621 0 0)
(0.0230802 0 0)
(0.0231984 0 0)
(0.0233168 0 0)
(0.0234353 0 0)
(0.023554 0 0)
(0.0236728 0 0)
(0.0237917 0 0)
(0.0239109 0 0)
(0.0240301 0 0)
(0.0241495 0 0)
(0.0242691 0 0)
(0.0243888 0 0)
(0.0245086 0 0)
(0.0246286 0 0)
(0.0247487 0 0)
(0.024869 0 0)
(0.0249895 0 0)
(0.02511 0 0)
(0.0252307 0 0)
(0.0253516 0 0)
(0.0254726 0 0)
(0.0255938 0 0)
(0.025715 0 0)
(0.0258365 0 0)
(0.0259581 0 0)
(0.0260798 0 0)
(0.0262016 0 0)
(0.0263237 0 0)
(0.0264458 0 0)
(0.0265681 0 0)
(0.0266905 0 0)
(0.0268131 0 0)
(0.0269358 0 0)
(0.0270587 0 0)
(0.0271816 0 0)
(0.0273048 0 0)
(0.0274281 0 0)
(0.0275515 0 0)
(0.027675 0 0)
(0.0277987 0 0)
(0.0279225 0 0)
(0.0280465 0 0)
(0.0281706 0 0)
(0.0282949 0 0)
(0.0284193 0 0)
(0.0285438 0 0)
(0.0286685 0 0)
(0.0287933 0 0)
(0.0289182 0 0)
(0.0290433 0 0)
(0.0291685 0 0)
(0.0292938 0 0)
(0.0294193 0 0)
(0.029545 0 0)
(0.0296707 0 0)
(0.0297966 0 0)
(0.0299227 0 0)
(0.0300488 0 0)
(0.0301751 0 0)
(0.0303016 0 0)
(0.0304282 0 0)
(0.0305549 0 0)
(0.0306818 0 0)
(0.0308087 0 0)
(0.0309359 0 0)
(0.0310631 0 0)
(0.0311905 0 0)
(0.0313181 0 0)
(0.0314457 0 0)
(0.0315735 0 0)
(0.0317015 0 0)
(0.0318296 0 0)
(0.0319578 0 0)
(0.0320861 0 0)
(0.0322146 0 0)
(0.0323432 0 0)
(0.032472 0 0)
(0.0326009 0 0)
(0.0327299 0 0)
(0.0328591 0 0)
(0.0329884 0 0)
(0.0331178 0 0)
(0.0332474 0 0)
(0.0333771 0 0)
(0.0335069 0 0)
(0.0336369 0 0)
(0.033767 0 0)
(0.0338972 0 0)
(0.0340276 0 0)
(0.0341581 0 0)
(0.0342888 0 0)
(0.0344196 0 0)
(0.0345505 0 0)
(0.0346816 0 0)
(0.0348128 0 0)
(0.0349441 0 0)
(0.0350756 0 0)
(0.0352072 0 0)
(0.0353389 0 0)
(0.0354708 0 0)
(0.0356028 0 0)
(0.035735 0 0)
(0.0358673 0 0)
(0.0359997 0 0)
(0.0361323 0 0)
(0.036265 0 0)
(0.0363978 0 0)
(0.0365308 0 0)
(0.0366639 0 0)
(0.0367972 0 0)
(0.0369306 0 0)
(0.0370641 0 0)
(0.0371978 0 0)
(0.0373316 0 0)
(0.0374656 0 0)
(0.0375997 0 0)
(0.0377339 0 0)
(0.0378683 0 0)
(0.0380029 0 0)
(0.0381375 0 0)
(0.0382723 0 0)
(0.0384073 0 0)
(0.0385424 0 0)
(0.0386776 0 0)
(0.038813 0 0)
(0.0389485 0 0)
(0.0390842 0 0)
(0.03922 0 0)
(0.039356 0 0)
(0.0394921 0 0)
(0.0396284 0 0)
(0.0397648 0 0)
(0.0399014 0 0)
(0.0400381 0 0)
(0.040175 0 0)
(0.040312 0 0)
(0.0404491 0 0)
(0.0405865 0 0)
(0.0407239 0 0)
(0.0408616 0 0)
(0.0409993 0 0)
(0.0411373 0 0)
(0.0412754 0 0)
(0.0414136 0 0)
(0.041552 0 0)
(0.0416906 0 0)
(0.0418294 0 0)
(0.0419682 0 0)
(0.0421073 0 0)
(0.0422465 0 0)
(0.0423859 0 0)
(0.0425255 0 0)
(0.0426652 0 0)
(0.0428051 0 0)
(0.0429452 0 0)
(0.0430854 0 0)
(0.0432258 0 0)
(0.0433664 0 0)
(0.0435072 0 0)
(0.0436481 0 0)
(0.0437893 0 0)
(0.0439306 0 0)
(0.0440721 0 0)
(0.0442138 0 0)
(0.0443557 0 0)
(0.0444977 0 0)
(0.04464 0 0)
(0.0447825 0 0)
(0.0449251 0 0)
(0.045068 0 0)
(0.0452111 0 0)
(0.0453543 0 0)
(0.0454978 0 0)
(0.0456415 0 0)
(0.0457854 0 0)
(0.0459296 0 0)
(0.046074 0 0)
(0.0462186 0 0)
(0.0463634 0 0)
(0.0465084 0 0)
(0.0466538 0 0)
(0.0467993 0 0)
(0.0469451 0 0)
(0.0470912 0 0)
(0.0472375 0 0)
(0.0473841 0 0)
(0.047531 0 0)
(0.0476781 0 0)
(0.0478255 0 0)
(0.0479733 0 0)
(0.0481213 0 0)
(0.0482696 0 0)
(0.0484183 0 0)
(0.0485672 0 0)
(0.0487165 0 0)
(0.0488662 0 0)
(0.0490162 0 0)
(0.0491665 0 0)
(0.0493173 0 0)
(0.0494684 0 0)
(0.0496199 0 0)
(0.0497719 0 0)
(0.0499242 0 0)
(0.050077 0 0)
(0.0502303 0 0)
(0.050384 0 0)
(0.0505382 0 0)
(0.050693 0 0)
(0.0508482 0 0)
(0.0510041 0 0)
(0.0511605 0 0)
(0.0513175 0 0)
(0.0514751 0 0)
(0.0516334 0 0)
(0.0517924 0 0)
(0.0519521 0 0)
(0.0521125 0 0)
(0.0522738 0 0)
(0.0524359 0 0)
(0.0525989 0 0)
(0.0527628 0 0)
(0.0529277 0 0)
(0.0530936 0 0)
(0.0532606 0 0)
(0.0534288 0 0)
(0.0535982 0 0)
(0.053769 0 0)
(0.0539411 0 0)
(0.0541148 0 0)
(0.05429 0 0)
(0.054467 0 0)
(0.0546458 0 0)
(0.0548265 0 0)
(0.0550094 0 0)
(0.0551946 0 0)
(0.0553822 0 0)
(0.0555725 0 0)
(0.0557657 0 0)
(0.0559621 0 0)
(0.056162 0 0)
(0.0563656 0 0)
(0.0565733 0 0)
(0.0567856 0 0)
(0.0570028 0 0)
(0.0572256 0 0)
(0.0574546 0 0)
(0.0576904 0 0)
(0.0579338 0 0)
(0.0581859 0 0)
(0.0584476 0 0)
(0.0587202 0 0)
(0.0590054 0 0)
(0.0593048 0 0)
(0.0596206 0 0)
(0.0599554 0 0)
(0.0603125 0 0)
(0.0606957 0 0)
(0.0611099 0 0)
(0.0615612 0 0)
(0.0620576 0 0)
(0.0626091 0 0)
(0.0632294 0 0)
(0.0639366 0 0)
(0.0647561 0 0)
(0.0657236 0 0)
(0.0668923 0 0)
(0.0683434 0 0)
(0.070209 0 0)
(0.0727172 0 0)
(0.0762999 0 0)
(0.0818824 0 0)
(0.09186 0 0)
(0.114757 0 0)
(0.286736 0 0)
(0.369471 0 0)
(0.257754 0 0)
(0.211872 0 0)
(0.205462 0 0)
(0.207853 0 0)
(0.211899 0 0)
(0.216982 0 0)
(0.222914 0 0)
(0.229207 0 0)
(0.2352 0 0)
(0.240155 0 0)
(0.243365 0 0)
(0.244332 0 0)
(0.243009 0 0)
(0.239935 0 0)
(0.236111 0 0)
(0.232619 0 0)
(0.230229 0 0)
(0.229225 0 0)
(0.229474 0 0)
(0.230607 0 0)
(0.232185 0 0)
(0.233803 0 0)
(0.235145 0 0)
(0.236008 0 0)
(0.236316 0 0)
(0.236113 0 0)
(0.235537 0 0)
(0.234783 0 0)
(0.234045 0 0)
(0.233477 0 0)
(0.233161 0 0)
(0.233112 0 0)
(0.233282 0 0)
(0.233591 0 0)
(0.23395 0 0)
(0.234276 0 0)
(0.234511 0 0)
(0.234628 0 0)
(0.234628 0 0)
(0.234535 0 0)
(0.234388 0 0)
(0.23423 0 0)
(0.234095 0 0)
(0.234007 0 0)
(0.233974 0 0)
(0.233994 0 0)
(0.23405 0 0)
(0.234124 0 0)
(0.234199 0 0)
(0.234259 0 0)
(0.234295 0 0)
(0.234307 0 0)
(0.234296 0 0)
(0.234271 0 0)
(0.234241 0 0)
(0.234212 0 0)
(0.234192 0 0)
(0.234183 0 0)
(0.234186 0 0)
(0.234197 0 0)
(0.234214 0 0)
(0.234231 0 0)
(0.234246 0 0)
(0.234257 0 0)
(0.234261 0 0)
(0.23426 0 0)
(0.234254 0 0)
(0.234246 0 0)
(0.234238 0 0)
(0.234231 0 0)
(0.234225 0 0)
(0.234222 0 0)
(0.234221 0 0)
(0.234221 0 0)
(0.234222 0 0)
(0.234223 0 0)
(0.234224 0 0)
(0.234223 0 0)
(0.234222 0 0)
(0.23422 0 0)
(0.234218 0 0)
(0.234216 0 0)
(0.234215 0 0)
(0.234215 0 0)
(0.234215 0 0)
(0.234216 0 0)
(0.234218 0 0)
(0.23422 0 0)
(0.234223 0 0)
(0.234225 0 0)
(0.234228 0 0)
(0.23423 0 0)
(0.234232 0 0)
(0.234234 0 0)
(0.234236 0 0)
(0.234237 0 0)
(0.234239 0 0)
(0.23424 0 0)
(0.234242 0 0)
(0.234243 0 0)
(0.234244 0 0)
(0.234245 0 0)
(0.234245 0 0)
(0.234245 0 0)
(0.234245 0 0)
(0.234244 0 0)
(0.234243 0 0)
(0.234242 0 0)
(0.234241 0 0)
(0.234239 0 0)
(0.234237 0 0)
(0.234235 0 0)
(0.234233 0 0)
(0.234231 0 0)
(0.234228 0 0)
(0.234226 0 0)
(0.234224 0 0)
(0.234221 0 0)
(0.234219 0 0)
(0.234217 0 0)
(0.234216 0 0)
(0.234214 0 0)
(0.234213 0 0)
(0.234213 0 0)
(0.234213 0 0)
(0.234213 0 0)
(0.234214 0 0)
(0.234216 0 0)
(0.234218 0 0)
(0.23422 0 0)
(0.234224 0 0)
(0.234227 0 0)
(0.234231 0 0)
(0.234235 0 0)
(0.234239 0 0)
(0.234244 0 0)
(0.234249 0 0)
(0.234254 0 0)
(0.234259 0 0)
(0.234264 0 0)
(0.234268 0 0)
(0.234273 0 0)
(0.234278 0 0)
(0.234282 0 0)
(0.234287 0 0)
(0.234291 0 0)
(0.234295 0 0)
(0.234298 0 0)
(0.234302 0 0)
(0.234305 0 0)
(0.234308 0 0)
(0.234311 0 0)
(0.234314 0 0)
(0.234316 0 0)
(0.234318 0 0)
(0.234321 0 0)
(0.234323 0 0)
(0.234325 0 0)
(0.234327 0 0)
(0.234329 0 0)
(0.234331 0 0)
(0.234332 0 0)
(0.234334 0 0)
(0.234336 0 0)
(0.234337 0 0)
(0.234339 0 0)
(0.23434 0 0)
(0.234342 0 0)
(0.234343 0 0)
(0.234345 0 0)
(0.234346 0 0)
(0.234348 0 0)
(0.234349 0 0)
(0.234351 0 0)
(0.234352 0 0)
(0.234354 0 0)
(0.234355 0 0)
(0.234357 0 0)
(0.234358 0 0)
(0.23436 0 0)
(0.234361 0 0)
(0.234362 0 0)
(0.234364 0 0)
(0.234365 0 0)
(0.234367 0 0)
(0.234368 0 0)
(0.234369 0 0)
(0.234371 0 0)
(0.234372 0 0)
(0.234373 0 0)
(0.234375 0 0)
(0.234376 0 0)
(0.234377 0 0)
(0.234379 0 0)
(0.23438 0 0)
(0.234381 0 0)
(0.234382 0 0)
(0.234383 0 0)
(0.234385 0 0)
(0.234386 0 0)
(0.234387 0 0)
(0.234388 0 0)
(0.234389 0 0)
(0.23439 0 0)
(0.234392 0 0)
(0.234393 0 0)
(0.234394 0 0)
(0.234395 0 0)
(0.234396 0 0)
(0.234398 0 0)
(0.234399 0 0)
(0.2344 0 0)
(0.234402 0 0)
(0.234403 0 0)
(0.234404 0 0)
(0.234406 0 0)
(0.234407 0 0)
(0.234409 0 0)
(0.23441 0 0)
(0.234412 0 0)
(0.234414 0 0)
(0.234415 0 0)
(0.234417 0 0)
(0.234418 0 0)
(0.23442 0 0)
(0.234422 0 0)
(0.234423 0 0)
(0.234425 0 0)
(0.234427 0 0)
(0.234429 0 0)
(0.23443 0 0)
(0.234432 0 0)
(0.234434 0 0)
(0.234436 0 0)
(0.234437 0 0)
(0.234439 0 0)
(0.234441 0 0)
(0.234442 0 0)
(0.234444 0 0)
(0.234446 0 0)
(0.234448 0 0)
(0.234449 0 0)
(0.234451 0 0)
(0.234453 0 0)
(0.234454 0 0)
(0.234456 0 0)
(0.234457 0 0)
(0.234459 0 0)
(0.23446 0 0)
(0.234462 0 0)
(0.234464 0 0)
(0.234465 0 0)
(0.234466 0 0)
(0.234468 0 0)
(0.234469 0 0)
(0.234471 0 0)
(0.234472 0 0)
(0.234474 0 0)
(0.234475 0 0)
(0.234477 0 0)
(0.234478 0 0)
(0.234479 0 0)
(0.234481 0 0)
(0.234482 0 0)
(0.234484 0 0)
(0.234485 0 0)
(0.234487 0 0)
(0.234488 0 0)
(0.23449 0 0)
(0.234491 0 0)
(0.234493 0 0)
(0.234494 0 0)
(0.234496 0 0)
(0.234498 0 0)
(0.2345 0 0)
(0.234502 0 0)
(0.234503 0 0)
(0.234505 0 0)
(0.234507 0 0)
(0.23451 0 0)
(0.234512 0 0)
(0.234514 0 0)
(0.234516 0 0)
(0.234519 0 0)
(0.234522 0 0)
(0.234524 0 0)
(0.234527 0 0)
(0.23453 0 0)
(0.234532 0 0)
(0.234535 0 0)
(0.234538 0 0)
(0.234541 0 0)
(0.234544 0 0)
(0.234548 0 0)
(0.234551 0 0)
(0.234554 0 0)
(0.234557 0 0)
(0.23456 0 0)
(0.234563 0 0)
(0.234566 0 0)
(0.234569 0 0)
(0.234572 0 0)
(0.234575 0 0)
(0.234578 0 0)
(0.23458 0 0)
(0.234583 0 0)
(0.234585 0 0)
(0.234588 0 0)
(0.23459 0 0)
(0.234592 0 0)
(0.234594 0 0)
(0.234596 0 0)
(0.234597 0 0)
(0.234599 0 0)
(0.2346 0 0)
(0.234601 0 0)
(0.234602 0 0)
(0.234603 0 0)
(0.234604 0 0)
(0.234605 0 0)
(0.234605 0 0)
(0.234606 0 0)
(0.234606 0 0)
(0.234606 0 0)
(0.234607 0 0)
(0.234607 0 0)
(0.234607 0 0)
(0.234607 0 0)
(0.234607 0 0)
(0.234607 0 0)
(0.234607 0 0)
(0.234607 0 0)
(0.234607 0 0)
(0.234607 0 0)
(0.234607 0 0)
(0.234608 0 0)
(0.234608 0 0)
(0.234608 0 0)
(0.234608 0 0)
(0.234609 0 0)
(0.234609 0 0)
(0.23461 0 0)
(0.23461 0 0)
(0.234611 0 0)
(0.234612 0 0)
(0.234612 0 0)
(0.234613 0 0)
(0.234614 0 0)
(0.234615 0 0)
(0.234616 0 0)
(0.234617 0 0)
(0.234618 0 0)
(0.234619 0 0)
(0.234621 0 0)
(0.234622 0 0)
(0.234623 0 0)
(0.234625 0 0)
(0.234626 0 0)
(0.234628 0 0)
(0.234629 0 0)
(0.234631 0 0)
(0.234632 0 0)
(0.234634 0 0)
(0.234635 0 0)
(0.234637 0 0)
(0.234639 0 0)
(0.23464 0 0)
(0.234642 0 0)
(0.234644 0 0)
(0.234646 0 0)
(0.234647 0 0)
(0.234649 0 0)
(0.234651 0 0)
(0.234653 0 0)
(0.234654 0 0)
(0.234656 0 0)
(0.234658 0 0)
(0.23466 0 0)
(0.234662 0 0)
(0.234664 0 0)
(0.234667 0 0)
(0.234678 0 0)
(0.234728 0 0)
(0.235008 0 0)
(0.236574 0 0)
(0.245057 0 0)
(0.280408 0 0)
(0.33548 0 0)
(0.36385 0 0)
(0.365344 0 0)
(0.365338 0 0)
(0.365335 0 0)
(0.365335 0 0)
(0.365336 0 0)
(0.365337 0 0)
(0.365338 0 0)
(0.365338 0 0)
(0.365338 0 0)
(0.365338 0 0)
(0.365338 0 0)
(0.365339 0 0)
(0.365339 0 0)
(0.365339 0 0)
(0.36534 0 0)
(0.36534 0 0)
(0.36534 0 0)
(0.365341 0 0)
(0.365341 0 0)
(0.365342 0 0)
(0.365343 0 0)
(0.365343 0 0)
(0.365344 0 0)
(0.365345 0 0)
(0.365345 0 0)
(0.365346 0 0)
(0.365347 0 0)
(0.365348 0 0)
(0.36535 0 0)
(0.365351 0 0)
(0.365352 0 0)
(0.365353 0 0)
(0.365355 0 0)
(0.365356 0 0)
(0.365358 0 0)
(0.36536 0 0)
(0.365362 0 0)
(0.365363 0 0)
(0.365365 0 0)
(0.365367 0 0)
(0.365369 0 0)
(0.365371 0 0)
(0.365374 0 0)
(0.365376 0 0)
(0.365378 0 0)
(0.36538 0 0)
(0.365382 0 0)
(0.365384 0 0)
(0.365386 0 0)
(0.365388 0 0)
(0.365389 0 0)
(0.365391 0 0)
(0.365393 0 0)
(0.365394 0 0)
(0.365395 0 0)
)
;

boundaryField
{
    inlet
    {
        type            fixedValue;
        value           uniform (0 0 0);
    }
    outlet
    {
        type            zeroGradient;
    }
    emptyWalls
    {
        type            empty;
    }
}


// ************************************************************************* //
