/*--------------------------------*- C++ -*----------------------------------*\
  =========                 |
  \\      /  F ield         | OpenFOAM: The Open Source CFD Toolbox
   \\    /   O peration     | Website:  https://openfoam.org
    \\  /    A nd           | Version:  9
     \\/     M anipulation  |
\*---------------------------------------------------------------------------*/
FoamFile
{
    format      ascii;
    class       surfaceScalarField;
    location    "95000";
    object      phia;
}
// * * * * * * * * * * * * * * * * * * * * * * * * * * * * * * * * * * * * * //

dimensions      [0 2 0 0 0 0 0];

internalField   nonuniform List<scalar> 
999
(
1.71429e-10
1.71428e-10
1.71428e-10
1.71428e-10
1.71427e-10
1.71426e-10
1.71426e-10
1.71425e-10
1.71424e-10
1.71422e-10
1.71421e-10
1.7142e-10
1.71418e-10
1.71416e-10
1.71415e-10
1.71413e-10
1.71411e-10
1.71409e-10
1.71406e-10
1.71404e-10
1.71401e-10
1.71399e-10
1.71396e-10
1.71393e-10
1.7139e-10
1.71387e-10
1.71384e-10
1.71381e-10
1.71377e-10
1.71374e-10
1.7137e-10
1.71366e-10
1.71362e-10
1.71358e-10
1.71354e-10
1.7135e-10
1.71345e-10
1.71341e-10
1.71336e-10
1.71332e-10
1.71327e-10
1.71322e-10
1.71317e-10
1.71311e-10
1.71306e-10
1.71301e-10
1.71295e-10
1.71289e-10
1.71284e-10
1.71278e-10
1.71272e-10
1.71266e-10
1.71259e-10
1.71253e-10
1.71246e-10
1.7124e-10
1.71233e-10
1.71226e-10
1.71219e-10
1.71212e-10
1.71205e-10
1.71198e-10
1.7119e-10
1.71183e-10
1.71175e-10
1.71167e-10
1.71159e-10
1.71151e-10
1.71143e-10
1.71135e-10
1.71126e-10
1.71118e-10
1.71109e-10
1.711e-10
1.71091e-10
1.71082e-10
1.71073e-10
1.71064e-10
1.71055e-10
1.71045e-10
1.71036e-10
1.71026e-10
1.71016e-10
1.71006e-10
1.70996e-10
1.70986e-10
1.70976e-10
1.70965e-10
1.70955e-10
1.70944e-10
1.70934e-10
1.70923e-10
1.70912e-10
1.70901e-10
1.70889e-10
1.70878e-10
1.70866e-10
1.70855e-10
1.70843e-10
1.70831e-10
1.70819e-10
1.70807e-10
1.70795e-10
1.70783e-10
1.7077e-10
1.70758e-10
1.70745e-10
1.70732e-10
1.70719e-10
1.70706e-10
1.70693e-10
1.7068e-10
1.70667e-10
1.70653e-10
1.70639e-10
1.70626e-10
1.70612e-10
1.70598e-10
1.70584e-10
1.70569e-10
1.70555e-10
1.70541e-10
1.70526e-10
1.70511e-10
1.70496e-10
1.70482e-10
1.70466e-10
1.70451e-10
1.70436e-10
1.7042e-10
1.70405e-10
1.70389e-10
1.70373e-10
1.70357e-10
1.70341e-10
1.70325e-10
1.70309e-10
1.70292e-10
1.70276e-10
1.70259e-10
1.70242e-10
1.70225e-10
1.70208e-10
1.70191e-10
1.70174e-10
1.70156e-10
1.70139e-10
1.70121e-10
1.70103e-10
1.70086e-10
1.70067e-10
1.70049e-10
1.70031e-10
1.70013e-10
1.69994e-10
1.69975e-10
1.69957e-10
1.69938e-10
1.69919e-10
1.69899e-10
1.6988e-10
1.69861e-10
1.69841e-10
1.69821e-10
1.69801e-10
1.69781e-10
1.69761e-10
1.69741e-10
1.69721e-10
1.697e-10
1.6968e-10
1.69659e-10
1.69638e-10
1.69617e-10
1.69596e-10
1.69575e-10
1.69553e-10
1.69532e-10
1.6951e-10
1.69488e-10
1.69466e-10
1.69444e-10
1.69422e-10
1.694e-10
1.69377e-10
1.69355e-10
1.69332e-10
1.69309e-10
1.69286e-10
1.69263e-10
1.69239e-10
1.69216e-10
1.69192e-10
1.69168e-10
1.69145e-10
1.69121e-10
1.69096e-10
1.69072e-10
1.69047e-10
1.69023e-10
1.68998e-10
1.68973e-10
1.68948e-10
1.68923e-10
1.68897e-10
1.68872e-10
1.68846e-10
1.6882e-10
1.68794e-10
1.68768e-10
1.68741e-10
1.68714e-10
1.68688e-10
1.6866e-10
1.68633e-10
1.68606e-10
1.68578e-10
1.6855e-10
1.68522e-10
1.68493e-10
1.68465e-10
1.68435e-10
1.68406e-10
1.68376e-10
1.68346e-10
1.68315e-10
1.68284e-10
1.68252e-10
1.68219e-10
1.68184e-10
1.68149e-10
1.68111e-10
1.68071e-10
1.68025e-10
1.67973e-10
1.67908e-10
1.67818e-10
1.67675e-10
1.67386e-10
1.6659e-10
1.61978e-10
2.44905e-11
9.80791e-18
1.40701e-31
9.80984e-60
1.38073e-116
7.47995e-231
0
0
0
0
0
0
0
0
0
0
0
0
0
0
0
0
0
0
0
0
0
0
0
0
0
0
0
0
0
0
0
0
0
0
0
0
0
0
0
0
0
0
0
0
0
0
0
0
0
0
0
0
0
0
0
0
0
0
0
0
0
0
0
0
0
0
0
0
0
0
0
0
0
0
0
0
0
0
0
0
0
0
0
0
0
0
0
0
0
0
0
0
0
0
0
0
0
0
0
0
0
0
0
0
0
0
0
0
0
0
0
0
0
0
0
0
0
0
0
0
0
0
0
0
0
0
0
0
0
0
0
0
0
0
0
0
0
0
0
0
0
0
0
0
0
0
0
0
0
0
0
0
0
0
0
0
0
0
0
0
0
0
0
0
0
0
0
0
0
0
0
0
0
0
0
0
0
0
0
0
0
0
0
0
0
0
0
0
0
0
0
0
0
0
0
0
0
0
0
0
0
0
0
0
0
0
0
0
0
0
0
0
0
0
0
0
0
0
0
0
0
0
0
0
0
0
0
0
0
0
0
0
0
0
0
0
0
0
0
0
0
0
0
0
0
0
0
0
0
0
0
0
0
0
0
0
0
0
0
0
0
0
0
0
0
0
0
0
0
0
0
0
0
0
0
0
0
0
0
0
0
0
0
0
0
0
0
0
0
0
0
0
0
0
0
0
0
0
0
0
0
0
0
0
0
0
0
0
0
0
0
0
0
0
0
0
0
0
0
0
0
0
0
0
0
0
0
0
0
0
0
0
0
0
0
0
0
0
0
0
0
0
0
0
0
0
0
0
0
0
0
0
0
0
0
0
0
0
0
0
0
0
0
0
0
0
0
0
0
0
0
0
0
0
0
0
0
0
0
0
0
0
0
0
0
0
0
0
0
0
0
0
0
0
0
0
0
0
0
0
0
0
0
0
0
0
0
0
0
0
0
0
0
0
0
0
0
0
0
0
0
0
0
0
0
0
0
0
0
0
0
0
0
0
0
0
0
0
0
0
0
0
0
0
0
0
0
0
0
0
0
0
0
0
0
0
0
0
0
0
0
0
0
0
0
0
0
0
0
0
0
0
0
0
0
0
0
0
0
0
0
0
0
0
0
0
0
0
0
0
0
0
0
0
0
0
0
0
0
0
0
0
0
0
0
0
0
0
0
0
0
0
0
0
0
0
0
0
0
0
0
0
0
0
0
0
0
0
0
0
0
0
0
0
0
0
0
0
0
0
0
0
0
0
0
0
0
0
0
0
0
0
0
0
0
0
0
0
0
0
0
0
0
0
0
0
0
0
0
0
0
0
0
0
0
0
0
0
0
0
0
0
0
0
0
0
0
0
0
0
0
0
0
0
0
0
0
0
0
0
0
0
0
0
0
0
0
0
0
0
0
0
0
0
0
0
0
0
0
0
0
0
0
0
0
0
0
0
0
0
0
0
0
0
0
0
0
0
0
0
0
0
0
0
0
0
0
0
0
0
0
0
0
0
0
0
0
0
0
0
0
0
0
0
0
0
0
0
0
0
0
0
0
0
0
0
0
0
0
0
0
0
0
0
0
0
0
0
0
0
0
0
0
0
0
0
0
0
0
0
0
0
0
0
0
0
0
0
0
0
0
0
0
0
0
0
0
0
0
0
0
0
0
0
0
0
0
0
0
0
0
0
0
0
0
0
0
0
0
0
0
0
0
0
0
0
0
0
0
0
0
0
)
;

boundaryField
{
    inlet
    {
        type            calculated;
        value           uniform -1.71429e-10;
    }
    outlet
    {
        type            calculated;
        value           uniform 0;
    }
    emptyWalls
    {
        type            empty;
        value           nonuniform List<scalar> 0();
    }
}


// ************************************************************************* //
