/*--------------------------------*- C++ -*----------------------------------*\
  =========                 |
  \\      /  F ield         | OpenFOAM: The Open Source CFD Toolbox
   \\    /   O peration     | Website:  https://openfoam.org
    \\  /    A nd           | Version:  9
     \\/     M anipulation  |
\*---------------------------------------------------------------------------*/
FoamFile
{
    format      ascii;
    class       volScalarField;
    location    "8.6";
    object      p;
}
// * * * * * * * * * * * * * * * * * * * * * * * * * * * * * * * * * * * * * //

dimensions      [0 0 0 0 0 0 0];

internalField   nonuniform List<scalar> 
1000
(
2.44056e+13
2.43957e+13
2.43857e+13
2.43757e+13
2.43657e+13
2.43556e+13
2.43455e+13
2.43354e+13
2.43253e+13
2.43151e+13
2.43049e+13
2.42947e+13
2.42844e+13
2.42742e+13
2.42639e+13
2.42535e+13
2.42432e+13
2.42328e+13
2.42224e+13
2.42119e+13
2.42015e+13
2.4191e+13
2.41805e+13
2.41699e+13
2.41594e+13
2.41488e+13
2.41381e+13
2.41275e+13
2.41168e+13
2.41061e+13
2.40954e+13
2.40847e+13
2.40739e+13
2.40631e+13
2.40523e+13
2.40414e+13
2.40306e+13
2.40197e+13
2.40088e+13
2.39978e+13
2.39869e+13
2.39759e+13
2.39649e+13
2.39538e+13
2.39428e+13
2.39317e+13
2.39206e+13
2.39094e+13
2.38983e+13
2.38871e+13
2.38759e+13
2.38647e+13
2.38534e+13
2.38422e+13
2.38309e+13
2.38196e+13
2.38082e+13
2.37969e+13
2.37855e+13
2.37741e+13
2.37626e+13
2.37512e+13
2.37397e+13
2.37282e+13
2.37167e+13
2.37051e+13
2.36936e+13
2.3682e+13
2.36704e+13
2.36588e+13
2.36471e+13
2.36354e+13
2.36237e+13
2.3612e+13
2.36003e+13
2.35885e+13
2.35767e+13
2.35649e+13
2.35531e+13
2.35412e+13
2.35294e+13
2.35175e+13
2.35056e+13
2.34936e+13
2.34817e+13
2.34697e+13
2.34577e+13
2.34457e+13
2.34337e+13
2.34216e+13
2.34095e+13
2.33974e+13
2.33853e+13
2.33731e+13
2.3361e+13
2.33488e+13
2.33366e+13
2.33244e+13
2.33121e+13
2.32999e+13
2.32876e+13
2.32753e+13
2.32629e+13
2.32506e+13
2.32382e+13
2.32258e+13
2.32134e+13
2.3201e+13
2.31885e+13
2.31761e+13
2.31636e+13
2.31511e+13
2.31385e+13
2.3126e+13
2.31134e+13
2.31008e+13
2.30882e+13
2.30756e+13
2.3063e+13
2.30503e+13
2.30376e+13
2.30249e+13
2.30122e+13
2.29994e+13
2.29867e+13
2.29739e+13
2.29611e+13
2.29483e+13
2.29354e+13
2.29226e+13
2.29097e+13
2.28968e+13
2.28839e+13
2.28709e+13
2.2858e+13
2.2845e+13
2.2832e+13
2.2819e+13
2.2806e+13
2.27929e+13
2.27798e+13
2.27668e+13
2.27536e+13
2.27405e+13
2.27274e+13
2.27142e+13
2.2701e+13
2.26878e+13
2.26746e+13
2.26614e+13
2.26481e+13
2.26349e+13
2.26216e+13
2.26082e+13
2.25949e+13
2.25816e+13
2.25682e+13
2.25548e+13
2.25414e+13
2.2528e+13
2.25146e+13
2.25011e+13
2.24876e+13
2.24741e+13
2.24606e+13
2.24471e+13
2.24336e+13
2.242e+13
2.24064e+13
2.23928e+13
2.23792e+13
2.23656e+13
2.23519e+13
2.23382e+13
2.23245e+13
2.23108e+13
2.22971e+13
2.22834e+13
2.22696e+13
2.22558e+13
2.2242e+13
2.22282e+13
2.22144e+13
2.22006e+13
2.21867e+13
2.21728e+13
2.21589e+13
2.2145e+13
2.21311e+13
2.21171e+13
2.21031e+13
2.20891e+13
2.20751e+13
2.20611e+13
2.20471e+13
2.2033e+13
2.2019e+13
2.20049e+13
2.19908e+13
2.19766e+13
2.19625e+13
2.19483e+13
2.19342e+13
2.192e+13
2.19058e+13
2.18915e+13
2.18773e+13
2.1863e+13
2.18488e+13
2.18345e+13
2.18202e+13
2.18058e+13
2.17915e+13
2.17771e+13
2.17628e+13
2.17484e+13
2.1734e+13
2.17195e+13
2.17051e+13
2.16906e+13
2.16762e+13
2.16617e+13
2.16472e+13
2.16326e+13
2.16181e+13
2.16035e+13
2.1589e+13
2.15744e+13
2.15598e+13
2.15451e+13
2.15305e+13
2.15158e+13
2.15012e+13
2.14865e+13
2.14718e+13
2.1457e+13
2.14423e+13
2.14276e+13
2.14128e+13
2.1398e+13
2.13832e+13
2.13684e+13
2.13535e+13
2.13387e+13
2.13238e+13
2.13089e+13
2.1294e+13
2.12791e+13
2.12642e+13
2.12492e+13
2.12343e+13
2.12193e+13
2.12043e+13
2.11893e+13
2.11743e+13
2.11592e+13
2.11442e+13
2.11291e+13
2.1114e+13
2.10989e+13
2.10838e+13
2.10686e+13
2.10535e+13
2.10383e+13
2.10231e+13
2.10079e+13
2.09927e+13
2.09775e+13
2.09623e+13
2.0947e+13
2.09317e+13
2.09164e+13
2.09011e+13
2.08858e+13
2.08704e+13
2.08551e+13
2.08397e+13
2.08243e+13
2.08089e+13
2.07935e+13
2.07781e+13
2.07626e+13
2.07472e+13
2.07317e+13
2.07162e+13
2.07007e+13
2.06852e+13
2.06696e+13
2.06541e+13
2.06385e+13
2.06229e+13
2.06073e+13
2.05917e+13
2.05761e+13
2.05604e+13
2.05448e+13
2.05291e+13
2.05134e+13
2.04977e+13
2.0482e+13
2.04662e+13
2.04505e+13
2.04347e+13
2.04189e+13
2.04031e+13
2.03873e+13
2.03715e+13
2.03557e+13
2.03398e+13
2.03239e+13
2.03081e+13
2.02922e+13
2.02762e+13
2.02603e+13
2.02444e+13
2.02284e+13
2.02124e+13
2.01964e+13
2.01804e+13
2.01644e+13
2.01484e+13
2.01323e+13
2.01163e+13
2.01002e+13
2.00841e+13
2.0068e+13
2.00519e+13
2.00357e+13
2.00196e+13
2.00034e+13
1.99872e+13
1.9971e+13
1.99548e+13
1.99386e+13
1.99224e+13
1.99061e+13
1.98898e+13
1.98736e+13
1.98573e+13
1.9841e+13
1.98246e+13
1.98083e+13
1.97919e+13
1.97756e+13
1.97592e+13
1.97428e+13
1.97264e+13
1.97099e+13
1.96935e+13
1.9677e+13
1.96606e+13
1.96441e+13
1.96276e+13
1.96111e+13
1.95946e+13
1.9578e+13
1.95615e+13
1.95449e+13
1.95283e+13
1.95117e+13
1.94951e+13
1.94785e+13
1.94618e+13
1.94452e+13
1.94285e+13
1.94118e+13
1.93951e+13
1.93784e+13
1.93617e+13
1.93449e+13
1.93282e+13
1.93114e+13
1.92946e+13
1.92778e+13
1.9261e+13
1.92442e+13
1.92274e+13
1.92105e+13
1.91937e+13
1.91768e+13
1.91599e+13
1.9143e+13
1.9126e+13
1.91091e+13
1.90922e+13
1.90752e+13
1.90582e+13
1.90412e+13
1.90242e+13
1.90072e+13
1.89902e+13
1.89731e+13
1.89561e+13
1.8939e+13
1.89219e+13
1.89048e+13
1.88877e+13
1.88706e+13
1.88534e+13
1.88363e+13
1.88191e+13
1.88019e+13
1.87847e+13
1.87675e+13
1.87503e+13
1.8733e+13
1.87158e+13
1.86985e+13
1.86812e+13
1.86639e+13
1.86466e+13
1.86293e+13
1.8612e+13
1.85946e+13
1.85773e+13
1.85599e+13
1.85425e+13
1.85251e+13
1.85077e+13
1.84902e+13
1.84728e+13
1.84554e+13
1.84379e+13
1.84204e+13
1.84029e+13
1.83854e+13
1.83679e+13
1.83503e+13
1.83328e+13
1.83152e+13
1.82976e+13
1.828e+13
1.82624e+13
1.82448e+13
1.82272e+13
1.82095e+13
1.81919e+13
1.81742e+13
1.81565e+13
1.81388e+13
1.81211e+13
1.81034e+13
1.80857e+13
1.80679e+13
1.80501e+13
1.80324e+13
1.80146e+13
1.79968e+13
1.7979e+13
1.79611e+13
1.79433e+13
1.79254e+13
1.79075e+13
1.78897e+13
1.78718e+13
1.78539e+13
1.78359e+13
1.7818e+13
1.78e+13
1.77821e+13
1.77641e+13
1.77461e+13
1.77281e+13
1.77101e+13
1.76921e+13
1.7674e+13
1.7656e+13
1.76379e+13
1.76198e+13
1.76017e+13
1.75836e+13
1.75655e+13
1.75474e+13
1.75292e+13
1.75111e+13
1.74929e+13
1.74747e+13
1.74565e+13
1.74383e+13
1.74201e+13
1.74018e+13
1.73836e+13
1.73653e+13
1.7347e+13
1.73288e+13
1.73105e+13
1.72921e+13
1.72738e+13
1.72555e+13
1.72371e+13
1.72188e+13
1.72004e+13
1.7182e+13
1.71636e+13
1.71452e+13
1.71267e+13
1.71083e+13
1.70898e+13
1.70714e+13
1.70529e+13
1.70344e+13
1.70159e+13
1.69973e+13
1.69788e+13
1.69603e+13
1.69417e+13
1.69231e+13
1.69046e+13
1.6886e+13
1.68673e+13
1.68487e+13
1.68301e+13
1.68114e+13
1.67928e+13
1.67741e+13
1.67554e+13
1.67367e+13
1.6718e+13
1.66993e+13
1.66805e+13
1.66618e+13
1.6643e+13
1.66242e+13
1.66055e+13
1.65867e+13
1.65678e+13
1.6549e+13
1.65302e+13
1.65113e+13
1.64925e+13
1.64736e+13
1.64547e+13
1.64358e+13
1.64169e+13
1.63979e+13
1.6379e+13
1.63601e+13
1.63411e+13
1.63221e+13
1.63031e+13
1.62841e+13
1.62651e+13
1.62461e+13
1.6227e+13
1.6208e+13
1.61889e+13
1.61698e+13
1.61507e+13
1.61316e+13
1.61125e+13
1.60934e+13
1.60742e+13
1.60551e+13
1.60359e+13
1.60167e+13
1.59976e+13
1.59784e+13
1.59591e+13
1.59399e+13
1.59207e+13
1.59014e+13
1.58821e+13
1.58629e+13
1.58436e+13
1.58243e+13
1.5805e+13
1.57856e+13
1.57663e+13
1.57469e+13
1.57276e+13
1.57082e+13
1.56888e+13
1.56694e+13
1.565e+13
1.56305e+13
1.56111e+13
1.55916e+13
1.55722e+13
1.55527e+13
1.55332e+13
1.55137e+13
1.54942e+13
1.54747e+13
1.54551e+13
1.54356e+13
1.5416e+13
1.53964e+13
1.53768e+13
1.53572e+13
1.53376e+13
1.5318e+13
1.52983e+13
1.52787e+13
1.5259e+13
1.52393e+13
1.52196e+13
1.51999e+13
1.51802e+13
1.51605e+13
1.51407e+13
1.5121e+13
1.51012e+13
1.50814e+13
1.50616e+13
1.50418e+13
1.5022e+13
1.50022e+13
1.49823e+13
1.49625e+13
1.49426e+13
1.49227e+13
1.49028e+13
1.48829e+13
1.4863e+13
1.48431e+13
1.48231e+13
1.48032e+13
1.47832e+13
1.47632e+13
1.47432e+13
1.47232e+13
1.47032e+13
1.46832e+13
1.46631e+13
1.4643e+13
1.4623e+13
1.46029e+13
1.45828e+13
1.45627e+13
1.45425e+13
1.45224e+13
1.45022e+13
1.44821e+13
1.44619e+13
1.44417e+13
1.44215e+13
1.44013e+13
1.4381e+13
1.43608e+13
1.43405e+13
1.43202e+13
1.42999e+13
1.42796e+13
1.42593e+13
1.4239e+13
1.42186e+13
1.41983e+13
1.41779e+13
1.41575e+13
1.41371e+13
1.41166e+13
1.40962e+13
1.40757e+13
1.40553e+13
1.40348e+13
1.40143e+13
1.39937e+13
1.39732e+13
1.39526e+13
1.3932e+13
1.39114e+13
1.38908e+13
1.38702e+13
1.38495e+13
1.38288e+13
1.38081e+13
1.37874e+13
1.37666e+13
1.37458e+13
1.3725e+13
1.37042e+13
1.36833e+13
1.36624e+13
1.36414e+13
1.36204e+13
1.35994e+13
1.35783e+13
1.35571e+13
1.35359e+13
1.35146e+13
1.34932e+13
1.34716e+13
1.345e+13
1.34281e+13
1.34059e+13
1.33834e+13
1.33602e+13
1.33357e+13
1.33085e+13
1.32697e+13
1.32305e+13
1.31907e+13
1.31499e+13
1.3108e+13
1.30649e+13
1.30207e+13
1.29759e+13
1.29309e+13
1.28862e+13
1.28423e+13
1.27994e+13
1.27573e+13
1.27155e+13
1.26739e+13
1.26321e+13
1.259e+13
1.25476e+13
1.25047e+13
1.24617e+13
1.24185e+13
1.23752e+13
1.23321e+13
1.22891e+13
1.22462e+13
1.22036e+13
1.2161e+13
1.21185e+13
1.2076e+13
1.20334e+13
1.19908e+13
1.19481e+13
1.19053e+13
1.18624e+13
1.18196e+13
1.17768e+13
1.17339e+13
1.16912e+13
1.16484e+13
1.16057e+13
1.1563e+13
1.15203e+13
1.14776e+13
1.14349e+13
1.13922e+13
1.13494e+13
1.13066e+13
1.12639e+13
1.12211e+13
1.11783e+13
1.11355e+13
1.10928e+13
1.105e+13
1.10073e+13
1.09645e+13
1.09218e+13
1.08791e+13
1.08363e+13
1.07936e+13
1.07508e+13
1.07081e+13
1.06653e+13
1.06226e+13
1.05798e+13
1.05371e+13
1.04943e+13
1.04516e+13
1.04088e+13
1.03661e+13
1.03233e+13
1.02806e+13
1.02378e+13
1.01951e+13
1.01523e+13
1.01096e+13
1.00668e+13
1.00241e+13
9.98133e+12
9.93858e+12
9.89583e+12
9.85308e+12
9.81034e+12
9.76759e+12
9.72484e+12
9.6821e+12
9.63935e+12
9.59661e+12
9.55387e+12
9.51112e+12
9.46838e+12
9.42564e+12
9.3829e+12
9.34015e+12
9.29741e+12
9.25467e+12
9.21193e+12
9.16918e+12
9.12644e+12
9.0837e+12
9.04095e+12
8.99821e+12
8.95546e+12
8.91272e+12
8.86997e+12
8.82723e+12
8.78448e+12
8.74173e+12
8.69898e+12
8.65623e+12
8.61348e+12
8.57074e+12
8.52799e+12
8.48524e+12
8.44249e+12
8.39974e+12
8.35699e+12
8.31424e+12
8.27149e+12
8.22874e+12
8.18599e+12
8.14324e+12
8.10049e+12
8.05774e+12
8.01499e+12
7.97225e+12
7.9295e+12
7.88675e+12
7.844e+12
7.80125e+12
7.7585e+12
7.71576e+12
7.67301e+12
7.63026e+12
7.58751e+12
7.54476e+12
7.50202e+12
7.45927e+12
7.41652e+12
7.37377e+12
7.33103e+12
7.28828e+12
7.24553e+12
7.20278e+12
7.16004e+12
7.11729e+12
7.07455e+12
7.0318e+12
6.98906e+12
6.94631e+12
6.90357e+12
6.86082e+12
6.81808e+12
6.77534e+12
6.73259e+12
6.68985e+12
6.6471e+12
6.60436e+12
6.56162e+12
6.51887e+12
6.47613e+12
6.43338e+12
6.39064e+12
6.3479e+12
6.30515e+12
6.2624e+12
6.21966e+12
6.17691e+12
6.13417e+12
6.09142e+12
6.04867e+12
6.00593e+12
5.96318e+12
5.92043e+12
5.87768e+12
5.83494e+12
5.79219e+12
5.74944e+12
5.70669e+12
5.66394e+12
5.6212e+12
5.57845e+12
5.5357e+12
5.49295e+12
5.4502e+12
5.40746e+12
5.36471e+12
5.32196e+12
5.27921e+12
5.23646e+12
5.19371e+12
5.15097e+12
5.10822e+12
5.06547e+12
5.02272e+12
4.97997e+12
4.93722e+12
4.89448e+12
4.85173e+12
4.80898e+12
4.76623e+12
4.72348e+12
4.68074e+12
4.63799e+12
4.59524e+12
4.55249e+12
4.50974e+12
4.467e+12
4.42425e+12
4.3815e+12
4.33875e+12
4.296e+12
4.25326e+12
4.21051e+12
4.16776e+12
4.12502e+12
4.08227e+12
4.03952e+12
3.99677e+12
3.95403e+12
3.91128e+12
3.86853e+12
3.82579e+12
3.78304e+12
3.74029e+12
3.69755e+12
3.6548e+12
3.61206e+12
3.56931e+12
3.52657e+12
3.48382e+12
3.44108e+12
3.39833e+12
3.35559e+12
3.31284e+12
3.2701e+12
3.22735e+12
3.18461e+12
3.14186e+12
3.09912e+12
3.05638e+12
3.01363e+12
2.97089e+12
2.92814e+12
2.8854e+12
2.84265e+12
2.79991e+12
2.75717e+12
2.71442e+12
2.67168e+12
2.62893e+12
2.58619e+12
2.54344e+12
2.5007e+12
2.45795e+12
2.41521e+12
2.37246e+12
2.32972e+12
2.28697e+12
2.24422e+12
2.20148e+12
2.15873e+12
2.11599e+12
2.07324e+12
2.03049e+12
1.98775e+12
1.945e+12
1.90225e+12
1.85951e+12
1.81676e+12
1.77401e+12
1.73126e+12
1.68852e+12
1.64577e+12
1.60302e+12
1.56028e+12
1.51753e+12
1.47478e+12
1.43203e+12
1.38929e+12
1.34654e+12
1.30379e+12
1.26104e+12
1.2183e+12
1.17555e+12
1.1328e+12
1.09005e+12
1.04731e+12
1.00456e+12
9.61812e+11
9.19065e+11
8.76317e+11
8.3357e+11
7.90823e+11
7.48076e+11
7.05328e+11
6.62581e+11
6.19834e+11
5.77087e+11
5.34339e+11
4.91592e+11
4.48845e+11
4.06098e+11
3.63351e+11
3.20603e+11
2.77856e+11
2.35109e+11
1.92362e+11
1.49615e+11
1.06868e+11
6.41206e+10
2.13735e+10
)
;

boundaryField
{
    inlet
    {
        type            darcyGradPressure_G;
        gradient        uniform 3.23949e+11;
        Mf              Mf;
        phi             phi;
        phiG            phiG;
        value           uniform 2.44105e+13;
    }
    outlet
    {
        type            fixedValue;
        value           uniform 0;
    }
    emptyWalls
    {
        type            empty;
    }
}


// ************************************************************************* //
