/*--------------------------------*- C++ -*----------------------------------*\
  =========                 |
  \\      /  F ield         | OpenFOAM: The Open Source CFD Toolbox
   \\    /   O peration     | Website:  https://openfoam.org
    \\  /    A nd           | Version:  9
     \\/     M anipulation  |
\*---------------------------------------------------------------------------*/
FoamFile
{
    format      ascii;
    class       volScalarField;
    location    "8.6";
    object      Sb;
}
// * * * * * * * * * * * * * * * * * * * * * * * * * * * * * * * * * * * * * //

dimensions      [0 0 0 0 0 0 0];

internalField   nonuniform List<scalar> 
1000
(
0.498883
0.498201
0.497571
0.496967
0.496381
0.495806
0.495242
0.494687
0.494138
0.493597
0.493061
0.492532
0.492007
0.491488
0.490973
0.490463
0.489957
0.489456
0.488958
0.488465
0.487975
0.487489
0.487007
0.486529
0.486054
0.485582
0.485114
0.484649
0.484187
0.483728
0.483273
0.48282
0.482371
0.481924
0.48148
0.481039
0.480601
0.480166
0.479733
0.479303
0.478876
0.478451
0.478029
0.477609
0.477192
0.476777
0.476364
0.475954
0.475547
0.475141
0.474738
0.474337
0.473939
0.473542
0.473148
0.472756
0.472366
0.471978
0.471592
0.471208
0.470826
0.470446
0.470068
0.469692
0.469318
0.468946
0.468576
0.468208
0.467841
0.467476
0.467113
0.466752
0.466393
0.466035
0.465679
0.465325
0.464972
0.464621
0.464272
0.463924
0.463578
0.463234
0.462891
0.462549
0.46221
0.461871
0.461535
0.461199
0.460866
0.460533
0.460203
0.459873
0.459545
0.459219
0.458894
0.45857
0.458247
0.457926
0.457607
0.457288
0.456971
0.456656
0.456341
0.456028
0.455716
0.455406
0.455096
0.454788
0.454481
0.454176
0.453871
0.453568
0.453266
0.452965
0.452665
0.452367
0.452069
0.451773
0.451478
0.451184
0.450891
0.450599
0.450308
0.450019
0.44973
0.449442
0.449156
0.448871
0.448586
0.448303
0.44802
0.447739
0.447459
0.447179
0.446901
0.446624
0.446347
0.446072
0.445797
0.445524
0.445251
0.44498
0.444709
0.444439
0.44417
0.443902
0.443635
0.443369
0.443103
0.442839
0.442575
0.442313
0.442051
0.44179
0.44153
0.44127
0.441012
0.440754
0.440497
0.440241
0.439986
0.439732
0.439478
0.439225
0.438973
0.438722
0.438472
0.438222
0.437973
0.437725
0.437477
0.437231
0.436985
0.43674
0.436495
0.436252
0.436009
0.435766
0.435525
0.435284
0.435044
0.434804
0.434565
0.434327
0.43409
0.433853
0.433617
0.433382
0.433147
0.432913
0.43268
0.432447
0.432215
0.431984
0.431753
0.431523
0.431293
0.431064
0.430836
0.430608
0.430381
0.430155
0.429929
0.429704
0.429479
0.429255
0.429032
0.428809
0.428587
0.428365
0.428144
0.427924
0.427704
0.427485
0.427266
0.427048
0.42683
0.426613
0.426396
0.42618
0.425965
0.42575
0.425536
0.425322
0.425108
0.424896
0.424683
0.424472
0.42426
0.42405
0.42384
0.42363
0.423421
0.423212
0.423004
0.422796
0.422589
0.422383
0.422176
0.421971
0.421766
0.421561
0.421357
0.421153
0.42095
0.420747
0.420544
0.420343
0.420141
0.41994
0.41974
0.41954
0.41934
0.419141
0.418942
0.418744
0.418546
0.418349
0.418152
0.417956
0.41776
0.417564
0.417369
0.417174
0.41698
0.416786
0.416592
0.416399
0.416207
0.416014
0.415823
0.415631
0.41544
0.41525
0.415059
0.41487
0.41468
0.414491
0.414303
0.414114
0.413927
0.413739
0.413552
0.413365
0.413179
0.412993
0.412808
0.412622
0.412438
0.412253
0.412069
0.411886
0.411702
0.411519
0.411337
0.411155
0.410973
0.410791
0.41061
0.410429
0.410249
0.410069
0.409889
0.40971
0.409531
0.409352
0.409174
0.408996
0.408818
0.408641
0.408464
0.408287
0.408111
0.407935
0.407759
0.407584
0.407409
0.407234
0.407059
0.406885
0.406712
0.406538
0.406365
0.406192
0.40602
0.405848
0.405676
0.405504
0.405333
0.405162
0.404991
0.404821
0.404651
0.404481
0.404312
0.404143
0.403974
0.403805
0.403637
0.403469
0.403302
0.403134
0.402967
0.4028
0.402634
0.402468
0.402302
0.402136
0.401971
0.401805
0.401641
0.401476
0.401312
0.401148
0.400984
0.400821
0.400657
0.400494
0.400332
0.400169
0.400007
0.399845
0.399684
0.399522
0.399361
0.3992
0.39904
0.39888
0.39872
0.39856
0.3984
0.398241
0.398082
0.397923
0.397764
0.397606
0.397448
0.39729
0.397133
0.396975
0.396818
0.396661
0.396505
0.396348
0.396192
0.396036
0.395881
0.395725
0.39557
0.395415
0.39526
0.395106
0.394952
0.394798
0.394644
0.39449
0.394337
0.394184
0.394031
0.393878
0.393726
0.393573
0.393421
0.39327
0.393118
0.392967
0.392815
0.392664
0.392514
0.392363
0.392213
0.392063
0.391913
0.391763
0.391614
0.391465
0.391315
0.391167
0.391018
0.390869
0.390721
0.390573
0.390425
0.390278
0.39013
0.389983
0.389836
0.389689
0.389542
0.389396
0.38925
0.389104
0.388958
0.388812
0.388667
0.388521
0.388376
0.388231
0.388086
0.387942
0.387797
0.387653
0.387509
0.387365
0.387222
0.387078
0.386935
0.386792
0.386649
0.386506
0.386364
0.386221
0.386079
0.385937
0.385795
0.385653
0.385512
0.38537
0.385229
0.385088
0.384947
0.384807
0.384666
0.384526
0.384386
0.384246
0.384106
0.383966
0.383827
0.383687
0.383548
0.383409
0.38327
0.383131
0.382993
0.382854
0.382716
0.382578
0.38244
0.382302
0.382165
0.382027
0.38189
0.381753
0.381616
0.381479
0.381342
0.381206
0.381069
0.380933
0.380797
0.380661
0.380525
0.380389
0.380254
0.380118
0.379983
0.379848
0.379713
0.379578
0.379443
0.379309
0.379174
0.37904
0.378906
0.378772
0.378638
0.378504
0.37837
0.378237
0.378103
0.37797
0.377837
0.377704
0.377571
0.377438
0.377306
0.377173
0.377041
0.376908
0.376776
0.376644
0.376512
0.376381
0.376249
0.376117
0.375986
0.375855
0.375724
0.375592
0.375461
0.375331
0.3752
0.375069
0.374939
0.374808
0.374678
0.374548
0.374418
0.374288
0.374158
0.374028
0.373898
0.373769
0.373639
0.37351
0.37338
0.373251
0.373122
0.372993
0.372864
0.372735
0.372606
0.372478
0.372349
0.372221
0.372092
0.371964
0.371835
0.371707
0.371579
0.371451
0.371323
0.371195
0.371067
0.37094
0.370812
0.370684
0.370557
0.370429
0.370302
0.370174
0.370047
0.36992
0.369792
0.369665
0.369538
0.369411
0.369284
0.369157
0.36903
0.368903
0.368776
0.368649
0.368522
0.368395
0.368268
0.368141
0.368014
0.367887
0.36776
0.367634
0.367507
0.36738
0.367253
0.367126
0.366999
0.366872
0.366745
0.366618
0.366491
0.366363
0.366236
0.366109
0.365981
0.365854
0.365726
0.365598
0.365471
0.365343
0.365215
0.365086
0.364958
0.364829
0.364701
0.364572
0.364443
0.364313
0.364184
0.364054
0.363924
0.363793
0.363663
0.363532
0.3634
0.363268
0.363136
0.363004
0.362871
0.362737
0.362603
0.362468
0.362333
0.362197
0.362061
0.361923
0.361785
0.361646
0.361506
0.361366
0.361224
0.361081
0.360936
0.360791
0.360644
0.360496
0.360345
0.360193
0.36004
0.359884
0.359725
0.359565
0.359401
0.359235
0.359065
0.358891
0.358714
0.358532
0.358346
0.358154
0.357956
0.357751
0.357539
0.357318
0.357088
0.356847
0.356593
0.356325
0.356041
0.355737
0.355411
0.355059
0.354675
0.354253
0.353784
0.353259
0.352663
0.351976
0.35117
0.350208
0.34903
0.347545
0.345602
0.342934
0.33902
0.332683
0.320621
0.289618
0.229694
0.223087
0.22143
0.222181
0.22331
0.224149
0.224694
0.225017
0.225105
0.22493
0.224535
0.224056
0.223648
0.223409
0.223352
0.223434
0.223596
0.223786
0.223963
0.224099
0.224178
0.224194
0.224156
0.22408
0.223989
0.223905
0.223845
0.223817
0.223819
0.223844
0.223882
0.223923
0.223957
0.22398
0.223989
0.223985
0.223971
0.223952
0.223933
0.223918
0.223909
0.223907
0.223911
0.223918
0.223928
0.223936
0.223943
0.223947
0.223948
0.223946
0.223942
0.223938
0.223934
0.22393
0.223928
0.223927
0.223927
0.223927
0.223928
0.223928
0.223928
0.223927
0.223926
0.223924
0.223923
0.223921
0.223921
0.22392
0.22392
0.22392
0.223921
0.223921
0.223921
0.223922
0.223922
0.223922
0.223921
0.223921
0.22392
0.22392
0.223919
0.223919
0.223918
0.223918
0.223918
0.223917
0.223917
0.223917
0.223916
0.223916
0.223916
0.223916
0.223916
0.223916
0.223915
0.223916
0.223916
0.223916
0.223916
0.223916
0.223916
0.223916
0.223917
0.223917
0.223917
0.223917
0.223917
0.223917
0.223917
0.223917
0.223917
0.223917
0.223916
0.223916
0.223916
0.223915
0.223915
0.223914
0.223914
0.223913
0.223913
0.223912
0.223912
0.223911
0.22391
0.22391
0.223909
0.223909
0.223908
0.223908
0.223907
0.223906
0.223906
0.223905
0.223905
0.223904
0.223904
0.223903
0.223903
0.223902
0.223901
0.223901
0.2239
0.2239
0.223899
0.223899
0.223898
0.223897
0.223897
0.223896
0.223896
0.223895
0.223895
0.223894
0.223894
0.223894
0.223893
0.223893
0.223893
0.223892
0.223892
0.223892
0.223891
0.223891
0.223891
0.223891
0.223891
0.22389
0.22389
0.22389
0.22389
0.22389
0.223889
0.223889
0.223889
0.223889
0.223888
0.223888
0.223888
0.223888
0.223887
0.223887
0.223887
0.223887
0.223886
0.223886
0.223886
0.223885
0.223885
0.223885
0.223884
0.223884
0.223884
0.223883
0.223883
0.223883
0.223882
0.223882
0.223881
0.223881
0.223881
0.22388
0.22388
0.22388
0.223879
0.223879
0.223878
0.223878
0.223878
0.223877
0.223877
0.223876
0.223876
0.223875
0.223875
0.223875
0.223874
0.223874
0.223873
0.223873
0.223872
0.223872
0.223872
0.223871
0.223871
0.22387
0.22387
0.223869
0.223869
0.223868
0.223868
0.223867
0.223867
0.223866
0.223866
0.223865
0.223865
0.223865
0.223864
0.223864
0.223863
0.223863
0.223863
0.223862
0.223862
0.223861
0.223861
0.223861
0.22386
0.22386
0.22386
0.223859
0.223859
0.223859
0.223858
0.223858
0.223858
0.223857
0.223857
0.223857
0.223856
0.223856
0.223856
0.223855
0.223855
0.223855
0.223854
0.223854
0.223854
0.223853
0.223853
0.223853
0.223852
0.223852
0.223852
0.223851
0.223851
0.223851
0.22385
0.22385
0.22385
0.223849
0.223849
0.223848
0.223848
0.223848
0.223847
0.223847
0.223847
0.223846
0.223846
0.223845
0.223845
0.223845
0.223844
0.223844
0.223843
0.223843
0.223843
0.223842
0.223842
0.223841
0.223841
0.223841
0.22384
0.22384
0.223839
0.223839
0.223838
0.223838
0.223838
0.223837
)
;

boundaryField
{
    inlet
    {
        type            fixedValue;
        value           uniform 0.5;
    }
    outlet
    {
        type            zeroGradient;
    }
    emptyWalls
    {
        type            empty;
    }
}


// ************************************************************************* //
