/*--------------------------------*- C++ -*----------------------------------*\
  =========                 |
  \\      /  F ield         | OpenFOAM: The Open Source CFD Toolbox
   \\    /   O peration     | Website:  https://openfoam.org
    \\  /    A nd           | Version:  9
     \\/     M anipulation  |
\*---------------------------------------------------------------------------*/
FoamFile
{
    format      ascii;
    class       volScalarField;
    location    "11.3";
    object      AcumCoeff_csw;
}
// * * * * * * * * * * * * * * * * * * * * * * * * * * * * * * * * * * * * * //

dimensions      [0 0 0 0 0 0 0];

internalField   nonuniform List<scalar> 
1000
(
0.149743
0.149586
0.149441
0.149301
0.149165
0.149032
0.148901
0.148771
0.148643
0.148517
0.148392
0.148267
0.148144
0.148022
0.147901
0.147781
0.147661
0.147542
0.147425
0.147308
0.147191
0.147076
0.146961
0.146847
0.146733
0.146621
0.146509
0.146397
0.146286
0.146176
0.146067
0.145958
0.145849
0.145741
0.145634
0.145527
0.145421
0.145316
0.145211
0.145106
0.145002
0.144899
0.144796
0.144694
0.144592
0.14449
0.144389
0.144289
0.144189
0.144089
0.14399
0.143892
0.143794
0.143696
0.143599
0.143502
0.143406
0.14331
0.143215
0.14312
0.143025
0.142931
0.142837
0.142744
0.142651
0.142558
0.142466
0.142374
0.142283
0.142192
0.142101
0.142011
0.141921
0.141832
0.141742
0.141654
0.141565
0.141477
0.141389
0.141302
0.141215
0.141128
0.141042
0.140956
0.14087
0.140785
0.1407
0.140615
0.140531
0.140447
0.140363
0.14028
0.140197
0.140114
0.140032
0.139949
0.139868
0.139786
0.139705
0.139624
0.139543
0.139463
0.139383
0.139303
0.139223
0.139144
0.139065
0.138986
0.138908
0.13883
0.138752
0.138674
0.138597
0.13852
0.138443
0.138367
0.13829
0.138214
0.138139
0.138063
0.137988
0.137913
0.137838
0.137763
0.137689
0.137615
0.137541
0.137468
0.137394
0.137321
0.137248
0.137176
0.137103
0.137031
0.136959
0.136887
0.136816
0.136745
0.136674
0.136603
0.136532
0.136462
0.136392
0.136322
0.136252
0.136182
0.136113
0.136044
0.135975
0.135906
0.135837
0.135769
0.135701
0.135633
0.135565
0.135498
0.13543
0.135363
0.135296
0.13523
0.135163
0.135097
0.13503
0.134964
0.134899
0.134833
0.134768
0.134702
0.134637
0.134572
0.134507
0.134443
0.134379
0.134314
0.13425
0.134186
0.134123
0.134059
0.133996
0.133933
0.13387
0.133807
0.133744
0.133682
0.133619
0.133557
0.133495
0.133433
0.133372
0.13331
0.133249
0.133187
0.133126
0.133065
0.133005
0.132944
0.132884
0.132823
0.132763
0.132703
0.132643
0.132584
0.132524
0.132465
0.132405
0.132346
0.132287
0.132229
0.13217
0.132111
0.132053
0.131995
0.131937
0.131879
0.131821
0.131763
0.131705
0.131648
0.131591
0.131534
0.131477
0.13142
0.131363
0.131306
0.13125
0.131193
0.131137
0.131081
0.131025
0.130969
0.130914
0.130858
0.130802
0.130747
0.130692
0.130637
0.130582
0.130527
0.130472
0.130418
0.130363
0.130309
0.130255
0.1302
0.130146
0.130092
0.130039
0.129985
0.129932
0.129878
0.129825
0.129772
0.129718
0.129665
0.129613
0.12956
0.129507
0.129455
0.129402
0.12935
0.129298
0.129246
0.129194
0.129142
0.12909
0.129038
0.128987
0.128935
0.128884
0.128833
0.128782
0.128731
0.12868
0.128629
0.128578
0.128527
0.128477
0.128427
0.128376
0.128326
0.128276
0.128226
0.128176
0.128126
0.128076
0.128027
0.127977
0.127928
0.127878
0.127829
0.12778
0.127731
0.127682
0.127633
0.127584
0.127536
0.127487
0.127438
0.12739
0.127342
0.127293
0.127245
0.127197
0.127149
0.127101
0.127054
0.127006
0.126958
0.126911
0.126863
0.126816
0.126769
0.126721
0.126674
0.126627
0.12658
0.126534
0.126487
0.12644
0.126394
0.126347
0.126301
0.126254
0.126208
0.126162
0.126116
0.12607
0.126024
0.125978
0.125932
0.125886
0.125841
0.125795
0.12575
0.125704
0.125659
0.125614
0.125569
0.125524
0.125479
0.125434
0.125389
0.125344
0.125299
0.125255
0.12521
0.125166
0.125121
0.125077
0.125033
0.124989
0.124945
0.124901
0.124857
0.124813
0.124769
0.124725
0.124681
0.124638
0.124594
0.124551
0.124507
0.124464
0.124421
0.124378
0.124335
0.124291
0.124248
0.124206
0.124163
0.12412
0.124077
0.124035
0.123992
0.12395
0.123907
0.123865
0.123822
0.12378
0.123738
0.123696
0.123654
0.123612
0.12357
0.123528
0.123486
0.123444
0.123403
0.123361
0.12332
0.123278
0.123237
0.123195
0.123154
0.123113
0.123072
0.123031
0.12299
0.122949
0.122908
0.122867
0.122826
0.122785
0.122744
0.122704
0.122663
0.122623
0.122582
0.122542
0.122502
0.122461
0.122421
0.122381
0.122341
0.122301
0.122261
0.122221
0.122181
0.122141
0.122101
0.122062
0.122022
0.121982
0.121943
0.121903
0.121864
0.121824
0.121785
0.121746
0.121707
0.121667
0.121628
0.121589
0.12155
0.121511
0.121472
0.121433
0.121395
0.121356
0.121317
0.121279
0.12124
0.121201
0.121163
0.121124
0.121086
0.121048
0.121009
0.120971
0.120933
0.120895
0.120857
0.120819
0.120781
0.120743
0.120705
0.120667
0.120629
0.120592
0.120554
0.120516
0.120479
0.120441
0.120404
0.120366
0.120329
0.120291
0.120254
0.120217
0.12018
0.120142
0.120105
0.120068
0.120031
0.119994
0.119957
0.11992
0.119884
0.119847
0.11981
0.119773
0.119737
0.1197
0.119663
0.119627
0.11959
0.119554
0.119517
0.119481
0.119445
0.119409
0.119372
0.119336
0.1193
0.119264
0.119228
0.119192
0.119156
0.11912
0.119084
0.119048
0.119012
0.118977
0.118941
0.118905
0.11887
0.118834
0.118798
0.118763
0.118727
0.118692
0.118657
0.118621
0.118586
0.118551
0.118515
0.11848
0.118445
0.11841
0.118375
0.11834
0.118305
0.11827
0.118235
0.1182
0.118165
0.11813
0.118096
0.118061
0.118026
0.117992
0.117957
0.117922
0.117888
0.117853
0.117819
0.117785
0.11775
0.117716
0.117682
0.117647
0.117613
0.117579
0.117545
0.117511
0.117476
0.117442
0.117408
0.117374
0.11734
0.117307
0.117273
0.117239
0.117205
0.117171
0.117137
0.117104
0.11707
0.117036
0.117003
0.116969
0.116936
0.116902
0.116869
0.116835
0.116802
0.116769
0.116735
0.116702
0.116669
0.116636
0.116602
0.116569
0.116536
0.116503
0.11647
0.116437
0.116404
0.116371
0.116338
0.116305
0.116272
0.116239
0.116207
0.116174
0.116141
0.116108
0.116076
0.116043
0.11601
0.115978
0.115945
0.115913
0.11588
0.115848
0.115815
0.115783
0.115751
0.115718
0.115686
0.115654
0.115622
0.115589
0.115557
0.115525
0.115493
0.115461
0.115429
0.115397
0.115365
0.115333
0.115301
0.115269
0.115237
0.115205
0.115173
0.115141
0.11511
0.115078
0.115046
0.115014
0.114983
0.114951
0.114919
0.114888
0.114856
0.114825
0.114793
0.114762
0.11473
0.114699
0.114668
0.114636
0.114605
0.114574
0.114542
0.114511
0.11448
0.114449
0.114417
0.114386
0.114355
0.114324
0.114293
0.114262
0.114231
0.1142
0.114169
0.114138
0.114107
0.114076
0.114045
0.114014
0.113984
0.113953
0.113922
0.113891
0.113861
0.11383
0.113799
0.113768
0.113738
0.113707
0.113677
0.113646
0.113616
0.113585
0.113555
0.113524
0.113494
0.113463
0.113433
0.113403
0.113372
0.113342
0.113312
0.113281
0.113251
0.113221
0.113191
0.11316
0.11313
0.1131
0.11307
0.11304
0.11301
0.11298
0.11295
0.11292
0.11289
0.11286
0.11283
0.1128
0.11277
0.11274
0.11271
0.11268
0.11265
0.112621
0.112591
0.112561
0.112531
0.112502
0.112472
0.112442
0.112412
0.112383
0.112353
0.112324
0.112294
0.112264
0.112235
0.112205
0.112176
0.112146
0.112117
0.112087
0.112058
0.112028
0.111999
0.11197
0.11194
0.111911
0.111881
0.111852
0.111823
0.111794
0.111764
0.111735
0.111706
0.111677
0.111647
0.111618
0.111589
0.11156
0.111531
0.111501
0.111472
0.111443
0.111414
0.111385
0.111356
0.111327
0.111298
0.111269
0.11124
0.111211
0.111182
0.111153
0.111124
0.111095
0.111066
0.111037
0.111008
0.110979
0.11095
0.110921
0.110892
0.110864
0.110835
0.110806
0.110777
0.110748
0.110719
0.11069
0.110662
0.110633
0.110604
0.110575
0.110546
0.110518
0.110489
0.11046
0.110431
0.110403
0.110374
0.110345
0.110316
0.110287
0.110259
0.11023
0.110201
0.110172
0.110144
0.110115
0.110086
0.110057
0.110029
0.11
0.109971
0.109942
0.109913
0.109885
0.109856
0.109827
0.109798
0.109769
0.109741
0.109712
0.109683
0.109654
0.109625
0.109596
0.109567
0.109538
0.109509
0.10948
0.109451
0.109422
0.109393
0.109364
0.109335
0.109306
0.109276
0.109247
0.109218
0.109189
0.109159
0.10913
0.1091
0.109071
0.109041
0.109012
0.108982
0.108952
0.108922
0.108892
0.108863
0.108832
0.108802
0.108772
0.108742
0.108711
0.108681
0.10865
0.108619
0.108589
0.108558
0.108526
0.108495
0.108464
0.108432
0.1084
0.108368
0.108336
0.108304
0.108271
0.108238
0.108205
0.108171
0.108138
0.108104
0.108069
0.108034
0.107999
0.107964
0.107928
0.107891
0.107854
0.107816
0.107778
0.107739
0.1077
0.107659
0.107618
0.107575
0.107532
0.107488
0.107442
0.107395
0.107346
0.107296
0.107244
0.10719
0.107133
0.107074
0.107012
0.106946
0.106877
0.106803
0.106724
0.106639
0.106547
0.106446
0.106336
0.106214
0.106078
0.105924
0.105747
0.105542
0.105299
0.105006
0.104644
0.104184
0.103574
0.102725
0.101456
0.0993472
0.0951467
0.0834531
0.0670077
0.0662911
0.0667869
0.067359
0.0676643
0.0677486
0.0676901
0.0675286
0.0673151
0.0671235
0.0670075
0.0669752
0.0670047
0.0670687
0.0671447
0.0672172
0.0672755
0.0673127
0.0673258
0.0673159
0.0672884
0.067252
0.0672162
0.0671887
0.0671738
0.0671719
0.0671805
0.0671956
0.0672128
0.0672283
0.0672396
0.0672453
0.0672455
0.0672411
0.0672341
0.0672263
0.0672196
0.0672151
0.0672131
0.0672137
0.067216
0.0672193
0.0672226
0.0672252
0.0672268
0.0672272
0.0672265
0.0672251
0.0672234
0.0672217
0.0672205
0.0672198
0.0672196
0.06722
0.0672206
0.0672213
0.0672219
0.0672223
0.0672225
0.0672224
0.0672221
0.0672216
0.0672211
0.0672207
0.0672203
0.0672201
0.06722
0.0672199
0.06722
0.06722
0.06722
0.06722
0.06722
0.0672199
0.0672199
0.0672198
0.0672198
0.0672198
0.0672198
0.0672199
0.06722
0.0672201
0.0672201
0.0672202
0.0672202
0.0672203
0.0672202
0.0672202
0.0672201
0.0672201
0.06722
0.0672199
0.0672198
0.0672197
0.0672196
0.0672195
0.0672194
0.0672193
0.0672193
0.0672192
)
;

boundaryField
{
    inlet
    {
        type            calculated;
        value           uniform 0.15;
    }
    outlet
    {
        type            calculated;
        value           uniform 0.0672192;
    }
    emptyWalls
    {
        type            empty;
    }
}


// ************************************************************************* //
