/*--------------------------------*- C++ -*----------------------------------*\
  =========                 |
  \\      /  F ield         | OpenFOAM: The Open Source CFD Toolbox
   \\    /   O peration     | Website:  https://openfoam.org
    \\  /    A nd           | Version:  9
     \\/     M anipulation  |
\*---------------------------------------------------------------------------*/
FoamFile
{
    format      ascii;
    class       volScalarField;
    location    "5.4";
    object      Sb;
}
// * * * * * * * * * * * * * * * * * * * * * * * * * * * * * * * * * * * * * //

dimensions      [0 0 0 0 0 0 0];

internalField   nonuniform List<scalar> 
1000
(
0.498247
0.497183
0.496205
0.495272
0.494369
0.493489
0.492627
0.491782
0.490952
0.490134
0.489329
0.488535
0.487752
0.486979
0.486215
0.485461
0.484715
0.483978
0.48325
0.482529
0.481816
0.48111
0.480412
0.479721
0.479037
0.478359
0.477688
0.477023
0.476365
0.475713
0.475066
0.474426
0.473791
0.473162
0.472538
0.47192
0.471307
0.470699
0.470096
0.469498
0.468905
0.468317
0.467733
0.467154
0.46658
0.46601
0.465444
0.464883
0.464325
0.463772
0.463223
0.462678
0.462137
0.4616
0.461067
0.460537
0.460011
0.459489
0.45897
0.458455
0.457943
0.457435
0.45693
0.456428
0.45593
0.455435
0.454943
0.454454
0.453968
0.453486
0.453006
0.452529
0.452055
0.451584
0.451116
0.450651
0.450188
0.449728
0.449271
0.448817
0.448365
0.447916
0.447469
0.447025
0.446583
0.446144
0.445707
0.445272
0.44484
0.44441
0.443983
0.443558
0.443135
0.442714
0.442296
0.441879
0.441465
0.441053
0.440643
0.440235
0.439829
0.439425
0.439023
0.438624
0.438226
0.43783
0.437436
0.437044
0.436653
0.436265
0.435878
0.435493
0.43511
0.434729
0.43435
0.433972
0.433596
0.433222
0.432849
0.432478
0.432109
0.431741
0.431375
0.43101
0.430647
0.430286
0.429926
0.429568
0.429211
0.428856
0.428502
0.42815
0.427799
0.42745
0.427102
0.426755
0.42641
0.426066
0.425724
0.425383
0.425043
0.424705
0.424368
0.424032
0.423698
0.423365
0.423033
0.422702
0.422373
0.422045
0.421718
0.421392
0.421068
0.420745
0.420423
0.420102
0.419782
0.419464
0.419146
0.41883
0.418515
0.418201
0.417888
0.417576
0.417265
0.416956
0.416647
0.41634
0.416033
0.415728
0.415423
0.41512
0.414818
0.414516
0.414216
0.413917
0.413618
0.413321
0.413024
0.412729
0.412434
0.412141
0.411848
0.411556
0.411265
0.410976
0.410687
0.410398
0.410111
0.409825
0.409539
0.409255
0.408971
0.408688
0.408406
0.408125
0.407845
0.407565
0.407286
0.407009
0.406732
0.406455
0.40618
0.405905
0.405631
0.405358
0.405086
0.404814
0.404543
0.404273
0.404004
0.403736
0.403468
0.403201
0.402934
0.402669
0.402404
0.40214
0.401876
0.401613
0.401351
0.40109
0.400829
0.400569
0.40031
0.400051
0.399793
0.399536
0.399279
0.399023
0.398767
0.398513
0.398259
0.398005
0.397752
0.3975
0.397248
0.396997
0.396747
0.396497
0.396248
0.395999
0.395751
0.395504
0.395257
0.395011
0.394765
0.39452
0.394276
0.394032
0.393788
0.393545
0.393303
0.393061
0.39282
0.392579
0.392339
0.3921
0.391861
0.391622
0.391384
0.391147
0.39091
0.390673
0.390437
0.390202
0.389967
0.389732
0.389498
0.389265
0.389032
0.388799
0.388567
0.388335
0.388104
0.387874
0.387643
0.387414
0.387184
0.386955
0.386727
0.386499
0.386272
0.386045
0.385818
0.385592
0.385366
0.385141
0.384916
0.384691
0.384467
0.384244
0.38402
0.383797
0.383575
0.383353
0.383131
0.38291
0.382689
0.382469
0.382249
0.382029
0.38181
0.381591
0.381372
0.381154
0.380936
0.380718
0.380501
0.380284
0.380068
0.379852
0.379636
0.37942
0.379205
0.37899
0.378776
0.378562
0.378348
0.378135
0.377921
0.377708
0.377496
0.377284
0.377072
0.37686
0.376648
0.376437
0.376226
0.376016
0.375806
0.375596
0.375386
0.375176
0.374967
0.374758
0.374549
0.374341
0.374132
0.373924
0.373716
0.373509
0.373301
0.373094
0.372887
0.37268
0.372473
0.372267
0.372061
0.371855
0.371649
0.371443
0.371237
0.371031
0.370826
0.370621
0.370415
0.37021
0.370005
0.3698
0.369595
0.36939
0.369185
0.368981
0.368776
0.368571
0.368366
0.368161
0.367956
0.367751
0.367546
0.367341
0.367135
0.36693
0.366724
0.366518
0.366312
0.366105
0.365899
0.365692
0.365484
0.365276
0.365068
0.364859
0.364649
0.364439
0.364229
0.364017
0.363805
0.363592
0.363378
0.363162
0.362946
0.362728
0.362509
0.362289
0.362067
0.361843
0.361617
0.361389
0.361158
0.360925
0.360688
0.360449
0.360206
0.359959
0.359707
0.35945
0.359188
0.35892
0.358644
0.358361
0.358068
0.357765
0.35745
0.357122
0.356778
0.356415
0.356031
0.355621
0.355181
0.354705
0.354183
0.353607
0.352962
0.352229
0.351382
0.350384
0.349179
0.34768
0.345745
0.343126
0.33934
0.33333
0.322215
0.295
0.233461
0.225439
0.221864
0.221423
0.222127
0.222916
0.22354
0.224024
0.224384
0.22458
0.224567
0.224348
0.223995
0.223624
0.223341
0.223197
0.22319
0.223281
0.223425
0.223581
0.223717
0.223813
0.223858
0.223853
0.223807
0.223738
0.223664
0.223602
0.223563
0.223551
0.223561
0.223588
0.223622
0.223655
0.22368
0.223695
0.223698
0.223691
0.223678
0.223662
0.223647
0.223636
0.223631
0.22363
0.223633
0.223638
0.223644
0.223648
0.223651
0.223651
0.22365
0.223646
0.223642
0.223638
0.223634
0.223632
0.22363
0.22363
0.22363
0.22363
0.22363
0.22363
0.22363
0.223629
0.223628
0.223627
0.223626
0.223625
0.223624
0.223624
0.223624
0.223624
0.223624
0.223624
0.223624
0.223624
0.223623
0.223623
0.223622
0.223622
0.223621
0.22362
0.22362
0.223619
0.223618
0.223617
0.223616
0.223615
0.223614
0.223613
0.223612
0.223611
0.22361
0.223609
0.223608
0.223606
0.223605
0.223604
0.223603
0.223602
0.223602
0.223601
0.2236
0.2236
0.223599
0.223599
0.223598
0.223598
0.223598
0.223598
0.223598
0.223598
0.223598
0.223598
0.223598
0.223598
0.223598
0.223598
0.223598
0.223598
0.223597
0.223597
0.223596
0.223596
0.223595
0.223594
0.223593
0.223592
0.223591
0.22359
0.223589
0.223587
0.223586
0.223585
0.223583
0.223582
0.22358
0.223579
0.223578
0.223576
0.223575
0.223574
0.223572
0.223571
0.22357
0.223569
0.223568
0.223567
0.223566
0.223565
0.223564
0.223563
0.223562
0.223561
0.22356
0.22356
0.223559
0.223558
0.223557
0.223557
0.223556
0.223556
0.223555
0.223554
0.223554
0.223553
0.223553
0.223552
0.223552
0.223551
0.22355
0.22355
0.223549
0.223549
0.223548
0.223548
0.223547
0.223546
0.223546
0.223545
0.223545
0.223544
0.223543
0.223543
0.223542
0.223541
0.22354
0.22354
0.223539
0.223538
0.223537
0.223536
0.223536
0.223535
0.223534
0.223533
0.223532
0.223531
0.22353
0.22353
0.223529
0.223528
0.223527
0.223526
0.223525
0.223524
0.223524
0.223523
0.223522
0.223521
0.22352
0.22352
0.223519
0.223518
0.223518
0.223517
0.223516
0.223515
0.223515
0.223514
0.223513
0.223513
0.223512
0.223511
0.22351
0.22351
0.223509
0.223508
0.223507
0.223507
0.223506
0.223505
0.223504
0.223503
0.223502
0.223501
0.2235
0.223499
0.223498
0.223497
0.223496
0.223495
0.223494
0.223493
0.223492
0.223491
0.22349
0.223489
0.223488
0.223486
0.223485
0.223484
0.223483
0.223482
0.223481
0.22348
0.223479
0.223478
0.223477
0.223476
0.223475
0.223474
0.223473
0.223473
0.223472
0.223471
0.22347
0.223469
0.223468
0.223467
0.223467
0.223466
0.223465
0.223464
0.223463
0.223463
0.223462
0.223461
0.22346
0.223459
0.223459
0.223458
0.223457
0.223456
0.223455
0.223454
0.223453
0.223452
0.223451
0.22345
0.223449
0.223448
0.223447
0.223446
0.223444
0.223436
0.223395
0.223165
0.221865
0.214628
0.180535
0.117361
0.10025
0.1
0.1
0.1
0.1
0.1
0.1
0.1
0.1
0.1
0.1
0.1
0.1
0.1
0.1
0.1
0.1
0.1
0.1
0.1
0.1
0.1
0.1
0.1
0.1
0.1
0.1
0.1
0.1
0.1
0.1
0.1
0.1
0.1
0.1
0.1
0.1
0.1
0.1
0.1
0.1
0.1
0.1
0.1
0.1
0.1
0.1
0.1
0.1
0.1
0.1
0.1
0.1
0.1
0.1
0.1
0.1
0.1
0.1
0.1
0.1
0.1
0.1
0.1
0.1
0.1
0.1
0.1
0.1
0.1
0.1
0.1
0.1
0.1
0.1
0.1
0.1
0.1
0.1
0.1
0.1
0.1
0.1
0.1
0.1
0.1
0.1
0.1
0.1
0.1
0.1
0.1
0.1
0.1
0.1
0.1
0.1
0.1
0.1
0.1
0.1
0.1
0.1
0.1
0.1
0.1
0.1
0.1
0.1
0.1
0.1
0.1
0.1
0.1
0.1
0.1
0.1
0.1
0.1
0.1
0.1
0.1
0.1
0.1
0.1
0.1
0.1
0.1
0.1
0.1
0.1
0.1
0.1
0.1
0.1
0.1
0.1
0.1
0.1
0.1
0.1
0.1
0.1
0.1
0.1
0.1
0.1
0.1
0.1
0.1
0.1
0.1
0.1
0.1
0.1
0.1
0.1
0.1
0.1
0.1
0.1
0.1
0.1
0.1
0.1
0.1
0.1
0.1
0.1
0.1
0.1
0.1
0.1
0.1
0.1
0.1
0.1
0.1
0.1
0.1
0.1
0.1
0.1
0.1
0.1
0.1
0.1
0.1
0.1
0.1
0.1
0.1
0.1
0.1
0.1
0.1
0.1
0.1
0.1
0.1
0.1
0.1
0.1
0.1
0.1
0.1
0.1
0.1
0.1
0.1
0.1
0.1
0.1
0.1
0.1
0.1
0.1
0.1
0.1
0.1
0.1
0.1
0.1
0.1
0.1
0.1
0.1
0.1
0.1
0.1
0.1
0.1
0.1
0.1
0.1
0.1
0.1
0.1
0.1
0.1
0.1
0.1
0.1
0.1
0.1
0.1
0.1
0.1
0.1
0.1
0.1
0.1
0.1
0.1
0.1
0.1
0.1
0.1
0.1
0.1
0.1
0.1
)
;

boundaryField
{
    inlet
    {
        type            fixedValue;
        value           uniform 0.5;
    }
    outlet
    {
        type            zeroGradient;
    }
    emptyWalls
    {
        type            empty;
    }
}


// ************************************************************************* //
