/*--------------------------------*- C++ -*----------------------------------*\
  =========                 |
  \\      /  F ield         | OpenFOAM: The Open Source CFD Toolbox
   \\    /   O peration     | Website:  https://openfoam.org
    \\  /    A nd           | Version:  9
     \\/     M anipulation  |
\*---------------------------------------------------------------------------*/
FoamFile
{
    format      ascii;
    class       volVectorField;
    location    "6.8";
    object      Uc;
}
// * * * * * * * * * * * * * * * * * * * * * * * * * * * * * * * * * * * * * //

dimensions      [0 0 0 0 0 0 0];

internalField   nonuniform List<vector> 
1000
(
(1.48401e-06 0 0)
(5.34349e-06 0 0)
(1.09062e-05 0 0)
(1.8049e-05 0 0)
(2.66975e-05 0 0)
(3.67965e-05 0 0)
(4.83009e-05 0 0)
(6.11718e-05 0 0)
(7.53743e-05 0 0)
(9.08768e-05 0 0)
(0.00010765 0 0)
(0.000125665 0 0)
(0.000144898 0 0)
(0.000165323 0 0)
(0.000186916 0 0)
(0.000209656 0 0)
(0.00023352 0 0)
(0.000258488 0 0)
(0.00028454 0 0)
(0.000311657 0 0)
(0.000339819 0 0)
(0.000369009 0 0)
(0.000399209 0 0)
(0.000430403 0 0)
(0.000462573 0 0)
(0.000495705 0 0)
(0.000529782 0 0)
(0.000564789 0 0)
(0.000600713 0 0)
(0.000637537 0 0)
(0.000675249 0 0)
(0.000713835 0 0)
(0.000753282 0 0)
(0.000793577 0 0)
(0.000834708 0 0)
(0.000876661 0 0)
(0.000919426 0 0)
(0.000962991 0 0)
(0.00100734 0 0)
(0.00105247 0 0)
(0.00109837 0 0)
(0.00114502 0 0)
(0.00119242 0 0)
(0.00124056 0 0)
(0.00128941 0 0)
(0.00133899 0 0)
(0.00138927 0 0)
(0.00144025 0 0)
(0.00149192 0 0)
(0.00154426 0 0)
(0.00159728 0 0)
(0.00165096 0 0)
(0.00170529 0 0)
(0.00176027 0 0)
(0.00181588 0 0)
(0.00187213 0 0)
(0.00192899 0 0)
(0.00198648 0 0)
(0.00204457 0 0)
(0.00210325 0 0)
(0.00216254 0 0)
(0.00222241 0 0)
(0.00228285 0 0)
(0.00234388 0 0)
(0.00240546 0 0)
(0.00246761 0 0)
(0.00253031 0 0)
(0.00259356 0 0)
(0.00265735 0 0)
(0.00272167 0 0)
(0.00278652 0 0)
(0.0028519 0 0)
(0.0029178 0 0)
(0.0029842 0 0)
(0.00305112 0 0)
(0.00311853 0 0)
(0.00318645 0 0)
(0.00325485 0 0)
(0.00332374 0 0)
(0.00339311 0 0)
(0.00346296 0 0)
(0.00353328 0 0)
(0.00360407 0 0)
(0.00367532 0 0)
(0.00374703 0 0)
(0.00381919 0 0)
(0.0038918 0 0)
(0.00396485 0 0)
(0.00403834 0 0)
(0.00411227 0 0)
(0.00418663 0 0)
(0.00426142 0 0)
(0.00433664 0 0)
(0.00441227 0 0)
(0.00448832 0 0)
(0.00456478 0 0)
(0.00464165 0 0)
(0.00471892 0 0)
(0.0047966 0 0)
(0.00487467 0 0)
(0.00495314 0 0)
(0.00503199 0 0)
(0.00511124 0 0)
(0.00519086 0 0)
(0.00527087 0 0)
(0.00535126 0 0)
(0.00543202 0 0)
(0.00551315 0 0)
(0.00559465 0 0)
(0.00567651 0 0)
(0.00575873 0 0)
(0.00584132 0 0)
(0.00592425 0 0)
(0.00600754 0 0)
(0.00609118 0 0)
(0.00617517 0 0)
(0.0062595 0 0)
(0.00634418 0 0)
(0.00642919 0 0)
(0.00651454 0 0)
(0.00660022 0 0)
(0.00668624 0 0)
(0.00677258 0 0)
(0.00685924 0 0)
(0.00694624 0 0)
(0.00703355 0 0)
(0.00712118 0 0)
(0.00720913 0 0)
(0.00729739 0 0)
(0.00738596 0 0)
(0.00747484 0 0)
(0.00756403 0 0)
(0.00765352 0 0)
(0.00774332 0 0)
(0.00783342 0 0)
(0.00792381 0 0)
(0.0080145 0 0)
(0.00810549 0 0)
(0.00819677 0 0)
(0.00828834 0 0)
(0.00838019 0 0)
(0.00847233 0 0)
(0.00856476 0 0)
(0.00865747 0 0)
(0.00875046 0 0)
(0.00884373 0 0)
(0.00893727 0 0)
(0.00903109 0 0)
(0.00912518 0 0)
(0.00921954 0 0)
(0.00931418 0 0)
(0.00940908 0 0)
(0.00950425 0 0)
(0.00959968 0 0)
(0.00969537 0 0)
(0.00979133 0 0)
(0.00988754 0 0)
(0.00998401 0 0)
(0.0100807 0 0)
(0.0101777 0 0)
(0.010275 0 0)
(0.0103725 0 0)
(0.0104702 0 0)
(0.0105682 0 0)
(0.0106664 0 0)
(0.0107649 0 0)
(0.0108636 0 0)
(0.0109626 0 0)
(0.0110618 0 0)
(0.0111612 0 0)
(0.0112609 0 0)
(0.0113609 0 0)
(0.011461 0 0)
(0.0115614 0 0)
(0.011662 0 0)
(0.0117629 0 0)
(0.011864 0 0)
(0.0119653 0 0)
(0.0120669 0 0)
(0.0121686 0 0)
(0.0122706 0 0)
(0.0123729 0 0)
(0.0124753 0 0)
(0.012578 0 0)
(0.0126809 0 0)
(0.012784 0 0)
(0.0128873 0 0)
(0.0129909 0 0)
(0.0130947 0 0)
(0.0131986 0 0)
(0.0133028 0 0)
(0.0134072 0 0)
(0.0135119 0 0)
(0.0136167 0 0)
(0.0137217 0 0)
(0.013827 0 0)
(0.0139325 0 0)
(0.0140381 0 0)
(0.014144 0 0)
(0.0142501 0 0)
(0.0143564 0 0)
(0.0144629 0 0)
(0.0145696 0 0)
(0.0146765 0 0)
(0.0147835 0 0)
(0.0148908 0 0)
(0.0149983 0 0)
(0.015106 0 0)
(0.0152139 0 0)
(0.015322 0 0)
(0.0154303 0 0)
(0.0155387 0 0)
(0.0156474 0 0)
(0.0157563 0 0)
(0.0158653 0 0)
(0.0159746 0 0)
(0.016084 0 0)
(0.0161936 0 0)
(0.0163034 0 0)
(0.0164134 0 0)
(0.0165236 0 0)
(0.016634 0 0)
(0.0167445 0 0)
(0.0168553 0 0)
(0.0169662 0 0)
(0.0170773 0 0)
(0.0171886 0 0)
(0.0173001 0 0)
(0.0174117 0 0)
(0.0175236 0 0)
(0.0176356 0 0)
(0.0177478 0 0)
(0.0178601 0 0)
(0.0179727 0 0)
(0.0180854 0 0)
(0.0181983 0 0)
(0.0183114 0 0)
(0.0184247 0 0)
(0.0185381 0 0)
(0.0186517 0 0)
(0.0187655 0 0)
(0.0188794 0 0)
(0.0189935 0 0)
(0.0191078 0 0)
(0.0192223 0 0)
(0.0193369 0 0)
(0.0194517 0 0)
(0.0195667 0 0)
(0.0196819 0 0)
(0.0197972 0 0)
(0.0199127 0 0)
(0.0200283 0 0)
(0.0201441 0 0)
(0.0202601 0 0)
(0.0203762 0 0)
(0.0204925 0 0)
(0.020609 0 0)
(0.0207257 0 0)
(0.0208425 0 0)
(0.0209594 0 0)
(0.0210765 0 0)
(0.0211938 0 0)
(0.0213113 0 0)
(0.0214289 0 0)
(0.0215467 0 0)
(0.0216646 0 0)
(0.0217827 0 0)
(0.0219009 0 0)
(0.0220193 0 0)
(0.0221379 0 0)
(0.0222566 0 0)
(0.0223755 0 0)
(0.0224946 0 0)
(0.0226138 0 0)
(0.0227331 0 0)
(0.0228526 0 0)
(0.0229723 0 0)
(0.0230921 0 0)
(0.0232121 0 0)
(0.0233322 0 0)
(0.0234525 0 0)
(0.0235729 0 0)
(0.0236935 0 0)
(0.0238143 0 0)
(0.0239352 0 0)
(0.0240562 0 0)
(0.0241774 0 0)
(0.0242987 0 0)
(0.0244202 0 0)
(0.0245419 0 0)
(0.0246637 0 0)
(0.0247856 0 0)
(0.0249077 0 0)
(0.02503 0 0)
(0.0251524 0 0)
(0.0252749 0 0)
(0.0253976 0 0)
(0.0255205 0 0)
(0.0256435 0 0)
(0.0257666 0 0)
(0.0258899 0 0)
(0.0260133 0 0)
(0.0261369 0 0)
(0.0262607 0 0)
(0.0263845 0 0)
(0.0265086 0 0)
(0.0266327 0 0)
(0.026757 0 0)
(0.0268815 0 0)
(0.0270061 0 0)
(0.0271308 0 0)
(0.0272557 0 0)
(0.0273808 0 0)
(0.0275059 0 0)
(0.0276313 0 0)
(0.0277567 0 0)
(0.0278824 0 0)
(0.0280081 0 0)
(0.028134 0 0)
(0.02826 0 0)
(0.0283862 0 0)
(0.0285126 0 0)
(0.028639 0 0)
(0.0287656 0 0)
(0.0288924 0 0)
(0.0290193 0 0)
(0.0291463 0 0)
(0.0292735 0 0)
(0.0294008 0 0)
(0.0295283 0 0)
(0.0296559 0 0)
(0.0297836 0 0)
(0.0299115 0 0)
(0.0300395 0 0)
(0.0301677 0 0)
(0.030296 0 0)
(0.0304245 0 0)
(0.030553 0 0)
(0.0306818 0 0)
(0.0308106 0 0)
(0.0309396 0 0)
(0.0310688 0 0)
(0.0311981 0 0)
(0.0313275 0 0)
(0.0314571 0 0)
(0.0315868 0 0)
(0.0317166 0 0)
(0.0318466 0 0)
(0.0319768 0 0)
(0.032107 0 0)
(0.0322374 0 0)
(0.032368 0 0)
(0.0324987 0 0)
(0.0326295 0 0)
(0.0327604 0 0)
(0.0328915 0 0)
(0.0330228 0 0)
(0.0331542 0 0)
(0.0332857 0 0)
(0.0334174 0 0)
(0.0335492 0 0)
(0.0336811 0 0)
(0.0338132 0 0)
(0.0339454 0 0)
(0.0340778 0 0)
(0.0342103 0 0)
(0.0343429 0 0)
(0.0344757 0 0)
(0.0346086 0 0)
(0.0347417 0 0)
(0.0348749 0 0)
(0.0350082 0 0)
(0.0351417 0 0)
(0.0352753 0 0)
(0.0354091 0 0)
(0.035543 0 0)
(0.0356771 0 0)
(0.0358112 0 0)
(0.0359456 0 0)
(0.0360801 0 0)
(0.0362147 0 0)
(0.0363494 0 0)
(0.0364843 0 0)
(0.0366194 0 0)
(0.0367546 0 0)
(0.0368899 0 0)
(0.0370254 0 0)
(0.037161 0 0)
(0.0372968 0 0)
(0.0374327 0 0)
(0.0375687 0 0)
(0.0377049 0 0)
(0.0378413 0 0)
(0.0379778 0 0)
(0.0381144 0 0)
(0.0382512 0 0)
(0.0383881 0 0)
(0.0385252 0 0)
(0.0386625 0 0)
(0.0387998 0 0)
(0.0389374 0 0)
(0.039075 0 0)
(0.0392129 0 0)
(0.0393509 0 0)
(0.039489 0 0)
(0.0396273 0 0)
(0.0397657 0 0)
(0.0399043 0 0)
(0.0400431 0 0)
(0.040182 0 0)
(0.040321 0 0)
(0.0404603 0 0)
(0.0405996 0 0)
(0.0407392 0 0)
(0.0408789 0 0)
(0.0410187 0 0)
(0.0411587 0 0)
(0.0412989 0 0)
(0.0414392 0 0)
(0.0415797 0 0)
(0.0417204 0 0)
(0.0418613 0 0)
(0.0420023 0 0)
(0.0421434 0 0)
(0.0422848 0 0)
(0.0424263 0 0)
(0.042568 0 0)
(0.0427099 0 0)
(0.0428519 0 0)
(0.0429941 0 0)
(0.0431365 0 0)
(0.0432791 0 0)
(0.0434219 0 0)
(0.0435648 0 0)
(0.0437079 0 0)
(0.0438513 0 0)
(0.0439948 0 0)
(0.0441385 0 0)
(0.0442824 0 0)
(0.0444265 0 0)
(0.0445708 0 0)
(0.0447153 0 0)
(0.04486 0 0)
(0.0450049 0 0)
(0.04515 0 0)
(0.0452954 0 0)
(0.0454409 0 0)
(0.0455867 0 0)
(0.0457327 0 0)
(0.0458789 0 0)
(0.0460254 0 0)
(0.0461721 0 0)
(0.046319 0 0)
(0.0464662 0 0)
(0.0466136 0 0)
(0.0467613 0 0)
(0.0469092 0 0)
(0.0470575 0 0)
(0.0472059 0 0)
(0.0473547 0 0)
(0.0475037 0 0)
(0.047653 0 0)
(0.0478026 0 0)
(0.0479525 0 0)
(0.0481028 0 0)
(0.0482533 0 0)
(0.0484042 0 0)
(0.0485554 0 0)
(0.0487069 0 0)
(0.0488588 0 0)
(0.0490111 0 0)
(0.0491637 0 0)
(0.0493168 0 0)
(0.0494702 0 0)
(0.049624 0 0)
(0.0497783 0 0)
(0.049933 0 0)
(0.0500882 0 0)
(0.0502438 0 0)
(0.0504 0 0)
(0.0505566 0 0)
(0.0507138 0 0)
(0.0508715 0 0)
(0.0510298 0 0)
(0.0511887 0 0)
(0.0513483 0 0)
(0.0515085 0 0)
(0.0516694 0 0)
(0.051831 0 0)
(0.0519933 0 0)
(0.0521565 0 0)
(0.0523204 0 0)
(0.0524853 0 0)
(0.0526511 0 0)
(0.0528178 0 0)
(0.0529856 0 0)
(0.0531545 0 0)
(0.0533246 0 0)
(0.0534958 0 0)
(0.0536684 0 0)
(0.0538424 0 0)
(0.0540178 0 0)
(0.0541949 0 0)
(0.0543736 0 0)
(0.0545542 0 0)
(0.0547367 0 0)
(0.0549213 0 0)
(0.0551081 0 0)
(0.0552975 0 0)
(0.0554894 0 0)
(0.0556843 0 0)
(0.0558822 0 0)
(0.0560836 0 0)
(0.0562887 0 0)
(0.0564979 0 0)
(0.0567116 0 0)
(0.0569302 0 0)
(0.0571542 0 0)
(0.0573844 0 0)
(0.0576212 0 0)
(0.0578656 0 0)
(0.0581185 0 0)
(0.0583809 0 0)
(0.058654 0 0)
(0.0589394 0 0)
(0.0592388 0 0)
(0.0595544 0 0)
(0.0598886 0 0)
(0.0602446 0 0)
(0.0606261 0 0)
(0.061038 0 0)
(0.0614861 0 0)
(0.0619781 0 0)
(0.0625238 0 0)
(0.0631364 0 0)
(0.0638332 0 0)
(0.0646385 0 0)
(0.0655866 0 0)
(0.0667278 0 0)
(0.0681388 0 0)
(0.0699431 0 0)
(0.072352 0 0)
(0.0757602 0 0)
(0.080998 0 0)
(0.0901608 0 0)
(0.110336 0 0)
(0.206403 0 0)
(0.29735 0 0)
(0.299738 0 0)
(0.27939 0 0)
(0.250908 0 0)
(0.226915 0 0)
(0.214847 0 0)
(0.212453 0 0)
(0.215061 0 0)
(0.21982 0 0)
(0.225384 0 0)
(0.230995 0 0)
(0.236039 0 0)
(0.239927 0 0)
(0.242155 0 0)
(0.242462 0 0)
(0.240979 0 0)
(0.23827 0 0)
(0.235168 0 0)
(0.232482 0 0)
(0.230744 0 0)
(0.23012 0 0)
(0.230469 0 0)
(0.231483 0 0)
(0.232805 0 0)
(0.234108 0 0)
(0.235142 0 0)
(0.235756 0 0)
(0.235908 0 0)
(0.235654 0 0)
(0.235126 0 0)
(0.234486 0 0)
(0.233892 0 0)
(0.23346 0 0)
(0.233247 0 0)
(0.233253 0 0)
(0.233433 0 0)
(0.233718 0 0)
(0.234031 0 0)
(0.234308 0 0)
(0.234503 0 0)
(0.234596 0 0)
(0.234593 0 0)
(0.234515 0 0)
(0.234396 0 0)
(0.234269 0 0)
(0.234163 0 0)
(0.234096 0 0)
(0.234073 0 0)
(0.234089 0 0)
(0.234133 0 0)
(0.23419 0 0)
(0.234244 0 0)
(0.234285 0 0)
(0.234306 0 0)
(0.234307 0 0)
(0.23429 0 0)
(0.234263 0 0)
(0.234233 0 0)
(0.234206 0 0)
(0.234186 0 0)
(0.234177 0 0)
(0.234177 0 0)
(0.234186 0 0)
(0.234198 0 0)
(0.234213 0 0)
(0.234225 0 0)
(0.234234 0 0)
(0.234239 0 0)
(0.234241 0 0)
(0.234239 0 0)
(0.234237 0 0)
(0.234234 0 0)
(0.234233 0 0)
(0.234233 0 0)
(0.234236 0 0)
(0.23424 0 0)
(0.234245 0 0)
(0.23425 0 0)
(0.234254 0 0)
(0.234258 0 0)
(0.234261 0 0)
(0.234262 0 0)
(0.234263 0 0)
(0.234263 0 0)
(0.234263 0 0)
(0.234262 0 0)
(0.234263 0 0)
(0.234263 0 0)
(0.234264 0 0)
(0.234265 0 0)
(0.234267 0 0)
(0.234268 0 0)
(0.23427 0 0)
(0.234271 0 0)
(0.234273 0 0)
(0.234274 0 0)
(0.234275 0 0)
(0.234276 0 0)
(0.234278 0 0)
(0.234279 0 0)
(0.234281 0 0)
(0.234282 0 0)
(0.234284 0 0)
(0.234286 0 0)
(0.234287 0 0)
(0.234289 0 0)
(0.23429 0 0)
(0.234292 0 0)
(0.234293 0 0)
(0.234294 0 0)
(0.234295 0 0)
(0.234296 0 0)
(0.234297 0 0)
(0.234297 0 0)
(0.234298 0 0)
(0.234299 0 0)
(0.2343 0 0)
(0.234301 0 0)
(0.234302 0 0)
(0.234303 0 0)
(0.234304 0 0)
(0.234305 0 0)
(0.234306 0 0)
(0.234307 0 0)
(0.234308 0 0)
(0.23431 0 0)
(0.234311 0 0)
(0.234312 0 0)
(0.234314 0 0)
(0.234315 0 0)
(0.234317 0 0)
(0.234318 0 0)
(0.23432 0 0)
(0.234322 0 0)
(0.234323 0 0)
(0.234325 0 0)
(0.234326 0 0)
(0.234328 0 0)
(0.23433 0 0)
(0.234331 0 0)
(0.234333 0 0)
(0.234334 0 0)
(0.234336 0 0)
(0.234338 0 0)
(0.234339 0 0)
(0.234341 0 0)
(0.234342 0 0)
(0.234344 0 0)
(0.234345 0 0)
(0.234347 0 0)
(0.234348 0 0)
(0.23435 0 0)
(0.234351 0 0)
(0.234353 0 0)
(0.234354 0 0)
(0.234356 0 0)
(0.234357 0 0)
(0.234359 0 0)
(0.23436 0 0)
(0.234362 0 0)
(0.234363 0 0)
(0.234365 0 0)
(0.234367 0 0)
(0.234368 0 0)
(0.23437 0 0)
(0.234371 0 0)
(0.234373 0 0)
(0.234374 0 0)
(0.234376 0 0)
(0.234377 0 0)
(0.234379 0 0)
(0.23438 0 0)
(0.234382 0 0)
(0.234383 0 0)
(0.234385 0 0)
(0.234386 0 0)
(0.234388 0 0)
(0.234389 0 0)
(0.234391 0 0)
(0.234392 0 0)
(0.234394 0 0)
(0.234396 0 0)
(0.234397 0 0)
(0.234399 0 0)
(0.234401 0 0)
(0.234403 0 0)
(0.234406 0 0)
(0.234408 0 0)
(0.23441 0 0)
(0.234413 0 0)
(0.234415 0 0)
(0.234418 0 0)
(0.234421 0 0)
(0.234424 0 0)
(0.234427 0 0)
(0.234431 0 0)
(0.234434 0 0)
(0.234438 0 0)
(0.234441 0 0)
(0.234445 0 0)
(0.234449 0 0)
(0.234453 0 0)
(0.234456 0 0)
(0.23446 0 0)
(0.234464 0 0)
(0.234468 0 0)
(0.234471 0 0)
(0.234475 0 0)
(0.234478 0 0)
(0.234481 0 0)
(0.234484 0 0)
(0.234487 0 0)
(0.234489 0 0)
(0.234491 0 0)
(0.234493 0 0)
(0.234495 0 0)
(0.234496 0 0)
(0.234498 0 0)
(0.234498 0 0)
(0.234499 0 0)
(0.2345 0 0)
(0.2345 0 0)
(0.2345 0 0)
(0.2345 0 0)
(0.234499 0 0)
(0.234499 0 0)
(0.234498 0 0)
(0.234498 0 0)
(0.234497 0 0)
(0.234496 0 0)
(0.234495 0 0)
(0.234494 0 0)
(0.234493 0 0)
(0.234492 0 0)
(0.234492 0 0)
(0.234491 0 0)
(0.23449 0 0)
(0.23449 0 0)
(0.234489 0 0)
(0.234489 0 0)
(0.234488 0 0)
(0.234488 0 0)
(0.234488 0 0)
(0.234488 0 0)
(0.234488 0 0)
(0.234488 0 0)
(0.234488 0 0)
(0.234488 0 0)
(0.234489 0 0)
(0.234489 0 0)
(0.23449 0 0)
(0.23449 0 0)
(0.234491 0 0)
(0.234492 0 0)
(0.234492 0 0)
(0.234493 0 0)
(0.234494 0 0)
(0.234495 0 0)
(0.234496 0 0)
(0.234497 0 0)
(0.234498 0 0)
(0.234499 0 0)
(0.2345 0 0)
(0.234502 0 0)
(0.234503 0 0)
(0.234504 0 0)
(0.234505 0 0)
(0.234507 0 0)
(0.234508 0 0)
(0.23451 0 0)
(0.234511 0 0)
(0.234513 0 0)
(0.234514 0 0)
(0.234516 0 0)
(0.234518 0 0)
(0.234519 0 0)
(0.234521 0 0)
(0.234523 0 0)
(0.234524 0 0)
(0.234526 0 0)
(0.234528 0 0)
(0.23453 0 0)
(0.234532 0 0)
(0.234534 0 0)
(0.234535 0 0)
(0.234537 0 0)
(0.234539 0 0)
(0.234541 0 0)
(0.234543 0 0)
(0.234545 0 0)
(0.234547 0 0)
(0.234549 0 0)
(0.234551 0 0)
(0.234553 0 0)
(0.234555 0 0)
(0.234556 0 0)
(0.234558 0 0)
(0.23456 0 0)
(0.234562 0 0)
(0.234564 0 0)
(0.234566 0 0)
(0.234568 0 0)
(0.234569 0 0)
(0.234571 0 0)
(0.234573 0 0)
(0.234575 0 0)
(0.234576 0 0)
(0.234578 0 0)
(0.23458 0 0)
(0.234582 0 0)
(0.234583 0 0)
(0.234585 0 0)
(0.234587 0 0)
(0.234588 0 0)
(0.23459 0 0)
(0.234592 0 0)
(0.234593 0 0)
(0.234595 0 0)
(0.234597 0 0)
(0.234599 0 0)
(0.2346 0 0)
(0.234602 0 0)
(0.234604 0 0)
(0.234606 0 0)
(0.234607 0 0)
(0.234609 0 0)
(0.234611 0 0)
(0.234613 0 0)
(0.234615 0 0)
(0.234617 0 0)
(0.234619 0 0)
(0.234621 0 0)
(0.234623 0 0)
(0.234625 0 0)
(0.234627 0 0)
(0.23463 0 0)
(0.234632 0 0)
(0.234634 0 0)
(0.234637 0 0)
(0.234639 0 0)
(0.234642 0 0)
(0.234644 0 0)
(0.234647 0 0)
(0.234649 0 0)
(0.234652 0 0)
(0.234655 0 0)
(0.234658 0 0)
(0.234661 0 0)
(0.234663 0 0)
(0.234666 0 0)
(0.234669 0 0)
(0.234672 0 0)
(0.234675 0 0)
(0.234678 0 0)
(0.234681 0 0)
(0.234685 0 0)
(0.234688 0 0)
(0.234691 0 0)
(0.234694 0 0)
(0.234697 0 0)
(0.2347 0 0)
(0.234703 0 0)
(0.234706 0 0)
(0.234708 0 0)
(0.234711 0 0)
(0.234714 0 0)
(0.234717 0 0)
(0.234719 0 0)
(0.234722 0 0)
(0.234724 0 0)
(0.234726 0 0)
(0.234728 0 0)
(0.23473 0 0)
(0.234732 0 0)
(0.234734 0 0)
(0.234737 0 0)
(0.234744 0 0)
(0.234777 0 0)
(0.234958 0 0)
(0.235975 0 0)
(0.241577 0 0)
(0.267801 0 0)
(0.322944 0 0)
(0.36099 0 0)
(0.365393 0 0)
(0.365403 0 0)
(0.365399 0 0)
(0.365394 0 0)
(0.36539 0 0)
(0.365387 0 0)
(0.365385 0 0)
(0.365382 0 0)
(0.36538 0 0)
(0.365377 0 0)
(0.365375 0 0)
(0.365372 0 0)
(0.36537 0 0)
(0.365368 0 0)
(0.365366 0 0)
(0.365364 0 0)
(0.365362 0 0)
(0.36536 0 0)
(0.365359 0 0)
(0.365357 0 0)
(0.365356 0 0)
(0.365355 0 0)
(0.365354 0 0)
(0.365353 0 0)
(0.365353 0 0)
(0.365352 0 0)
(0.365352 0 0)
(0.365352 0 0)
(0.365352 0 0)
(0.365352 0 0)
(0.365353 0 0)
(0.365353 0 0)
(0.365354 0 0)
(0.365355 0 0)
(0.365355 0 0)
(0.365356 0 0)
(0.365357 0 0)
(0.365359 0 0)
(0.36536 0 0)
(0.365362 0 0)
(0.365363 0 0)
(0.365365 0 0)
(0.365367 0 0)
(0.365368 0 0)
(0.36537 0 0)
(0.365372 0 0)
(0.365374 0 0)
(0.365376 0 0)
(0.365379 0 0)
(0.365381 0 0)
(0.365383 0 0)
(0.365385 0 0)
(0.365387 0 0)
(0.365389 0 0)
(0.365391 0 0)
(0.365393 0 0)
(0.365395 0 0)
(0.365397 0 0)
(0.365398 0 0)
(0.3654 0 0)
(0.365401 0 0)
(0.365402 0 0)
(0.365404 0 0)
(0.365404 0 0)
(0.365405 0 0)
(0.365406 0 0)
(0.365406 0 0)
(0.365407 0 0)
(0.365407 0 0)
)
;

boundaryField
{
    inlet
    {
        type            fixedValue;
        value           uniform (0 0 0);
    }
    outlet
    {
        type            zeroGradient;
    }
    emptyWalls
    {
        type            empty;
    }
}


// ************************************************************************* //
