/*--------------------------------*- C++ -*----------------------------------*\
  =========                 |
  \\      /  F ield         | OpenFOAM: The Open Source CFD Toolbox
   \\    /   O peration     | Website:  https://openfoam.org
    \\  /    A nd           | Version:  9
     \\/     M anipulation  |
\*---------------------------------------------------------------------------*/
FoamFile
{
    format      ascii;
    class       volScalarField;
    location    "8.4";
    object      p;
}
// * * * * * * * * * * * * * * * * * * * * * * * * * * * * * * * * * * * * * //

dimensions      [0 0 0 0 0 0 0];

internalField   nonuniform List<scalar> 
1000
(
2.48257e+13
2.48157e+13
2.48058e+13
2.47958e+13
2.47858e+13
2.47757e+13
2.47656e+13
2.47555e+13
2.47453e+13
2.47352e+13
2.4725e+13
2.47147e+13
2.47045e+13
2.46942e+13
2.46839e+13
2.46735e+13
2.46632e+13
2.46528e+13
2.46423e+13
2.46319e+13
2.46214e+13
2.46109e+13
2.46004e+13
2.45898e+13
2.45792e+13
2.45686e+13
2.4558e+13
2.45473e+13
2.45366e+13
2.45259e+13
2.45152e+13
2.45044e+13
2.44936e+13
2.44828e+13
2.4472e+13
2.44611e+13
2.44502e+13
2.44393e+13
2.44284e+13
2.44174e+13
2.44064e+13
2.43954e+13
2.43844e+13
2.43733e+13
2.43622e+13
2.43511e+13
2.434e+13
2.43288e+13
2.43176e+13
2.43064e+13
2.42952e+13
2.4284e+13
2.42727e+13
2.42614e+13
2.42501e+13
2.42387e+13
2.42273e+13
2.42159e+13
2.42045e+13
2.41931e+13
2.41816e+13
2.41701e+13
2.41586e+13
2.41471e+13
2.41355e+13
2.4124e+13
2.41124e+13
2.41007e+13
2.40891e+13
2.40774e+13
2.40657e+13
2.4054e+13
2.40423e+13
2.40305e+13
2.40188e+13
2.4007e+13
2.39951e+13
2.39833e+13
2.39714e+13
2.39595e+13
2.39476e+13
2.39357e+13
2.39237e+13
2.39118e+13
2.38998e+13
2.38877e+13
2.38757e+13
2.38636e+13
2.38515e+13
2.38394e+13
2.38273e+13
2.38152e+13
2.3803e+13
2.37908e+13
2.37786e+13
2.37664e+13
2.37541e+13
2.37418e+13
2.37295e+13
2.37172e+13
2.37049e+13
2.36925e+13
2.36802e+13
2.36678e+13
2.36553e+13
2.36429e+13
2.36304e+13
2.3618e+13
2.36055e+13
2.35929e+13
2.35804e+13
2.35678e+13
2.35553e+13
2.35427e+13
2.353e+13
2.35174e+13
2.35047e+13
2.3492e+13
2.34793e+13
2.34666e+13
2.34539e+13
2.34411e+13
2.34283e+13
2.34155e+13
2.34027e+13
2.33899e+13
2.3377e+13
2.33641e+13
2.33512e+13
2.33383e+13
2.33254e+13
2.33124e+13
2.32994e+13
2.32864e+13
2.32734e+13
2.32604e+13
2.32473e+13
2.32343e+13
2.32212e+13
2.3208e+13
2.31949e+13
2.31818e+13
2.31686e+13
2.31554e+13
2.31422e+13
2.3129e+13
2.31157e+13
2.31025e+13
2.30892e+13
2.30759e+13
2.30625e+13
2.30492e+13
2.30359e+13
2.30225e+13
2.30091e+13
2.29957e+13
2.29822e+13
2.29688e+13
2.29553e+13
2.29418e+13
2.29283e+13
2.29148e+13
2.29012e+13
2.28877e+13
2.28741e+13
2.28605e+13
2.28469e+13
2.28332e+13
2.28196e+13
2.28059e+13
2.27922e+13
2.27785e+13
2.27648e+13
2.2751e+13
2.27373e+13
2.27235e+13
2.27097e+13
2.26959e+13
2.26821e+13
2.26682e+13
2.26543e+13
2.26404e+13
2.26265e+13
2.26126e+13
2.25987e+13
2.25847e+13
2.25707e+13
2.25567e+13
2.25427e+13
2.25287e+13
2.25147e+13
2.25006e+13
2.24865e+13
2.24724e+13
2.24583e+13
2.24442e+13
2.243e+13
2.24158e+13
2.24016e+13
2.23874e+13
2.23732e+13
2.2359e+13
2.23447e+13
2.23305e+13
2.23162e+13
2.23019e+13
2.22875e+13
2.22732e+13
2.22588e+13
2.22445e+13
2.22301e+13
2.22156e+13
2.22012e+13
2.21868e+13
2.21723e+13
2.21578e+13
2.21433e+13
2.21288e+13
2.21143e+13
2.20998e+13
2.20852e+13
2.20706e+13
2.2056e+13
2.20414e+13
2.20268e+13
2.20121e+13
2.19975e+13
2.19828e+13
2.19681e+13
2.19534e+13
2.19386e+13
2.19239e+13
2.19091e+13
2.18944e+13
2.18796e+13
2.18647e+13
2.18499e+13
2.18351e+13
2.18202e+13
2.18053e+13
2.17904e+13
2.17755e+13
2.17606e+13
2.17457e+13
2.17307e+13
2.17157e+13
2.17007e+13
2.16857e+13
2.16707e+13
2.16556e+13
2.16406e+13
2.16255e+13
2.16104e+13
2.15953e+13
2.15802e+13
2.15651e+13
2.15499e+13
2.15347e+13
2.15195e+13
2.15043e+13
2.14891e+13
2.14739e+13
2.14586e+13
2.14434e+13
2.14281e+13
2.14128e+13
2.13975e+13
2.13821e+13
2.13668e+13
2.13514e+13
2.13361e+13
2.13207e+13
2.13053e+13
2.12898e+13
2.12744e+13
2.12589e+13
2.12435e+13
2.1228e+13
2.12125e+13
2.1197e+13
2.11814e+13
2.11659e+13
2.11503e+13
2.11347e+13
2.11191e+13
2.11035e+13
2.10879e+13
2.10722e+13
2.10566e+13
2.10409e+13
2.10252e+13
2.10095e+13
2.09938e+13
2.09781e+13
2.09623e+13
2.09465e+13
2.09308e+13
2.0915e+13
2.08991e+13
2.08833e+13
2.08675e+13
2.08516e+13
2.08357e+13
2.08198e+13
2.08039e+13
2.0788e+13
2.07721e+13
2.07561e+13
2.07402e+13
2.07242e+13
2.07082e+13
2.06922e+13
2.06762e+13
2.06601e+13
2.06441e+13
2.0628e+13
2.06119e+13
2.05958e+13
2.05797e+13
2.05636e+13
2.05474e+13
2.05312e+13
2.05151e+13
2.04989e+13
2.04827e+13
2.04665e+13
2.04502e+13
2.0434e+13
2.04177e+13
2.04014e+13
2.03851e+13
2.03688e+13
2.03525e+13
2.03362e+13
2.03198e+13
2.03034e+13
2.0287e+13
2.02706e+13
2.02542e+13
2.02378e+13
2.02214e+13
2.02049e+13
2.01884e+13
2.01719e+13
2.01554e+13
2.01389e+13
2.01224e+13
2.01058e+13
2.00893e+13
2.00727e+13
2.00561e+13
2.00395e+13
2.00229e+13
2.00063e+13
1.99896e+13
1.9973e+13
1.99563e+13
1.99396e+13
1.99229e+13
1.99062e+13
1.98894e+13
1.98727e+13
1.98559e+13
1.98391e+13
1.98224e+13
1.98055e+13
1.97887e+13
1.97719e+13
1.9755e+13
1.97382e+13
1.97213e+13
1.97044e+13
1.96875e+13
1.96706e+13
1.96536e+13
1.96367e+13
1.96197e+13
1.96028e+13
1.95858e+13
1.95688e+13
1.95517e+13
1.95347e+13
1.95177e+13
1.95006e+13
1.94835e+13
1.94664e+13
1.94493e+13
1.94322e+13
1.94151e+13
1.93979e+13
1.93808e+13
1.93636e+13
1.93464e+13
1.93292e+13
1.9312e+13
1.92947e+13
1.92775e+13
1.92602e+13
1.9243e+13
1.92257e+13
1.92084e+13
1.91911e+13
1.91737e+13
1.91564e+13
1.9139e+13
1.91217e+13
1.91043e+13
1.90869e+13
1.90695e+13
1.9052e+13
1.90346e+13
1.90171e+13
1.89997e+13
1.89822e+13
1.89647e+13
1.89472e+13
1.89297e+13
1.89121e+13
1.88946e+13
1.8877e+13
1.88594e+13
1.88418e+13
1.88242e+13
1.88066e+13
1.8789e+13
1.87713e+13
1.87537e+13
1.8736e+13
1.87183e+13
1.87006e+13
1.86829e+13
1.86652e+13
1.86474e+13
1.86297e+13
1.86119e+13
1.85941e+13
1.85763e+13
1.85585e+13
1.85407e+13
1.85228e+13
1.8505e+13
1.84871e+13
1.84693e+13
1.84514e+13
1.84335e+13
1.84155e+13
1.83976e+13
1.83797e+13
1.83617e+13
1.83437e+13
1.83257e+13
1.83077e+13
1.82897e+13
1.82717e+13
1.82537e+13
1.82356e+13
1.82175e+13
1.81995e+13
1.81814e+13
1.81633e+13
1.81451e+13
1.8127e+13
1.81089e+13
1.80907e+13
1.80725e+13
1.80543e+13
1.80361e+13
1.80179e+13
1.79997e+13
1.79815e+13
1.79632e+13
1.79449e+13
1.79267e+13
1.79084e+13
1.78901e+13
1.78717e+13
1.78534e+13
1.78351e+13
1.78167e+13
1.77983e+13
1.778e+13
1.77616e+13
1.77431e+13
1.77247e+13
1.77063e+13
1.76878e+13
1.76694e+13
1.76509e+13
1.76324e+13
1.76139e+13
1.75954e+13
1.75768e+13
1.75583e+13
1.75397e+13
1.75212e+13
1.75026e+13
1.7484e+13
1.74654e+13
1.74468e+13
1.74281e+13
1.74095e+13
1.73908e+13
1.73721e+13
1.73535e+13
1.73348e+13
1.7316e+13
1.72973e+13
1.72786e+13
1.72598e+13
1.72411e+13
1.72223e+13
1.72035e+13
1.71847e+13
1.71659e+13
1.7147e+13
1.71282e+13
1.71093e+13
1.70905e+13
1.70716e+13
1.70527e+13
1.70338e+13
1.70149e+13
1.69959e+13
1.6977e+13
1.6958e+13
1.6939e+13
1.69201e+13
1.69011e+13
1.68821e+13
1.6863e+13
1.6844e+13
1.68249e+13
1.68059e+13
1.67868e+13
1.67677e+13
1.67486e+13
1.67295e+13
1.67104e+13
1.66912e+13
1.66721e+13
1.66529e+13
1.66337e+13
1.66145e+13
1.65953e+13
1.65761e+13
1.65569e+13
1.65377e+13
1.65184e+13
1.64991e+13
1.64798e+13
1.64606e+13
1.64412e+13
1.64219e+13
1.64026e+13
1.63832e+13
1.63639e+13
1.63445e+13
1.63251e+13
1.63057e+13
1.62863e+13
1.62669e+13
1.62475e+13
1.6228e+13
1.62086e+13
1.61891e+13
1.61696e+13
1.61501e+13
1.61306e+13
1.61111e+13
1.60915e+13
1.6072e+13
1.60524e+13
1.60328e+13
1.60133e+13
1.59937e+13
1.5974e+13
1.59544e+13
1.59348e+13
1.59151e+13
1.58955e+13
1.58758e+13
1.58561e+13
1.58364e+13
1.58167e+13
1.57969e+13
1.57772e+13
1.57574e+13
1.57377e+13
1.57179e+13
1.56981e+13
1.56783e+13
1.56585e+13
1.56386e+13
1.56188e+13
1.55989e+13
1.55791e+13
1.55592e+13
1.55393e+13
1.55194e+13
1.54994e+13
1.54795e+13
1.54596e+13
1.54396e+13
1.54196e+13
1.53996e+13
1.53796e+13
1.53596e+13
1.53396e+13
1.53195e+13
1.52995e+13
1.52794e+13
1.52593e+13
1.52392e+13
1.52191e+13
1.5199e+13
1.51788e+13
1.51587e+13
1.51385e+13
1.51184e+13
1.50982e+13
1.5078e+13
1.50577e+13
1.50375e+13
1.50172e+13
1.4997e+13
1.49767e+13
1.49564e+13
1.49361e+13
1.49158e+13
1.48954e+13
1.48751e+13
1.48547e+13
1.48343e+13
1.48139e+13
1.47935e+13
1.47731e+13
1.47526e+13
1.47322e+13
1.47117e+13
1.46912e+13
1.46707e+13
1.46501e+13
1.46296e+13
1.4609e+13
1.45884e+13
1.45678e+13
1.45472e+13
1.45265e+13
1.45059e+13
1.44852e+13
1.44644e+13
1.44437e+13
1.44229e+13
1.44021e+13
1.43813e+13
1.43604e+13
1.43395e+13
1.43186e+13
1.42976e+13
1.42765e+13
1.42555e+13
1.42343e+13
1.42131e+13
1.41918e+13
1.41704e+13
1.4149e+13
1.41273e+13
1.41055e+13
1.40834e+13
1.4061e+13
1.4038e+13
1.40141e+13
1.39879e+13
1.39379e+13
1.38996e+13
1.38611e+13
1.38223e+13
1.37831e+13
1.37433e+13
1.37028e+13
1.36614e+13
1.36192e+13
1.35761e+13
1.35325e+13
1.34883e+13
1.34442e+13
1.34002e+13
1.33568e+13
1.33138e+13
1.32714e+13
1.32293e+13
1.31873e+13
1.31452e+13
1.31029e+13
1.30604e+13
1.30176e+13
1.29747e+13
1.29317e+13
1.28886e+13
1.28456e+13
1.28026e+13
1.27598e+13
1.27171e+13
1.26744e+13
1.26318e+13
1.25892e+13
1.25465e+13
1.25039e+13
1.24611e+13
1.24184e+13
1.23756e+13
1.23327e+13
1.22899e+13
1.22471e+13
1.22044e+13
1.21616e+13
1.21189e+13
1.20762e+13
1.20335e+13
1.19908e+13
1.19481e+13
1.19053e+13
1.18626e+13
1.18198e+13
1.17771e+13
1.17343e+13
1.16916e+13
1.16488e+13
1.16061e+13
1.15633e+13
1.15206e+13
1.14779e+13
1.14351e+13
1.13924e+13
1.13496e+13
1.13069e+13
1.12641e+13
1.12214e+13
1.11786e+13
1.11359e+13
1.10931e+13
1.10503e+13
1.10076e+13
1.09648e+13
1.09221e+13
1.08793e+13
1.08366e+13
1.07938e+13
1.07511e+13
1.07083e+13
1.06656e+13
1.06229e+13
1.05801e+13
1.05374e+13
1.04946e+13
1.04519e+13
1.04091e+13
1.03664e+13
1.03236e+13
1.02809e+13
1.02381e+13
1.01954e+13
1.01526e+13
1.01099e+13
1.00671e+13
1.00244e+13
9.98161e+12
9.93886e+12
9.89611e+12
9.85336e+12
9.81061e+12
9.76786e+12
9.72512e+12
9.68237e+12
9.63962e+12
9.59687e+12
9.55412e+12
9.51137e+12
9.46863e+12
9.42588e+12
9.38313e+12
9.34038e+12
9.29763e+12
9.25488e+12
9.21213e+12
9.16939e+12
9.12664e+12
9.08389e+12
9.04114e+12
8.99839e+12
8.95564e+12
8.91289e+12
8.87014e+12
8.82739e+12
8.78464e+12
8.74189e+12
8.69914e+12
8.65639e+12
8.61365e+12
8.5709e+12
8.52815e+12
8.4854e+12
8.44265e+12
8.3999e+12
8.35716e+12
8.31441e+12
8.27166e+12
8.22891e+12
8.18616e+12
8.14341e+12
8.10066e+12
8.05792e+12
8.01517e+12
7.97242e+12
7.92967e+12
7.88692e+12
7.84417e+12
7.80142e+12
7.75867e+12
7.71592e+12
7.67318e+12
7.63043e+12
7.58768e+12
7.54493e+12
7.50218e+12
7.45943e+12
7.41668e+12
7.37394e+12
7.33119e+12
7.28844e+12
7.24569e+12
7.20294e+12
7.16019e+12
7.11745e+12
7.0747e+12
7.03195e+12
6.9892e+12
6.94645e+12
6.9037e+12
6.86096e+12
6.81821e+12
6.77546e+12
6.73271e+12
6.68996e+12
6.64721e+12
6.60446e+12
6.56172e+12
6.51897e+12
6.47622e+12
6.43347e+12
6.39072e+12
6.34798e+12
6.30523e+12
6.26248e+12
6.21973e+12
6.17698e+12
6.13423e+12
6.09149e+12
6.04874e+12
6.00599e+12
5.96324e+12
5.92049e+12
5.87775e+12
5.835e+12
5.79225e+12
5.7495e+12
5.70675e+12
5.66401e+12
5.62126e+12
5.57851e+12
5.53576e+12
5.49301e+12
5.45027e+12
5.40752e+12
5.36477e+12
5.32202e+12
5.27927e+12
5.23653e+12
5.19378e+12
5.15103e+12
5.10828e+12
5.06553e+12
5.02279e+12
4.98004e+12
4.93729e+12
4.89454e+12
4.8518e+12
4.80905e+12
4.7663e+12
4.72355e+12
4.6808e+12
4.63806e+12
4.59531e+12
4.55256e+12
4.50981e+12
4.46707e+12
4.42432e+12
4.38157e+12
4.33882e+12
4.29607e+12
4.25333e+12
4.21058e+12
4.16783e+12
4.12508e+12
4.08234e+12
4.03959e+12
3.99684e+12
3.95409e+12
3.91135e+12
3.8686e+12
3.82585e+12
3.7831e+12
3.74036e+12
3.69761e+12
3.65486e+12
3.61211e+12
3.56937e+12
3.52662e+12
3.48387e+12
3.44112e+12
3.39838e+12
3.35563e+12
3.31288e+12
3.27014e+12
3.22739e+12
3.18464e+12
3.14189e+12
3.09915e+12
3.0564e+12
3.01365e+12
2.9709e+12
2.92816e+12
2.88541e+12
2.84266e+12
2.79992e+12
2.75717e+12
2.71442e+12
2.67167e+12
2.62893e+12
2.58618e+12
2.54343e+12
2.50068e+12
2.45794e+12
2.41519e+12
2.37244e+12
2.3297e+12
2.28695e+12
2.2442e+12
2.20146e+12
2.15871e+12
2.11596e+12
2.07321e+12
2.03047e+12
1.98772e+12
1.94497e+12
1.90223e+12
1.85948e+12
1.81673e+12
1.77399e+12
1.73124e+12
1.68849e+12
1.64574e+12
1.603e+12
1.56025e+12
1.5175e+12
1.47476e+12
1.43201e+12
1.38926e+12
1.34652e+12
1.30377e+12
1.26102e+12
1.21828e+12
1.17553e+12
1.13278e+12
1.09004e+12
1.04729e+12
1.00454e+12
9.61797e+11
9.1905e+11
8.76304e+11
8.33557e+11
7.9081e+11
7.48064e+11
7.05317e+11
6.62571e+11
6.19824e+11
5.77078e+11
5.34331e+11
4.91585e+11
4.48838e+11
4.06092e+11
3.63345e+11
3.20598e+11
2.77852e+11
2.35106e+11
1.92359e+11
1.49613e+11
1.06866e+11
6.41197e+10
2.13732e+10
)
;

boundaryField
{
    inlet
    {
        type            darcyGradPressure_G;
        gradient        uniform 3.23949e+11;
        Mf              Mf;
        phi             phi;
        phiG            phiG;
        value           uniform 2.48306e+13;
    }
    outlet
    {
        type            fixedValue;
        value           uniform 0;
    }
    emptyWalls
    {
        type            empty;
    }
}


// ************************************************************************* //
