/*--------------------------------*- C++ -*----------------------------------*\
  =========                 |
  \\      /  F ield         | OpenFOAM: The Open Source CFD Toolbox
   \\    /   O peration     | Website:  https://openfoam.org
    \\  /    A nd           | Version:  9
     \\/     M anipulation  |
\*---------------------------------------------------------------------------*/
FoamFile
{
    format      ascii;
    class       volScalarField;
    location    "8.4";
    object      Sc;
}
// * * * * * * * * * * * * * * * * * * * * * * * * * * * * * * * * * * * * * //

dimensions      [0 0 0 0 0 0 0];

internalField   nonuniform List<scalar> 
1000
(
0.00185611
0.00298984
0.00403579
0.0050379
0.00601148
0.00696387
0.00789922
0.00882013
0.00972838
0.0106252
0.0115117
0.0123884
0.013256
0.0141151
0.0149659
0.0158089
0.0166443
0.0174725
0.0182936
0.0191078
0.0199155
0.0207166
0.0215115
0.0223003
0.023083
0.0238598
0.0246309
0.0253964
0.0261564
0.0269109
0.0276601
0.0284041
0.029143
0.0298769
0.0306058
0.0313298
0.032049
0.0327635
0.0334734
0.0341787
0.0348795
0.0355758
0.0362678
0.0369555
0.037639
0.0383182
0.0389934
0.0396644
0.0403315
0.0409946
0.0416537
0.0423091
0.0429606
0.0436083
0.0442524
0.0448928
0.0455296
0.0461628
0.0467925
0.0474187
0.0480414
0.0486608
0.0492768
0.0498895
0.0504989
0.051105
0.051708
0.0523078
0.0529044
0.053498
0.0540885
0.054676
0.0552604
0.0558419
0.0564205
0.0569962
0.0575691
0.0581391
0.0587062
0.0592707
0.0598323
0.0603913
0.0609475
0.0615012
0.0620521
0.0626005
0.0631463
0.0636895
0.0642302
0.0647684
0.0653042
0.0658374
0.0663683
0.0668967
0.0674228
0.0679465
0.0684678
0.0689869
0.0695036
0.0700181
0.0705304
0.0710404
0.0715482
0.0720538
0.0725573
0.0730586
0.0735577
0.0740548
0.0745498
0.0750427
0.0755336
0.0760224
0.0765092
0.076994
0.0774769
0.0779578
0.0784367
0.0789137
0.0793888
0.079862
0.0803333
0.0808028
0.0812704
0.0817362
0.0822002
0.0826623
0.0831227
0.0835813
0.0840382
0.0844933
0.0849467
0.0853984
0.0858484
0.0862967
0.0867433
0.0871883
0.0876316
0.0880733
0.0885133
0.0889518
0.0893887
0.089824
0.0902577
0.0906898
0.0911205
0.0915496
0.0919771
0.0924032
0.0928278
0.0932508
0.0936724
0.0940926
0.0945113
0.0949285
0.0953443
0.0957587
0.0961717
0.0965833
0.0969935
0.0974023
0.0978098
0.0982158
0.0986206
0.099024
0.0994261
0.0998268
0.100226
0.100624
0.101021
0.101417
0.101811
0.102204
0.102596
0.102986
0.103376
0.103764
0.104151
0.104536
0.104921
0.105304
0.105686
0.106067
0.106446
0.106825
0.107202
0.107579
0.107954
0.108328
0.1087
0.109072
0.109443
0.109812
0.110181
0.110548
0.110914
0.111279
0.111643
0.112006
0.112368
0.112729
0.113089
0.113448
0.113806
0.114162
0.114518
0.114873
0.115227
0.115579
0.115931
0.116282
0.116632
0.116981
0.117328
0.117675
0.118021
0.118366
0.11871
0.119053
0.119396
0.119737
0.120077
0.120417
0.120755
0.121093
0.12143
0.121766
0.1221
0.122435
0.122768
0.1231
0.123432
0.123762
0.124092
0.124421
0.124749
0.125076
0.125402
0.125728
0.126053
0.126377
0.1267
0.127022
0.127343
0.127664
0.127984
0.128303
0.128621
0.128939
0.129255
0.129571
0.129886
0.130201
0.130514
0.130827
0.131139
0.131451
0.131761
0.132071
0.13238
0.132689
0.132996
0.133303
0.133609
0.133915
0.13422
0.134524
0.134827
0.13513
0.135432
0.135733
0.136034
0.136333
0.136633
0.136931
0.137229
0.137526
0.137823
0.138118
0.138414
0.138708
0.139002
0.139295
0.139588
0.139879
0.140171
0.140461
0.140751
0.141041
0.141329
0.141617
0.141905
0.142192
0.142478
0.142763
0.143048
0.143333
0.143617
0.1439
0.144182
0.144464
0.144746
0.145026
0.145307
0.145586
0.145865
0.146144
0.146422
0.146699
0.146976
0.147252
0.147527
0.147802
0.148077
0.148351
0.148624
0.148897
0.149169
0.149441
0.149712
0.149983
0.150253
0.150523
0.150792
0.15106
0.151328
0.151595
0.151862
0.152129
0.152395
0.15266
0.152925
0.153189
0.153453
0.153717
0.153979
0.154242
0.154504
0.154765
0.155026
0.155286
0.155546
0.155805
0.156064
0.156323
0.156581
0.156838
0.157095
0.157351
0.157607
0.157863
0.158118
0.158373
0.158627
0.158881
0.159134
0.159387
0.159639
0.159891
0.160142
0.160393
0.160644
0.160894
0.161144
0.161393
0.161642
0.16189
0.162138
0.162385
0.162632
0.162879
0.163125
0.163371
0.163616
0.163861
0.164106
0.16435
0.164593
0.164837
0.165079
0.165322
0.165564
0.165805
0.166047
0.166287
0.166528
0.166768
0.167007
0.167247
0.167485
0.167724
0.167962
0.168199
0.168437
0.168674
0.16891
0.169146
0.169382
0.169617
0.169852
0.170087
0.170321
0.170555
0.170788
0.171021
0.171254
0.171487
0.171719
0.17195
0.172181
0.172412
0.172643
0.172873
0.173103
0.173332
0.173562
0.17379
0.174019
0.174247
0.174475
0.174702
0.174929
0.175156
0.175382
0.175608
0.175834
0.176059
0.176284
0.176509
0.176734
0.176958
0.177181
0.177405
0.177628
0.17785
0.178073
0.178295
0.178517
0.178738
0.178959
0.17918
0.179401
0.179621
0.179841
0.18006
0.18028
0.180499
0.180717
0.180936
0.181154
0.181371
0.181589
0.181806
0.182023
0.182239
0.182456
0.182672
0.182887
0.183103
0.183318
0.183533
0.183747
0.183961
0.184175
0.184389
0.184602
0.184815
0.185028
0.185241
0.185453
0.185665
0.185877
0.186088
0.186299
0.18651
0.186721
0.186931
0.187141
0.187351
0.187561
0.18777
0.187979
0.188188
0.188397
0.188605
0.188813
0.189021
0.189228
0.189436
0.189643
0.189849
0.190056
0.190262
0.190468
0.190674
0.190879
0.191085
0.19129
0.191495
0.191699
0.191904
0.192108
0.192312
0.192515
0.192719
0.192922
0.193125
0.193328
0.19353
0.193733
0.193935
0.194137
0.194338
0.19454
0.194741
0.194942
0.195143
0.195343
0.195544
0.195744
0.195944
0.196144
0.196343
0.196542
0.196742
0.196941
0.197139
0.197338
0.197536
0.197735
0.197933
0.19813
0.198328
0.198525
0.198723
0.19892
0.199117
0.199314
0.19951
0.199707
0.199903
0.200099
0.200295
0.200491
0.200686
0.200882
0.201077
0.201272
0.201467
0.201662
0.201856
0.202051
0.202245
0.20244
0.202634
0.202828
0.203022
0.203216
0.203409
0.203603
0.203796
0.20399
0.204183
0.204376
0.204569
0.204762
0.204955
0.205147
0.20534
0.205533
0.205725
0.205918
0.20611
0.206303
0.206495
0.206687
0.206879
0.207072
0.207264
0.207456
0.207648
0.20784
0.208032
0.208225
0.208417
0.208609
0.208801
0.208994
0.209186
0.209378
0.209571
0.209764
0.209956
0.210149
0.210342
0.210535
0.210729
0.210922
0.211116
0.21131
0.211504
0.211698
0.211893
0.212088
0.212283
0.212479
0.212675
0.212871
0.213068
0.213265
0.213463
0.213661
0.21386
0.21406
0.21426
0.214461
0.214662
0.214865
0.215068
0.215272
0.215478
0.215684
0.215892
0.2161
0.21631
0.216522
0.216735
0.21695
0.217167
0.217385
0.217606
0.217829
0.218055
0.218283
0.218514
0.218749
0.218986
0.219228
0.219474
0.219725
0.21998
0.220241
0.220509
0.220783
0.221064
0.221354
0.221654
0.221963
0.222285
0.22262
0.22297
0.223338
0.223725
0.224135
0.224571
0.225039
0.225543
0.22609
0.226688
0.22735
0.228089
0.228923
0.229879
0.230992
0.232311
0.23391
0.235904
0.238473
0.241931
0.24687
0.254539
0.26809
0.298174
0.441994
0.455692
0.459511
0.462341
0.463322
0.463752
0.464238
0.464879
0.465588
0.466256
0.466792
0.467124
0.467204
0.467031
0.466667
0.466227
0.465837
0.465583
0.465494
0.465547
0.465695
0.465884
0.466071
0.466221
0.466315
0.466344
0.466317
0.466248
0.466161
0.466077
0.466013
0.465979
0.465974
0.465994
0.466028
0.466067
0.466101
0.466125
0.466134
0.466131
0.466118
0.4661
0.466081
0.466065
0.466055
0.466052
0.466055
0.466062
0.466071
0.46608
0.466086
0.46609
0.466092
0.46609
0.466088
0.466084
0.466081
0.46608
0.466079
0.46608
0.466082
0.466085
0.466087
0.46609
0.466091
0.466092
0.466093
0.466092
0.466091
0.466091
0.46609
0.466089
0.466089
0.466089
0.466089
0.466089
0.46609
0.46609
0.466091
0.466091
0.466092
0.466092
0.466093
0.466094
0.466095
0.466096
0.466097
0.466098
0.466099
0.4661
0.4661
0.466101
0.466102
0.466102
0.466103
0.466103
0.466103
0.466103
0.466103
0.466104
0.466104
0.466104
0.466104
0.466104
0.466105
0.466105
0.466105
0.466106
0.466106
0.466107
0.466107
0.466108
0.466108
0.466109
0.46611
0.46611
0.466111
0.466111
0.466111
0.466112
0.466112
0.466112
0.466113
0.466113
0.466113
0.466114
0.466114
0.466114
0.466114
0.466115
0.466115
0.466115
0.466115
0.466116
0.466116
0.466116
0.466117
0.466117
0.466117
0.466118
0.466118
0.466118
0.466119
0.466119
0.466119
0.46612
0.46612
0.46612
0.46612
0.466121
0.466121
0.466121
0.466122
0.466122
0.466122
0.466123
0.466123
0.466123
0.466124
0.466124
0.466125
0.466125
0.466125
0.466126
0.466126
0.466127
0.466127
0.466127
0.466128
0.466128
0.466128
0.466129
0.466129
0.46613
0.46613
0.46613
0.466131
0.466131
0.466131
0.466132
0.466132
0.466132
0.466133
0.466133
0.466134
0.466134
0.466134
0.466135
0.466135
0.466136
0.466136
0.466136
0.466137
0.466137
0.466138
0.466138
0.466138
0.466139
0.466139
0.466139
0.46614
0.46614
0.466141
0.466141
0.466141
0.466142
0.466142
0.466143
0.466143
0.466143
0.466144
0.466144
0.466145
0.466145
0.466145
0.466146
0.466146
0.466147
0.466147
0.466147
0.466148
0.466148
0.466149
0.466149
0.466149
0.46615
0.46615
0.46615
0.466151
0.466151
0.466152
0.466152
0.466152
0.466153
0.466153
0.466153
0.466154
0.466154
0.466154
0.466155
0.466155
0.466156
0.466156
0.466156
0.466157
0.466157
0.466157
0.466158
0.466158
0.466159
0.466159
0.466159
0.46616
0.46616
0.46616
0.466161
0.466161
0.466162
0.466162
0.466162
0.466163
0.466163
0.466164
0.466164
0.466164
0.466165
0.466165
0.466166
0.466166
0.466166
0.466167
0.466167
0.466168
0.466168
0.466169
0.466169
0.466169
0.46617
0.46617
0.466171
0.466171
0.466171
0.466172
0.466172
0.466173
0.466173
0.466174
0.466174
0.466175
0.466175
0.466175
0.466176
0.466176
0.466177
0.466177
0.466178
0.466178
0.466179
0.466179
0.466179
0.46618
0.46618
0.466181
0.466181
0.466182
0.466182
0.466182
0.466183
0.466183
0.466184
0.466184
0.466184
0.466185
0.466185
0.466185
0.466186
0.466186
0.466186
0.466186
0.466187
0.466187
0.466187
0.466188
0.466188
0.466188
0.466188
0.466189
0.466189
)
;

boundaryField
{
    inlet
    {
        type            calculated;
        value           uniform 0;
    }
    outlet
    {
        type            calculated;
        value           uniform 0.466189;
    }
    emptyWalls
    {
        type            empty;
    }
}


// ************************************************************************* //
