/*--------------------------------*- C++ -*----------------------------------*\
  =========                 |
  \\      /  F ield         | OpenFOAM: The Open Source CFD Toolbox
   \\    /   O peration     | Website:  https://openfoam.org
    \\  /    A nd           | Version:  9
     \\/     M anipulation  |
\*---------------------------------------------------------------------------*/
FoamFile
{
    format      ascii;
    class       volVectorField;
    location    "17";
    object      Ua;
}
// * * * * * * * * * * * * * * * * * * * * * * * * * * * * * * * * * * * * * //

dimensions      [0 0 0 0 0 0 0];

internalField   nonuniform List<vector> 
1000
(
(0.709421 0 0)
(0.709421 0 0)
(0.70942 0 0)
(0.70942 0 0)
(0.709419 0 0)
(0.709419 0 0)
(0.709418 0 0)
(0.709417 0 0)
(0.709416 0 0)
(0.709415 0 0)
(0.709414 0 0)
(0.709413 0 0)
(0.709411 0 0)
(0.70941 0 0)
(0.709409 0 0)
(0.709407 0 0)
(0.709405 0 0)
(0.709404 0 0)
(0.709402 0 0)
(0.7094 0 0)
(0.709398 0 0)
(0.709396 0 0)
(0.709394 0 0)
(0.709392 0 0)
(0.709389 0 0)
(0.709387 0 0)
(0.709384 0 0)
(0.709382 0 0)
(0.709379 0 0)
(0.709377 0 0)
(0.709374 0 0)
(0.709371 0 0)
(0.709368 0 0)
(0.709365 0 0)
(0.709362 0 0)
(0.709359 0 0)
(0.709356 0 0)
(0.709353 0 0)
(0.709349 0 0)
(0.709346 0 0)
(0.709342 0 0)
(0.709339 0 0)
(0.709335 0 0)
(0.709332 0 0)
(0.709328 0 0)
(0.709324 0 0)
(0.70932 0 0)
(0.709316 0 0)
(0.709312 0 0)
(0.709308 0 0)
(0.709304 0 0)
(0.7093 0 0)
(0.709295 0 0)
(0.709291 0 0)
(0.709287 0 0)
(0.709282 0 0)
(0.709278 0 0)
(0.709273 0 0)
(0.709269 0 0)
(0.709264 0 0)
(0.709259 0 0)
(0.709254 0 0)
(0.70925 0 0)
(0.709245 0 0)
(0.70924 0 0)
(0.709235 0 0)
(0.709229 0 0)
(0.709224 0 0)
(0.709219 0 0)
(0.709214 0 0)
(0.709209 0 0)
(0.709203 0 0)
(0.709198 0 0)
(0.709192 0 0)
(0.709187 0 0)
(0.709181 0 0)
(0.709175 0 0)
(0.70917 0 0)
(0.709164 0 0)
(0.709158 0 0)
(0.709152 0 0)
(0.709146 0 0)
(0.70914 0 0)
(0.709134 0 0)
(0.709128 0 0)
(0.709122 0 0)
(0.709116 0 0)
(0.70911 0 0)
(0.709104 0 0)
(0.709097 0 0)
(0.709091 0 0)
(0.709084 0 0)
(0.709078 0 0)
(0.709071 0 0)
(0.709065 0 0)
(0.709058 0 0)
(0.709052 0 0)
(0.709045 0 0)
(0.709038 0 0)
(0.709031 0 0)
(0.709025 0 0)
(0.709018 0 0)
(0.709011 0 0)
(0.709004 0 0)
(0.708997 0 0)
(0.70899 0 0)
(0.708983 0 0)
(0.708975 0 0)
(0.708968 0 0)
(0.708961 0 0)
(0.708954 0 0)
(0.708946 0 0)
(0.708939 0 0)
(0.708932 0 0)
(0.708924 0 0)
(0.708917 0 0)
(0.708909 0 0)
(0.708902 0 0)
(0.708894 0 0)
(0.708886 0 0)
(0.708879 0 0)
(0.708871 0 0)
(0.708863 0 0)
(0.708855 0 0)
(0.708847 0 0)
(0.708839 0 0)
(0.708832 0 0)
(0.708824 0 0)
(0.708816 0 0)
(0.708807 0 0)
(0.708799 0 0)
(0.708791 0 0)
(0.708783 0 0)
(0.708775 0 0)
(0.708767 0 0)
(0.708758 0 0)
(0.70875 0 0)
(0.708742 0 0)
(0.708733 0 0)
(0.708725 0 0)
(0.708716 0 0)
(0.708708 0 0)
(0.708699 0 0)
(0.708691 0 0)
(0.708682 0 0)
(0.708673 0 0)
(0.708665 0 0)
(0.708656 0 0)
(0.708647 0 0)
(0.708638 0 0)
(0.70863 0 0)
(0.708621 0 0)
(0.708612 0 0)
(0.708603 0 0)
(0.708594 0 0)
(0.708585 0 0)
(0.708576 0 0)
(0.708567 0 0)
(0.708558 0 0)
(0.708549 0 0)
(0.708539 0 0)
(0.70853 0 0)
(0.708521 0 0)
(0.708512 0 0)
(0.708502 0 0)
(0.708493 0 0)
(0.708484 0 0)
(0.708474 0 0)
(0.708465 0 0)
(0.708455 0 0)
(0.708446 0 0)
(0.708436 0 0)
(0.708427 0 0)
(0.708417 0 0)
(0.708408 0 0)
(0.708398 0 0)
(0.708388 0 0)
(0.708379 0 0)
(0.708369 0 0)
(0.708359 0 0)
(0.708349 0 0)
(0.70834 0 0)
(0.70833 0 0)
(0.70832 0 0)
(0.70831 0 0)
(0.7083 0 0)
(0.70829 0 0)
(0.70828 0 0)
(0.70827 0 0)
(0.70826 0 0)
(0.70825 0 0)
(0.70824 0 0)
(0.70823 0 0)
(0.708219 0 0)
(0.708209 0 0)
(0.708199 0 0)
(0.708189 0 0)
(0.708178 0 0)
(0.708168 0 0)
(0.708158 0 0)
(0.708147 0 0)
(0.708137 0 0)
(0.708127 0 0)
(0.708116 0 0)
(0.708106 0 0)
(0.708095 0 0)
(0.708085 0 0)
(0.708074 0 0)
(0.708064 0 0)
(0.708053 0 0)
(0.708042 0 0)
(0.708032 0 0)
(0.708021 0 0)
(0.70801 0 0)
(0.708 0 0)
(0.707989 0 0)
(0.707978 0 0)
(0.707967 0 0)
(0.707956 0 0)
(0.707946 0 0)
(0.707935 0 0)
(0.707924 0 0)
(0.707913 0 0)
(0.707902 0 0)
(0.707891 0 0)
(0.70788 0 0)
(0.707869 0 0)
(0.707858 0 0)
(0.707847 0 0)
(0.707836 0 0)
(0.707825 0 0)
(0.707813 0 0)
(0.707802 0 0)
(0.707791 0 0)
(0.70778 0 0)
(0.707769 0 0)
(0.707757 0 0)
(0.707746 0 0)
(0.707735 0 0)
(0.707723 0 0)
(0.707712 0 0)
(0.707701 0 0)
(0.707689 0 0)
(0.707678 0 0)
(0.707666 0 0)
(0.707655 0 0)
(0.707643 0 0)
(0.707632 0 0)
(0.70762 0 0)
(0.707609 0 0)
(0.707597 0 0)
(0.707586 0 0)
(0.707574 0 0)
(0.707562 0 0)
(0.707551 0 0)
(0.707539 0 0)
(0.707527 0 0)
(0.707516 0 0)
(0.707504 0 0)
(0.707492 0 0)
(0.70748 0 0)
(0.707468 0 0)
(0.707457 0 0)
(0.707445 0 0)
(0.707433 0 0)
(0.707421 0 0)
(0.707409 0 0)
(0.707397 0 0)
(0.707385 0 0)
(0.707373 0 0)
(0.707361 0 0)
(0.707349 0 0)
(0.707337 0 0)
(0.707325 0 0)
(0.707313 0 0)
(0.707301 0 0)
(0.707289 0 0)
(0.707277 0 0)
(0.707265 0 0)
(0.707252 0 0)
(0.70724 0 0)
(0.707228 0 0)
(0.707216 0 0)
(0.707203 0 0)
(0.707191 0 0)
(0.707179 0 0)
(0.707167 0 0)
(0.707154 0 0)
(0.707142 0 0)
(0.70713 0 0)
(0.707117 0 0)
(0.707105 0 0)
(0.707092 0 0)
(0.70708 0 0)
(0.707067 0 0)
(0.707055 0 0)
(0.707042 0 0)
(0.70703 0 0)
(0.707017 0 0)
(0.707005 0 0)
(0.706992 0 0)
(0.70698 0 0)
(0.706967 0 0)
(0.706955 0 0)
(0.706942 0 0)
(0.706929 0 0)
(0.706917 0 0)
(0.706904 0 0)
(0.706891 0 0)
(0.706878 0 0)
(0.706866 0 0)
(0.706853 0 0)
(0.70684 0 0)
(0.706827 0 0)
(0.706815 0 0)
(0.706802 0 0)
(0.706789 0 0)
(0.706776 0 0)
(0.706763 0 0)
(0.70675 0 0)
(0.706737 0 0)
(0.706724 0 0)
(0.706711 0 0)
(0.706698 0 0)
(0.706686 0 0)
(0.706673 0 0)
(0.70666 0 0)
(0.706646 0 0)
(0.706633 0 0)
(0.70662 0 0)
(0.706607 0 0)
(0.706594 0 0)
(0.706581 0 0)
(0.706568 0 0)
(0.706555 0 0)
(0.706542 0 0)
(0.706529 0 0)
(0.706515 0 0)
(0.706502 0 0)
(0.706489 0 0)
(0.706476 0 0)
(0.706462 0 0)
(0.706449 0 0)
(0.706436 0 0)
(0.706423 0 0)
(0.706409 0 0)
(0.706396 0 0)
(0.706383 0 0)
(0.706369 0 0)
(0.706356 0 0)
(0.706342 0 0)
(0.706329 0 0)
(0.706316 0 0)
(0.706302 0 0)
(0.706289 0 0)
(0.706275 0 0)
(0.706262 0 0)
(0.706248 0 0)
(0.706235 0 0)
(0.706221 0 0)
(0.706208 0 0)
(0.706194 0 0)
(0.706181 0 0)
(0.706167 0 0)
(0.706154 0 0)
(0.70614 0 0)
(0.706126 0 0)
(0.706113 0 0)
(0.706099 0 0)
(0.706085 0 0)
(0.706072 0 0)
(0.706058 0 0)
(0.706044 0 0)
(0.706031 0 0)
(0.706017 0 0)
(0.706003 0 0)
(0.705989 0 0)
(0.705976 0 0)
(0.705962 0 0)
(0.705948 0 0)
(0.705934 0 0)
(0.70592 0 0)
(0.705906 0 0)
(0.705893 0 0)
(0.705879 0 0)
(0.705865 0 0)
(0.705851 0 0)
(0.705837 0 0)
(0.705823 0 0)
(0.705809 0 0)
(0.705795 0 0)
(0.705781 0 0)
(0.705767 0 0)
(0.705753 0 0)
(0.705739 0 0)
(0.705725 0 0)
(0.705711 0 0)
(0.705697 0 0)
(0.705683 0 0)
(0.705669 0 0)
(0.705655 0 0)
(0.705641 0 0)
(0.705627 0 0)
(0.705613 0 0)
(0.705599 0 0)
(0.705584 0 0)
(0.70557 0 0)
(0.705556 0 0)
(0.705542 0 0)
(0.705528 0 0)
(0.705514 0 0)
(0.705499 0 0)
(0.705485 0 0)
(0.705471 0 0)
(0.705457 0 0)
(0.705442 0 0)
(0.705428 0 0)
(0.705414 0 0)
(0.705399 0 0)
(0.705385 0 0)
(0.705371 0 0)
(0.705357 0 0)
(0.705342 0 0)
(0.705328 0 0)
(0.705313 0 0)
(0.705299 0 0)
(0.705285 0 0)
(0.70527 0 0)
(0.705256 0 0)
(0.705241 0 0)
(0.705227 0 0)
(0.705212 0 0)
(0.705198 0 0)
(0.705184 0 0)
(0.705169 0 0)
(0.705155 0 0)
(0.70514 0 0)
(0.705125 0 0)
(0.705111 0 0)
(0.705096 0 0)
(0.705082 0 0)
(0.705067 0 0)
(0.705053 0 0)
(0.705038 0 0)
(0.705024 0 0)
(0.705009 0 0)
(0.704994 0 0)
(0.70498 0 0)
(0.704965 0 0)
(0.70495 0 0)
(0.704936 0 0)
(0.704921 0 0)
(0.704906 0 0)
(0.704892 0 0)
(0.704877 0 0)
(0.704862 0 0)
(0.704847 0 0)
(0.704833 0 0)
(0.704818 0 0)
(0.704803 0 0)
(0.704788 0 0)
(0.704774 0 0)
(0.704759 0 0)
(0.704744 0 0)
(0.704729 0 0)
(0.704714 0 0)
(0.704699 0 0)
(0.704685 0 0)
(0.70467 0 0)
(0.704655 0 0)
(0.70464 0 0)
(0.704625 0 0)
(0.70461 0 0)
(0.704595 0 0)
(0.70458 0 0)
(0.704565 0 0)
(0.70455 0 0)
(0.704535 0 0)
(0.704521 0 0)
(0.704506 0 0)
(0.704491 0 0)
(0.704476 0 0)
(0.704461 0 0)
(0.704446 0 0)
(0.704431 0 0)
(0.704415 0 0)
(0.7044 0 0)
(0.704385 0 0)
(0.70437 0 0)
(0.704355 0 0)
(0.70434 0 0)
(0.704325 0 0)
(0.70431 0 0)
(0.704295 0 0)
(0.70428 0 0)
(0.704265 0 0)
(0.704249 0 0)
(0.704234 0 0)
(0.704219 0 0)
(0.704204 0 0)
(0.704189 0 0)
(0.704174 0 0)
(0.704158 0 0)
(0.704143 0 0)
(0.704128 0 0)
(0.704113 0 0)
(0.704097 0 0)
(0.704082 0 0)
(0.704067 0 0)
(0.704052 0 0)
(0.704036 0 0)
(0.704021 0 0)
(0.704006 0 0)
(0.703991 0 0)
(0.703975 0 0)
(0.70396 0 0)
(0.703945 0 0)
(0.703929 0 0)
(0.703914 0 0)
(0.703898 0 0)
(0.703883 0 0)
(0.703868 0 0)
(0.703852 0 0)
(0.703837 0 0)
(0.703822 0 0)
(0.703806 0 0)
(0.703791 0 0)
(0.703775 0 0)
(0.70376 0 0)
(0.703744 0 0)
(0.703729 0 0)
(0.703713 0 0)
(0.703698 0 0)
(0.703682 0 0)
(0.703667 0 0)
(0.703651 0 0)
(0.703636 0 0)
(0.70362 0 0)
(0.703605 0 0)
(0.703589 0 0)
(0.703574 0 0)
(0.703558 0 0)
(0.703543 0 0)
(0.703527 0 0)
(0.703512 0 0)
(0.703496 0 0)
(0.70348 0 0)
(0.703465 0 0)
(0.703449 0 0)
(0.703434 0 0)
(0.703418 0 0)
(0.703402 0 0)
(0.703387 0 0)
(0.703371 0 0)
(0.703355 0 0)
(0.70334 0 0)
(0.703324 0 0)
(0.703308 0 0)
(0.703293 0 0)
(0.703277 0 0)
(0.703261 0 0)
(0.703245 0 0)
(0.70323 0 0)
(0.703214 0 0)
(0.703198 0 0)
(0.703182 0 0)
(0.703167 0 0)
(0.703151 0 0)
(0.703135 0 0)
(0.703119 0 0)
(0.703103 0 0)
(0.703088 0 0)
(0.703072 0 0)
(0.703056 0 0)
(0.70304 0 0)
(0.703024 0 0)
(0.703009 0 0)
(0.702993 0 0)
(0.702977 0 0)
(0.702961 0 0)
(0.702945 0 0)
(0.702929 0 0)
(0.702913 0 0)
(0.702897 0 0)
(0.702882 0 0)
(0.702866 0 0)
(0.70285 0 0)
(0.702834 0 0)
(0.702818 0 0)
(0.702802 0 0)
(0.702786 0 0)
(0.70277 0 0)
(0.702754 0 0)
(0.702738 0 0)
(0.702722 0 0)
(0.702706 0 0)
(0.70269 0 0)
(0.702674 0 0)
(0.702658 0 0)
(0.702642 0 0)
(0.702626 0 0)
(0.70261 0 0)
(0.702594 0 0)
(0.702578 0 0)
(0.702562 0 0)
(0.702546 0 0)
(0.70253 0 0)
(0.702514 0 0)
(0.702497 0 0)
(0.702481 0 0)
(0.702465 0 0)
(0.702449 0 0)
(0.702433 0 0)
(0.702417 0 0)
(0.702401 0 0)
(0.702385 0 0)
(0.702368 0 0)
(0.702352 0 0)
(0.702336 0 0)
(0.70232 0 0)
(0.702304 0 0)
(0.702288 0 0)
(0.702271 0 0)
(0.702255 0 0)
(0.702239 0 0)
(0.702223 0 0)
(0.702207 0 0)
(0.70219 0 0)
(0.702174 0 0)
(0.702158 0 0)
(0.702142 0 0)
(0.702125 0 0)
(0.702109 0 0)
(0.702093 0 0)
(0.702077 0 0)
(0.70206 0 0)
(0.702044 0 0)
(0.702028 0 0)
(0.702011 0 0)
(0.701995 0 0)
(0.701979 0 0)
(0.701962 0 0)
(0.701946 0 0)
(0.70193 0 0)
(0.701913 0 0)
(0.701897 0 0)
(0.701881 0 0)
(0.701864 0 0)
(0.701848 0 0)
(0.701832 0 0)
(0.701815 0 0)
(0.701799 0 0)
(0.701782 0 0)
(0.701766 0 0)
(0.70175 0 0)
(0.701733 0 0)
(0.701717 0 0)
(0.7017 0 0)
(0.701684 0 0)
(0.701667 0 0)
(0.701651 0 0)
(0.701635 0 0)
(0.701618 0 0)
(0.701602 0 0)
(0.701585 0 0)
(0.701569 0 0)
(0.701552 0 0)
(0.701536 0 0)
(0.701519 0 0)
(0.701503 0 0)
(0.701486 0 0)
(0.70147 0 0)
(0.701453 0 0)
(0.701437 0 0)
(0.70142 0 0)
(0.701403 0 0)
(0.701387 0 0)
(0.70137 0 0)
(0.701354 0 0)
(0.701337 0 0)
(0.701321 0 0)
(0.701304 0 0)
(0.701287 0 0)
(0.701271 0 0)
(0.701254 0 0)
(0.701238 0 0)
(0.701221 0 0)
(0.701204 0 0)
(0.701188 0 0)
(0.701171 0 0)
(0.701154 0 0)
(0.701138 0 0)
(0.701121 0 0)
(0.701104 0 0)
(0.701088 0 0)
(0.701071 0 0)
(0.701054 0 0)
(0.701038 0 0)
(0.701021 0 0)
(0.701004 0 0)
(0.700988 0 0)
(0.700971 0 0)
(0.700954 0 0)
(0.700937 0 0)
(0.700921 0 0)
(0.700904 0 0)
(0.700887 0 0)
(0.700871 0 0)
(0.700854 0 0)
(0.700837 0 0)
(0.70082 0 0)
(0.700803 0 0)
(0.700787 0 0)
(0.70077 0 0)
(0.700753 0 0)
(0.700736 0 0)
(0.70072 0 0)
(0.700703 0 0)
(0.700686 0 0)
(0.700669 0 0)
(0.700652 0 0)
(0.700635 0 0)
(0.700619 0 0)
(0.700602 0 0)
(0.700585 0 0)
(0.700568 0 0)
(0.700551 0 0)
(0.700534 0 0)
(0.700517 0 0)
(0.700501 0 0)
(0.700484 0 0)
(0.700467 0 0)
(0.70045 0 0)
(0.700433 0 0)
(0.700416 0 0)
(0.700399 0 0)
(0.700382 0 0)
(0.700365 0 0)
(0.700348 0 0)
(0.700331 0 0)
(0.700315 0 0)
(0.700298 0 0)
(0.700281 0 0)
(0.700264 0 0)
(0.700247 0 0)
(0.70023 0 0)
(0.700213 0 0)
(0.700196 0 0)
(0.700179 0 0)
(0.700162 0 0)
(0.700145 0 0)
(0.700128 0 0)
(0.700111 0 0)
(0.700094 0 0)
(0.700077 0 0)
(0.70006 0 0)
(0.700043 0 0)
(0.700026 0 0)
(0.700009 0 0)
(0.699992 0 0)
(0.699975 0 0)
(0.699957 0 0)
(0.69994 0 0)
(0.699923 0 0)
(0.699906 0 0)
(0.699889 0 0)
(0.699872 0 0)
(0.699855 0 0)
(0.699838 0 0)
(0.699821 0 0)
(0.699804 0 0)
(0.699787 0 0)
(0.699769 0 0)
(0.699752 0 0)
(0.699735 0 0)
(0.699718 0 0)
(0.699701 0 0)
(0.699684 0 0)
(0.699667 0 0)
(0.699649 0 0)
(0.699632 0 0)
(0.699615 0 0)
(0.699598 0 0)
(0.699581 0 0)
(0.699564 0 0)
(0.699546 0 0)
(0.699529 0 0)
(0.699512 0 0)
(0.699495 0 0)
(0.699478 0 0)
(0.69946 0 0)
(0.699443 0 0)
(0.699426 0 0)
(0.699409 0 0)
(0.699392 0 0)
(0.699374 0 0)
(0.699357 0 0)
(0.69934 0 0)
(0.699323 0 0)
(0.699305 0 0)
(0.699288 0 0)
(0.699271 0 0)
(0.699253 0 0)
(0.699236 0 0)
(0.699219 0 0)
(0.699202 0 0)
(0.699184 0 0)
(0.699167 0 0)
(0.69915 0 0)
(0.699132 0 0)
(0.699115 0 0)
(0.699098 0 0)
(0.69908 0 0)
(0.699063 0 0)
(0.699046 0 0)
(0.699028 0 0)
(0.699011 0 0)
(0.698994 0 0)
(0.698976 0 0)
(0.698959 0 0)
(0.698942 0 0)
(0.698924 0 0)
(0.698907 0 0)
(0.69889 0 0)
(0.698872 0 0)
(0.698855 0 0)
(0.698837 0 0)
(0.69882 0 0)
(0.698803 0 0)
(0.698785 0 0)
(0.698768 0 0)
(0.69875 0 0)
(0.698733 0 0)
(0.698715 0 0)
(0.698698 0 0)
(0.698681 0 0)
(0.698663 0 0)
(0.698646 0 0)
(0.698628 0 0)
(0.698611 0 0)
(0.698593 0 0)
(0.698576 0 0)
(0.698558 0 0)
(0.698541 0 0)
(0.698523 0 0)
(0.698506 0 0)
(0.698488 0 0)
(0.698471 0 0)
(0.698453 0 0)
(0.698436 0 0)
(0.698418 0 0)
(0.698401 0 0)
(0.698383 0 0)
(0.698366 0 0)
(0.698348 0 0)
(0.698331 0 0)
(0.698313 0 0)
(0.698296 0 0)
(0.698278 0 0)
(0.698261 0 0)
(0.698243 0 0)
(0.698225 0 0)
(0.698208 0 0)
(0.69819 0 0)
(0.698173 0 0)
(0.698155 0 0)
(0.698138 0 0)
(0.69812 0 0)
(0.698102 0 0)
(0.698085 0 0)
(0.698067 0 0)
(0.69805 0 0)
(0.698032 0 0)
(0.698014 0 0)
(0.697997 0 0)
(0.697979 0 0)
(0.697961 0 0)
(0.697944 0 0)
(0.697926 0 0)
(0.697908 0 0)
(0.697891 0 0)
(0.697873 0 0)
(0.697856 0 0)
(0.697838 0 0)
(0.69782 0 0)
(0.697802 0 0)
(0.697785 0 0)
(0.697767 0 0)
(0.697749 0 0)
(0.697732 0 0)
(0.697714 0 0)
(0.697696 0 0)
(0.697679 0 0)
(0.697661 0 0)
(0.697643 0 0)
(0.697625 0 0)
(0.697608 0 0)
(0.69759 0 0)
(0.697572 0 0)
(0.697555 0 0)
(0.697537 0 0)
(0.697519 0 0)
(0.697501 0 0)
(0.697484 0 0)
(0.697466 0 0)
(0.697448 0 0)
(0.69743 0 0)
(0.697412 0 0)
(0.697395 0 0)
(0.697377 0 0)
(0.697359 0 0)
(0.697341 0 0)
(0.697323 0 0)
(0.697306 0 0)
(0.697288 0 0)
(0.69727 0 0)
(0.697252 0 0)
(0.697234 0 0)
(0.697217 0 0)
(0.697199 0 0)
(0.697181 0 0)
(0.697163 0 0)
(0.697145 0 0)
(0.697127 0 0)
(0.69711 0 0)
(0.697092 0 0)
(0.697074 0 0)
(0.697056 0 0)
(0.697038 0 0)
(0.69702 0 0)
(0.697002 0 0)
(0.696984 0 0)
(0.696967 0 0)
(0.696949 0 0)
(0.696931 0 0)
(0.696913 0 0)
(0.696895 0 0)
(0.696877 0 0)
(0.696859 0 0)
(0.696841 0 0)
(0.696823 0 0)
(0.696805 0 0)
(0.696787 0 0)
(0.696769 0 0)
(0.696752 0 0)
(0.696734 0 0)
(0.696716 0 0)
(0.696698 0 0)
(0.69668 0 0)
(0.696662 0 0)
(0.696644 0 0)
(0.696626 0 0)
(0.696608 0 0)
(0.69659 0 0)
(0.696572 0 0)
(0.696554 0 0)
(0.696536 0 0)
(0.696518 0 0)
(0.6965 0 0)
(0.696482 0 0)
(0.696464 0 0)
(0.696446 0 0)
(0.696428 0 0)
(0.69641 0 0)
(0.696392 0 0)
(0.696374 0 0)
(0.696356 0 0)
(0.696338 0 0)
(0.69632 0 0)
(0.696302 0 0)
(0.696284 0 0)
(0.696265 0 0)
(0.696247 0 0)
(0.696229 0 0)
(0.696211 0 0)
(0.696193 0 0)
(0.696175 0 0)
(0.696157 0 0)
(0.696139 0 0)
(0.696121 0 0)
(0.696103 0 0)
(0.696085 0 0)
(0.696067 0 0)
(0.696048 0 0)
(0.69603 0 0)
(0.696012 0 0)
(0.695994 0 0)
(0.695976 0 0)
(0.695958 0 0)
(0.69594 0 0)
(0.695922 0 0)
(0.695903 0 0)
(0.695885 0 0)
(0.695867 0 0)
(0.695849 0 0)
(0.695831 0 0)
(0.695813 0 0)
(0.695794 0 0)
(0.695776 0 0)
(0.695758 0 0)
)
;

boundaryField
{
    inlet
    {
        type            fractionalVelocity;
        U               1((1 0 0));
        fractionalFlow  Fa;
        value           uniform (0.709421 0 0);
    }
    outlet
    {
        type            zeroGradient;
    }
    emptyWalls
    {
        type            empty;
    }
}


// ************************************************************************* //
