/*--------------------------------*- C++ -*----------------------------------*\
  =========                 |
  \\      /  F ield         | OpenFOAM: The Open Source CFD Toolbox
   \\    /   O peration     | Website:  https://openfoam.org
    \\  /    A nd           | Version:  9
     \\/     M anipulation  |
\*---------------------------------------------------------------------------*/
FoamFile
{
    format      ascii;
    class       volScalarField;
    location    "1.2";
    object      Fb;
}
// * * * * * * * * * * * * * * * * * * * * * * * * * * * * * * * * * * * * * //

dimensions      [0 0 0 0 0 0 0];

internalField   nonuniform List<scalar> 
1000
(
0.290531
0.290456
0.290359
0.290243
0.290108
0.289957
0.289791
0.28961
0.289417
0.289211
0.288993
0.288765
0.288526
0.288278
0.28802
0.287753
0.287477
0.287194
0.286903
0.286604
0.286298
0.285985
0.285666
0.28534
0.285007
0.284669
0.284325
0.283975
0.283619
0.283259
0.282892
0.282521
0.282145
0.281763
0.281377
0.280986
0.280591
0.280191
0.279786
0.279377
0.278964
0.278546
0.278124
0.277698
0.277267
0.276833
0.276394
0.275951
0.275505
0.275054
0.274599
0.27414
0.273678
0.273211
0.27274
0.272265
0.271786
0.271303
0.270816
0.270325
0.269829
0.26933
0.268826
0.268317
0.267804
0.267287
0.266765
0.266238
0.265705
0.265168
0.264625
0.264077
0.263522
0.262962
0.262394
0.261819
0.261237
0.260646
0.260046
0.259436
0.258815
0.258182
0.257534
0.25687
0.256187
0.255483
0.254753
0.253992
0.253194
0.252349
0.251446
0.250467
0.249389
0.248176
0.246776
0.245101
0.243003
0.240211
0.23616
0.229479
0.215821
0.175326
0.149867
0.137254
0.137257
0.143124
0.150068
0.156235
0.160919
0.163416
0.163093
0.160053
0.155473
0.151051
0.148052
0.146853
0.147167
0.148453
0.150177
0.151907
0.153324
0.154226
0.154531
0.154281
0.153629
0.152792
0.151991
0.151395
0.151085
0.15106
0.151255
0.151577
0.151927
0.152222
0.15241
0.15247
0.152413
0.152273
0.152093
0.151918
0.151781
0.151701
0.151679
0.151705
0.15176
0.151824
0.151878
0.151911
0.151916
0.151896
0.151856
0.151805
0.151751
0.151702
0.151663
0.151634
0.151613
0.151599
0.151587
0.151574
0.151558
0.151537
0.151512
0.151484
0.151456
0.151428
0.151402
0.151379
0.151358
0.151339
0.151322
0.151304
0.151286
0.151266
0.151244
0.15122
0.151195
0.151168
0.151141
0.151113
0.151085
0.151058
0.151032
0.151009
0.151
0.151043
0.151293
0.152366
0.156739
0.174681
0.24476
0.344084
0.353181
0.353191
0.353186
0.353183
0.353185
0.353187
0.353187
0.353186
0.353185
0.353183
0.353183
0.353183
0.353185
0.353189
0.353194
0.3532
0.353207
0.353215
0.353223
0.353231
0.353239
0.353247
0.353253
0.353259
0.353263
0.353266
0.353268
0.353269
0.353269
0.353267
0.353265
0.353261
0.353258
0.353253
0.353249
0.353244
0.353239
0.353235
0.353232
0.353229
0.353227
0.353226
0.353227
0.353228
0.353231
0.353236
0.353241
0.353248
0.353256
0.353264
0.353273
0.353283
0.353293
0.353302
0.353312
0.353324
0.353434
0.35727
0.566898
1
1
1
1
1
1
1
1
1
1
1
1
1
1
1
1
1
1
1
1
1
1
1
1
1
1
1
1
1
1
1
1
1
1
1
1
1
1
1
1
1
1
1
1
1
1
1
1
1
1
1
1
1
1
1
1
1
1
1
1
1
1
1
1
1
1
1
1
1
1
1
1
1
1
1
1
1
1
1
1
1
1
1
1
1
1
1
1
1
1
1
1
1
1
1
1
1
1
1
1
1
1
1
1
1
1
1
1
1
1
1
1
1
1
1
1
1
1
1
1
1
1
1
1
1
1
1
1
1
1
1
1
1
1
1
1
1
1
1
1
1
1
1
1
1
1
1
1
1
1
1
1
1
1
1
1
1
1
1
1
1
1
1
1
1
1
1
1
1
1
1
1
1
1
1
1
1
1
1
1
1
1
1
1
1
1
1
1
1
1
1
1
1
1
1
1
1
1
1
1
1
1
1
1
1
1
1
1
1
1
1
1
1
1
1
1
1
1
1
1
1
1
1
1
1
1
1
1
1
1
1
1
1
1
1
1
1
1
1
1
1
1
1
1
1
1
1
1
1
1
1
1
1
1
1
1
1
1
1
1
1
1
1
1
1
1
1
1
1
1
1
1
1
1
1
1
1
1
1
1
1
1
1
1
1
1
1
1
1
1
1
1
1
1
1
1
1
1
1
1
1
1
1
1
1
1
1
1
1
1
1
1
1
1
1
1
1
1
1
1
1
1
1
1
1
1
1
1
1
1
1
1
1
1
1
1
1
1
1
1
1
1
1
1
1
1
1
1
1
1
1
1
1
1
1
1
1
1
1
1
1
1
1
1
1
1
1
1
1
1
1
1
1
1
1
1
1
1
1
1
1
1
1
1
1
1
1
1
1
1
1
1
1
1
1
1
1
1
1
1
1
1
1
1
1
1
1
1
1
1
1
1
1
1
1
1
1
1
1
1
1
1
1
1
1
1
1
1
1
1
1
1
1
1
1
1
1
1
1
1
1
1
1
1
1
1
1
1
1
1
1
1
1
1
1
1
1
1
1
1
1
1
1
1
1
1
1
1
1
1
1
1
1
1
1
1
1
1
1
1
1
1
1
1
1
1
1
1
1
1
1
1
1
1
1
1
1
1
1
1
1
1
1
1
1
1
1
1
1
1
1
1
1
1
1
1
1
1
1
1
1
1
1
1
1
1
1
1
1
1
1
1
1
1
1
1
1
1
1
1
1
1
1
1
1
1
1
1
1
1
1
1
1
1
1
1
1
1
1
1
1
1
1
1
1
1
1
1
1
1
1
1
1
1
1
1
1
1
1
1
1
1
1
1
1
1
1
1
1
1
1
1
1
1
1
1
1
1
1
1
1
1
1
1
1
1
1
1
1
1
1
1
1
1
1
1
1
1
1
1
1
1
1
1
1
1
1
1
1
1
1
1
1
1
1
1
1
1
1
1
1
1
1
1
1
1
1
1
1
1
1
1
1
1
1
1
1
1
1
1
1
1
1
1
1
1
1
1
1
1
1
1
1
1
1
1
1
1
1
1
1
1
1
1
1
1
1
1
1
1
1
1
1
1
1
1
1
1
1
1
1
1
1
1
1
1
1
1
1
1
1
1
1
1
1
1
1
1
1
1
1
1
1
1
1
1
1
1
1
1
1
1
1
1
1
1
1
1
1
1
1
1
1
1
1
1
1
1
1
)
;

boundaryField
{
    inlet
    {
        type            calculated;
        value           uniform 0.290579;
    }
    outlet
    {
        type            calculated;
        value           uniform 1;
    }
    emptyWalls
    {
        type            empty;
    }
}


// ************************************************************************* //
