/*--------------------------------*- C++ -*----------------------------------*\
  =========                 |
  \\      /  F ield         | OpenFOAM: The Open Source CFD Toolbox
   \\    /   O peration     | Website:  https://openfoam.org
    \\  /    A nd           | Version:  9
     \\/     M anipulation  |
\*---------------------------------------------------------------------------*/
FoamFile
{
    format      ascii;
    class       volScalarField;
    location    "9";
    object      krc;
}
// * * * * * * * * * * * * * * * * * * * * * * * * * * * * * * * * * * * * * //

dimensions      [0 0 0 0 0 0 0];

internalField   nonuniform List<scalar> 
1000
(
7.12883e-06
1.85077e-05
3.37404e-05
5.26044e-05
7.49393e-05
0.000100616
0.000129524
0.000161563
0.000196645
0.000234684
0.000275604
0.000319329
0.00036579
0.00041492
0.000466653
0.00052093
0.000577689
0.000636875
0.000698432
0.000762306
0.000828446
0.000896802
0.000967325
0.00103997
0.00111469
0.00119143
0.00127017
0.00135085
0.00143343
0.00151788
0.00160415
0.00169221
0.00178203
0.00187355
0.00196676
0.00206162
0.00215809
0.00225614
0.00235575
0.00245687
0.00255948
0.00266355
0.00276905
0.00287596
0.00298424
0.00309387
0.00320483
0.00331708
0.00343061
0.00354539
0.00366139
0.0037786
0.00389698
0.00401652
0.0041372
0.00425899
0.00438188
0.00450584
0.00463085
0.00475689
0.00488395
0.00501201
0.00514105
0.00527104
0.00540198
0.00553384
0.00566661
0.00580028
0.00593482
0.00607021
0.00620646
0.00634353
0.00648142
0.00662011
0.00675958
0.00689983
0.00704083
0.00718258
0.00732506
0.00746826
0.00761217
0.00775676
0.00790204
0.00804799
0.00819459
0.00834185
0.00848973
0.00863824
0.00878736
0.00893709
0.0090874
0.0092383
0.00938976
0.00954179
0.00969437
0.00984749
0.0100011
0.0101553
0.01031
0.0104652
0.0106209
0.0107771
0.0109337
0.0110909
0.0112485
0.0114065
0.011565
0.0117239
0.0118833
0.0120431
0.0122033
0.0123639
0.0125249
0.0126864
0.0128482
0.0130103
0.0131729
0.0133358
0.0134991
0.0136628
0.0138268
0.0139911
0.0141558
0.0143208
0.0144862
0.0146519
0.0148178
0.0149841
0.0151507
0.0153176
0.0154848
0.0156523
0.0158201
0.0159881
0.0161564
0.016325
0.0164938
0.016663
0.0168323
0.0170019
0.0171718
0.0173419
0.0175122
0.0176828
0.0178536
0.0180247
0.0181959
0.0183674
0.0185391
0.018711
0.0188831
0.0190554
0.0192279
0.0194006
0.0195734
0.0197465
0.0199198
0.0200932
0.0202668
0.0204406
0.0206146
0.0207887
0.020963
0.0211375
0.0213121
0.0214868
0.0216618
0.0218368
0.022012
0.0221874
0.0223629
0.0225386
0.0227143
0.0228902
0.0230663
0.0232425
0.0234188
0.0235952
0.0237717
0.0239484
0.0241251
0.024302
0.024479
0.0246561
0.0248333
0.0250106
0.0251881
0.0253656
0.0255432
0.0257209
0.0258987
0.0260766
0.0262546
0.0264327
0.0266108
0.0267891
0.0269674
0.0271458
0.0273243
0.0275028
0.0276815
0.0278602
0.0280389
0.0282178
0.0283967
0.0285757
0.0287547
0.0289338
0.029113
0.0292922
0.0294715
0.0296508
0.0298302
0.0300097
0.0301892
0.0303687
0.0305483
0.030728
0.0309077
0.0310874
0.0312672
0.031447
0.0316269
0.0318068
0.0319868
0.0321667
0.0323468
0.0325268
0.0327069
0.032887
0.0330672
0.0332474
0.0334276
0.0336078
0.0337881
0.0339684
0.0341487
0.034329
0.0345094
0.0346898
0.0348702
0.0350506
0.035231
0.0354115
0.035592
0.0357725
0.035953
0.0361335
0.036314
0.0364946
0.0366752
0.0368557
0.0370363
0.0372169
0.0373975
0.0375781
0.0377587
0.0379393
0.0381199
0.0383006
0.0384812
0.0386618
0.0388425
0.0390231
0.0392037
0.0393844
0.039565
0.0397456
0.0399263
0.0401069
0.0402875
0.0404681
0.0406487
0.0408294
0.04101
0.0411906
0.0413711
0.0415517
0.0417323
0.0419129
0.0420934
0.042274
0.0424545
0.042635
0.0428155
0.042996
0.0431765
0.043357
0.0435374
0.0437179
0.0438983
0.0440787
0.0442591
0.0444395
0.0446199
0.0448002
0.0449806
0.0451609
0.0453412
0.0455215
0.0457017
0.045882
0.0460622
0.0462424
0.0464225
0.0466027
0.0467828
0.046963
0.047143
0.0473231
0.0475032
0.0476832
0.0478632
0.0480432
0.0482231
0.048403
0.0485829
0.0487628
0.0489427
0.0491225
0.0493023
0.0494821
0.0496618
0.0498415
0.0500212
0.0502009
0.0503805
0.0505602
0.0507397
0.0509193
0.0510988
0.0512783
0.0514578
0.0516372
0.0518166
0.051996
0.0521754
0.0523547
0.052534
0.0527132
0.0528924
0.0530716
0.0532508
0.0534299
0.053609
0.0537881
0.0539671
0.0541461
0.0543251
0.0545041
0.054683
0.0548618
0.0550407
0.0552195
0.0553983
0.055577
0.0557557
0.0559344
0.056113
0.0562916
0.0564702
0.0566488
0.0568273
0.0570057
0.0571842
0.0573626
0.0575409
0.0577193
0.0578976
0.0580758
0.058254
0.0584322
0.0586104
0.0587885
0.0589666
0.0591446
0.0593227
0.0595006
0.0596786
0.0598565
0.0600344
0.0602122
0.06039
0.0605677
0.0607455
0.0609232
0.0611008
0.0612784
0.061456
0.0616336
0.0618111
0.0619885
0.062166
0.0623434
0.0625207
0.0626981
0.0628753
0.0630526
0.0632298
0.063407
0.0635841
0.0637612
0.0639383
0.0641153
0.0642923
0.0644693
0.0646462
0.0648231
0.0649999
0.0651768
0.0653535
0.0655303
0.065707
0.0658836
0.0660603
0.0662369
0.0664134
0.0665899
0.0667664
0.0669429
0.0671193
0.0672956
0.067472
0.0676483
0.0678245
0.0680008
0.068177
0.0683531
0.0685292
0.0687053
0.0688814
0.0690574
0.0692334
0.0694093
0.0695852
0.0697611
0.0699369
0.0701127
0.0702885
0.0704642
0.0706399
0.0708155
0.0709912
0.0711667
0.0713423
0.0715178
0.0716933
0.0718687
0.0720441
0.0722195
0.0723949
0.0725702
0.0727455
0.0729207
0.0730959
0.0732711
0.0734462
0.0736213
0.0737964
0.0739714
0.0741464
0.0743214
0.0744963
0.0746712
0.0748461
0.075021
0.0751958
0.0753705
0.0755453
0.07572
0.0758947
0.0760693
0.0762439
0.0764185
0.0765931
0.0767676
0.0769421
0.0771165
0.077291
0.0774654
0.0776397
0.0778141
0.0779884
0.0781627
0.0783369
0.0785111
0.0786853
0.0788595
0.0790336
0.0792077
0.0793818
0.0795558
0.0797299
0.0799039
0.0800778
0.0802518
0.0804257
0.0805995
0.0807734
0.0809472
0.081121
0.0812948
0.0814686
0.0816423
0.081816
0.0819897
0.0821633
0.0823369
0.0825106
0.0826841
0.0828577
0.0830312
0.0832047
0.0833782
0.0835517
0.0837251
0.0838986
0.084072
0.0842453
0.0844187
0.084592
0.0847653
0.0849386
0.0851119
0.0852852
0.0854584
0.0856317
0.0858049
0.085978
0.0861512
0.0863244
0.0864975
0.0866706
0.0868437
0.0870168
0.0871899
0.087363
0.087536
0.0877091
0.0878821
0.0880551
0.0882281
0.0884011
0.0885741
0.0887471
0.08892
0.089093
0.0892659
0.0894389
0.0896118
0.0897847
0.0899576
0.0901306
0.0903035
0.0904764
0.0906493
0.0908222
0.0909951
0.091168
0.0913409
0.0915138
0.0916867
0.0918596
0.0920325
0.0922054
0.0923783
0.0925512
0.0927242
0.0928971
0.09307
0.093243
0.0934159
0.0935889
0.0937619
0.0939349
0.0941079
0.094281
0.094454
0.0946271
0.0948002
0.0949733
0.0951464
0.0953196
0.0954928
0.095666
0.0958392
0.0960125
0.0961858
0.0963591
0.0965325
0.0967059
0.0968793
0.0970528
0.0972264
0.0973999
0.0975736
0.0977472
0.0979209
0.0980947
0.0982686
0.0984424
0.0986164
0.0987904
0.0989645
0.0991386
0.0993129
0.0994872
0.0996615
0.099836
0.100011
0.100185
0.10036
0.100535
0.10071
0.100885
0.10106
0.101235
0.10141
0.101586
0.101762
0.101937
0.102113
0.102289
0.102465
0.102642
0.102818
0.102995
0.103172
0.103349
0.103526
0.103704
0.103881
0.104059
0.104237
0.104416
0.104594
0.104773
0.104952
0.105132
0.105312
0.105492
0.105672
0.105853
0.106034
0.106216
0.106397
0.10658
0.106762
0.106946
0.107129
0.107314
0.107498
0.107684
0.10787
0.108056
0.108243
0.108431
0.10862
0.108809
0.108999
0.10919
0.109382
0.109575
0.109769
0.109964
0.110161
0.110358
0.110557
0.110757
0.110959
0.111162
0.111367
0.111574
0.111783
0.111993
0.112206
0.112422
0.11264
0.112861
0.113085
0.113312
0.113543
0.113778
0.114017
0.11426
0.114509
0.114763
0.115023
0.11529
0.115564
0.115846
0.116138
0.11644
0.116753
0.117078
0.117418
0.117775
0.11815
0.118546
0.118967
0.119416
0.119899
0.12042
0.120989
0.121613
0.122304
0.123079
0.123957
0.124967
0.126147
0.127552
0.129263
0.131406
0.134184
0.137953
0.143384
0.151929
0.167349
0.202825
0.366269
0.256885
0.23388
0.2241
0.219727
0.218196
0.218346
0.219408
0.220951
0.222683
0.224388
0.22588
0.226991
0.227581
0.227583
0.22705
0.226167
0.225199
0.224399
0.22392
0.223794
0.223959
0.224308
0.224727
0.22512
0.225415
0.225575
0.225593
0.225492
0.225316
0.225115
0.224937
0.224815
0.224763
0.224777
0.224841
0.224931
0.225025
0.225103
0.225153
0.225171
0.225161
0.225129
0.225088
0.225048
0.225017
0.224999
0.224996
0.225005
0.225023
0.225043
0.225062
0.225077
0.225085
0.225087
0.225084
0.225078
0.225071
0.225066
0.225064
0.225065
0.225069
0.225075
0.225082
0.22509
0.225095
0.2251
0.225102
0.225103
0.225102
0.225101
0.225099
0.225097
0.225095
0.225094
0.225093
0.225092
0.225091
0.225091
0.22509
0.225089
0.225088
0.225087
0.225086
0.225085
0.225085
0.225086
0.225086
0.225087
0.225089
0.22509
0.225092
0.225094
0.225096
0.225098
0.2251
0.225102
0.225105
0.225107
0.225109
0.22511
0.225112
0.225114
0.225115
0.225116
0.225117
0.225118
0.225118
0.225118
0.225118
0.225118
0.225118
0.225117
0.225117
0.225117
0.225116
0.225116
0.225115
0.225115
0.225115
0.225115
0.225115
0.225115
0.225116
0.225116
0.225117
0.225118
0.225118
0.225119
0.225121
0.225122
0.225123
0.225125
0.225126
0.225128
0.22513
0.225132
0.225134
0.225136
0.225138
0.22514
0.225142
0.225144
0.225146
0.225149
0.225151
0.225153
0.225155
0.225157
0.225158
0.22516
0.225162
0.225163
0.225164
0.225165
0.225166
0.225167
0.225167
0.225168
0.225168
0.225168
0.225169
0.225169
0.225169
0.225168
0.225168
0.225168
0.225168
0.225168
0.225168
0.225168
0.225168
0.225168
0.225169
0.225169
0.225169
0.22517
0.22517
0.225171
0.225172
0.225172
0.225173
0.225174
0.225175
0.225175
0.225176
0.225177
0.225178
0.225179
0.225179
0.22518
0.225181
0.225182
0.225182
0.225183
0.225184
0.225184
0.225185
0.225185
0.225186
0.225187
0.225188
0.225188
0.225189
0.22519
0.225191
0.225192
0.225193
0.225194
0.225195
0.225196
0.225198
0.225199
0.2252
0.225202
0.225203
0.225205
0.225206
0.225207
0.225209
0.22521
0.225212
0.225213
0.225215
0.225216
0.225218
0.225219
0.22522
0.225221
0.225223
0.225224
0.225225
0.225226
0.225227
0.225228
0.225229
0.22523
0.225231
0.225232
0.225232
0.225233
0.225234
0.225235
0.225236
0.225237
0.225238
0.225239
0.22524
0.225241
0.225242
0.225243
0.225244
0.225245
0.225246
0.225247
0.225248
0.225249
0.22525
0.225251
0.225252
0.225253
0.225254
0.225255
0.225256
0.225257
0.225258
0.225258
0.225259
0.22526
0.225261
0.225262
0.225263
0.225264
0.225264
0.225265
0.225266
0.225267
0.225268
0.225268
0.225269
0.22527
)
;

boundaryField
{
    inlet
    {
        type            calculated;
        value           uniform 0;
    }
    outlet
    {
        type            calculated;
        value           uniform 0.22527;
    }
    emptyWalls
    {
        type            empty;
    }
}


// ************************************************************************* //
