/*--------------------------------*- C++ -*----------------------------------*\
  =========                 |
  \\      /  F ield         | OpenFOAM: The Open Source CFD Toolbox
   \\    /   O peration     | Website:  https://openfoam.org
    \\  /    A nd           | Version:  9
     \\/     M anipulation  |
\*---------------------------------------------------------------------------*/
FoamFile
{
    format      ascii;
    class       volScalarField;
    location    "2.5";
    object      Cs;
}
// * * * * * * * * * * * * * * * * * * * * * * * * * * * * * * * * * * * * * //

dimensions      [0 0 0 0 0 0 0];

internalField   nonuniform List<scalar> 
1000
(
0.05
0.05
0.05
0.05
0.05
0.05
0.05
0.05
0.05
0.05
0.05
0.05
0.05
0.05
0.05
0.05
0.05
0.05
0.05
0.05
0.05
0.05
0.05
0.05
0.05
0.05
0.05
0.05
0.05
0.05
0.05
0.05
0.05
0.05
0.05
0.05
0.05
0.05
0.05
0.05
0.05
0.05
0.05
0.05
0.05
0.05
0.05
0.05
0.05
0.05
0.05
0.05
0.05
0.05
0.05
0.05
0.05
0.05
0.05
0.05
0.05
0.05
0.05
0.05
0.05
0.05
0.05
0.05
0.05
0.05
0.05
0.05
0.05
0.05
0.05
0.05
0.05
0.05
0.05
0.05
0.05
0.05
0.05
0.05
0.05
0.05
0.05
0.05
0.05
0.05
0.05
0.05
0.05
0.05
0.05
0.05
0.05
0.05
0.05
0.05
0.05
0.05
0.05
0.05
0.05
0.05
0.05
0.05
0.05
0.05
0.05
0.05
0.05
0.05
0.05
0.05
0.05
0.05
0.05
0.05
0.05
0.05
0.05
0.05
0.05
0.05
0.05
0.05
0.05
0.05
0.0499999
0.0499999
0.0499999
0.0499998
0.0499997
0.0499996
0.0499994
0.0499992
0.0499989
0.0499985
0.0499979
0.0499972
0.0499961
0.0499948
0.049993
0.0499907
0.0499876
0.0499836
0.0499785
0.049972
0.0499636
0.0499531
0.0499398
0.0499231
0.0499024
0.0498768
0.0498452
0.0498067
0.0497598
0.0497031
0.0496349
0.0495533
0.0494564
0.0493418
0.0492071
0.0490496
0.0488666
0.0486549
0.0484116
0.0481334
0.047817
0.0474592
0.0470568
0.0466066
0.0461058
0.0455516
0.0449417
0.0442741
0.0435471
0.0427599
0.0419118
0.0410032
0.0400347
0.0390079
0.037925
0.036789
0.0356035
0.0343728
0.0331018
0.0317959
0.0304612
0.029104
0.0277309
0.026349
0.024965
0.023586
0.0222188
0.0208698
0.0195451
0.0182503
0.0169901
0.0157685
0.0145878
0.013448
0.0123437
0.0112531
0.0100624
0.008779
0.00760772
0.00657243
0.00567425
0.00488574
0.0041918
0.00358306
0.00305158
0.00258982
0.0021905
0.00184684
0.00155251
0.00130165
0.00108887
0.000909197
0.000758068
0.00063138
0.000525485
0.000437199
0.000363772
0.000302848
0.000252412
0.000210747
0.000176393
0.000148107
0.000124841
0.000105712
8.998e-05
7.70281e-05
6.63456e-05
5.75114e-05
5.01805e-05
4.40713e-05
3.89547e-05
3.46453e-05
3.0993e-05
2.78769e-05
2.51994e-05
2.28822e-05
2.0862e-05
1.90883e-05
1.75202e-05
1.61249e-05
1.48757e-05
1.37511e-05
1.27338e-05
1.18095e-05
1.09663e-05
1.01946e-05
9.4862e-06
8.83439e-06
8.23333e-06
7.67806e-06
7.16429e-06
6.68829e-06
6.24676e-06
5.83681e-06
5.45583e-06
5.10152e-06
4.77179e-06
4.46473e-06
4.17865e-06
3.91197e-06
3.66327e-06
3.43123e-06
3.21467e-06
3.01247e-06
2.82362e-06
2.64718e-06
2.48228e-06
2.32813e-06
2.18398e-06
2.04914e-06
1.92298e-06
1.80491e-06
1.69439e-06
1.59091e-06
1.494e-06
1.40322e-06
1.31816e-06
1.23845e-06
1.16374e-06
1.0937e-06
1.02802e-06
9.66417e-07
9.08634e-07
8.5442e-07
8.03548e-07
7.55802e-07
7.10983e-07
6.68905e-07
6.29393e-07
5.92286e-07
5.57432e-07
5.24689e-07
4.93924e-07
4.65015e-07
4.37845e-07
4.12306e-07
3.88297e-07
3.65723e-07
3.44496e-07
3.24533e-07
3.05757e-07
2.88094e-07
2.71477e-07
2.55841e-07
2.41128e-07
2.27281e-07
2.14248e-07
2.0198e-07
1.9043e-07
1.79555e-07
1.69316e-07
1.59672e-07
1.50591e-07
1.42036e-07
1.33978e-07
1.26386e-07
1.19234e-07
1.12494e-07
1.06143e-07
1.00158e-07
9.45168e-08
8.91995e-08
8.4187e-08
7.94614e-08
7.50061e-08
7.08051e-08
6.68437e-08
6.31079e-08
5.95847e-08
5.62615e-08
5.31269e-08
5.017e-08
4.73804e-08
4.47485e-08
4.22652e-08
3.9922e-08
3.77109e-08
3.56241e-08
3.36546e-08
3.17958e-08
3.00412e-08
2.83849e-08
2.68213e-08
2.53452e-08
2.39514e-08
2.26355e-08
2.13929e-08
2.02195e-08
1.91114e-08
1.80649e-08
1.70765e-08
1.61429e-08
1.5261e-08
1.4428e-08
1.36411e-08
1.28976e-08
1.21952e-08
1.15316e-08
1.09045e-08
1.0312e-08
9.7521e-09
9.22296e-09
8.72289e-09
8.25027e-09
7.80357e-09
7.38135e-09
6.98225e-09
6.60498e-09
6.24834e-09
5.91118e-09
5.59242e-09
5.29105e-09
5.00611e-09
4.73668e-09
4.48192e-09
4.24101e-09
4.01319e-09
3.79774e-09
3.59398e-09
3.40128e-09
3.21902e-09
3.04667e-09
2.88378e-09
2.73013e-09
2.58023e-09
2.41033e-09
2.2235e-09
2.03639e-09
1.85749e-09
1.69047e-09
1.53653e-09
1.39566e-09
1.26727e-09
1.15051e-09
1.04446e-09
9.48205e-10
8.60865e-10
7.81627e-10
7.09742e-10
6.44526e-10
5.85355e-10
5.31665e-10
4.82944e-10
4.38728e-10
3.98595e-10
3.62166e-10
3.29095e-10
2.99069e-10
2.71805e-10
2.47047e-10
2.24563e-10
2.04141e-10
1.85591e-10
1.6874e-10
1.5343e-10
1.3952e-10
1.2688e-10
1.15394e-10
1.04955e-10
9.5467e-11
8.68427e-11
7.9003e-11
7.18758e-11
6.53958e-11
5.9504e-11
5.41464e-11
4.92744e-11
4.48435e-11
4.08136e-11
3.7148e-11
3.38137e-11
3.07805e-11
2.8021e-11
2.55104e-11
2.3226e-11
2.11474e-11
1.92558e-11
1.75344e-11
1.59678e-11
1.45418e-11
1.3244e-11
1.20625e-11
1.09871e-11
1.0008e-11
9.11658e-12
8.30499e-12
7.56602e-12
6.89313e-12
6.28038e-12
5.72237e-12
5.21417e-12
4.75132e-12
4.32975e-12
3.94576e-12
3.59599e-12
3.27736e-12
2.98709e-12
2.72264e-12
2.48171e-12
2.26219e-12
2.06217e-12
1.87992e-12
1.71384e-12
1.56249e-12
1.42457e-12
1.29887e-12
1.1843e-12
1.07988e-12
9.84707e-13
8.97953e-13
8.18872e-13
7.46783e-13
6.81064e-13
6.2115e-13
5.66527e-13
5.16725e-13
4.71317e-13
4.29914e-13
3.92161e-13
3.57735e-13
3.26342e-13
2.97714e-13
2.71605e-13
2.47794e-13
2.26078e-13
2.06272e-13
1.88206e-13
1.71728e-13
1.56697e-13
1.42986e-13
1.30479e-13
1.19069e-13
1.0866e-13
9.91644e-14
9.05008e-14
8.25965e-14
7.53846e-14
6.88043e-14
6.28002e-14
5.73216e-14
5.23223e-14
4.77603e-14
4.35973e-14
3.97981e-14
3.6331e-14
3.31667e-14
3.02789e-14
2.76432e-14
2.52375e-14
2.30418e-14
2.10377e-14
1.92084e-14
1.7539e-14
1.60322e-14
1.48238e-14
1.32264e-14
1.14143e-14
9.60992e-15
7.93746e-15
6.45632e-15
5.18552e-15
4.1205e-15
3.24411e-15
2.5335e-15
1.96432e-15
1.51315e-15
1.15873e-15
8.8251e-16
6.68763e-16
5.04412e-16
3.78779e-16
2.83256e-16
2.10989e-16
1.5657e-16
1.1577e-16
8.53078e-17
6.26526e-17
4.58667e-17
3.3474e-17
2.43563e-17
1.76703e-17
1.27832e-17
9.22202e-18
6.63486e-18
4.76081e-18
3.4072e-18
2.43222e-18
1.73187e-18
1.23013e-18
8.71629e-19
6.16126e-19
4.3449e-19
3.05686e-19
2.14571e-19
1.50272e-19
1.05004e-19
7.3209e-20
5.09292e-20
3.53525e-20
2.4487e-20
1.69246e-20
1.16729e-20
8.03389e-21
5.51776e-21
3.78181e-21
2.58667e-21
1.76561e-21
1.20272e-21
8.17638e-22
5.54734e-22
3.75615e-22
2.53829e-22
1.71192e-22
1.15232e-22
7.74138e-23
5.19064e-23
3.47365e-23
2.32016e-23
1.54675e-23
1.02919e-23
6.83517e-24
4.5309e-24
2.99782e-24
1.97977e-24
1.30501e-24
8.5864e-25
5.63904e-25
3.69659e-25
2.4188e-25
1.57982e-25
1.02997e-25
6.70275e-26
4.3541e-26
2.82332e-26
1.82745e-26
1.18073e-26
7.61524e-27
4.9028e-27
3.15091e-27
2.02143e-27
1.29455e-27
8.2759e-28
5.28143e-28
3.36457e-28
2.13969e-28
1.35837e-28
8.60865e-29
5.4463e-29
3.43969e-29
2.16866e-29
1.36496e-29
8.57642e-30
5.37962e-30
3.36868e-30
2.10586e-30
1.31422e-30
8.18785e-31
5.09263e-31
3.16217e-31
1.9602e-31
1.21308e-31
7.49467e-32
4.62269e-32
2.84653e-32
1.74991e-32
1.07399e-32
6.58061e-33
4.02549e-33
2.45843e-33
1.49894e-33
9.12434e-34
5.5451e-34
3.36442e-34
2.03801e-34
1.23253e-34
7.44193e-35
4.48613e-35
2.69997e-35
1.62236e-35
9.7328e-36
5.82952e-36
3.48605e-36
2.08133e-36
1.24067e-36
7.38384e-37
4.38751e-37
2.60296e-37
1.5418e-37
9.11812e-38
5.38391e-38
3.17401e-38
1.86826e-38
1.09796e-38
6.4425e-39
3.77439e-39
2.20781e-39
1.28944e-39
7.51914e-40
4.37786e-40
2.54497e-40
1.47718e-40
8.56084e-41
4.95371e-41
2.86205e-41
1.65105e-41
9.5099e-42
5.46927e-42
3.14065e-42
1.80073e-42
1.03091e-42
5.89292e-43
3.36344e-43
1.91681e-43
1.09074e-43
6.19735e-44
3.51592e-44
1.99168e-44
1.12654e-44
6.36248e-45
3.58803e-45
2.0204e-45
1.13598e-45
6.37764e-46
3.57522e-46
2.00126e-46
1.11856e-46
6.24272e-47
3.47895e-47
1.9359e-47
1.07567e-47
5.96808e-48
3.3064e-48
1.82911e-48
1.01039e-48
5.57322e-49
3.06965e-49
1.68827e-49
9.27175e-50
5.08455e-50
2.78429e-50
1.52247e-50
8.31294e-51
4.53248e-51
2.46769e-51
1.3416e-51
7.28334e-52
3.94836e-52
2.13738e-52
1.15538e-52
6.23663e-53
3.36168e-53
1.80944e-53
9.7256e-54
5.22002e-54
2.79778e-54
1.49741e-54
8.00303e-55
4.27126e-55
2.27639e-55
1.21151e-55
6.43868e-56
3.41711e-56
1.81098e-56
9.58429e-57
5.06525e-57
2.67323e-57
1.40886e-57
7.41476e-58
3.89693e-58
2.04525e-58
1.07194e-58
5.6104e-59
2.93236e-59
1.53054e-59
7.9776e-60
4.15245e-60
2.15844e-60
1.12042e-60
5.80802e-61
3.00665e-61
1.55433e-61
8.02441e-62
4.13706e-62
2.13001e-62
1.09517e-62
5.62332e-63
2.88348e-63
1.47657e-63
7.55101e-64
3.8563e-64
1.96677e-64
1.00173e-64
5.09527e-65
2.58822e-65
1.31296e-65
6.65158e-66
3.36525e-66
1.70032e-66
8.5796e-67
4.3234e-67
2.17574e-67
1.09349e-67
5.48839e-68
2.75107e-68
1.37716e-68
6.88488e-69
3.43744e-69
1.71397e-69
8.53495e-70
4.24452e-70
2.10808e-70
1.04563e-70
5.17967e-71
2.56247e-71
1.26605e-71
6.24707e-72
3.07849e-72
1.51508e-72
7.4468e-73
3.65546e-73
1.79206e-73
8.77412e-74
4.29036e-74
2.09519e-74
1.02187e-74
4.97749e-75
2.42141e-75
1.17644e-75
5.70838e-76
2.76632e-76
1.33887e-76
6.47173e-77
3.12427e-77
1.50635e-77
7.25355e-78
3.48839e-78
1.67552e-78
8.03754e-79
3.85078e-79
1.84258e-79
8.80556e-80
4.20282e-80
2.00345e-80
9.53828e-81
4.53542e-81
2.15388e-81
1.0216e-81
4.83948e-82
2.28968e-82
1.08195e-82
5.10625e-83
2.40689e-83
1.13311e-83
5.32778e-84
2.50198e-84
1.1735e-84
5.49728e-85
2.57203e-85
1.2019e-85
5.60952e-86
2.61487e-86
1.21742e-86
5.66105e-87
2.62919e-87
1.2196e-87
5.6504e-88
2.61464e-88
1.20841e-88
5.57814e-89
2.57179e-89
1.18428e-89
5.44685e-90
2.50213e-90
1.14802e-90
5.26094e-91
2.40798e-91
1.10083e-91
5.02645e-92
2.29235e-92
1.04419e-92
4.75067e-93
2.15879e-93
9.7982e-94
4.44183e-94
2.01122e-94
9.09573e-95
4.10864e-95
1.85371e-95
8.35351e-96
3.75993e-96
1.69035e-96
7.59026e-97
3.40427e-97
1.52503e-97
6.82367e-98
3.04962e-98
1.36133e-98
6.06971e-99
2.7031e-99
1.20239e-99
5.34223e-100
2.37077e-100
1.05087e-100
4.65262e-101
2.05751e-101
9.08821e-102
4.00968e-102
1.767e-102
7.7778e-103
3.41959e-103
1.50171e-103
6.58715e-104
2.88606e-104
1.26302e-104
5.52097e-105
2.41057e-105
1.05129e-105
4.5796e-106
1.99265e-106
8.66041e-107
3.75965e-107
1.63026e-107
7.0611e-108
3.05485e-108
1.32012e-108
5.69822e-109
2.45681e-109
1.05806e-109
4.5515e-110
1.95572e-110
8.39394e-111
3.5986e-111
1.54102e-111
6.59166e-112
2.81637e-112
1.20197e-112
5.12402e-113
2.18192e-113
9.28064e-114
3.94302e-114
1.67338e-114
7.09369e-115
3.00375e-115
1.27049e-115
5.36776e-116
2.26532e-116
9.54957e-117
4.02118e-117
1.69138e-117
7.10634e-118
2.98242e-118
1.25029e-118
5.23567e-119
2.19005e-119
9.15071e-120
3.81924e-120
1.59228e-120
6.63109e-121
2.7585e-121
1.14626e-121
4.75792e-122
1.97276e-122
8.17065e-123
3.38036e-123
1.397e-123
5.76705e-124
2.37814e-124
9.79602e-125
4.03077e-125
1.65674e-125
6.80221e-126
2.78981e-126
1.14295e-126
4.67747e-127
1.91216e-127
7.80852e-128
3.18526e-128
1.29793e-128
5.28314e-129
2.14815e-129
8.72512e-130
3.54007e-130
1.43478e-130
5.80891e-131
2.3493e-131
9.49115e-132
3.83032e-132
1.54415e-132
6.21839e-133
2.50153e-133
1.00524e-133
4.03531e-134
1.61815e-134
6.48191e-135
2.59374e-135
1.03679e-135
4.13994e-136
1.65136e-136
6.58004e-137
2.61914e-137
1.04143e-137
4.13665e-138
1.64138e-138
6.50599e-139
2.5761e-139
1.01896e-139
4.02621e-140
1.58922e-140
6.26636e-141
2.46828e-141
9.7123e-142
3.81766e-142
1.49906e-142
5.88021e-143
2.30417e-143
9.01956e-144
3.52701e-144
1.37778e-144
5.37652e-145
2.09593e-145
8.16211e-146
3.17528e-146
1.234e-146
4.7907e-147
1.85796e-147
7.19831e-148
2.78598e-148
1.07716e-148
4.16044e-149
1.60529e-149
)
;

boundaryField
{
    inlet
    {
        type            fixedValue;
        value           uniform 0.05;
    }
    outlet
    {
        type            zeroGradient;
    }
    emptyWalls
    {
        type            empty;
    }
}


// ************************************************************************* //
