/*--------------------------------*- C++ -*----------------------------------*\
  =========                 |
  \\      /  F ield         | OpenFOAM: The Open Source CFD Toolbox
   \\    /   O peration     | Website:  https://openfoam.org
    \\  /    A nd           | Version:  9
     \\/     M anipulation  |
\*---------------------------------------------------------------------------*/
FoamFile
{
    format      ascii;
    class       volScalarField;
    location    "6.9";
    object      Sc;
}
// * * * * * * * * * * * * * * * * * * * * * * * * * * * * * * * * * * * * * //

dimensions      [0 0 0 0 0 0 0];

internalField   nonuniform List<scalar> 
1000
(
0.00224444
0.0036121
0.00487153
0.00607607
0.00724435
0.00838535
0.00950416
0.010604
0.0116871
0.0127551
0.0138091
0.0148501
0.0158789
0.0168961
0.0179023
0.0188978
0.0198833
0.0208588
0.0218249
0.0227819
0.0237298
0.0246691
0.0256
0.0265226
0.0274372
0.0283439
0.0292429
0.0301344
0.0310186
0.0318956
0.0327655
0.0336285
0.0344847
0.0353343
0.0361773
0.0370139
0.0378443
0.0386684
0.0394864
0.0402985
0.0411047
0.0419051
0.0426998
0.0434889
0.0442725
0.0450506
0.0458235
0.046591
0.0473534
0.0481107
0.0488629
0.0496102
0.0503527
0.0510903
0.0518231
0.0525513
0.0532749
0.0539939
0.0547084
0.0554185
0.0561242
0.0568257
0.0575228
0.0582158
0.0589047
0.0595894
0.0602701
0.0609468
0.0616196
0.0622886
0.0629536
0.0636149
0.0642725
0.0649263
0.0655765
0.0662231
0.0668661
0.0675056
0.0681417
0.0687742
0.0694034
0.0700292
0.0706517
0.0712709
0.0718869
0.0724997
0.0731092
0.0737157
0.074319
0.0749193
0.0755165
0.0761107
0.076702
0.0772903
0.0778757
0.0784582
0.0790379
0.0796148
0.0801889
0.0807602
0.0813288
0.0818947
0.0824579
0.0830184
0.0835764
0.0841317
0.0846845
0.0852348
0.0857825
0.0863277
0.0868705
0.0874108
0.0879487
0.0884842
0.0890173
0.0895481
0.0900766
0.0906027
0.0911266
0.0916482
0.0921675
0.0926847
0.0931996
0.0937123
0.0942229
0.0947314
0.0952377
0.095742
0.0962441
0.0967442
0.0972422
0.0977382
0.0982322
0.0987242
0.0992143
0.0997024
0.100188
0.100673
0.101155
0.101635
0.102114
0.102591
0.103065
0.103539
0.10401
0.104479
0.104947
0.105413
0.105877
0.106339
0.1068
0.107259
0.107716
0.108171
0.108625
0.109078
0.109528
0.109977
0.110425
0.11087
0.111314
0.111757
0.112198
0.112638
0.113075
0.113512
0.113947
0.11438
0.114812
0.115242
0.115671
0.116099
0.116525
0.116949
0.117373
0.117794
0.118215
0.118634
0.119051
0.119467
0.119882
0.120296
0.120708
0.121119
0.121528
0.121936
0.122343
0.122749
0.123153
0.123556
0.123957
0.124358
0.124757
0.125155
0.125552
0.125947
0.126342
0.126735
0.127126
0.127517
0.127907
0.128295
0.128682
0.129068
0.129453
0.129837
0.130219
0.130601
0.130981
0.13136
0.131738
0.132115
0.132491
0.132866
0.13324
0.133613
0.133984
0.134355
0.134724
0.135093
0.13546
0.135827
0.136192
0.136556
0.13692
0.137282
0.137643
0.138004
0.138363
0.138722
0.139079
0.139436
0.139791
0.140146
0.140499
0.140852
0.141204
0.141555
0.141905
0.142254
0.142602
0.142949
0.143295
0.14364
0.143985
0.144329
0.144671
0.145013
0.145354
0.145694
0.146033
0.146372
0.146709
0.147046
0.147382
0.147717
0.148051
0.148385
0.148717
0.149049
0.14938
0.14971
0.15004
0.150368
0.150696
0.151023
0.151349
0.151675
0.151999
0.152323
0.152646
0.152969
0.15329
0.153611
0.153931
0.154251
0.154569
0.154887
0.155205
0.155521
0.155837
0.156152
0.156466
0.15678
0.157093
0.157405
0.157717
0.158027
0.158338
0.158647
0.158956
0.159264
0.159571
0.159878
0.160184
0.16049
0.160794
0.161098
0.161402
0.161705
0.162007
0.162309
0.162609
0.16291
0.163209
0.163508
0.163807
0.164105
0.164402
0.164698
0.164994
0.16529
0.165584
0.165878
0.166172
0.166465
0.166757
0.167049
0.16734
0.167631
0.167921
0.16821
0.168499
0.168787
0.169075
0.169362
0.169649
0.169935
0.17022
0.170505
0.17079
0.171074
0.171357
0.17164
0.171922
0.172204
0.172485
0.172766
0.173046
0.173325
0.173605
0.173883
0.174161
0.174439
0.174716
0.174992
0.175268
0.175544
0.175819
0.176094
0.176368
0.176641
0.176914
0.177187
0.177459
0.177731
0.178002
0.178272
0.178543
0.178812
0.179082
0.179351
0.179619
0.179887
0.180154
0.180421
0.180688
0.180954
0.18122
0.181485
0.18175
0.182014
0.182278
0.182541
0.182804
0.183067
0.183329
0.183591
0.183852
0.184113
0.184374
0.184634
0.184893
0.185153
0.185412
0.18567
0.185928
0.186186
0.186443
0.1867
0.186956
0.187212
0.187468
0.187724
0.187978
0.188233
0.188487
0.188741
0.188994
0.189248
0.1895
0.189753
0.190005
0.190256
0.190507
0.190758
0.191009
0.191259
0.191509
0.191758
0.192008
0.192257
0.192505
0.192753
0.193001
0.193249
0.193496
0.193743
0.193989
0.194235
0.194481
0.194727
0.194972
0.195217
0.195462
0.195706
0.19595
0.196194
0.196438
0.196681
0.196924
0.197167
0.197409
0.197651
0.197893
0.198135
0.198376
0.198617
0.198858
0.199098
0.199339
0.199579
0.199819
0.200058
0.200298
0.200537
0.200776
0.201015
0.201253
0.201491
0.20173
0.201967
0.202205
0.202443
0.20268
0.202917
0.203154
0.203391
0.203628
0.203865
0.204101
0.204337
0.204574
0.20481
0.205046
0.205282
0.205518
0.205753
0.205989
0.206225
0.20646
0.206696
0.206931
0.207167
0.207402
0.207638
0.207873
0.208109
0.208345
0.20858
0.208816
0.209052
0.209288
0.209524
0.209761
0.209998
0.210234
0.210471
0.210709
0.210947
0.211185
0.211423
0.211662
0.211901
0.212141
0.212381
0.212622
0.212864
0.213106
0.213349
0.213593
0.213837
0.214083
0.21433
0.214578
0.214826
0.215077
0.215328
0.215582
0.215837
0.216093
0.216352
0.216613
0.216876
0.217142
0.21741
0.217682
0.217957
0.218235
0.218518
0.218804
0.219096
0.219393
0.219696
0.220005
0.220322
0.220647
0.22098
0.221324
0.22168
0.222048
0.222431
0.222831
0.22325
0.223692
0.224159
0.224656
0.225189
0.225763
0.226388
0.227075
0.227836
0.22869
0.229662
0.230786
0.232109
0.233703
0.235673
0.238194
0.241559
0.246315
0.253602
0.266222
0.293217
0.394716
0.477515
0.469197
0.465627
0.464098
0.463616
0.463727
0.464155
0.464747
0.465397
0.466024
0.466561
0.466948
0.467137
0.467107
0.466885
0.466543
0.466183
0.465894
0.465731
0.4657
0.465776
0.465917
0.46608
0.46623
0.466342
0.466402
0.466408
0.466371
0.466307
0.466235
0.466171
0.466129
0.466112
0.466119
0.466143
0.466175
0.466209
0.466236
0.466252
0.466257
0.466252
0.46624
0.466224
0.46621
0.466199
0.466193
0.466192
0.466196
0.466202
0.466209
0.466216
0.46622
0.466222
0.466222
0.46622
0.466217
0.466214
0.466211
0.46621
0.46621
0.46621
0.466212
0.466213
0.466215
0.466217
0.466218
0.466218
0.466218
0.466218
0.466218
0.466218
0.466218
0.466219
0.466219
0.46622
0.466221
0.466222
0.466223
0.466224
0.466224
0.466225
0.466225
0.466225
0.466226
0.466226
0.466226
0.466226
0.466227
0.466227
0.466227
0.466227
0.466228
0.466228
0.466228
0.466228
0.466229
0.466229
0.466229
0.46623
0.46623
0.466231
0.466231
0.466232
0.466233
0.466234
0.466234
0.466235
0.466236
0.466236
0.466237
0.466238
0.466239
0.466239
0.46624
0.466241
0.466241
0.466242
0.466243
0.466243
0.466244
0.466244
0.466245
0.466245
0.466246
0.466246
0.466247
0.466247
0.466248
0.466248
0.466248
0.466249
0.466249
0.46625
0.46625
0.46625
0.466251
0.466251
0.466252
0.466252
0.466253
0.466253
0.466254
0.466254
0.466254
0.466255
0.466255
0.466256
0.466257
0.466257
0.466258
0.466258
0.466259
0.466259
0.46626
0.46626
0.466261
0.466262
0.466262
0.466263
0.466263
0.466264
0.466265
0.466265
0.466266
0.466266
0.466267
0.466267
0.466268
0.466269
0.466269
0.46627
0.46627
0.466271
0.466271
0.466272
0.466272
0.466273
0.466273
0.466274
0.466274
0.466275
0.466275
0.466276
0.466276
0.466277
0.466277
0.466278
0.466278
0.466279
0.466279
0.46628
0.46628
0.46628
0.466281
0.466281
0.466282
0.466282
0.466283
0.466283
0.466284
0.466284
0.466285
0.466285
0.466286
0.466286
0.466287
0.466287
0.466288
0.466289
0.466289
0.46629
0.46629
0.466291
0.466292
0.466292
0.466293
0.466293
0.466294
0.466295
0.466295
0.466296
0.466296
0.466297
0.466297
0.466298
0.466299
0.466299
0.4663
0.4663
0.466301
0.466301
0.466302
0.466303
0.466303
0.466304
0.466304
0.466305
0.466305
0.466306
0.466306
0.466307
0.466307
0.466308
0.466308
0.466309
0.466309
0.46631
0.46631
0.46631
0.466311
0.466311
0.466312
0.466312
0.466313
0.466313
0.466314
0.466314
0.466315
0.466315
0.466316
0.466316
0.466317
0.466317
0.466318
0.466318
0.466319
0.466319
0.46632
0.46632
0.466321
0.466321
0.466322
0.466323
0.466323
0.466324
0.466324
0.466325
0.466326
0.466326
0.466327
0.466328
0.466328
0.466329
0.466329
0.46633
0.466331
0.466331
0.466332
0.466333
0.466333
0.466334
0.466335
0.466335
0.466336
0.466337
0.466337
0.466338
0.466338
0.466339
0.46634
0.46634
0.466341
0.466341
0.466342
0.466343
0.466343
0.466344
0.466345
0.466345
0.466346
0.466346
0.466347
0.466348
0.466348
0.466349
0.466349
0.46635
0.466351
0.466351
0.466352
0.466352
0.466353
0.466354
0.466354
0.466355
0.466356
0.466356
0.466357
0.466357
0.466358
0.466359
0.466359
0.46636
0.466361
0.466361
0.466362
0.466363
0.466363
0.466364
0.466365
0.466365
0.466366
0.466366
0.466367
0.466368
0.466368
0.466369
0.46637
0.46637
0.466371
0.466372
0.466372
0.466373
0.466373
0.466374
0.466375
0.466375
0.466376
0.466377
0.466377
0.466378
0.466378
0.466379
0.46638
0.46638
0.466381
0.466381
0.466382
0.466383
0.466383
0.466384
0.466385
0.466385
0.466386
0.466386
0.466387
0.466388
0.466388
0.466389
0.46639
0.46639
0.466391
0.466392
0.466392
0.466393
0.466394
0.466395
0.466395
0.466396
0.466397
0.466397
0.466398
0.466399
0.4664
0.466401
0.466401
0.466402
0.466403
0.466404
0.466405
0.466405
0.466406
0.466407
0.466408
0.466409
0.46641
0.46641
0.466411
0.466412
0.466413
0.466414
0.466415
0.466415
0.466416
0.466417
0.466418
0.466419
0.46642
0.46642
0.466421
0.466422
0.466423
0.466423
0.466424
0.466425
0.466426
0.466426
0.466427
0.466428
0.466429
0.466429
0.46643
0.466431
0.466431
0.466432
0.466432
0.466433
0.466434
0.466434
0.466435
0.466435
0.466436
0.466436
0.466437
0.466438
)
;

boundaryField
{
    inlet
    {
        type            calculated;
        value           uniform 0;
    }
    outlet
    {
        type            calculated;
        value           uniform 0.466438;
    }
    emptyWalls
    {
        type            empty;
    }
}


// ************************************************************************* //
