/*--------------------------------*- C++ -*----------------------------------*\
  =========                 |
  \\      /  F ield         | OpenFOAM: The Open Source CFD Toolbox
   \\    /   O peration     | Website:  https://openfoam.org
    \\  /    A nd           | Version:  9
     \\/     M anipulation  |
\*---------------------------------------------------------------------------*/
FoamFile
{
    format      ascii;
    class       volScalarField;
    location    "6.3";
    object      Sa;
}
// * * * * * * * * * * * * * * * * * * * * * * * * * * * * * * * * * * * * * //

dimensions      [0 0 0 0 0 0 0];

internalField   nonuniform List<scalar> 
1000
(
0.499058
0.498485
0.497958
0.497455
0.496967
0.496492
0.496026
0.495569
0.49512
0.494677
0.494241
0.49381
0.493385
0.492965
0.492551
0.492141
0.491736
0.491335
0.490938
0.490546
0.490158
0.489773
0.489393
0.489016
0.488643
0.488274
0.487907
0.487545
0.487185
0.486829
0.486477
0.486127
0.48578
0.485436
0.485096
0.484758
0.484423
0.48409
0.483761
0.483434
0.48311
0.482788
0.482469
0.482153
0.481838
0.481527
0.481217
0.48091
0.480606
0.480303
0.480003
0.479705
0.479409
0.479116
0.478824
0.478535
0.478247
0.477962
0.477678
0.477397
0.477117
0.47684
0.476564
0.47629
0.476018
0.475748
0.475479
0.475212
0.474947
0.474684
0.474422
0.474162
0.473904
0.473647
0.473392
0.473138
0.472886
0.472636
0.472387
0.472139
0.471893
0.471649
0.471406
0.471164
0.470924
0.470685
0.470447
0.470211
0.469977
0.469743
0.469511
0.46928
0.469051
0.468822
0.468595
0.46837
0.468145
0.467922
0.4677
0.467479
0.467259
0.467041
0.466823
0.466607
0.466392
0.466178
0.465965
0.465753
0.465543
0.465333
0.465124
0.464917
0.46471
0.464505
0.4643
0.464097
0.463894
0.463693
0.463492
0.463293
0.463094
0.462897
0.4627
0.462504
0.46231
0.462116
0.461923
0.461731
0.461539
0.461349
0.46116
0.460971
0.460783
0.460597
0.460411
0.460225
0.460041
0.459857
0.459675
0.459493
0.459312
0.459131
0.458952
0.458773
0.458595
0.458418
0.458241
0.458066
0.457891
0.457716
0.457543
0.45737
0.457198
0.457026
0.456856
0.456686
0.456517
0.456348
0.45618
0.456013
0.455846
0.45568
0.455515
0.455351
0.455187
0.455024
0.454861
0.454699
0.454538
0.454377
0.454217
0.454057
0.453898
0.45374
0.453582
0.453425
0.453269
0.453113
0.452958
0.452803
0.452649
0.452495
0.452342
0.45219
0.452038
0.451887
0.451736
0.451586
0.451436
0.451287
0.451138
0.45099
0.450842
0.450695
0.450549
0.450403
0.450257
0.450112
0.449968
0.449824
0.44968
0.449537
0.449395
0.449253
0.449111
0.44897
0.44883
0.448689
0.44855
0.448411
0.448272
0.448134
0.447996
0.447859
0.447722
0.447585
0.447449
0.447314
0.447179
0.447044
0.44691
0.446776
0.446642
0.446509
0.446377
0.446245
0.446113
0.445982
0.445851
0.44572
0.44559
0.445461
0.445332
0.445203
0.445074
0.444946
0.444818
0.444691
0.444564
0.444438
0.444312
0.444186
0.44406
0.443935
0.443811
0.443687
0.443563
0.443439
0.443316
0.443193
0.443071
0.442949
0.442827
0.442705
0.442584
0.442464
0.442343
0.442223
0.442104
0.441984
0.441865
0.441747
0.441628
0.441511
0.441393
0.441276
0.441159
0.441042
0.440925
0.440809
0.440694
0.440578
0.440463
0.440348
0.440234
0.44012
0.440006
0.439892
0.439779
0.439666
0.439554
0.439441
0.439329
0.439218
0.439106
0.438995
0.438884
0.438774
0.438663
0.438553
0.438444
0.438334
0.438225
0.438116
0.438007
0.437899
0.437791
0.437683
0.437576
0.437469
0.437362
0.437255
0.437148
0.437042
0.436936
0.436831
0.436725
0.43662
0.436515
0.436411
0.436306
0.436202
0.436098
0.435995
0.435891
0.435788
0.435685
0.435583
0.43548
0.435378
0.435276
0.435175
0.435073
0.434972
0.434871
0.43477
0.43467
0.43457
0.43447
0.43437
0.43427
0.434171
0.434072
0.433973
0.433874
0.433776
0.433678
0.43358
0.433482
0.433384
0.433287
0.43319
0.433093
0.432996
0.432899
0.432803
0.432707
0.432611
0.432516
0.43242
0.432325
0.43223
0.432135
0.43204
0.431946
0.431851
0.431757
0.431663
0.43157
0.431476
0.431383
0.43129
0.431197
0.431104
0.431011
0.430919
0.430827
0.430735
0.430643
0.430551
0.43046
0.430369
0.430278
0.430187
0.430096
0.430005
0.429915
0.429825
0.429734
0.429645
0.429555
0.429465
0.429376
0.429287
0.429197
0.429108
0.42902
0.428931
0.428843
0.428754
0.428666
0.428578
0.42849
0.428403
0.428315
0.428228
0.42814
0.428053
0.427966
0.427879
0.427792
0.427706
0.427619
0.427533
0.427447
0.427361
0.427275
0.427189
0.427103
0.427018
0.426932
0.426847
0.426762
0.426676
0.426591
0.426506
0.426422
0.426337
0.426252
0.426168
0.426083
0.425999
0.425915
0.42583
0.425746
0.425662
0.425578
0.425494
0.42541
0.425326
0.425243
0.425159
0.425075
0.424991
0.424908
0.424824
0.42474
0.424657
0.424573
0.424489
0.424406
0.424322
0.424238
0.424155
0.424071
0.423987
0.423903
0.423819
0.423735
0.42365
0.423566
0.423481
0.423396
0.423311
0.423226
0.423141
0.423055
0.422969
0.422883
0.422796
0.422709
0.422621
0.422533
0.422445
0.422356
0.422266
0.422176
0.422085
0.421993
0.4219
0.421806
0.421711
0.421615
0.421518
0.421419
0.421318
0.421216
0.421111
0.421005
0.420896
0.420784
0.420669
0.42055
0.420427
0.4203
0.420167
0.420029
0.419883
0.419729
0.419566
0.419391
0.419203
0.418998
0.418775
0.418527
0.418249
0.417933
0.417569
0.417139
0.416623
0.415983
0.415164
0.414069
0.412518
0.41014
0.406056
0.397755
0.316162
0.315803
0.315351
0.314614
0.313602
0.312389
0.311074
0.309786
0.308685
0.307936
0.307677
0.307953
0.308665
0.309576
0.310405
0.310953
0.311153
0.311058
0.310767
0.310391
0.310019
0.309719
0.309531
0.309469
0.309522
0.309659
0.309836
0.310007
0.310137
0.310207
0.310215
0.310173
0.310101
0.310019
0.309947
0.309895
0.309871
0.309874
0.309897
0.309931
0.309968
0.309998
0.310016
0.310022
0.310016
0.310001
0.309983
0.309964
0.30995
0.309941
0.309939
0.309941
0.309948
0.309956
0.309964
0.30997
0.309974
0.309976
0.309975
0.309974
0.309972
0.309971
0.30997
0.309971
0.309973
0.309975
0.309977
0.309979
0.309981
0.309982
0.309983
0.309982
0.309982
0.309981
0.309981
0.30998
0.30998
0.30998
0.30998
0.30998
0.309981
0.309981
0.309981
0.309981
0.309981
0.309981
0.309981
0.309981
0.309981
0.309981
0.309981
0.309981
0.309981
0.309981
0.309981
0.309981
0.30998
0.30998
0.30998
0.30998
0.30998
0.30998
0.309979
0.309979
0.309979
0.309979
0.309978
0.309978
0.309977
0.309977
0.309976
0.309976
0.309975
0.309974
0.309974
0.309973
0.309972
0.309972
0.309971
0.309971
0.30997
0.30997
0.309969
0.309969
0.309969
0.309969
0.309969
0.309969
0.309969
0.30997
0.30997
0.309971
0.309971
0.309972
0.309972
0.309973
0.309974
0.309974
0.309975
0.309976
0.309976
0.309977
0.309977
0.309978
0.309978
0.309979
0.309979
0.30998
0.30998
0.30998
0.30998
0.30998
0.30998
0.30998
0.309981
0.309981
0.30998
0.30998
0.30998
0.30998
0.30998
0.30998
0.30998
0.309979
0.309979
0.309979
0.309978
0.309978
0.309978
0.309977
0.309977
0.309977
0.309976
0.309976
0.309975
0.309975
0.309974
0.309974
0.309974
0.309973
0.309973
0.309973
0.309972
0.309972
0.309972
0.309972
0.309972
0.309972
0.309972
0.309972
0.309972
0.309972
0.309973
0.309973
0.309973
0.309974
0.309974
0.309974
0.309975
0.309975
0.309975
0.309976
0.309976
0.309976
0.309977
0.309977
0.309977
0.309977
0.309978
0.309978
0.309978
0.309978
0.309978
0.309978
0.309978
0.309978
0.309977
0.309977
0.309977
0.309977
0.309977
0.309976
0.309976
0.309976
0.309976
0.309975
0.309975
0.309975
0.309975
0.309974
0.309974
0.309974
0.309974
0.309974
0.309974
0.309974
0.309974
0.309974
0.309974
0.309974
0.309974
0.309974
0.309974
0.309974
0.309975
0.309975
0.309975
0.309975
0.309976
0.309976
0.309976
0.309976
0.309977
0.309977
0.309977
0.309977
0.309977
0.309977
0.309977
0.309978
0.309978
0.309978
0.309978
0.309978
0.309978
0.309977
0.309977
0.309977
0.309977
0.309977
0.309977
0.309977
0.309976
0.309976
0.309976
0.309976
0.309976
0.309975
0.309975
0.309975
0.309975
0.309975
0.309975
0.309974
0.309974
0.309974
0.309974
0.309974
0.309974
0.309974
0.309974
0.309974
0.309974
0.309974
0.309974
0.309974
0.309974
0.309974
0.309974
0.309975
0.309975
0.309975
0.309975
0.309975
0.309975
0.309975
0.309975
0.309975
0.309975
0.309975
0.309975
0.309975
0.309975
0.309975
0.309975
0.309975
0.309975
0.309975
0.309975
0.309975
0.309975
0.309975
0.309976
0.309976
0.309976
0.309976
0.309976
0.309976
0.309976
0.309976
0.309976
0.309977
0.309977
0.309977
0.309977
0.309977
0.309977
0.309977
0.309978
0.309978
0.309978
0.309978
0.309978
0.309978
0.309978
0.309978
0.309978
0.309978
0.309978
0.309978
0.309978
0.309978
0.309978
0.309978
0.309978
0.309978
0.309978
0.309978
0.309978
0.309977
0.309977
0.309977
0.309977
0.309977
0.309977
0.309977
0.309977
0.309977
0.309977
0.309976
0.309976
0.309976
0.309976
0.309976
0.309976
0.309976
0.309976
0.309976
0.309976
0.309976
0.309976
0.309976
0.309976
0.309976
0.309976
0.309976
0.309976
0.309976
0.309976
0.309976
0.309976
0.309976
0.309976
0.309976
0.309976
0.309976
0.309976
0.309976
0.309976
0.309976
0.309976
0.309976
0.309976
0.309976
0.309976
0.309976
0.309976
0.309976
0.309976
0.309976
0.309976
0.309976
0.309976
0.309976
0.309976
0.309976
0.309976
0.309976
0.309976
0.309976
0.309976
0.309977
0.309977
0.309977
0.309977
0.309977
0.309977
0.309977
0.309977
0.309977
0.309977
0.309977
0.309977
0.309977
0.309977
0.309977
0.309977
0.309977
0.309977
0.309977
0.309977
0.309977
0.309977
0.309977
0.309977
0.309977
0.309977
0.309977
0.309977
0.309977
0.309977
0.309977
0.309977
0.309977
0.309977
0.309977
0.309977
0.309977
0.309977
0.309977
0.309977
0.309977
0.309977
0.309977
0.309977
0.309977
0.309977
0.309976
0.309976
0.309976
0.309974
0.309965
0.309933
0.309892
0.311363
0.325266
0.336836
0.337373
0.337374
0.337375
0.337375
0.337375
0.337375
0.337375
0.337374
0.337374
0.337374
0.337374
0.337374
0.337374
0.337374
0.337374
0.337374
)
;

boundaryField
{
    inlet
    {
        type            fixedValue;
        value           uniform 0.5;
    }
    outlet
    {
        type            zeroGradient;
    }
    emptyWalls
    {
        type            empty;
    }
}


// ************************************************************************* //
