/*--------------------------------*- C++ -*----------------------------------*\
  =========                 |
  \\      /  F ield         | OpenFOAM: The Open Source CFD Toolbox
   \\    /   O peration     | Website:  https://openfoam.org
    \\  /    A nd           | Version:  9
     \\/     M anipulation  |
\*---------------------------------------------------------------------------*/
FoamFile
{
    format      ascii;
    class       volVectorField;
    location    "6500";
    object      Ua;
}
// * * * * * * * * * * * * * * * * * * * * * * * * * * * * * * * * * * * * * //

dimensions      [0 0 0 0 0 0 0];

internalField   nonuniform List<vector> 
100
(
(0 0 1.66017e-06)
(0 0 3.31807e-06)
(0 0 3.31807e-06)
(0 0 3.31807e-06)
(0 0 3.31807e-06)
(0 0 3.31807e-06)
(0 0 3.31807e-06)
(0 0 3.31807e-06)
(0 0 3.31807e-06)
(0 0 3.31807e-06)
(0 0 3.31807e-06)
(0 0 3.31807e-06)
(0 0 3.31807e-06)
(0 0 3.31807e-06)
(0 0 3.31807e-06)
(0 0 3.31807e-06)
(0 0 3.31807e-06)
(0 0 3.31807e-06)
(0 0 3.31807e-06)
(0 0 3.31807e-06)
(0 0 3.31807e-06)
(0 0 3.31807e-06)
(0 0 3.31807e-06)
(0 0 3.31807e-06)
(0 0 3.31807e-06)
(0 0 3.31807e-06)
(0 0 3.31807e-06)
(0 0 3.31807e-06)
(0 0 2.15876e-06)
(0 0 1.05752e-06)
(0 0 1.18742e-06)
(0 0 1.28835e-06)
(0 0 1.32847e-06)
(0 0 1.35141e-06)
(0 0 1.37924e-06)
(0 0 1.41227e-06)
(0 0 1.44442e-06)
(0 0 1.47017e-06)
(0 0 1.48581e-06)
(0 0 1.48933e-06)
(0 0 1.48072e-06)
(0 0 1.46199e-06)
(0 0 1.43573e-06)
(0 0 1.3944e-06)
(0 0 8.22901e-07)
(0 0 1.39006e-07)
(0 0 0)
(0 0 0)
(0 0 0)
(0 0 0)
(0 0 0)
(0 0 0)
(0 0 0)
(0 0 0)
(0 0 0)
(0 0 0)
(0 0 0)
(0 0 0)
(0 0 0)
(0 0 0)
(0 0 0)
(0 0 0)
(0 0 0)
(0 0 0)
(0 0 0)
(0 0 0)
(0 0 0)
(0 0 0)
(0 0 0)
(0 0 0)
(0 0 0)
(0 0 0)
(0 0 0)
(0 0 0)
(0 0 0)
(0 0 0)
(0 0 0)
(0 0 0)
(0 0 0)
(0 0 0)
(0 0 0)
(0 0 0)
(0 0 0)
(0 0 0)
(0 0 0)
(0 0 0)
(0 0 0)
(0 0 0)
(0 0 0)
(0 0 0)
(0 0 0)
(0 0 0)
(0 0 0)
(0 0 0)
(0 0 0)
(0 0 0)
(0 0 0)
(0 0 0)
(0 0 0)
(0 0 8.86135e-13)
)
;

boundaryField
{
    inlet
    {
        type            fixedValue;
        value           uniform (0 0 3.31807e-06);
    }
    outlet
    {
        type            zeroGradient;
    }
    emptyWalls
    {
        type            empty;
    }
}


// ************************************************************************* //
