/*--------------------------------*- C++ -*----------------------------------*\
  =========                 |
  \\      /  F ield         | OpenFOAM: The Open Source CFD Toolbox
   \\    /   O peration     | Website:  https://openfoam.org
    \\  /    A nd           | Version:  9
     \\/     M anipulation  |
\*---------------------------------------------------------------------------*/
FoamFile
{
    format      ascii;
    class       volScalarField;
    location    "5.7";
    object      Fb;
}
// * * * * * * * * * * * * * * * * * * * * * * * * * * * * * * * * * * * * * //

dimensions      [0 0 0 0 0 0 0];

internalField   nonuniform List<scalar> 
1000
(
0.290576
0.290572
0.290567
0.29056
0.290552
0.290543
0.290532
0.29052
0.290508
0.290494
0.290479
0.290463
0.290446
0.290428
0.29041
0.29039
0.290369
0.290347
0.290325
0.290301
0.290277
0.290252
0.290226
0.290199
0.290172
0.290144
0.290115
0.290085
0.290054
0.290023
0.289991
0.289958
0.289925
0.289891
0.289856
0.28982
0.289784
0.289748
0.28971
0.289672
0.289634
0.289594
0.289555
0.289514
0.289473
0.289432
0.289389
0.289347
0.289304
0.28926
0.289215
0.289171
0.289125
0.289079
0.289033
0.288986
0.288939
0.288891
0.288843
0.288794
0.288745
0.288695
0.288645
0.288594
0.288543
0.288491
0.288439
0.288387
0.288334
0.288281
0.288227
0.288173
0.288118
0.288063
0.288008
0.287952
0.287896
0.287839
0.287782
0.287725
0.287667
0.287609
0.287551
0.287492
0.287433
0.287373
0.287314
0.287253
0.287193
0.287132
0.287071
0.287009
0.286947
0.286885
0.286822
0.286759
0.286696
0.286632
0.286568
0.286504
0.286439
0.286375
0.286309
0.286244
0.286178
0.286112
0.286046
0.285979
0.285912
0.285845
0.285777
0.285709
0.285641
0.285572
0.285504
0.285435
0.285365
0.285296
0.285226
0.285156
0.285086
0.285015
0.284944
0.284873
0.284801
0.28473
0.284658
0.284586
0.284513
0.28444
0.284367
0.284294
0.284221
0.284147
0.284073
0.283999
0.283924
0.28385
0.283775
0.283699
0.283624
0.283548
0.283472
0.283396
0.28332
0.283243
0.283167
0.28309
0.283012
0.282935
0.282857
0.282779
0.282701
0.282623
0.282544
0.282465
0.282386
0.282307
0.282227
0.282148
0.282068
0.281988
0.281907
0.281827
0.281746
0.281665
0.281584
0.281503
0.281421
0.281339
0.281257
0.281175
0.281093
0.28101
0.280927
0.280844
0.280761
0.280678
0.280594
0.28051
0.280426
0.280342
0.280258
0.280173
0.280089
0.280004
0.279919
0.279833
0.279748
0.279662
0.279576
0.27949
0.279404
0.279318
0.279231
0.279144
0.279057
0.27897
0.278883
0.278795
0.278708
0.27862
0.278532
0.278443
0.278355
0.278266
0.278178
0.278089
0.278
0.27791
0.277821
0.277731
0.277641
0.277551
0.277461
0.277371
0.27728
0.27719
0.277099
0.277008
0.276917
0.276825
0.276734
0.276642
0.27655
0.276458
0.276366
0.276273
0.276181
0.276088
0.275995
0.275902
0.275809
0.275716
0.275622
0.275528
0.275434
0.27534
0.275246
0.275152
0.275057
0.274963
0.274868
0.274773
0.274678
0.274582
0.274487
0.274391
0.274295
0.274199
0.274103
0.274007
0.27391
0.273814
0.273717
0.27362
0.273523
0.273426
0.273328
0.273231
0.273133
0.273035
0.272937
0.272839
0.27274
0.272642
0.272543
0.272444
0.272345
0.272246
0.272147
0.272047
0.271948
0.271848
0.271748
0.271648
0.271548
0.271447
0.271347
0.271246
0.271145
0.271044
0.270943
0.270841
0.27074
0.270638
0.270536
0.270434
0.270332
0.27023
0.270127
0.270025
0.269922
0.269819
0.269716
0.269613
0.269509
0.269406
0.269302
0.269198
0.269094
0.26899
0.268886
0.268781
0.268677
0.268572
0.268467
0.268362
0.268256
0.268151
0.268045
0.267939
0.267834
0.267727
0.267621
0.267515
0.267408
0.267301
0.267194
0.267087
0.26698
0.266873
0.266765
0.266657
0.26655
0.266441
0.266333
0.266225
0.266116
0.266008
0.265899
0.26579
0.26568
0.265571
0.265461
0.265351
0.265242
0.265131
0.265021
0.264911
0.2648
0.264689
0.264578
0.264467
0.264356
0.264244
0.264132
0.26402
0.263908
0.263796
0.263684
0.263571
0.263458
0.263345
0.263232
0.263118
0.263005
0.262891
0.262777
0.262663
0.262548
0.262433
0.262318
0.262203
0.262088
0.261972
0.261857
0.261741
0.261624
0.261508
0.261391
0.261274
0.261157
0.26104
0.260922
0.260804
0.260686
0.260567
0.260449
0.26033
0.26021
0.260091
0.259971
0.259851
0.25973
0.259609
0.259488
0.259366
0.259245
0.259122
0.259
0.258877
0.258753
0.25863
0.258505
0.258381
0.258256
0.25813
0.258004
0.257878
0.257751
0.257623
0.257495
0.257366
0.257237
0.257107
0.256976
0.256845
0.256712
0.256579
0.256446
0.256311
0.256175
0.256039
0.255901
0.255762
0.255622
0.25548
0.255338
0.255193
0.255048
0.2549
0.254751
0.254599
0.254445
0.254289
0.254131
0.253969
0.253804
0.253636
0.253464
0.253288
0.253107
0.252921
0.252729
0.252531
0.252325
0.25211
0.251885
0.25165
0.251401
0.251137
0.250855
0.250551
0.250223
0.249863
0.249465
0.249021
0.248517
0.247935
0.247253
0.246433
0.24542
0.244125
0.242395
0.239945
0.236173
0.229579
0.215189
0.169228
0.145725
0.140045
0.146351
0.155735
0.163698
0.1688
0.170351
0.168005
0.16262
0.15638
0.151493
0.148968
0.148635
0.14981
0.151789
0.154007
0.15605
0.157619
0.158527
0.158713
0.158257
0.157361
0.1563
0.155341
0.15467
0.154368
0.154412
0.154713
0.15515
0.155604
0.155978
0.156211
0.156282
0.156206
0.156027
0.155801
0.155584
0.155419
0.155329
0.155317
0.15537
0.155464
0.155571
0.15567
0.155741
0.155778
0.15578
0.155754
0.155712
0.155666
0.155625
0.155597
0.155583
0.155584
0.155594
0.155609
0.155624
0.155635
0.15564
0.155639
0.155632
0.155622
0.155611
0.155602
0.155596
0.155594
0.155595
0.155599
0.155605
0.15561
0.155614
0.155616
0.155616
0.155614
0.15561
0.155605
0.155599
0.155593
0.155588
0.155583
0.155579
0.155575
0.155572
0.15557
0.155567
0.155565
0.155563
0.155561
0.15556
0.155559
0.155558
0.155558
0.155558
0.155557
0.155557
0.155557
0.155556
0.155554
0.155552
0.15555
0.155547
0.155543
0.15554
0.155535
0.155531
0.155527
0.155522
0.155518
0.155513
0.155509
0.155506
0.155502
0.155499
0.155497
0.155494
0.155492
0.155491
0.15549
0.15549
0.155489
0.155489
0.15549
0.15549
0.155491
0.155492
0.155493
0.155494
0.155495
0.155495
0.155496
0.155497
0.155497
0.155497
0.155497
0.155496
0.155495
0.155494
0.155493
0.155492
0.15549
0.155488
0.155486
0.155484
0.155482
0.15548
0.155478
0.155476
0.155474
0.155472
0.15547
0.155468
0.155466
0.155464
0.155463
0.155461
0.155459
0.155457
0.155455
0.155453
0.155451
0.155449
0.155447
0.155445
0.155443
0.155441
0.155438
0.155436
0.155434
0.155431
0.155429
0.155427
0.155424
0.155422
0.15542
0.155417
0.155415
0.155413
0.155411
0.155409
0.155406
0.155404
0.155402
0.1554
0.155398
0.155396
0.155394
0.155393
0.155391
0.155389
0.155387
0.155386
0.155384
0.155383
0.155382
0.155381
0.15538
0.155379
0.155378
0.155377
0.155377
0.155376
0.155376
0.155375
0.155375
0.155375
0.155374
0.155374
0.155374
0.155373
0.155373
0.155372
0.155371
0.15537
0.155369
0.155368
0.155366
0.155365
0.155363
0.155361
0.155359
0.155357
0.155355
0.155352
0.15535
0.155347
0.155344
0.155342
0.155339
0.155336
0.155333
0.15533
0.155327
0.155324
0.155321
0.155318
0.155315
0.155312
0.155309
0.155306
0.155304
0.155301
0.155298
0.155295
0.155293
0.15529
0.155287
0.155285
0.155282
0.15528
0.155277
0.155274
0.155272
0.15527
0.155267
0.155265
0.155262
0.15526
0.155258
0.155255
0.155253
0.155251
0.155248
0.155246
0.155244
0.155241
0.155239
0.155237
0.155235
0.155232
0.15523
0.155228
0.155226
0.155223
0.155221
0.155219
0.155217
0.155214
0.155212
0.15521
0.155208
0.155206
0.155203
0.155201
0.155199
0.155197
0.155195
0.155193
0.15519
0.155188
0.155186
0.155184
0.155182
0.15518
0.155178
0.155176
0.155174
0.155172
0.15517
0.155169
0.155167
0.155165
0.155163
0.155161
0.155159
0.155158
0.155156
0.155154
0.155152
0.15515
0.155149
0.155147
0.155145
0.155143
0.155141
0.155139
0.155137
0.155135
0.155133
0.155131
0.155129
0.155127
0.155125
0.155122
0.15512
0.155118
0.155115
0.155113
0.15511
0.155108
0.155105
0.155102
0.1551
0.155097
0.155094
0.155092
0.155089
0.155086
0.155083
0.15508
0.155078
0.155075
0.155072
0.155069
0.155067
0.155064
0.155061
0.155059
0.155056
0.155054
0.155051
0.155049
0.155046
0.155044
0.155041
0.155039
0.155037
0.155034
0.155032
0.15503
0.155028
0.155026
0.155023
0.155021
0.155019
0.155017
0.155015
0.155013
0.155011
0.155009
0.155007
0.155004
0.155002
0.155
0.154998
0.154996
0.154994
0.154991
0.154989
0.154987
0.154985
0.154982
0.15498
0.154978
0.154975
0.154973
0.15497
0.154968
0.154965
0.154962
0.15496
0.154957
0.154955
0.154952
0.154949
0.154946
0.154944
0.154941
0.154938
0.154935
0.154932
0.15493
0.154927
0.154924
0.154921
0.154918
0.154915
0.154913
0.15491
0.154907
0.154904
0.154901
0.154898
0.154896
0.154893
0.15489
0.154887
0.154884
0.154881
0.154879
0.154876
0.154874
0.154873
0.154878
0.154907
0.15504
0.155598
0.15793
0.167754
0.209206
0.317261
0.351304
0.351564
0.351578
0.351583
0.351583
0.35158
0.351579
0.351579
0.351579
0.351579
0.351579
0.351579
0.351579
0.351579
0.351579
0.351579
0.351579
0.351579
0.351579
0.351579
0.351579
0.351579
0.351579
0.351579
0.351579
0.351579
0.351579
0.351579
0.351579
0.351579
0.351579
0.351579
0.35158
0.35158
0.35158
0.35158
0.35158
0.35158
0.35158
0.351581
0.351581
0.351581
0.351582
0.351582
0.351582
0.351583
0.351583
0.351584
0.351584
0.351585
0.351585
0.351586
0.351586
0.351587
0.351588
0.351588
0.351589
0.35159
0.351591
0.351591
0.351592
0.351593
0.351594
0.351594
0.351595
0.351596
0.351596
0.351597
0.351598
0.351598
0.351599
0.351599
0.351599
0.3516
0.3516
0.3516
0.3516
0.3516
0.3516
0.3516
0.3516
0.3516
0.3516
0.3516
0.3516
0.351599
0.351599
0.351599
0.351599
0.351599
0.351599
0.351599
0.351599
0.351599
0.351599
0.351599
0.351599
0.351599
0.351599
0.351599
0.351599
0.351599
0.351599
0.351599
0.351599
0.351599
0.351599
0.351599
0.351599
0.351599
)
;

boundaryField
{
    inlet
    {
        type            calculated;
        value           uniform 0.290579;
    }
    outlet
    {
        type            calculated;
        value           uniform 0.351599;
    }
    emptyWalls
    {
        type            empty;
    }
}


// ************************************************************************* //
