/*--------------------------------*- C++ -*----------------------------------*\
  =========                 |
  \\      /  F ield         | OpenFOAM: The Open Source CFD Toolbox
   \\    /   O peration     | Website:  https://openfoam.org
    \\  /    A nd           | Version:  9
     \\/     M anipulation  |
\*---------------------------------------------------------------------------*/
FoamFile
{
    format      ascii;
    class       volVectorField;
    location    "2325";
    object      Ua;
}
// * * * * * * * * * * * * * * * * * * * * * * * * * * * * * * * * * * * * * //

dimensions      [0 0 0 0 0 0 0];

internalField   nonuniform List<vector> 
100
(
(0 0 1.61467e-05)
(0 0 1.61408e-05)
(0 0 1.61279e-05)
(0 0 1.6113e-05)
(0 0 1.6097e-05)
(0 0 1.60804e-05)
(0 0 1.60633e-05)
(0 0 1.6046e-05)
(0 0 1.60287e-05)
(0 0 1.60116e-05)
(0 0 1.59946e-05)
(0 0 1.59778e-05)
(0 0 1.59613e-05)
(0 0 1.5945e-05)
(0 0 1.59288e-05)
(0 0 1.59129e-05)
(0 0 1.58971e-05)
(0 0 1.58815e-05)
(0 0 1.5866e-05)
(0 0 1.58506e-05)
(0 0 1.58354e-05)
(0 0 1.58203e-05)
(0 0 1.58053e-05)
(0 0 1.57904e-05)
(0 0 1.57757e-05)
(0 0 1.57611e-05)
(0 0 1.57467e-05)
(0 0 1.57323e-05)
(0 0 1.5718e-05)
(0 0 1.57038e-05)
(0 0 1.56891e-05)
(0 0 1.56715e-05)
(0 0 1.5647e-05)
(0 0 1.56112e-05)
(0 0 1.55628e-05)
(0 0 1.55031e-05)
(0 0 1.54354e-05)
(0 0 1.53625e-05)
(0 0 1.52867e-05)
(0 0 1.52094e-05)
(0 0 1.51314e-05)
(0 0 1.5053e-05)
(0 0 1.49743e-05)
(0 0 1.48952e-05)
(0 0 1.48158e-05)
(0 0 1.47358e-05)
(0 0 1.46555e-05)
(0 0 1.45756e-05)
(0 0 1.44994e-05)
(0 0 1.4438e-05)
(0 0 1.44164e-05)
(0 0 1.44717e-05)
(0 0 1.46187e-05)
(0 0 1.48098e-05)
(0 0 1.49697e-05)
(0 0 1.50672e-05)
(0 0 1.51157e-05)
(0 0 1.5136e-05)
(0 0 1.51412e-05)
(0 0 1.51382e-05)
(0 0 1.50899e-05)
(0 0 1.49275e-05)
(0 0 1.46494e-05)
(0 0 1.43072e-05)
(0 0 1.39351e-05)
(0 0 1.35486e-05)
(0 0 1.31525e-05)
(0 0 1.27454e-05)
(0 0 1.23208e-05)
(0 0 1.18678e-05)
(0 0 1.13686e-05)
(0 0 1.0779e-05)
(0 0 9.85376e-06)
(0 0 6.51054e-06)
(0 0 1.88341e-06)
(0 0 1.35893e-11)
(0 0 4.21244e-25)
(0 0 1.39399e-27)
(0 0 1.31249e-27)
(0 0 1.31234e-27)
(0 0 1.31234e-27)
(0 0 1.31234e-27)
(0 0 1.31234e-27)
(0 0 1.31234e-27)
(0 0 1.31234e-27)
(0 0 1.31234e-27)
(0 0 1.31234e-27)
(0 0 1.31234e-27)
(0 0 1.31234e-27)
(0 0 1.31234e-27)
(0 0 1.31234e-27)
(0 0 1.31234e-27)
(0 0 1.31234e-27)
(0 0 1.31234e-27)
(0 0 1.31234e-27)
(0 0 1.31234e-27)
(0 0 1.31234e-27)
(0 0 1.31234e-27)
(0 0 1.31234e-27)
(0 0 1.31234e-27)
)
;

boundaryField
{
    inlet
    {
        type            prescribedFracFlowVelocity;
        U               1((0 0 1.61572e-05));
        fractionalFlow  1;
        value           uniform (0 0 1.61572e-05);
    }
    outlet
    {
        type            zeroGradient;
    }
    emptyWalls
    {
        type            empty;
    }
}


// ************************************************************************* //
