/*--------------------------------*- C++ -*----------------------------------*\
  =========                 |
  \\      /  F ield         | OpenFOAM: The Open Source CFD Toolbox
   \\    /   O peration     | Website:  https://openfoam.org
    \\  /    A nd           | Version:  9
     \\/     M anipulation  |
\*---------------------------------------------------------------------------*/
FoamFile
{
    format      ascii;
    class       volScalarField;
    location    "18.8";
    object      krb;
}
// * * * * * * * * * * * * * * * * * * * * * * * * * * * * * * * * * * * * * //

dimensions      [0 0 0 0 0 0 0];

internalField   nonuniform List<scalar> 
1000
(
0.302174
0.301692
0.301245
0.300816
0.300397
0.299985
0.299579
0.299178
0.298782
0.298388
0.297998
0.297611
0.297227
0.296845
0.296466
0.296089
0.295714
0.295341
0.29497
0.294601
0.294234
0.293869
0.293506
0.293144
0.292784
0.292426
0.292069
0.291715
0.291361
0.29101
0.29066
0.290311
0.289964
0.289618
0.289274
0.288931
0.28859
0.28825
0.287912
0.287575
0.287239
0.286905
0.286572
0.28624
0.28591
0.285581
0.285253
0.284927
0.284601
0.284278
0.283955
0.283633
0.283313
0.282994
0.282676
0.282359
0.282044
0.281729
0.281416
0.281104
0.280793
0.280484
0.280175
0.279867
0.279561
0.279256
0.278951
0.278648
0.278346
0.278045
0.277745
0.277446
0.277148
0.276851
0.276555
0.276261
0.275967
0.275674
0.275382
0.275091
0.274801
0.274513
0.274225
0.273938
0.273652
0.273367
0.273082
0.272799
0.272517
0.272236
0.271955
0.271676
0.271397
0.271119
0.270843
0.270567
0.270292
0.270018
0.269744
0.269472
0.2692
0.26893
0.26866
0.268391
0.268123
0.267855
0.267589
0.267323
0.267058
0.266794
0.266531
0.266268
0.266007
0.265746
0.265486
0.265226
0.264968
0.26471
0.264453
0.264197
0.263941
0.263687
0.263433
0.26318
0.262927
0.262675
0.262424
0.262174
0.261925
0.261676
0.261428
0.26118
0.260934
0.260688
0.260443
0.260198
0.259954
0.259711
0.259469
0.259227
0.258986
0.258745
0.258505
0.258266
0.258028
0.25779
0.257553
0.257316
0.257081
0.256845
0.256611
0.256377
0.256144
0.255911
0.255679
0.255448
0.255217
0.254987
0.254757
0.254529
0.2543
0.254073
0.253845
0.253619
0.253393
0.253168
0.252943
0.252719
0.252496
0.252273
0.25205
0.251828
0.251607
0.251387
0.251166
0.250947
0.250728
0.25051
0.250292
0.250075
0.249858
0.249642
0.249426
0.249211
0.248996
0.248782
0.248569
0.248356
0.248143
0.247932
0.24772
0.247509
0.247299
0.247089
0.24688
0.246671
0.246463
0.246255
0.246048
0.245841
0.245635
0.245429
0.245224
0.245019
0.244815
0.244611
0.244408
0.244205
0.244003
0.243801
0.243599
0.243398
0.243198
0.242998
0.242799
0.2426
0.242401
0.242203
0.242005
0.241808
0.241611
0.241415
0.241219
0.241024
0.240829
0.240634
0.24044
0.240247
0.240054
0.239861
0.239669
0.239477
0.239285
0.239094
0.238904
0.238714
0.238524
0.238335
0.238146
0.237958
0.23777
0.237582
0.237395
0.237208
0.237022
0.236836
0.23665
0.236465
0.23628
0.236096
0.235912
0.235728
0.235545
0.235362
0.23518
0.234998
0.234817
0.234635
0.234455
0.234274
0.234094
0.233915
0.233735
0.233556
0.233378
0.2332
0.233022
0.232845
0.232668
0.232491
0.232315
0.232139
0.231963
0.231788
0.231613
0.231439
0.231265
0.231091
0.230918
0.230744
0.230572
0.230399
0.230227
0.230056
0.229885
0.229714
0.229543
0.229373
0.229203
0.229033
0.228864
0.228695
0.228527
0.228359
0.228191
0.228023
0.227856
0.227689
0.227523
0.227356
0.22719
0.227025
0.22686
0.226695
0.22653
0.226366
0.226202
0.226038
0.225875
0.225712
0.225549
0.225387
0.225225
0.225063
0.224902
0.224741
0.22458
0.224419
0.224259
0.224099
0.22394
0.22378
0.223621
0.223463
0.223304
0.223146
0.222988
0.222831
0.222674
0.222517
0.22236
0.222204
0.222048
0.221892
0.221736
0.221581
0.221426
0.221272
0.221117
0.220963
0.22081
0.220656
0.220503
0.22035
0.220197
0.220045
0.219893
0.219741
0.21959
0.219438
0.219287
0.219137
0.218986
0.218836
0.218686
0.218536
0.218387
0.218238
0.218089
0.21794
0.217792
0.217644
0.217496
0.217349
0.217201
0.217054
0.216908
0.216761
0.216615
0.216469
0.216323
0.216178
0.216032
0.215887
0.215743
0.215598
0.215454
0.21531
0.215166
0.215023
0.214879
0.214736
0.214594
0.214451
0.214309
0.214167
0.214025
0.213883
0.213742
0.213601
0.21346
0.21332
0.213179
0.213039
0.212899
0.212759
0.21262
0.212481
0.212342
0.212203
0.212065
0.211926
0.211788
0.21165
0.211513
0.211375
0.211238
0.211101
0.210965
0.210828
0.210692
0.210556
0.21042
0.210284
0.210149
0.210014
0.209879
0.209744
0.20961
0.209476
0.209341
0.209208
0.209074
0.208941
0.208807
0.208674
0.208542
0.208409
0.208277
0.208144
0.208012
0.207881
0.207749
0.207618
0.207487
0.207356
0.207225
0.207095
0.206964
0.206834
0.206704
0.206575
0.206445
0.206316
0.206187
0.206058
0.205929
0.205801
0.205672
0.205544
0.205416
0.205289
0.205161
0.205034
0.204907
0.20478
0.204653
0.204526
0.2044
0.204274
0.204148
0.204022
0.203896
0.203771
0.203646
0.203521
0.203396
0.203271
0.203147
0.203022
0.202898
0.202774
0.202651
0.202527
0.202404
0.202281
0.202158
0.202035
0.201912
0.20179
0.201667
0.201545
0.201423
0.201302
0.20118
0.201059
0.200937
0.200816
0.200695
0.200575
0.200454
0.200334
0.200214
0.200094
0.199974
0.199854
0.199735
0.199615
0.199496
0.199377
0.199259
0.19914
0.199021
0.198903
0.198785
0.198667
0.198549
0.198432
0.198314
0.198197
0.19808
0.197963
0.197846
0.197729
0.197613
0.197497
0.19738
0.197264
0.197149
0.197033
0.196917
0.196802
0.196687
0.196572
0.196457
0.196342
0.196228
0.196113
0.195999
0.195885
0.195771
0.195657
0.195544
0.19543
0.195317
0.195204
0.195091
0.194978
0.194865
0.194753
0.19464
0.194528
0.194416
0.194304
0.194192
0.19408
0.193969
0.193858
0.193746
0.193635
0.193525
0.193414
0.193303
0.193193
0.193082
0.192972
0.192862
0.192752
0.192643
0.192533
0.192424
0.192314
0.192205
0.192096
0.191987
0.191878
0.19177
0.191661
0.191553
0.191445
0.191337
0.191229
0.191121
0.191014
0.190906
0.190799
0.190692
0.190585
0.190478
0.190371
0.190264
0.190158
0.190051
0.189945
0.189839
0.189733
0.189627
0.189522
0.189416
0.189311
0.189205
0.1891
0.188995
0.18889
0.188785
0.188681
0.188576
0.188472
0.188368
0.188264
0.18816
0.188056
0.187952
0.187848
0.187745
0.187642
0.187538
0.187435
0.187332
0.18723
0.187127
0.187024
0.186922
0.186819
0.186717
0.186615
0.186513
0.186411
0.18631
0.186208
0.186107
0.186005
0.185904
0.185803
0.185702
0.185601
0.185501
0.1854
0.185299
0.185199
0.185099
0.184999
0.184899
0.184799
0.184699
0.184599
0.1845
0.184401
0.184301
0.184202
0.184103
0.184004
0.183905
0.183807
0.183708
0.18361
0.183511
0.183413
0.183315
0.183217
0.183119
0.183021
0.182923
0.182826
0.182728
0.182631
0.182534
0.182437
0.18234
0.182243
0.182146
0.18205
0.181953
0.181857
0.18176
0.181664
0.181568
0.181472
0.181376
0.18128
0.181185
0.181089
0.180994
0.180898
0.180803
0.180708
0.180613
0.180518
0.180423
0.180329
0.180234
0.18014
0.180045
0.179951
0.179857
0.179763
0.179669
0.179575
0.179481
0.179388
0.179294
0.179201
0.179108
0.179014
0.178921
0.178828
0.178735
0.178643
0.17855
0.178457
0.178365
0.178272
0.17818
0.178088
0.177996
0.177904
0.177812
0.17772
0.177629
0.177537
0.177446
0.177354
0.177263
0.177172
0.177081
0.17699
0.176899
0.176808
0.176717
0.176627
0.176536
0.176446
0.176356
0.176265
0.176175
0.176085
0.175995
0.175906
0.175816
0.175726
0.175637
0.175547
0.175458
0.175369
0.175279
0.17519
0.175101
0.175013
0.174924
0.174835
0.174747
0.174658
0.17457
0.174481
0.174393
0.174305
0.174217
0.174129
0.174041
0.173953
0.173866
0.173778
0.173691
0.173603
0.173516
0.173429
0.173342
0.173255
0.173168
0.173081
0.172994
0.172907
0.172821
0.172734
0.172648
0.172562
0.172475
0.172389
0.172303
0.172217
0.172131
0.172046
0.17196
0.171874
0.171789
0.171703
0.171618
0.171533
0.171448
0.171362
0.171277
0.171192
0.171108
0.171023
0.170938
0.170854
0.170769
0.170685
0.1706
0.170516
0.170432
0.170348
0.170264
0.17018
0.170096
0.170012
0.169929
0.169845
0.169762
0.169678
0.169595
0.169512
0.169428
0.169345
0.169262
0.169179
0.169097
0.169014
0.168931
0.168848
0.168766
0.168684
0.168601
0.168519
0.168437
0.168355
0.168272
0.16819
0.168109
0.168027
0.167945
0.167863
0.167782
0.1677
0.167619
0.167538
0.167456
0.167375
0.167294
0.167213
0.167132
0.167051
0.16697
0.16689
0.166809
0.166728
0.166648
0.166567
0.166487
0.166407
0.166327
0.166247
0.166167
0.166087
0.166007
0.165927
0.165847
0.165767
0.165688
0.165608
0.165529
0.165449
0.16537
0.165291
0.165212
0.165133
0.165054
0.164975
0.164896
0.164817
0.164738
0.16466
0.164581
0.164503
0.164424
0.164346
0.164268
0.164189
0.164111
0.164033
0.163955
0.163877
0.1638
0.163722
0.163644
0.163566
0.163489
0.163411
0.163334
0.163256
0.163179
0.163102
0.163025
0.162948
0.162871
0.162794
0.162717
0.16264
0.162563
0.162487
0.16241
0.162334
0.162257
0.162181
0.162104
0.162028
0.161952
0.161876
0.1618
0.161724
0.161648
0.161572
0.161496
0.16142
0.161345
0.161269
0.161194
0.161118
0.161043
0.160967
0.160892
0.160817
0.160742
0.160667
0.160592
0.160517
0.160442
0.160367
0.160292
0.160218
0.160143
0.160069
0.159994
0.15992
0.159845
0.159771
0.159697
0.159623
0.159549
0.159474
0.159401
0.159327
0.159253
0.159179
0.159105
0.159032
0.158958
0.158884
0.158811
0.158738
0.158664
0.158591
0.158518
0.158445
0.158371
0.158298
0.158225
0.158152
0.15808
0.158007
0.157934
0.157861
0.157789
0.157716
0.157644
0.157571
0.157499
0.157427
0.157354
0.157282
0.15721
0.157138
0.157066
0.156994
0.156922
0.15685
0.156778
0.156707
0.156635
0.156564
0.156492
0.15642
0.156349
0.156278
0.156206
0.156135
0.156064
0.155993
0.155922
0.155851
0.15578
0.155709
0.155638
0.155567
0.155496
0.155426
0.155355
0.155285
0.155214
0.155144
0.155073
0.155003
0.154933
0.154862
0.154792
0.154722
0.154652
0.154582
0.154512
0.154442
)
;

boundaryField
{
    inlet
    {
        type            calculated;
        value           uniform 0.302959;
    }
    outlet
    {
        type            calculated;
        value           uniform 0.154442;
    }
    emptyWalls
    {
        type            empty;
    }
}


// ************************************************************************* //
