/*--------------------------------*- C++ -*----------------------------------*\
  =========                 |
  \\      /  F ield         | OpenFOAM: The Open Source CFD Toolbox
   \\    /   O peration     | Website:  https://openfoam.org
    \\  /    A nd           | Version:  9
     \\/     M anipulation  |
\*---------------------------------------------------------------------------*/
FoamFile
{
    format      ascii;
    class       volVectorField;
    location    "3.4";
    object      Uc;
}
// * * * * * * * * * * * * * * * * * * * * * * * * * * * * * * * * * * * * * //

dimensions      [0 0 0 0 0 0 0];

internalField   nonuniform List<vector> 
1000
(
(5.62071e-06 0 0)
(2.01549e-05 0 0)
(4.09238e-05 0 0)
(6.73696e-05 0 0)
(9.91322e-05 0 0)
(0.000135933 0 0)
(0.00017754 0 0)
(0.000223748 0 0)
(0.000274376 0 0)
(0.000329258 0 0)
(0.00038824 0 0)
(0.000451181 0 0)
(0.000517949 0 0)
(0.00058842 0 0)
(0.000662478 0 0)
(0.000740011 0 0)
(0.000820916 0 0)
(0.000905095 0 0)
(0.000992453 0 0)
(0.0010829 0 0)
(0.00117636 0 0)
(0.00127273 0 0)
(0.00137196 0 0)
(0.00147396 0 0)
(0.00157866 0 0)
(0.00168599 0 0)
(0.0017959 0 0)
(0.00190831 0 0)
(0.00202317 0 0)
(0.00214042 0 0)
(0.00226001 0 0)
(0.00238188 0 0)
(0.00250598 0 0)
(0.00263226 0 0)
(0.00276067 0 0)
(0.00289118 0 0)
(0.00302372 0 0)
(0.00315828 0 0)
(0.00329479 0 0)
(0.00343322 0 0)
(0.00357354 0 0)
(0.00371571 0 0)
(0.00385968 0 0)
(0.00400544 0 0)
(0.00415293 0 0)
(0.00430214 0 0)
(0.00445302 0 0)
(0.00460556 0 0)
(0.00475971 0 0)
(0.00491546 0 0)
(0.00507277 0 0)
(0.00523161 0 0)
(0.00539197 0 0)
(0.00555381 0 0)
(0.00571711 0 0)
(0.00588185 0 0)
(0.00604801 0 0)
(0.00621556 0 0)
(0.00638447 0 0)
(0.00655474 0 0)
(0.00672633 0 0)
(0.00689923 0 0)
(0.00707342 0 0)
(0.00724889 0 0)
(0.0074256 0 0)
(0.00760354 0 0)
(0.00778271 0 0)
(0.00796307 0 0)
(0.00814461 0 0)
(0.00832732 0 0)
(0.00851119 0 0)
(0.00869618 0 0)
(0.0088823 0 0)
(0.00906953 0 0)
(0.00925785 0 0)
(0.00944724 0 0)
(0.0096377 0 0)
(0.00982921 0 0)
(0.0100218 0 0)
(0.0102153 0 0)
(0.0104099 0 0)
(0.0106055 0 0)
(0.0108021 0 0)
(0.0109997 0 0)
(0.0111982 0 0)
(0.0113977 0 0)
(0.0115982 0 0)
(0.0117995 0 0)
(0.0120018 0 0)
(0.0122051 0 0)
(0.0124092 0 0)
(0.0126142 0 0)
(0.0128201 0 0)
(0.0130269 0 0)
(0.0132346 0 0)
(0.0134431 0 0)
(0.0136525 0 0)
(0.0138628 0 0)
(0.0140738 0 0)
(0.0142857 0 0)
(0.0144985 0 0)
(0.014712 0 0)
(0.0149264 0 0)
(0.0151415 0 0)
(0.0153575 0 0)
(0.0155742 0 0)
(0.0157918 0 0)
(0.0160101 0 0)
(0.0162291 0 0)
(0.016449 0 0)
(0.0166696 0 0)
(0.0168909 0 0)
(0.017113 0 0)
(0.0173358 0 0)
(0.0175594 0 0)
(0.0177837 0 0)
(0.0180087 0 0)
(0.0182344 0 0)
(0.0184609 0 0)
(0.018688 0 0)
(0.0189159 0 0)
(0.0191445 0 0)
(0.0193737 0 0)
(0.0196037 0 0)
(0.0198343 0 0)
(0.0200656 0 0)
(0.0202976 0 0)
(0.0205303 0 0)
(0.0207636 0 0)
(0.0209977 0 0)
(0.0212323 0 0)
(0.0214677 0 0)
(0.0217037 0 0)
(0.0219403 0 0)
(0.0221776 0 0)
(0.0224155 0 0)
(0.0226541 0 0)
(0.0228933 0 0)
(0.0231332 0 0)
(0.0233737 0 0)
(0.0236148 0 0)
(0.0238566 0 0)
(0.024099 0 0)
(0.024342 0 0)
(0.0245856 0 0)
(0.0248299 0 0)
(0.0250747 0 0)
(0.0253202 0 0)
(0.0255663 0 0)
(0.025813 0 0)
(0.0260604 0 0)
(0.0263083 0 0)
(0.0265568 0 0)
(0.026806 0 0)
(0.0270557 0 0)
(0.027306 0 0)
(0.027557 0 0)
(0.0278085 0 0)
(0.0280607 0 0)
(0.0283134 0 0)
(0.0285668 0 0)
(0.0288207 0 0)
(0.0290752 0 0)
(0.0293304 0 0)
(0.0295861 0 0)
(0.0298424 0 0)
(0.0300993 0 0)
(0.0303568 0 0)
(0.0306149 0 0)
(0.0308736 0 0)
(0.0311329 0 0)
(0.0313927 0 0)
(0.0316532 0 0)
(0.0319143 0 0)
(0.0321759 0 0)
(0.0324382 0 0)
(0.032701 0 0)
(0.0329645 0 0)
(0.0332285 0 0)
(0.0334932 0 0)
(0.0337585 0 0)
(0.0340243 0 0)
(0.0342908 0 0)
(0.0345579 0 0)
(0.0348255 0 0)
(0.0350938 0 0)
(0.0353628 0 0)
(0.0356323 0 0)
(0.0359025 0 0)
(0.0361732 0 0)
(0.0364447 0 0)
(0.0367167 0 0)
(0.0369894 0 0)
(0.0372627 0 0)
(0.0375367 0 0)
(0.0378113 0 0)
(0.0380866 0 0)
(0.0383626 0 0)
(0.0386392 0 0)
(0.0389165 0 0)
(0.0391945 0 0)
(0.0394732 0 0)
(0.0397526 0 0)
(0.0400327 0 0)
(0.0403136 0 0)
(0.0405951 0 0)
(0.0408774 0 0)
(0.0411605 0 0)
(0.0414443 0 0)
(0.0417289 0 0)
(0.0420143 0 0)
(0.0423005 0 0)
(0.0425876 0 0)
(0.0428755 0 0)
(0.0431642 0 0)
(0.0434539 0 0)
(0.0437444 0 0)
(0.0440359 0 0)
(0.0443284 0 0)
(0.0446218 0 0)
(0.0449162 0 0)
(0.0452117 0 0)
(0.0455083 0 0)
(0.045806 0 0)
(0.0461048 0 0)
(0.0464049 0 0)
(0.0467062 0 0)
(0.0470088 0 0)
(0.0473128 0 0)
(0.0476182 0 0)
(0.0479251 0 0)
(0.0482335 0 0)
(0.0485436 0 0)
(0.0488554 0 0)
(0.0491691 0 0)
(0.0494847 0 0)
(0.0498023 0 0)
(0.0501222 0 0)
(0.0504444 0 0)
(0.050769 0 0)
(0.0510964 0 0)
(0.0514266 0 0)
(0.05176 0 0)
(0.0520966 0 0)
(0.0524369 0 0)
(0.0527812 0 0)
(0.0531298 0 0)
(0.0534831 0 0)
(0.0538417 0 0)
(0.0542059 0 0)
(0.0545766 0 0)
(0.0549543 0 0)
(0.0553399 0 0)
(0.0557344 0 0)
(0.0561389 0 0)
(0.0565548 0 0)
(0.0569836 0 0)
(0.0574273 0 0)
(0.0578882 0 0)
(0.058369 0 0)
(0.0588732 0 0)
(0.059405 0 0)
(0.0599698 0 0)
(0.0605743 0 0)
(0.0612273 0 0)
(0.0619402 0 0)
(0.0627283 0 0)
(0.0636124 0 0)
(0.0646217 0 0)
(0.0657982 0 0)
(0.0672052 0 0)
(0.0689414 0 0)
(0.0711708 0 0)
(0.0741867 0 0)
(0.0785677 0 0)
(0.0856371 0 0)
(0.0991945 0 0)
(0.13597 0 0)
(0.178522 0 0)
(0.202601 0 0)
(0.216526 0 0)
(0.224988 0 0)
(0.233012 0 0)
(0.241831 0 0)
(0.249842 0 0)
(0.254627 0 0)
(0.254517 0 0)
(0.249594 0 0)
(0.241868 0 0)
(0.234234 0 0)
(0.228902 0 0)
(0.226612 0 0)
(0.226944 0 0)
(0.229006 0 0)
(0.231903 0 0)
(0.2349 0 0)
(0.237454 0 0)
(0.239199 0 0)
(0.239956 0 0)
(0.239748 0 0)
(0.238785 0 0)
(0.23741 0 0)
(0.236003 0 0)
(0.234878 0 0)
(0.234218 0 0)
(0.234062 0 0)
(0.23433 0 0)
(0.234872 0 0)
(0.235521 0 0)
(0.236123 0 0)
(0.236568 0 0)
(0.236797 0 0)
(0.23681 0 0)
(0.236647 0 0)
(0.23638 0 0)
(0.236086 0 0)
(0.235833 0 0)
(0.235666 0 0)
(0.235602 0 0)
(0.235634 0 0)
(0.235734 0 0)
(0.23587 0 0)
(0.236007 0 0)
(0.236117 0 0)
(0.236185 0 0)
(0.236207 0 0)
(0.236189 0 0)
(0.236146 0 0)
(0.236093 0 0)
(0.236046 0 0)
(0.236014 0 0)
(0.236005 0 0)
(0.236017 0 0)
(0.236045 0 0)
(0.236083 0 0)
(0.236123 0 0)
(0.236158 0 0)
(0.236184 0 0)
(0.236198 0 0)
(0.236202 0 0)
(0.236196 0 0)
(0.236186 0 0)
(0.236173 0 0)
(0.236161 0 0)
(0.236152 0 0)
(0.236146 0 0)
(0.236143 0 0)
(0.236142 0 0)
(0.236142 0 0)
(0.236142 0 0)
(0.236141 0 0)
(0.236139 0 0)
(0.236136 0 0)
(0.236132 0 0)
(0.236128 0 0)
(0.236125 0 0)
(0.236123 0 0)
(0.236123 0 0)
(0.236124 0 0)
(0.236127 0 0)
(0.236131 0 0)
(0.236135 0 0)
(0.23614 0 0)
(0.236145 0 0)
(0.236149 0 0)
(0.236154 0 0)
(0.236158 0 0)
(0.236162 0 0)
(0.236166 0 0)
(0.23617 0 0)
(0.236175 0 0)
(0.236179 0 0)
(0.236184 0 0)
(0.23619 0 0)
(0.236195 0 0)
(0.2362 0 0)
(0.236206 0 0)
(0.236212 0 0)
(0.236217 0 0)
(0.236223 0 0)
(0.236229 0 0)
(0.236235 0 0)
(0.236241 0 0)
(0.236247 0 0)
(0.236254 0 0)
(0.236261 0 0)
(0.236268 0 0)
(0.236275 0 0)
(0.236283 0 0)
(0.236291 0 0)
(0.236298 0 0)
(0.236306 0 0)
(0.236313 0 0)
(0.236321 0 0)
(0.236328 0 0)
(0.236335 0 0)
(0.236342 0 0)
(0.236348 0 0)
(0.236353 0 0)
(0.236359 0 0)
(0.236363 0 0)
(0.236368 0 0)
(0.236371 0 0)
(0.236374 0 0)
(0.236377 0 0)
(0.236379 0 0)
(0.236381 0 0)
(0.236382 0 0)
(0.236384 0 0)
(0.236384 0 0)
(0.236385 0 0)
(0.236386 0 0)
(0.236387 0 0)
(0.236387 0 0)
(0.236388 0 0)
(0.236389 0 0)
(0.236391 0 0)
(0.236392 0 0)
(0.236394 0 0)
(0.236396 0 0)
(0.236398 0 0)
(0.236401 0 0)
(0.236404 0 0)
(0.236408 0 0)
(0.236411 0 0)
(0.236415 0 0)
(0.23642 0 0)
(0.236425 0 0)
(0.23643 0 0)
(0.236435 0 0)
(0.236441 0 0)
(0.236447 0 0)
(0.236453 0 0)
(0.23646 0 0)
(0.236466 0 0)
(0.236473 0 0)
(0.23648 0 0)
(0.236488 0 0)
(0.236495 0 0)
(0.236502 0 0)
(0.236509 0 0)
(0.236517 0 0)
(0.236524 0 0)
(0.236531 0 0)
(0.236537 0 0)
(0.236544 0 0)
(0.23655 0 0)
(0.236556 0 0)
(0.236562 0 0)
(0.236567 0 0)
(0.236572 0 0)
(0.236577 0 0)
(0.236582 0 0)
(0.236586 0 0)
(0.23659 0 0)
(0.236594 0 0)
(0.236598 0 0)
(0.236601 0 0)
(0.236605 0 0)
(0.236608 0 0)
(0.236612 0 0)
(0.236615 0 0)
(0.236619 0 0)
(0.236623 0 0)
(0.236626 0 0)
(0.23663 0 0)
(0.236635 0 0)
(0.236639 0 0)
(0.236644 0 0)
(0.236649 0 0)
(0.236654 0 0)
(0.236659 0 0)
(0.236665 0 0)
(0.23667 0 0)
(0.236676 0 0)
(0.236682 0 0)
(0.236688 0 0)
(0.236694 0 0)
(0.2367 0 0)
(0.236706 0 0)
(0.236712 0 0)
(0.236718 0 0)
(0.236724 0 0)
(0.23673 0 0)
(0.236736 0 0)
(0.236742 0 0)
(0.236747 0 0)
(0.236753 0 0)
(0.236758 0 0)
(0.236763 0 0)
(0.236768 0 0)
(0.236773 0 0)
(0.236778 0 0)
(0.236783 0 0)
(0.236788 0 0)
(0.236792 0 0)
(0.236797 0 0)
(0.236802 0 0)
(0.236807 0 0)
(0.236811 0 0)
(0.236816 0 0)
(0.236821 0 0)
(0.236826 0 0)
(0.236832 0 0)
(0.236837 0 0)
(0.236842 0 0)
(0.236848 0 0)
(0.236854 0 0)
(0.236859 0 0)
(0.236865 0 0)
(0.236871 0 0)
(0.236877 0 0)
(0.236883 0 0)
(0.236889 0 0)
(0.236896 0 0)
(0.236902 0 0)
(0.236908 0 0)
(0.236914 0 0)
(0.23692 0 0)
(0.236926 0 0)
(0.236932 0 0)
(0.236938 0 0)
(0.236944 0 0)
(0.236949 0 0)
(0.236955 0 0)
(0.236959 0 0)
(0.23696 0 0)
(0.236947 0 0)
(0.236877 0 0)
(0.236573 0 0)
(0.2353 0 0)
(0.229938 0 0)
(0.206258 0 0)
(0.122336 0 0)
(0.0291974 0 0)
(0.000318308 0 0)
(6.73483e-09 0 0)
(-5.55112e-17 0 0)
(0 0 0)
(0 0 0)
(5.55112e-17 0 0)
(-5.55112e-17 0 0)
(5.55112e-17 0 0)
(0 0 0)
(5.55112e-17 0 0)
(0 0 0)
(-1.11022e-16 0 0)
(0 0 0)
(0 0 0)
(0 0 0)
(0 0 0)
(0 0 0)
(-1.11022e-16 0 0)
(-1.11022e-16 0 0)
(1.11022e-16 0 0)
(1.11022e-16 0 0)
(5.55112e-17 0 0)
(5.55112e-17 0 0)
(-1.11022e-16 0 0)
(-1.11022e-16 0 0)
(-5.55112e-17 0 0)
(-1.11022e-16 0 0)
(-5.55112e-17 0 0)
(0 0 0)
(-5.55112e-17 0 0)
(-1.11022e-16 0 0)
(0 0 0)
(0 0 0)
(-5.55112e-17 0 0)
(-1.11022e-16 0 0)
(-5.55112e-17 0 0)
(0 0 0)
(-1.11022e-16 0 0)
(0 0 0)
(5.55112e-17 0 0)
(1.11022e-16 0 0)
(0 0 0)
(-1.11022e-16 0 0)
(-1.11022e-16 0 0)
(5.55112e-17 0 0)
(1.11022e-16 0 0)
(0 0 0)
(-1.11022e-16 0 0)
(-5.55112e-17 0 0)
(0 0 0)
(-1.11022e-16 0 0)
(-5.55112e-17 0 0)
(0 0 0)
(0 0 0)
(-5.55112e-17 0 0)
(0 0 0)
(-1.11022e-16 0 0)
(0 0 0)
(0 0 0)
(1.11022e-16 0 0)
(1.11022e-16 0 0)
(1.11022e-16 0 0)
(0 0 0)
(0 0 0)
(0 0 0)
(0 0 0)
(1.11022e-16 0 0)
(0 0 0)
(-1.11022e-16 0 0)
(1.11022e-16 0 0)
(-5.55112e-17 0 0)
(0 0 0)
(-1.11022e-16 0 0)
(0 0 0)
(-1.11022e-16 0 0)
(-2.22045e-16 0 0)
(-5.55112e-17 0 0)
(-1.11022e-16 0 0)
(-1.66533e-16 0 0)
(1.11022e-16 0 0)
(-5.55112e-17 0 0)
(-1.11022e-16 0 0)
(-1.11022e-16 0 0)
(0 0 0)
(0 0 0)
(0 0 0)
(-2.22045e-16 0 0)
(-2.22045e-16 0 0)
(-1.11022e-16 0 0)
(-1.11022e-16 0 0)
(0 0 0)
(-1.11022e-16 0 0)
(-1.11022e-16 0 0)
(-5.55112e-17 0 0)
(0 0 0)
(5.55112e-17 0 0)
(0 0 0)
(-2.22045e-16 0 0)
(0 0 0)
(0 0 0)
(0 0 0)
(-1.11022e-16 0 0)
(-1.11022e-16 0 0)
(1.11022e-16 0 0)
(0 0 0)
(1.11022e-16 0 0)
(-1.11022e-16 0 0)
(-1.11022e-16 0 0)
(0 0 0)
(-1.11022e-16 0 0)
(-1.11022e-16 0 0)
(5.55112e-17 0 0)
(-5.55112e-17 0 0)
(-2.22045e-16 0 0)
(-2.22045e-16 0 0)
(-2.22045e-16 0 0)
(-2.22045e-16 0 0)
(-1.11022e-16 0 0)
(-1.11022e-16 0 0)
(0 0 0)
(0 0 0)
(-1.66533e-16 0 0)
(-1.11022e-16 0 0)
(0 0 0)
(-5.55112e-17 0 0)
(0 0 0)
(-1.11022e-16 0 0)
(-2.22045e-16 0 0)
(-1.11022e-16 0 0)
(5.55112e-17 0 0)
(0 0 0)
(-5.55112e-17 0 0)
(0 0 0)
(5.55112e-17 0 0)
(-5.55112e-17 0 0)
(-1.11022e-16 0 0)
(-1.11022e-16 0 0)
(-5.55112e-17 0 0)
(-5.55112e-17 0 0)
(0 0 0)
(0 0 0)
(1.11022e-16 0 0)
(0 0 0)
(1.11022e-16 0 0)
(0 0 0)
(-2.22045e-16 0 0)
(-1.11022e-16 0 0)
(-1.11022e-16 0 0)
(0 0 0)
(0 0 0)
(5.55112e-17 0 0)
(0 0 0)
(-1.11022e-16 0 0)
(0 0 0)
(0 0 0)
(-5.55112e-17 0 0)
(0 0 0)
(1.11022e-16 0 0)
(0 0 0)
(-1.11022e-16 0 0)
(-1.11022e-16 0 0)
(1.11022e-16 0 0)
(0 0 0)
(-1.11022e-16 0 0)
(0 0 0)
(0 0 0)
(-1.11022e-16 0 0)
(-1.11022e-16 0 0)
(0 0 0)
(-1.11022e-16 0 0)
(0 0 0)
(0 0 0)
(-1.11022e-16 0 0)
(-1.11022e-16 0 0)
(-1.11022e-16 0 0)
(1.11022e-16 0 0)
(0 0 0)
(0 0 0)
(0 0 0)
(0 0 0)
(0 0 0)
(0 0 0)
(0 0 0)
(0 0 0)
(0 0 0)
(0 0 0)
(0 0 0)
(0 0 0)
(0 0 0)
(0 0 0)
(0 0 0)
(0 0 0)
(0 0 0)
(0 0 0)
(0 0 0)
(0 0 0)
(0 0 0)
(0 0 0)
(0 0 0)
(0 0 0)
(0 0 0)
(0 0 0)
(0 0 0)
(0 0 0)
(0 0 0)
(0 0 0)
(0 0 0)
(0 0 0)
(0 0 0)
(0 0 0)
(0 0 0)
(0 0 0)
(0 0 0)
(0 0 0)
(0 0 0)
(0 0 0)
(0 0 0)
(0 0 0)
(0 0 0)
(0 0 0)
(0 0 0)
(0 0 0)
(0 0 0)
(0 0 0)
(0 0 0)
(0 0 0)
(0 0 0)
(0 0 0)
(0 0 0)
(0 0 0)
(0 0 0)
(0 0 0)
(0 0 0)
(0 0 0)
(0 0 0)
(0 0 0)
(0 0 0)
(0 0 0)
(0 0 0)
(0 0 0)
(0 0 0)
(0 0 0)
(0 0 0)
(0 0 0)
(0 0 0)
(0 0 0)
(0 0 0)
(0 0 0)
(0 0 0)
(0 0 0)
(0 0 0)
(0 0 0)
(0 0 0)
(0 0 0)
(0 0 0)
(0 0 0)
(0 0 0)
(0 0 0)
(0 0 0)
(0 0 0)
(0 0 0)
(0 0 0)
(0 0 0)
(0 0 0)
(0 0 0)
(0 0 0)
(0 0 0)
(0 0 0)
(0 0 0)
(0 0 0)
(0 0 0)
(0 0 0)
(0 0 0)
(0 0 0)
(0 0 0)
(0 0 0)
(0 0 0)
(0 0 0)
(0 0 0)
(0 0 0)
(0 0 0)
(0 0 0)
(0 0 0)
(0 0 0)
(0 0 0)
(0 0 0)
(0 0 0)
(0 0 0)
(0 0 0)
(0 0 0)
(0 0 0)
(0 0 0)
(0 0 0)
(0 0 0)
(0 0 0)
(0 0 0)
(0 0 0)
(0 0 0)
(0 0 0)
(0 0 0)
(0 0 0)
(0 0 0)
(0 0 0)
(0 0 0)
(0 0 0)
(0 0 0)
(0 0 0)
(0 0 0)
(0 0 0)
(0 0 0)
(0 0 0)
(0 0 0)
(0 0 0)
(0 0 0)
(0 0 0)
(0 0 0)
(0 0 0)
(0 0 0)
(0 0 0)
(0 0 0)
(0 0 0)
(0 0 0)
(0 0 0)
(0 0 0)
(0 0 0)
(0 0 0)
(0 0 0)
(0 0 0)
(0 0 0)
(0 0 0)
(0 0 0)
(0 0 0)
(0 0 0)
(0 0 0)
(0 0 0)
(0 0 0)
(0 0 0)
(0 0 0)
(0 0 0)
(0 0 0)
(0 0 0)
(0 0 0)
(0 0 0)
(0 0 0)
(0 0 0)
(0 0 0)
(0 0 0)
(0 0 0)
(0 0 0)
(0 0 0)
(0 0 0)
(0 0 0)
(0 0 0)
(0 0 0)
(0 0 0)
(0 0 0)
(0 0 0)
(0 0 0)
(0 0 0)
(0 0 0)
(0 0 0)
(0 0 0)
(0 0 0)
(0 0 0)
(0 0 0)
(0 0 0)
(0 0 0)
(0 0 0)
(0 0 0)
(0 0 0)
(0 0 0)
(0 0 0)
(0 0 0)
(0 0 0)
(0 0 0)
(0 0 0)
(0 0 0)
(0 0 0)
(0 0 0)
(0 0 0)
(0 0 0)
(0 0 0)
(0 0 0)
(0 0 0)
(0 0 0)
(0 0 0)
(0 0 0)
(0 0 0)
(0 0 0)
(0 0 0)
(0 0 0)
(0 0 0)
(0 0 0)
(0 0 0)
(0 0 0)
(0 0 0)
(0 0 0)
(0 0 0)
(0 0 0)
(0 0 0)
(0 0 0)
(0 0 0)
(0 0 0)
(0 0 0)
(0 0 0)
(0 0 0)
(0 0 0)
(0 0 0)
(0 0 0)
(0 0 0)
(0 0 0)
(0 0 0)
(0 0 0)
(0 0 0)
(0 0 0)
(0 0 0)
(0 0 0)
(0 0 0)
(0 0 0)
(0 0 0)
(0 0 0)
(0 0 0)
(0 0 0)
(0 0 0)
(0 0 0)
(0 0 0)
(0 0 0)
(0 0 0)
(0 0 0)
(0 0 0)
(0 0 0)
(0 0 0)
(0 0 0)
(0 0 0)
(0 0 0)
(0 0 0)
(0 0 0)
(0 0 0)
(0 0 0)
(0 0 0)
(0 0 0)
(0 0 0)
(0 0 0)
(0 0 0)
(0 0 0)
(0 0 0)
(0 0 0)
(0 0 0)
(0 0 0)
(0 0 0)
(0 0 0)
(0 0 0)
(0 0 0)
(0 0 0)
(0 0 0)
(0 0 0)
(0 0 0)
(0 0 0)
(0 0 0)
(0 0 0)
(0 0 0)
(0 0 0)
(0 0 0)
(0 0 0)
(0 0 0)
)
;

boundaryField
{
    inlet
    {
        type            fixedValue;
        value           uniform (0 0 0);
    }
    outlet
    {
        type            zeroGradient;
    }
    emptyWalls
    {
        type            empty;
    }
}


// ************************************************************************* //
