/*--------------------------------*- C++ -*----------------------------------*\
  =========                 |
  \\      /  F ield         | OpenFOAM: The Open Source CFD Toolbox
   \\    /   O peration     | Website:  https://openfoam.org
    \\  /    A nd           | Version:  9
     \\/     M anipulation  |
\*---------------------------------------------------------------------------*/
FoamFile
{
    format      ascii;
    class       volScalarField;
    location    "17.7";
    object      Fb;
}
// * * * * * * * * * * * * * * * * * * * * * * * * * * * * * * * * * * * * * //

dimensions      [0 0 0 0 0 0 0];

internalField   nonuniform List<scalar> 
1000
(
0.290579
0.290578
0.290578
0.290577
0.290576
0.290575
0.290574
0.290572
0.290571
0.290569
0.290567
0.290566
0.290564
0.290561
0.290559
0.290557
0.290554
0.290552
0.290549
0.290546
0.290543
0.29054
0.290537
0.290533
0.29053
0.290526
0.290522
0.290519
0.290515
0.290511
0.290506
0.290502
0.290498
0.290493
0.290488
0.290484
0.290479
0.290474
0.290469
0.290464
0.290458
0.290453
0.290448
0.290442
0.290436
0.290431
0.290425
0.290419
0.290413
0.290406
0.2904
0.290394
0.290387
0.290381
0.290374
0.290367
0.29036
0.290353
0.290346
0.290339
0.290332
0.290325
0.290317
0.29031
0.290302
0.290294
0.290287
0.290279
0.290271
0.290263
0.290255
0.290246
0.290238
0.29023
0.290221
0.290213
0.290204
0.290195
0.290186
0.290178
0.290169
0.29016
0.29015
0.290141
0.290132
0.290123
0.290113
0.290104
0.290094
0.290084
0.290074
0.290065
0.290055
0.290045
0.290035
0.290024
0.290014
0.290004
0.289993
0.289983
0.289973
0.289962
0.289951
0.28994
0.28993
0.289919
0.289908
0.289897
0.289886
0.289875
0.289863
0.289852
0.289841
0.289829
0.289818
0.289806
0.289794
0.289783
0.289771
0.289759
0.289747
0.289735
0.289723
0.289711
0.289699
0.289686
0.289674
0.289662
0.289649
0.289637
0.289624
0.289612
0.289599
0.289586
0.289573
0.28956
0.289547
0.289534
0.289521
0.289508
0.289495
0.289482
0.289469
0.289455
0.289442
0.289428
0.289415
0.289401
0.289387
0.289374
0.28936
0.289346
0.289332
0.289318
0.289304
0.28929
0.289276
0.289262
0.289248
0.289233
0.289219
0.289205
0.28919
0.289176
0.289161
0.289146
0.289132
0.289117
0.289102
0.289087
0.289073
0.289058
0.289043
0.289028
0.289012
0.288997
0.288982
0.288967
0.288952
0.288936
0.288921
0.288905
0.28889
0.288874
0.288859
0.288843
0.288827
0.288812
0.288796
0.28878
0.288764
0.288748
0.288732
0.288716
0.2887
0.288684
0.288668
0.288651
0.288635
0.288619
0.288602
0.288586
0.288569
0.288553
0.288536
0.28852
0.288503
0.288486
0.28847
0.288453
0.288436
0.288419
0.288402
0.288385
0.288368
0.288351
0.288334
0.288317
0.2883
0.288282
0.288265
0.288248
0.28823
0.288213
0.288195
0.288178
0.28816
0.288143
0.288125
0.288107
0.28809
0.288072
0.288054
0.288036
0.288018
0.288
0.287983
0.287965
0.287946
0.287928
0.28791
0.287892
0.287874
0.287856
0.287837
0.287819
0.287801
0.287782
0.287764
0.287745
0.287727
0.287708
0.287689
0.287671
0.287652
0.287633
0.287615
0.287596
0.287577
0.287558
0.287539
0.28752
0.287501
0.287482
0.287463
0.287444
0.287425
0.287406
0.287386
0.287367
0.287348
0.287328
0.287309
0.28729
0.28727
0.287251
0.287231
0.287212
0.287192
0.287172
0.287153
0.287133
0.287113
0.287094
0.287074
0.287054
0.287034
0.287014
0.286994
0.286974
0.286954
0.286934
0.286914
0.286894
0.286874
0.286854
0.286833
0.286813
0.286793
0.286772
0.286752
0.286732
0.286711
0.286691
0.28667
0.28665
0.286629
0.286609
0.286588
0.286567
0.286547
0.286526
0.286505
0.286484
0.286463
0.286443
0.286422
0.286401
0.28638
0.286359
0.286338
0.286317
0.286296
0.286275
0.286253
0.286232
0.286211
0.28619
0.286168
0.286147
0.286126
0.286104
0.286083
0.286062
0.28604
0.286019
0.285997
0.285976
0.285954
0.285932
0.285911
0.285889
0.285867
0.285846
0.285824
0.285802
0.28578
0.285758
0.285736
0.285715
0.285693
0.285671
0.285649
0.285627
0.285605
0.285582
0.28556
0.285538
0.285516
0.285494
0.285472
0.285449
0.285427
0.285405
0.285382
0.28536
0.285337
0.285315
0.285293
0.28527
0.285248
0.285225
0.285202
0.28518
0.285157
0.285134
0.285112
0.285089
0.285066
0.285044
0.285021
0.284998
0.284975
0.284952
0.284929
0.284906
0.284883
0.28486
0.284837
0.284814
0.284791
0.284768
0.284745
0.284722
0.284699
0.284675
0.284652
0.284629
0.284606
0.284582
0.284559
0.284535
0.284512
0.284489
0.284465
0.284442
0.284418
0.284395
0.284371
0.284348
0.284324
0.2843
0.284277
0.284253
0.284229
0.284206
0.284182
0.284158
0.284134
0.28411
0.284086
0.284063
0.284039
0.284015
0.283991
0.283967
0.283943
0.283919
0.283895
0.283871
0.283846
0.283822
0.283798
0.283774
0.28375
0.283725
0.283701
0.283677
0.283653
0.283628
0.283604
0.28358
0.283555
0.283531
0.283506
0.283482
0.283457
0.283433
0.283408
0.283384
0.283359
0.283334
0.28331
0.283285
0.28326
0.283236
0.283211
0.283186
0.283161
0.283136
0.283112
0.283087
0.283062
0.283037
0.283012
0.282987
0.282962
0.282937
0.282912
0.282887
0.282862
0.282837
0.282812
0.282787
0.282761
0.282736
0.282711
0.282686
0.282661
0.282635
0.28261
0.282585
0.282559
0.282534
0.282509
0.282483
0.282458
0.282432
0.282407
0.282381
0.282356
0.28233
0.282305
0.282279
0.282253
0.282228
0.282202
0.282176
0.282151
0.282125
0.282099
0.282073
0.282048
0.282022
0.281996
0.28197
0.281944
0.281918
0.281893
0.281867
0.281841
0.281815
0.281789
0.281763
0.281737
0.28171
0.281684
0.281658
0.281632
0.281606
0.28158
0.281554
0.281527
0.281501
0.281475
0.281449
0.281422
0.281396
0.28137
0.281343
0.281317
0.28129
0.281264
0.281238
0.281211
0.281185
0.281158
0.281132
0.281105
0.281078
0.281052
0.281025
0.280999
0.280972
0.280945
0.280919
0.280892
0.280865
0.280838
0.280812
0.280785
0.280758
0.280731
0.280704
0.280677
0.280651
0.280624
0.280597
0.28057
0.280543
0.280516
0.280489
0.280462
0.280435
0.280408
0.28038
0.280353
0.280326
0.280299
0.280272
0.280245
0.280217
0.28019
0.280163
0.280136
0.280108
0.280081
0.280054
0.280026
0.279999
0.279972
0.279944
0.279917
0.279889
0.279862
0.279834
0.279807
0.279779
0.279752
0.279724
0.279697
0.279669
0.279641
0.279614
0.279586
0.279558
0.279531
0.279503
0.279475
0.279447
0.27942
0.279392
0.279364
0.279336
0.279308
0.27928
0.279253
0.279225
0.279197
0.279169
0.279141
0.279113
0.279085
0.279057
0.279029
0.279001
0.278973
0.278945
0.278916
0.278888
0.27886
0.278832
0.278804
0.278776
0.278747
0.278719
0.278691
0.278663
0.278634
0.278606
0.278578
0.278549
0.278521
0.278492
0.278464
0.278436
0.278407
0.278379
0.27835
0.278322
0.278293
0.278265
0.278236
0.278208
0.278179
0.27815
0.278122
0.278093
0.278064
0.278036
0.278007
0.277978
0.27795
0.277921
0.277892
0.277863
0.277834
0.277806
0.277777
0.277748
0.277719
0.27769
0.277661
0.277632
0.277603
0.277574
0.277545
0.277516
0.277487
0.277458
0.277429
0.2774
0.277371
0.277342
0.277313
0.277284
0.277254
0.277225
0.277196
0.277167
0.277138
0.277108
0.277079
0.27705
0.277021
0.276991
0.276962
0.276933
0.276903
0.276874
0.276844
0.276815
0.276785
0.276756
0.276727
0.276697
0.276668
0.276638
0.276608
0.276579
0.276549
0.27652
0.27649
0.27646
0.276431
0.276401
0.276371
0.276342
0.276312
0.276282
0.276253
0.276223
0.276193
0.276163
0.276133
0.276104
0.276074
0.276044
0.276014
0.275984
0.275954
0.275924
0.275894
0.275864
0.275834
0.275804
0.275774
0.275744
0.275714
0.275684
0.275654
0.275624
0.275594
0.275564
0.275534
0.275503
0.275473
0.275443
0.275413
0.275382
0.275352
0.275322
0.275292
0.275261
0.275231
0.275201
0.27517
0.27514
0.27511
0.275079
0.275049
0.275018
0.274988
0.274957
0.274927
0.274896
0.274866
0.274835
0.274805
0.274774
0.274744
0.274713
0.274682
0.274652
0.274621
0.27459
0.27456
0.274529
0.274498
0.274468
0.274437
0.274406
0.274375
0.274345
0.274314
0.274283
0.274252
0.274221
0.27419
0.274159
0.274129
0.274098
0.274067
0.274036
0.274005
0.273974
0.273943
0.273912
0.273881
0.27385
0.273819
0.273787
0.273756
0.273725
0.273694
0.273663
0.273632
0.273601
0.273569
0.273538
0.273507
0.273476
0.273444
0.273413
0.273382
0.27335
0.273319
0.273288
0.273256
0.273225
0.273194
0.273162
0.273131
0.273099
0.273068
0.273036
0.273005
0.272973
0.272942
0.27291
0.272879
0.272847
0.272816
0.272784
0.272752
0.272721
0.272689
0.272658
0.272626
0.272594
0.272562
0.272531
0.272499
0.272467
0.272435
0.272404
0.272372
0.27234
0.272308
0.272276
0.272244
0.272213
0.272181
0.272149
0.272117
0.272085
0.272053
0.272021
0.271989
0.271957
0.271925
0.271893
0.271861
0.271829
0.271797
0.271765
0.271732
0.2717
0.271668
0.271636
0.271604
0.271572
0.271539
0.271507
0.271475
0.271443
0.27141
0.271378
0.271346
0.271313
0.271281
0.271249
0.271216
0.271184
0.271152
0.271119
0.271087
0.271054
0.271022
0.270989
0.270957
0.270924
0.270892
0.270859
0.270827
0.270794
0.270762
0.270729
0.270696
0.270664
0.270631
0.270598
0.270566
0.270533
0.2705
0.270468
0.270435
0.270402
0.270369
0.270336
0.270304
0.270271
0.270238
0.270205
0.270172
0.270139
0.270106
0.270074
0.270041
0.270008
0.269975
0.269942
0.269909
0.269876
0.269843
0.26981
0.269777
0.269744
0.26971
0.269677
0.269644
0.269611
0.269578
0.269545
0.269512
0.269478
0.269445
0.269412
0.269379
0.269346
0.269312
0.269279
0.269246
0.269212
0.269179
0.269146
0.269112
0.269079
0.269046
0.269012
0.268979
0.268945
0.268912
0.268878
0.268845
0.268811
0.268778
0.268744
0.268711
0.268677
0.268644
0.26861
0.268576
0.268543
0.268509
0.268475
0.268442
0.268408
0.268374
0.268341
0.268307
0.268273
0.268239
0.268206
0.268172
0.268138
0.268104
0.26807
0.268036
0.268003
0.267969
0.267935
0.267901
0.267867
0.267833
0.267799
0.267765
0.267731
0.267697
0.267663
0.267629
0.267595
0.267561
0.267527
0.267493
0.267459
0.267424
0.26739
0.267356
0.267322
0.267288
0.267253
0.267219
0.267185
0.267151
0.267116
0.267082
0.267048
0.267014
0.266979
)
;

boundaryField
{
    inlet
    {
        type            calculated;
        value           uniform 0.290579;
    }
    outlet
    {
        type            calculated;
        value           uniform 0.266979;
    }
    emptyWalls
    {
        type            empty;
    }
}


// ************************************************************************* //
