/*--------------------------------*- C++ -*----------------------------------*\
  =========                 |
  \\      /  F ield         | OpenFOAM: The Open Source CFD Toolbox
   \\    /   O peration     | Website:  https://openfoam.org
    \\  /    A nd           | Version:  9
     \\/     M anipulation  |
\*---------------------------------------------------------------------------*/
FoamFile
{
    format      ascii;
    class       volScalarField;
    location    "17.5";
    object      Fa;
}
// * * * * * * * * * * * * * * * * * * * * * * * * * * * * * * * * * * * * * //

dimensions      [0 0 0 0 0 0 0];

internalField   nonuniform List<scalar> 
1000
(
0.709421
0.709421
0.70942
0.70942
0.709419
0.709419
0.709418
0.709417
0.709416
0.709415
0.709414
0.709413
0.709411
0.70941
0.709409
0.709407
0.709405
0.709404
0.709402
0.7094
0.709398
0.709396
0.709394
0.709392
0.70939
0.709388
0.709385
0.709383
0.70938
0.709378
0.709375
0.709372
0.70937
0.709367
0.709364
0.709361
0.709358
0.709355
0.709351
0.709348
0.709345
0.709341
0.709338
0.709334
0.709331
0.709327
0.709324
0.70932
0.709316
0.709312
0.709308
0.709304
0.7093
0.709296
0.709292
0.709287
0.709283
0.709279
0.709274
0.70927
0.709265
0.709261
0.709256
0.709251
0.709247
0.709242
0.709237
0.709232
0.709227
0.709222
0.709217
0.709212
0.709207
0.709201
0.709196
0.709191
0.709185
0.70918
0.709174
0.709169
0.709163
0.709158
0.709152
0.709146
0.70914
0.709134
0.709129
0.709123
0.709117
0.709111
0.709104
0.709098
0.709092
0.709086
0.70908
0.709073
0.709067
0.709061
0.709054
0.709048
0.709041
0.709035
0.709028
0.709021
0.709015
0.709008
0.709001
0.708994
0.708987
0.70898
0.708973
0.708966
0.708959
0.708952
0.708945
0.708938
0.708931
0.708924
0.708916
0.708909
0.708902
0.708894
0.708887
0.708879
0.708872
0.708864
0.708857
0.708849
0.708841
0.708834
0.708826
0.708818
0.70881
0.708802
0.708795
0.708787
0.708779
0.708771
0.708763
0.708755
0.708746
0.708738
0.70873
0.708722
0.708714
0.708705
0.708697
0.708689
0.70868
0.708672
0.708663
0.708655
0.708646
0.708638
0.708629
0.708621
0.708612
0.708603
0.708595
0.708586
0.708577
0.708568
0.70856
0.708551
0.708542
0.708533
0.708524
0.708515
0.708506
0.708497
0.708488
0.708479
0.70847
0.70846
0.708451
0.708442
0.708433
0.708423
0.708414
0.708405
0.708395
0.708386
0.708376
0.708367
0.708358
0.708348
0.708338
0.708329
0.708319
0.70831
0.7083
0.70829
0.708281
0.708271
0.708261
0.708251
0.708241
0.708232
0.708222
0.708212
0.708202
0.708192
0.708182
0.708172
0.708162
0.708152
0.708142
0.708132
0.708122
0.708111
0.708101
0.708091
0.708081
0.708071
0.70806
0.70805
0.70804
0.708029
0.708019
0.708008
0.707998
0.707988
0.707977
0.707967
0.707956
0.707946
0.707935
0.707924
0.707914
0.707903
0.707892
0.707882
0.707871
0.70786
0.70785
0.707839
0.707828
0.707817
0.707806
0.707796
0.707785
0.707774
0.707763
0.707752
0.707741
0.70773
0.707719
0.707708
0.707697
0.707686
0.707675
0.707663
0.707652
0.707641
0.70763
0.707619
0.707607
0.707596
0.707585
0.707574
0.707562
0.707551
0.70754
0.707528
0.707517
0.707506
0.707494
0.707483
0.707471
0.70746
0.707448
0.707437
0.707425
0.707413
0.707402
0.70739
0.707379
0.707367
0.707355
0.707344
0.707332
0.70732
0.707309
0.707297
0.707285
0.707273
0.707261
0.70725
0.707238
0.707226
0.707214
0.707202
0.70719
0.707178
0.707166
0.707154
0.707142
0.70713
0.707118
0.707106
0.707094
0.707082
0.70707
0.707058
0.707046
0.707034
0.707021
0.707009
0.706997
0.706985
0.706973
0.70696
0.706948
0.706936
0.706923
0.706911
0.706899
0.706886
0.706874
0.706862
0.706849
0.706837
0.706824
0.706812
0.706799
0.706787
0.706774
0.706762
0.706749
0.706737
0.706724
0.706712
0.706699
0.706687
0.706674
0.706661
0.706649
0.706636
0.706623
0.706611
0.706598
0.706585
0.706572
0.70656
0.706547
0.706534
0.706521
0.706508
0.706496
0.706483
0.70647
0.706457
0.706444
0.706431
0.706418
0.706405
0.706392
0.706379
0.706367
0.706354
0.706341
0.706327
0.706314
0.706301
0.706288
0.706275
0.706262
0.706249
0.706236
0.706223
0.70621
0.706197
0.706183
0.70617
0.706157
0.706144
0.706131
0.706117
0.706104
0.706091
0.706077
0.706064
0.706051
0.706038
0.706024
0.706011
0.705997
0.705984
0.705971
0.705957
0.705944
0.705931
0.705917
0.705904
0.70589
0.705877
0.705863
0.70585
0.705836
0.705823
0.705809
0.705796
0.705782
0.705768
0.705755
0.705741
0.705728
0.705714
0.7057
0.705687
0.705673
0.705659
0.705646
0.705632
0.705618
0.705605
0.705591
0.705577
0.705563
0.70555
0.705536
0.705522
0.705508
0.705494
0.705481
0.705467
0.705453
0.705439
0.705425
0.705411
0.705397
0.705383
0.70537
0.705356
0.705342
0.705328
0.705314
0.7053
0.705286
0.705272
0.705258
0.705244
0.70523
0.705216
0.705202
0.705188
0.705174
0.705159
0.705145
0.705131
0.705117
0.705103
0.705089
0.705075
0.705061
0.705046
0.705032
0.705018
0.705004
0.70499
0.704975
0.704961
0.704947
0.704933
0.704918
0.704904
0.70489
0.704875
0.704861
0.704847
0.704833
0.704818
0.704804
0.70479
0.704775
0.704761
0.704746
0.704732
0.704718
0.704703
0.704689
0.704674
0.70466
0.704645
0.704631
0.704616
0.704602
0.704587
0.704573
0.704558
0.704544
0.704529
0.704515
0.7045
0.704486
0.704471
0.704457
0.704442
0.704427
0.704413
0.704398
0.704384
0.704369
0.704354
0.70434
0.704325
0.70431
0.704296
0.704281
0.704266
0.704251
0.704237
0.704222
0.704207
0.704193
0.704178
0.704163
0.704148
0.704133
0.704119
0.704104
0.704089
0.704074
0.704059
0.704045
0.70403
0.704015
0.704
0.703985
0.70397
0.703955
0.70394
0.703926
0.703911
0.703896
0.703881
0.703866
0.703851
0.703836
0.703821
0.703806
0.703791
0.703776
0.703761
0.703746
0.703731
0.703716
0.703701
0.703686
0.703671
0.703656
0.703641
0.703626
0.703611
0.703595
0.70358
0.703565
0.70355
0.703535
0.70352
0.703505
0.70349
0.703474
0.703459
0.703444
0.703429
0.703414
0.703399
0.703383
0.703368
0.703353
0.703338
0.703322
0.703307
0.703292
0.703277
0.703261
0.703246
0.703231
0.703216
0.7032
0.703185
0.70317
0.703154
0.703139
0.703124
0.703108
0.703093
0.703078
0.703062
0.703047
0.703032
0.703016
0.703001
0.702985
0.70297
0.702954
0.702939
0.702924
0.702908
0.702893
0.702877
0.702862
0.702846
0.702831
0.702815
0.7028
0.702784
0.702769
0.702753
0.702738
0.702722
0.702707
0.702691
0.702676
0.70266
0.702645
0.702629
0.702613
0.702598
0.702582
0.702567
0.702551
0.702535
0.70252
0.702504
0.702489
0.702473
0.702457
0.702442
0.702426
0.70241
0.702395
0.702379
0.702363
0.702348
0.702332
0.702316
0.7023
0.702285
0.702269
0.702253
0.702237
0.702222
0.702206
0.70219
0.702174
0.702159
0.702143
0.702127
0.702111
0.702095
0.70208
0.702064
0.702048
0.702032
0.702016
0.702001
0.701985
0.701969
0.701953
0.701937
0.701921
0.701905
0.701889
0.701874
0.701858
0.701842
0.701826
0.70181
0.701794
0.701778
0.701762
0.701746
0.70173
0.701714
0.701698
0.701682
0.701666
0.70165
0.701634
0.701618
0.701602
0.701586
0.70157
0.701554
0.701538
0.701522
0.701506
0.70149
0.701474
0.701458
0.701442
0.701426
0.70141
0.701394
0.701378
0.701362
0.701346
0.701329
0.701313
0.701297
0.701281
0.701265
0.701249
0.701233
0.701217
0.7012
0.701184
0.701168
0.701152
0.701136
0.70112
0.701103
0.701087
0.701071
0.701055
0.701039
0.701022
0.701006
0.70099
0.700974
0.700957
0.700941
0.700925
0.700909
0.700892
0.700876
0.70086
0.700844
0.700827
0.700811
0.700795
0.700778
0.700762
0.700746
0.700729
0.700713
0.700697
0.70068
0.700664
0.700648
0.700631
0.700615
0.700599
0.700582
0.700566
0.70055
0.700533
0.700517
0.7005
0.700484
0.700468
0.700451
0.700435
0.700418
0.700402
0.700386
0.700369
0.700353
0.700336
0.70032
0.700303
0.700287
0.70027
0.700254
0.700237
0.700221
0.700204
0.700188
0.700171
0.700155
0.700138
0.700122
0.700105
0.700089
0.700072
0.700056
0.700039
0.700023
0.700006
0.69999
0.699973
0.699956
0.69994
0.699923
0.699907
0.69989
0.699873
0.699857
0.69984
0.699824
0.699807
0.69979
0.699774
0.699757
0.699741
0.699724
0.699707
0.699691
0.699674
0.699657
0.699641
0.699624
0.699607
0.699591
0.699574
0.699557
0.69954
0.699524
0.699507
0.69949
0.699474
0.699457
0.69944
0.699423
0.699407
0.69939
0.699373
0.699356
0.69934
0.699323
0.699306
0.699289
0.699273
0.699256
0.699239
0.699222
0.699206
0.699189
0.699172
0.699155
0.699138
0.699121
0.699105
0.699088
0.699071
0.699054
0.699037
0.69902
0.699004
0.698987
0.69897
0.698953
0.698936
0.698919
0.698902
0.698886
0.698869
0.698852
0.698835
0.698818
0.698801
0.698784
0.698767
0.69875
0.698733
0.698716
0.698699
0.698683
0.698666
0.698649
0.698632
0.698615
0.698598
0.698581
0.698564
0.698547
0.69853
0.698513
0.698496
0.698479
0.698462
0.698445
0.698428
0.698411
0.698394
0.698377
0.69836
0.698343
0.698326
0.698309
0.698292
0.698275
0.698258
0.69824
0.698223
0.698206
0.698189
0.698172
0.698155
0.698138
0.698121
0.698104
0.698087
0.69807
0.698053
0.698035
0.698018
0.698001
0.697984
0.697967
0.69795
0.697933
0.697916
0.697898
0.697881
0.697864
0.697847
0.69783
0.697813
0.697795
0.697778
0.697761
0.697744
0.697727
0.697709
0.697692
0.697675
0.697658
0.697641
0.697623
0.697606
0.697589
0.697572
0.697555
0.697537
0.69752
0.697503
0.697486
0.697468
0.697451
0.697434
0.697417
0.697399
0.697382
0.697365
0.697347
0.69733
0.697313
0.697296
0.697278
0.697261
0.697244
0.697226
0.697209
0.697192
0.697174
0.697157
0.69714
0.697122
0.697105
0.697088
0.69707
0.697053
0.697036
0.697018
0.697001
0.696983
0.696966
0.696949
0.696931
0.696914
0.696897
0.696879
0.696862
0.696844
0.696827
0.69681
0.696792
0.696775
0.696757
0.69674
0.696722
0.696705
0.696688
0.69667
0.696653
0.696635
0.696618
0.6966
0.696583
0.696565
0.696548
0.69653
0.696513
0.696495
0.696478
0.69646
0.696443
0.696425
0.696408
0.69639
0.696373
0.696355
0.696338
0.69632
0.696303
0.696285
0.696268
)
;

boundaryField
{
    inlet
    {
        type            calculated;
        value           uniform 0.709421;
    }
    outlet
    {
        type            calculated;
        value           uniform 0.696268;
    }
    emptyWalls
    {
        type            empty;
    }
}


// ************************************************************************* //
