/*--------------------------------*- C++ -*----------------------------------*\
  =========                 |
  \\      /  F ield         | OpenFOAM: The Open Source CFD Toolbox
   \\    /   O peration     | Website:  https://openfoam.org
    \\  /    A nd           | Version:  9
     \\/     M anipulation  |
\*---------------------------------------------------------------------------*/
FoamFile
{
    format      ascii;
    class       volScalarField;
    location    "10.9";
    object      Sb;
}
// * * * * * * * * * * * * * * * * * * * * * * * * * * * * * * * * * * * * * //

dimensions      [0 0 0 0 0 0 0];

internalField   nonuniform List<scalar> 
1000
(
0.499114
0.498571
0.49807
0.497588
0.497119
0.496659
0.496207
0.495761
0.49532
0.494884
0.494452
0.494024
0.4936
0.493179
0.492762
0.492348
0.491937
0.491529
0.491123
0.490721
0.490321
0.489923
0.489529
0.489136
0.488746
0.488359
0.487974
0.487591
0.48721
0.486832
0.486455
0.486081
0.485709
0.485339
0.484971
0.484605
0.484241
0.483879
0.483519
0.48316
0.482804
0.482449
0.482096
0.481745
0.481396
0.481048
0.480703
0.480358
0.480016
0.479675
0.479336
0.478999
0.478663
0.478328
0.477996
0.477665
0.477335
0.477007
0.47668
0.476355
0.476031
0.475709
0.475388
0.475069
0.474751
0.474435
0.474119
0.473806
0.473493
0.473182
0.472872
0.472564
0.472257
0.471951
0.471646
0.471343
0.471041
0.47074
0.470441
0.470142
0.469845
0.469549
0.469255
0.468961
0.468669
0.468377
0.468087
0.467798
0.46751
0.467224
0.466938
0.466654
0.46637
0.466088
0.465806
0.465526
0.465247
0.464969
0.464692
0.464416
0.464141
0.463867
0.463594
0.463322
0.463051
0.46278
0.462511
0.462243
0.461976
0.46171
0.461444
0.46118
0.460917
0.460654
0.460392
0.460132
0.459872
0.459613
0.459355
0.459098
0.458841
0.458586
0.458331
0.458077
0.457825
0.457573
0.457321
0.457071
0.456821
0.456572
0.456324
0.456077
0.455831
0.455585
0.45534
0.455096
0.454853
0.454611
0.454369
0.454128
0.453888
0.453648
0.45341
0.453172
0.452934
0.452698
0.452462
0.452227
0.451992
0.451759
0.451526
0.451293
0.451062
0.450831
0.450601
0.450371
0.450142
0.449914
0.449687
0.44946
0.449233
0.449008
0.448783
0.448559
0.448335
0.448112
0.44789
0.447668
0.447447
0.447226
0.447006
0.446787
0.446568
0.44635
0.446133
0.445916
0.4457
0.445484
0.445269
0.445054
0.444841
0.444627
0.444414
0.444202
0.44399
0.443779
0.443569
0.443359
0.443149
0.442941
0.442732
0.442524
0.442317
0.44211
0.441904
0.441699
0.441493
0.441289
0.441085
0.440881
0.440678
0.440476
0.440274
0.440072
0.439871
0.43967
0.43947
0.439271
0.439072
0.438873
0.438675
0.438477
0.43828
0.438084
0.437888
0.437692
0.437497
0.437302
0.437108
0.436914
0.43672
0.436527
0.436335
0.436143
0.435951
0.43576
0.43557
0.435379
0.43519
0.435
0.434811
0.434623
0.434435
0.434247
0.43406
0.433873
0.433687
0.433501
0.433315
0.43313
0.432946
0.432761
0.432577
0.432394
0.432211
0.432028
0.431846
0.431664
0.431483
0.431302
0.431121
0.430941
0.430761
0.430581
0.430402
0.430223
0.430045
0.429867
0.429689
0.429512
0.429335
0.429159
0.428983
0.428807
0.428632
0.428457
0.428282
0.428108
0.427934
0.42776
0.427587
0.427414
0.427241
0.427069
0.426897
0.426726
0.426555
0.426384
0.426214
0.426044
0.425874
0.425704
0.425535
0.425366
0.425198
0.42503
0.424862
0.424695
0.424528
0.424361
0.424194
0.424028
0.423862
0.423697
0.423532
0.423367
0.423202
0.423038
0.422874
0.42271
0.422547
0.422384
0.422221
0.422059
0.421897
0.421735
0.421574
0.421412
0.421252
0.421091
0.420931
0.420771
0.420611
0.420451
0.420292
0.420133
0.419975
0.419817
0.419659
0.419501
0.419343
0.419186
0.419029
0.418873
0.418717
0.418561
0.418405
0.418249
0.418094
0.417939
0.417784
0.41763
0.417476
0.417322
0.417168
0.417015
0.416862
0.416709
0.416557
0.416404
0.416252
0.416101
0.415949
0.415798
0.415647
0.415496
0.415346
0.415195
0.415045
0.414896
0.414746
0.414597
0.414448
0.414299
0.414151
0.414002
0.413854
0.413706
0.413559
0.413412
0.413264
0.413118
0.412971
0.412825
0.412679
0.412533
0.412387
0.412242
0.412096
0.411951
0.411807
0.411662
0.411518
0.411374
0.41123
0.411086
0.410943
0.4108
0.410657
0.410514
0.410372
0.410229
0.410087
0.409946
0.409804
0.409662
0.409521
0.40938
0.40924
0.409099
0.408959
0.408818
0.408679
0.408539
0.408399
0.40826
0.408121
0.407982
0.407843
0.407705
0.407567
0.407429
0.407291
0.407153
0.407016
0.406878
0.406741
0.406604
0.406468
0.406331
0.406195
0.406059
0.405923
0.405787
0.405652
0.405516
0.405381
0.405246
0.405112
0.404977
0.404843
0.404709
0.404575
0.404441
0.404307
0.404174
0.404041
0.403907
0.403775
0.403642
0.403509
0.403377
0.403245
0.403113
0.402981
0.40285
0.402718
0.402587
0.402456
0.402325
0.402194
0.402064
0.401933
0.401803
0.401673
0.401543
0.401413
0.401284
0.401154
0.401025
0.400896
0.400767
0.400639
0.40051
0.400382
0.400254
0.400126
0.399998
0.39987
0.399743
0.399615
0.399488
0.399361
0.399234
0.399108
0.398981
0.398855
0.398728
0.398602
0.398476
0.398351
0.398225
0.3981
0.397974
0.397849
0.397724
0.397599
0.397475
0.39735
0.397226
0.397102
0.396978
0.396854
0.39673
0.396606
0.396483
0.396359
0.396236
0.396113
0.39599
0.395868
0.395745
0.395623
0.3955
0.395378
0.395256
0.395134
0.395013
0.394891
0.39477
0.394648
0.394527
0.394406
0.394285
0.394165
0.394044
0.393924
0.393803
0.393683
0.393563
0.393443
0.393323
0.393204
0.393084
0.392965
0.392846
0.392727
0.392608
0.392489
0.39237
0.392252
0.392133
0.392015
0.391897
0.391779
0.391661
0.391543
0.391425
0.391308
0.391191
0.391073
0.390956
0.390839
0.390722
0.390606
0.390489
0.390372
0.390256
0.39014
0.390024
0.389908
0.389792
0.389676
0.38956
0.389445
0.389329
0.389214
0.389099
0.388984
0.388869
0.388754
0.38864
0.388525
0.388411
0.388296
0.388182
0.388068
0.387954
0.38784
0.387726
0.387613
0.387499
0.387386
0.387273
0.387159
0.387046
0.386933
0.386821
0.386708
0.386595
0.386483
0.38637
0.386258
0.386146
0.386034
0.385922
0.38581
0.385698
0.385587
0.385475
0.385364
0.385253
0.385141
0.38503
0.384919
0.384808
0.384698
0.384587
0.384476
0.384366
0.384256
0.384145
0.384035
0.383925
0.383815
0.383705
0.383596
0.383486
0.383376
0.383267
0.383158
0.383048
0.382939
0.38283
0.382721
0.382612
0.382504
0.382395
0.382286
0.382178
0.38207
0.381961
0.381853
0.381745
0.381637
0.381529
0.381421
0.381314
0.381206
0.381099
0.380991
0.380884
0.380777
0.380669
0.380562
0.380455
0.380349
0.380242
0.380135
0.380028
0.379922
0.379815
0.379709
0.379603
0.379497
0.379391
0.379285
0.379179
0.379073
0.378967
0.378862
0.378756
0.37865
0.378545
0.37844
0.378335
0.378229
0.378124
0.378019
0.377914
0.37781
0.377705
0.3776
0.377496
0.377391
0.377287
0.377182
0.377078
0.376974
0.37687
0.376766
0.376662
0.376558
0.376454
0.37635
0.376247
0.376143
0.37604
0.375936
0.375833
0.37573
0.375626
0.375523
0.37542
0.375317
0.375214
0.375111
0.375009
0.374906
0.374803
0.374701
0.374598
0.374496
0.374393
0.374291
0.374189
0.374087
0.373985
0.373883
0.373781
0.373679
0.373577
0.373475
0.373373
0.373272
0.37317
0.373069
0.372967
0.372866
0.372764
0.372663
0.372562
0.372461
0.372359
0.372258
0.372157
0.372056
0.371955
0.371855
0.371754
0.371653
0.371552
0.371452
0.371351
0.37125
0.37115
0.37105
0.370949
0.370849
0.370748
0.370648
0.370548
0.370448
0.370348
0.370247
0.370147
0.370047
0.369947
0.369847
0.369747
0.369648
0.369548
0.369448
0.369348
0.369248
0.369149
0.369049
0.368949
0.36885
0.36875
0.36865
0.368551
0.368451
0.368352
0.368252
0.368153
0.368053
0.367953
0.367854
0.367755
0.367655
0.367556
0.367456
0.367357
0.367257
0.367158
0.367058
0.366959
0.366859
0.36676
0.36666
0.366561
0.366461
0.366361
0.366262
0.366162
0.366062
0.365963
0.365863
0.365763
0.365663
0.365563
0.365463
0.365363
0.365263
0.365163
0.365063
0.364962
0.364862
0.364762
0.364661
0.36456
0.364459
0.364358
0.364257
0.364156
0.364055
0.363953
0.363852
0.36375
0.363648
0.363545
0.363443
0.36334
0.363238
0.363134
0.363031
0.362928
0.362824
0.362719
0.362615
0.36251
0.362405
0.362299
0.362193
0.362087
0.36198
0.361873
0.361765
0.361657
0.361548
0.361438
0.361328
0.361217
0.361106
0.360993
0.36088
0.360766
0.360651
0.360535
0.360418
0.3603
0.36018
0.360059
0.359937
0.359813
0.359688
0.35956
0.359431
0.3593
0.359166
0.35903
0.358891
0.358749
0.358604
0.358456
0.358303
0.358146
0.357985
0.357818
0.357645
0.357466
0.35728
0.357086
0.356882
0.356668
0.356442
0.356203
0.355948
0.355675
0.355381
0.355062
0.354714
0.354332
0.353907
0.35343
0.352889
0.352266
0.351539
0.350675
0.349625
0.348315
0.346627
0.344358
0.341129
0.33615
0.327436
0.308347
0.25034
0.221613
0.228141
0.227604
0.224635
0.222869
0.222439
0.22259
0.222915
0.223287
0.223668
0.224027
0.224327
0.224533
0.224619
0.224578
0.224433
0.224229
0.224024
0.223868
0.223787
0.223781
0.223833
0.22392
0.224016
0.224101
0.22416
0.224189
0.224185
0.224157
0.224114
0.224068
0.224029
0.224003
0.223993
0.223998
0.224013
0.224033
0.224053
0.22407
0.22408
0.224084
0.224082
0.224076
0.224067
0.22406
0.224054
0.224051
0.22405
0.224052
0.224056
0.224059
0.224062
0.224064
0.224064
0.224062
0.22406
0.224057
0.224054
0.224051
0.224049
0.224048
0.224048
0.224049
0.22405
0.224051
0.224052
0.224053
0.224053
0.224054
0.224054
0.224054
0.224054
0.224054
0.224055
0.224055
0.224055
0.224056
0.224056
0.224055
0.224055
0.224055
0.224054
0.224053
0.224052
0.224051
0.22405
0.224048
0.224047
0.224046
0.224045
0.224044
0.224043
0.224042
0.224042
0.224041
0.22404
0.22404
0.224039
0.224039
0.224039
0.224038
0.224038
0.224038
0.224038
0.224038
0.224038
0.224039
0.224039
0.224039
0.22404
0.22404
0.22404
0.224041
0.224041
0.224041
0.224042
0.224042
0.224043
0.224043
0.224043
0.224044
0.224044
0.224044
0.224045
0.224045
0.224045
0.224045
0.224045
0.224045
0.224045
0.224045
)
;

boundaryField
{
    inlet
    {
        type            fixedValue;
        value           uniform 0.5;
    }
    outlet
    {
        type            zeroGradient;
    }
    emptyWalls
    {
        type            empty;
    }
}


// ************************************************************************* //
