/*--------------------------------*- C++ -*----------------------------------*\
  =========                 |
  \\      /  F ield         | OpenFOAM: The Open Source CFD Toolbox
   \\    /   O peration     | Website:  https://openfoam.org
    \\  /    A nd           | Version:  9
     \\/     M anipulation  |
\*---------------------------------------------------------------------------*/
FoamFile
{
    format      ascii;
    class       volVectorField;
    location    "10";
    object      Ub;
}
// * * * * * * * * * * * * * * * * * * * * * * * * * * * * * * * * * * * * * //

dimensions      [0 0 0 0 0 0 0];

internalField   nonuniform List<vector> 
1000
(
(0.290578 0 0)
(0.290577 0 0)
(0.290576 0 0)
(0.290574 0 0)
(0.290571 0 0)
(0.290568 0 0)
(0.290565 0 0)
(0.290561 0 0)
(0.290557 0 0)
(0.290552 0 0)
(0.290547 0 0)
(0.290542 0 0)
(0.290536 0 0)
(0.29053 0 0)
(0.290523 0 0)
(0.290516 0 0)
(0.290509 0 0)
(0.290502 0 0)
(0.290494 0 0)
(0.290485 0 0)
(0.290477 0 0)
(0.290468 0 0)
(0.290458 0 0)
(0.290449 0 0)
(0.290439 0 0)
(0.290429 0 0)
(0.290418 0 0)
(0.290407 0 0)
(0.290396 0 0)
(0.290384 0 0)
(0.290373 0 0)
(0.290361 0 0)
(0.290348 0 0)
(0.290335 0 0)
(0.290322 0 0)
(0.290309 0 0)
(0.290296 0 0)
(0.290282 0 0)
(0.290268 0 0)
(0.290253 0 0)
(0.290239 0 0)
(0.290224 0 0)
(0.290209 0 0)
(0.290193 0 0)
(0.290178 0 0)
(0.290162 0 0)
(0.290145 0 0)
(0.290129 0 0)
(0.290112 0 0)
(0.290095 0 0)
(0.290078 0 0)
(0.290061 0 0)
(0.290043 0 0)
(0.290025 0 0)
(0.290007 0 0)
(0.289989 0 0)
(0.28997 0 0)
(0.289951 0 0)
(0.289932 0 0)
(0.289913 0 0)
(0.289893 0 0)
(0.289873 0 0)
(0.289854 0 0)
(0.289833 0 0)
(0.289813 0 0)
(0.289792 0 0)
(0.289772 0 0)
(0.289751 0 0)
(0.289729 0 0)
(0.289708 0 0)
(0.289686 0 0)
(0.289664 0 0)
(0.289642 0 0)
(0.28962 0 0)
(0.289598 0 0)
(0.289575 0 0)
(0.289552 0 0)
(0.289529 0 0)
(0.289506 0 0)
(0.289483 0 0)
(0.289459 0 0)
(0.289435 0 0)
(0.289411 0 0)
(0.289387 0 0)
(0.289363 0 0)
(0.289338 0 0)
(0.289314 0 0)
(0.289289 0 0)
(0.289264 0 0)
(0.289239 0 0)
(0.289213 0 0)
(0.289188 0 0)
(0.289162 0 0)
(0.289136 0 0)
(0.28911 0 0)
(0.289084 0 0)
(0.289057 0 0)
(0.289031 0 0)
(0.289004 0 0)
(0.288977 0 0)
(0.28895 0 0)
(0.288923 0 0)
(0.288896 0 0)
(0.288868 0 0)
(0.28884 0 0)
(0.288813 0 0)
(0.288785 0 0)
(0.288757 0 0)
(0.288728 0 0)
(0.2887 0 0)
(0.288671 0 0)
(0.288642 0 0)
(0.288614 0 0)
(0.288585 0 0)
(0.288555 0 0)
(0.288526 0 0)
(0.288497 0 0)
(0.288467 0 0)
(0.288437 0 0)
(0.288407 0 0)
(0.288377 0 0)
(0.288347 0 0)
(0.288317 0 0)
(0.288286 0 0)
(0.288256 0 0)
(0.288225 0 0)
(0.288194 0 0)
(0.288163 0 0)
(0.288132 0 0)
(0.288101 0 0)
(0.288069 0 0)
(0.288038 0 0)
(0.288006 0 0)
(0.287974 0 0)
(0.287942 0 0)
(0.28791 0 0)
(0.287878 0 0)
(0.287846 0 0)
(0.287813 0 0)
(0.287781 0 0)
(0.287748 0 0)
(0.287715 0 0)
(0.287682 0 0)
(0.287649 0 0)
(0.287616 0 0)
(0.287583 0 0)
(0.287549 0 0)
(0.287516 0 0)
(0.287482 0 0)
(0.287448 0 0)
(0.287415 0 0)
(0.287381 0 0)
(0.287346 0 0)
(0.287312 0 0)
(0.287278 0 0)
(0.287243 0 0)
(0.287209 0 0)
(0.287174 0 0)
(0.287139 0 0)
(0.287104 0 0)
(0.287069 0 0)
(0.287034 0 0)
(0.286999 0 0)
(0.286964 0 0)
(0.286928 0 0)
(0.286892 0 0)
(0.286857 0 0)
(0.286821 0 0)
(0.286785 0 0)
(0.286749 0 0)
(0.286713 0 0)
(0.286677 0 0)
(0.28664 0 0)
(0.286604 0 0)
(0.286567 0 0)
(0.286531 0 0)
(0.286494 0 0)
(0.286457 0 0)
(0.28642 0 0)
(0.286383 0 0)
(0.286346 0 0)
(0.286309 0 0)
(0.286271 0 0)
(0.286234 0 0)
(0.286196 0 0)
(0.286159 0 0)
(0.286121 0 0)
(0.286083 0 0)
(0.286045 0 0)
(0.286007 0 0)
(0.285969 0 0)
(0.285931 0 0)
(0.285893 0 0)
(0.285854 0 0)
(0.285816 0 0)
(0.285777 0 0)
(0.285738 0 0)
(0.285699 0 0)
(0.285661 0 0)
(0.285622 0 0)
(0.285583 0 0)
(0.285543 0 0)
(0.285504 0 0)
(0.285465 0 0)
(0.285425 0 0)
(0.285386 0 0)
(0.285346 0 0)
(0.285306 0 0)
(0.285267 0 0)
(0.285227 0 0)
(0.285187 0 0)
(0.285147 0 0)
(0.285107 0 0)
(0.285066 0 0)
(0.285026 0 0)
(0.284986 0 0)
(0.284945 0 0)
(0.284904 0 0)
(0.284864 0 0)
(0.284823 0 0)
(0.284782 0 0)
(0.284741 0 0)
(0.2847 0 0)
(0.284659 0 0)
(0.284618 0 0)
(0.284577 0 0)
(0.284535 0 0)
(0.284494 0 0)
(0.284452 0 0)
(0.284411 0 0)
(0.284369 0 0)
(0.284327 0 0)
(0.284286 0 0)
(0.284244 0 0)
(0.284202 0 0)
(0.28416 0 0)
(0.284117 0 0)
(0.284075 0 0)
(0.284033 0 0)
(0.283991 0 0)
(0.283948 0 0)
(0.283905 0 0)
(0.283863 0 0)
(0.28382 0 0)
(0.283777 0 0)
(0.283734 0 0)
(0.283692 0 0)
(0.283649 0 0)
(0.283605 0 0)
(0.283562 0 0)
(0.283519 0 0)
(0.283476 0 0)
(0.283432 0 0)
(0.283389 0 0)
(0.283345 0 0)
(0.283302 0 0)
(0.283258 0 0)
(0.283214 0 0)
(0.28317 0 0)
(0.283126 0 0)
(0.283082 0 0)
(0.283038 0 0)
(0.282994 0 0)
(0.28295 0 0)
(0.282906 0 0)
(0.282861 0 0)
(0.282817 0 0)
(0.282772 0 0)
(0.282728 0 0)
(0.282683 0 0)
(0.282638 0 0)
(0.282594 0 0)
(0.282549 0 0)
(0.282504 0 0)
(0.282459 0 0)
(0.282414 0 0)
(0.282369 0 0)
(0.282323 0 0)
(0.282278 0 0)
(0.282233 0 0)
(0.282187 0 0)
(0.282142 0 0)
(0.282096 0 0)
(0.282051 0 0)
(0.282005 0 0)
(0.281959 0 0)
(0.281913 0 0)
(0.281868 0 0)
(0.281822 0 0)
(0.281776 0 0)
(0.281729 0 0)
(0.281683 0 0)
(0.281637 0 0)
(0.281591 0 0)
(0.281544 0 0)
(0.281498 0 0)
(0.281451 0 0)
(0.281405 0 0)
(0.281358 0 0)
(0.281312 0 0)
(0.281265 0 0)
(0.281218 0 0)
(0.281171 0 0)
(0.281124 0 0)
(0.281077 0 0)
(0.28103 0 0)
(0.280983 0 0)
(0.280936 0 0)
(0.280888 0 0)
(0.280841 0 0)
(0.280794 0 0)
(0.280746 0 0)
(0.280699 0 0)
(0.280651 0 0)
(0.280603 0 0)
(0.280556 0 0)
(0.280508 0 0)
(0.28046 0 0)
(0.280412 0 0)
(0.280364 0 0)
(0.280316 0 0)
(0.280268 0 0)
(0.28022 0 0)
(0.280171 0 0)
(0.280123 0 0)
(0.280075 0 0)
(0.280026 0 0)
(0.279978 0 0)
(0.279929 0 0)
(0.279881 0 0)
(0.279832 0 0)
(0.279783 0 0)
(0.279735 0 0)
(0.279686 0 0)
(0.279637 0 0)
(0.279588 0 0)
(0.279539 0 0)
(0.27949 0 0)
(0.279441 0 0)
(0.279392 0 0)
(0.279342 0 0)
(0.279293 0 0)
(0.279244 0 0)
(0.279194 0 0)
(0.279145 0 0)
(0.279095 0 0)
(0.279045 0 0)
(0.278996 0 0)
(0.278946 0 0)
(0.278896 0 0)
(0.278846 0 0)
(0.278797 0 0)
(0.278747 0 0)
(0.278697 0 0)
(0.278646 0 0)
(0.278596 0 0)
(0.278546 0 0)
(0.278496 0 0)
(0.278446 0 0)
(0.278395 0 0)
(0.278345 0 0)
(0.278294 0 0)
(0.278244 0 0)
(0.278193 0 0)
(0.278142 0 0)
(0.278092 0 0)
(0.278041 0 0)
(0.27799 0 0)
(0.277939 0 0)
(0.277888 0 0)
(0.277837 0 0)
(0.277786 0 0)
(0.277735 0 0)
(0.277684 0 0)
(0.277633 0 0)
(0.277582 0 0)
(0.27753 0 0)
(0.277479 0 0)
(0.277427 0 0)
(0.277376 0 0)
(0.277324 0 0)
(0.277273 0 0)
(0.277221 0 0)
(0.277169 0 0)
(0.277118 0 0)
(0.277066 0 0)
(0.277014 0 0)
(0.276962 0 0)
(0.27691 0 0)
(0.276858 0 0)
(0.276806 0 0)
(0.276754 0 0)
(0.276701 0 0)
(0.276649 0 0)
(0.276597 0 0)
(0.276544 0 0)
(0.276492 0 0)
(0.27644 0 0)
(0.276387 0 0)
(0.276334 0 0)
(0.276282 0 0)
(0.276229 0 0)
(0.276176 0 0)
(0.276124 0 0)
(0.276071 0 0)
(0.276018 0 0)
(0.275965 0 0)
(0.275912 0 0)
(0.275859 0 0)
(0.275806 0 0)
(0.275752 0 0)
(0.275699 0 0)
(0.275646 0 0)
(0.275593 0 0)
(0.275539 0 0)
(0.275486 0 0)
(0.275432 0 0)
(0.275379 0 0)
(0.275325 0 0)
(0.275271 0 0)
(0.275218 0 0)
(0.275164 0 0)
(0.27511 0 0)
(0.275056 0 0)
(0.275002 0 0)
(0.274948 0 0)
(0.274894 0 0)
(0.27484 0 0)
(0.274786 0 0)
(0.274732 0 0)
(0.274678 0 0)
(0.274624 0 0)
(0.274569 0 0)
(0.274515 0 0)
(0.27446 0 0)
(0.274406 0 0)
(0.274351 0 0)
(0.274297 0 0)
(0.274242 0 0)
(0.274188 0 0)
(0.274133 0 0)
(0.274078 0 0)
(0.274023 0 0)
(0.273968 0 0)
(0.273913 0 0)
(0.273858 0 0)
(0.273803 0 0)
(0.273748 0 0)
(0.273693 0 0)
(0.273638 0 0)
(0.273583 0 0)
(0.273527 0 0)
(0.273472 0 0)
(0.273417 0 0)
(0.273361 0 0)
(0.273306 0 0)
(0.27325 0 0)
(0.273194 0 0)
(0.273139 0 0)
(0.273083 0 0)
(0.273027 0 0)
(0.272971 0 0)
(0.272916 0 0)
(0.27286 0 0)
(0.272804 0 0)
(0.272748 0 0)
(0.272692 0 0)
(0.272636 0 0)
(0.272579 0 0)
(0.272523 0 0)
(0.272467 0 0)
(0.272411 0 0)
(0.272354 0 0)
(0.272298 0 0)
(0.272241 0 0)
(0.272185 0 0)
(0.272128 0 0)
(0.272072 0 0)
(0.272015 0 0)
(0.271958 0 0)
(0.271902 0 0)
(0.271845 0 0)
(0.271788 0 0)
(0.271731 0 0)
(0.271674 0 0)
(0.271617 0 0)
(0.27156 0 0)
(0.271503 0 0)
(0.271446 0 0)
(0.271389 0 0)
(0.271331 0 0)
(0.271274 0 0)
(0.271217 0 0)
(0.271159 0 0)
(0.271102 0 0)
(0.271044 0 0)
(0.270987 0 0)
(0.270929 0 0)
(0.270872 0 0)
(0.270814 0 0)
(0.270756 0 0)
(0.270698 0 0)
(0.27064 0 0)
(0.270583 0 0)
(0.270525 0 0)
(0.270467 0 0)
(0.270409 0 0)
(0.27035 0 0)
(0.270292 0 0)
(0.270234 0 0)
(0.270176 0 0)
(0.270118 0 0)
(0.270059 0 0)
(0.270001 0 0)
(0.269942 0 0)
(0.269884 0 0)
(0.269825 0 0)
(0.269767 0 0)
(0.269708 0 0)
(0.269649 0 0)
(0.269591 0 0)
(0.269532 0 0)
(0.269473 0 0)
(0.269414 0 0)
(0.269355 0 0)
(0.269296 0 0)
(0.269237 0 0)
(0.269178 0 0)
(0.269119 0 0)
(0.26906 0 0)
(0.269001 0 0)
(0.268941 0 0)
(0.268882 0 0)
(0.268823 0 0)
(0.268763 0 0)
(0.268704 0 0)
(0.268644 0 0)
(0.268585 0 0)
(0.268525 0 0)
(0.268465 0 0)
(0.268406 0 0)
(0.268346 0 0)
(0.268286 0 0)
(0.268226 0 0)
(0.268166 0 0)
(0.268106 0 0)
(0.268046 0 0)
(0.267986 0 0)
(0.267926 0 0)
(0.267866 0 0)
(0.267806 0 0)
(0.267745 0 0)
(0.267685 0 0)
(0.267625 0 0)
(0.267564 0 0)
(0.267504 0 0)
(0.267443 0 0)
(0.267383 0 0)
(0.267322 0 0)
(0.267261 0 0)
(0.267201 0 0)
(0.26714 0 0)
(0.267079 0 0)
(0.267018 0 0)
(0.266957 0 0)
(0.266896 0 0)
(0.266835 0 0)
(0.266774 0 0)
(0.266713 0 0)
(0.266652 0 0)
(0.266591 0 0)
(0.266529 0 0)
(0.266468 0 0)
(0.266407 0 0)
(0.266345 0 0)
(0.266284 0 0)
(0.266222 0 0)
(0.26616 0 0)
(0.266099 0 0)
(0.266037 0 0)
(0.265975 0 0)
(0.265914 0 0)
(0.265852 0 0)
(0.26579 0 0)
(0.265728 0 0)
(0.265666 0 0)
(0.265604 0 0)
(0.265542 0 0)
(0.26548 0 0)
(0.265417 0 0)
(0.265355 0 0)
(0.265293 0 0)
(0.26523 0 0)
(0.265168 0 0)
(0.265106 0 0)
(0.265043 0 0)
(0.26498 0 0)
(0.264918 0 0)
(0.264855 0 0)
(0.264792 0 0)
(0.26473 0 0)
(0.264667 0 0)
(0.264604 0 0)
(0.264541 0 0)
(0.264478 0 0)
(0.264415 0 0)
(0.264352 0 0)
(0.264289 0 0)
(0.264225 0 0)
(0.264162 0 0)
(0.264099 0 0)
(0.264035 0 0)
(0.263972 0 0)
(0.263908 0 0)
(0.263845 0 0)
(0.263781 0 0)
(0.263718 0 0)
(0.263654 0 0)
(0.26359 0 0)
(0.263526 0 0)
(0.263462 0 0)
(0.263398 0 0)
(0.263334 0 0)
(0.26327 0 0)
(0.263206 0 0)
(0.263142 0 0)
(0.263078 0 0)
(0.263014 0 0)
(0.262949 0 0)
(0.262885 0 0)
(0.26282 0 0)
(0.262756 0 0)
(0.262691 0 0)
(0.262627 0 0)
(0.262562 0 0)
(0.262497 0 0)
(0.262432 0 0)
(0.262367 0 0)
(0.262303 0 0)
(0.262238 0 0)
(0.262172 0 0)
(0.262107 0 0)
(0.262042 0 0)
(0.261977 0 0)
(0.261912 0 0)
(0.261846 0 0)
(0.261781 0 0)
(0.261715 0 0)
(0.26165 0 0)
(0.261584 0 0)
(0.261518 0 0)
(0.261453 0 0)
(0.261387 0 0)
(0.261321 0 0)
(0.261255 0 0)
(0.261189 0 0)
(0.261123 0 0)
(0.261056 0 0)
(0.26099 0 0)
(0.260924 0 0)
(0.260857 0 0)
(0.260791 0 0)
(0.260724 0 0)
(0.260658 0 0)
(0.260591 0 0)
(0.260524 0 0)
(0.260458 0 0)
(0.260391 0 0)
(0.260324 0 0)
(0.260257 0 0)
(0.260189 0 0)
(0.260122 0 0)
(0.260055 0 0)
(0.259988 0 0)
(0.25992 0 0)
(0.259853 0 0)
(0.259785 0 0)
(0.259717 0 0)
(0.259649 0 0)
(0.259581 0 0)
(0.259514 0 0)
(0.259445 0 0)
(0.259377 0 0)
(0.259309 0 0)
(0.259241 0 0)
(0.259172 0 0)
(0.259104 0 0)
(0.259035 0 0)
(0.258966 0 0)
(0.258897 0 0)
(0.258828 0 0)
(0.258759 0 0)
(0.25869 0 0)
(0.258621 0 0)
(0.258552 0 0)
(0.258482 0 0)
(0.258412 0 0)
(0.258343 0 0)
(0.258273 0 0)
(0.258203 0 0)
(0.258133 0 0)
(0.258063 0 0)
(0.257992 0 0)
(0.257922 0 0)
(0.257851 0 0)
(0.25778 0 0)
(0.257709 0 0)
(0.257638 0 0)
(0.257567 0 0)
(0.257496 0 0)
(0.257424 0 0)
(0.257352 0 0)
(0.257281 0 0)
(0.257208 0 0)
(0.257136 0 0)
(0.257064 0 0)
(0.256991 0 0)
(0.256918 0 0)
(0.256845 0 0)
(0.256772 0 0)
(0.256699 0 0)
(0.256625 0 0)
(0.256551 0 0)
(0.256477 0 0)
(0.256403 0 0)
(0.256328 0 0)
(0.256253 0 0)
(0.256178 0 0)
(0.256102 0 0)
(0.256027 0 0)
(0.25595 0 0)
(0.255874 0 0)
(0.255797 0 0)
(0.25572 0 0)
(0.255642 0 0)
(0.255565 0 0)
(0.255486 0 0)
(0.255407 0 0)
(0.255328 0 0)
(0.255249 0 0)
(0.255168 0 0)
(0.255088 0 0)
(0.255006 0 0)
(0.254924 0 0)
(0.254842 0 0)
(0.254759 0 0)
(0.254675 0 0)
(0.25459 0 0)
(0.254505 0 0)
(0.254419 0 0)
(0.254332 0 0)
(0.254244 0 0)
(0.254155 0 0)
(0.254065 0 0)
(0.253973 0 0)
(0.253881 0 0)
(0.253787 0 0)
(0.253692 0 0)
(0.253595 0 0)
(0.253497 0 0)
(0.253397 0 0)
(0.253295 0 0)
(0.25319 0 0)
(0.253084 0 0)
(0.252975 0 0)
(0.252863 0 0)
(0.252748 0 0)
(0.25263 0 0)
(0.252508 0 0)
(0.252382 0 0)
(0.252252 0 0)
(0.252117 0 0)
(0.251976 0 0)
(0.251828 0 0)
(0.251674 0 0)
(0.251511 0 0)
(0.251339 0 0)
(0.251157 0 0)
(0.250963 0 0)
(0.250754 0 0)
(0.250529 0 0)
(0.250284 0 0)
(0.250016 0 0)
(0.249719 0 0)
(0.249389 0 0)
(0.249016 0 0)
(0.24859 0 0)
(0.248097 0 0)
(0.247516 0 0)
(0.246816 0 0)
(0.245954 0 0)
(0.244858 0 0)
(0.24341 0 0)
(0.241397 0 0)
(0.238386 0 0)
(0.23336 0 0)
(0.223199 0 0)
(0.194043 0 0)
(0.159793 0 0)
(0.143988 0 0)
(0.142673 0 0)
(0.149498 0 0)
(0.157911 0 0)
(0.164811 0 0)
(0.169062 0 0)
(0.170005 0 0)
(0.16747 0 0)
(0.16241 0 0)
(0.156767 0 0)
(0.152389 0 0)
(0.150131 0 0)
(0.149866 0 0)
(0.150995 0 0)
(0.152873 0 0)
(0.154967 0 0)
(0.156876 0 0)
(0.158317 0 0)
(0.159119 0 0)
(0.159238 0 0)
(0.158761 0 0)
(0.157888 0 0)
(0.156877 0 0)
(0.155973 0 0)
(0.15535 0 0)
(0.155077 0 0)
(0.155133 0 0)
(0.155433 0 0)
(0.155863 0 0)
(0.156309 0 0)
(0.15668 0 0)
(0.156915 0 0)
(0.156995 0 0)
(0.156932 0 0)
(0.156769 0 0)
(0.156556 0 0)
(0.156348 0 0)
(0.156185 0 0)
(0.15609 0 0)
(0.156069 0 0)
(0.156108 0 0)
(0.156188 0 0)
(0.156284 0 0)
(0.156372 0 0)
(0.156437 0 0)
(0.156471 0 0)
(0.156473 0 0)
(0.156449 0 0)
(0.156412 0 0)
(0.15637 0 0)
(0.156335 0 0)
(0.156313 0 0)
(0.156306 0 0)
(0.156312 0 0)
(0.156329 0 0)
(0.156351 0 0)
(0.156372 0 0)
(0.156389 0 0)
(0.156399 0 0)
(0.156401 0 0)
(0.156396 0 0)
(0.156387 0 0)
(0.156375 0 0)
(0.156364 0 0)
(0.156355 0 0)
(0.156348 0 0)
(0.156345 0 0)
(0.156344 0 0)
(0.156346 0 0)
(0.156348 0 0)
(0.156349 0 0)
(0.15635 0 0)
(0.15635 0 0)
(0.156348 0 0)
(0.156346 0 0)
(0.156343 0 0)
(0.156341 0 0)
(0.156339 0 0)
(0.156337 0 0)
(0.156337 0 0)
(0.156337 0 0)
(0.156338 0 0)
(0.156338 0 0)
(0.156339 0 0)
(0.15634 0 0)
(0.15634 0 0)
(0.15634 0 0)
(0.156339 0 0)
(0.156338 0 0)
(0.156337 0 0)
(0.156336 0 0)
(0.156335 0 0)
(0.156334 0 0)
(0.156333 0 0)
(0.156332 0 0)
(0.156332 0 0)
(0.156331 0 0)
(0.15633 0 0)
(0.15633 0 0)
(0.156329 0 0)
(0.156328 0 0)
(0.156328 0 0)
(0.156327 0 0)
(0.156326 0 0)
(0.156325 0 0)
(0.156324 0 0)
(0.156324 0 0)
(0.156323 0 0)
(0.156322 0 0)
(0.156322 0 0)
(0.156321 0 0)
(0.15632 0 0)
(0.156319 0 0)
(0.156318 0 0)
(0.156317 0 0)
(0.156316 0 0)
(0.156315 0 0)
(0.156314 0 0)
(0.156314 0 0)
(0.156313 0 0)
(0.156312 0 0)
(0.156311 0 0)
(0.15631 0 0)
(0.156309 0 0)
(0.156308 0 0)
(0.156307 0 0)
(0.156306 0 0)
(0.156306 0 0)
(0.156305 0 0)
(0.156304 0 0)
(0.156303 0 0)
(0.156302 0 0)
(0.156302 0 0)
(0.156301 0 0)
(0.1563 0 0)
(0.1563 0 0)
(0.156299 0 0)
(0.156298 0 0)
(0.156298 0 0)
(0.156297 0 0)
(0.156297 0 0)
(0.156296 0 0)
(0.156296 0 0)
(0.156295 0 0)
(0.156295 0 0)
(0.156294 0 0)
(0.156294 0 0)
(0.156293 0 0)
(0.156293 0 0)
(0.156292 0 0)
(0.156292 0 0)
(0.156292 0 0)
(0.156291 0 0)
(0.156291 0 0)
(0.15629 0 0)
(0.15629 0 0)
(0.156289 0 0)
(0.156289 0 0)
(0.156288 0 0)
(0.156288 0 0)
(0.156287 0 0)
(0.156287 0 0)
(0.156286 0 0)
(0.156286 0 0)
(0.156285 0 0)
(0.156284 0 0)
(0.156284 0 0)
(0.156283 0 0)
(0.156283 0 0)
(0.156282 0 0)
(0.156282 0 0)
(0.156281 0 0)
(0.156281 0 0)
(0.156281 0 0)
(0.15628 0 0)
(0.15628 0 0)
(0.15628 0 0)
(0.156279 0 0)
(0.156279 0 0)
(0.156279 0 0)
(0.156279 0 0)
(0.156279 0 0)
(0.156279 0 0)
(0.156279 0 0)
(0.156279 0 0)
(0.156279 0 0)
(0.15628 0 0)
(0.15628 0 0)
(0.15628 0 0)
(0.156281 0 0)
(0.156281 0 0)
(0.156282 0 0)
(0.156283 0 0)
(0.156283 0 0)
(0.156284 0 0)
(0.156284 0 0)
(0.156285 0 0)
(0.156286 0 0)
(0.156286 0 0)
(0.156287 0 0)
(0.156287 0 0)
)
;

boundaryField
{
    inlet
    {
        type            fractionalVelocity;
        U               1((1 0 0));
        fractionalFlow  Fb;
        value           uniform (0.290579 0 0);
    }
    outlet
    {
        type            zeroGradient;
    }
    emptyWalls
    {
        type            empty;
    }
}


// ************************************************************************* //
