/*--------------------------------*- C++ -*----------------------------------*\
  =========                 |
  \\      /  F ield         | OpenFOAM: The Open Source CFD Toolbox
   \\    /   O peration     | Website:  https://openfoam.org
    \\  /    A nd           | Version:  9
     \\/     M anipulation  |
\*---------------------------------------------------------------------------*/
FoamFile
{
    format      ascii;
    class       volScalarField;
    location    "13.8";
    object      Fcsw;
}
// * * * * * * * * * * * * * * * * * * * * * * * * * * * * * * * * * * * * * //

dimensions      [0 0 0 0 0 0 0];

internalField   nonuniform List<scalar> 
1000
(
1.49925e-05
2.41288e-05
3.25416e-05
4.05868e-05
4.83886e-05
5.60067e-05
6.34748e-05
7.08142e-05
7.80394e-05
8.5161e-05
9.21868e-05
9.9123e-05
0.000105975
0.000112746
0.00011944
0.000126059
0.000132608
0.000139087
0.000145499
0.000151846
0.000158129
0.00016435
0.000170511
0.000176613
0.000182656
0.000188643
0.000194575
0.000200452
0.000206275
0.000212046
0.000217766
0.000223434
0.000229053
0.000234624
0.000240146
0.00024562
0.000251048
0.000256431
0.000261768
0.00026706
0.000272309
0.000277515
0.000282678
0.000287799
0.000292879
0.000297919
0.000302918
0.000307877
0.000312798
0.00031768
0.000322524
0.000327331
0.000332101
0.000336834
0.000341532
0.000346194
0.000350821
0.000355413
0.000359971
0.000364495
0.000368987
0.000373445
0.000377871
0.000382265
0.000386627
0.000390958
0.000395258
0.000399528
0.000403767
0.000407977
0.000412157
0.000416308
0.000420431
0.000424525
0.000428591
0.00043263
0.000436641
0.000440625
0.000444582
0.000448512
0.000452417
0.000456296
0.000460149
0.000463977
0.000467779
0.000471557
0.000475311
0.00047904
0.000482746
0.000486428
0.000490086
0.000493722
0.000497334
0.000500924
0.000504491
0.000508037
0.00051156
0.000515062
0.000518542
0.000522001
0.000525438
0.000528856
0.000532252
0.000535628
0.000538984
0.00054232
0.000545636
0.000548933
0.00055221
0.000555468
0.000558708
0.000561928
0.00056513
0.000568313
0.000571479
0.000574626
0.000577755
0.000580867
0.000583961
0.000587038
0.000590097
0.00059314
0.000596166
0.000599175
0.000602167
0.000605144
0.000608104
0.000611047
0.000613976
0.000616888
0.000619784
0.000622666
0.000625532
0.000628382
0.000631218
0.000634039
0.000636845
0.000639636
0.000642413
0.000645176
0.000647924
0.000650659
0.000653379
0.000656086
0.000658778
0.000661458
0.000664123
0.000666776
0.000669415
0.000672041
0.000674654
0.000677254
0.000679841
0.000682416
0.000684978
0.000687528
0.000690065
0.000692591
0.000695104
0.000697605
0.000700094
0.000702571
0.000705037
0.000707491
0.000709933
0.000712364
0.000714784
0.000717193
0.00071959
0.000721977
0.000724352
0.000726717
0.00072907
0.000731414
0.000733746
0.000736068
0.00073838
0.000740681
0.000742972
0.000745253
0.000747524
0.000749785
0.000752036
0.000754277
0.000756509
0.00075873
0.000760942
0.000763145
0.000765338
0.000767522
0.000769696
0.000771862
0.000774018
0.000776165
0.000778303
0.000780432
0.000782552
0.000784663
0.000786766
0.00078886
0.000790946
0.000793023
0.000795091
0.000797151
0.000799203
0.000801246
0.000803281
0.000805309
0.000807328
0.000809339
0.000811342
0.000813337
0.000815324
0.000817304
0.000819275
0.000821239
0.000823196
0.000825145
0.000827086
0.00082902
0.000830947
0.000832866
0.000834778
0.000836683
0.000838581
0.000840471
0.000842355
0.000844231
0.000846101
0.000847963
0.000849819
0.000851668
0.00085351
0.000855345
0.000857174
0.000858996
0.000860812
0.000862621
0.000864423
0.000866219
0.000868009
0.000869792
0.000871569
0.00087334
0.000875105
0.000876863
0.000878615
0.000880362
0.000882102
0.000883836
0.000885564
0.000887287
0.000889003
0.000890714
0.000892418
0.000894118
0.000895811
0.000897499
0.000899181
0.000900857
0.000902528
0.000904193
0.000905853
0.000907508
0.000909157
0.0009108
0.000912439
0.000914072
0.000915699
0.000917322
0.000918939
0.000920551
0.000922158
0.00092376
0.000925357
0.000926949
0.000928536
0.000930118
0.000931695
0.000933267
0.000934834
0.000936397
0.000937954
0.000939507
0.000941055
0.000942599
0.000944138
0.000945672
0.000947201
0.000948726
0.000950247
0.000951762
0.000953274
0.000954781
0.000956283
0.000957781
0.000959275
0.000960764
0.000962249
0.00096373
0.000965206
0.000966679
0.000968146
0.00096961
0.00097107
0.000972525
0.000973977
0.000975424
0.000976867
0.000978307
0.000979742
0.000981173
0.0009826
0.000984024
0.000985443
0.000986859
0.00098827
0.000989678
0.000991082
0.000992483
0.000993879
0.000995272
0.000996661
0.000998046
0.000999428
0.00100081
0.00100218
0.00100355
0.00100492
0.00100628
0.00100764
0.001009
0.00101035
0.0010117
0.00101305
0.00101439
0.00101573
0.00101707
0.0010184
0.00101973
0.00102105
0.00102238
0.0010237
0.00102501
0.00102633
0.00102763
0.00102894
0.00103024
0.00103154
0.00103284
0.00103414
0.00103543
0.00103671
0.001038
0.00103928
0.00104056
0.00104183
0.00104311
0.00104437
0.00104564
0.0010469
0.00104817
0.00104942
0.00105068
0.00105193
0.00105318
0.00105442
0.00105567
0.00105691
0.00105815
0.00105938
0.00106061
0.00106184
0.00106307
0.00106429
0.00106551
0.00106673
0.00106795
0.00106916
0.00107037
0.00107158
0.00107279
0.00107399
0.00107519
0.00107639
0.00107758
0.00107877
0.00107996
0.00108115
0.00108234
0.00108352
0.0010847
0.00108588
0.00108705
0.00108822
0.0010894
0.00109056
0.00109173
0.00109289
0.00109405
0.00109521
0.00109637
0.00109752
0.00109867
0.00109982
0.00110097
0.00110211
0.00110326
0.0011044
0.00110554
0.00110667
0.00110781
0.00110894
0.00111007
0.00111119
0.00111232
0.00111344
0.00111456
0.00111568
0.0011168
0.00111791
0.00111903
0.00112014
0.00112125
0.00112235
0.00112346
0.00112456
0.00112566
0.00112676
0.00112785
0.00112895
0.00113004
0.00113113
0.00113222
0.00113331
0.00113439
0.00113547
0.00113656
0.00113763
0.00113871
0.00113979
0.00114086
0.00114193
0.001143
0.00114407
0.00114514
0.0011462
0.00114726
0.00114833
0.00114938
0.00115044
0.0011515
0.00115255
0.0011536
0.00115465
0.0011557
0.00115675
0.0011578
0.00115884
0.00115988
0.00116092
0.00116196
0.001163
0.00116403
0.00116507
0.0011661
0.00116713
0.00116816
0.00116919
0.00117021
0.00117124
0.00117226
0.00117328
0.0011743
0.00117532
0.00117634
0.00117735
0.00117837
0.00117938
0.00118039
0.0011814
0.00118241
0.00118341
0.00118442
0.00118542
0.00118642
0.00118742
0.00118842
0.00118942
0.00119042
0.00119141
0.00119241
0.0011934
0.00119439
0.00119538
0.00119637
0.00119735
0.00119834
0.00119932
0.00120031
0.00120129
0.00120227
0.00120325
0.00120423
0.0012052
0.00120618
0.00120715
0.00120812
0.0012091
0.00121007
0.00121103
0.001212
0.00121297
0.00121393
0.0012149
0.00121586
0.00121682
0.00121778
0.00121874
0.0012197
0.00122066
0.00122161
0.00122257
0.00122352
0.00122447
0.00122542
0.00122637
0.00122732
0.00122827
0.00122922
0.00123016
0.00123111
0.00123205
0.001233
0.00123394
0.00123488
0.00123582
0.00123675
0.00123769
0.00123863
0.00123956
0.0012405
0.00124143
0.00124236
0.00124329
0.00124422
0.00124515
0.00124608
0.00124701
0.00124793
0.00124886
0.00124978
0.00125071
0.00125163
0.00125255
0.00125347
0.00125439
0.00125531
0.00125623
0.00125714
0.00125806
0.00125898
0.00125989
0.0012608
0.00126172
0.00126263
0.00126354
0.00126445
0.00126536
0.00126627
0.00126717
0.00126808
0.00126898
0.00126989
0.00127079
0.0012717
0.0012726
0.0012735
0.0012744
0.0012753
0.0012762
0.0012771
0.001278
0.00127889
0.00127979
0.00128069
0.00128158
0.00128247
0.00128337
0.00128426
0.00128515
0.00128604
0.00128693
0.00128782
0.00128871
0.0012896
0.00129049
0.00129137
0.00129226
0.00129314
0.00129403
0.00129491
0.0012958
0.00129668
0.00129756
0.00129844
0.00129932
0.0013002
0.00130108
0.00130196
0.00130284
0.00130372
0.0013046
0.00130547
0.00130635
0.00130722
0.0013081
0.00130897
0.00130985
0.00131072
0.00131159
0.00131246
0.00131333
0.0013142
0.00131508
0.00131594
0.00131681
0.00131768
0.00131855
0.00131942
0.00132029
0.00132115
0.00132202
0.00132288
0.00132375
0.00132461
0.00132548
0.00132634
0.0013272
0.00132807
0.00132893
0.00132979
0.00133065
0.00133151
0.00133237
0.00133323
0.00133409
0.00133495
0.00133581
0.00133667
0.00133753
0.00133838
0.00133924
0.0013401
0.00134095
0.00134181
0.00134266
0.00134352
0.00134437
0.00134523
0.00134608
0.00134694
0.00134779
0.00134864
0.00134949
0.00135035
0.0013512
0.00135205
0.0013529
0.00135375
0.0013546
0.00135545
0.0013563
0.00135715
0.001358
0.00135885
0.0013597
0.00136055
0.0013614
0.00136225
0.00136309
0.00136394
0.00136479
0.00136564
0.00136648
0.00136733
0.00136817
0.00136902
0.00136987
0.00137071
0.00137156
0.0013724
0.00137325
0.00137409
0.00137494
0.00137578
0.00137663
0.00137747
0.00137832
0.00137916
0.00138
0.00138085
0.00138169
0.00138253
0.00138338
0.00138422
0.00138506
0.00138591
0.00138675
0.00138759
0.00138843
0.00138928
0.00139012
0.00139096
0.0013918
0.00139265
0.00139349
0.00139433
0.00139517
0.00139601
0.00139686
0.0013977
0.00139854
0.00139938
0.00140022
0.00140107
0.00140191
0.00140275
0.00140359
0.00140443
0.00140528
0.00140612
0.00140696
0.0014078
0.00140864
0.00140949
0.00141033
0.00141117
0.00141201
0.00141286
0.0014137
0.00141454
0.00141539
0.00141623
0.00141707
0.00141791
0.00141876
0.0014196
0.00142045
0.00142129
0.00142213
0.00142298
0.00142382
0.00142467
0.00142551
0.00142636
0.0014272
0.00142805
0.00142889
0.00142974
0.00143059
0.00143143
0.00143228
0.00143313
0.00143397
0.00143482
0.00143567
0.00143652
0.00143737
0.00143821
0.00143906
0.00143991
0.00144076
0.00144161
0.00144246
0.00144331
0.00144417
0.00144502
0.00144587
0.00144672
0.00144758
0.00144843
0.00144928
0.00145014
0.00145099
0.00145185
0.0014527
0.00145356
0.00145442
0.00145528
0.00145613
0.00145699
0.00145785
0.00145871
0.00145957
0.00146043
0.0014613
0.00146216
0.00146302
0.00146388
0.00146475
0.00146561
0.00146648
0.00146735
0.00146821
0.00146908
0.00146995
0.00147082
0.00147169
0.00147256
0.00147343
0.0014743
0.00147518
0.00147605
0.00147693
0.0014778
0.00147868
0.00147956
0.00148044
0.00148132
0.0014822
0.00148308
0.00148397
0.00148485
0.00148573
0.00148662
0.00148751
0.0014884
0.00148929
0.00149018
0.00149107
0.00149196
0.00149286
0.00149375
0.00149465
0.00149555
0.00149645
0.00149735
0.00149825
0.00149916
0.00150006
0.00150097
0.00150188
0.00150279
0.0015037
0.00150461
0.00150553
0.00150644
0.00150736
0.00150828
0.0015092
0.00151013
0.00151105
0.00151198
0.00151291
0.00151384
0.00151477
0.0015157
0.00151664
0.00151758
0.00151852
0.00151946
0.00152041
0.00152136
0.00152231
0.00152326
0.00152421
0.00152517
0.00152613
0.00152709
0.00152805
0.00152902
0.00152999
0.00153096
0.00153194
0.00153292
0.0015339
0.00153488
0.00153587
0.00153686
0.00153785
0.00153885
0.00153984
0.00154085
0.00154185
0.00154286
0.00154388
0.00154489
0.00154591
0.00154694
0.00154797
0.001549
0.00155003
0.00155107
0.00155212
0.00155317
0.00155422
0.00155528
0.00155634
0.0015574
0.00155848
0.00155955
0.00156063
0.00156172
0.00156281
0.00156391
0.00156501
0.00156612
0.00156723
0.00156835
0.00156948
0.00157061
0.00157175
0.00157289
0.00157404
0.0015752
0.00157637
0.00157754
0.00157872
0.0015799
0.0015811
0.0015823
0.00158351
0.00158473
0.00158596
0.00158719
0.00158844
0.00158969
0.00159095
0.00159222
0.00159351
0.0015948
0.0015961
0.00159741
0.00159874
0.00160007
0.00160142
0.00160278
0.00160415
0.00160554
0.00160693
0.00160834
0.00160977
0.0016112
0.00161266
0.00161412
0.0016156
0.0016171
0.00161862
0.00162015
0.0016217
0.00162326
0.00162485
0.00162645
0.00162807
0.00162971
0.00163138
0.00163306
0.00163477
0.0016365
0.00163825
0.00164002
0.00164183
0.00164365
0.00164551
0.00164739
0.0016493
0.00165124
0.00165321
0.00165521
0.00165724
0.00165931
0.00166141
0.00166355
0.00166573
0.00166794
0.0016702
0.0016725
0.00167484
0.00167722
0.00167965
0.00168214
0.00168467
0.00168725
0.00168989
0.00169258
0.00169533
0.00169815
0.00170102
0.00170397
0.00170698
0.00171006
0.00171322
0.00171646
0.00171977
0.00172318
0.00172667
0.00173025
0.00173393
0.00173771
)
;

boundaryField
{
    inlet
    {
        type            calculated;
        value           uniform 1.49925e-05;
    }
    outlet
    {
        type            calculated;
        value           uniform 0.00173771;
    }
    emptyWalls
    {
        type            empty;
    }
}


// ************************************************************************* //
