/*--------------------------------*- C++ -*----------------------------------*\
  =========                 |
  \\      /  F ield         | OpenFOAM: The Open Source CFD Toolbox
   \\    /   O peration     | Website:  https://openfoam.org
    \\  /    A nd           | Version:  9
     \\/     M anipulation  |
\*---------------------------------------------------------------------------*/
FoamFile
{
    format      ascii;
    class       volScalarField;
    location    "96000";
    object      p;
}
// * * * * * * * * * * * * * * * * * * * * * * * * * * * * * * * * * * * * * //

dimensions      [0 0 0 0 0 0 0];

internalField   nonuniform List<scalar> 
1000
(
5.08349e+07
5.07079e+07
5.05809e+07
5.04538e+07
5.03266e+07
5.01995e+07
5.00723e+07
4.9945e+07
4.98177e+07
4.96904e+07
4.9563e+07
4.94356e+07
4.93082e+07
4.91807e+07
4.90531e+07
4.89256e+07
4.87979e+07
4.86703e+07
4.85426e+07
4.84149e+07
4.82871e+07
4.81593e+07
4.80314e+07
4.79035e+07
4.77756e+07
4.76476e+07
4.75196e+07
4.73915e+07
4.72634e+07
4.71353e+07
4.70071e+07
4.68789e+07
4.67507e+07
4.66224e+07
4.64941e+07
4.63657e+07
4.62373e+07
4.61088e+07
4.59804e+07
4.58518e+07
4.57233e+07
4.55947e+07
4.5466e+07
4.53374e+07
4.52086e+07
4.50799e+07
4.49511e+07
4.48223e+07
4.46934e+07
4.45645e+07
4.44356e+07
4.43066e+07
4.41776e+07
4.40485e+07
4.39194e+07
4.37903e+07
4.36611e+07
4.35319e+07
4.34027e+07
4.32734e+07
4.31441e+07
4.30147e+07
4.28853e+07
4.27559e+07
4.26264e+07
4.24969e+07
4.23674e+07
4.22378e+07
4.21082e+07
4.19786e+07
4.18489e+07
4.17192e+07
4.15894e+07
4.14596e+07
4.13298e+07
4.12e+07
4.10701e+07
4.09401e+07
4.08102e+07
4.06801e+07
4.05501e+07
4.042e+07
4.02899e+07
4.01598e+07
4.00296e+07
3.98994e+07
3.97691e+07
3.96388e+07
3.95085e+07
3.93781e+07
3.92478e+07
3.91173e+07
3.89869e+07
3.88564e+07
3.87258e+07
3.85953e+07
3.84647e+07
3.8334e+07
3.82034e+07
3.80727e+07
3.79419e+07
3.78112e+07
3.76804e+07
3.75495e+07
3.74186e+07
3.72877e+07
3.71568e+07
3.70258e+07
3.68948e+07
3.67638e+07
3.66327e+07
3.65016e+07
3.63705e+07
3.62393e+07
3.61081e+07
3.59768e+07
3.58456e+07
3.57143e+07
3.55829e+07
3.54515e+07
3.53201e+07
3.51887e+07
3.50572e+07
3.49257e+07
3.47942e+07
3.46626e+07
3.4531e+07
3.43994e+07
3.42677e+07
3.4136e+07
3.40043e+07
3.38726e+07
3.37408e+07
3.36089e+07
3.34771e+07
3.33452e+07
3.32133e+07
3.30813e+07
3.29493e+07
3.28173e+07
3.26853e+07
3.25532e+07
3.24211e+07
3.2289e+07
3.21568e+07
3.20246e+07
3.18924e+07
3.17601e+07
3.16278e+07
3.14955e+07
3.13632e+07
3.12308e+07
3.10984e+07
3.09659e+07
3.08334e+07
3.07009e+07
3.05684e+07
3.04358e+07
3.03032e+07
3.01706e+07
3.0038e+07
2.99053e+07
2.97726e+07
2.96398e+07
2.9507e+07
2.93742e+07
2.92414e+07
2.91085e+07
2.89757e+07
2.88427e+07
2.87098e+07
2.85768e+07
2.84438e+07
2.83108e+07
2.81777e+07
2.80446e+07
2.79115e+07
2.77783e+07
2.76451e+07
2.75119e+07
2.73787e+07
2.72454e+07
2.71121e+07
2.69788e+07
2.68454e+07
2.67121e+07
2.65787e+07
2.64452e+07
2.63118e+07
2.61783e+07
2.60447e+07
2.59112e+07
2.57776e+07
2.5644e+07
2.55104e+07
2.53767e+07
2.5243e+07
2.51093e+07
2.49756e+07
2.48418e+07
2.4708e+07
2.45742e+07
2.44403e+07
2.43065e+07
2.41726e+07
2.40386e+07
2.39047e+07
2.37707e+07
2.36367e+07
2.35026e+07
2.33686e+07
2.32345e+07
2.31003e+07
2.29662e+07
2.2832e+07
2.26978e+07
2.25636e+07
2.24293e+07
2.22951e+07
2.21608e+07
2.20264e+07
2.18921e+07
2.17577e+07
2.16233e+07
2.14888e+07
2.13544e+07
2.12199e+07
2.10854e+07
2.09508e+07
2.08162e+07
2.06816e+07
2.0547e+07
2.04123e+07
2.02776e+07
2.01429e+07
2.00082e+07
1.98734e+07
1.97386e+07
1.96037e+07
1.94688e+07
1.93337e+07
1.91986e+07
1.90631e+07
1.89266e+07
1.87894e+07
1.87543e+07
1.87249e+07
1.86955e+07
1.86662e+07
1.86368e+07
1.86074e+07
1.8578e+07
1.85487e+07
1.85193e+07
1.84899e+07
1.84605e+07
1.84312e+07
1.84018e+07
1.83724e+07
1.8343e+07
1.83137e+07
1.82843e+07
1.82549e+07
1.82255e+07
1.81962e+07
1.81668e+07
1.81374e+07
1.8108e+07
1.80787e+07
1.80493e+07
1.80199e+07
1.79905e+07
1.79612e+07
1.79318e+07
1.79024e+07
1.7873e+07
1.78437e+07
1.78143e+07
1.77849e+07
1.77555e+07
1.77262e+07
1.76968e+07
1.76674e+07
1.7638e+07
1.76087e+07
1.75793e+07
1.75499e+07
1.75205e+07
1.74912e+07
1.74618e+07
1.74324e+07
1.7403e+07
1.73737e+07
1.73443e+07
1.73149e+07
1.72855e+07
1.72562e+07
1.72268e+07
1.71974e+07
1.7168e+07
1.71387e+07
1.71093e+07
1.70799e+07
1.70505e+07
1.70212e+07
1.69918e+07
1.69624e+07
1.69331e+07
1.69037e+07
1.68743e+07
1.68449e+07
1.68156e+07
1.67862e+07
1.67568e+07
1.67274e+07
1.66981e+07
1.66687e+07
1.66393e+07
1.66099e+07
1.65806e+07
1.65512e+07
1.65218e+07
1.64924e+07
1.64631e+07
1.64337e+07
1.64043e+07
1.63749e+07
1.63456e+07
1.63162e+07
1.62868e+07
1.62574e+07
1.62281e+07
1.61987e+07
1.61693e+07
1.61399e+07
1.61106e+07
1.60812e+07
1.60518e+07
1.60224e+07
1.59931e+07
1.59637e+07
1.59343e+07
1.59049e+07
1.58756e+07
1.58462e+07
1.58168e+07
1.57874e+07
1.57581e+07
1.57287e+07
1.56993e+07
1.56699e+07
1.56406e+07
1.56112e+07
1.55818e+07
1.55524e+07
1.55231e+07
1.54937e+07
1.54643e+07
1.54349e+07
1.54056e+07
1.53762e+07
1.53468e+07
1.53174e+07
1.52881e+07
1.52587e+07
1.52293e+07
1.51999e+07
1.51706e+07
1.51412e+07
1.51118e+07
1.50824e+07
1.50531e+07
1.50237e+07
1.49943e+07
1.49649e+07
1.49356e+07
1.49062e+07
1.48768e+07
1.48474e+07
1.48181e+07
1.47887e+07
1.47593e+07
1.47299e+07
1.47006e+07
1.46712e+07
1.46418e+07
1.46124e+07
1.45831e+07
1.45537e+07
1.45243e+07
1.44949e+07
1.44656e+07
1.44362e+07
1.44068e+07
1.43774e+07
1.43481e+07
1.43187e+07
1.42893e+07
1.42599e+07
1.42306e+07
1.42012e+07
1.41718e+07
1.41424e+07
1.41131e+07
1.40837e+07
1.40543e+07
1.40249e+07
1.39956e+07
1.39662e+07
1.39368e+07
1.39075e+07
1.38781e+07
1.38487e+07
1.38193e+07
1.379e+07
1.37606e+07
1.37312e+07
1.37018e+07
1.36725e+07
1.36431e+07
1.36137e+07
1.35843e+07
1.3555e+07
1.35256e+07
1.34962e+07
1.34668e+07
1.34375e+07
1.34081e+07
1.33787e+07
1.33493e+07
1.332e+07
1.32906e+07
1.32612e+07
1.32318e+07
1.32025e+07
1.31731e+07
1.31437e+07
1.31143e+07
1.3085e+07
1.30556e+07
1.30262e+07
1.29968e+07
1.29675e+07
1.29381e+07
1.29087e+07
1.28793e+07
1.285e+07
1.28206e+07
1.27912e+07
1.27618e+07
1.27325e+07
1.27031e+07
1.26737e+07
1.26443e+07
1.2615e+07
1.25856e+07
1.25562e+07
1.25269e+07
1.24975e+07
1.24681e+07
1.24387e+07
1.24094e+07
1.238e+07
1.23508e+07
1.23229e+07
1.22984e+07
1.22753e+07
1.22523e+07
1.22293e+07
1.22063e+07
1.21833e+07
1.21603e+07
1.21373e+07
1.21142e+07
1.20912e+07
1.20682e+07
1.20452e+07
1.20222e+07
1.19992e+07
1.19762e+07
1.19532e+07
1.19302e+07
1.19072e+07
1.18842e+07
1.18611e+07
1.18381e+07
1.18151e+07
1.17921e+07
1.17691e+07
1.17461e+07
1.17231e+07
1.17001e+07
1.16771e+07
1.16541e+07
1.16311e+07
1.16081e+07
1.1585e+07
1.1562e+07
1.1539e+07
1.1516e+07
1.1493e+07
1.147e+07
1.1447e+07
1.1424e+07
1.1401e+07
1.1378e+07
1.1355e+07
1.13319e+07
1.13089e+07
1.12859e+07
1.12629e+07
1.12399e+07
1.12169e+07
1.11939e+07
1.11709e+07
1.11479e+07
1.11249e+07
1.11019e+07
1.10788e+07
1.10558e+07
1.10328e+07
1.10098e+07
1.09868e+07
1.09638e+07
1.09408e+07
1.09178e+07
1.08948e+07
1.08718e+07
1.08488e+07
1.08257e+07
1.08027e+07
1.07797e+07
1.07567e+07
1.07337e+07
1.07107e+07
1.06877e+07
1.06647e+07
1.06417e+07
1.06187e+07
1.05957e+07
1.05726e+07
1.05496e+07
1.05266e+07
1.05036e+07
1.04806e+07
1.04576e+07
1.04346e+07
1.04116e+07
1.03886e+07
1.03656e+07
1.03426e+07
1.03195e+07
1.02965e+07
1.02735e+07
1.02505e+07
1.02275e+07
1.02045e+07
1.01815e+07
1.01585e+07
1.01355e+07
1.01125e+07
1.00895e+07
1.00664e+07
1.00434e+07
1.00204e+07
9.99742e+06
9.97441e+06
9.9514e+06
9.92839e+06
9.90538e+06
9.88237e+06
9.85936e+06
9.83636e+06
9.81335e+06
9.79034e+06
9.76733e+06
9.74432e+06
9.72131e+06
9.6983e+06
9.67529e+06
9.65228e+06
9.62927e+06
9.60627e+06
9.58326e+06
9.56025e+06
9.53724e+06
9.51423e+06
9.49122e+06
9.46821e+06
9.4452e+06
9.42219e+06
9.39918e+06
9.37618e+06
9.35317e+06
9.33016e+06
9.30715e+06
9.28414e+06
9.26113e+06
9.23812e+06
9.21511e+06
9.1921e+06
9.16909e+06
9.14609e+06
9.12308e+06
9.10007e+06
9.07706e+06
9.05405e+06
9.03104e+06
9.00803e+06
8.98502e+06
8.96201e+06
8.939e+06
8.91599e+06
8.89299e+06
8.86998e+06
8.84697e+06
8.82396e+06
8.80095e+06
8.77794e+06
8.75493e+06
8.73192e+06
8.70891e+06
8.6859e+06
8.6629e+06
8.63989e+06
8.61688e+06
8.59387e+06
8.57086e+06
8.54785e+06
8.52484e+06
8.50183e+06
8.47882e+06
8.45581e+06
8.43281e+06
8.4098e+06
8.38679e+06
8.36378e+06
8.34077e+06
8.31776e+06
8.29475e+06
8.27174e+06
8.24873e+06
8.22572e+06
8.20272e+06
8.17971e+06
8.1567e+06
8.13369e+06
8.11068e+06
8.08767e+06
8.06466e+06
8.04165e+06
8.01864e+06
7.99563e+06
7.97263e+06
7.94962e+06
7.92661e+06
7.9036e+06
7.88059e+06
7.85758e+06
7.83457e+06
7.81156e+06
7.78855e+06
7.76554e+06
7.74253e+06
7.71953e+06
7.69652e+06
7.67351e+06
7.6505e+06
7.62749e+06
7.60448e+06
7.58147e+06
7.55846e+06
7.53545e+06
7.51244e+06
7.48944e+06
7.46643e+06
7.44342e+06
7.42041e+06
7.3974e+06
7.37439e+06
7.35138e+06
7.32837e+06
7.30536e+06
7.28235e+06
7.25935e+06
7.23634e+06
7.21333e+06
7.19032e+06
7.16731e+06
7.1443e+06
7.12129e+06
7.09828e+06
7.07527e+06
7.05226e+06
7.02926e+06
7.00625e+06
6.98324e+06
6.96023e+06
6.93722e+06
6.91421e+06
6.8912e+06
6.86819e+06
6.84518e+06
6.82217e+06
6.79917e+06
6.77616e+06
6.75315e+06
6.73014e+06
6.70713e+06
6.68412e+06
6.66111e+06
6.6381e+06
6.61509e+06
6.59208e+06
6.56907e+06
6.54607e+06
6.52306e+06
6.50005e+06
6.47704e+06
6.45403e+06
6.43102e+06
6.40801e+06
6.385e+06
6.36199e+06
6.33898e+06
6.31598e+06
6.29297e+06
6.26996e+06
6.24695e+06
6.22394e+06
6.20093e+06
6.17792e+06
6.15491e+06
6.1319e+06
6.10889e+06
6.08589e+06
6.06288e+06
6.03987e+06
6.01686e+06
5.99385e+06
5.97084e+06
5.94783e+06
5.92482e+06
5.90181e+06
5.8788e+06
5.8558e+06
5.83279e+06
5.80978e+06
5.78677e+06
5.76376e+06
5.74075e+06
5.71774e+06
5.69473e+06
5.67172e+06
5.64871e+06
5.62571e+06
5.6027e+06
5.57969e+06
5.55668e+06
5.53367e+06
5.51066e+06
5.48765e+06
5.46464e+06
5.44163e+06
5.41862e+06
5.39561e+06
5.37261e+06
5.3496e+06
5.32659e+06
5.30358e+06
5.28057e+06
5.25756e+06
5.23455e+06
5.21154e+06
5.18853e+06
5.16552e+06
5.14252e+06
5.11951e+06
5.0965e+06
5.07349e+06
5.05048e+06
5.02747e+06
5.00446e+06
4.98145e+06
4.95844e+06
4.93543e+06
4.91243e+06
4.88942e+06
4.86641e+06
4.8434e+06
4.82039e+06
4.79738e+06
4.77437e+06
4.75136e+06
4.72835e+06
4.70534e+06
4.68234e+06
4.65933e+06
4.63632e+06
4.61331e+06
4.5903e+06
4.56729e+06
4.54428e+06
4.52127e+06
4.49826e+06
4.47525e+06
4.45225e+06
4.42924e+06
4.40623e+06
4.38322e+06
4.36021e+06
4.3372e+06
4.31419e+06
4.29118e+06
4.26817e+06
4.24516e+06
4.22216e+06
4.19915e+06
4.17614e+06
4.15313e+06
4.13012e+06
4.10711e+06
4.0841e+06
4.06109e+06
4.03808e+06
4.01507e+06
3.99206e+06
3.96906e+06
3.94605e+06
3.92304e+06
3.90003e+06
3.87702e+06
3.85401e+06
3.831e+06
3.80799e+06
3.78498e+06
3.76197e+06
3.73897e+06
3.71596e+06
3.69295e+06
3.66994e+06
3.64693e+06
3.62392e+06
3.60091e+06
3.5779e+06
3.55489e+06
3.53188e+06
3.50888e+06
3.48587e+06
3.46286e+06
3.43985e+06
3.41684e+06
3.39383e+06
3.37082e+06
3.34781e+06
3.3248e+06
3.30179e+06
3.27879e+06
3.25578e+06
3.23277e+06
3.20976e+06
3.18675e+06
3.16374e+06
3.14073e+06
3.11772e+06
3.09471e+06
3.0717e+06
3.0487e+06
3.02569e+06
3.00268e+06
2.97967e+06
2.95666e+06
2.93365e+06
2.91064e+06
2.88763e+06
2.86462e+06
2.84161e+06
2.8186e+06
2.7956e+06
2.77259e+06
2.74958e+06
2.72657e+06
2.70356e+06
2.68055e+06
2.65754e+06
2.63453e+06
2.61152e+06
2.58851e+06
2.56551e+06
2.5425e+06
2.51949e+06
2.49648e+06
2.47347e+06
2.45046e+06
2.42745e+06
2.40444e+06
2.38143e+06
2.35842e+06
2.33542e+06
2.31241e+06
2.2894e+06
2.26639e+06
2.24338e+06
2.22037e+06
2.19736e+06
2.17435e+06
2.15134e+06
2.12833e+06
2.10533e+06
2.08232e+06
2.05931e+06
2.0363e+06
2.01329e+06
1.99028e+06
1.96727e+06
1.94426e+06
1.92125e+06
1.89824e+06
1.87524e+06
1.85223e+06
1.82922e+06
1.80621e+06
1.7832e+06
1.76019e+06
1.73718e+06
1.71417e+06
1.69116e+06
1.66815e+06
1.64514e+06
1.62214e+06
1.59913e+06
1.57612e+06
1.55311e+06
1.5301e+06
1.50709e+06
1.48408e+06
1.46107e+06
1.43806e+06
1.41505e+06
1.39205e+06
1.36904e+06
1.34603e+06
1.32302e+06
1.30001e+06
1.277e+06
1.25399e+06
1.23098e+06
1.20797e+06
1.18496e+06
1.16196e+06
1.13895e+06
1.11594e+06
1.09293e+06
1.06992e+06
1.04691e+06
1.0239e+06
1.00089e+06
977883
954874
931865
908856
885847
862838
839829
816820
793811
770802
747793
724784
701775
678766
655757
632748
609739
586730
563721
540712
517703
494694
471685
448676
425667
402658
379649
356640
333631
310622
287613
264604
241595
218586
195577
172568
149559
126550
103541
80531.6
57522.5
34513.5
11504.5
)
;

boundaryField
{
    inlet
    {
        type            darcyGradPressure_G;
        gradient        uniform 1.26942e+08;
        Mf              Mf;
        phi             phi;
        phiG            phiG;
        value           uniform 5.08984e+07;
    }
    outlet
    {
        type            fixedValue;
        value           uniform 0;
    }
    emptyWalls
    {
        type            empty;
    }
}


// ************************************************************************* //
