/*--------------------------------*- C++ -*----------------------------------*\
  =========                 |
  \\      /  F ield         | OpenFOAM: The Open Source CFD Toolbox
   \\    /   O peration     | Website:  https://openfoam.org
    \\  /    A nd           | Version:  9
     \\/     M anipulation  |
\*---------------------------------------------------------------------------*/
FoamFile
{
    format      ascii;
    class       volScalarField;
    location    "10.4";
    object      krb;
}
// * * * * * * * * * * * * * * * * * * * * * * * * * * * * * * * * * * * * * //

dimensions      [0 0 0 0 0 0 0];

internalField   nonuniform List<scalar> 
1000
(
0.301556
0.300699
0.299908
0.299149
0.298412
0.297691
0.296982
0.296284
0.295595
0.294914
0.294241
0.293576
0.292916
0.292264
0.291617
0.290976
0.290341
0.289711
0.289086
0.288466
0.287851
0.287241
0.286636
0.286035
0.285438
0.284846
0.284258
0.283675
0.283095
0.28252
0.281948
0.281381
0.280817
0.280257
0.279701
0.279148
0.278599
0.278054
0.277512
0.276974
0.276439
0.275907
0.275378
0.274853
0.274331
0.273813
0.273297
0.272785
0.272275
0.271769
0.271265
0.270765
0.270268
0.269773
0.269281
0.268792
0.268306
0.267822
0.267342
0.266863
0.266388
0.265915
0.265445
0.264977
0.264512
0.26405
0.26359
0.263132
0.262677
0.262224
0.261773
0.261325
0.260879
0.260436
0.259995
0.259556
0.259119
0.258685
0.258252
0.257822
0.257394
0.256969
0.256545
0.256123
0.255704
0.255286
0.254871
0.254457
0.254045
0.253636
0.253228
0.252823
0.252419
0.252017
0.251617
0.251219
0.250823
0.250428
0.250036
0.249645
0.249256
0.248868
0.248483
0.248099
0.247717
0.247337
0.246958
0.246581
0.246206
0.245832
0.24546
0.245089
0.24472
0.244353
0.243987
0.243623
0.243261
0.2429
0.24254
0.242182
0.241826
0.24147
0.241117
0.240765
0.240414
0.240065
0.239717
0.239371
0.239026
0.238682
0.23834
0.237999
0.23766
0.237322
0.236985
0.23665
0.236316
0.235983
0.235651
0.235321
0.234992
0.234665
0.234338
0.234013
0.233689
0.233367
0.233045
0.232725
0.232406
0.232088
0.231772
0.231456
0.231142
0.230829
0.230517
0.230206
0.229896
0.229588
0.22928
0.228974
0.228669
0.228365
0.228062
0.22776
0.227459
0.227159
0.226861
0.226563
0.226266
0.225971
0.225676
0.225383
0.22509
0.224799
0.224508
0.224219
0.22393
0.223643
0.223356
0.223071
0.222786
0.222503
0.22222
0.221938
0.221657
0.221378
0.221099
0.220821
0.220544
0.220267
0.219992
0.219718
0.219444
0.219172
0.2189
0.218629
0.218359
0.21809
0.217822
0.217554
0.217288
0.217022
0.216757
0.216493
0.21623
0.215968
0.215706
0.215445
0.215185
0.214926
0.214668
0.21441
0.214154
0.213898
0.213643
0.213388
0.213134
0.212882
0.212629
0.212378
0.212128
0.211878
0.211629
0.21138
0.211133
0.210886
0.210639
0.210394
0.210149
0.209905
0.209662
0.209419
0.209177
0.208936
0.208696
0.208456
0.208217
0.207978
0.20774
0.207503
0.207267
0.207031
0.206796
0.206561
0.206328
0.206094
0.205862
0.20563
0.205399
0.205168
0.204938
0.204709
0.20448
0.204252
0.204025
0.203798
0.203572
0.203346
0.203121
0.202897
0.202673
0.20245
0.202227
0.202005
0.201784
0.201563
0.201343
0.201123
0.200904
0.200685
0.200467
0.20025
0.200033
0.199817
0.199601
0.199386
0.199171
0.198957
0.198744
0.198531
0.198319
0.198107
0.197895
0.197685
0.197474
0.197265
0.197055
0.196847
0.196638
0.196431
0.196224
0.196017
0.195811
0.195605
0.1954
0.195196
0.194992
0.194788
0.194585
0.194382
0.19418
0.193978
0.193777
0.193577
0.193376
0.193177
0.192977
0.192779
0.19258
0.192383
0.192185
0.191988
0.191792
0.191596
0.1914
0.191205
0.191011
0.190817
0.190623
0.19043
0.190237
0.190045
0.189853
0.189661
0.18947
0.18928
0.189089
0.1889
0.18871
0.188522
0.188333
0.188145
0.187957
0.18777
0.187584
0.187397
0.187211
0.187026
0.186841
0.186656
0.186472
0.186288
0.186104
0.185921
0.185738
0.185556
0.185374
0.185193
0.185012
0.184831
0.184651
0.184471
0.184291
0.184112
0.183933
0.183755
0.183577
0.183399
0.183222
0.183045
0.182868
0.182692
0.182517
0.182341
0.182166
0.181991
0.181817
0.181643
0.181469
0.181296
0.181123
0.180951
0.180779
0.180607
0.180435
0.180264
0.180093
0.179923
0.179753
0.179583
0.179414
0.179245
0.179076
0.178908
0.17874
0.178572
0.178405
0.178237
0.178071
0.177904
0.177738
0.177573
0.177407
0.177242
0.177077
0.176913
0.176749
0.176585
0.176422
0.176258
0.176096
0.175933
0.175771
0.175609
0.175447
0.175286
0.175125
0.174964
0.174804
0.174644
0.174484
0.174325
0.174166
0.174007
0.173848
0.17369
0.173532
0.173374
0.173217
0.17306
0.172903
0.172747
0.17259
0.172434
0.172279
0.172123
0.171968
0.171814
0.171659
0.171505
0.171351
0.171197
0.171044
0.170891
0.170738
0.170585
0.170433
0.170281
0.170129
0.169978
0.169827
0.169676
0.169525
0.169375
0.169224
0.169075
0.168925
0.168776
0.168627
0.168478
0.168329
0.168181
0.168033
0.167885
0.167737
0.16759
0.167443
0.167296
0.16715
0.167004
0.166858
0.166712
0.166566
0.166421
0.166276
0.166131
0.165987
0.165842
0.165698
0.165554
0.165411
0.165267
0.165124
0.164982
0.164839
0.164697
0.164554
0.164412
0.164271
0.164129
0.163988
0.163847
0.163706
0.163566
0.163426
0.163285
0.163146
0.163006
0.162867
0.162727
0.162589
0.16245
0.162311
0.162173
0.162035
0.161897
0.16176
0.161622
0.161485
0.161348
0.161211
0.161075
0.160938
0.160802
0.160666
0.160531
0.160395
0.16026
0.160125
0.15999
0.159856
0.159721
0.159587
0.159453
0.159319
0.159186
0.159052
0.158919
0.158786
0.158653
0.158521
0.158388
0.158256
0.158124
0.157992
0.157861
0.157729
0.157598
0.157467
0.157336
0.157206
0.157075
0.156945
0.156815
0.156685
0.156556
0.156426
0.156297
0.156168
0.156039
0.15591
0.155782
0.155653
0.155525
0.155397
0.155269
0.155142
0.155014
0.154887
0.15476
0.154633
0.154507
0.15438
0.154254
0.154128
0.154002
0.153876
0.15375
0.153625
0.153499
0.153374
0.153249
0.153125
0.153
0.152876
0.152752
0.152627
0.152504
0.15238
0.152256
0.152133
0.15201
0.151887
0.151764
0.151641
0.151519
0.151396
0.151274
0.151152
0.15103
0.150908
0.150787
0.150665
0.150544
0.150423
0.150302
0.150181
0.150061
0.14994
0.14982
0.1497
0.14958
0.14946
0.14934
0.149221
0.149102
0.148982
0.148863
0.148744
0.148626
0.148507
0.148389
0.14827
0.148152
0.148034
0.147916
0.147799
0.147681
0.147564
0.147446
0.147329
0.147212
0.147095
0.146979
0.146862
0.146746
0.14663
0.146513
0.146397
0.146282
0.146166
0.14605
0.145935
0.14582
0.145705
0.145589
0.145475
0.14536
0.145245
0.145131
0.145016
0.144902
0.144788
0.144674
0.14456
0.144447
0.144333
0.14422
0.144107
0.143993
0.14388
0.143767
0.143655
0.143542
0.143429
0.143317
0.143205
0.143093
0.142981
0.142869
0.142757
0.142645
0.142534
0.142422
0.142311
0.1422
0.142089
0.141978
0.141867
0.141756
0.141645
0.141535
0.141424
0.141314
0.141204
0.141094
0.140984
0.140874
0.140764
0.140655
0.140545
0.140436
0.140326
0.140217
0.140108
0.139999
0.13989
0.139781
0.139673
0.139564
0.139456
0.139347
0.139239
0.139131
0.139022
0.138914
0.138806
0.138699
0.138591
0.138483
0.138376
0.138268
0.138161
0.138053
0.137946
0.137839
0.137732
0.137625
0.137518
0.137411
0.137304
0.137197
0.137091
0.136984
0.136878
0.136771
0.136665
0.136558
0.136452
0.136346
0.13624
0.136134
0.136028
0.135922
0.135816
0.13571
0.135604
0.135498
0.135392
0.135287
0.135181
0.135075
0.13497
0.134864
0.134758
0.134653
0.134547
0.134442
0.134336
0.134231
0.134125
0.13402
0.133914
0.133809
0.133703
0.133598
0.133492
0.133386
0.133281
0.133175
0.133069
0.132964
0.132858
0.132752
0.132646
0.13254
0.132434
0.132327
0.132221
0.132115
0.132008
0.131901
0.131794
0.131687
0.13158
0.131473
0.131366
0.131258
0.13115
0.131042
0.130933
0.130825
0.130716
0.130606
0.130497
0.130387
0.130277
0.130166
0.130055
0.129943
0.129831
0.129719
0.129606
0.129492
0.129378
0.129263
0.129147
0.12903
0.128913
0.128795
0.128676
0.128556
0.128435
0.128312
0.128189
0.128064
0.127937
0.127809
0.127679
0.127548
0.127414
0.127278
0.12714
0.126999
0.126855
0.126709
0.126558
0.126404
0.126246
0.126083
0.125916
0.125742
0.125562
0.125376
0.125181
0.124977
0.124764
0.124538
0.1243
0.124046
0.123775
0.123483
0.123168
0.122823
0.122445
0.122025
0.121555
0.121022
0.12041
0.119696
0.118847
0.117817
0.116535
0.114883
0.112666
0.109516
0.104671
0.0962507
0.0782235
0.0370483
0.0417738
0.0384327
0.0366523
0.0363518
0.0365668
0.0368792
0.0371754
0.0374511
0.037707
0.0379245
0.038075
0.0381341
0.0380942
0.0379723
0.0378082
0.03765
0.0375359
0.0374825
0.0374859
0.0375303
0.0375962
0.0376654
0.0377241
0.037763
0.0377783
0.0377711
0.0377468
0.0377134
0.0376795
0.0376522
0.0376358
0.0376311
0.0376368
0.0376492
0.0376645
0.037679
0.03769
0.0376959
0.0376966
0.037693
0.0376867
0.0376795
0.0376731
0.0376686
0.0376666
0.0376669
0.0376689
0.037672
0.0376752
0.0376779
0.0376796
0.0376802
0.0376798
0.0376786
0.0376771
0.0376756
0.0376744
0.0376736
0.0376734
0.0376736
0.0376741
0.0376746
0.0376751
0.0376754
0.0376754
0.0376752
0.0376748
0.0376742
0.0376736
0.037673
0.0376725
0.0376722
0.0376719
0.0376717
0.0376716
0.0376715
0.0376714
0.0376713
0.0376712
0.0376711
0.037671
0.0376709
0.0376709
0.0376708
0.0376708
0.0376708
0.0376709
0.0376709
0.0376708
0.0376708
0.0376706
0.0376705
0.0376702
0.0376699
0.0376696
0.0376692
0.0376688
0.0376684
0.037668
0.0376675
0.0376671
0.0376666
0.0376662
0.0376658
0.0376654
0.0376651
0.0376648
0.0376645
0.0376643
0.0376642
0.0376641
0.037664
0.037664
0.037664
0.0376641
0.0376643
0.0376644
0.0376646
0.0376649
0.0376651
0.0376653
0.0376655
0.0376658
0.037666
0.0376662
0.0376663
0.0376664
0.0376665
0.0376666
0.0376666
0.0376666
0.0376665
0.0376664
0.0376663
0.0376661
0.0376659
0.0376657
0.0376654
0.0376652
0.0376649
0.0376646
0.0376643
0.037664
0.0376637
0.0376634
0.0376631
0.0376629
0.0376626
0.0376624
0.0376622
0.037662
0.0376618
0.0376616
0.0376614
0.0376613
0.0376611
0.037661
0.0376609
0.0376608
0.0376606
0.0376605
0.0376604
0.0376602
0.0376601
0.0376599
0.0376598
0.0376596
0.0376595
0.0376593
0.0376591
)
;

boundaryField
{
    inlet
    {
        type            calculated;
        value           uniform 0.302959;
    }
    outlet
    {
        type            calculated;
        value           uniform 0.0376591;
    }
    emptyWalls
    {
        type            empty;
    }
}


// ************************************************************************* //
