/*--------------------------------*- C++ -*----------------------------------*\
  =========                 |
  \\      /  F ield         | OpenFOAM: The Open Source CFD Toolbox
   \\    /   O peration     | Website:  https://openfoam.org
    \\  /    A nd           | Version:  9
     \\/     M anipulation  |
\*---------------------------------------------------------------------------*/
FoamFile
{
    format      ascii;
    class       volScalarField;
    location    "5";
    object      Cs;
}
// * * * * * * * * * * * * * * * * * * * * * * * * * * * * * * * * * * * * * //

dimensions      [0 0 0 0 0 0 0];

internalField   nonuniform List<scalar> 
1000
(
0.05
0.05
0.05
0.05
0.05
0.05
0.05
0.05
0.05
0.05
0.05
0.05
0.05
0.05
0.05
0.05
0.05
0.05
0.05
0.05
0.05
0.05
0.05
0.05
0.05
0.05
0.05
0.05
0.05
0.05
0.05
0.05
0.05
0.05
0.05
0.05
0.05
0.05
0.05
0.05
0.05
0.05
0.05
0.05
0.05
0.05
0.05
0.05
0.05
0.05
0.05
0.05
0.05
0.05
0.05
0.05
0.05
0.05
0.05
0.05
0.05
0.05
0.05
0.05
0.05
0.05
0.05
0.05
0.05
0.05
0.05
0.05
0.05
0.05
0.05
0.05
0.05
0.05
0.05
0.05
0.05
0.05
0.05
0.05
0.05
0.05
0.05
0.05
0.05
0.05
0.05
0.05
0.05
0.05
0.05
0.05
0.05
0.05
0.05
0.05
0.05
0.05
0.05
0.05
0.05
0.05
0.05
0.05
0.05
0.05
0.05
0.05
0.05
0.05
0.05
0.05
0.05
0.05
0.05
0.05
0.05
0.05
0.05
0.05
0.05
0.05
0.05
0.05
0.05
0.05
0.05
0.05
0.05
0.05
0.05
0.05
0.05
0.05
0.05
0.05
0.05
0.05
0.05
0.05
0.05
0.05
0.05
0.05
0.05
0.05
0.05
0.05
0.05
0.05
0.05
0.05
0.05
0.05
0.05
0.05
0.05
0.05
0.05
0.05
0.05
0.05
0.05
0.05
0.05
0.05
0.05
0.05
0.05
0.05
0.05
0.05
0.05
0.05
0.05
0.05
0.05
0.05
0.05
0.05
0.05
0.05
0.05
0.05
0.05
0.05
0.05
0.05
0.05
0.05
0.05
0.05
0.05
0.05
0.05
0.05
0.05
0.05
0.05
0.05
0.05
0.05
0.05
0.05
0.05
0.05
0.05
0.05
0.05
0.05
0.05
0.05
0.05
0.05
0.05
0.05
0.05
0.05
0.05
0.05
0.05
0.05
0.05
0.05
0.05
0.05
0.05
0.05
0.05
0.05
0.05
0.05
0.05
0.05
0.05
0.05
0.05
0.05
0.05
0.05
0.05
0.05
0.05
0.05
0.05
0.05
0.05
0.05
0.05
0.05
0.05
0.05
0.05
0.05
0.05
0.05
0.05
0.05
0.05
0.05
0.05
0.05
0.05
0.05
0.05
0.05
0.05
0.05
0.05
0.05
0.05
0.05
0.05
0.05
0.05
0.05
0.05
0.05
0.05
0.05
0.05
0.05
0.05
0.05
0.05
0.05
0.05
0.05
0.05
0.05
0.05
0.05
0.0499999
0.0499999
0.0499999
0.0499999
0.0499998
0.0499998
0.0499997
0.0499997
0.0499996
0.0499994
0.0499993
0.0499991
0.0499989
0.0499986
0.0499983
0.0499978
0.0499973
0.0499967
0.0499959
0.0499949
0.0499937
0.0499923
0.0499906
0.0499886
0.0499861
0.0499831
0.0499796
0.0499753
0.0499703
0.0499644
0.0499574
0.0499491
0.0499394
0.0499281
0.0499148
0.0498994
0.0498814
0.0498607
0.0498367
0.0498091
0.0497774
0.0497411
0.0496997
0.0496525
0.0495989
0.0495382
0.0494697
0.0493925
0.0493059
0.0492088
0.0491004
0.0489796
0.0488455
0.0486969
0.0485327
0.0483519
0.0481532
0.0479355
0.0476975
0.0474383
0.0471565
0.046851
0.0465209
0.046165
0.0457823
0.045372
0.0449332
0.0444653
0.0439676
0.0434396
0.0428811
0.0422918
0.0416716
0.0410208
0.0403396
0.0396284
0.0388881
0.0381193
0.0373231
0.0365007
0.0356535
0.0347831
0.0338911
0.0329795
0.0320502
0.0311054
0.0301473
0.0291784
0.0282009
0.0272174
0.0262305
0.0252427
0.0242564
0.0232743
0.0222988
0.0213323
0.020377
0.0194353
0.0185091
0.0176004
0.0167107
0.0158416
0.014994
0.0141688
0.0133657
0.0125835
0.011818
0.0110558
0.0102371
0.00927654
0.00840639
0.00758425
0.00681729
0.00611739
0.00548341
0.00490827
0.00438541
0.00390999
0.00347829
0.00308713
0.00273356
0.00241484
0.00212835
0.00187161
0.00164221
0.00143785
0.00125632
0.00109548
0.000953297
0.000827867
0.000717437
0.00062041
0.000535339
0.000460917
0.000395965
0.000339416
0.000290306
0.000247762
0.000210999
0.000179307
0.000152052
0.000128667
0.000108648
9.15483e-05
7.6975e-05
6.45827e-05
5.40689e-05
4.51691e-05
3.76531e-05
3.13202e-05
2.59967e-05
2.1532e-05
1.77962e-05
1.46773e-05
1.20794e-05
9.92031e-06
8.12991e-06
6.64854e-06
5.42559e-06
4.41823e-06
3.59029e-06
2.91134e-06
2.35581e-06
1.90226e-06
1.5328e-06
1.2325e-06
9.88961e-07
7.91882e-07
6.32749e-07
5.04539e-07
4.01467e-07
3.18785e-07
2.52604e-07
1.99746e-07
1.5762e-07
1.2412e-07
9.7537e-08
7.64887e-08
5.98585e-08
4.67473e-08
3.64327e-08
2.83354e-08
2.19925e-08
1.70343e-08
1.31669e-08
1.01567e-08
7.81862e-09
6.00646e-09
4.6049e-09
3.52318e-09
2.69007e-09
2.04979e-09
1.55873e-09
1.18291e-09
8.95884e-10
6.77131e-10
5.10759e-10
3.84488e-10
2.88852e-10
2.16567e-10
1.62046e-10
1.21007e-10
9.01811e-11
6.70735e-11
4.97873e-11
3.68825e-11
2.72682e-11
2.01201e-11
1.48163e-11
1.08891e-11
7.98695e-12
5.84672e-12
4.27156e-12
3.11461e-12
2.26656e-12
1.64617e-12
1.19325e-12
8.63252e-13
6.23293e-13
4.49157e-13
3.2304e-13
2.31882e-13
1.66124e-13
1.18783e-13
8.47682e-14
6.03767e-14
4.29205e-14
3.04523e-14
2.15644e-14
1.52411e-14
1.07513e-14
7.56955e-15
5.31918e-15
3.73066e-15
2.61154e-15
1.82463e-15
1.2724e-15
8.85617e-16
6.15234e-16
4.26587e-16
2.95223e-16
2.03924e-16
1.40593e-16
9.6747e-17
6.64492e-17
4.55536e-17
3.117e-17
2.12879e-17
1.45115e-17
9.87363e-18
6.70542e-18
4.54529e-18
3.07529e-18
2.07681e-18
1.39991e-18
9.4187e-19
6.3252e-19
4.23985e-19
2.83674e-19
1.89445e-19
1.26282e-19
8.40229e-20
5.58021e-20
3.69914e-20
2.44766e-20
1.61659e-20
1.06574e-20
7.01297e-21
4.60634e-21
3.02005e-21
1.9764e-21
1.29104e-21
8.41808e-22
5.47887e-22
3.5594e-22
2.30818e-22
1.49407e-22
9.65344e-23
6.22591e-23
4.00806e-23
2.57559e-23
1.65208e-23
1.05779e-23
6.76048e-24
4.31291e-24
2.74649e-24
1.74582e-24
1.10773e-24
7.01597e-25
4.43563e-25
2.79924e-25
1.76336e-25
1.10881e-25
6.95973e-26
4.36059e-26
2.72719e-26
1.70256e-26
1.06098e-26
6.59983e-27
4.09803e-27
2.54001e-27
1.5715e-27
9.70535e-28
5.9831e-28
3.6818e-28
2.26157e-28
1.38669e-28
8.48722e-29
5.18524e-29
3.16219e-29
1.92497e-29
1.1697e-29
7.09484e-30
4.2956e-30
2.59608e-30
1.56612e-30
9.43073e-31
5.66861e-31
3.40108e-31
2.03688e-31
1.21765e-31
7.26585e-32
4.32767e-32
2.57291e-32
1.52685e-32
9.04414e-33
5.34731e-33
3.15572e-33
1.85889e-33
1.09294e-33
6.414e-34
3.75702e-34
2.19654e-34
1.28177e-34
7.46545e-35
4.3398e-35
2.51795e-35
1.45809e-35
8.42703e-36
4.86086e-36
2.7983e-36
1.60772e-36
9.21843e-37
5.27501e-37
3.01232e-37
1.71666e-37
9.76247e-38
5.54011e-38
3.13724e-38
1.77271e-38
9.99474e-39
5.62258e-39
3.15583e-39
1.76721e-39
9.87271e-40
5.50225e-40
3.05896e-40
1.69634e-40
9.3826e-41
5.17578e-41
2.8473e-41
1.5619e-41
8.54265e-42
4.65796e-42
2.53166e-42
1.37136e-42
7.40218e-43
3.98051e-43
2.13199e-43
1.13705e-43
6.03637e-44
3.18864e-44
1.6752e-44
8.74795e-45
4.53757e-45
2.33579e-45
1.19194e-45
6.02075e-46
3.00461e-46
1.47746e-46
7.13169e-47
3.36023e-47
1.5314e-47
6.63972e-48
2.63612e-48
8.3618e-49
9.82362e-50
2.40172e-52
7.44432e-59
1.96214e-73
1.51076e-104
0
0
0
0
0
0
0
0
0
0
0
0
0
0
0
0
0
0
0
0
0
0
0
0
0
0
0
0
0
0
0
0
0
0
0
0
0
0
0
0
0
0
0
0
0
0
0
0
0
0
0
0
0
0
0
0
0
0
0
0
0
0
0
0
0
0
0
0
0
0
0
0
0
0
0
0
0
0
0
0
0
0
0
0
0
0
0
0
0
0
0
0
0
0
0
0
0
0
0
0
0
0
0
0
0
0
0
0
0
0
0
0
0
0
0
0
0
0
0
0
0
0
0
0
0
0
0
0
0
0
0
0
0
0
0
0
0
0
0
0
0
0
0
0
0
0
0
0
0
0
0
0
0
0
0
0
0
0
0
0
0
0
0
0
0
0
0
0
0
0
0
0
0
0
0
0
0
0
0
0
0
0
0
0
0
0
0
0
0
0
0
0
0
0
0
0
0
0
0
0
0
0
0
0
0
0
0
0
0
0
0
0
0
0
0
0
0
0
0
0
0
0
0
0
0
0
0
0
0
0
0
0
0
0
0
0
0
0
0
0
0
0
0
0
0
0
0
0
0
0
0
0
0
0
0
0
0
0
0
0
0
0
0
0
0
0
0
0
0
0
0
0
0
0
0
0
0
0
0
0
0
0
0
0
0
0
0
0
0
0
0
0
0
0
0
0
0
0
0
0
0
0
0
0
0
0
0
0
0
0
0
0
0
)
;

boundaryField
{
    inlet
    {
        type            fixedValue;
        value           uniform 0.05;
    }
    outlet
    {
        type            zeroGradient;
    }
    emptyWalls
    {
        type            empty;
    }
}


// ************************************************************************* //
