/*--------------------------------*- C++ -*----------------------------------*\
  =========                 |
  \\      /  F ield         | OpenFOAM: The Open Source CFD Toolbox
   \\    /   O peration     | Website:  https://openfoam.org
    \\  /    A nd           | Version:  9
     \\/     M anipulation  |
\*---------------------------------------------------------------------------*/
FoamFile
{
    format      ascii;
    class       volVectorField;
    location    "5";
    object      Ua;
}
// * * * * * * * * * * * * * * * * * * * * * * * * * * * * * * * * * * * * * //

dimensions      [0 0 0 0 0 0 0];

internalField   nonuniform List<vector> 
1000
(
(0.70942 0 0)
(0.709417 0 0)
(0.709414 0 0)
(0.709409 0 0)
(0.709403 0 0)
(0.709396 0 0)
(0.709388 0 0)
(0.709379 0 0)
(0.70937 0 0)
(0.709359 0 0)
(0.709348 0 0)
(0.709336 0 0)
(0.709323 0 0)
(0.709309 0 0)
(0.709295 0 0)
(0.70928 0 0)
(0.709264 0 0)
(0.709247 0 0)
(0.70923 0 0)
(0.709212 0 0)
(0.709194 0 0)
(0.709175 0 0)
(0.709155 0 0)
(0.709135 0 0)
(0.709114 0 0)
(0.709093 0 0)
(0.709071 0 0)
(0.709048 0 0)
(0.709025 0 0)
(0.709002 0 0)
(0.708978 0 0)
(0.708953 0 0)
(0.708928 0 0)
(0.708902 0 0)
(0.708876 0 0)
(0.70885 0 0)
(0.708823 0 0)
(0.708795 0 0)
(0.708767 0 0)
(0.708739 0 0)
(0.70871 0 0)
(0.708681 0 0)
(0.708652 0 0)
(0.708622 0 0)
(0.708591 0 0)
(0.708561 0 0)
(0.70853 0 0)
(0.708498 0 0)
(0.708466 0 0)
(0.708434 0 0)
(0.708401 0 0)
(0.708368 0 0)
(0.708335 0 0)
(0.708302 0 0)
(0.708268 0 0)
(0.708233 0 0)
(0.708199 0 0)
(0.708164 0 0)
(0.708128 0 0)
(0.708093 0 0)
(0.708057 0 0)
(0.708021 0 0)
(0.707984 0 0)
(0.707948 0 0)
(0.707911 0 0)
(0.707873 0 0)
(0.707836 0 0)
(0.707798 0 0)
(0.70776 0 0)
(0.707721 0 0)
(0.707683 0 0)
(0.707644 0 0)
(0.707605 0 0)
(0.707565 0 0)
(0.707525 0 0)
(0.707485 0 0)
(0.707445 0 0)
(0.707405 0 0)
(0.707364 0 0)
(0.707323 0 0)
(0.707282 0 0)
(0.707241 0 0)
(0.707199 0 0)
(0.707158 0 0)
(0.707116 0 0)
(0.707073 0 0)
(0.707031 0 0)
(0.706988 0 0)
(0.706945 0 0)
(0.706902 0 0)
(0.706859 0 0)
(0.706816 0 0)
(0.706772 0 0)
(0.706728 0 0)
(0.706684 0 0)
(0.70664 0 0)
(0.706596 0 0)
(0.706551 0 0)
(0.706506 0 0)
(0.706461 0 0)
(0.706416 0 0)
(0.706371 0 0)
(0.706325 0 0)
(0.70628 0 0)
(0.706234 0 0)
(0.706188 0 0)
(0.706142 0 0)
(0.706095 0 0)
(0.706049 0 0)
(0.706002 0 0)
(0.705955 0 0)
(0.705908 0 0)
(0.705861 0 0)
(0.705814 0 0)
(0.705766 0 0)
(0.705719 0 0)
(0.705671 0 0)
(0.705623 0 0)
(0.705575 0 0)
(0.705527 0 0)
(0.705479 0 0)
(0.70543 0 0)
(0.705382 0 0)
(0.705333 0 0)
(0.705284 0 0)
(0.705235 0 0)
(0.705186 0 0)
(0.705136 0 0)
(0.705087 0 0)
(0.705037 0 0)
(0.704988 0 0)
(0.704938 0 0)
(0.704888 0 0)
(0.704838 0 0)
(0.704788 0 0)
(0.704737 0 0)
(0.704687 0 0)
(0.704636 0 0)
(0.704586 0 0)
(0.704535 0 0)
(0.704484 0 0)
(0.704433 0 0)
(0.704382 0 0)
(0.70433 0 0)
(0.704279 0 0)
(0.704227 0 0)
(0.704176 0 0)
(0.704124 0 0)
(0.704072 0 0)
(0.70402 0 0)
(0.703968 0 0)
(0.703916 0 0)
(0.703864 0 0)
(0.703811 0 0)
(0.703759 0 0)
(0.703706 0 0)
(0.703654 0 0)
(0.703601 0 0)
(0.703548 0 0)
(0.703495 0 0)
(0.703442 0 0)
(0.703389 0 0)
(0.703335 0 0)
(0.703282 0 0)
(0.703228 0 0)
(0.703175 0 0)
(0.703121 0 0)
(0.703067 0 0)
(0.703013 0 0)
(0.70296 0 0)
(0.702905 0 0)
(0.702851 0 0)
(0.702797 0 0)
(0.702743 0 0)
(0.702688 0 0)
(0.702634 0 0)
(0.702579 0 0)
(0.702525 0 0)
(0.70247 0 0)
(0.702415 0 0)
(0.70236 0 0)
(0.702305 0 0)
(0.70225 0 0)
(0.702195 0 0)
(0.702139 0 0)
(0.702084 0 0)
(0.702029 0 0)
(0.701973 0 0)
(0.701917 0 0)
(0.701862 0 0)
(0.701806 0 0)
(0.70175 0 0)
(0.701694 0 0)
(0.701638 0 0)
(0.701582 0 0)
(0.701526 0 0)
(0.70147 0 0)
(0.701413 0 0)
(0.701357 0 0)
(0.701301 0 0)
(0.701244 0 0)
(0.701187 0 0)
(0.701131 0 0)
(0.701074 0 0)
(0.701017 0 0)
(0.70096 0 0)
(0.700903 0 0)
(0.700846 0 0)
(0.700789 0 0)
(0.700732 0 0)
(0.700675 0 0)
(0.700617 0 0)
(0.70056 0 0)
(0.700502 0 0)
(0.700445 0 0)
(0.700387 0 0)
(0.70033 0 0)
(0.700272 0 0)
(0.700214 0 0)
(0.700156 0 0)
(0.700098 0 0)
(0.70004 0 0)
(0.699982 0 0)
(0.699924 0 0)
(0.699866 0 0)
(0.699808 0 0)
(0.699749 0 0)
(0.699691 0 0)
(0.699632 0 0)
(0.699574 0 0)
(0.699515 0 0)
(0.699457 0 0)
(0.699398 0 0)
(0.699339 0 0)
(0.69928 0 0)
(0.699221 0 0)
(0.699162 0 0)
(0.699103 0 0)
(0.699044 0 0)
(0.698985 0 0)
(0.698926 0 0)
(0.698866 0 0)
(0.698807 0 0)
(0.698748 0 0)
(0.698688 0 0)
(0.698629 0 0)
(0.698569 0 0)
(0.698509 0 0)
(0.69845 0 0)
(0.69839 0 0)
(0.69833 0 0)
(0.69827 0 0)
(0.69821 0 0)
(0.69815 0 0)
(0.69809 0 0)
(0.69803 0 0)
(0.69797 0 0)
(0.69791 0 0)
(0.697849 0 0)
(0.697789 0 0)
(0.697729 0 0)
(0.697668 0 0)
(0.697608 0 0)
(0.697547 0 0)
(0.697486 0 0)
(0.697426 0 0)
(0.697365 0 0)
(0.697304 0 0)
(0.697243 0 0)
(0.697182 0 0)
(0.697121 0 0)
(0.69706 0 0)
(0.696999 0 0)
(0.696938 0 0)
(0.696877 0 0)
(0.696815 0 0)
(0.696754 0 0)
(0.696693 0 0)
(0.696631 0 0)
(0.69657 0 0)
(0.696508 0 0)
(0.696446 0 0)
(0.696385 0 0)
(0.696323 0 0)
(0.696261 0 0)
(0.696199 0 0)
(0.696137 0 0)
(0.696075 0 0)
(0.696013 0 0)
(0.695951 0 0)
(0.695889 0 0)
(0.695827 0 0)
(0.695764 0 0)
(0.695702 0 0)
(0.695639 0 0)
(0.695577 0 0)
(0.695514 0 0)
(0.695452 0 0)
(0.695389 0 0)
(0.695326 0 0)
(0.695263 0 0)
(0.695201 0 0)
(0.695138 0 0)
(0.695075 0 0)
(0.695011 0 0)
(0.694948 0 0)
(0.694885 0 0)
(0.694822 0 0)
(0.694758 0 0)
(0.694695 0 0)
(0.694631 0 0)
(0.694568 0 0)
(0.694504 0 0)
(0.69444 0 0)
(0.694376 0 0)
(0.694312 0 0)
(0.694248 0 0)
(0.694184 0 0)
(0.69412 0 0)
(0.694056 0 0)
(0.693992 0 0)
(0.693927 0 0)
(0.693863 0 0)
(0.693798 0 0)
(0.693733 0 0)
(0.693668 0 0)
(0.693603 0 0)
(0.693538 0 0)
(0.693473 0 0)
(0.693408 0 0)
(0.693342 0 0)
(0.693277 0 0)
(0.693211 0 0)
(0.693146 0 0)
(0.69308 0 0)
(0.693014 0 0)
(0.692948 0 0)
(0.692881 0 0)
(0.692815 0 0)
(0.692748 0 0)
(0.692681 0 0)
(0.692614 0 0)
(0.692547 0 0)
(0.69248 0 0)
(0.692413 0 0)
(0.692345 0 0)
(0.692277 0 0)
(0.692209 0 0)
(0.69214 0 0)
(0.692072 0 0)
(0.692003 0 0)
(0.691934 0 0)
(0.691864 0 0)
(0.691795 0 0)
(0.691725 0 0)
(0.691654 0 0)
(0.691584 0 0)
(0.691512 0 0)
(0.691441 0 0)
(0.691369 0 0)
(0.691297 0 0)
(0.691224 0 0)
(0.69115 0 0)
(0.691076 0 0)
(0.691001 0 0)
(0.690926 0 0)
(0.69085 0 0)
(0.690773 0 0)
(0.690695 0 0)
(0.690617 0 0)
(0.690537 0 0)
(0.690456 0 0)
(0.690374 0 0)
(0.690291 0 0)
(0.690206 0 0)
(0.69012 0 0)
(0.690032 0 0)
(0.689941 0 0)
(0.689849 0 0)
(0.689754 0 0)
(0.689656 0 0)
(0.689555 0 0)
(0.68945 0 0)
(0.689341 0 0)
(0.689227 0 0)
(0.689107 0 0)
(0.688981 0 0)
(0.688848 0 0)
(0.688705 0 0)
(0.688551 0 0)
(0.688384 0 0)
(0.688201 0 0)
(0.687998 0 0)
(0.68777 0 0)
(0.687509 0 0)
(0.687206 0 0)
(0.686847 0 0)
(0.686409 0 0)
(0.685857 0 0)
(0.685133 0 0)
(0.684132 0 0)
(0.682641 0 0)
(0.680173 0 0)
(0.675438 0 0)
(0.639148 0 0)
(0.586814 0 0)
(0.551948 0 0)
(0.53445 0 0)
(0.546866 0 0)
(0.581181 0 0)
(0.615385 0 0)
(0.635199 0 0)
(0.640843 0 0)
(0.637981 0 0)
(0.631099 0 0)
(0.622694 0 0)
(0.614195 0 0)
(0.606646 0 0)
(0.600944 0 0)
(0.597789 0 0)
(0.597487 0 0)
(0.599766 0 0)
(0.603763 0 0)
(0.608269 0 0)
(0.612135 0 0)
(0.614614 0 0)
(0.615479 0 0)
(0.614933 0 0)
(0.613422 0 0)
(0.611471 0 0)
(0.609559 0 0)
(0.608052 0 0)
(0.607166 0 0)
(0.606956 0 0)
(0.607332 0 0)
(0.608101 0 0)
(0.609024 0 0)
(0.609875 0 0)
(0.610491 0 0)
(0.610795 0 0)
(0.61079 0 0)
(0.610544 0 0)
(0.610159 0 0)
(0.609744 0 0)
(0.609389 0 0)
(0.609155 0 0)
(0.609067 0 0)
(0.609113 0 0)
(0.609259 0 0)
(0.609454 0 0)
(0.609652 0 0)
(0.609812 0 0)
(0.609913 0 0)
(0.609948 0 0)
(0.609927 0 0)
(0.609869 0 0)
(0.609795 0 0)
(0.609728 0 0)
(0.60968 0 0)
(0.609659 0 0)
(0.609664 0 0)
(0.60969 0 0)
(0.609726 0 0)
(0.609762 0 0)
(0.609789 0 0)
(0.609802 0 0)
(0.609798 0 0)
(0.60978 0 0)
(0.609751 0 0)
(0.609717 0 0)
(0.609683 0 0)
(0.609653 0 0)
(0.609631 0 0)
(0.609617 0 0)
(0.60961 0 0)
(0.609609 0 0)
(0.60961 0 0)
(0.609613 0 0)
(0.609615 0 0)
(0.609615 0 0)
(0.609612 0 0)
(0.609609 0 0)
(0.609604 0 0)
(0.609599 0 0)
(0.609595 0 0)
(0.609592 0 0)
(0.609591 0 0)
(0.609591 0 0)
(0.609592 0 0)
(0.609594 0 0)
(0.609595 0 0)
(0.609597 0 0)
(0.609598 0 0)
(0.609598 0 0)
(0.609598 0 0)
(0.609597 0 0)
(0.609596 0 0)
(0.609596 0 0)
(0.609595 0 0)
(0.609595 0 0)
(0.609595 0 0)
(0.609595 0 0)
(0.609596 0 0)
(0.609596 0 0)
(0.609597 0 0)
(0.609597 0 0)
(0.609597 0 0)
(0.609597 0 0)
(0.609597 0 0)
(0.609597 0 0)
(0.609597 0 0)
(0.609597 0 0)
(0.609597 0 0)
(0.609597 0 0)
(0.609598 0 0)
(0.609598 0 0)
(0.609598 0 0)
(0.609598 0 0)
(0.609598 0 0)
(0.609598 0 0)
(0.609599 0 0)
(0.609599 0 0)
(0.609599 0 0)
(0.609599 0 0)
(0.609599 0 0)
(0.609599 0 0)
(0.609599 0 0)
(0.609599 0 0)
(0.609599 0 0)
(0.6096 0 0)
(0.6096 0 0)
(0.6096 0 0)
(0.6096 0 0)
(0.6096 0 0)
(0.6096 0 0)
(0.6096 0 0)
(0.609601 0 0)
(0.609601 0 0)
(0.609601 0 0)
(0.609601 0 0)
(0.609601 0 0)
(0.609601 0 0)
(0.609602 0 0)
(0.609602 0 0)
(0.609602 0 0)
(0.609602 0 0)
(0.609603 0 0)
(0.609603 0 0)
(0.609603 0 0)
(0.609603 0 0)
(0.609604 0 0)
(0.609604 0 0)
(0.609604 0 0)
(0.609605 0 0)
(0.609605 0 0)
(0.609606 0 0)
(0.609606 0 0)
(0.609607 0 0)
(0.609607 0 0)
(0.609608 0 0)
(0.609609 0 0)
(0.60961 0 0)
(0.609611 0 0)
(0.609612 0 0)
(0.609613 0 0)
(0.609614 0 0)
(0.609616 0 0)
(0.609618 0 0)
(0.609619 0 0)
(0.609622 0 0)
(0.609624 0 0)
(0.609626 0 0)
(0.609629 0 0)
(0.609632 0 0)
(0.609635 0 0)
(0.609638 0 0)
(0.609642 0 0)
(0.609645 0 0)
(0.609649 0 0)
(0.609653 0 0)
(0.609657 0 0)
(0.609661 0 0)
(0.609665 0 0)
(0.609669 0 0)
(0.609673 0 0)
(0.609677 0 0)
(0.609681 0 0)
(0.609684 0 0)
(0.609688 0 0)
(0.609691 0 0)
(0.609693 0 0)
(0.609695 0 0)
(0.609697 0 0)
(0.609699 0 0)
(0.609699 0 0)
(0.6097 0 0)
(0.6097 0 0)
(0.609699 0 0)
(0.609698 0 0)
(0.609696 0 0)
(0.609694 0 0)
(0.609692 0 0)
(0.609689 0 0)
(0.609686 0 0)
(0.609683 0 0)
(0.609679 0 0)
(0.609675 0 0)
(0.609671 0 0)
(0.609667 0 0)
(0.609662 0 0)
(0.609658 0 0)
(0.609654 0 0)
(0.60965 0 0)
(0.609646 0 0)
(0.609642 0 0)
(0.609638 0 0)
(0.609635 0 0)
(0.609631 0 0)
(0.609628 0 0)
(0.609625 0 0)
(0.609622 0 0)
(0.60962 0 0)
(0.609618 0 0)
(0.609616 0 0)
(0.609614 0 0)
(0.609612 0 0)
(0.609611 0 0)
(0.609609 0 0)
(0.609608 0 0)
(0.609607 0 0)
(0.609606 0 0)
(0.609606 0 0)
(0.609605 0 0)
(0.609604 0 0)
(0.609604 0 0)
(0.609603 0 0)
(0.609603 0 0)
(0.609603 0 0)
(0.609603 0 0)
(0.609603 0 0)
(0.609602 0 0)
(0.609602 0 0)
(0.609602 0 0)
(0.609602 0 0)
(0.609602 0 0)
(0.609602 0 0)
(0.609602 0 0)
(0.609602 0 0)
(0.609602 0 0)
(0.609602 0 0)
(0.609602 0 0)
(0.609602 0 0)
(0.609602 0 0)
(0.609602 0 0)
(0.609602 0 0)
(0.609602 0 0)
(0.609602 0 0)
(0.609602 0 0)
(0.609602 0 0)
(0.609602 0 0)
(0.609602 0 0)
(0.609602 0 0)
(0.609602 0 0)
(0.609602 0 0)
(0.609602 0 0)
(0.609602 0 0)
(0.609602 0 0)
(0.609602 0 0)
(0.609602 0 0)
(0.609602 0 0)
(0.609602 0 0)
(0.609602 0 0)
(0.609602 0 0)
(0.609602 0 0)
(0.609602 0 0)
(0.609603 0 0)
(0.609603 0 0)
(0.609604 0 0)
(0.609613 0 0)
(0.609671 0 0)
(0.610205 0 0)
(0.615488 0 0)
(0.626956 0 0)
(0.633952 0 0)
(0.634283 0 0)
(0.63429 0 0)
(0.634292 0 0)
(0.634291 0 0)
(0.634289 0 0)
(0.634288 0 0)
(0.634287 0 0)
(0.634287 0 0)
(0.634287 0 0)
(0.634287 0 0)
(0.634287 0 0)
(0.634286 0 0)
(0.634286 0 0)
(0.634285 0 0)
(0.634285 0 0)
(0.634284 0 0)
(0.634284 0 0)
(0.634283 0 0)
(0.634282 0 0)
(0.634281 0 0)
(0.63428 0 0)
(0.634279 0 0)
(0.634278 0 0)
(0.634277 0 0)
(0.634275 0 0)
(0.634274 0 0)
(0.634272 0 0)
(0.63427 0 0)
(0.634268 0 0)
(0.634266 0 0)
(0.634264 0 0)
(0.634262 0 0)
(0.63426 0 0)
(0.634257 0 0)
(0.634254 0 0)
(0.634252 0 0)
(0.634249 0 0)
(0.634246 0 0)
(0.634244 0 0)
(0.634241 0 0)
(0.634238 0 0)
(0.634236 0 0)
(0.634233 0 0)
(0.634231 0 0)
(0.634228 0 0)
(0.634226 0 0)
(0.634224 0 0)
(0.634223 0 0)
(0.634221 0 0)
(0.63422 0 0)
(0.634219 0 0)
(0.634219 0 0)
(0.634218 0 0)
(0.634218 0 0)
(0.634219 0 0)
(0.634219 0 0)
(0.63422 0 0)
(0.634221 0 0)
(0.634223 0 0)
(0.634224 0 0)
(0.634226 0 0)
(0.634228 0 0)
(0.63423 0 0)
(0.634233 0 0)
(0.634235 0 0)
(0.634238 0 0)
(0.63424 0 0)
(0.634243 0 0)
(0.634246 0 0)
(0.634248 0 0)
(0.634251 0 0)
(0.634253 0 0)
(0.634256 0 0)
(0.634258 0 0)
(0.63426 0 0)
(0.634263 0 0)
(0.634265 0 0)
(0.634267 0 0)
(0.634268 0 0)
(0.63427 0 0)
(0.634271 0 0)
(0.634273 0 0)
(0.634274 0 0)
(0.634275 0 0)
(0.634276 0 0)
(0.634277 0 0)
(0.634278 0 0)
(0.634278 0 0)
(0.634279 0 0)
(0.634279 0 0)
(0.63428 0 0)
(0.63428 0 0)
(0.63428 0 0)
(0.63428 0 0)
(0.63428 0 0)
(0.63428 0 0)
(0.63428 0 0)
(0.63428 0 0)
(0.63428 0 0)
(0.634279 0 0)
(0.634279 0 0)
(0.634279 0 0)
(0.634278 0 0)
(0.634278 0 0)
(0.634277 0 0)
(0.634276 0 0)
(0.634276 0 0)
(0.634275 0 0)
(0.634274 0 0)
(0.634273 0 0)
(0.634272 0 0)
(0.634271 0 0)
(0.63427 0 0)
(0.634269 0 0)
(0.634267 0 0)
(0.634266 0 0)
(0.634264 0 0)
(0.634263 0 0)
(0.634261 0 0)
(0.63426 0 0)
(0.634258 0 0)
(0.634256 0 0)
(0.634254 0 0)
(0.634252 0 0)
(0.63425 0 0)
(0.634248 0 0)
(0.634246 0 0)
(0.634244 0 0)
(0.634242 0 0)
(0.63424 0 0)
(0.634238 0 0)
(0.634236 0 0)
(0.634235 0 0)
(0.634233 0 0)
(0.634231 0 0)
(0.634229 0 0)
(0.634228 0 0)
(0.634226 0 0)
(0.634225 0 0)
(0.634224 0 0)
(0.634223 0 0)
(0.634222 0 0)
(0.634221 0 0)
(0.634221 0 0)
(0.63422 0 0)
(0.63422 0 0)
(0.63422 0 0)
(0.63422 0 0)
(0.63422 0 0)
(0.63422 0 0)
(0.634221 0 0)
(0.634221 0 0)
(0.634222 0 0)
(0.634222 0 0)
(0.634223 0 0)
(0.634224 0 0)
(0.634225 0 0)
(0.634226 0 0)
(0.634227 0 0)
(0.634228 0 0)
(0.634229 0 0)
(0.63423 0 0)
(0.634231 0 0)
(0.634232 0 0)
(0.634233 0 0)
(0.634234 0 0)
(0.634235 0 0)
(0.634235 0 0)
(0.634236 0 0)
(0.634236 0 0)
(0.634236 0 0)
(0.634237 0 0)
(0.634237 0 0)
(0.634237 0 0)
(0.634237 0 0)
(0.634236 0 0)
(0.634236 0 0)
(0.634235 0 0)
(0.634235 0 0)
(0.634234 0 0)
(0.634233 0 0)
(0.634232 0 0)
(0.634231 0 0)
(0.63423 0 0)
(0.634229 0 0)
(0.634227 0 0)
(0.634226 0 0)
(0.634225 0 0)
(0.634224 0 0)
(0.634222 0 0)
(0.634221 0 0)
(0.63422 0 0)
(0.634218 0 0)
(0.634217 0 0)
(0.634216 0 0)
(0.634214 0 0)
(0.634213 0 0)
(0.634212 0 0)
(0.634211 0 0)
(0.63421 0 0)
(0.634209 0 0)
(0.634208 0 0)
(0.634208 0 0)
(0.634207 0 0)
(0.634206 0 0)
(0.634205 0 0)
(0.634205 0 0)
(0.634204 0 0)
(0.634204 0 0)
(0.634204 0 0)
(0.634203 0 0)
(0.634203 0 0)
(0.634203 0 0)
(0.634202 0 0)
(0.634202 0 0)
(0.634202 0 0)
(0.634202 0 0)
(0.634202 0 0)
(0.634201 0 0)
(0.634201 0 0)
(0.634201 0 0)
(0.634201 0 0)
(0.634201 0 0)
(0.634201 0 0)
(0.6342 0 0)
(0.6342 0 0)
(0.6342 0 0)
(0.6342 0 0)
(0.6342 0 0)
(0.6342 0 0)
(0.6342 0 0)
(0.634199 0 0)
(0.634199 0 0)
(0.634199 0 0)
(0.634199 0 0)
(0.634199 0 0)
(0.634199 0 0)
(0.634198 0 0)
(0.634198 0 0)
(0.634198 0 0)
(0.634198 0 0)
(0.634198 0 0)
(0.634198 0 0)
(0.634198 0 0)
(0.634198 0 0)
(0.634198 0 0)
(0.634198 0 0)
(0.634198 0 0)
(0.634198 0 0)
(0.634197 0 0)
(0.634197 0 0)
(0.634197 0 0)
(0.634197 0 0)
(0.634197 0 0)
(0.634197 0 0)
(0.634197 0 0)
(0.634197 0 0)
(0.634197 0 0)
(0.634197 0 0)
(0.634197 0 0)
(0.634197 0 0)
(0.634197 0 0)
(0.634196 0 0)
(0.634196 0 0)
(0.634196 0 0)
(0.634196 0 0)
(0.634196 0 0)
(0.634196 0 0)
(0.634195 0 0)
(0.634195 0 0)
(0.634195 0 0)
(0.634195 0 0)
(0.634195 0 0)
(0.634195 0 0)
(0.634194 0 0)
(0.634194 0 0)
(0.634194 0 0)
(0.634194 0 0)
(0.634193 0 0)
(0.634193 0 0)
(0.634193 0 0)
(0.634193 0 0)
(0.634193 0 0)
(0.634192 0 0)
(0.634192 0 0)
(0.634192 0 0)
(0.634192 0 0)
(0.634191 0 0)
(0.634191 0 0)
(0.634191 0 0)
(0.63419 0 0)
(0.63419 0 0)
(0.63419 0 0)
(0.634189 0 0)
(0.634189 0 0)
(0.634188 0 0)
(0.634188 0 0)
(0.634187 0 0)
(0.634187 0 0)
(0.634186 0 0)
(0.634186 0 0)
(0.634185 0 0)
(0.634185 0 0)
(0.634184 0 0)
(0.634183 0 0)
(0.634183 0 0)
(0.634182 0 0)
(0.634182 0 0)
(0.634181 0 0)
(0.63418 0 0)
(0.63418 0 0)
(0.634179 0 0)
(0.634178 0 0)
(0.634178 0 0)
(0.634177 0 0)
(0.634176 0 0)
)
;

boundaryField
{
    inlet
    {
        type            fractionalVelocity;
        U               1((1 0 0));
        fractionalFlow  Fa;
        value           uniform (0.709421 0 0);
    }
    outlet
    {
        type            zeroGradient;
    }
    emptyWalls
    {
        type            empty;
    }
}


// ************************************************************************* //
