/*--------------------------------*- C++ -*----------------------------------*\
  =========                 |
  \\      /  F ield         | OpenFOAM: The Open Source CFD Toolbox
   \\    /   O peration     | Website:  https://openfoam.org
    \\  /    A nd           | Version:  9
     \\/     M anipulation  |
\*---------------------------------------------------------------------------*/
FoamFile
{
    format      ascii;
    class       volVectorField;
    location    "19.8";
    object      Ua;
}
// * * * * * * * * * * * * * * * * * * * * * * * * * * * * * * * * * * * * * //

dimensions      [0 0 0 0 0 0 0];

internalField   nonuniform List<vector> 
1000
(
(0.709421 0 0)
(0.709421 0 0)
(0.709421 0 0)
(0.70942 0 0)
(0.70942 0 0)
(0.709419 0 0)
(0.709419 0 0)
(0.709418 0 0)
(0.709417 0 0)
(0.709417 0 0)
(0.709416 0 0)
(0.709415 0 0)
(0.709414 0 0)
(0.709413 0 0)
(0.709412 0 0)
(0.709411 0 0)
(0.709409 0 0)
(0.709408 0 0)
(0.709407 0 0)
(0.709405 0 0)
(0.709404 0 0)
(0.709402 0 0)
(0.709401 0 0)
(0.709399 0 0)
(0.709397 0 0)
(0.709396 0 0)
(0.709394 0 0)
(0.709392 0 0)
(0.70939 0 0)
(0.709388 0 0)
(0.709386 0 0)
(0.709384 0 0)
(0.709381 0 0)
(0.709379 0 0)
(0.709377 0 0)
(0.709375 0 0)
(0.709372 0 0)
(0.70937 0 0)
(0.709367 0 0)
(0.709365 0 0)
(0.709362 0 0)
(0.709359 0 0)
(0.709357 0 0)
(0.709354 0 0)
(0.709351 0 0)
(0.709348 0 0)
(0.709345 0 0)
(0.709342 0 0)
(0.709339 0 0)
(0.709336 0 0)
(0.709333 0 0)
(0.70933 0 0)
(0.709326 0 0)
(0.709323 0 0)
(0.70932 0 0)
(0.709317 0 0)
(0.709313 0 0)
(0.70931 0 0)
(0.709306 0 0)
(0.709303 0 0)
(0.709299 0 0)
(0.709295 0 0)
(0.709292 0 0)
(0.709288 0 0)
(0.709284 0 0)
(0.70928 0 0)
(0.709276 0 0)
(0.709272 0 0)
(0.709268 0 0)
(0.709264 0 0)
(0.70926 0 0)
(0.709256 0 0)
(0.709252 0 0)
(0.709248 0 0)
(0.709243 0 0)
(0.709239 0 0)
(0.709235 0 0)
(0.70923 0 0)
(0.709226 0 0)
(0.709222 0 0)
(0.709217 0 0)
(0.709213 0 0)
(0.709208 0 0)
(0.709203 0 0)
(0.709199 0 0)
(0.709194 0 0)
(0.709189 0 0)
(0.709185 0 0)
(0.70918 0 0)
(0.709175 0 0)
(0.70917 0 0)
(0.709165 0 0)
(0.70916 0 0)
(0.709155 0 0)
(0.70915 0 0)
(0.709145 0 0)
(0.70914 0 0)
(0.709135 0 0)
(0.709129 0 0)
(0.709124 0 0)
(0.709119 0 0)
(0.709114 0 0)
(0.709108 0 0)
(0.709103 0 0)
(0.709097 0 0)
(0.709092 0 0)
(0.709086 0 0)
(0.709081 0 0)
(0.709075 0 0)
(0.70907 0 0)
(0.709064 0 0)
(0.709058 0 0)
(0.709053 0 0)
(0.709047 0 0)
(0.709041 0 0)
(0.709035 0 0)
(0.709029 0 0)
(0.709024 0 0)
(0.709018 0 0)
(0.709012 0 0)
(0.709006 0 0)
(0.709 0 0)
(0.708994 0 0)
(0.708988 0 0)
(0.708982 0 0)
(0.708975 0 0)
(0.708969 0 0)
(0.708963 0 0)
(0.708957 0 0)
(0.70895 0 0)
(0.708944 0 0)
(0.708938 0 0)
(0.708931 0 0)
(0.708925 0 0)
(0.708919 0 0)
(0.708912 0 0)
(0.708906 0 0)
(0.708899 0 0)
(0.708893 0 0)
(0.708886 0 0)
(0.708879 0 0)
(0.708873 0 0)
(0.708866 0 0)
(0.708859 0 0)
(0.708853 0 0)
(0.708846 0 0)
(0.708839 0 0)
(0.708832 0 0)
(0.708825 0 0)
(0.708819 0 0)
(0.708812 0 0)
(0.708805 0 0)
(0.708798 0 0)
(0.708791 0 0)
(0.708784 0 0)
(0.708777 0 0)
(0.70877 0 0)
(0.708762 0 0)
(0.708755 0 0)
(0.708748 0 0)
(0.708741 0 0)
(0.708734 0 0)
(0.708727 0 0)
(0.708719 0 0)
(0.708712 0 0)
(0.708705 0 0)
(0.708697 0 0)
(0.70869 0 0)
(0.708683 0 0)
(0.708675 0 0)
(0.708668 0 0)
(0.70866 0 0)
(0.708653 0 0)
(0.708645 0 0)
(0.708638 0 0)
(0.70863 0 0)
(0.708622 0 0)
(0.708615 0 0)
(0.708607 0 0)
(0.708599 0 0)
(0.708592 0 0)
(0.708584 0 0)
(0.708576 0 0)
(0.708568 0 0)
(0.708561 0 0)
(0.708553 0 0)
(0.708545 0 0)
(0.708537 0 0)
(0.708529 0 0)
(0.708521 0 0)
(0.708513 0 0)
(0.708505 0 0)
(0.708497 0 0)
(0.708489 0 0)
(0.708481 0 0)
(0.708473 0 0)
(0.708465 0 0)
(0.708457 0 0)
(0.708449 0 0)
(0.708441 0 0)
(0.708432 0 0)
(0.708424 0 0)
(0.708416 0 0)
(0.708408 0 0)
(0.708399 0 0)
(0.708391 0 0)
(0.708383 0 0)
(0.708374 0 0)
(0.708366 0 0)
(0.708358 0 0)
(0.708349 0 0)
(0.708341 0 0)
(0.708332 0 0)
(0.708324 0 0)
(0.708315 0 0)
(0.708307 0 0)
(0.708298 0 0)
(0.70829 0 0)
(0.708281 0 0)
(0.708273 0 0)
(0.708264 0 0)
(0.708255 0 0)
(0.708247 0 0)
(0.708238 0 0)
(0.708229 0 0)
(0.708221 0 0)
(0.708212 0 0)
(0.708203 0 0)
(0.708194 0 0)
(0.708185 0 0)
(0.708177 0 0)
(0.708168 0 0)
(0.708159 0 0)
(0.70815 0 0)
(0.708141 0 0)
(0.708132 0 0)
(0.708123 0 0)
(0.708114 0 0)
(0.708105 0 0)
(0.708096 0 0)
(0.708087 0 0)
(0.708078 0 0)
(0.708069 0 0)
(0.70806 0 0)
(0.708051 0 0)
(0.708042 0 0)
(0.708032 0 0)
(0.708023 0 0)
(0.708014 0 0)
(0.708005 0 0)
(0.707996 0 0)
(0.707986 0 0)
(0.707977 0 0)
(0.707968 0 0)
(0.707959 0 0)
(0.707949 0 0)
(0.70794 0 0)
(0.707931 0 0)
(0.707921 0 0)
(0.707912 0 0)
(0.707902 0 0)
(0.707893 0 0)
(0.707884 0 0)
(0.707874 0 0)
(0.707865 0 0)
(0.707855 0 0)
(0.707846 0 0)
(0.707836 0 0)
(0.707827 0 0)
(0.707817 0 0)
(0.707807 0 0)
(0.707798 0 0)
(0.707788 0 0)
(0.707779 0 0)
(0.707769 0 0)
(0.707759 0 0)
(0.70775 0 0)
(0.70774 0 0)
(0.70773 0 0)
(0.70772 0 0)
(0.707711 0 0)
(0.707701 0 0)
(0.707691 0 0)
(0.707681 0 0)
(0.707671 0 0)
(0.707662 0 0)
(0.707652 0 0)
(0.707642 0 0)
(0.707632 0 0)
(0.707622 0 0)
(0.707612 0 0)
(0.707602 0 0)
(0.707592 0 0)
(0.707582 0 0)
(0.707572 0 0)
(0.707562 0 0)
(0.707552 0 0)
(0.707542 0 0)
(0.707532 0 0)
(0.707522 0 0)
(0.707512 0 0)
(0.707502 0 0)
(0.707492 0 0)
(0.707482 0 0)
(0.707472 0 0)
(0.707461 0 0)
(0.707451 0 0)
(0.707441 0 0)
(0.707431 0 0)
(0.707421 0 0)
(0.70741 0 0)
(0.7074 0 0)
(0.70739 0 0)
(0.70738 0 0)
(0.707369 0 0)
(0.707359 0 0)
(0.707349 0 0)
(0.707338 0 0)
(0.707328 0 0)
(0.707318 0 0)
(0.707307 0 0)
(0.707297 0 0)
(0.707287 0 0)
(0.707276 0 0)
(0.707266 0 0)
(0.707255 0 0)
(0.707245 0 0)
(0.707234 0 0)
(0.707224 0 0)
(0.707213 0 0)
(0.707203 0 0)
(0.707192 0 0)
(0.707182 0 0)
(0.707171 0 0)
(0.70716 0 0)
(0.70715 0 0)
(0.707139 0 0)
(0.707129 0 0)
(0.707118 0 0)
(0.707107 0 0)
(0.707097 0 0)
(0.707086 0 0)
(0.707075 0 0)
(0.707065 0 0)
(0.707054 0 0)
(0.707043 0 0)
(0.707032 0 0)
(0.707022 0 0)
(0.707011 0 0)
(0.707 0 0)
(0.706989 0 0)
(0.706979 0 0)
(0.706968 0 0)
(0.706957 0 0)
(0.706946 0 0)
(0.706935 0 0)
(0.706924 0 0)
(0.706913 0 0)
(0.706903 0 0)
(0.706892 0 0)
(0.706881 0 0)
(0.70687 0 0)
(0.706859 0 0)
(0.706848 0 0)
(0.706837 0 0)
(0.706826 0 0)
(0.706815 0 0)
(0.706804 0 0)
(0.706793 0 0)
(0.706782 0 0)
(0.706771 0 0)
(0.70676 0 0)
(0.706749 0 0)
(0.706737 0 0)
(0.706726 0 0)
(0.706715 0 0)
(0.706704 0 0)
(0.706693 0 0)
(0.706682 0 0)
(0.706671 0 0)
(0.70666 0 0)
(0.706648 0 0)
(0.706637 0 0)
(0.706626 0 0)
(0.706615 0 0)
(0.706603 0 0)
(0.706592 0 0)
(0.706581 0 0)
(0.70657 0 0)
(0.706558 0 0)
(0.706547 0 0)
(0.706536 0 0)
(0.706525 0 0)
(0.706513 0 0)
(0.706502 0 0)
(0.706491 0 0)
(0.706479 0 0)
(0.706468 0 0)
(0.706456 0 0)
(0.706445 0 0)
(0.706434 0 0)
(0.706422 0 0)
(0.706411 0 0)
(0.706399 0 0)
(0.706388 0 0)
(0.706376 0 0)
(0.706365 0 0)
(0.706353 0 0)
(0.706342 0 0)
(0.70633 0 0)
(0.706319 0 0)
(0.706307 0 0)
(0.706296 0 0)
(0.706284 0 0)
(0.706273 0 0)
(0.706261 0 0)
(0.70625 0 0)
(0.706238 0 0)
(0.706226 0 0)
(0.706215 0 0)
(0.706203 0 0)
(0.706191 0 0)
(0.70618 0 0)
(0.706168 0 0)
(0.706157 0 0)
(0.706145 0 0)
(0.706133 0 0)
(0.706121 0 0)
(0.70611 0 0)
(0.706098 0 0)
(0.706086 0 0)
(0.706075 0 0)
(0.706063 0 0)
(0.706051 0 0)
(0.706039 0 0)
(0.706027 0 0)
(0.706016 0 0)
(0.706004 0 0)
(0.705992 0 0)
(0.70598 0 0)
(0.705968 0 0)
(0.705957 0 0)
(0.705945 0 0)
(0.705933 0 0)
(0.705921 0 0)
(0.705909 0 0)
(0.705897 0 0)
(0.705885 0 0)
(0.705873 0 0)
(0.705861 0 0)
(0.705849 0 0)
(0.705838 0 0)
(0.705826 0 0)
(0.705814 0 0)
(0.705802 0 0)
(0.70579 0 0)
(0.705778 0 0)
(0.705766 0 0)
(0.705754 0 0)
(0.705742 0 0)
(0.70573 0 0)
(0.705718 0 0)
(0.705706 0 0)
(0.705693 0 0)
(0.705681 0 0)
(0.705669 0 0)
(0.705657 0 0)
(0.705645 0 0)
(0.705633 0 0)
(0.705621 0 0)
(0.705609 0 0)
(0.705597 0 0)
(0.705584 0 0)
(0.705572 0 0)
(0.70556 0 0)
(0.705548 0 0)
(0.705536 0 0)
(0.705524 0 0)
(0.705511 0 0)
(0.705499 0 0)
(0.705487 0 0)
(0.705475 0 0)
(0.705463 0 0)
(0.70545 0 0)
(0.705438 0 0)
(0.705426 0 0)
(0.705414 0 0)
(0.705401 0 0)
(0.705389 0 0)
(0.705377 0 0)
(0.705364 0 0)
(0.705352 0 0)
(0.70534 0 0)
(0.705327 0 0)
(0.705315 0 0)
(0.705303 0 0)
(0.70529 0 0)
(0.705278 0 0)
(0.705266 0 0)
(0.705253 0 0)
(0.705241 0 0)
(0.705228 0 0)
(0.705216 0 0)
(0.705204 0 0)
(0.705191 0 0)
(0.705179 0 0)
(0.705166 0 0)
(0.705154 0 0)
(0.705141 0 0)
(0.705129 0 0)
(0.705116 0 0)
(0.705104 0 0)
(0.705091 0 0)
(0.705079 0 0)
(0.705066 0 0)
(0.705054 0 0)
(0.705041 0 0)
(0.705029 0 0)
(0.705016 0 0)
(0.705004 0 0)
(0.704991 0 0)
(0.704979 0 0)
(0.704966 0 0)
(0.704953 0 0)
(0.704941 0 0)
(0.704928 0 0)
(0.704916 0 0)
(0.704903 0 0)
(0.70489 0 0)
(0.704878 0 0)
(0.704865 0 0)
(0.704852 0 0)
(0.70484 0 0)
(0.704827 0 0)
(0.704814 0 0)
(0.704802 0 0)
(0.704789 0 0)
(0.704776 0 0)
(0.704764 0 0)
(0.704751 0 0)
(0.704738 0 0)
(0.704726 0 0)
(0.704713 0 0)
(0.7047 0 0)
(0.704687 0 0)
(0.704675 0 0)
(0.704662 0 0)
(0.704649 0 0)
(0.704636 0 0)
(0.704623 0 0)
(0.704611 0 0)
(0.704598 0 0)
(0.704585 0 0)
(0.704572 0 0)
(0.704559 0 0)
(0.704546 0 0)
(0.704534 0 0)
(0.704521 0 0)
(0.704508 0 0)
(0.704495 0 0)
(0.704482 0 0)
(0.704469 0 0)
(0.704456 0 0)
(0.704444 0 0)
(0.704431 0 0)
(0.704418 0 0)
(0.704405 0 0)
(0.704392 0 0)
(0.704379 0 0)
(0.704366 0 0)
(0.704353 0 0)
(0.70434 0 0)
(0.704327 0 0)
(0.704314 0 0)
(0.704301 0 0)
(0.704288 0 0)
(0.704275 0 0)
(0.704262 0 0)
(0.704249 0 0)
(0.704236 0 0)
(0.704223 0 0)
(0.70421 0 0)
(0.704197 0 0)
(0.704184 0 0)
(0.704171 0 0)
(0.704158 0 0)
(0.704145 0 0)
(0.704132 0 0)
(0.704119 0 0)
(0.704106 0 0)
(0.704093 0 0)
(0.70408 0 0)
(0.704066 0 0)
(0.704053 0 0)
(0.70404 0 0)
(0.704027 0 0)
(0.704014 0 0)
(0.704001 0 0)
(0.703988 0 0)
(0.703975 0 0)
(0.703961 0 0)
(0.703948 0 0)
(0.703935 0 0)
(0.703922 0 0)
(0.703909 0 0)
(0.703895 0 0)
(0.703882 0 0)
(0.703869 0 0)
(0.703856 0 0)
(0.703843 0 0)
(0.703829 0 0)
(0.703816 0 0)
(0.703803 0 0)
(0.70379 0 0)
(0.703776 0 0)
(0.703763 0 0)
(0.70375 0 0)
(0.703737 0 0)
(0.703723 0 0)
(0.70371 0 0)
(0.703697 0 0)
(0.703683 0 0)
(0.70367 0 0)
(0.703657 0 0)
(0.703644 0 0)
(0.70363 0 0)
(0.703617 0 0)
(0.703604 0 0)
(0.70359 0 0)
(0.703577 0 0)
(0.703564 0 0)
(0.70355 0 0)
(0.703537 0 0)
(0.703523 0 0)
(0.70351 0 0)
(0.703497 0 0)
(0.703483 0 0)
(0.70347 0 0)
(0.703456 0 0)
(0.703443 0 0)
(0.70343 0 0)
(0.703416 0 0)
(0.703403 0 0)
(0.703389 0 0)
(0.703376 0 0)
(0.703362 0 0)
(0.703349 0 0)
(0.703336 0 0)
(0.703322 0 0)
(0.703309 0 0)
(0.703295 0 0)
(0.703282 0 0)
(0.703268 0 0)
(0.703255 0 0)
(0.703241 0 0)
(0.703228 0 0)
(0.703214 0 0)
(0.703201 0 0)
(0.703187 0 0)
(0.703174 0 0)
(0.70316 0 0)
(0.703146 0 0)
(0.703133 0 0)
(0.703119 0 0)
(0.703106 0 0)
(0.703092 0 0)
(0.703079 0 0)
(0.703065 0 0)
(0.703051 0 0)
(0.703038 0 0)
(0.703024 0 0)
(0.703011 0 0)
(0.702997 0 0)
(0.702983 0 0)
(0.70297 0 0)
(0.702956 0 0)
(0.702943 0 0)
(0.702929 0 0)
(0.702915 0 0)
(0.702902 0 0)
(0.702888 0 0)
(0.702874 0 0)
(0.702861 0 0)
(0.702847 0 0)
(0.702833 0 0)
(0.70282 0 0)
(0.702806 0 0)
(0.702792 0 0)
(0.702779 0 0)
(0.702765 0 0)
(0.702751 0 0)
(0.702737 0 0)
(0.702724 0 0)
(0.70271 0 0)
(0.702696 0 0)
(0.702682 0 0)
(0.702669 0 0)
(0.702655 0 0)
(0.702641 0 0)
(0.702627 0 0)
(0.702614 0 0)
(0.7026 0 0)
(0.702586 0 0)
(0.702572 0 0)
(0.702559 0 0)
(0.702545 0 0)
(0.702531 0 0)
(0.702517 0 0)
(0.702503 0 0)
(0.70249 0 0)
(0.702476 0 0)
(0.702462 0 0)
(0.702448 0 0)
(0.702434 0 0)
(0.70242 0 0)
(0.702407 0 0)
(0.702393 0 0)
(0.702379 0 0)
(0.702365 0 0)
(0.702351 0 0)
(0.702337 0 0)
(0.702323 0 0)
(0.702309 0 0)
(0.702296 0 0)
(0.702282 0 0)
(0.702268 0 0)
(0.702254 0 0)
(0.70224 0 0)
(0.702226 0 0)
(0.702212 0 0)
(0.702198 0 0)
(0.702184 0 0)
(0.70217 0 0)
(0.702156 0 0)
(0.702142 0 0)
(0.702128 0 0)
(0.702114 0 0)
(0.7021 0 0)
(0.702086 0 0)
(0.702073 0 0)
(0.702059 0 0)
(0.702045 0 0)
(0.702031 0 0)
(0.702017 0 0)
(0.702003 0 0)
(0.701989 0 0)
(0.701975 0 0)
(0.701961 0 0)
(0.701947 0 0)
(0.701932 0 0)
(0.701918 0 0)
(0.701904 0 0)
(0.70189 0 0)
(0.701876 0 0)
(0.701862 0 0)
(0.701848 0 0)
(0.701834 0 0)
(0.70182 0 0)
(0.701806 0 0)
(0.701792 0 0)
(0.701778 0 0)
(0.701764 0 0)
(0.70175 0 0)
(0.701736 0 0)
(0.701721 0 0)
(0.701707 0 0)
(0.701693 0 0)
(0.701679 0 0)
(0.701665 0 0)
(0.701651 0 0)
(0.701637 0 0)
(0.701623 0 0)
(0.701608 0 0)
(0.701594 0 0)
(0.70158 0 0)
(0.701566 0 0)
(0.701552 0 0)
(0.701538 0 0)
(0.701524 0 0)
(0.701509 0 0)
(0.701495 0 0)
(0.701481 0 0)
(0.701467 0 0)
(0.701453 0 0)
(0.701438 0 0)
(0.701424 0 0)
(0.70141 0 0)
(0.701396 0 0)
(0.701382 0 0)
(0.701367 0 0)
(0.701353 0 0)
(0.701339 0 0)
(0.701325 0 0)
(0.70131 0 0)
(0.701296 0 0)
(0.701282 0 0)
(0.701268 0 0)
(0.701253 0 0)
(0.701239 0 0)
(0.701225 0 0)
(0.701211 0 0)
(0.701196 0 0)
(0.701182 0 0)
(0.701168 0 0)
(0.701154 0 0)
(0.701139 0 0)
(0.701125 0 0)
(0.701111 0 0)
(0.701096 0 0)
(0.701082 0 0)
(0.701068 0 0)
(0.701053 0 0)
(0.701039 0 0)
(0.701025 0 0)
(0.70101 0 0)
(0.700996 0 0)
(0.700982 0 0)
(0.700967 0 0)
(0.700953 0 0)
(0.700939 0 0)
(0.700924 0 0)
(0.70091 0 0)
(0.700896 0 0)
(0.700881 0 0)
(0.700867 0 0)
(0.700852 0 0)
(0.700838 0 0)
(0.700824 0 0)
(0.700809 0 0)
(0.700795 0 0)
(0.70078 0 0)
(0.700766 0 0)
(0.700752 0 0)
(0.700737 0 0)
(0.700723 0 0)
(0.700708 0 0)
(0.700694 0 0)
(0.700679 0 0)
(0.700665 0 0)
(0.700651 0 0)
(0.700636 0 0)
(0.700622 0 0)
(0.700607 0 0)
(0.700593 0 0)
(0.700578 0 0)
(0.700564 0 0)
(0.700549 0 0)
(0.700535 0 0)
(0.70052 0 0)
(0.700506 0 0)
(0.700491 0 0)
(0.700477 0 0)
(0.700462 0 0)
(0.700448 0 0)
(0.700433 0 0)
(0.700419 0 0)
(0.700404 0 0)
(0.70039 0 0)
(0.700375 0 0)
(0.700361 0 0)
(0.700346 0 0)
(0.700332 0 0)
(0.700317 0 0)
(0.700303 0 0)
(0.700288 0 0)
(0.700273 0 0)
(0.700259 0 0)
(0.700244 0 0)
(0.70023 0 0)
(0.700215 0 0)
(0.700201 0 0)
(0.700186 0 0)
(0.700171 0 0)
(0.700157 0 0)
(0.700142 0 0)
(0.700128 0 0)
(0.700113 0 0)
(0.700098 0 0)
(0.700084 0 0)
(0.700069 0 0)
(0.700055 0 0)
(0.70004 0 0)
(0.700025 0 0)
(0.700011 0 0)
(0.699996 0 0)
(0.699981 0 0)
(0.699967 0 0)
(0.699952 0 0)
(0.699938 0 0)
(0.699923 0 0)
(0.699908 0 0)
(0.699894 0 0)
(0.699879 0 0)
(0.699864 0 0)
(0.69985 0 0)
(0.699835 0 0)
(0.69982 0 0)
(0.699806 0 0)
(0.699791 0 0)
(0.699776 0 0)
(0.699761 0 0)
(0.699747 0 0)
(0.699732 0 0)
(0.699717 0 0)
(0.699703 0 0)
(0.699688 0 0)
(0.699673 0 0)
(0.699658 0 0)
(0.699644 0 0)
(0.699629 0 0)
(0.699614 0 0)
(0.6996 0 0)
(0.699585 0 0)
(0.69957 0 0)
(0.699555 0 0)
(0.699541 0 0)
(0.699526 0 0)
(0.699511 0 0)
(0.699496 0 0)
(0.699481 0 0)
(0.699467 0 0)
(0.699452 0 0)
(0.699437 0 0)
(0.699422 0 0)
(0.699408 0 0)
(0.699393 0 0)
(0.699378 0 0)
(0.699363 0 0)
(0.699348 0 0)
(0.699334 0 0)
(0.699319 0 0)
(0.699304 0 0)
(0.699289 0 0)
(0.699274 0 0)
(0.699259 0 0)
(0.699245 0 0)
(0.69923 0 0)
(0.699215 0 0)
(0.6992 0 0)
(0.699185 0 0)
(0.69917 0 0)
(0.699156 0 0)
(0.699141 0 0)
(0.699126 0 0)
(0.699111 0 0)
(0.699096 0 0)
(0.699081 0 0)
(0.699066 0 0)
(0.699051 0 0)
(0.699037 0 0)
(0.699022 0 0)
(0.699007 0 0)
(0.698992 0 0)
(0.698977 0 0)
(0.698962 0 0)
(0.698947 0 0)
(0.698932 0 0)
(0.698917 0 0)
(0.698902 0 0)
(0.698888 0 0)
(0.698873 0 0)
(0.698858 0 0)
(0.698843 0 0)
(0.698828 0 0)
(0.698813 0 0)
(0.698798 0 0)
(0.698783 0 0)
(0.698768 0 0)
(0.698753 0 0)
(0.698738 0 0)
(0.698723 0 0)
(0.698708 0 0)
(0.698693 0 0)
(0.698678 0 0)
(0.698663 0 0)
(0.698648 0 0)
(0.698633 0 0)
(0.698618 0 0)
(0.698603 0 0)
(0.698588 0 0)
(0.698573 0 0)
(0.698558 0 0)
(0.698543 0 0)
(0.698528 0 0)
(0.698513 0 0)
(0.698498 0 0)
(0.698483 0 0)
(0.698468 0 0)
(0.698453 0 0)
(0.698438 0 0)
(0.698423 0 0)
(0.698408 0 0)
(0.698393 0 0)
(0.698378 0 0)
(0.698363 0 0)
(0.698348 0 0)
(0.698333 0 0)
(0.698318 0 0)
(0.698303 0 0)
(0.698288 0 0)
)
;

boundaryField
{
    inlet
    {
        type            fractionalVelocity;
        U               1((1 0 0));
        fractionalFlow  Fa;
        value           uniform (0.709421 0 0);
    }
    outlet
    {
        type            zeroGradient;
    }
    emptyWalls
    {
        type            empty;
    }
}


// ************************************************************************* //
