/*--------------------------------*- C++ -*----------------------------------*\
  =========                 |
  \\      /  F ield         | OpenFOAM: The Open Source CFD Toolbox
   \\    /   O peration     | Website:  https://openfoam.org
    \\  /    A nd           | Version:  9
     \\/     M anipulation  |
\*---------------------------------------------------------------------------*/
FoamFile
{
    format      ascii;
    class       surfaceScalarField;
    location    "7.8";
    object      phic;
}
// * * * * * * * * * * * * * * * * * * * * * * * * * * * * * * * * * * * * * //

dimensions      [0 2 0 0 0 0 0];

internalField   nonuniform List<scalar> 
999
(
2.27233e-06
5.91438e-06
1.0807e-05
1.68861e-05
2.41069e-05
3.24342e-05
4.18381e-05
5.22927e-05
6.37742e-05
7.62611e-05
8.97331e-05
0.000104171
0.000119557
0.000135874
0.000153105
0.000171235
0.000190248
0.00021013
0.000230867
0.000252445
0.00027485
0.000298071
0.000322093
0.000346906
0.000372498
0.000398856
0.00042597
0.000453829
0.000482423
0.00051174
0.000541771
0.000572506
0.000603935
0.000636049
0.000668838
0.000702295
0.000736409
0.000771172
0.000806577
0.000842614
0.000879275
0.000916553
0.00095444
0.000992929
0.00103201
0.00107168
0.00111193
0.00115275
0.00119414
0.00123609
0.00127858
0.00132163
0.00136522
0.00140933
0.00145398
0.00149915
0.00154483
0.00159103
0.00163772
0.00168492
0.00173261
0.00178079
0.00182945
0.00187859
0.0019282
0.00197828
0.00202882
0.00207982
0.00213128
0.00218318
0.00223552
0.00228831
0.00234153
0.00239518
0.00244925
0.00250375
0.00255867
0.002614
0.00266974
0.00272589
0.00278244
0.00283939
0.00289674
0.00295447
0.00301259
0.0030711
0.00312998
0.00318925
0.00324888
0.00330889
0.00336926
0.00343
0.00349109
0.00355255
0.00361436
0.00367652
0.00373902
0.00380187
0.00386507
0.0039286
0.00399247
0.00405667
0.0041212
0.00418607
0.00425125
0.00431676
0.00438259
0.00444874
0.0045152
0.00458197
0.00464905
0.00471644
0.00478414
0.00485214
0.00492043
0.00498903
0.00505792
0.00512711
0.00519658
0.00526635
0.0053364
0.00540673
0.00547735
0.00554825
0.00561943
0.00569088
0.00576261
0.00583461
0.00590688
0.00597942
0.00605223
0.0061253
0.00619864
0.00627223
0.00634609
0.0064202
0.00649456
0.00656919
0.00664406
0.00671918
0.00679456
0.00687018
0.00694604
0.00702215
0.0070985
0.0071751
0.00725193
0.007329
0.0074063
0.00748384
0.00756162
0.00763962
0.00771786
0.00779632
0.00787501
0.00795393
0.00803307
0.00811244
0.00819202
0.00827183
0.00835186
0.0084321
0.00851256
0.00859324
0.00867413
0.00875523
0.00883655
0.00891807
0.0089998
0.00908175
0.00916389
0.00924625
0.00932881
0.00941157
0.00949453
0.0095777
0.00966106
0.00974462
0.00982838
0.00991234
0.00999649
0.0100808
0.0101654
0.0102501
0.010335
0.0104202
0.0105055
0.010591
0.0106766
0.0107625
0.0108486
0.0109348
0.0110212
0.0111078
0.0111946
0.0112816
0.0113687
0.011456
0.0115435
0.0116312
0.0117191
0.0118071
0.0118953
0.0119837
0.0120723
0.012161
0.0122499
0.012339
0.0124282
0.0125176
0.0126072
0.0126969
0.0127868
0.0128769
0.0129672
0.0130576
0.0131482
0.0132389
0.0133298
0.0134208
0.0135121
0.0136035
0.013695
0.0137867
0.0138786
0.0139706
0.0140627
0.0141551
0.0142476
0.0143402
0.014433
0.0145259
0.0146191
0.0147123
0.0148057
0.0148993
0.014993
0.0150868
0.0151808
0.015275
0.0153693
0.0154638
0.0155584
0.0156531
0.015748
0.0158431
0.0159382
0.0160336
0.016129
0.0162247
0.0163204
0.0164163
0.0165124
0.0166086
0.0167049
0.0168014
0.016898
0.0169947
0.0170916
0.0171886
0.0172858
0.0173831
0.0174805
0.0175781
0.0176758
0.0177737
0.0178716
0.0179698
0.018068
0.0181664
0.0182649
0.0183636
0.0184624
0.0185613
0.0186603
0.0187595
0.0188588
0.0189583
0.0190578
0.0191575
0.0192574
0.0193573
0.0194574
0.0195576
0.019658
0.0197585
0.0198591
0.0199598
0.0200606
0.0201616
0.0202627
0.020364
0.0204653
0.0205668
0.0206684
0.0207701
0.020872
0.020974
0.0210761
0.0211783
0.0212806
0.0213831
0.0214857
0.0215884
0.0216912
0.0217942
0.0218973
0.0220005
0.0221038
0.0222072
0.0223108
0.0224145
0.0225182
0.0226222
0.0227262
0.0228303
0.0229346
0.023039
0.0231435
0.0232481
0.0233528
0.0234577
0.0235627
0.0236677
0.0237729
0.0238783
0.0239837
0.0240892
0.0241949
0.0243007
0.0244066
0.0245126
0.0246187
0.0247249
0.0248312
0.0249377
0.0250443
0.025151
0.0252578
0.0253647
0.0254717
0.0255788
0.0256861
0.0257934
0.0259009
0.0260085
0.0261162
0.026224
0.0263319
0.0264399
0.026548
0.0266563
0.0267646
0.0268731
0.0269817
0.0270904
0.0271991
0.027308
0.0274171
0.0275262
0.0276354
0.0277447
0.0278542
0.0279637
0.0280734
0.0281832
0.0282931
0.0284031
0.0285131
0.0286233
0.0287337
0.0288441
0.0289546
0.0290652
0.029176
0.0292868
0.0293978
0.0295088
0.02962
0.0297313
0.0298426
0.0299541
0.0300657
0.0301774
0.0302892
0.0304011
0.0305132
0.0306253
0.0307375
0.0308498
0.0309623
0.0310748
0.0311875
0.0313002
0.0314131
0.0315261
0.0316391
0.0317523
0.0318656
0.031979
0.0320925
0.0322061
0.0323198
0.0324336
0.0325475
0.0326615
0.0327757
0.0328899
0.0330042
0.0331187
0.0332332
0.0333479
0.0334626
0.0335775
0.0336924
0.0338075
0.0339227
0.034038
0.0341534
0.0342688
0.0343844
0.0345001
0.034616
0.0347319
0.0348479
0.034964
0.0350802
0.0351966
0.035313
0.0354296
0.0355462
0.035663
0.0357799
0.0358968
0.0360139
0.0361311
0.0362484
0.0363658
0.0364833
0.0366009
0.0367186
0.0368365
0.0369544
0.0370724
0.0371906
0.0373089
0.0374272
0.0375457
0.0376643
0.037783
0.0379018
0.0380207
0.0381397
0.0382589
0.0383781
0.0384975
0.0386169
0.0387365
0.0388562
0.038976
0.0390959
0.0392159
0.0393361
0.0394563
0.0395767
0.0396971
0.0398177
0.0399384
0.0400593
0.0401802
0.0403012
0.0404224
0.0405437
0.0406651
0.0407866
0.0409083
0.04103
0.0411519
0.0412739
0.041396
0.0415182
0.0416406
0.0417631
0.0418857
0.0420084
0.0421313
0.0422543
0.0423774
0.0425006
0.042624
0.0427475
0.0428711
0.0429948
0.0431187
0.0432427
0.0433669
0.0434912
0.0436156
0.0437401
0.0438648
0.0439897
0.0441147
0.0442398
0.044365
0.0444905
0.044616
0.0447417
0.0448676
0.0449936
0.0451197
0.0452461
0.0453725
0.0454992
0.045626
0.0457529
0.04588
0.0460073
0.0461348
0.0462624
0.0463902
0.0465182
0.0466464
0.0467748
0.0469033
0.0470321
0.047161
0.0472901
0.0474194
0.047549
0.0476787
0.0478087
0.0479389
0.0480693
0.0481999
0.0483307
0.0484618
0.0485932
0.0487248
0.0488566
0.0489888
0.0491211
0.0492538
0.0493868
0.04952
0.0496535
0.0497874
0.0499216
0.0500561
0.0501909
0.0503261
0.0504617
0.0505976
0.050734
0.0508707
0.0510078
0.0511454
0.0512835
0.051422
0.051561
0.0517005
0.0518406
0.0519812
0.0521223
0.0522641
0.0524066
0.0525497
0.0526935
0.052838
0.0529833
0.0531294
0.0532764
0.0534243
0.0535731
0.0537229
0.0538739
0.0540259
0.0541792
0.0543337
0.0544897
0.0546471
0.054806
0.0549666
0.0551291
0.0552934
0.0554598
0.0556285
0.0557996
0.0559733
0.0561499
0.0563295
0.0565125
0.0566992
0.0568899
0.057085
0.057285
0.0574904
0.0577018
0.0579197
0.0581451
0.0583788
0.0586219
0.0588755
0.059141
0.0594203
0.0597153
0.0600285
0.0603628
0.060722
0.0611104
0.0615338
0.0619995
0.0625167
0.0630977
0.0637588
0.0645226
0.0654205
0.0664985
0.0678256
0.069511
0.0717377
0.0748365
0.0794703
0.0871728
0.102406
0.144199
0.17073
0.192022
0.204299
0.210833
0.216131
0.222442
0.229845
0.237352
0.243661
0.247524
0.24808
0.245288
0.240185
0.234532
0.229984
0.227425
0.226901
0.227943
0.229914
0.23221
0.234336
0.235938
0.236814
0.236922
0.236375
0.235406
0.234301
0.233323
0.232654
0.232369
0.232445
0.23279
0.23328
0.233789
0.234216
0.234493
0.234599
0.234548
0.234385
0.234166
0.233949
0.233779
0.233682
0.233662
0.233707
0.233794
0.233897
0.233991
0.234058
0.234089
0.234086
0.234055
0.234007
0.233955
0.233908
0.233875
0.233858
0.233856
0.233865
0.23388
0.233895
0.233908
0.233914
0.233915
0.23391
0.233903
0.233895
0.233889
0.233887
0.233889
0.233895
0.233903
0.233914
0.233924
0.233933
0.233939
0.233943
0.233945
0.233944
0.233942
0.233939
0.233936
0.233933
0.233931
0.233929
0.233928
0.233929
0.233929
0.233931
0.233933
0.233935
0.233938
0.233942
0.233946
0.233951
0.233956
0.233962
0.233968
0.233974
0.23398
0.233986
0.233991
0.233995
0.233999
0.234002
0.234004
0.234005
0.234006
0.234006
0.234005
0.234004
0.234003
0.234001
0.233999
0.233996
0.233994
0.233991
0.233989
0.233986
0.233984
0.233982
0.233981
0.23398
0.233979
0.233979
0.23398
0.233981
0.233983
0.233985
0.233988
0.233991
0.233994
0.233998
0.234001
0.234005
0.234009
0.234013
0.234016
0.23402
0.234023
0.234026
0.234028
0.23403
0.234032
0.234033
0.234034
0.234034
0.234034
0.234034
0.234034
0.234033
0.234032
0.234031
0.23403
0.234029
0.234028
0.234028
0.234027
0.234027
0.234026
0.234027
0.234027
0.234028
0.234029
0.23403
0.234032
0.234034
0.234036
0.234039
0.234041
0.234044
0.234047
0.23405
0.234053
0.234056
0.234059
0.234061
0.234064
0.234066
0.234068
0.23407
0.234072
0.234073
0.234074
0.234075
0.234075
0.234076
0.234076
0.234076
0.234075
0.234075
0.234074
0.234074
0.234073
0.234073
0.234072
0.234072
0.234072
0.234071
0.234071
0.234071
0.234072
0.234072
0.234072
0.234073
0.234074
0.234075
0.234076
0.234077
0.234079
0.23408
0.234081
0.234083
0.234084
0.234086
0.234087
0.234089
0.23409
0.234092
0.234093
0.234095
0.234096
0.234098
0.234099
0.2341
0.234102
0.234103
0.234105
0.234106
0.234108
0.234109
0.234111
0.234113
0.234114
0.234116
0.234118
0.23412
0.234123
0.234125
0.234127
0.23413
0.234132
0.234134
0.234137
0.234139
0.234142
0.234144
0.234146
0.234148
0.23415
0.234152
0.234154
0.234156
0.234157
0.234159
0.23416
0.234161
0.234162
0.234163
0.234164
0.234165
0.234165
0.234166
0.234166
0.234167
0.234167
0.234168
0.234168
0.234169
0.234169
0.23417
0.234171
0.234172
0.234173
0.234174
0.234175
0.234177
0.234178
0.23418
0.234182
0.234184
0.234186
0.234188
0.23419
0.234192
0.234194
0.234196
0.234199
0.234201
0.234203
0.234205
0.234207
0.234209
0.234211
0.234213
0.234215
0.234216
0.234218
0.234219
0.23422
0.234221
0.234222
0.234223
0.234224
0.234225
0.234226
0.234226
0.234227
0.234227
0.234227
0.234228
0.234228
0.234228
0.234228
0.234229
0.234229
0.234229
0.23423
0.23423
0.234231
0.234231
0.234232
0.234233
0.234233
0.234234
0.234235
0.234236
0.234237
0.234238
0.234239
0.234241
0.234242
0.234243
0.234245
0.234246
0.234247
0.234249
0.23425
0.234252
0.234253
0.234255
0.234256
0.234258
0.234259
0.234261
0.234262
0.234264
0.234265
0.234267
0.234268
0.23427
0.234271
0.234273
0.234275
0.234276
0.234278
0.23428
0.234281
0.234283
0.234285
0.234287
0.234289
0.234291
0.234292
0.234294
0.234296
0.234298
0.2343
0.234302
0.234304
0.234307
0.234309
0.234311
0.234313
)
;

boundaryField
{
    inlet
    {
        type            calculated;
        value           uniform 0;
    }
    outlet
    {
        type            calculated;
        value           uniform 0.234315;
    }
    emptyWalls
    {
        type            empty;
        value           nonuniform List<scalar> 0();
    }
}


// ************************************************************************* //
