/*--------------------------------*- C++ -*----------------------------------*\
  =========                 |
  \\      /  F ield         | OpenFOAM: The Open Source CFD Toolbox
   \\    /   O peration     | Website:  https://openfoam.org
    \\  /    A nd           | Version:  9
     \\/     M anipulation  |
\*---------------------------------------------------------------------------*/
FoamFile
{
    format      ascii;
    class       volScalarField;
    location    "3.5";
    object      Sa;
}
// * * * * * * * * * * * * * * * * * * * * * * * * * * * * * * * * * * * * * //

dimensions      [0 0 0 0 0 0 0];

internalField   nonuniform List<scalar> 
1000
(
0.498344
0.497348
0.496441
0.495582
0.494756
0.493957
0.493179
0.492422
0.491681
0.490957
0.490248
0.489552
0.48887
0.4882
0.487541
0.486894
0.486258
0.485632
0.485016
0.48441
0.483812
0.483224
0.482644
0.482073
0.48151
0.480954
0.480406
0.479865
0.479332
0.478805
0.478286
0.477772
0.477266
0.476765
0.476271
0.475782
0.475299
0.474822
0.474351
0.473884
0.473424
0.472968
0.472517
0.472071
0.47163
0.471193
0.470761
0.470334
0.469911
0.469492
0.469078
0.468668
0.468261
0.467859
0.467461
0.467066
0.466675
0.466288
0.465905
0.465525
0.465148
0.464775
0.464405
0.464038
0.463675
0.463315
0.462958
0.462604
0.462253
0.461905
0.46156
0.461218
0.460878
0.460542
0.460208
0.459876
0.459548
0.459222
0.458898
0.458577
0.458258
0.457942
0.457629
0.457317
0.457008
0.456701
0.456397
0.456095
0.455795
0.455497
0.455201
0.454907
0.454615
0.454326
0.454038
0.453752
0.453469
0.453187
0.452907
0.452629
0.452353
0.452079
0.451806
0.451535
0.451266
0.450999
0.450734
0.45047
0.450207
0.449947
0.449688
0.44943
0.449175
0.44892
0.448668
0.448417
0.448167
0.447919
0.447672
0.447427
0.447183
0.44694
0.446699
0.44646
0.446221
0.445984
0.445749
0.445514
0.445281
0.44505
0.444819
0.44459
0.444362
0.444135
0.44391
0.443686
0.443463
0.443241
0.44302
0.4428
0.442582
0.442364
0.442148
0.441933
0.441719
0.441506
0.441294
0.441083
0.440873
0.440665
0.440457
0.44025
0.440044
0.439839
0.439636
0.439433
0.439231
0.43903
0.43883
0.438631
0.438433
0.438236
0.438039
0.437844
0.437649
0.437456
0.437263
0.437071
0.43688
0.436689
0.4365
0.436311
0.436123
0.435936
0.43575
0.435565
0.43538
0.435196
0.435013
0.434831
0.434649
0.434468
0.434288
0.434108
0.43393
0.433752
0.433574
0.433398
0.433222
0.433047
0.432872
0.432698
0.432525
0.432352
0.43218
0.432009
0.431838
0.431668
0.431498
0.431329
0.431161
0.430993
0.430826
0.43066
0.430493
0.430328
0.430163
0.429999
0.429835
0.429671
0.429509
0.429346
0.429184
0.429023
0.428862
0.428702
0.428542
0.428382
0.428223
0.428064
0.427906
0.427748
0.42759
0.427433
0.427276
0.42712
0.426964
0.426808
0.426652
0.426497
0.426342
0.426187
0.426032
0.425878
0.425724
0.42557
0.425416
0.425262
0.425108
0.424954
0.4248
0.424646
0.424492
0.424337
0.424183
0.424028
0.423873
0.423717
0.423561
0.423404
0.423247
0.423088
0.422929
0.422769
0.422607
0.422444
0.42228
0.422113
0.421944
0.421773
0.421599
0.421422
0.421241
0.421056
0.420865
0.420669
0.420466
0.420255
0.420034
0.419802
0.419556
0.419293
0.419011
0.418702
0.418362
0.417981
0.417547
0.417042
0.416438
0.415695
0.414743
0.413464
0.411625
0.408726
0.403517
0.390781
0.31363
0.311927
0.309791
0.307708
0.306167
0.305617
0.306287
0.307934
0.309859
0.311334
0.312037
0.312054
0.311632
0.311003
0.310336
0.309746
0.30931
0.309076
0.309053
0.309214
0.309496
0.309815
0.310093
0.310276
0.310345
0.310312
0.310206
0.310066
0.309928
0.309818
0.309752
0.309736
0.309762
0.309816
0.309882
0.309943
0.309988
0.31001
0.31001
0.309992
0.309965
0.309935
0.309909
0.309892
0.309886
0.309889
0.309899
0.309912
0.309925
0.309936
0.309942
0.309943
0.309941
0.309936
0.309929
0.309924
0.309919
0.309917
0.309917
0.309919
0.309922
0.309925
0.309927
0.309929
0.309929
0.309929
0.309928
0.309927
0.309925
0.309924
0.309924
0.309923
0.309923
0.309924
0.309924
0.309924
0.309924
0.309924
0.309924
0.309923
0.309922
0.309921
0.309921
0.30992
0.309919
0.309918
0.309917
0.309917
0.309916
0.309915
0.309915
0.309914
0.309913
0.309913
0.309913
0.309913
0.309913
0.309913
0.309913
0.309914
0.309914
0.309915
0.309916
0.309917
0.309918
0.309919
0.30992
0.309921
0.309922
0.309922
0.309923
0.309924
0.309925
0.309925
0.309926
0.309926
0.309926
0.309927
0.309927
0.309927
0.309927
0.309928
0.309928
0.309928
0.309928
0.309928
0.309928
0.309928
0.309928
0.309928
0.309928
0.309928
0.309928
0.309928
0.309928
0.309928
0.309928
0.309928
0.309928
0.309928
0.309927
0.309927
0.309927
0.309927
0.309927
0.309926
0.309926
0.309926
0.309926
0.309925
0.309925
0.309924
0.309924
0.309924
0.309923
0.309923
0.309922
0.309922
0.309921
0.309921
0.309921
0.30992
0.30992
0.30992
0.309919
0.309919
0.309919
0.309919
0.309919
0.309919
0.309919
0.309919
0.30992
0.30992
0.30992
0.309921
0.309921
0.309921
0.309922
0.309922
0.309923
0.309923
0.309924
0.309924
0.309925
0.309926
0.30993
0.309952
0.31012
0.311927
0.321999
0.329227
0.329562
0.329563
0.329563
0.329563
0.329563
0.329562
0.329562
0.329561
0.329561
0.32956
0.32956
0.329559
0.329559
0.329558
0.329558
0.329558
0.329557
0.329557
0.329557
0.329557
0.329557
0.329557
0.329558
0.329558
0.329558
0.329558
0.329559
0.329559
0.329559
0.32956
0.32956
0.32956
0.329561
0.329561
0.329561
0.329561
0.329561
0.329561
0.329561
0.329561
0.329561
0.329561
0.32956
0.32956
0.32956
0.329559
0.329559
0.329559
0.329558
0.329558
0.329558
0.329557
0.329557
0.329557
0.329557
0.329556
0.329556
0.329556
0.329556
0.329556
0.329556
0.329556
0.329556
0.329556
0.329556
0.329556
0.329556
0.329556
0.329556
0.329556
0.329556
0.329556
0.329556
0.329556
0.329556
0.329556
0.329555
0.329555
0.329555
0.329555
0.329555
0.329555
0.329555
0.329555
0.329555
0.329555
0.329555
0.329555
0.329555
0.329555
0.329555
0.329555
0.329554
0.329554
0.329554
0.329554
0.329554
0.329554
0.329554
0.329554
0.329554
0.329553
0.329553
0.329553
0.329553
0.329553
0.329552
0.329552
0.329552
0.329552
0.329552
0.329551
0.329551
0.329551
0.329551
0.32955
0.32955
0.32955
0.32955
0.32955
0.329549
0.329549
0.329549
0.329549
0.329549
0.329549
0.329549
0.329549
0.329549
0.329548
0.329548
0.329548
0.329548
0.329548
0.329548
0.329548
0.329548
0.329548
0.329548
0.329548
0.329548
0.329548
0.329548
0.329548
0.329548
0.329548
0.329548
0.329548
0.329548
0.329548
0.329548
0.329548
0.329548
0.329548
0.329548
0.329548
0.329548
0.329548
0.329548
0.329548
0.329548
0.329548
0.329547
0.329547
0.329547
0.329547
0.329547
0.329547
0.329547
0.329547
0.329547
0.329547
0.329547
0.329547
0.329547
0.329547
0.329547
0.329547
0.329547
0.329547
0.329547
0.329547
0.329547
0.329547
0.329547
0.329547
0.329547
0.329546
0.329546
0.329546
0.329546
0.329546
0.329546
0.329546
0.329546
0.329546
0.329546
0.329546
0.329545
0.329545
0.329545
0.329545
0.329545
0.329545
0.329545
0.329544
0.329544
0.329544
0.329544
0.329544
0.329544
0.329544
0.329543
0.329543
0.329543
0.329543
0.329543
0.329543
0.329543
0.329543
0.329543
0.329542
0.329542
0.329542
0.329542
0.329542
0.329542
0.329542
0.329542
0.329542
0.329542
0.329542
0.329542
0.329542
0.329542
0.329542
0.329542
0.329542
0.329542
0.329542
0.329542
0.329542
0.329542
0.329541
0.329541
0.329541
0.329541
0.329541
0.329541
0.329541
0.329541
0.329541
0.329541
0.329533
0.32918
0.307382
0.0276538
0
0
0
0
0
0
0
0
0
0
0
0
0
0
0
0
0
0
0
0
0
0
0
0
0
0
0
0
0
0
0
0
0
0
0
0
0
0
0
0
0
0
0
0
0
0
0
0
0
0
0
0
0
0
0
0
0
0
0
0
0
0
0
0
0
0
0
0
0
0
0
0
0
0
0
0
0
0
0
0
0
0
0
0
0
0
0
0
0
0
0
0
0
0
0
0
0
0
0
0
0
0
0
0
0
0
0
0
0
0
0
0
0
0
0
0
0
0
0
0
0
0
0
0
0
0
0
0
0
0
0
0
0
0
0
0
0
0
0
0
0
0
0
0
0
0
0
0
0
0
0
0
0
0
0
0
0
0
0
0
0
0
0
0
0
0
0
0
0
0
0
0
0
0
0
0
0
0
0
0
0
0
0
0
0
0
0
0
0
0
0
0
0
0
0
0
0
0
0
0
0
0
0
0
0
0
0
0
0
0
0
0
0
0
0
0
0
0
0
0
0
0
0
0
0
0
0
0
0
0
0
0
0
0
0
0
0
0
0
0
0
0
0
0
0
0
0
0
0
0
0
0
0
0
0
0
0
0
0
0
0
0
0
0
0
)
;

boundaryField
{
    inlet
    {
        type            fixedValue;
        value           uniform 0.5;
    }
    outlet
    {
        type            zeroGradient;
    }
    emptyWalls
    {
        type            empty;
    }
}


// ************************************************************************* //
