/*--------------------------------*- C++ -*----------------------------------*\
  =========                 |
  \\      /  F ield         | OpenFOAM: The Open Source CFD Toolbox
   \\    /   O peration     | Website:  https://openfoam.org
    \\  /    A nd           | Version:  9
     \\/     M anipulation  |
\*---------------------------------------------------------------------------*/
FoamFile
{
    format      ascii;
    class       volVectorField;
    location    "3.5";
    object      Uc;
}
// * * * * * * * * * * * * * * * * * * * * * * * * * * * * * * * * * * * * * //

dimensions      [0 0 0 0 0 0 0];

internalField   nonuniform List<vector> 
1000
(
(5.34055e-06 0 0)
(1.91542e-05 0 0)
(3.89019e-05 0 0)
(6.40575e-05 0 0)
(9.42824e-05 0 0)
(0.000129315 0 0)
(0.000168936 0 0)
(0.000212955 0 0)
(0.000261199 0 0)
(0.000313514 0 0)
(0.000369755 0 0)
(0.000429788 0 0)
(0.00049349 0 0)
(0.000560743 0 0)
(0.000631437 0 0)
(0.000705469 0 0)
(0.000782739 0 0)
(0.000863155 0 0)
(0.000946628 0 0)
(0.00103307 0 0)
(0.00112241 0 0)
(0.00121456 0 0)
(0.00130946 0 0)
(0.00140702 0 0)
(0.00150719 0 0)
(0.0016099 0 0)
(0.00171509 0 0)
(0.00182269 0 0)
(0.00193266 0 0)
(0.00204493 0 0)
(0.00215946 0 0)
(0.0022762 0 0)
(0.00239508 0 0)
(0.00251608 0 0)
(0.00263914 0 0)
(0.00276422 0 0)
(0.00289127 0 0)
(0.00302027 0 0)
(0.00315116 0 0)
(0.00328391 0 0)
(0.00341848 0 0)
(0.00355484 0 0)
(0.00369295 0 0)
(0.00383278 0 0)
(0.0039743 0 0)
(0.00411747 0 0)
(0.00426228 0 0)
(0.00440867 0 0)
(0.00455664 0 0)
(0.00470615 0 0)
(0.00485718 0 0)
(0.00500969 0 0)
(0.00516367 0 0)
(0.00531909 0 0)
(0.00547592 0 0)
(0.00563415 0 0)
(0.00579374 0 0)
(0.00595469 0 0)
(0.00611697 0 0)
(0.00628055 0 0)
(0.00644542 0 0)
(0.00661156 0 0)
(0.00677895 0 0)
(0.00694757 0 0)
(0.0071174 0 0)
(0.00728843 0 0)
(0.00746064 0 0)
(0.00763401 0 0)
(0.00780853 0 0)
(0.00798418 0 0)
(0.00816094 0 0)
(0.00833881 0 0)
(0.00851776 0 0)
(0.00869778 0 0)
(0.00887887 0 0)
(0.009061 0 0)
(0.00924416 0 0)
(0.00942834 0 0)
(0.00961352 0 0)
(0.0097997 0 0)
(0.00998687 0 0)
(0.010175 0 0)
(0.0103641 0 0)
(0.0105541 0 0)
(0.0107451 0 0)
(0.010937 0 0)
(0.0111299 0 0)
(0.0113236 0 0)
(0.0115182 0 0)
(0.0117138 0 0)
(0.0119102 0 0)
(0.0121074 0 0)
(0.0123055 0 0)
(0.0125045 0 0)
(0.0127044 0 0)
(0.012905 0 0)
(0.0131065 0 0)
(0.0133088 0 0)
(0.0135119 0 0)
(0.0137158 0 0)
(0.0139206 0 0)
(0.0141261 0 0)
(0.0143323 0 0)
(0.0145394 0 0)
(0.0147472 0 0)
(0.0149558 0 0)
(0.0151652 0 0)
(0.0153752 0 0)
(0.0155861 0 0)
(0.0157976 0 0)
(0.0160099 0 0)
(0.016223 0 0)
(0.0164367 0 0)
(0.0166512 0 0)
(0.0168663 0 0)
(0.0170822 0 0)
(0.0172987 0 0)
(0.017516 0 0)
(0.0177339 0 0)
(0.0179526 0 0)
(0.0181719 0 0)
(0.0183918 0 0)
(0.0186125 0 0)
(0.0188338 0 0)
(0.0190557 0 0)
(0.0192783 0 0)
(0.0195016 0 0)
(0.0197255 0 0)
(0.0199501 0 0)
(0.0201753 0 0)
(0.0204011 0 0)
(0.0206276 0 0)
(0.0208547 0 0)
(0.0210824 0 0)
(0.0213107 0 0)
(0.0215397 0 0)
(0.0217693 0 0)
(0.0219994 0 0)
(0.0222302 0 0)
(0.0224616 0 0)
(0.0226936 0 0)
(0.0229262 0 0)
(0.0231594 0 0)
(0.0233932 0 0)
(0.0236276 0 0)
(0.0238626 0 0)
(0.0240982 0 0)
(0.0243343 0 0)
(0.024571 0 0)
(0.0248084 0 0)
(0.0250463 0 0)
(0.0252847 0 0)
(0.0255238 0 0)
(0.0257634 0 0)
(0.0260036 0 0)
(0.0262443 0 0)
(0.0264857 0 0)
(0.0267276 0 0)
(0.02697 0 0)
(0.027213 0 0)
(0.0274566 0 0)
(0.0277008 0 0)
(0.0279455 0 0)
(0.0281908 0 0)
(0.0284366 0 0)
(0.028683 0 0)
(0.0289299 0 0)
(0.0291774 0 0)
(0.0294255 0 0)
(0.0296741 0 0)
(0.0299232 0 0)
(0.0301729 0 0)
(0.0304232 0 0)
(0.030674 0 0)
(0.0309254 0 0)
(0.0311774 0 0)
(0.0314298 0 0)
(0.0316829 0 0)
(0.0319365 0 0)
(0.0321907 0 0)
(0.0324454 0 0)
(0.0327006 0 0)
(0.0329565 0 0)
(0.0332129 0 0)
(0.0334698 0 0)
(0.0337273 0 0)
(0.0339854 0 0)
(0.034244 0 0)
(0.0345033 0 0)
(0.034763 0 0)
(0.0350234 0 0)
(0.0352843 0 0)
(0.0355458 0 0)
(0.0358079 0 0)
(0.0360706 0 0)
(0.0363338 0 0)
(0.0365977 0 0)
(0.0368621 0 0)
(0.0371271 0 0)
(0.0373928 0 0)
(0.037659 0 0)
(0.0379259 0 0)
(0.0381933 0 0)
(0.0384614 0 0)
(0.0387301 0 0)
(0.0389995 0 0)
(0.0392695 0 0)
(0.0395401 0 0)
(0.0398114 0 0)
(0.0400834 0 0)
(0.040356 0 0)
(0.0406293 0 0)
(0.0409033 0 0)
(0.041178 0 0)
(0.0414535 0 0)
(0.0417296 0 0)
(0.0420065 0 0)
(0.0422842 0 0)
(0.0425626 0 0)
(0.0428418 0 0)
(0.0431218 0 0)
(0.0434026 0 0)
(0.0436843 0 0)
(0.0439668 0 0)
(0.0442502 0 0)
(0.0445345 0 0)
(0.0448198 0 0)
(0.045106 0 0)
(0.0453932 0 0)
(0.0456814 0 0)
(0.0459707 0 0)
(0.0462611 0 0)
(0.0465526 0 0)
(0.0468453 0 0)
(0.0471393 0 0)
(0.0474345 0 0)
(0.0477311 0 0)
(0.0480291 0 0)
(0.0483285 0 0)
(0.0486295 0 0)
(0.0489322 0 0)
(0.0492365 0 0)
(0.0495427 0 0)
(0.0498509 0 0)
(0.0501611 0 0)
(0.0504734 0 0)
(0.0507882 0 0)
(0.0511054 0 0)
(0.0514253 0 0)
(0.0517481 0 0)
(0.052074 0 0)
(0.0524032 0 0)
(0.0527362 0 0)
(0.0530731 0 0)
(0.0534144 0 0)
(0.0537605 0 0)
(0.0541119 0 0)
(0.0544691 0 0)
(0.0548327 0 0)
(0.0552036 0 0)
(0.0555824 0 0)
(0.0559703 0 0)
(0.0563685 0 0)
(0.0567782 0 0)
(0.0572011 0 0)
(0.0576392 0 0)
(0.0580948 0 0)
(0.058571 0 0)
(0.059071 0 0)
(0.0595995 0 0)
(0.0601619 0 0)
(0.0607653 0 0)
(0.0614187 0 0)
(0.0621341 0 0)
(0.0629275 0 0)
(0.0638208 0 0)
(0.0648448 0 0)
(0.0660443 0 0)
(0.0674865 0 0)
(0.0692781 0 0)
(0.0715974 0 0)
(0.0747672 0 0)
(0.0794384 0 0)
(0.0871424 0 0)
(0.102487 0 0)
(0.148628 0 0)
(0.199821 0 0)
(0.223126 0 0)
(0.235647 0 0)
(0.24522 0 0)
(0.25445 0 0)
(0.260578 0 0)
(0.260088 0 0)
(0.252567 0 0)
(0.241444 0 0)
(0.231417 0 0)
(0.225352 0 0)
(0.223536 0 0)
(0.224846 0 0)
(0.227936 0 0)
(0.231717 0 0)
(0.235396 0 0)
(0.238403 0 0)
(0.240355 0 0)
(0.241068 0 0)
(0.240595 0 0)
(0.239226 0 0)
(0.237416 0 0)
(0.235652 0 0)
(0.234315 0 0)
(0.233605 0 0)
(0.233529 0 0)
(0.23396 0 0)
(0.234694 0 0)
(0.235518 0 0)
(0.236248 0 0)
(0.236757 0 0)
(0.236988 0 0)
(0.236951 0 0)
(0.236707 0 0)
(0.236351 0 0)
(0.235981 0 0)
(0.235678 0 0)
(0.235493 0 0)
(0.235439 0 0)
(0.2355 0 0)
(0.235639 0 0)
(0.235813 0 0)
(0.235978 0 0)
(0.236103 0 0)
(0.236172 0 0)
(0.236181 0 0)
(0.236143 0 0)
(0.236075 0 0)
(0.235998 0 0)
(0.23593 0 0)
(0.235885 0 0)
(0.235867 0 0)
(0.235875 0 0)
(0.235902 0 0)
(0.23594 0 0)
(0.235979 0 0)
(0.236012 0 0)
(0.236034 0 0)
(0.236043 0 0)
(0.236042 0 0)
(0.236033 0 0)
(0.236021 0 0)
(0.23601 0 0)
(0.236003 0 0)
(0.236001 0 0)
(0.236006 0 0)
(0.236014 0 0)
(0.236026 0 0)
(0.236039 0 0)
(0.23605 0 0)
(0.23606 0 0)
(0.236067 0 0)
(0.236072 0 0)
(0.236075 0 0)
(0.236077 0 0)
(0.236079 0 0)
(0.236082 0 0)
(0.236087 0 0)
(0.236093 0 0)
(0.2361 0 0)
(0.236108 0 0)
(0.236116 0 0)
(0.236125 0 0)
(0.236134 0 0)
(0.236142 0 0)
(0.23615 0 0)
(0.236158 0 0)
(0.236165 0 0)
(0.236172 0 0)
(0.236179 0 0)
(0.236186 0 0)
(0.236193 0 0)
(0.236199 0 0)
(0.236205 0 0)
(0.236211 0 0)
(0.236215 0 0)
(0.236219 0 0)
(0.236222 0 0)
(0.236223 0 0)
(0.236224 0 0)
(0.236225 0 0)
(0.236224 0 0)
(0.236223 0 0)
(0.236222 0 0)
(0.236221 0 0)
(0.236219 0 0)
(0.236218 0 0)
(0.236217 0 0)
(0.236216 0 0)
(0.236215 0 0)
(0.236215 0 0)
(0.236215 0 0)
(0.236215 0 0)
(0.236216 0 0)
(0.236217 0 0)
(0.236218 0 0)
(0.23622 0 0)
(0.236223 0 0)
(0.236225 0 0)
(0.236228 0 0)
(0.236231 0 0)
(0.236234 0 0)
(0.236238 0 0)
(0.236241 0 0)
(0.236245 0 0)
(0.236248 0 0)
(0.236252 0 0)
(0.236256 0 0)
(0.23626 0 0)
(0.236264 0 0)
(0.236267 0 0)
(0.236271 0 0)
(0.236275 0 0)
(0.236279 0 0)
(0.236283 0 0)
(0.236287 0 0)
(0.236292 0 0)
(0.236296 0 0)
(0.2363 0 0)
(0.236305 0 0)
(0.236309 0 0)
(0.236314 0 0)
(0.236319 0 0)
(0.236324 0 0)
(0.236329 0 0)
(0.236334 0 0)
(0.23634 0 0)
(0.236346 0 0)
(0.236352 0 0)
(0.236359 0 0)
(0.236365 0 0)
(0.236372 0 0)
(0.236379 0 0)
(0.236386 0 0)
(0.236394 0 0)
(0.236401 0 0)
(0.236409 0 0)
(0.236417 0 0)
(0.236425 0 0)
(0.236433 0 0)
(0.23644 0 0)
(0.236448 0 0)
(0.236455 0 0)
(0.236463 0 0)
(0.236469 0 0)
(0.236476 0 0)
(0.236482 0 0)
(0.236488 0 0)
(0.236494 0 0)
(0.236499 0 0)
(0.236504 0 0)
(0.236508 0 0)
(0.236512 0 0)
(0.236515 0 0)
(0.236519 0 0)
(0.236521 0 0)
(0.236524 0 0)
(0.236526 0 0)
(0.236528 0 0)
(0.23653 0 0)
(0.236532 0 0)
(0.236534 0 0)
(0.236536 0 0)
(0.236539 0 0)
(0.236546 0 0)
(0.236582 0 0)
(0.236779 0 0)
(0.237889 0 0)
(0.244024 0 0)
(0.272184 0 0)
(0.327226 0 0)
(0.362722 0 0)
(0.366151 0 0)
(0.366157 0 0)
(0.366154 0 0)
(0.366153 0 0)
(0.366154 0 0)
(0.366157 0 0)
(0.366161 0 0)
(0.366165 0 0)
(0.366169 0 0)
(0.366173 0 0)
(0.366177 0 0)
(0.366181 0 0)
(0.366184 0 0)
(0.366188 0 0)
(0.366191 0 0)
(0.366193 0 0)
(0.366195 0 0)
(0.366197 0 0)
(0.366198 0 0)
(0.366198 0 0)
(0.366198 0 0)
(0.366197 0 0)
(0.366196 0 0)
(0.366194 0 0)
(0.366192 0 0)
(0.36619 0 0)
(0.366187 0 0)
(0.366185 0 0)
(0.366182 0 0)
(0.366179 0 0)
(0.366177 0 0)
(0.366174 0 0)
(0.366172 0 0)
(0.36617 0 0)
(0.366169 0 0)
(0.366168 0 0)
(0.366167 0 0)
(0.366167 0 0)
(0.366167 0 0)
(0.366168 0 0)
(0.366169 0 0)
(0.366171 0 0)
(0.366172 0 0)
(0.366174 0 0)
(0.366177 0 0)
(0.366179 0 0)
(0.366182 0 0)
(0.366185 0 0)
(0.366187 0 0)
(0.36619 0 0)
(0.366193 0 0)
(0.366195 0 0)
(0.366197 0 0)
(0.366199 0 0)
(0.366201 0 0)
(0.366203 0 0)
(0.366204 0 0)
(0.366205 0 0)
(0.366206 0 0)
(0.366207 0 0)
(0.366208 0 0)
(0.366208 0 0)
(0.366208 0 0)
(0.366208 0 0)
(0.366208 0 0)
(0.366208 0 0)
(0.366208 0 0)
(0.366208 0 0)
(0.366208 0 0)
(0.366208 0 0)
(0.366208 0 0)
(0.366209 0 0)
(0.366209 0 0)
(0.366209 0 0)
(0.36621 0 0)
(0.36621 0 0)
(0.36621 0 0)
(0.366211 0 0)
(0.366211 0 0)
(0.366212 0 0)
(0.366213 0 0)
(0.366213 0 0)
(0.366214 0 0)
(0.366214 0 0)
(0.366215 0 0)
(0.366215 0 0)
(0.366215 0 0)
(0.366216 0 0)
(0.366216 0 0)
(0.366217 0 0)
(0.366217 0 0)
(0.366218 0 0)
(0.366218 0 0)
(0.366218 0 0)
(0.366219 0 0)
(0.36622 0 0)
(0.36622 0 0)
(0.366221 0 0)
(0.366222 0 0)
(0.366223 0 0)
(0.366224 0 0)
(0.366226 0 0)
(0.366227 0 0)
(0.366228 0 0)
(0.36623 0 0)
(0.366231 0 0)
(0.366233 0 0)
(0.366235 0 0)
(0.366236 0 0)
(0.366238 0 0)
(0.36624 0 0)
(0.366242 0 0)
(0.366243 0 0)
(0.366245 0 0)
(0.366247 0 0)
(0.366248 0 0)
(0.36625 0 0)
(0.366252 0 0)
(0.366253 0 0)
(0.366254 0 0)
(0.366256 0 0)
(0.366257 0 0)
(0.366258 0 0)
(0.366259 0 0)
(0.36626 0 0)
(0.366261 0 0)
(0.366262 0 0)
(0.366262 0 0)
(0.366263 0 0)
(0.366264 0 0)
(0.366264 0 0)
(0.366265 0 0)
(0.366265 0 0)
(0.366265 0 0)
(0.366266 0 0)
(0.366266 0 0)
(0.366266 0 0)
(0.366267 0 0)
(0.366267 0 0)
(0.366267 0 0)
(0.366267 0 0)
(0.366268 0 0)
(0.366268 0 0)
(0.366268 0 0)
(0.366268 0 0)
(0.366268 0 0)
(0.366269 0 0)
(0.366269 0 0)
(0.366269 0 0)
(0.366269 0 0)
(0.366269 0 0)
(0.366269 0 0)
(0.366269 0 0)
(0.36627 0 0)
(0.36627 0 0)
(0.36627 0 0)
(0.36627 0 0)
(0.36627 0 0)
(0.36627 0 0)
(0.366271 0 0)
(0.366271 0 0)
(0.366271 0 0)
(0.366271 0 0)
(0.366271 0 0)
(0.366271 0 0)
(0.366272 0 0)
(0.366272 0 0)
(0.366272 0 0)
(0.366272 0 0)
(0.366272 0 0)
(0.366273 0 0)
(0.366273 0 0)
(0.366273 0 0)
(0.366273 0 0)
(0.366274 0 0)
(0.366274 0 0)
(0.366274 0 0)
(0.366274 0 0)
(0.366275 0 0)
(0.366275 0 0)
(0.366275 0 0)
(0.366276 0 0)
(0.366276 0 0)
(0.366276 0 0)
(0.366277 0 0)
(0.366277 0 0)
(0.366278 0 0)
(0.366278 0 0)
(0.366279 0 0)
(0.366279 0 0)
(0.36628 0 0)
(0.366281 0 0)
(0.366281 0 0)
(0.366282 0 0)
(0.366283 0 0)
(0.366284 0 0)
(0.366284 0 0)
(0.366285 0 0)
(0.366286 0 0)
(0.366287 0 0)
(0.366288 0 0)
(0.366289 0 0)
(0.36629 0 0)
(0.366291 0 0)
(0.366292 0 0)
(0.366293 0 0)
(0.366294 0 0)
(0.366295 0 0)
(0.366296 0 0)
(0.366298 0 0)
(0.366299 0 0)
(0.3663 0 0)
(0.366301 0 0)
(0.366302 0 0)
(0.366303 0 0)
(0.366304 0 0)
(0.366305 0 0)
(0.366306 0 0)
(0.366307 0 0)
(0.366307 0 0)
(0.366308 0 0)
(0.366309 0 0)
(0.36631 0 0)
(0.36631 0 0)
(0.366311 0 0)
(0.366311 0 0)
(0.366312 0 0)
(0.366312 0 0)
(0.366313 0 0)
(0.366313 0 0)
(0.366313 0 0)
(0.366314 0 0)
(0.366314 0 0)
(0.366314 0 0)
(0.366314 0 0)
(0.366314 0 0)
(0.366315 0 0)
(0.366315 0 0)
(0.366315 0 0)
(0.366315 0 0)
(0.366315 0 0)
(0.366316 0 0)
(0.366316 0 0)
(0.366316 0 0)
(0.366317 0 0)
(0.366317 0 0)
(0.366318 0 0)
(0.366318 0 0)
(0.366319 0 0)
(0.36632 0 0)
(0.36632 0 0)
(0.366321 0 0)
(0.366323 0 0)
(0.366352 0 0)
(0.367775 0 0)
(0.473065 0 0)
(0.78848 0 0)
(1 0 0)
(1 0 0)
(1 0 0)
(1 0 0)
(1 0 0)
(1 0 0)
(1 0 0)
(1 0 0)
(1 0 0)
(1 0 0)
(1 0 0)
(1 0 0)
(1 0 0)
(1 0 0)
(1 0 0)
(1 0 0)
(1 0 0)
(1 0 0)
(1 0 0)
(1 0 0)
(1 0 0)
(1 0 0)
(1 0 0)
(1 0 0)
(1 0 0)
(1 0 0)
(1 0 0)
(1 0 0)
(1 0 0)
(1 0 0)
(1 0 0)
(1 0 0)
(1 0 0)
(1 0 0)
(1 0 0)
(1 0 0)
(1 0 0)
(1 0 0)
(1 0 0)
(1 0 0)
(1 0 0)
(1 0 0)
(1 0 0)
(1 0 0)
(1 0 0)
(1 0 0)
(1 0 0)
(1 0 0)
(1 0 0)
(1 0 0)
(1 0 0)
(1 0 0)
(1 0 0)
(1 0 0)
(1 0 0)
(1 0 0)
(1 0 0)
(1 0 0)
(1 0 0)
(1 0 0)
(1 0 0)
(1 0 0)
(1 0 0)
(1 0 0)
(1 0 0)
(1 0 0)
(1 0 0)
(1 0 0)
(1 0 0)
(1 0 0)
(1 0 0)
(1 0 0)
(1 0 0)
(1 0 0)
(1 0 0)
(1 0 0)
(1 0 0)
(1 0 0)
(1 0 0)
(1 0 0)
(1 0 0)
(1 0 0)
(1 0 0)
(1 0 0)
(1 0 0)
(1 0 0)
(1 0 0)
(1 0 0)
(1 0 0)
(1 0 0)
(1 0 0)
(1 0 0)
(1 0 0)
(1 0 0)
(1 0 0)
(1 0 0)
(1 0 0)
(1 0 0)
(1 0 0)
(1 0 0)
(1 0 0)
(1 0 0)
(1 0 0)
(1 0 0)
(1 0 0)
(1 0 0)
(1 0 0)
(1 0 0)
(1 0 0)
(1 0 0)
(1 0 0)
(1 0 0)
(1 0 0)
(1 0 0)
(1 0 0)
(1 0 0)
(1 0 0)
(1 0 0)
(1 0 0)
(1 0 0)
(1 0 0)
(1 0 0)
(1 0 0)
(1 0 0)
(1 0 0)
(1 0 0)
(1 0 0)
(1 0 0)
(1 0 0)
(1 0 0)
(1 0 0)
(1 0 0)
(1 0 0)
(1 0 0)
(1 0 0)
(1 0 0)
(1 0 0)
(1 0 0)
(1 0 0)
(1 0 0)
(1 0 0)
(1 0 0)
(1 0 0)
(1 0 0)
(1 0 0)
(1 0 0)
(1 0 0)
(1 0 0)
(1 0 0)
(1 0 0)
(1 0 0)
(1 0 0)
(1 0 0)
(1 0 0)
(1 0 0)
(1 0 0)
(1 0 0)
(1 0 0)
(1 0 0)
(1 0 0)
(1 0 0)
(1 0 0)
(1 0 0)
(1 0 0)
(1 0 0)
(1 0 0)
(1 0 0)
(1 0 0)
(1 0 0)
(1 0 0)
(1 0 0)
(1 0 0)
(1 0 0)
(1 0 0)
(1 0 0)
(1 0 0)
(1 0 0)
(1 0 0)
(1 0 0)
(1 0 0)
(1 0 0)
(1 0 0)
(1 0 0)
(1 0 0)
(1 0 0)
(1 0 0)
(1 0 0)
(1 0 0)
(1 0 0)
(1 0 0)
(1 0 0)
(1 0 0)
(1 0 0)
(1 0 0)
(1 0 0)
(1 0 0)
(1 0 0)
(1 0 0)
(1 0 0)
(1 0 0)
(1 0 0)
(1 0 0)
(1 0 0)
(1 0 0)
(1 0 0)
(1 0 0)
(1 0 0)
(1 0 0)
(1 0 0)
(1 0 0)
(1 0 0)
(1 0 0)
(1 0 0)
(1 0 0)
(1 0 0)
(1 0 0)
(1 0 0)
(1 0 0)
(1 0 0)
(1 0 0)
(1 0 0)
(1 0 0)
(1 0 0)
(1 0 0)
(1 0 0)
(1 0 0)
(1 0 0)
(1 0 0)
(1 0 0)
(1 0 0)
(1 0 0)
(1 0 0)
(1 0 0)
(1 0 0)
(1 0 0)
(1 0 0)
(1 0 0)
(1 0 0)
(1 0 0)
(1 0 0)
(1 0 0)
(1 0 0)
(1 0 0)
(1 0 0)
(1 0 0)
(1 0 0)
(1 0 0)
(1 0 0)
(1 0 0)
(1 0 0)
(1 0 0)
(1 0 0)
(1 0 0)
(1 0 0)
(1 0 0)
(1 0 0)
(1 0 0)
(1 0 0)
(1 0 0)
(1 0 0)
(1 0 0)
(1 0 0)
(1 0 0)
(1 0 0)
(1 0 0)
)
;

boundaryField
{
    inlet
    {
        type            fixedValue;
        value           uniform (0 0 0);
    }
    outlet
    {
        type            zeroGradient;
    }
    emptyWalls
    {
        type            empty;
    }
}


// ************************************************************************* //
