/*--------------------------------*- C++ -*----------------------------------*\
  =========                 |
  \\      /  F ield         | OpenFOAM: The Open Source CFD Toolbox
   \\    /   O peration     | Website:  https://openfoam.org
    \\  /    A nd           | Version:  9
     \\/     M anipulation  |
\*---------------------------------------------------------------------------*/
FoamFile
{
    format      ascii;
    class       volVectorField;
    location    "14";
    object      Ua;
}
// * * * * * * * * * * * * * * * * * * * * * * * * * * * * * * * * * * * * * //

dimensions      [0 0 0 0 0 0 0];

internalField   nonuniform List<vector> 
1000
(
(0.709421 0 0)
(0.709421 0 0)
(0.70942 0 0)
(0.709419 0 0)
(0.709419 0 0)
(0.709418 0 0)
(0.709417 0 0)
(0.709415 0 0)
(0.709414 0 0)
(0.709412 0 0)
(0.709411 0 0)
(0.709409 0 0)
(0.709407 0 0)
(0.709405 0 0)
(0.709403 0 0)
(0.709401 0 0)
(0.709398 0 0)
(0.709396 0 0)
(0.709393 0 0)
(0.70939 0 0)
(0.709388 0 0)
(0.709385 0 0)
(0.709382 0 0)
(0.709378 0 0)
(0.709375 0 0)
(0.709372 0 0)
(0.709368 0 0)
(0.709364 0 0)
(0.709361 0 0)
(0.709357 0 0)
(0.709353 0 0)
(0.709349 0 0)
(0.709345 0 0)
(0.70934 0 0)
(0.709336 0 0)
(0.709332 0 0)
(0.709327 0 0)
(0.709322 0 0)
(0.709318 0 0)
(0.709313 0 0)
(0.709308 0 0)
(0.709303 0 0)
(0.709298 0 0)
(0.709292 0 0)
(0.709287 0 0)
(0.709282 0 0)
(0.709276 0 0)
(0.709271 0 0)
(0.709265 0 0)
(0.709259 0 0)
(0.709253 0 0)
(0.709247 0 0)
(0.709241 0 0)
(0.709235 0 0)
(0.709229 0 0)
(0.709223 0 0)
(0.709216 0 0)
(0.70921 0 0)
(0.709204 0 0)
(0.709197 0 0)
(0.70919 0 0)
(0.709183 0 0)
(0.709177 0 0)
(0.70917 0 0)
(0.709163 0 0)
(0.709156 0 0)
(0.709148 0 0)
(0.709141 0 0)
(0.709134 0 0)
(0.709127 0 0)
(0.709119 0 0)
(0.709112 0 0)
(0.709104 0 0)
(0.709096 0 0)
(0.709089 0 0)
(0.709081 0 0)
(0.709073 0 0)
(0.709065 0 0)
(0.709057 0 0)
(0.709049 0 0)
(0.709041 0 0)
(0.709032 0 0)
(0.709024 0 0)
(0.709016 0 0)
(0.709007 0 0)
(0.708999 0 0)
(0.70899 0 0)
(0.708982 0 0)
(0.708973 0 0)
(0.708964 0 0)
(0.708955 0 0)
(0.708946 0 0)
(0.708937 0 0)
(0.708928 0 0)
(0.708919 0 0)
(0.70891 0 0)
(0.708901 0 0)
(0.708892 0 0)
(0.708882 0 0)
(0.708873 0 0)
(0.708864 0 0)
(0.708854 0 0)
(0.708844 0 0)
(0.708835 0 0)
(0.708825 0 0)
(0.708815 0 0)
(0.708806 0 0)
(0.708796 0 0)
(0.708786 0 0)
(0.708776 0 0)
(0.708766 0 0)
(0.708756 0 0)
(0.708746 0 0)
(0.708735 0 0)
(0.708725 0 0)
(0.708715 0 0)
(0.708705 0 0)
(0.708694 0 0)
(0.708684 0 0)
(0.708673 0 0)
(0.708663 0 0)
(0.708652 0 0)
(0.708641 0 0)
(0.708631 0 0)
(0.70862 0 0)
(0.708609 0 0)
(0.708598 0 0)
(0.708587 0 0)
(0.708576 0 0)
(0.708565 0 0)
(0.708554 0 0)
(0.708543 0 0)
(0.708532 0 0)
(0.708521 0 0)
(0.70851 0 0)
(0.708498 0 0)
(0.708487 0 0)
(0.708475 0 0)
(0.708464 0 0)
(0.708453 0 0)
(0.708441 0 0)
(0.708429 0 0)
(0.708418 0 0)
(0.708406 0 0)
(0.708394 0 0)
(0.708383 0 0)
(0.708371 0 0)
(0.708359 0 0)
(0.708347 0 0)
(0.708335 0 0)
(0.708323 0 0)
(0.708311 0 0)
(0.708299 0 0)
(0.708287 0 0)
(0.708275 0 0)
(0.708263 0 0)
(0.70825 0 0)
(0.708238 0 0)
(0.708226 0 0)
(0.708213 0 0)
(0.708201 0 0)
(0.708188 0 0)
(0.708176 0 0)
(0.708163 0 0)
(0.708151 0 0)
(0.708138 0 0)
(0.708126 0 0)
(0.708113 0 0)
(0.7081 0 0)
(0.708087 0 0)
(0.708075 0 0)
(0.708062 0 0)
(0.708049 0 0)
(0.708036 0 0)
(0.708023 0 0)
(0.70801 0 0)
(0.707997 0 0)
(0.707984 0 0)
(0.707971 0 0)
(0.707958 0 0)
(0.707944 0 0)
(0.707931 0 0)
(0.707918 0 0)
(0.707905 0 0)
(0.707891 0 0)
(0.707878 0 0)
(0.707865 0 0)
(0.707851 0 0)
(0.707838 0 0)
(0.707824 0 0)
(0.707811 0 0)
(0.707797 0 0)
(0.707783 0 0)
(0.70777 0 0)
(0.707756 0 0)
(0.707742 0 0)
(0.707729 0 0)
(0.707715 0 0)
(0.707701 0 0)
(0.707687 0 0)
(0.707673 0 0)
(0.707659 0 0)
(0.707645 0 0)
(0.707631 0 0)
(0.707617 0 0)
(0.707603 0 0)
(0.707589 0 0)
(0.707575 0 0)
(0.707561 0 0)
(0.707547 0 0)
(0.707533 0 0)
(0.707519 0 0)
(0.707504 0 0)
(0.70749 0 0)
(0.707476 0 0)
(0.707461 0 0)
(0.707447 0 0)
(0.707432 0 0)
(0.707418 0 0)
(0.707404 0 0)
(0.707389 0 0)
(0.707374 0 0)
(0.70736 0 0)
(0.707345 0 0)
(0.707331 0 0)
(0.707316 0 0)
(0.707301 0 0)
(0.707287 0 0)
(0.707272 0 0)
(0.707257 0 0)
(0.707242 0 0)
(0.707227 0 0)
(0.707213 0 0)
(0.707198 0 0)
(0.707183 0 0)
(0.707168 0 0)
(0.707153 0 0)
(0.707138 0 0)
(0.707123 0 0)
(0.707108 0 0)
(0.707093 0 0)
(0.707078 0 0)
(0.707062 0 0)
(0.707047 0 0)
(0.707032 0 0)
(0.707017 0 0)
(0.707002 0 0)
(0.706986 0 0)
(0.706971 0 0)
(0.706956 0 0)
(0.70694 0 0)
(0.706925 0 0)
(0.70691 0 0)
(0.706894 0 0)
(0.706879 0 0)
(0.706863 0 0)
(0.706848 0 0)
(0.706832 0 0)
(0.706817 0 0)
(0.706801 0 0)
(0.706785 0 0)
(0.70677 0 0)
(0.706754 0 0)
(0.706739 0 0)
(0.706723 0 0)
(0.706707 0 0)
(0.706691 0 0)
(0.706676 0 0)
(0.70666 0 0)
(0.706644 0 0)
(0.706628 0 0)
(0.706612 0 0)
(0.706596 0 0)
(0.70658 0 0)
(0.706564 0 0)
(0.706549 0 0)
(0.706533 0 0)
(0.706517 0 0)
(0.7065 0 0)
(0.706484 0 0)
(0.706468 0 0)
(0.706452 0 0)
(0.706436 0 0)
(0.70642 0 0)
(0.706404 0 0)
(0.706388 0 0)
(0.706371 0 0)
(0.706355 0 0)
(0.706339 0 0)
(0.706323 0 0)
(0.706306 0 0)
(0.70629 0 0)
(0.706274 0 0)
(0.706257 0 0)
(0.706241 0 0)
(0.706224 0 0)
(0.706208 0 0)
(0.706192 0 0)
(0.706175 0 0)
(0.706159 0 0)
(0.706142 0 0)
(0.706125 0 0)
(0.706109 0 0)
(0.706092 0 0)
(0.706076 0 0)
(0.706059 0 0)
(0.706042 0 0)
(0.706026 0 0)
(0.706009 0 0)
(0.705992 0 0)
(0.705976 0 0)
(0.705959 0 0)
(0.705942 0 0)
(0.705925 0 0)
(0.705909 0 0)
(0.705892 0 0)
(0.705875 0 0)
(0.705858 0 0)
(0.705841 0 0)
(0.705824 0 0)
(0.705807 0 0)
(0.70579 0 0)
(0.705773 0 0)
(0.705756 0 0)
(0.705739 0 0)
(0.705722 0 0)
(0.705705 0 0)
(0.705688 0 0)
(0.705671 0 0)
(0.705654 0 0)
(0.705637 0 0)
(0.70562 0 0)
(0.705603 0 0)
(0.705586 0 0)
(0.705568 0 0)
(0.705551 0 0)
(0.705534 0 0)
(0.705517 0 0)
(0.705499 0 0)
(0.705482 0 0)
(0.705465 0 0)
(0.705447 0 0)
(0.70543 0 0)
(0.705413 0 0)
(0.705395 0 0)
(0.705378 0 0)
(0.705361 0 0)
(0.705343 0 0)
(0.705326 0 0)
(0.705308 0 0)
(0.705291 0 0)
(0.705273 0 0)
(0.705256 0 0)
(0.705238 0 0)
(0.705221 0 0)
(0.705203 0 0)
(0.705186 0 0)
(0.705168 0 0)
(0.70515 0 0)
(0.705133 0 0)
(0.705115 0 0)
(0.705097 0 0)
(0.70508 0 0)
(0.705062 0 0)
(0.705044 0 0)
(0.705027 0 0)
(0.705009 0 0)
(0.704991 0 0)
(0.704973 0 0)
(0.704955 0 0)
(0.704938 0 0)
(0.70492 0 0)
(0.704902 0 0)
(0.704884 0 0)
(0.704866 0 0)
(0.704848 0 0)
(0.70483 0 0)
(0.704813 0 0)
(0.704795 0 0)
(0.704777 0 0)
(0.704759 0 0)
(0.704741 0 0)
(0.704723 0 0)
(0.704705 0 0)
(0.704687 0 0)
(0.704669 0 0)
(0.70465 0 0)
(0.704632 0 0)
(0.704614 0 0)
(0.704596 0 0)
(0.704578 0 0)
(0.70456 0 0)
(0.704542 0 0)
(0.704524 0 0)
(0.704505 0 0)
(0.704487 0 0)
(0.704469 0 0)
(0.704451 0 0)
(0.704432 0 0)
(0.704414 0 0)
(0.704396 0 0)
(0.704378 0 0)
(0.704359 0 0)
(0.704341 0 0)
(0.704323 0 0)
(0.704304 0 0)
(0.704286 0 0)
(0.704268 0 0)
(0.704249 0 0)
(0.704231 0 0)
(0.704212 0 0)
(0.704194 0 0)
(0.704175 0 0)
(0.704157 0 0)
(0.704139 0 0)
(0.70412 0 0)
(0.704102 0 0)
(0.704083 0 0)
(0.704064 0 0)
(0.704046 0 0)
(0.704027 0 0)
(0.704009 0 0)
(0.70399 0 0)
(0.703972 0 0)
(0.703953 0 0)
(0.703934 0 0)
(0.703916 0 0)
(0.703897 0 0)
(0.703878 0 0)
(0.70386 0 0)
(0.703841 0 0)
(0.703822 0 0)
(0.703804 0 0)
(0.703785 0 0)
(0.703766 0 0)
(0.703747 0 0)
(0.703729 0 0)
(0.70371 0 0)
(0.703691 0 0)
(0.703672 0 0)
(0.703653 0 0)
(0.703634 0 0)
(0.703616 0 0)
(0.703597 0 0)
(0.703578 0 0)
(0.703559 0 0)
(0.70354 0 0)
(0.703521 0 0)
(0.703502 0 0)
(0.703483 0 0)
(0.703464 0 0)
(0.703445 0 0)
(0.703426 0 0)
(0.703407 0 0)
(0.703388 0 0)
(0.703369 0 0)
(0.70335 0 0)
(0.703331 0 0)
(0.703312 0 0)
(0.703293 0 0)
(0.703274 0 0)
(0.703255 0 0)
(0.703236 0 0)
(0.703217 0 0)
(0.703198 0 0)
(0.703179 0 0)
(0.703159 0 0)
(0.70314 0 0)
(0.703121 0 0)
(0.703102 0 0)
(0.703083 0 0)
(0.703063 0 0)
(0.703044 0 0)
(0.703025 0 0)
(0.703006 0 0)
(0.702986 0 0)
(0.702967 0 0)
(0.702948 0 0)
(0.702929 0 0)
(0.702909 0 0)
(0.70289 0 0)
(0.702871 0 0)
(0.702851 0 0)
(0.702832 0 0)
(0.702813 0 0)
(0.702793 0 0)
(0.702774 0 0)
(0.702755 0 0)
(0.702735 0 0)
(0.702716 0 0)
(0.702696 0 0)
(0.702677 0 0)
(0.702657 0 0)
(0.702638 0 0)
(0.702618 0 0)
(0.702599 0 0)
(0.702579 0 0)
(0.70256 0 0)
(0.70254 0 0)
(0.702521 0 0)
(0.702501 0 0)
(0.702482 0 0)
(0.702462 0 0)
(0.702443 0 0)
(0.702423 0 0)
(0.702404 0 0)
(0.702384 0 0)
(0.702364 0 0)
(0.702345 0 0)
(0.702325 0 0)
(0.702305 0 0)
(0.702286 0 0)
(0.702266 0 0)
(0.702246 0 0)
(0.702227 0 0)
(0.702207 0 0)
(0.702187 0 0)
(0.702168 0 0)
(0.702148 0 0)
(0.702128 0 0)
(0.702108 0 0)
(0.702089 0 0)
(0.702069 0 0)
(0.702049 0 0)
(0.702029 0 0)
(0.702009 0 0)
(0.70199 0 0)
(0.70197 0 0)
(0.70195 0 0)
(0.70193 0 0)
(0.70191 0 0)
(0.70189 0 0)
(0.701871 0 0)
(0.701851 0 0)
(0.701831 0 0)
(0.701811 0 0)
(0.701791 0 0)
(0.701771 0 0)
(0.701751 0 0)
(0.701731 0 0)
(0.701711 0 0)
(0.701691 0 0)
(0.701671 0 0)
(0.701651 0 0)
(0.701631 0 0)
(0.701611 0 0)
(0.701591 0 0)
(0.701571 0 0)
(0.701551 0 0)
(0.701531 0 0)
(0.701511 0 0)
(0.701491 0 0)
(0.701471 0 0)
(0.701451 0 0)
(0.701431 0 0)
(0.701411 0 0)
(0.701391 0 0)
(0.701371 0 0)
(0.70135 0 0)
(0.70133 0 0)
(0.70131 0 0)
(0.70129 0 0)
(0.70127 0 0)
(0.70125 0 0)
(0.701229 0 0)
(0.701209 0 0)
(0.701189 0 0)
(0.701169 0 0)
(0.701149 0 0)
(0.701128 0 0)
(0.701108 0 0)
(0.701088 0 0)
(0.701068 0 0)
(0.701047 0 0)
(0.701027 0 0)
(0.701007 0 0)
(0.700987 0 0)
(0.700966 0 0)
(0.700946 0 0)
(0.700926 0 0)
(0.700905 0 0)
(0.700885 0 0)
(0.700865 0 0)
(0.700844 0 0)
(0.700824 0 0)
(0.700804 0 0)
(0.700783 0 0)
(0.700763 0 0)
(0.700742 0 0)
(0.700722 0 0)
(0.700702 0 0)
(0.700681 0 0)
(0.700661 0 0)
(0.70064 0 0)
(0.70062 0 0)
(0.700599 0 0)
(0.700579 0 0)
(0.700558 0 0)
(0.700538 0 0)
(0.700517 0 0)
(0.700497 0 0)
(0.700476 0 0)
(0.700456 0 0)
(0.700435 0 0)
(0.700415 0 0)
(0.700394 0 0)
(0.700374 0 0)
(0.700353 0 0)
(0.700333 0 0)
(0.700312 0 0)
(0.700291 0 0)
(0.700271 0 0)
(0.70025 0 0)
(0.70023 0 0)
(0.700209 0 0)
(0.700188 0 0)
(0.700168 0 0)
(0.700147 0 0)
(0.700127 0 0)
(0.700106 0 0)
(0.700085 0 0)
(0.700064 0 0)
(0.700044 0 0)
(0.700023 0 0)
(0.700002 0 0)
(0.699982 0 0)
(0.699961 0 0)
(0.69994 0 0)
(0.69992 0 0)
(0.699899 0 0)
(0.699878 0 0)
(0.699857 0 0)
(0.699837 0 0)
(0.699816 0 0)
(0.699795 0 0)
(0.699774 0 0)
(0.699753 0 0)
(0.699733 0 0)
(0.699712 0 0)
(0.699691 0 0)
(0.69967 0 0)
(0.699649 0 0)
(0.699628 0 0)
(0.699608 0 0)
(0.699587 0 0)
(0.699566 0 0)
(0.699545 0 0)
(0.699524 0 0)
(0.699503 0 0)
(0.699482 0 0)
(0.699461 0 0)
(0.69944 0 0)
(0.69942 0 0)
(0.699399 0 0)
(0.699378 0 0)
(0.699357 0 0)
(0.699336 0 0)
(0.699315 0 0)
(0.699294 0 0)
(0.699273 0 0)
(0.699252 0 0)
(0.699231 0 0)
(0.69921 0 0)
(0.699189 0 0)
(0.699168 0 0)
(0.699147 0 0)
(0.699126 0 0)
(0.699105 0 0)
(0.699084 0 0)
(0.699063 0 0)
(0.699042 0 0)
(0.699021 0 0)
(0.699 0 0)
(0.698978 0 0)
(0.698957 0 0)
(0.698936 0 0)
(0.698915 0 0)
(0.698894 0 0)
(0.698873 0 0)
(0.698852 0 0)
(0.698831 0 0)
(0.69881 0 0)
(0.698788 0 0)
(0.698767 0 0)
(0.698746 0 0)
(0.698725 0 0)
(0.698704 0 0)
(0.698683 0 0)
(0.698661 0 0)
(0.69864 0 0)
(0.698619 0 0)
(0.698598 0 0)
(0.698577 0 0)
(0.698555 0 0)
(0.698534 0 0)
(0.698513 0 0)
(0.698492 0 0)
(0.69847 0 0)
(0.698449 0 0)
(0.698428 0 0)
(0.698407 0 0)
(0.698385 0 0)
(0.698364 0 0)
(0.698343 0 0)
(0.698321 0 0)
(0.6983 0 0)
(0.698279 0 0)
(0.698257 0 0)
(0.698236 0 0)
(0.698215 0 0)
(0.698193 0 0)
(0.698172 0 0)
(0.698151 0 0)
(0.698129 0 0)
(0.698108 0 0)
(0.698087 0 0)
(0.698065 0 0)
(0.698044 0 0)
(0.698022 0 0)
(0.698001 0 0)
(0.69798 0 0)
(0.697958 0 0)
(0.697937 0 0)
(0.697915 0 0)
(0.697894 0 0)
(0.697872 0 0)
(0.697851 0 0)
(0.697829 0 0)
(0.697808 0 0)
(0.697786 0 0)
(0.697765 0 0)
(0.697744 0 0)
(0.697722 0 0)
(0.697701 0 0)
(0.697679 0 0)
(0.697657 0 0)
(0.697636 0 0)
(0.697614 0 0)
(0.697593 0 0)
(0.697571 0 0)
(0.69755 0 0)
(0.697528 0 0)
(0.697507 0 0)
(0.697485 0 0)
(0.697463 0 0)
(0.697442 0 0)
(0.69742 0 0)
(0.697399 0 0)
(0.697377 0 0)
(0.697355 0 0)
(0.697334 0 0)
(0.697312 0 0)
(0.697291 0 0)
(0.697269 0 0)
(0.697247 0 0)
(0.697226 0 0)
(0.697204 0 0)
(0.697182 0 0)
(0.697161 0 0)
(0.697139 0 0)
(0.697117 0 0)
(0.697096 0 0)
(0.697074 0 0)
(0.697052 0 0)
(0.697031 0 0)
(0.697009 0 0)
(0.696987 0 0)
(0.696965 0 0)
(0.696944 0 0)
(0.696922 0 0)
(0.6969 0 0)
(0.696878 0 0)
(0.696857 0 0)
(0.696835 0 0)
(0.696813 0 0)
(0.696791 0 0)
(0.696769 0 0)
(0.696748 0 0)
(0.696726 0 0)
(0.696704 0 0)
(0.696682 0 0)
(0.69666 0 0)
(0.696639 0 0)
(0.696617 0 0)
(0.696595 0 0)
(0.696573 0 0)
(0.696551 0 0)
(0.696529 0 0)
(0.696507 0 0)
(0.696486 0 0)
(0.696464 0 0)
(0.696442 0 0)
(0.69642 0 0)
(0.696398 0 0)
(0.696376 0 0)
(0.696354 0 0)
(0.696332 0 0)
(0.69631 0 0)
(0.696288 0 0)
(0.696266 0 0)
(0.696244 0 0)
(0.696223 0 0)
(0.696201 0 0)
(0.696179 0 0)
(0.696157 0 0)
(0.696135 0 0)
(0.696113 0 0)
(0.696091 0 0)
(0.696069 0 0)
(0.696047 0 0)
(0.696025 0 0)
(0.696003 0 0)
(0.695981 0 0)
(0.695959 0 0)
(0.695937 0 0)
(0.695914 0 0)
(0.695892 0 0)
(0.69587 0 0)
(0.695848 0 0)
(0.695826 0 0)
(0.695804 0 0)
(0.695782 0 0)
(0.69576 0 0)
(0.695738 0 0)
(0.695716 0 0)
(0.695694 0 0)
(0.695672 0 0)
(0.695649 0 0)
(0.695627 0 0)
(0.695605 0 0)
(0.695583 0 0)
(0.695561 0 0)
(0.695539 0 0)
(0.695517 0 0)
(0.695494 0 0)
(0.695472 0 0)
(0.69545 0 0)
(0.695428 0 0)
(0.695406 0 0)
(0.695383 0 0)
(0.695361 0 0)
(0.695339 0 0)
(0.695317 0 0)
(0.695295 0 0)
(0.695272 0 0)
(0.69525 0 0)
(0.695228 0 0)
(0.695206 0 0)
(0.695183 0 0)
(0.695161 0 0)
(0.695139 0 0)
(0.695116 0 0)
(0.695094 0 0)
(0.695072 0 0)
(0.69505 0 0)
(0.695027 0 0)
(0.695005 0 0)
(0.694983 0 0)
(0.69496 0 0)
(0.694938 0 0)
(0.694916 0 0)
(0.694893 0 0)
(0.694871 0 0)
(0.694849 0 0)
(0.694826 0 0)
(0.694804 0 0)
(0.694781 0 0)
(0.694759 0 0)
(0.694737 0 0)
(0.694714 0 0)
(0.694692 0 0)
(0.694669 0 0)
(0.694647 0 0)
(0.694625 0 0)
(0.694602 0 0)
(0.69458 0 0)
(0.694557 0 0)
(0.694535 0 0)
(0.694512 0 0)
(0.69449 0 0)
(0.694467 0 0)
(0.694445 0 0)
(0.694422 0 0)
(0.6944 0 0)
(0.694377 0 0)
(0.694355 0 0)
(0.694332 0 0)
(0.69431 0 0)
(0.694287 0 0)
(0.694265 0 0)
(0.694242 0 0)
(0.694219 0 0)
(0.694197 0 0)
(0.694174 0 0)
(0.694152 0 0)
(0.694129 0 0)
(0.694106 0 0)
(0.694084 0 0)
(0.694061 0 0)
(0.694039 0 0)
(0.694016 0 0)
(0.693993 0 0)
(0.693971 0 0)
(0.693948 0 0)
(0.693925 0 0)
(0.693903 0 0)
(0.69388 0 0)
(0.693857 0 0)
(0.693835 0 0)
(0.693812 0 0)
(0.693789 0 0)
(0.693766 0 0)
(0.693744 0 0)
(0.693721 0 0)
(0.693698 0 0)
(0.693675 0 0)
(0.693653 0 0)
(0.69363 0 0)
(0.693607 0 0)
(0.693584 0 0)
(0.693562 0 0)
(0.693539 0 0)
(0.693516 0 0)
(0.693493 0 0)
(0.69347 0 0)
(0.693447 0 0)
(0.693425 0 0)
(0.693402 0 0)
(0.693379 0 0)
(0.693356 0 0)
(0.693333 0 0)
(0.69331 0 0)
(0.693287 0 0)
(0.693264 0 0)
(0.693241 0 0)
(0.693218 0 0)
(0.693195 0 0)
(0.693172 0 0)
(0.693149 0 0)
(0.693126 0 0)
(0.693103 0 0)
(0.69308 0 0)
(0.693057 0 0)
(0.693034 0 0)
(0.693011 0 0)
(0.692988 0 0)
(0.692965 0 0)
(0.692942 0 0)
(0.692919 0 0)
(0.692896 0 0)
(0.692873 0 0)
(0.69285 0 0)
(0.692827 0 0)
(0.692804 0 0)
(0.69278 0 0)
(0.692757 0 0)
(0.692734 0 0)
(0.692711 0 0)
(0.692688 0 0)
(0.692664 0 0)
(0.692641 0 0)
(0.692618 0 0)
(0.692595 0 0)
(0.692571 0 0)
(0.692548 0 0)
(0.692525 0 0)
(0.692501 0 0)
(0.692478 0 0)
(0.692455 0 0)
(0.692431 0 0)
(0.692408 0 0)
(0.692385 0 0)
(0.692361 0 0)
(0.692338 0 0)
(0.692314 0 0)
(0.692291 0 0)
(0.692267 0 0)
(0.692244 0 0)
(0.69222 0 0)
(0.692197 0 0)
(0.692173 0 0)
(0.69215 0 0)
(0.692126 0 0)
(0.692102 0 0)
(0.692079 0 0)
(0.692055 0 0)
(0.692031 0 0)
(0.692008 0 0)
(0.691984 0 0)
(0.69196 0 0)
(0.691936 0 0)
(0.691913 0 0)
(0.691889 0 0)
(0.691865 0 0)
(0.691841 0 0)
(0.691817 0 0)
(0.691793 0 0)
(0.691769 0 0)
(0.691745 0 0)
(0.691721 0 0)
)
;

boundaryField
{
    inlet
    {
        type            fractionalVelocity;
        U               1((1 0 0));
        fractionalFlow  Fa;
        value           uniform (0.709421 0 0);
    }
    outlet
    {
        type            zeroGradient;
    }
    emptyWalls
    {
        type            empty;
    }
}


// ************************************************************************* //
