/*--------------------------------*- C++ -*----------------------------------*\
  =========                 |
  \\      /  F ield         | OpenFOAM: The Open Source CFD Toolbox
   \\    /   O peration     | Website:  https://openfoam.org
    \\  /    A nd           | Version:  9
     \\/     M anipulation  |
\*---------------------------------------------------------------------------*/
FoamFile
{
    format      ascii;
    class       volScalarField;
    location    "5.9";
    object      Cs;
}
// * * * * * * * * * * * * * * * * * * * * * * * * * * * * * * * * * * * * * //

dimensions      [0 0 0 0 0 0 0];

internalField   nonuniform List<scalar> 
1000
(
0.05
0.05
0.05
0.05
0.05
0.05
0.05
0.05
0.05
0.05
0.05
0.05
0.05
0.05
0.05
0.05
0.05
0.05
0.05
0.05
0.05
0.05
0.05
0.05
0.05
0.05
0.05
0.05
0.05
0.05
0.05
0.05
0.05
0.05
0.05
0.05
0.05
0.05
0.05
0.05
0.05
0.05
0.05
0.05
0.05
0.05
0.05
0.05
0.05
0.05
0.05
0.05
0.05
0.05
0.05
0.05
0.05
0.05
0.05
0.05
0.05
0.05
0.05
0.05
0.05
0.05
0.05
0.05
0.05
0.05
0.05
0.05
0.05
0.05
0.05
0.05
0.05
0.05
0.05
0.05
0.05
0.05
0.05
0.05
0.05
0.05
0.05
0.05
0.05
0.05
0.05
0.05
0.05
0.05
0.05
0.05
0.05
0.05
0.05
0.05
0.05
0.05
0.05
0.05
0.05
0.05
0.05
0.05
0.05
0.05
0.05
0.05
0.05
0.05
0.05
0.05
0.05
0.05
0.05
0.05
0.05
0.05
0.05
0.05
0.05
0.05
0.05
0.05
0.05
0.05
0.05
0.05
0.05
0.05
0.05
0.05
0.05
0.05
0.05
0.05
0.05
0.05
0.05
0.05
0.05
0.05
0.05
0.05
0.05
0.05
0.05
0.05
0.05
0.05
0.05
0.05
0.05
0.05
0.05
0.05
0.05
0.05
0.05
0.05
0.05
0.05
0.05
0.05
0.05
0.05
0.05
0.05
0.05
0.05
0.05
0.05
0.05
0.05
0.05
0.05
0.05
0.05
0.05
0.05
0.05
0.05
0.05
0.05
0.05
0.05
0.05
0.05
0.05
0.05
0.05
0.05
0.05
0.05
0.05
0.05
0.05
0.05
0.05
0.05
0.05
0.05
0.05
0.05
0.05
0.05
0.05
0.05
0.05
0.05
0.05
0.05
0.05
0.05
0.05
0.05
0.05
0.05
0.05
0.05
0.05
0.05
0.05
0.05
0.05
0.05
0.05
0.05
0.05
0.05
0.05
0.05
0.05
0.05
0.05
0.05
0.05
0.05
0.05
0.05
0.05
0.05
0.05
0.05
0.05
0.05
0.05
0.05
0.05
0.05
0.05
0.05
0.05
0.05
0.05
0.05
0.05
0.05
0.05
0.05
0.05
0.05
0.05
0.05
0.05
0.05
0.05
0.05
0.05
0.05
0.05
0.05
0.05
0.05
0.05
0.05
0.05
0.05
0.05
0.05
0.05
0.05
0.05
0.05
0.05
0.05
0.05
0.05
0.05
0.05
0.05
0.05
0.05
0.05
0.05
0.05
0.05
0.05
0.05
0.05
0.05
0.05
0.05
0.05
0.05
0.05
0.05
0.05
0.05
0.05
0.05
0.05
0.05
0.05
0.05
0.05
0.05
0.05
0.05
0.05
0.05
0.05
0.05
0.05
0.05
0.05
0.05
0.05
0.05
0.05
0.05
0.05
0.05
0.05
0.05
0.05
0.05
0.05
0.05
0.05
0.05
0.05
0.05
0.05
0.05
0.05
0.05
0.05
0.05
0.05
0.05
0.05
0.05
0.0499999
0.0499999
0.0499999
0.0499999
0.0499999
0.0499998
0.0499998
0.0499997
0.0499997
0.0499996
0.0499995
0.0499993
0.0499992
0.049999
0.0499988
0.0499985
0.0499982
0.0499977
0.0499972
0.0499966
0.0499959
0.049995
0.049994
0.0499928
0.0499913
0.0499895
0.0499875
0.049985
0.0499821
0.0499787
0.0499747
0.0499701
0.0499646
0.0499583
0.0499509
0.0499423
0.0499324
0.049921
0.0499078
0.0498927
0.0498753
0.0498555
0.0498329
0.0498072
0.049778
0.0497449
0.0497075
0.0496654
0.049618
0.0495648
0.0495053
0.0494389
0.0493648
0.0492825
0.0491912
0.0490901
0.0489786
0.0488557
0.0487207
0.0485727
0.0484109
0.0482342
0.0480419
0.047833
0.0476065
0.0473617
0.0470975
0.0468132
0.0465079
0.0461807
0.045831
0.045458
0.045061
0.0446395
0.044193
0.0437211
0.0432235
0.0426999
0.0421502
0.0415744
0.0409727
0.0403453
0.0396926
0.0390151
0.0383133
0.0375882
0.0368405
0.0360713
0.0352818
0.0344732
0.0336468
0.0328043
0.0319472
0.0310771
0.0301958
0.0293052
0.0284071
0.0275035
0.0265963
0.0256875
0.0247792
0.0238732
0.0229715
0.0220761
0.0211888
0.0203114
0.0194455
0.0185929
0.0177549
0.016933
0.0161283
0.0153418
0.0145742
0.0138257
0.0130962
0.0123841
0.0116855
0.0109886
0.0102401
0.00935299
0.00854319
0.00777561
0.00705284
0.00638614
0.00577679
0.00521991
0.00470996
0.00424255
0.00381437
0.00342272
0.00306517
0.00273949
0.00244356
0.00217534
0.00193288
0.00171428
0.0015177
0.00134131
0.00118338
0.00104223
0.000916295
0.000804119
0.000704375
0.000615848
0.000537433
0.000468118
0.000406978
0.000353163
0.000305899
0.000264476
0.000228247
0.000196624
0.000169075
0.000145122
0.000124335
0.000106331
9.07662e-05
7.73371e-05
6.57733e-05
5.58357e-05
4.73124e-05
4.00168e-05
3.37844e-05
2.84706e-05
2.39491e-05
2.0109e-05
1.68539e-05
1.41001e-05
1.17748e-05
9.81501e-06
8.16655e-06
6.78258e-06
5.62291e-06
4.65305e-06
3.84349e-06
3.16903e-06
2.6082e-06
2.14275e-06
1.75718e-06
1.43839e-06
1.17531e-06
9.58624e-07
7.80478e-07
6.34295e-07
5.14565e-07
4.16686e-07
3.36821e-07
2.71775e-07
2.18899e-07
1.75995e-07
1.41248e-07
1.13159e-07
9.04946e-08
7.22409e-08
5.75668e-08
4.57919e-08
3.6361e-08
2.88213e-08
2.28046e-08
1.80121e-08
1.42017e-08
1.11776e-08
8.78197e-09
6.88767e-09
5.39249e-09
4.21448e-09
3.28805e-09
2.56077e-09
1.99088e-09
1.54511e-09
1.19707e-09
9.25805e-10
7.14767e-10
5.50877e-10
4.2383e-10
3.25518e-10
2.49578e-10
1.91023e-10
1.45954e-10
1.11326e-10
8.47673e-11
6.44337e-11
4.88935e-11
3.70377e-11
2.80086e-11
2.11444e-11
1.59352e-11
1.19889e-11
9.00444e-12
6.75143e-12
5.05355e-12
3.77623e-12
2.81698e-12
2.09784e-12
1.55965e-12
1.15757e-12
8.57692e-13
6.34432e-13
4.68497e-13
3.4538e-13
2.5419e-13
1.86763e-13
1.36992e-13
1.00316e-13
7.33369e-14
5.35239e-14
3.89986e-14
2.83678e-14
2.06006e-14
1.49353e-14
1.081e-14
7.81119e-15
5.63495e-15
4.05831e-15
2.91799e-15
2.09462e-15
1.5011e-15
1.07399e-15
7.6715e-16
5.47073e-16
3.89493e-16
2.76848e-16
1.9646e-16
1.39187e-16
9.84494e-17
6.95218e-17
4.90142e-17
3.44999e-17
2.42442e-17
1.70096e-17
1.19146e-17
8.33222e-18
5.81756e-18
4.05528e-18
2.82228e-18
1.96102e-18
1.36039e-18
9.42216e-19
6.51538e-19
4.49815e-19
3.10051e-19
2.13373e-19
1.46606e-19
1.00571e-19
6.88811e-20
4.71018e-20
3.21577e-20
2.19202e-20
1.49181e-20
1.01367e-20
6.8769e-21
4.65803e-21
3.15011e-21
2.12699e-21
1.43391e-21
9.65145e-22
6.48608e-22
4.35201e-22
2.91552e-22
1.95012e-22
1.30235e-22
8.68391e-23
5.78128e-23
3.84286e-23
2.5504e-23
1.69e-23
1.11812e-23
7.38611e-24
4.87156e-24
3.2081e-24
2.10937e-24
1.3848e-24
9.07713e-25
5.94072e-25
3.88204e-25
2.53285e-25
1.65003e-25
1.07326e-25
6.97023e-26
4.51985e-26
2.9264e-26
1.8918e-26
1.22111e-26
7.86982e-27
5.06421e-27
3.25382e-27
2.08743e-27
1.33711e-27
8.55182e-28
5.46119e-28
3.48221e-28
2.21697e-28
1.4093e-28
8.94514e-29
5.66904e-29
3.58733e-29
2.2666e-29
1.42994e-29
9.00745e-30
5.66536e-30
3.55791e-30
2.23102e-30
1.39686e-30
8.73269e-31
5.4511e-31
3.39753e-31
2.11439e-31
1.31387e-31
8.15195e-32
5.05027e-32
3.12401e-32
1.92954e-32
1.18998e-32
7.32772e-33
4.5055e-33
2.76606e-33
1.6956e-33
1.03784e-33
6.34282e-34
3.8706e-34
2.3584e-34
1.43483e-34
8.7162e-35
5.28685e-35
3.20192e-35
1.93627e-35
1.16913e-35
7.04859e-36
4.2431e-36
2.55037e-36
1.53061e-36
9.17202e-37
5.48787e-37
3.27854e-37
1.95566e-37
1.16477e-37
6.92667e-38
4.11284e-38
2.43832e-38
1.44335e-38
8.5306e-39
5.03405e-39
2.96607e-39
1.7449e-39
1.0249e-39
6.01053e-40
3.51936e-40
2.05746e-40
1.20091e-40
6.99849e-41
4.07198e-41
2.36545e-41
1.3719e-41
7.94387e-42
4.59237e-42
2.65054e-42
1.52728e-42
8.78593e-43
5.04586e-43
2.89305e-43
1.65595e-43
9.46234e-44
5.39769e-44
3.07374e-44
1.74731e-44
9.9153e-45
5.61655e-45
3.17579e-45
1.79243e-45
1.00979e-45
5.67811e-46
3.18678e-46
1.78509e-46
9.97968e-47
5.56803e-47
3.10027e-47
1.72263e-47
9.55116e-48
5.2841e-48
2.91682e-48
1.60637e-48
8.8256e-49
4.83699e-49
2.64421e-49
1.44167e-49
7.83855e-50
4.2496e-50
2.2969e-50
1.2375e-50
6.64468e-51
3.55497e-51
1.8946e-51
1.00552e-51
5.31254e-52
2.79299e-52
1.46039e-52
7.58989e-53
3.91772e-53
2.00653e-53
1.01844e-53
5.11443e-54
2.53565e-54
1.23737e-54
5.91723e-55
2.75442e-55
1.23405e-55
5.20521e-56
1.94917e-56
4.99789e-57
2.09239e-58
3.34827e-62
3.48572e-71
7.90313e-91
0
0
0
0
0
0
0
0
0
0
0
0
0
0
0
0
0
0
0
0
0
0
0
0
0
0
0
0
0
0
0
0
0
0
0
0
0
0
0
0
0
0
0
0
0
0
0
0
0
0
0
0
0
0
0
0
0
0
0
0
0
0
0
0
0
0
0
0
0
0
0
0
0
0
0
0
0
0
0
0
0
0
0
0
0
0
0
0
0
0
0
0
0
0
0
0
0
0
0
0
0
0
0
0
0
0
0
0
0
0
0
0
0
0
0
0
0
0
0
0
0
0
0
0
0
0
0
0
0
0
0
0
0
0
0
0
0
0
0
0
0
0
0
0
0
0
0
0
0
0
0
0
0
0
0
0
0
0
0
0
0
0
0
0
0
0
0
0
0
0
0
0
0
0
0
0
0
0
0
0
0
0
0
0
0
0
0
0
0
0
)
;

boundaryField
{
    inlet
    {
        type            fixedValue;
        value           uniform 0.05;
    }
    outlet
    {
        type            zeroGradient;
    }
    emptyWalls
    {
        type            empty;
    }
}


// ************************************************************************* //
