/*--------------------------------*- C++ -*----------------------------------*\
  =========                 |
  \\      /  F ield         | OpenFOAM: The Open Source CFD Toolbox
   \\    /   O peration     | Website:  https://openfoam.org
    \\  /    A nd           | Version:  9
     \\/     M anipulation  |
\*---------------------------------------------------------------------------*/
FoamFile
{
    format      ascii;
    class       volScalarField;
    location    "2.9";
    object      AcumCoeff_csw;
}
// * * * * * * * * * * * * * * * * * * * * * * * * * * * * * * * * * * * * * //

dimensions      [0 0 0 0 0 0 0];

internalField   nonuniform List<scalar> 
1000
(
0.149049
0.148479
0.147961
0.147471
0.147
0.146546
0.146105
0.145675
0.145256
0.144846
0.144446
0.144053
0.143668
0.143291
0.14292
0.142556
0.142199
0.141847
0.141501
0.141161
0.140826
0.140496
0.140171
0.13985
0.139535
0.139224
0.138917
0.138614
0.138315
0.13802
0.13773
0.137442
0.137159
0.136878
0.136601
0.136328
0.136058
0.13579
0.135526
0.135265
0.135007
0.134751
0.134498
0.134248
0.134001
0.133756
0.133513
0.133273
0.133036
0.132801
0.132568
0.132337
0.132108
0.131882
0.131657
0.131435
0.131215
0.130996
0.13078
0.130565
0.130352
0.130141
0.129932
0.129725
0.129519
0.129315
0.129113
0.128912
0.128713
0.128515
0.128319
0.128124
0.127931
0.127739
0.127549
0.12736
0.127172
0.126986
0.126801
0.126617
0.126435
0.126254
0.126074
0.125895
0.125718
0.125541
0.125366
0.125192
0.125019
0.124848
0.124677
0.124507
0.124339
0.124171
0.124004
0.123839
0.123674
0.123511
0.123348
0.123186
0.123026
0.122866
0.122707
0.122549
0.122391
0.122235
0.12208
0.121925
0.121771
0.121618
0.121466
0.121314
0.121164
0.121014
0.120865
0.120716
0.120569
0.120422
0.120275
0.12013
0.119985
0.119841
0.119697
0.119555
0.119413
0.119271
0.11913
0.11899
0.11885
0.118711
0.118573
0.118435
0.118298
0.118161
0.118025
0.11789
0.117755
0.117621
0.117487
0.117353
0.117221
0.117088
0.116957
0.116825
0.116694
0.116564
0.116434
0.116305
0.116176
0.116048
0.11592
0.115792
0.115665
0.115539
0.115412
0.115287
0.115161
0.115036
0.114912
0.114788
0.114664
0.11454
0.114417
0.114294
0.114172
0.11405
0.113928
0.113807
0.113686
0.113565
0.113445
0.113325
0.113205
0.113085
0.112966
0.112847
0.112728
0.112609
0.112491
0.112373
0.112255
0.112137
0.112019
0.111902
0.111785
0.111667
0.11155
0.111433
0.111316
0.1112
0.111083
0.110966
0.110849
0.110732
0.110615
0.110498
0.110381
0.110264
0.110146
0.110028
0.10991
0.109791
0.109672
0.109553
0.109432
0.109312
0.10919
0.109067
0.108944
0.108819
0.108693
0.108565
0.108435
0.108304
0.10817
0.108033
0.107893
0.107749
0.107601
0.107447
0.107288
0.107121
0.106946
0.10676
0.106561
0.106346
0.106111
0.105849
0.105554
0.105214
0.104811
0.104321
0.103698
0.102869
0.101685
0.0998226
0.0963988
0.0880287
0.0697002
0.0673467
0.0663693
0.0663007
0.0665345
0.0667742
0.0669596
0.0671012
0.0672006
0.067244
0.0672202
0.0671362
0.0670206
0.0669111
0.0668362
0.0668061
0.0668149
0.0668494
0.0668957
0.0669419
0.0669798
0.0670039
0.0670124
0.0670065
0.0669901
0.0669686
0.0669477
0.0669318
0.0669232
0.066922
0.0669267
0.0669348
0.0669438
0.0669514
0.0669561
0.0669573
0.0669553
0.0669508
0.0669451
0.0669394
0.0669345
0.0669312
0.0669295
0.0669292
0.06693
0.0669312
0.0669323
0.0669331
0.0669332
0.0669328
0.066932
0.0669309
0.0669298
0.0669289
0.0669284
0.0669282
0.0669283
0.0669287
0.0669291
0.0669295
0.0669297
0.0669297
0.0669295
0.0669291
0.0669286
0.0669279
0.0669273
0.0669266
0.066926
0.0669254
0.0669249
0.0669244
0.0669239
0.0669234
0.0669229
0.0669223
0.0669218
0.0669212
0.0669206
0.06692
0.0669194
0.0669188
0.0669182
0.0669176
0.066917
0.0669164
0.0669159
0.0669153
0.0669146
0.066914
0.0669133
0.0669127
0.066912
0.0669114
0.0669107
0.06691
0.0669094
0.0669087
0.066908
0.0669074
0.0669067
0.0669061
0.0669054
0.0669048
0.0669041
0.0669035
0.0669028
0.0669022
0.0669016
0.066901
0.0669004
0.0668997
0.0668991
0.0668985
0.0668979
0.0668973
0.0668967
0.066896
0.0668954
0.0668948
0.0668941
0.0668935
0.0668929
0.0668922
0.0668916
0.0668909
0.0668903
0.0668896
0.066889
0.0668883
0.0668877
0.066887
0.0668864
0.0668857
0.0668851
0.0668845
0.0668838
0.0668832
0.0668826
0.0668819
0.0668813
0.0668806
0.06688
0.0668793
0.0668787
0.066878
0.0668773
0.0668766
0.0668758
0.0668749
0.0668726
0.066863
0.0668112
0.0665185
0.0648694
0.0566237
0.0375542
0.0301877
0.03
0.03
0.03
0.03
0.03
0.03
0.03
0.03
0.03
0.03
0.03
0.03
0.03
0.03
0.03
0.03
0.03
0.03
0.03
0.03
0.03
0.03
0.03
0.03
0.03
0.03
0.03
0.03
0.03
0.03
0.03
0.03
0.03
0.03
0.03
0.03
0.03
0.03
0.03
0.03
0.03
0.03
0.03
0.03
0.03
0.03
0.03
0.03
0.03
0.03
0.03
0.03
0.03
0.03
0.03
0.03
0.03
0.03
0.03
0.03
0.03
0.03
0.03
0.03
0.03
0.03
0.03
0.03
0.03
0.03
0.03
0.03
0.03
0.03
0.03
0.03
0.03
0.03
0.03
0.03
0.03
0.03
0.03
0.03
0.03
0.03
0.03
0.03
0.03
0.03
0.03
0.03
0.03
0.03
0.03
0.03
0.03
0.03
0.03
0.03
0.03
0.03
0.03
0.03
0.03
0.03
0.03
0.03
0.03
0.03
0.03
0.03
0.03
0.03
0.03
0.03
0.03
0.03
0.03
0.03
0.03
0.03
0.03
0.03
0.03
0.03
0.03
0.03
0.03
0.03
0.03
0.03
0.03
0.03
0.03
0.03
0.03
0.03
0.03
0.03
0.03
0.03
0.03
0.03
0.03
0.03
0.03
0.03
0.03
0.03
0.03
0.03
0.03
0.03
0.03
0.03
0.03
0.03
0.03
0.03
0.03
0.03
0.03
0.03
0.03
0.03
0.03
0.03
0.03
0.03
0.03
0.03
0.03
0.03
0.03
0.03
0.03
0.03
0.03
0.03
0.03
0.03
0.03
0.03
0.03
0.03
0.03
0.03
0.03
0.03
0.03
0.03
0.03
0.03
0.03
0.03
0.03
0.03
0.03
0.03
0.03
0.03
0.03
0.03
0.03
0.03
0.03
0.03
0.03
0.03
0.03
0.03
0.03
0.03
0.03
0.03
0.03
0.03
0.03
0.03
0.03
0.03
0.03
0.03
0.03
0.03
0.03
0.03
0.03
0.03
0.03
0.03
0.03
0.03
0.03
0.03
0.03
0.03
0.03
0.03
0.03
0.03
0.03
0.03
0.03
0.03
0.03
0.03
0.03
0.03
0.03
0.03
0.03
0.03
0.03
0.03
0.03
0.03
0.03
0.03
0.03
0.03
0.03
0.03
0.03
0.03
0.03
0.03
0.03
0.03
0.03
0.03
0.03
0.03
0.03
0.03
0.03
0.03
0.03
0.03
0.03
0.03
0.03
0.03
0.03
0.03
0.03
0.03
0.03
0.03
0.03
0.03
0.03
0.03
0.03
0.03
0.03
0.03
0.03
0.03
0.03
0.03
0.03
0.03
0.03
0.03
0.03
0.03
0.03
0.03
0.03
0.03
0.03
0.03
0.03
0.03
0.03
0.03
0.03
0.03
0.03
0.03
0.03
0.03
0.03
0.03
0.03
0.03
0.03
0.03
0.03
0.03
0.03
0.03
0.03
0.03
0.03
0.03
0.03
0.03
0.03
0.03
0.03
0.03
0.03
0.03
0.03
0.03
0.03
0.03
0.03
0.03
0.03
0.03
0.03
0.03
0.03
0.03
0.03
0.03
0.03
0.03
0.03
0.03
0.03
0.03
0.03
0.03
0.03
0.03
0.03
0.03
0.03
0.03
0.03
0.03
0.03
0.03
0.03
0.03
0.03
0.03
0.03
0.03
0.03
0.03
0.03
0.03
0.03
0.03
0.03
0.03
0.03
0.03
0.03
0.03
0.03
0.03
0.03
0.03
0.03
0.03
0.03
0.03
0.03
0.03
0.03
0.03
0.03
0.03
0.03
0.03
0.03
0.03
0.03
0.03
0.03
0.03
0.03
0.03
0.03
0.03
0.03
0.03
0.03
0.03
0.03
0.03
0.03
0.03
0.03
0.03
0.03
0.03
0.03
0.03
0.03
0.03
0.03
0.03
0.03
0.03
0.03
0.03
0.03
0.03
0.03
0.03
0.03
0.03
0.03
0.03
0.03
0.03
0.03
0.03
0.03
0.03
0.03
0.03
0.03
0.03
0.03
0.03
0.03
0.03
0.03
0.03
0.03
0.03
0.03
0.03
0.03
0.03
0.03
0.03
0.03
0.03
0.03
0.03
0.03
0.03
0.03
0.03
0.03
0.03
0.03
0.03
0.03
0.03
0.03
0.03
0.03
0.03
0.03
0.03
0.03
0.03
0.03
0.03
0.03
0.03
0.03
0.03
0.03
0.03
0.03
0.03
0.03
0.03
0.03
0.03
0.03
0.03
0.03
0.03
0.03
0.03
0.03
0.03
0.03
0.03
0.03
0.03
0.03
0.03
0.03
0.03
0.03
0.03
0.03
0.03
0.03
0.03
0.03
0.03
0.03
0.03
0.03
0.03
0.03
0.03
0.03
0.03
0.03
0.03
0.03
0.03
0.03
0.03
0.03
0.03
0.03
0.03
0.03
0.03
0.03
0.03
0.03
0.03
0.03
0.03
0.03
0.03
0.03
0.03
0.03
0.03
0.03
0.03
0.03
0.03
0.03
0.03
0.03
0.03
0.03
0.03
0.03
0.03
0.03
0.03
0.03
0.03
0.03
0.03
0.03
0.03
0.03
0.03
0.03
0.03
0.03
0.03
0.03
0.03
0.03
0.03
0.03
0.03
0.03
0.03
0.03
0.03
)
;

boundaryField
{
    inlet
    {
        type            calculated;
        value           uniform 0.15;
    }
    outlet
    {
        type            calculated;
        value           uniform 0.03;
    }
    emptyWalls
    {
        type            empty;
    }
}


// ************************************************************************* //
