/*--------------------------------*- C++ -*----------------------------------*\
  =========                 |
  \\      /  F ield         | OpenFOAM: The Open Source CFD Toolbox
   \\    /   O peration     | Website:  https://openfoam.org
    \\  /    A nd           | Version:  9
     \\/     M anipulation  |
\*---------------------------------------------------------------------------*/
FoamFile
{
    format      ascii;
    class       volScalarField;
    location    "6.8";
    object      Fcsw;
}
// * * * * * * * * * * * * * * * * * * * * * * * * * * * * * * * * * * * * * //

dimensions      [0 0 0 0 0 0 0];

internalField   nonuniform List<scalar> 
1000
(
5.98257e-05
9.57955e-05
0.000128572
0.000159608
0.00018942
0.000218262
0.000246284
0.000273582
0.000300226
0.000326268
0.000351749
0.000376702
0.000401157
0.000425137
0.000448664
0.000471756
0.000494432
0.000516705
0.000538592
0.000560105
0.000581256
0.000602057
0.000622519
0.000642652
0.000662465
0.000681969
0.000701171
0.000720081
0.000738705
0.000757052
0.000775129
0.000792942
0.000810499
0.000827806
0.000844869
0.000861694
0.000878286
0.000894653
0.000910797
0.000926726
0.000942443
0.000957954
0.000973264
0.000988376
0.00100329
0.00101803
0.00103257
0.00104694
0.00106113
0.00107514
0.00108899
0.00110267
0.00111619
0.00112955
0.00114275
0.0011558
0.00116871
0.00118146
0.00119407
0.00120654
0.00121887
0.00123107
0.00124314
0.00125507
0.00126687
0.00127855
0.00129011
0.00130155
0.00131287
0.00132407
0.00133515
0.00134613
0.00135699
0.00136775
0.0013784
0.00138894
0.00139938
0.00140972
0.00141997
0.00143011
0.00144016
0.00145011
0.00145998
0.00146975
0.00147943
0.00148902
0.00149853
0.00150795
0.00151729
0.00152655
0.00153572
0.00154482
0.00155383
0.00156277
0.00157164
0.00158043
0.00158914
0.00159779
0.00160636
0.00161486
0.00162329
0.00163166
0.00163995
0.00164819
0.00165635
0.00166445
0.00167249
0.00168047
0.00168839
0.00169624
0.00170404
0.00171178
0.00171946
0.00172708
0.00173465
0.00174216
0.00174962
0.00175703
0.00176438
0.00177168
0.00177893
0.00178613
0.00179327
0.00180037
0.00180742
0.00181442
0.00182138
0.00182829
0.00183515
0.00184197
0.00184874
0.00185547
0.00186216
0.0018688
0.0018754
0.00188196
0.00188847
0.00189495
0.00190139
0.00190779
0.00191414
0.00192046
0.00192675
0.00193299
0.0019392
0.00194537
0.0019515
0.0019576
0.00196366
0.00196969
0.00197569
0.00198165
0.00198758
0.00199347
0.00199933
0.00200516
0.00201096
0.00201673
0.00202247
0.00202817
0.00203385
0.00203949
0.00204511
0.0020507
0.00205626
0.00206179
0.00206729
0.00207276
0.00207821
0.00208363
0.00208903
0.00209439
0.00209973
0.00210505
0.00211034
0.00211561
0.00212085
0.00212606
0.00213126
0.00213642
0.00214157
0.00214669
0.00215179
0.00215686
0.00216192
0.00216695
0.00217196
0.00217694
0.00218191
0.00218685
0.00219178
0.00219668
0.00220156
0.00220643
0.00221127
0.00221609
0.0022209
0.00222568
0.00223045
0.00223519
0.00223992
0.00224463
0.00224932
0.00225399
0.00225865
0.00226329
0.00226791
0.00227251
0.0022771
0.00228167
0.00228622
0.00229076
0.00229528
0.00229979
0.00230428
0.00230875
0.00231321
0.00231765
0.00232208
0.0023265
0.0023309
0.00233528
0.00233965
0.00234401
0.00234835
0.00235268
0.00235699
0.00236129
0.00236558
0.00236986
0.00237412
0.00237837
0.0023826
0.00238683
0.00239104
0.00239524
0.00239943
0.0024036
0.00240777
0.00241192
0.00241606
0.00242019
0.0024243
0.00242841
0.00243251
0.00243659
0.00244067
0.00244473
0.00244878
0.00245283
0.00245686
0.00246088
0.00246489
0.0024689
0.00247289
0.00247688
0.00248085
0.00248482
0.00248877
0.00249272
0.00249666
0.00250059
0.00250451
0.00250842
0.00251233
0.00251622
0.00252011
0.00252399
0.00252786
0.00253173
0.00253558
0.00253943
0.00254327
0.00254711
0.00255093
0.00255475
0.00255857
0.00256237
0.00256617
0.00256996
0.00257375
0.00257753
0.0025813
0.00258507
0.00258883
0.00259258
0.00259633
0.00260007
0.00260381
0.00260754
0.00261126
0.00261498
0.0026187
0.0026224
0.00262611
0.00262981
0.0026335
0.00263719
0.00264087
0.00264455
0.00264823
0.0026519
0.00265557
0.00265923
0.00266289
0.00266654
0.00267019
0.00267384
0.00267748
0.00268112
0.00268475
0.00268838
0.00269201
0.00269564
0.00269926
0.00270288
0.00270649
0.00271011
0.00271372
0.00271733
0.00272093
0.00272454
0.00272814
0.00273173
0.00273533
0.00273893
0.00274252
0.00274611
0.0027497
0.00275329
0.00275687
0.00276046
0.00276404
0.00276762
0.00277121
0.00277479
0.00277837
0.00278195
0.00278553
0.0027891
0.00279268
0.00279626
0.00279984
0.00280342
0.002807
0.00281057
0.00281415
0.00281773
0.00282131
0.0028249
0.00282848
0.00283206
0.00283565
0.00283923
0.00284282
0.00284641
0.00285
0.0028536
0.00285719
0.00286079
0.00286439
0.00286799
0.0028716
0.00287521
0.00287882
0.00288244
0.00288606
0.00288968
0.00289331
0.00289694
0.00290058
0.00290422
0.00290786
0.00291151
0.00291517
0.00291883
0.00292249
0.00292616
0.00292984
0.00293353
0.00293722
0.00294091
0.00294462
0.00294833
0.00295205
0.00295578
0.00295952
0.00296326
0.00296701
0.00297078
0.00297455
0.00297833
0.00298212
0.00298592
0.00298974
0.00299356
0.0029974
0.00300125
0.00300511
0.00300898
0.00301287
0.00301677
0.00302069
0.00302462
0.00302857
0.00303253
0.00303651
0.0030405
0.00304452
0.00304855
0.0030526
0.00305667
0.00306076
0.00306488
0.00306901
0.00307317
0.00307735
0.00308155
0.00308578
0.00309004
0.00309432
0.00309863
0.00310297
0.00310734
0.00311174
0.00311617
0.00312064
0.00312514
0.00312968
0.00313425
0.00313887
0.00314352
0.00314822
0.00315296
0.00315775
0.00316258
0.00316746
0.0031724
0.00317739
0.00318243
0.00318753
0.0031927
0.00319792
0.00320321
0.00320857
0.00321401
0.00321951
0.0032251
0.00323077
0.00323652
0.00324236
0.0032483
0.00325433
0.00326046
0.00326671
0.00327306
0.00327954
0.00328614
0.00329286
0.00329973
0.00330674
0.0033139
0.00332121
0.0033287
0.00333636
0.00334421
0.00335226
0.00336051
0.00336898
0.00337768
0.00338662
0.00339582
0.0034053
0.00341506
0.00342514
0.00343554
0.00344628
0.00345739
0.0034689
0.00348082
0.00349319
0.00350602
0.00351937
0.00353326
0.00354772
0.0035628
0.00357855
0.003595
0.00361222
0.00363027
0.00364919
0.00366907
0.00368998
0.003712
0.00373522
0.00375975
0.00378568
0.00381316
0.0038423
0.00387327
0.00390622
0.00394135
0.00397886
0.00401899
0.004062
0.00410817
0.00415785
0.0042114
0.00426925
0.00433189
0.00439987
0.00447381
0.00455444
0.00464261
0.00473927
0.00484556
0.00496279
0.00509251
0.00523654
0.00539704
0.0055766
0.00577831
0.00600592
0.00626399
0.00655811
0.00689522
0.00728398
0.00773532
0.00826318
0.00888562
0.00962626
0.0105166
0.0115991
0.0129325
0.0145998
0.016721
0.0194748
0.0231373
0.0281523
0.0352701
0.0458403
0.0624897
0.0908952
0.145244
0.269624
0.659157
2.01495
-0.344472
-0.8354
-0.250089
0.394565
0.559449
0.372229
0.14225
-0.00245395
-0.0727536
-0.102525
-0.111134
-0.105609
-0.0878879
-0.0594088
-0.0235932
0.0132113
0.0428024
0.0582497
0.057266
0.043129
0.0224517
0.0018545
-0.0141524
-0.0235481
-0.0262212
-0.0232483
-0.0163659
-0.00761422
0.000973563
0.00770058
0.01151
0.0121503
0.0101197
0.00641101
0.00216938
-0.00160699
-0.00424831
-0.00546818
-0.00532537
-0.0041326
-0.00234352
-0.000438888
0.00117174
0.00221883
0.00260236
0.00238038
0.00172528
0.000863638
1.69359e-05
-0.000643462
-0.00102063
-0.00109565
-0.000914791
-0.000566543
-0.000155177
0.000223444
0.000499553
0.000638378
0.000640116
0.000532694
0.000360266
0.000170751
5.21089e-06
-0.000109093
-0.000161332
-0.000155826
-0.000107945
-3.86093e-05
3.11969e-05
8.47967e-05
0.000112416
0.00011183
8.73218e-05
4.75097e-05
2.72492e-06
-3.74379e-05
-6.59242e-05
-7.91462e-05
-7.70232e-05
-6.23121e-05
-3.95083e-05
-1.36283e-05
1.08582e-05
3.0762e-05
4.4497e-05
5.20134e-05
5.44377e-05
5.3556e-05
5.12801e-05
4.92086e-05
4.8355e-05
4.90614e-05
5.10765e-05
5.37468e-05
5.62561e-05
5.78536e-05
5.80236e-05
5.65735e-05
5.36364e-05
4.96048e-05
4.50226e-05
4.04635e-05
3.64253e-05
3.3256e-05
3.11219e-05
3.00151e-05
2.9791e-05
3.0223e-05
3.106e-05
3.20756e-05
3.31007e-05
3.40373e-05
3.48553e-05
3.55766e-05
3.6253e-05
3.6943e-05
3.76945e-05
3.85332e-05
3.94598e-05
4.04536e-05
4.14802e-05
4.25016e-05
4.34847e-05
4.4407e-05
4.52596e-05
4.60462e-05
4.67795e-05
4.74764e-05
4.81528e-05
4.88197e-05
4.94808e-05
5.01318e-05
5.07616e-05
5.13543e-05
5.18925e-05
5.23596e-05
5.27419e-05
5.30304e-05
5.32204e-05
5.33119e-05
5.33081e-05
5.32142e-05
5.30368e-05
5.27822e-05
5.24564e-05
5.20646e-05
5.16115e-05
5.11014e-05
5.05391e-05
4.99294e-05
4.92783e-05
4.85922e-05
4.78786e-05
4.71454e-05
4.64009e-05
4.56537e-05
4.49121e-05
4.41844e-05
4.34787e-05
4.28027e-05
4.21639e-05
4.15699e-05
4.10279e-05
4.05448e-05
4.01274e-05
3.97822e-05
3.95149e-05
3.93307e-05
3.92337e-05
3.9227e-05
3.93127e-05
3.94911e-05
3.97615e-05
4.01215e-05
4.05674e-05
4.10942e-05
4.16953e-05
4.23631e-05
4.30887e-05
4.38623e-05
4.46735e-05
4.55109e-05
4.63628e-05
4.72176e-05
4.80631e-05
4.88879e-05
4.96806e-05
5.04307e-05
5.11285e-05
5.1765e-05
5.23326e-05
5.2825e-05
5.32367e-05
5.35641e-05
5.38047e-05
5.39571e-05
5.40216e-05
5.39996e-05
5.38935e-05
5.37068e-05
5.34442e-05
5.31109e-05
5.2713e-05
5.2257e-05
5.17501e-05
5.11995e-05
5.06127e-05
4.99974e-05
4.93609e-05
4.87106e-05
4.80536e-05
4.73965e-05
4.67456e-05
4.61067e-05
4.54851e-05
4.48855e-05
4.43122e-05
4.37688e-05
4.32585e-05
4.27838e-05
4.23471e-05
4.19499e-05
4.15938e-05
4.12799e-05
4.1009e-05
4.07818e-05
4.05989e-05
4.04607e-05
4.03676e-05
4.03202e-05
4.03187e-05
4.03636e-05
4.04554e-05
4.05945e-05
4.07813e-05
4.10161e-05
4.1299e-05
4.16299e-05
4.20086e-05
4.24344e-05
4.29061e-05
4.34222e-05
4.39807e-05
4.45787e-05
4.52131e-05
4.58797e-05
4.65742e-05
4.7291e-05
4.80245e-05
4.87681e-05
4.95151e-05
5.02579e-05
5.09892e-05
5.1701e-05
5.23855e-05
5.30349e-05
5.36416e-05
5.41985e-05
5.46988e-05
5.51362e-05
5.55054e-05
5.58017e-05
5.60213e-05
5.61613e-05
5.62199e-05
5.61962e-05
5.60901e-05
5.59028e-05
5.56359e-05
5.52923e-05
5.48753e-05
5.43888e-05
5.38373e-05
5.32256e-05
5.25588e-05
5.1842e-05
5.10803e-05
5.02789e-05
4.94426e-05
4.85759e-05
4.76829e-05
4.67676e-05
4.58333e-05
4.48831e-05
4.39197e-05
4.29454e-05
4.19624e-05
4.09727e-05
3.99784e-05
3.89816e-05
3.79845e-05
3.699e-05
3.60012e-05
3.5022e-05
3.40568e-05
3.31109e-05
3.21905e-05
3.13027e-05
3.04556e-05
2.96578e-05
2.89192e-05
2.82503e-05
2.7662e-05
2.71659e-05
2.67737e-05
2.64973e-05
2.63483e-05
2.6338e-05
2.64767e-05
2.67741e-05
2.72383e-05
2.78761e-05
2.86926e-05
2.96907e-05
3.08714e-05
3.22334e-05
3.37727e-05
3.54833e-05
3.73563e-05
3.93807e-05
4.15431e-05
4.38278e-05
4.62171e-05
4.86917e-05
5.12308e-05
5.38122e-05
5.64131e-05
5.90102e-05
6.158e-05
6.40993e-05
6.65455e-05
6.88973e-05
7.11342e-05
7.32377e-05
7.51913e-05
7.69803e-05
7.85925e-05
8.00183e-05
8.12505e-05
8.22847e-05
8.31188e-05
8.37536e-05
8.41922e-05
8.44399e-05
8.45045e-05
8.43953e-05
8.41236e-05
8.37021e-05
8.31448e-05
8.24663e-05
8.16822e-05
8.08083e-05
7.98605e-05
7.88548e-05
7.78067e-05
7.6731e-05
7.56421e-05
7.45532e-05
7.34768e-05
7.2424e-05
7.14049e-05
7.04283e-05
6.95015e-05
6.8631e-05
6.78215e-05
6.7077e-05
6.63998e-05
6.57915e-05
6.52525e-05
6.47822e-05
6.43791e-05
6.40409e-05
6.37648e-05
6.35472e-05
6.3384e-05
6.32706e-05
6.32022e-05
6.31735e-05
6.31791e-05
6.32136e-05
6.32711e-05
6.33459e-05
6.34324e-05
6.35246e-05
6.3617e-05
6.3704e-05
6.37801e-05
6.38399e-05
6.38782e-05
6.38902e-05
6.38709e-05
6.38158e-05
6.37206e-05
6.35812e-05
6.33938e-05
6.3155e-05
6.28617e-05
6.25112e-05
6.2101e-05
6.16294e-05
6.10949e-05
6.04967e-05
5.98343e-05
5.91079e-05
5.83184e-05
5.74673e-05
5.65566e-05
5.55891e-05
5.45685e-05
5.34988e-05
5.23851e-05
5.1233e-05
5.00489e-05
4.88399e-05
4.76136e-05
4.63785e-05
4.51434e-05
4.39177e-05
4.27114e-05
4.15346e-05
4.03978e-05
3.93117e-05
3.82871e-05
3.73346e-05
3.64649e-05
3.56882e-05
3.50143e-05
3.44528e-05
3.40123e-05
3.37008e-05
3.35255e-05
3.34925e-05
3.3607e-05
3.38729e-05
3.4293e-05
3.48686e-05
3.56e-05
3.64859e-05
3.75236e-05
3.87093e-05
4.00375e-05
4.15017e-05
4.30938e-05
4.4805e-05
4.66248e-05
4.85422e-05
5.05451e-05
5.26206e-05
5.47552e-05
5.69349e-05
5.91455e-05
6.13724e-05
6.3601e-05
)
;

boundaryField
{
    inlet
    {
        type            calculated;
        value           uniform 5.98257e-05;
    }
    outlet
    {
        type            calculated;
        value           uniform 6.3601e-05;
    }
    emptyWalls
    {
        type            empty;
    }
}


// ************************************************************************* //
