/*--------------------------------*- C++ -*----------------------------------*\
  =========                 |
  \\      /  F ield         | OpenFOAM: The Open Source CFD Toolbox
   \\    /   O peration     | Website:  https://openfoam.org
    \\  /    A nd           | Version:  9
     \\/     M anipulation  |
\*---------------------------------------------------------------------------*/
FoamFile
{
    format      ascii;
    class       volScalarField;
    location    "11.5";
    object      Sb;
}
// * * * * * * * * * * * * * * * * * * * * * * * * * * * * * * * * * * * * * //

dimensions      [0 0 0 0 0 0 0];

internalField   nonuniform List<scalar> 
1000
(
0.49916
0.498645
0.498169
0.497711
0.497266
0.496829
0.496399
0.495975
0.495556
0.495141
0.49473
0.494323
0.49392
0.493519
0.493122
0.492727
0.492335
0.491946
0.49156
0.491176
0.490794
0.490415
0.490038
0.489664
0.489292
0.488922
0.488554
0.488188
0.487824
0.487462
0.487102
0.486744
0.486388
0.486034
0.485682
0.485332
0.484983
0.484636
0.484291
0.483948
0.483607
0.483267
0.482929
0.482592
0.482257
0.481924
0.481592
0.481262
0.480933
0.480606
0.480281
0.479957
0.479634
0.479313
0.478994
0.478675
0.478359
0.478043
0.477729
0.477417
0.477106
0.476796
0.476487
0.47618
0.475874
0.47557
0.475266
0.474964
0.474663
0.474364
0.474066
0.473769
0.473473
0.473178
0.472885
0.472592
0.472301
0.472011
0.471723
0.471435
0.471149
0.470863
0.470579
0.470296
0.470014
0.469733
0.469453
0.469174
0.468896
0.468619
0.468343
0.468069
0.467795
0.467522
0.467251
0.46698
0.46671
0.466442
0.466174
0.465907
0.465641
0.465376
0.465112
0.464849
0.464587
0.464326
0.464066
0.463806
0.463548
0.46329
0.463034
0.462778
0.462523
0.462269
0.462015
0.461763
0.461511
0.461261
0.461011
0.460762
0.460514
0.460266
0.46002
0.459774
0.459529
0.459285
0.459041
0.458798
0.458557
0.458315
0.458075
0.457835
0.457597
0.457358
0.457121
0.456884
0.456649
0.456413
0.456179
0.455945
0.455712
0.45548
0.455248
0.455017
0.454787
0.454557
0.454329
0.4541
0.453873
0.453646
0.45342
0.453194
0.452969
0.452745
0.452522
0.452299
0.452077
0.451855
0.451634
0.451413
0.451194
0.450975
0.450756
0.450538
0.450321
0.450104
0.449888
0.449672
0.449458
0.449243
0.449029
0.448816
0.448604
0.448392
0.44818
0.447969
0.447759
0.447549
0.44734
0.447132
0.446923
0.446716
0.446509
0.446303
0.446097
0.445891
0.445686
0.445482
0.445278
0.445075
0.444872
0.44467
0.444468
0.444267
0.444066
0.443866
0.443667
0.443467
0.443269
0.44307
0.442873
0.442676
0.442479
0.442283
0.442087
0.441891
0.441697
0.441502
0.441308
0.441115
0.440922
0.44073
0.440537
0.440346
0.440155
0.439964
0.439774
0.439584
0.439395
0.439206
0.439017
0.438829
0.438642
0.438455
0.438268
0.438082
0.437896
0.43771
0.437525
0.437341
0.437157
0.436973
0.43679
0.436607
0.436424
0.436242
0.43606
0.435879
0.435698
0.435517
0.435337
0.435158
0.434978
0.434799
0.434621
0.434443
0.434265
0.434087
0.43391
0.433734
0.433557
0.433382
0.433206
0.433031
0.432856
0.432682
0.432508
0.432334
0.432161
0.431988
0.431815
0.431643
0.431471
0.431299
0.431128
0.430957
0.430787
0.430617
0.430447
0.430278
0.430108
0.42994
0.429771
0.429603
0.429435
0.429268
0.429101
0.428934
0.428768
0.428602
0.428436
0.42827
0.428105
0.427941
0.427776
0.427612
0.427448
0.427284
0.427121
0.426958
0.426796
0.426634
0.426472
0.42631
0.426149
0.425987
0.425827
0.425666
0.425506
0.425346
0.425187
0.425027
0.424868
0.42471
0.424551
0.424393
0.424236
0.424078
0.423921
0.423764
0.423607
0.423451
0.423295
0.423139
0.422984
0.422828
0.422673
0.422519
0.422364
0.42221
0.422056
0.421903
0.421749
0.421596
0.421444
0.421291
0.421139
0.420987
0.420835
0.420684
0.420532
0.420382
0.420231
0.42008
0.41993
0.41978
0.419631
0.419481
0.419332
0.419183
0.419035
0.418886
0.418738
0.41859
0.418443
0.418295
0.418148
0.418001
0.417855
0.417708
0.417562
0.417416
0.41727
0.417125
0.41698
0.416835
0.41669
0.416545
0.416401
0.416257
0.416113
0.41597
0.415826
0.415683
0.41554
0.415398
0.415255
0.415113
0.414971
0.414829
0.414688
0.414546
0.414405
0.414264
0.414124
0.413983
0.413843
0.413703
0.413563
0.413423
0.413284
0.413145
0.413006
0.412867
0.412729
0.41259
0.412452
0.412314
0.412177
0.412039
0.411902
0.411765
0.411628
0.411491
0.411355
0.411219
0.411083
0.410947
0.410811
0.410676
0.41054
0.410405
0.41027
0.410136
0.410001
0.409867
0.409733
0.409599
0.409465
0.409332
0.409198
0.409065
0.408932
0.4088
0.408667
0.408535
0.408402
0.40827
0.408139
0.408007
0.407876
0.407744
0.407613
0.407482
0.407352
0.407221
0.407091
0.40696
0.40683
0.406701
0.406571
0.406442
0.406312
0.406183
0.406054
0.405925
0.405797
0.405668
0.40554
0.405412
0.405284
0.405156
0.405029
0.404902
0.404774
0.404647
0.40452
0.404394
0.404267
0.404141
0.404014
0.403888
0.403763
0.403637
0.403511
0.403386
0.403261
0.403135
0.403011
0.402886
0.402761
0.402637
0.402512
0.402388
0.402264
0.402141
0.402017
0.401893
0.40177
0.401647
0.401524
0.401401
0.401278
0.401156
0.401033
0.400911
0.400789
0.400667
0.400545
0.400423
0.400302
0.400181
0.400059
0.399938
0.399817
0.399697
0.399576
0.399455
0.399335
0.399215
0.399095
0.398975
0.398855
0.398736
0.398616
0.398497
0.398378
0.398258
0.39814
0.398021
0.397902
0.397784
0.397665
0.397547
0.397429
0.397311
0.397193
0.397076
0.396958
0.396841
0.396723
0.396606
0.396489
0.396372
0.396256
0.396139
0.396023
0.395906
0.39579
0.395674
0.395558
0.395442
0.395326
0.395211
0.395095
0.39498
0.394865
0.39475
0.394635
0.39452
0.394406
0.394291
0.394177
0.394062
0.393948
0.393834
0.39372
0.393606
0.393493
0.393379
0.393266
0.393152
0.393039
0.392926
0.392813
0.3927
0.392588
0.392475
0.392363
0.39225
0.392138
0.392026
0.391914
0.391802
0.39169
0.391579
0.391467
0.391356
0.391244
0.391133
0.391022
0.390911
0.3908
0.39069
0.390579
0.390469
0.390358
0.390248
0.390138
0.390028
0.389918
0.389808
0.389698
0.389589
0.389479
0.38937
0.38926
0.389151
0.389042
0.388933
0.388824
0.388716
0.388607
0.388498
0.38839
0.388282
0.388173
0.388065
0.387957
0.387849
0.387742
0.387634
0.387526
0.387419
0.387311
0.387204
0.387097
0.38699
0.386883
0.386776
0.386669
0.386562
0.386456
0.386349
0.386243
0.386137
0.386031
0.385924
0.385818
0.385713
0.385607
0.385501
0.385395
0.38529
0.385185
0.385079
0.384974
0.384869
0.384764
0.384659
0.384554
0.384449
0.384345
0.38424
0.384136
0.384031
0.383927
0.383823
0.383719
0.383615
0.383511
0.383407
0.383303
0.383199
0.383096
0.382992
0.382889
0.382786
0.382682
0.382579
0.382476
0.382373
0.382271
0.382168
0.382065
0.381962
0.38186
0.381758
0.381655
0.381553
0.381451
0.381349
0.381247
0.381145
0.381043
0.380941
0.380839
0.380738
0.380636
0.380535
0.380434
0.380332
0.380231
0.38013
0.380029
0.379928
0.379827
0.379726
0.379626
0.379525
0.379424
0.379324
0.379224
0.379123
0.379023
0.378923
0.378823
0.378723
0.378623
0.378523
0.378423
0.378323
0.378224
0.378124
0.378025
0.377925
0.377826
0.377727
0.377628
0.377528
0.377429
0.37733
0.377231
0.377133
0.377034
0.376935
0.376837
0.376738
0.376639
0.376541
0.376443
0.376344
0.376246
0.376148
0.37605
0.375952
0.375854
0.375756
0.375658
0.375561
0.375463
0.375365
0.375268
0.37517
0.375073
0.374975
0.374878
0.374781
0.374684
0.374587
0.37449
0.374393
0.374296
0.374199
0.374102
0.374005
0.373908
0.373812
0.373715
0.373619
0.373522
0.373426
0.373329
0.373233
0.373137
0.373041
0.372945
0.372848
0.372752
0.372656
0.372561
0.372465
0.372369
0.372273
0.372177
0.372082
0.371986
0.371891
0.371795
0.3717
0.371604
0.371509
0.371413
0.371318
0.371223
0.371128
0.371032
0.370937
0.370842
0.370747
0.370652
0.370557
0.370462
0.370367
0.370273
0.370178
0.370083
0.369988
0.369894
0.369799
0.369704
0.36961
0.369515
0.369421
0.369326
0.369232
0.369137
0.369043
0.368948
0.368854
0.36876
0.368665
0.368571
0.368477
0.368382
0.368288
0.368194
0.3681
0.368005
0.367911
0.367817
0.367723
0.367628
0.367534
0.36744
0.367346
0.367252
0.367158
0.367063
0.366969
0.366875
0.366781
0.366686
0.366592
0.366498
0.366404
0.366309
0.366215
0.366121
0.366026
0.365932
0.365837
0.365743
0.365648
0.365554
0.365459
0.365364
0.36527
0.365175
0.36508
0.364985
0.36489
0.364795
0.3647
0.364604
0.364509
0.364414
0.364318
0.364222
0.364126
0.364031
0.363934
0.363838
0.363742
0.363645
0.363549
0.363452
0.363355
0.363257
0.36316
0.363062
0.362964
0.362866
0.362768
0.362669
0.36257
0.362471
0.362371
0.362271
0.362171
0.36207
0.361969
0.361867
0.361765
0.361663
0.36156
0.361456
0.361352
0.361247
0.361142
0.361036
0.360929
0.360821
0.360713
0.360603
0.360493
0.360382
0.360269
0.360156
0.360041
0.359925
0.359807
0.359688
0.359567
0.359444
0.35932
0.359193
0.359064
0.358932
0.358798
0.358661
0.35852
0.358376
0.358228
0.358076
0.357919
0.357757
0.357589
0.357415
0.357233
0.357044
0.356845
0.356636
0.356415
0.35618
0.355931
0.355663
0.355375
0.355062
0.35472
0.354344
0.353926
0.353457
0.352924
0.352312
0.351597
0.350747
0.349715
0.34843
0.346777
0.34456
0.34142
0.336604
0.328267
0.310398
0.256117
0.219769
0.225856
0.227923
0.226473
0.22438
0.22311
0.222692
0.222749
0.223015
0.223361
0.223725
0.224064
0.224342
0.22453
0.224606
0.224568
0.224437
0.224254
0.224071
0.22393
0.223854
0.223845
0.223888
0.223963
0.224047
0.224123
0.224177
0.224203
0.224201
0.224178
0.224141
0.224101
0.224067
0.224045
0.224036
0.224039
0.224051
0.224067
0.224083
0.224096
0.224103
0.224104
0.2241
0.224092
0.224083
0.224075
0.22407
0.224067
0.224068
0.224071
0.224075
0.22408
0.224084
0.224088
0.22409
0.22409
0.22409
0.224088
0.224087
0.224085
0.224084
0.224084
0.224084
0.224084
0.224085
0.224085
0.224085
0.224085
0.224085
0.224084
0.224083
0.224083
0.224082
0.224081
0.224081
0.22408
0.22408
0.224079
0.224079
0.224079
0.224078
0.224078
0.224077
0.224077
)
;

boundaryField
{
    inlet
    {
        type            fixedValue;
        value           uniform 0.5;
    }
    outlet
    {
        type            zeroGradient;
    }
    emptyWalls
    {
        type            empty;
    }
}


// ************************************************************************* //
