/*--------------------------------*- C++ -*----------------------------------*\
  =========                 |
  \\      /  F ield         | OpenFOAM: The Open Source CFD Toolbox
   \\    /   O peration     | Website:  https://openfoam.org
    \\  /    A nd           | Version:  9
     \\/     M anipulation  |
\*---------------------------------------------------------------------------*/
FoamFile
{
    format      ascii;
    class       volScalarField;
    location    "11.5";
    object      Sc;
}
// * * * * * * * * * * * * * * * * * * * * * * * * * * * * * * * * * * * * * //

dimensions      [0 0 0 0 0 0 0];

internalField   nonuniform List<scalar> 
1000
(
0.00136504
0.00220137
0.00297479
0.00371747
0.00444058
0.00514944
0.00584705
0.00653529
0.00721542
0.00788832
0.00855466
0.00921496
0.0098696
0.0105189
0.0111632
0.0118027
0.0124375
0.0130679
0.0136939
0.0143158
0.0149336
0.0155475
0.0161575
0.0167637
0.0173663
0.0179652
0.0185606
0.0191526
0.0197411
0.0203262
0.0209081
0.0214867
0.0220622
0.0226345
0.0232037
0.0237699
0.024333
0.0248932
0.0254505
0.0260048
0.0265564
0.0271051
0.027651
0.0281943
0.0287348
0.0292726
0.0298078
0.0303403
0.0308703
0.0313978
0.0319227
0.0324451
0.032965
0.0334825
0.0339976
0.0345103
0.0350207
0.0355287
0.0360344
0.0365378
0.0370389
0.0375378
0.0380345
0.0385289
0.0390212
0.0395114
0.0399994
0.0404852
0.040969
0.0414507
0.0419304
0.042408
0.0428836
0.0433572
0.0438289
0.0442985
0.0447663
0.0452321
0.045696
0.0461579
0.0466181
0.0470763
0.0475328
0.0479874
0.0484401
0.0488911
0.0493403
0.0497878
0.0502335
0.0506775
0.0511197
0.0515603
0.0519991
0.0524363
0.0528718
0.0533056
0.0537379
0.0541685
0.0545975
0.0550249
0.0554507
0.0558749
0.0562976
0.0567187
0.0571383
0.0575564
0.057973
0.0583881
0.0588017
0.0592138
0.0596244
0.0600336
0.0604414
0.0608477
0.0612526
0.0616561
0.0620581
0.0624588
0.0628582
0.0632561
0.0636527
0.064048
0.0644419
0.0648345
0.0652257
0.0656157
0.0660043
0.0663917
0.0667777
0.0671625
0.0675461
0.0679284
0.0683094
0.0686892
0.0690678
0.0694451
0.0698213
0.0701962
0.07057
0.0709425
0.0713139
0.0716841
0.0720531
0.072421
0.0727878
0.0731534
0.0735178
0.0738812
0.0742434
0.0746045
0.0749645
0.0753234
0.0756813
0.076038
0.0763937
0.0767483
0.0771018
0.0774543
0.0778058
0.0781562
0.0785056
0.0788539
0.0792012
0.0795475
0.0798928
0.0802371
0.0805804
0.0809228
0.0812641
0.0816045
0.0819438
0.0822823
0.0826197
0.0829562
0.0832918
0.0836264
0.0839601
0.0842929
0.0846247
0.0849556
0.0852856
0.0856147
0.0859429
0.0862702
0.0865966
0.0869221
0.0872467
0.0875705
0.0878933
0.0882154
0.0885365
0.0888568
0.0891762
0.0894948
0.0898126
0.0901295
0.0904456
0.0907609
0.0910753
0.0913889
0.0917017
0.0920137
0.0923249
0.0926353
0.0929449
0.0932537
0.0935617
0.093869
0.0941754
0.0944811
0.094786
0.0950902
0.0953936
0.0956962
0.0959981
0.0962992
0.0965996
0.0968992
0.0971982
0.0974963
0.0977938
0.0980905
0.0983865
0.0986818
0.0989764
0.0992702
0.0995634
0.0998558
0.100148
0.100439
0.100729
0.101019
0.101308
0.101596
0.101884
0.102171
0.102457
0.102742
0.103027
0.103312
0.103595
0.103878
0.104161
0.104442
0.104723
0.105004
0.105284
0.105563
0.105841
0.106119
0.106396
0.106673
0.106949
0.107224
0.107499
0.107773
0.108047
0.10832
0.108592
0.108864
0.109135
0.109406
0.109676
0.109945
0.110214
0.110482
0.11075
0.111017
0.111283
0.111549
0.111815
0.11208
0.112344
0.112608
0.112871
0.113133
0.113395
0.113657
0.113918
0.114178
0.114438
0.114697
0.114956
0.115214
0.115472
0.115729
0.115986
0.116242
0.116498
0.116753
0.117007
0.117261
0.117515
0.117768
0.11802
0.118272
0.118524
0.118775
0.119025
0.119275
0.119525
0.119774
0.120022
0.120271
0.120518
0.120765
0.121012
0.121258
0.121504
0.121749
0.121993
0.122238
0.122481
0.122725
0.122968
0.12321
0.123452
0.123693
0.123934
0.124175
0.124415
0.124654
0.124894
0.125132
0.125371
0.125608
0.125846
0.126083
0.126319
0.126555
0.126791
0.127026
0.127261
0.127495
0.127729
0.127963
0.128196
0.128429
0.128661
0.128893
0.129124
0.129355
0.129586
0.129816
0.130045
0.130275
0.130504
0.130732
0.13096
0.131188
0.131415
0.131642
0.131869
0.132095
0.132321
0.132546
0.132771
0.132996
0.13322
0.133444
0.133667
0.13389
0.134113
0.134335
0.134557
0.134778
0.134999
0.13522
0.135441
0.135661
0.13588
0.136099
0.136318
0.136537
0.136755
0.136973
0.13719
0.137407
0.137624
0.137841
0.138057
0.138272
0.138488
0.138702
0.138917
0.139131
0.139345
0.139559
0.139772
0.139985
0.140197
0.14041
0.140621
0.140833
0.141044
0.141255
0.141466
0.141676
0.141886
0.142095
0.142304
0.142513
0.142722
0.14293
0.143138
0.143345
0.143552
0.143759
0.143966
0.144172
0.144378
0.144584
0.144789
0.144994
0.145199
0.145403
0.145607
0.145811
0.146014
0.146217
0.14642
0.146623
0.146825
0.147027
0.147228
0.14743
0.147631
0.147831
0.148032
0.148232
0.148432
0.148631
0.148831
0.149029
0.149228
0.149426
0.149624
0.149822
0.15002
0.150217
0.150414
0.15061
0.150807
0.151003
0.151199
0.151394
0.151589
0.151784
0.151979
0.152173
0.152367
0.152561
0.152755
0.152948
0.153141
0.153334
0.153526
0.153719
0.15391
0.154102
0.154293
0.154485
0.154675
0.154866
0.155056
0.155246
0.155436
0.155626
0.155815
0.156004
0.156193
0.156381
0.15657
0.156758
0.156946
0.157133
0.15732
0.157507
0.157694
0.15788
0.158067
0.158253
0.158438
0.158624
0.158809
0.158994
0.159179
0.159364
0.159548
0.159732
0.159916
0.160099
0.160283
0.160466
0.160648
0.160831
0.161013
0.161196
0.161377
0.161559
0.161741
0.161922
0.162103
0.162283
0.162464
0.162644
0.162824
0.163004
0.163184
0.163363
0.163542
0.163721
0.1639
0.164078
0.164256
0.164434
0.164612
0.16479
0.164967
0.165144
0.165321
0.165498
0.165674
0.165851
0.166027
0.166202
0.166378
0.166553
0.166729
0.166904
0.167078
0.167253
0.167427
0.167601
0.167775
0.167949
0.168123
0.168296
0.168469
0.168642
0.168815
0.168987
0.169159
0.169331
0.169503
0.169675
0.169846
0.170018
0.170189
0.17036
0.17053
0.170701
0.170871
0.171041
0.171211
0.171381
0.17155
0.171719
0.171888
0.172057
0.172226
0.172395
0.172563
0.172731
0.172899
0.173067
0.173234
0.173402
0.173569
0.173736
0.173903
0.174069
0.174236
0.174402
0.174568
0.174734
0.1749
0.175065
0.17523
0.175396
0.175561
0.175725
0.17589
0.176054
0.176219
0.176383
0.176547
0.17671
0.176874
0.177037
0.177201
0.177364
0.177526
0.177689
0.177852
0.178014
0.178176
0.178338
0.1785
0.178661
0.178823
0.178984
0.179145
0.179306
0.179467
0.179628
0.179788
0.179949
0.180109
0.180269
0.180428
0.180588
0.180748
0.180907
0.181066
0.181225
0.181384
0.181542
0.181701
0.181859
0.182017
0.182175
0.182333
0.182491
0.182649
0.182806
0.182963
0.18312
0.183277
0.183434
0.183591
0.183747
0.183903
0.184059
0.184215
0.184371
0.184527
0.184683
0.184838
0.184993
0.185148
0.185303
0.185458
0.185613
0.185767
0.185921
0.186076
0.18623
0.186384
0.186537
0.186691
0.186844
0.186998
0.187151
0.187304
0.187457
0.18761
0.187762
0.187915
0.188067
0.188219
0.188371
0.188523
0.188675
0.188827
0.188978
0.18913
0.189281
0.189432
0.189583
0.189734
0.189884
0.190035
0.190185
0.190336
0.190486
0.190636
0.190786
0.190936
0.191085
0.191235
0.191384
0.191533
0.191683
0.191832
0.19198
0.192129
0.192278
0.192426
0.192575
0.192723
0.192871
0.193019
0.193167
0.193315
0.193462
0.19361
0.193757
0.193904
0.194051
0.194198
0.194345
0.194492
0.194639
0.194785
0.194932
0.195078
0.195224
0.19537
0.195516
0.195662
0.195808
0.195953
0.196099
0.196244
0.19639
0.196535
0.19668
0.196825
0.19697
0.197114
0.197259
0.197404
0.197548
0.197692
0.197836
0.197981
0.198125
0.198268
0.198412
0.198556
0.1987
0.198843
0.198986
0.19913
0.199273
0.199416
0.199559
0.199702
0.199845
0.199987
0.20013
0.200273
0.200415
0.200557
0.2007
0.200842
0.200984
0.201126
0.201268
0.201409
0.201551
0.201693
0.201834
0.201976
0.202117
0.202259
0.2024
0.202541
0.202682
0.202823
0.202964
0.203105
0.203245
0.203386
0.203527
0.203667
0.203808
0.203948
0.204089
0.204229
0.204369
0.204509
0.204649
0.204789
0.204929
0.205069
0.205209
0.205349
0.205489
0.205628
0.205768
0.205908
0.206047
0.206187
0.206326
0.206466
0.206605
0.206745
0.206884
0.207023
0.207162
0.207302
0.207441
0.20758
0.207719
0.207859
0.207998
0.208137
0.208276
0.208415
0.208554
0.208693
0.208833
0.208972
0.209111
0.20925
0.209389
0.209528
0.209668
0.209807
0.209946
0.210086
0.210225
0.210364
0.210504
0.210644
0.210783
0.210923
0.211063
0.211203
0.211343
0.211483
0.211623
0.211763
0.211903
0.212044
0.212185
0.212326
0.212467
0.212608
0.212749
0.212891
0.213032
0.213174
0.213316
0.213459
0.213602
0.213745
0.213888
0.214031
0.214175
0.214319
0.214464
0.214609
0.214754
0.2149
0.215046
0.215193
0.21534
0.215488
0.215637
0.215786
0.215935
0.216086
0.216237
0.216389
0.216541
0.216695
0.216849
0.217005
0.217161
0.217319
0.217478
0.217638
0.217799
0.217962
0.218127
0.218293
0.218461
0.218631
0.218803
0.218977
0.219154
0.219333
0.219516
0.219701
0.219889
0.220082
0.220278
0.220478
0.220683
0.220893
0.221109
0.221331
0.22156
0.221796
0.222041
0.222295
0.22256
0.222836
0.223126
0.22343
0.223752
0.224093
0.224456
0.224845
0.225264
0.225718
0.226215
0.226761
0.227367
0.228047
0.228818
0.229704
0.230737
0.231963
0.23345
0.235298
0.23767
0.24084
0.245309
0.252109
0.263717
0.287788
0.366482
0.474528
0.471413
0.469542
0.468172
0.466247
0.464574
0.463812
0.463801
0.464184
0.464726
0.465301
0.465838
0.466278
0.466576
0.466699
0.466642
0.466438
0.466152
0.465865
0.465643
0.465524
0.46551
0.465578
0.465695
0.465827
0.465945
0.46603
0.466071
0.466069
0.466033
0.465976
0.465915
0.465863
0.465828
0.465815
0.465821
0.465841
0.465868
0.465894
0.465915
0.465927
0.46593
0.465925
0.465914
0.465901
0.46589
0.465881
0.465877
0.465878
0.465883
0.465889
0.465896
0.465903
0.465907
0.46591
0.46591
0.465909
0.465907
0.465904
0.465902
0.465901
0.465901
0.465902
0.465903
0.465904
0.465906
0.465907
0.465908
0.465909
0.465909
0.465908
0.465908
0.465908
0.465908
0.465907
0.465907
0.465908
0.465908
0.465908
0.465908
0.465908
0.465908
0.465907
0.465907
)
;

boundaryField
{
    inlet
    {
        type            calculated;
        value           uniform 0;
    }
    outlet
    {
        type            calculated;
        value           uniform 0.465907;
    }
    emptyWalls
    {
        type            empty;
    }
}


// ************************************************************************* //
