/*--------------------------------*- C++ -*----------------------------------*\
  =========                 |
  \\      /  F ield         | OpenFOAM: The Open Source CFD Toolbox
   \\    /   O peration     | Website:  https://openfoam.org
    \\  /    A nd           | Version:  9
     \\/     M anipulation  |
\*---------------------------------------------------------------------------*/
FoamFile
{
    format      ascii;
    class       volScalarField;
    location    "11.3";
    object      krb;
}
// * * * * * * * * * * * * * * * * * * * * * * * * * * * * * * * * * * * * * //

dimensions      [0 0 0 0 0 0 0];

internalField   nonuniform List<scalar> 
1000
(
0.301665
0.300874
0.300143
0.299443
0.298761
0.298093
0.297437
0.29679
0.296152
0.295521
0.294896
0.294278
0.293666
0.29306
0.292458
0.291862
0.291271
0.290684
0.290102
0.289525
0.288951
0.288382
0.287817
0.287256
0.286699
0.286146
0.285596
0.28505
0.284508
0.283969
0.283434
0.282902
0.282374
0.281849
0.281327
0.280809
0.280293
0.279781
0.279272
0.278766
0.278263
0.277763
0.277266
0.276772
0.276281
0.275792
0.275306
0.274823
0.274343
0.273866
0.273391
0.272918
0.272449
0.271982
0.271517
0.271055
0.270595
0.270138
0.269684
0.269231
0.268781
0.268334
0.267889
0.267446
0.267005
0.266566
0.26613
0.265696
0.265265
0.264835
0.264407
0.263982
0.263559
0.263138
0.262718
0.262301
0.261886
0.261473
0.261062
0.260653
0.260246
0.25984
0.259437
0.259036
0.258636
0.258238
0.257842
0.257448
0.257056
0.256665
0.256277
0.25589
0.255504
0.255121
0.254739
0.254359
0.253981
0.253604
0.253229
0.252855
0.252483
0.252113
0.251744
0.251377
0.251012
0.250648
0.250285
0.249925
0.249565
0.249207
0.248851
0.248496
0.248143
0.247791
0.24744
0.247091
0.246744
0.246397
0.246052
0.245709
0.245367
0.245026
0.244687
0.244349
0.244012
0.243677
0.243343
0.24301
0.242679
0.242349
0.24202
0.241692
0.241366
0.241041
0.240717
0.240394
0.240073
0.239752
0.239433
0.239116
0.238799
0.238484
0.238169
0.237856
0.237544
0.237233
0.236924
0.236615
0.236308
0.236001
0.235696
0.235392
0.235089
0.234787
0.234486
0.234186
0.233887
0.23359
0.233293
0.232997
0.232703
0.232409
0.232117
0.231825
0.231534
0.231245
0.230956
0.230669
0.230382
0.230096
0.229812
0.229528
0.229245
0.228963
0.228682
0.228402
0.228123
0.227845
0.227568
0.227292
0.227016
0.226742
0.226468
0.226195
0.225923
0.225652
0.225382
0.225113
0.224845
0.224577
0.22431
0.224044
0.223779
0.223515
0.223252
0.222989
0.222728
0.222467
0.222207
0.221947
0.221689
0.221431
0.221174
0.220918
0.220663
0.220408
0.220154
0.219901
0.219649
0.219397
0.219146
0.218896
0.218647
0.218398
0.218151
0.217903
0.217657
0.217411
0.217166
0.216922
0.216679
0.216436
0.216194
0.215952
0.215712
0.215472
0.215232
0.214994
0.214756
0.214518
0.214282
0.214046
0.21381
0.213576
0.213342
0.213108
0.212875
0.212643
0.212412
0.212181
0.211951
0.211721
0.211493
0.211264
0.211037
0.21081
0.210583
0.210357
0.210132
0.209908
0.209684
0.20946
0.209237
0.209015
0.208794
0.208572
0.208352
0.208132
0.207913
0.207694
0.207476
0.207258
0.207041
0.206825
0.206609
0.206394
0.206179
0.205965
0.205751
0.205538
0.205325
0.205113
0.204902
0.204691
0.20448
0.20427
0.204061
0.203852
0.203643
0.203436
0.203228
0.203021
0.202815
0.202609
0.202404
0.202199
0.201995
0.201791
0.201588
0.201385
0.201183
0.200981
0.20078
0.200579
0.200378
0.200179
0.199979
0.19978
0.199582
0.199384
0.199186
0.198989
0.198793
0.198596
0.198401
0.198206
0.198011
0.197816
0.197623
0.197429
0.197236
0.197044
0.196852
0.19666
0.196469
0.196278
0.196088
0.195898
0.195708
0.195519
0.195331
0.195143
0.194955
0.194768
0.194581
0.194394
0.194208
0.194022
0.193837
0.193652
0.193468
0.193284
0.1931
0.192917
0.192734
0.192552
0.19237
0.192188
0.192007
0.191826
0.191646
0.191466
0.191286
0.191107
0.190928
0.190749
0.190571
0.190393
0.190216
0.190039
0.189862
0.189686
0.18951
0.189335
0.189159
0.188985
0.18881
0.188636
0.188462
0.188289
0.188116
0.187944
0.187771
0.187599
0.187428
0.187257
0.187086
0.186915
0.186745
0.186575
0.186406
0.186237
0.186068
0.185899
0.185731
0.185564
0.185396
0.185229
0.185062
0.184896
0.18473
0.184564
0.184399
0.184233
0.184069
0.183904
0.18374
0.183576
0.183413
0.183249
0.183087
0.182924
0.182762
0.1826
0.182438
0.182277
0.182116
0.181955
0.181795
0.181635
0.181475
0.181316
0.181156
0.180998
0.180839
0.180681
0.180523
0.180365
0.180208
0.180051
0.179894
0.179737
0.179581
0.179425
0.17927
0.179114
0.178959
0.178805
0.17865
0.178496
0.178342
0.178188
0.178035
0.177882
0.177729
0.177577
0.177424
0.177272
0.177121
0.176969
0.176818
0.176667
0.176517
0.176366
0.176216
0.176066
0.175917
0.175768
0.175619
0.17547
0.175321
0.175173
0.175025
0.174878
0.17473
0.174583
0.174436
0.174289
0.174143
0.173997
0.173851
0.173705
0.17356
0.173415
0.17327
0.173125
0.172981
0.172836
0.172692
0.172549
0.172405
0.172262
0.172119
0.171977
0.171834
0.171692
0.17155
0.171408
0.171267
0.171125
0.170984
0.170843
0.170703
0.170562
0.170422
0.170282
0.170143
0.170003
0.169864
0.169725
0.169586
0.169448
0.16931
0.169172
0.169034
0.168896
0.168759
0.168621
0.168485
0.168348
0.168211
0.168075
0.167939
0.167803
0.167667
0.167532
0.167397
0.167262
0.167127
0.166992
0.166858
0.166724
0.16659
0.166456
0.166323
0.166189
0.166056
0.165923
0.165791
0.165658
0.165526
0.165394
0.165262
0.16513
0.164999
0.164867
0.164736
0.164605
0.164475
0.164344
0.164214
0.164084
0.163954
0.163824
0.163695
0.163565
0.163436
0.163307
0.163179
0.16305
0.162922
0.162794
0.162666
0.162538
0.16241
0.162283
0.162156
0.162029
0.161902
0.161775
0.161649
0.161523
0.161396
0.161271
0.161145
0.161019
0.160894
0.160769
0.160644
0.160519
0.160394
0.16027
0.160146
0.160021
0.159897
0.159774
0.15965
0.159527
0.159404
0.15928
0.159158
0.159035
0.158912
0.15879
0.158668
0.158546
0.158424
0.158302
0.158181
0.158059
0.157938
0.157817
0.157696
0.157576
0.157455
0.157335
0.157215
0.157095
0.156975
0.156855
0.156735
0.156616
0.156497
0.156378
0.156259
0.15614
0.156022
0.155903
0.155785
0.155667
0.155549
0.155431
0.155314
0.155196
0.155079
0.154962
0.154845
0.154728
0.154611
0.154495
0.154378
0.154262
0.154146
0.15403
0.153914
0.153799
0.153683
0.153568
0.153453
0.153338
0.153223
0.153108
0.152993
0.152879
0.152765
0.15265
0.152536
0.152422
0.152309
0.152195
0.152082
0.151968
0.151855
0.151742
0.151629
0.151517
0.151404
0.151292
0.151179
0.151067
0.150955
0.150843
0.150731
0.15062
0.150508
0.150397
0.150286
0.150175
0.150064
0.149953
0.149842
0.149732
0.149621
0.149511
0.149401
0.149291
0.149181
0.149071
0.148961
0.148852
0.148743
0.148633
0.148524
0.148415
0.148306
0.148198
0.148089
0.147981
0.147872
0.147764
0.147656
0.147548
0.14744
0.147332
0.147225
0.147117
0.14701
0.146903
0.146795
0.146688
0.146582
0.146475
0.146368
0.146262
0.146155
0.146049
0.145943
0.145837
0.145731
0.145625
0.145519
0.145414
0.145308
0.145203
0.145098
0.144992
0.144887
0.144783
0.144678
0.144573
0.144469
0.144364
0.14426
0.144155
0.144051
0.143947
0.143843
0.14374
0.143636
0.143532
0.143429
0.143325
0.143222
0.143119
0.143016
0.142913
0.14281
0.142707
0.142605
0.142502
0.1424
0.142297
0.142195
0.142093
0.141991
0.141889
0.141787
0.141685
0.141584
0.141482
0.141381
0.141279
0.141178
0.141077
0.140976
0.140875
0.140774
0.140673
0.140572
0.140472
0.140371
0.140271
0.14017
0.14007
0.13997
0.13987
0.13977
0.13967
0.13957
0.13947
0.139371
0.139271
0.139171
0.139072
0.138973
0.138873
0.138774
0.138675
0.138576
0.138477
0.138378
0.138279
0.138181
0.138082
0.137983
0.137885
0.137786
0.137688
0.13759
0.137491
0.137393
0.137295
0.137197
0.137099
0.137001
0.136903
0.136805
0.136708
0.13661
0.136512
0.136415
0.136317
0.13622
0.136122
0.136025
0.135928
0.13583
0.135733
0.135636
0.135539
0.135441
0.135344
0.135247
0.13515
0.135053
0.134956
0.134859
0.134762
0.134665
0.134568
0.134472
0.134375
0.134278
0.134181
0.134084
0.133987
0.13389
0.133794
0.133697
0.1336
0.133503
0.133406
0.133309
0.133212
0.133115
0.133018
0.132921
0.132824
0.132727
0.13263
0.132532
0.132435
0.132338
0.13224
0.132142
0.132045
0.131947
0.131849
0.131751
0.131653
0.131555
0.131456
0.131358
0.131259
0.13116
0.131061
0.130962
0.130862
0.130762
0.130662
0.130562
0.130462
0.130361
0.13026
0.130158
0.130056
0.129954
0.129852
0.129749
0.129645
0.129541
0.129437
0.129332
0.129226
0.12912
0.129013
0.128905
0.128797
0.128688
0.128578
0.128467
0.128355
0.128242
0.128127
0.128012
0.127895
0.127777
0.127657
0.127536
0.127412
0.127287
0.12716
0.12703
0.126898
0.126763
0.126625
0.126484
0.126339
0.12619
0.126037
0.125879
0.125716
0.125546
0.12537
0.125187
0.124995
0.124794
0.124581
0.124357
0.124119
0.123864
0.12359
0.123295
0.122973
0.12262
0.122231
0.121795
0.121305
0.120744
0.120095
0.11933
0.118412
0.117284
0.115858
0.113987
0.111413
0.107635
0.101533
0.0900498
0.062205
0.038152
0.0359575
0.036485
0.0375422
0.0382504
0.0385708
0.0386264
0.0384684
0.038141
0.0377546
0.0374423
0.0372773
0.0372553
0.0373326
0.0374616
0.0376044
0.0377344
0.0378333
0.03789
0.0379012
0.0378716
0.0378139
0.037745
0.0376819
0.0376372
0.0376165
0.0376186
0.0376379
0.0376666
0.037697
0.0377227
0.0377396
0.037746
0.0377428
0.0377324
0.0377184
0.0377045
0.0376934
0.0376868
0.0376852
0.0376877
0.037693
0.0376993
0.0377051
0.0377094
0.0377114
0.0377111
0.0377091
0.0377059
0.0377024
0.0376993
0.037697
0.0376957
0.0376954
0.0376958
0.0376967
0.0376977
0.0376985
0.0376989
0.037699
0.0376988
0.0376983
0.0376978
0.0376975
0.0376973
0.0376974
0.0376978
0.0376983
0.037699
0.0376996
0.0377002
0.0377006
0.0377009
0.0377009
0.0377009
0.0377007
0.0377004
0.0377001
0.0376998
0.0376995
0.0376993
0.037699
0.0376988
0.0376985
0.0376983
0.037698
0.0376977
0.0376975
0.0376972
0.0376969
0.0376966
0.0376964
0.0376962
0.0376959
0.0376957
0.0376955
0.0376953
0.0376951
0.0376949
0.0376947
)
;

boundaryField
{
    inlet
    {
        type            calculated;
        value           uniform 0.302959;
    }
    outlet
    {
        type            calculated;
        value           uniform 0.0376947;
    }
    emptyWalls
    {
        type            empty;
    }
}


// ************************************************************************* //
