/*--------------------------------*- C++ -*----------------------------------*\
  =========                 |
  \\      /  F ield         | OpenFOAM: The Open Source CFD Toolbox
   \\    /   O peration     | Website:  https://openfoam.org
    \\  /    A nd           | Version:  9
     \\/     M anipulation  |
\*---------------------------------------------------------------------------*/
FoamFile
{
    format      ascii;
    class       volScalarField;
    location    "11.3";
    object      Sb;
}
// * * * * * * * * * * * * * * * * * * * * * * * * * * * * * * * * * * * * * //

dimensions      [0 0 0 0 0 0 0];

internalField   nonuniform List<scalar> 
1000
(
0.499145
0.498622
0.498137
0.497672
0.497219
0.496775
0.496338
0.495907
0.495481
0.495059
0.494642
0.494228
0.493818
0.493411
0.493007
0.492606
0.492208
0.491813
0.491421
0.491031
0.490644
0.490259
0.489876
0.489496
0.489118
0.488742
0.488369
0.487998
0.487628
0.487261
0.486896
0.486533
0.486172
0.485813
0.485456
0.4851
0.484747
0.484395
0.484045
0.483697
0.483351
0.483006
0.482663
0.482322
0.481983
0.481645
0.481309
0.480974
0.480641
0.480309
0.47998
0.479651
0.479324
0.478999
0.478675
0.478353
0.478032
0.477713
0.477395
0.477078
0.476763
0.476449
0.476137
0.475825
0.475516
0.475207
0.4749
0.474594
0.47429
0.473987
0.473685
0.473384
0.473085
0.472786
0.472489
0.472193
0.471899
0.471605
0.471313
0.471022
0.470732
0.470443
0.470156
0.469869
0.469584
0.4693
0.469016
0.468734
0.468453
0.468173
0.467894
0.467616
0.46734
0.467064
0.466789
0.466515
0.466242
0.465971
0.4657
0.46543
0.465161
0.464894
0.464627
0.464361
0.464096
0.463832
0.463569
0.463306
0.463045
0.462785
0.462525
0.462267
0.462009
0.461752
0.461496
0.461241
0.460987
0.460734
0.460481
0.460229
0.459979
0.459728
0.459479
0.459231
0.458983
0.458737
0.458491
0.458245
0.458001
0.457757
0.457515
0.457273
0.457031
0.456791
0.456551
0.456312
0.456074
0.455836
0.455599
0.455363
0.455128
0.454893
0.454659
0.454426
0.454194
0.453962
0.453731
0.4535
0.453271
0.453042
0.452813
0.452585
0.452358
0.452132
0.451906
0.451681
0.451457
0.451233
0.45101
0.450787
0.450566
0.450344
0.450124
0.449904
0.449684
0.449466
0.449248
0.44903
0.448813
0.448597
0.448381
0.448166
0.447951
0.447737
0.447524
0.447311
0.447099
0.446887
0.446676
0.446466
0.446256
0.446046
0.445837
0.445629
0.445421
0.445214
0.445007
0.444801
0.444596
0.444391
0.444186
0.443982
0.443778
0.443575
0.443373
0.443171
0.44297
0.442769
0.442568
0.442368
0.442169
0.44197
0.441771
0.441573
0.441376
0.441179
0.440982
0.440786
0.440591
0.440396
0.440201
0.440007
0.439813
0.43962
0.439427
0.439235
0.439043
0.438852
0.438661
0.43847
0.43828
0.438091
0.437902
0.437713
0.437525
0.437337
0.437149
0.436962
0.436776
0.43659
0.436404
0.436219
0.436034
0.435849
0.435665
0.435482
0.435298
0.435116
0.434933
0.434751
0.434569
0.434388
0.434207
0.434027
0.433847
0.433667
0.433488
0.433309
0.433131
0.432953
0.432775
0.432598
0.432421
0.432244
0.432068
0.431892
0.431717
0.431542
0.431367
0.431193
0.431019
0.430845
0.430672
0.430499
0.430326
0.430154
0.429982
0.429811
0.42964
0.429469
0.429298
0.429128
0.428959
0.428789
0.42862
0.428451
0.428283
0.428115
0.427947
0.42778
0.427613
0.427446
0.42728
0.427113
0.426948
0.426782
0.426617
0.426452
0.426288
0.426124
0.42596
0.425796
0.425633
0.42547
0.425308
0.425145
0.424983
0.424822
0.42466
0.424499
0.424338
0.424178
0.424018
0.423858
0.423698
0.423539
0.42338
0.423221
0.423063
0.422905
0.422747
0.422589
0.422432
0.422275
0.422118
0.421962
0.421806
0.42165
0.421494
0.421339
0.421184
0.421029
0.420875
0.420721
0.420567
0.420413
0.42026
0.420107
0.419954
0.419801
0.419649
0.419497
0.419345
0.419193
0.419042
0.418891
0.41874
0.41859
0.41844
0.41829
0.41814
0.41799
0.417841
0.417692
0.417543
0.417395
0.417247
0.417099
0.416951
0.416803
0.416656
0.416509
0.416362
0.416216
0.41607
0.415924
0.415778
0.415632
0.415487
0.415342
0.415197
0.415052
0.414908
0.414764
0.41462
0.414476
0.414332
0.414189
0.414046
0.413903
0.413761
0.413618
0.413476
0.413334
0.413192
0.413051
0.41291
0.412769
0.412628
0.412487
0.412347
0.412207
0.412067
0.411927
0.411787
0.411648
0.411509
0.41137
0.411231
0.411093
0.410955
0.410817
0.410679
0.410541
0.410404
0.410266
0.410129
0.409992
0.409856
0.409719
0.409583
0.409447
0.409311
0.409176
0.40904
0.408905
0.40877
0.408635
0.4085
0.408366
0.408231
0.408097
0.407963
0.40783
0.407696
0.407563
0.40743
0.407297
0.407164
0.407031
0.406899
0.406767
0.406635
0.406503
0.406371
0.40624
0.406108
0.405977
0.405846
0.405716
0.405585
0.405455
0.405324
0.405194
0.405065
0.404935
0.404805
0.404676
0.404547
0.404418
0.404289
0.40416
0.404032
0.403904
0.403775
0.403647
0.40352
0.403392
0.403265
0.403137
0.40301
0.402883
0.402756
0.40263
0.402503
0.402377
0.402251
0.402125
0.401999
0.401873
0.401748
0.401622
0.401497
0.401372
0.401247
0.401123
0.400998
0.400874
0.40075
0.400625
0.400502
0.400378
0.400254
0.400131
0.400007
0.399884
0.399761
0.399638
0.399516
0.399393
0.399271
0.399149
0.399026
0.398904
0.398783
0.398661
0.398539
0.398418
0.398297
0.398176
0.398055
0.397934
0.397814
0.397693
0.397573
0.397452
0.397332
0.397212
0.397093
0.396973
0.396854
0.396734
0.396615
0.396496
0.396377
0.396258
0.396139
0.396021
0.395903
0.395784
0.395666
0.395548
0.39543
0.395313
0.395195
0.395077
0.39496
0.394843
0.394726
0.394609
0.394492
0.394376
0.394259
0.394143
0.394026
0.39391
0.393794
0.393678
0.393562
0.393447
0.393331
0.393216
0.393101
0.392986
0.392871
0.392756
0.392641
0.392526
0.392412
0.392297
0.392183
0.392069
0.391955
0.391841
0.391727
0.391614
0.3915
0.391387
0.391273
0.39116
0.391047
0.390934
0.390821
0.390709
0.390596
0.390484
0.390371
0.390259
0.390147
0.390035
0.389923
0.389811
0.389699
0.389588
0.389476
0.389365
0.389254
0.389143
0.389032
0.388921
0.38881
0.388699
0.388589
0.388478
0.388368
0.388258
0.388148
0.388038
0.387928
0.387818
0.387708
0.387599
0.387489
0.38738
0.387271
0.387162
0.387052
0.386944
0.386835
0.386726
0.386617
0.386509
0.3864
0.386292
0.386184
0.386076
0.385968
0.38586
0.385752
0.385644
0.385537
0.385429
0.385322
0.385214
0.385107
0.385
0.384893
0.384786
0.384679
0.384573
0.384466
0.384359
0.384253
0.384147
0.38404
0.383934
0.383828
0.383722
0.383616
0.383511
0.383405
0.383299
0.383194
0.383088
0.382983
0.382878
0.382773
0.382668
0.382563
0.382458
0.382353
0.382248
0.382144
0.382039
0.381935
0.381831
0.381726
0.381622
0.381518
0.381414
0.38131
0.381207
0.381103
0.380999
0.380896
0.380792
0.380689
0.380586
0.380482
0.380379
0.380276
0.380173
0.380071
0.379968
0.379865
0.379762
0.37966
0.379558
0.379455
0.379353
0.379251
0.379149
0.379046
0.378945
0.378843
0.378741
0.378639
0.378537
0.378436
0.378334
0.378233
0.378132
0.37803
0.377929
0.377828
0.377727
0.377626
0.377525
0.377424
0.377324
0.377223
0.377122
0.377022
0.376921
0.376821
0.376721
0.37662
0.37652
0.37642
0.37632
0.37622
0.37612
0.376021
0.375921
0.375821
0.375721
0.375622
0.375522
0.375423
0.375324
0.375224
0.375125
0.375026
0.374927
0.374828
0.374729
0.37463
0.374531
0.374433
0.374334
0.374235
0.374137
0.374038
0.37394
0.373841
0.373743
0.373645
0.373547
0.373448
0.37335
0.373252
0.373154
0.373056
0.372959
0.372861
0.372763
0.372665
0.372568
0.37247
0.372373
0.372275
0.372178
0.37208
0.371983
0.371886
0.371788
0.371691
0.371594
0.371497
0.3714
0.371303
0.371206
0.371109
0.371012
0.370915
0.370819
0.370722
0.370625
0.370528
0.370432
0.370335
0.370239
0.370142
0.370046
0.369949
0.369853
0.369757
0.36966
0.369564
0.369468
0.369371
0.369275
0.369179
0.369083
0.368987
0.368891
0.368795
0.368699
0.368603
0.368507
0.368411
0.368315
0.368219
0.368123
0.368027
0.367931
0.367835
0.367739
0.367643
0.367547
0.367451
0.367355
0.367259
0.367164
0.367068
0.366972
0.366876
0.36678
0.366684
0.366588
0.366492
0.366396
0.3663
0.366204
0.366108
0.366012
0.365916
0.365819
0.365723
0.365627
0.36553
0.365434
0.365338
0.365241
0.365145
0.365048
0.364951
0.364854
0.364758
0.364661
0.364563
0.364466
0.364369
0.364272
0.364174
0.364076
0.363979
0.363881
0.363783
0.363684
0.363586
0.363487
0.363388
0.363289
0.36319
0.363091
0.362991
0.362891
0.362791
0.36269
0.36259
0.362489
0.362387
0.362285
0.362183
0.362081
0.361978
0.361874
0.36177
0.361666
0.361561
0.361455
0.361349
0.361243
0.361135
0.361027
0.360918
0.360808
0.360698
0.360586
0.360474
0.36036
0.360246
0.36013
0.360012
0.359894
0.359774
0.359652
0.359528
0.359403
0.359275
0.359146
0.359013
0.358879
0.358741
0.3586
0.358456
0.358308
0.358156
0.357999
0.357837
0.35767
0.357497
0.357316
0.357128
0.356931
0.356724
0.356505
0.356274
0.356029
0.355766
0.355483
0.355178
0.354845
0.354479
0.354075
0.353622
0.353111
0.352526
0.351846
0.351044
0.350077
0.348884
0.347368
0.345364
0.342583
0.338441
0.331601
0.318155
0.281503
0.224943
0.221202
0.222022
0.223761
0.224932
0.22547
0.22558
0.225344
0.224827
0.224198
0.223675
0.22339
0.223341
0.223461
0.223669
0.223904
0.224119
0.224284
0.22438
0.224403
0.224358
0.224265
0.224153
0.224049
0.223974
0.223937
0.223939
0.223969
0.224016
0.224066
0.224108
0.224137
0.224148
0.224144
0.224127
0.224105
0.224082
0.224063
0.224052
0.224049
0.224053
0.224061
0.224072
0.224081
0.224088
0.224092
0.224092
0.224088
0.224083
0.224078
0.224072
0.224068
0.224066
0.224066
0.224066
0.224068
0.224069
0.224071
0.224071
0.224072
0.224071
0.224071
0.22407
0.224069
0.224069
0.224069
0.22407
0.22407
0.224071
0.224073
0.224073
0.224074
0.224075
0.224075
0.224075
0.224074
0.224074
0.224073
0.224073
0.224072
0.224072
0.224072
0.224071
0.224071
0.22407
0.22407
0.22407
0.224069
0.224069
0.224068
0.224068
0.224067
0.224067
0.224067
0.224066
0.224066
0.224066
0.224065
0.224065
0.224065
)
;

boundaryField
{
    inlet
    {
        type            fixedValue;
        value           uniform 0.5;
    }
    outlet
    {
        type            zeroGradient;
    }
    emptyWalls
    {
        type            empty;
    }
}


// ************************************************************************* //
