/*--------------------------------*- C++ -*----------------------------------*\
  =========                 |
  \\      /  F ield         | OpenFOAM: The Open Source CFD Toolbox
   \\    /   O peration     | Website:  https://openfoam.org
    \\  /    A nd           | Version:  9
     \\/     M anipulation  |
\*---------------------------------------------------------------------------*/
FoamFile
{
    format      ascii;
    class       volVectorField;
    location    "11.3";
    object      Ub;
}
// * * * * * * * * * * * * * * * * * * * * * * * * * * * * * * * * * * * * * //

dimensions      [0 0 0 0 0 0 0];

internalField   nonuniform List<vector> 
1000
(
(0.290579 0 0)
(0.290578 0 0)
(0.290576 0 0)
(0.290575 0 0)
(0.290573 0 0)
(0.29057 0 0)
(0.290568 0 0)
(0.290565 0 0)
(0.290561 0 0)
(0.290558 0 0)
(0.290554 0 0)
(0.290549 0 0)
(0.290545 0 0)
(0.29054 0 0)
(0.290535 0 0)
(0.290529 0 0)
(0.290524 0 0)
(0.290518 0 0)
(0.290511 0 0)
(0.290505 0 0)
(0.290498 0 0)
(0.290491 0 0)
(0.290483 0 0)
(0.290476 0 0)
(0.290468 0 0)
(0.29046 0 0)
(0.290451 0 0)
(0.290442 0 0)
(0.290433 0 0)
(0.290424 0 0)
(0.290415 0 0)
(0.290405 0 0)
(0.290395 0 0)
(0.290385 0 0)
(0.290375 0 0)
(0.290364 0 0)
(0.290353 0 0)
(0.290342 0 0)
(0.290331 0 0)
(0.290319 0 0)
(0.290307 0 0)
(0.290295 0 0)
(0.290283 0 0)
(0.290271 0 0)
(0.290258 0 0)
(0.290245 0 0)
(0.290232 0 0)
(0.290219 0 0)
(0.290205 0 0)
(0.290192 0 0)
(0.290178 0 0)
(0.290164 0 0)
(0.290149 0 0)
(0.290135 0 0)
(0.29012 0 0)
(0.290105 0 0)
(0.29009 0 0)
(0.290075 0 0)
(0.29006 0 0)
(0.290044 0 0)
(0.290028 0 0)
(0.290012 0 0)
(0.289996 0 0)
(0.28998 0 0)
(0.289963 0 0)
(0.289946 0 0)
(0.289929 0 0)
(0.289912 0 0)
(0.289895 0 0)
(0.289878 0 0)
(0.28986 0 0)
(0.289842 0 0)
(0.289824 0 0)
(0.289806 0 0)
(0.289788 0 0)
(0.28977 0 0)
(0.289751 0 0)
(0.289732 0 0)
(0.289713 0 0)
(0.289694 0 0)
(0.289675 0 0)
(0.289656 0 0)
(0.289636 0 0)
(0.289616 0 0)
(0.289597 0 0)
(0.289576 0 0)
(0.289556 0 0)
(0.289536 0 0)
(0.289516 0 0)
(0.289495 0 0)
(0.289474 0 0)
(0.289453 0 0)
(0.289432 0 0)
(0.289411 0 0)
(0.28939 0 0)
(0.289368 0 0)
(0.289347 0 0)
(0.289325 0 0)
(0.289303 0 0)
(0.289281 0 0)
(0.289259 0 0)
(0.289236 0 0)
(0.289214 0 0)
(0.289191 0 0)
(0.289169 0 0)
(0.289146 0 0)
(0.289123 0 0)
(0.2891 0 0)
(0.289076 0 0)
(0.289053 0 0)
(0.28903 0 0)
(0.289006 0 0)
(0.288982 0 0)
(0.288958 0 0)
(0.288934 0 0)
(0.28891 0 0)
(0.288886 0 0)
(0.288861 0 0)
(0.288837 0 0)
(0.288812 0 0)
(0.288788 0 0)
(0.288763 0 0)
(0.288738 0 0)
(0.288713 0 0)
(0.288687 0 0)
(0.288662 0 0)
(0.288637 0 0)
(0.288611 0 0)
(0.288585 0 0)
(0.28856 0 0)
(0.288534 0 0)
(0.288508 0 0)
(0.288481 0 0)
(0.288455 0 0)
(0.288429 0 0)
(0.288402 0 0)
(0.288376 0 0)
(0.288349 0 0)
(0.288322 0 0)
(0.288295 0 0)
(0.288268 0 0)
(0.288241 0 0)
(0.288214 0 0)
(0.288187 0 0)
(0.288159 0 0)
(0.288132 0 0)
(0.288104 0 0)
(0.288076 0 0)
(0.288048 0 0)
(0.28802 0 0)
(0.287992 0 0)
(0.287964 0 0)
(0.287936 0 0)
(0.287907 0 0)
(0.287879 0 0)
(0.28785 0 0)
(0.287822 0 0)
(0.287793 0 0)
(0.287764 0 0)
(0.287735 0 0)
(0.287706 0 0)
(0.287677 0 0)
(0.287648 0 0)
(0.287618 0 0)
(0.287589 0 0)
(0.287559 0 0)
(0.28753 0 0)
(0.2875 0 0)
(0.28747 0 0)
(0.28744 0 0)
(0.28741 0 0)
(0.28738 0 0)
(0.28735 0 0)
(0.28732 0 0)
(0.287289 0 0)
(0.287259 0 0)
(0.287228 0 0)
(0.287198 0 0)
(0.287167 0 0)
(0.287136 0 0)
(0.287105 0 0)
(0.287074 0 0)
(0.287043 0 0)
(0.287012 0 0)
(0.286981 0 0)
(0.28695 0 0)
(0.286918 0 0)
(0.286887 0 0)
(0.286855 0 0)
(0.286823 0 0)
(0.286792 0 0)
(0.28676 0 0)
(0.286728 0 0)
(0.286696 0 0)
(0.286664 0 0)
(0.286632 0 0)
(0.286599 0 0)
(0.286567 0 0)
(0.286535 0 0)
(0.286502 0 0)
(0.28647 0 0)
(0.286437 0 0)
(0.286404 0 0)
(0.286371 0 0)
(0.286339 0 0)
(0.286306 0 0)
(0.286273 0 0)
(0.286239 0 0)
(0.286206 0 0)
(0.286173 0 0)
(0.28614 0 0)
(0.286106 0 0)
(0.286073 0 0)
(0.286039 0 0)
(0.286005 0 0)
(0.285972 0 0)
(0.285938 0 0)
(0.285904 0 0)
(0.28587 0 0)
(0.285836 0 0)
(0.285802 0 0)
(0.285768 0 0)
(0.285733 0 0)
(0.285699 0 0)
(0.285665 0 0)
(0.28563 0 0)
(0.285596 0 0)
(0.285561 0 0)
(0.285526 0 0)
(0.285492 0 0)
(0.285457 0 0)
(0.285422 0 0)
(0.285387 0 0)
(0.285352 0 0)
(0.285317 0 0)
(0.285282 0 0)
(0.285246 0 0)
(0.285211 0 0)
(0.285176 0 0)
(0.28514 0 0)
(0.285105 0 0)
(0.285069 0 0)
(0.285033 0 0)
(0.284998 0 0)
(0.284962 0 0)
(0.284926 0 0)
(0.28489 0 0)
(0.284854 0 0)
(0.284818 0 0)
(0.284782 0 0)
(0.284746 0 0)
(0.284709 0 0)
(0.284673 0 0)
(0.284637 0 0)
(0.2846 0 0)
(0.284564 0 0)
(0.284527 0 0)
(0.28449 0 0)
(0.284454 0 0)
(0.284417 0 0)
(0.28438 0 0)
(0.284343 0 0)
(0.284306 0 0)
(0.284269 0 0)
(0.284232 0 0)
(0.284195 0 0)
(0.284158 0 0)
(0.28412 0 0)
(0.284083 0 0)
(0.284046 0 0)
(0.284008 0 0)
(0.283971 0 0)
(0.283933 0 0)
(0.283895 0 0)
(0.283858 0 0)
(0.28382 0 0)
(0.283782 0 0)
(0.283744 0 0)
(0.283706 0 0)
(0.283668 0 0)
(0.28363 0 0)
(0.283592 0 0)
(0.283554 0 0)
(0.283515 0 0)
(0.283477 0 0)
(0.283439 0 0)
(0.2834 0 0)
(0.283362 0 0)
(0.283323 0 0)
(0.283285 0 0)
(0.283246 0 0)
(0.283207 0 0)
(0.283168 0 0)
(0.283129 0 0)
(0.283091 0 0)
(0.283052 0 0)
(0.283013 0 0)
(0.282973 0 0)
(0.282934 0 0)
(0.282895 0 0)
(0.282856 0 0)
(0.282817 0 0)
(0.282777 0 0)
(0.282738 0 0)
(0.282698 0 0)
(0.282659 0 0)
(0.282619 0 0)
(0.28258 0 0)
(0.28254 0 0)
(0.2825 0 0)
(0.28246 0 0)
(0.28242 0 0)
(0.282381 0 0)
(0.282341 0 0)
(0.2823 0 0)
(0.28226 0 0)
(0.28222 0 0)
(0.28218 0 0)
(0.28214 0 0)
(0.2821 0 0)
(0.282059 0 0)
(0.282019 0 0)
(0.281978 0 0)
(0.281938 0 0)
(0.281897 0 0)
(0.281857 0 0)
(0.281816 0 0)
(0.281775 0 0)
(0.281734 0 0)
(0.281694 0 0)
(0.281653 0 0)
(0.281612 0 0)
(0.281571 0 0)
(0.28153 0 0)
(0.281489 0 0)
(0.281448 0 0)
(0.281406 0 0)
(0.281365 0 0)
(0.281324 0 0)
(0.281282 0 0)
(0.281241 0 0)
(0.2812 0 0)
(0.281158 0 0)
(0.281116 0 0)
(0.281075 0 0)
(0.281033 0 0)
(0.280992 0 0)
(0.28095 0 0)
(0.280908 0 0)
(0.280866 0 0)
(0.280824 0 0)
(0.280782 0 0)
(0.28074 0 0)
(0.280698 0 0)
(0.280656 0 0)
(0.280614 0 0)
(0.280572 0 0)
(0.280529 0 0)
(0.280487 0 0)
(0.280445 0 0)
(0.280402 0 0)
(0.28036 0 0)
(0.280317 0 0)
(0.280275 0 0)
(0.280232 0 0)
(0.28019 0 0)
(0.280147 0 0)
(0.280104 0 0)
(0.280061 0 0)
(0.280019 0 0)
(0.279976 0 0)
(0.279933 0 0)
(0.27989 0 0)
(0.279847 0 0)
(0.279804 0 0)
(0.279761 0 0)
(0.279717 0 0)
(0.279674 0 0)
(0.279631 0 0)
(0.279588 0 0)
(0.279544 0 0)
(0.279501 0 0)
(0.279457 0 0)
(0.279414 0 0)
(0.27937 0 0)
(0.279327 0 0)
(0.279283 0 0)
(0.279239 0 0)
(0.279196 0 0)
(0.279152 0 0)
(0.279108 0 0)
(0.279064 0 0)
(0.27902 0 0)
(0.278976 0 0)
(0.278932 0 0)
(0.278888 0 0)
(0.278844 0 0)
(0.2788 0 0)
(0.278756 0 0)
(0.278711 0 0)
(0.278667 0 0)
(0.278623 0 0)
(0.278578 0 0)
(0.278534 0 0)
(0.27849 0 0)
(0.278445 0 0)
(0.278401 0 0)
(0.278356 0 0)
(0.278311 0 0)
(0.278267 0 0)
(0.278222 0 0)
(0.278177 0 0)
(0.278132 0 0)
(0.278087 0 0)
(0.278042 0 0)
(0.277997 0 0)
(0.277952 0 0)
(0.277907 0 0)
(0.277862 0 0)
(0.277817 0 0)
(0.277772 0 0)
(0.277727 0 0)
(0.277682 0 0)
(0.277636 0 0)
(0.277591 0 0)
(0.277545 0 0)
(0.2775 0 0)
(0.277455 0 0)
(0.277409 0 0)
(0.277363 0 0)
(0.277318 0 0)
(0.277272 0 0)
(0.277226 0 0)
(0.277181 0 0)
(0.277135 0 0)
(0.277089 0 0)
(0.277043 0 0)
(0.276997 0 0)
(0.276951 0 0)
(0.276905 0 0)
(0.276859 0 0)
(0.276813 0 0)
(0.276767 0 0)
(0.276721 0 0)
(0.276675 0 0)
(0.276628 0 0)
(0.276582 0 0)
(0.276536 0 0)
(0.276489 0 0)
(0.276443 0 0)
(0.276396 0 0)
(0.27635 0 0)
(0.276303 0 0)
(0.276257 0 0)
(0.27621 0 0)
(0.276164 0 0)
(0.276117 0 0)
(0.27607 0 0)
(0.276023 0 0)
(0.275976 0 0)
(0.275929 0 0)
(0.275883 0 0)
(0.275836 0 0)
(0.275789 0 0)
(0.275742 0 0)
(0.275694 0 0)
(0.275647 0 0)
(0.2756 0 0)
(0.275553 0 0)
(0.275506 0 0)
(0.275458 0 0)
(0.275411 0 0)
(0.275364 0 0)
(0.275316 0 0)
(0.275269 0 0)
(0.275221 0 0)
(0.275174 0 0)
(0.275126 0 0)
(0.275078 0 0)
(0.275031 0 0)
(0.274983 0 0)
(0.274935 0 0)
(0.274887 0 0)
(0.27484 0 0)
(0.274792 0 0)
(0.274744 0 0)
(0.274696 0 0)
(0.274648 0 0)
(0.2746 0 0)
(0.274552 0 0)
(0.274504 0 0)
(0.274455 0 0)
(0.274407 0 0)
(0.274359 0 0)
(0.274311 0 0)
(0.274262 0 0)
(0.274214 0 0)
(0.274166 0 0)
(0.274117 0 0)
(0.274069 0 0)
(0.27402 0 0)
(0.273972 0 0)
(0.273923 0 0)
(0.273874 0 0)
(0.273826 0 0)
(0.273777 0 0)
(0.273728 0 0)
(0.273679 0 0)
(0.273631 0 0)
(0.273582 0 0)
(0.273533 0 0)
(0.273484 0 0)
(0.273435 0 0)
(0.273386 0 0)
(0.273337 0 0)
(0.273288 0 0)
(0.273238 0 0)
(0.273189 0 0)
(0.27314 0 0)
(0.273091 0 0)
(0.273041 0 0)
(0.272992 0 0)
(0.272943 0 0)
(0.272893 0 0)
(0.272844 0 0)
(0.272794 0 0)
(0.272745 0 0)
(0.272695 0 0)
(0.272645 0 0)
(0.272596 0 0)
(0.272546 0 0)
(0.272496 0 0)
(0.272447 0 0)
(0.272397 0 0)
(0.272347 0 0)
(0.272297 0 0)
(0.272247 0 0)
(0.272197 0 0)
(0.272147 0 0)
(0.272097 0 0)
(0.272047 0 0)
(0.271997 0 0)
(0.271947 0 0)
(0.271896 0 0)
(0.271846 0 0)
(0.271796 0 0)
(0.271745 0 0)
(0.271695 0 0)
(0.271645 0 0)
(0.271594 0 0)
(0.271544 0 0)
(0.271493 0 0)
(0.271443 0 0)
(0.271392 0 0)
(0.271341 0 0)
(0.271291 0 0)
(0.27124 0 0)
(0.271189 0 0)
(0.271138 0 0)
(0.271088 0 0)
(0.271037 0 0)
(0.270986 0 0)
(0.270935 0 0)
(0.270884 0 0)
(0.270833 0 0)
(0.270782 0 0)
(0.270731 0 0)
(0.270679 0 0)
(0.270628 0 0)
(0.270577 0 0)
(0.270526 0 0)
(0.270474 0 0)
(0.270423 0 0)
(0.270372 0 0)
(0.27032 0 0)
(0.270269 0 0)
(0.270217 0 0)
(0.270166 0 0)
(0.270114 0 0)
(0.270063 0 0)
(0.270011 0 0)
(0.269959 0 0)
(0.269908 0 0)
(0.269856 0 0)
(0.269804 0 0)
(0.269752 0 0)
(0.2697 0 0)
(0.269648 0 0)
(0.269596 0 0)
(0.269544 0 0)
(0.269492 0 0)
(0.26944 0 0)
(0.269388 0 0)
(0.269336 0 0)
(0.269284 0 0)
(0.269232 0 0)
(0.269179 0 0)
(0.269127 0 0)
(0.269075 0 0)
(0.269022 0 0)
(0.26897 0 0)
(0.268917 0 0)
(0.268865 0 0)
(0.268812 0 0)
(0.26876 0 0)
(0.268707 0 0)
(0.268654 0 0)
(0.268602 0 0)
(0.268549 0 0)
(0.268496 0 0)
(0.268443 0 0)
(0.268391 0 0)
(0.268338 0 0)
(0.268285 0 0)
(0.268232 0 0)
(0.268179 0 0)
(0.268126 0 0)
(0.268073 0 0)
(0.26802 0 0)
(0.267966 0 0)
(0.267913 0 0)
(0.26786 0 0)
(0.267807 0 0)
(0.267753 0 0)
(0.2677 0 0)
(0.267647 0 0)
(0.267593 0 0)
(0.26754 0 0)
(0.267486 0 0)
(0.267433 0 0)
(0.267379 0 0)
(0.267326 0 0)
(0.267272 0 0)
(0.267218 0 0)
(0.267164 0 0)
(0.267111 0 0)
(0.267057 0 0)
(0.267003 0 0)
(0.266949 0 0)
(0.266895 0 0)
(0.266841 0 0)
(0.266787 0 0)
(0.266733 0 0)
(0.266679 0 0)
(0.266625 0 0)
(0.266571 0 0)
(0.266516 0 0)
(0.266462 0 0)
(0.266408 0 0)
(0.266354 0 0)
(0.266299 0 0)
(0.266245 0 0)
(0.26619 0 0)
(0.266136 0 0)
(0.266081 0 0)
(0.266027 0 0)
(0.265972 0 0)
(0.265917 0 0)
(0.265863 0 0)
(0.265808 0 0)
(0.265753 0 0)
(0.265698 0 0)
(0.265644 0 0)
(0.265589 0 0)
(0.265534 0 0)
(0.265479 0 0)
(0.265424 0 0)
(0.265369 0 0)
(0.265314 0 0)
(0.265259 0 0)
(0.265203 0 0)
(0.265148 0 0)
(0.265093 0 0)
(0.265038 0 0)
(0.264982 0 0)
(0.264927 0 0)
(0.264871 0 0)
(0.264816 0 0)
(0.26476 0 0)
(0.264705 0 0)
(0.264649 0 0)
(0.264594 0 0)
(0.264538 0 0)
(0.264482 0 0)
(0.264427 0 0)
(0.264371 0 0)
(0.264315 0 0)
(0.264259 0 0)
(0.264203 0 0)
(0.264147 0 0)
(0.264091 0 0)
(0.264035 0 0)
(0.263979 0 0)
(0.263923 0 0)
(0.263867 0 0)
(0.26381 0 0)
(0.263754 0 0)
(0.263698 0 0)
(0.263642 0 0)
(0.263585 0 0)
(0.263529 0 0)
(0.263472 0 0)
(0.263416 0 0)
(0.263359 0 0)
(0.263303 0 0)
(0.263246 0 0)
(0.263189 0 0)
(0.263132 0 0)
(0.263076 0 0)
(0.263019 0 0)
(0.262962 0 0)
(0.262905 0 0)
(0.262848 0 0)
(0.262791 0 0)
(0.262734 0 0)
(0.262677 0 0)
(0.26262 0 0)
(0.262563 0 0)
(0.262505 0 0)
(0.262448 0 0)
(0.262391 0 0)
(0.262333 0 0)
(0.262276 0 0)
(0.262218 0 0)
(0.262161 0 0)
(0.262103 0 0)
(0.262046 0 0)
(0.261988 0 0)
(0.26193 0 0)
(0.261872 0 0)
(0.261815 0 0)
(0.261757 0 0)
(0.261699 0 0)
(0.261641 0 0)
(0.261583 0 0)
(0.261525 0 0)
(0.261467 0 0)
(0.261409 0 0)
(0.26135 0 0)
(0.261292 0 0)
(0.261234 0 0)
(0.261175 0 0)
(0.261117 0 0)
(0.261059 0 0)
(0.261 0 0)
(0.260941 0 0)
(0.260883 0 0)
(0.260824 0 0)
(0.260765 0 0)
(0.260707 0 0)
(0.260648 0 0)
(0.260589 0 0)
(0.26053 0 0)
(0.260471 0 0)
(0.260412 0 0)
(0.260353 0 0)
(0.260293 0 0)
(0.260234 0 0)
(0.260175 0 0)
(0.260115 0 0)
(0.260056 0 0)
(0.259996 0 0)
(0.259937 0 0)
(0.259877 0 0)
(0.259818 0 0)
(0.259758 0 0)
(0.259698 0 0)
(0.259638 0 0)
(0.259578 0 0)
(0.259518 0 0)
(0.259458 0 0)
(0.259398 0 0)
(0.259338 0 0)
(0.259277 0 0)
(0.259217 0 0)
(0.259156 0 0)
(0.259096 0 0)
(0.259035 0 0)
(0.258975 0 0)
(0.258914 0 0)
(0.258853 0 0)
(0.258792 0 0)
(0.258731 0 0)
(0.25867 0 0)
(0.258609 0 0)
(0.258548 0 0)
(0.258486 0 0)
(0.258425 0 0)
(0.258364 0 0)
(0.258302 0 0)
(0.25824 0 0)
(0.258179 0 0)
(0.258117 0 0)
(0.258055 0 0)
(0.257993 0 0)
(0.257931 0 0)
(0.257868 0 0)
(0.257806 0 0)
(0.257743 0 0)
(0.257681 0 0)
(0.257618 0 0)
(0.257555 0 0)
(0.257492 0 0)
(0.257429 0 0)
(0.257366 0 0)
(0.257303 0 0)
(0.257239 0 0)
(0.257176 0 0)
(0.257112 0 0)
(0.257048 0 0)
(0.256984 0 0)
(0.25692 0 0)
(0.256856 0 0)
(0.256791 0 0)
(0.256727 0 0)
(0.256662 0 0)
(0.256597 0 0)
(0.256532 0 0)
(0.256466 0 0)
(0.256401 0 0)
(0.256335 0 0)
(0.256269 0 0)
(0.256203 0 0)
(0.256137 0 0)
(0.25607 0 0)
(0.256003 0 0)
(0.255936 0 0)
(0.255869 0 0)
(0.255801 0 0)
(0.255733 0 0)
(0.255665 0 0)
(0.255597 0 0)
(0.255528 0 0)
(0.255459 0 0)
(0.255389 0 0)
(0.25532 0 0)
(0.255249 0 0)
(0.255179 0 0)
(0.255108 0 0)
(0.255036 0 0)
(0.254965 0 0)
(0.254892 0 0)
(0.254819 0 0)
(0.254746 0 0)
(0.254672 0 0)
(0.254598 0 0)
(0.254523 0 0)
(0.254447 0 0)
(0.25437 0 0)
(0.254293 0 0)
(0.254215 0 0)
(0.254136 0 0)
(0.254057 0 0)
(0.253976 0 0)
(0.253894 0 0)
(0.253811 0 0)
(0.253728 0 0)
(0.253642 0 0)
(0.253556 0 0)
(0.253468 0 0)
(0.253379 0 0)
(0.253287 0 0)
(0.253195 0 0)
(0.2531 0 0)
(0.253003 0 0)
(0.252903 0 0)
(0.252802 0 0)
(0.252697 0 0)
(0.252589 0 0)
(0.252478 0 0)
(0.252364 0 0)
(0.252245 0 0)
(0.252122 0 0)
(0.251993 0 0)
(0.251859 0 0)
(0.251719 0 0)
(0.251571 0 0)
(0.251416 0 0)
(0.251251 0 0)
(0.251075 0 0)
(0.250887 0 0)
(0.250685 0 0)
(0.250466 0 0)
(0.250228 0 0)
(0.249966 0 0)
(0.249676 0 0)
(0.249351 0 0)
(0.248984 0 0)
(0.248563 0 0)
(0.248075 0 0)
(0.247497 0 0)
(0.246801 0 0)
(0.24594 0 0)
(0.244843 0 0)
(0.24339 0 0)
(0.241363 0 0)
(0.23832 0 0)
(0.233216 0 0)
(0.222814 0 0)
(0.192695 0 0)
(0.157999 0 0)
(0.143486 0 0)
(0.143915 0 0)
(0.151893 0 0)
(0.160682 0 0)
(0.167291 0 0)
(0.170647 0 0)
(0.170237 0 0)
(0.166325 0 0)
(0.160452 0 0)
(0.154836 0 0)
(0.151096 0 0)
(0.149652 0 0)
(0.150071 0 0)
(0.151652 0 0)
(0.15376 0 0)
(0.155901 0 0)
(0.157718 0 0)
(0.158966 0 0)
(0.159518 0 0)
(0.159378 0 0)
(0.158687 0 0)
(0.157684 0 0)
(0.156644 0 0)
(0.1558 0 0)
(0.155291 0 0)
(0.15515 0 0)
(0.155323 0 0)
(0.155706 0 0)
(0.156176 0 0)
(0.156622 0 0)
(0.15696 0 0)
(0.157146 0 0)
(0.157171 0 0)
(0.157063 0 0)
(0.15687 0 0)
(0.156649 0 0)
(0.156451 0 0)
(0.156311 0 0)
(0.156247 0 0)
(0.156255 0 0)
(0.156318 0 0)
(0.156411 0 0)
(0.156509 0 0)
(0.156591 0 0)
(0.156643 0 0)
(0.15666 0 0)
(0.156644 0 0)
(0.156606 0 0)
(0.156556 0 0)
(0.156506 0 0)
(0.156465 0 0)
(0.156439 0 0)
(0.156428 0 0)
(0.156431 0 0)
(0.156443 0 0)
(0.156459 0 0)
(0.156474 0 0)
(0.156484 0 0)
(0.156489 0 0)
(0.156487 0 0)
(0.156481 0 0)
(0.156473 0 0)
(0.156466 0 0)
(0.15646 0 0)
(0.156459 0 0)
(0.156462 0 0)
(0.156468 0 0)
(0.156477 0 0)
(0.156487 0 0)
(0.156497 0 0)
(0.156505 0 0)
(0.156512 0 0)
(0.156516 0 0)
(0.156518 0 0)
(0.156519 0 0)
(0.156518 0 0)
(0.156517 0 0)
(0.156515 0 0)
(0.156514 0 0)
(0.156514 0 0)
(0.156513 0 0)
(0.156513 0 0)
(0.156512 0 0)
(0.156512 0 0)
(0.156511 0 0)
(0.156509 0 0)
(0.156508 0 0)
(0.156506 0 0)
(0.156503 0 0)
(0.156501 0 0)
(0.156499 0 0)
(0.156496 0 0)
(0.156494 0 0)
(0.156491 0 0)
(0.156489 0 0)
(0.156487 0 0)
(0.156484 0 0)
(0.156481 0 0)
(0.156478 0 0)
)
;

boundaryField
{
    inlet
    {
        type            fractionalVelocity;
        U               1((1 0 0));
        fractionalFlow  Fb;
        value           uniform (0.290579 0 0);
    }
    outlet
    {
        type            zeroGradient;
    }
    emptyWalls
    {
        type            empty;
    }
}


// ************************************************************************* //
