/*--------------------------------*- C++ -*----------------------------------*\
  =========                 |
  \\      /  F ield         | OpenFOAM: The Open Source CFD Toolbox
   \\    /   O peration     | Website:  https://openfoam.org
    \\  /    A nd           | Version:  9
     \\/     M anipulation  |
\*---------------------------------------------------------------------------*/
FoamFile
{
    format      ascii;
    class       surfaceScalarField;
    location    "20";
    object      phib;
}
// * * * * * * * * * * * * * * * * * * * * * * * * * * * * * * * * * * * * * //

dimensions      [0 2 0 0 0 0 0];

internalField   nonuniform List<scalar> 
999
(
0.290579
0.290578
0.290578
0.290577
0.290577
0.290576
0.290575
0.290574
0.290573
0.290571
0.29057
0.290568
0.290567
0.290565
0.290563
0.290561
0.290559
0.290557
0.290555
0.290553
0.290551
0.290548
0.290545
0.290543
0.29054
0.290537
0.290534
0.290531
0.290528
0.290525
0.290521
0.290518
0.290515
0.290511
0.290507
0.290504
0.2905
0.290496
0.290492
0.290488
0.290483
0.290479
0.290475
0.29047
0.290466
0.290461
0.290456
0.290452
0.290447
0.290442
0.290437
0.290432
0.290426
0.290421
0.290416
0.29041
0.290405
0.290399
0.290394
0.290388
0.290382
0.290376
0.29037
0.290364
0.290358
0.290352
0.290346
0.29034
0.290333
0.290327
0.29032
0.290313
0.290307
0.2903
0.290293
0.290286
0.290279
0.290272
0.290265
0.290258
0.290251
0.290244
0.290236
0.290229
0.290221
0.290214
0.290206
0.290198
0.290191
0.290183
0.290175
0.290167
0.290159
0.290151
0.290143
0.290134
0.290126
0.290118
0.290109
0.290101
0.290092
0.290084
0.290075
0.290067
0.290058
0.290049
0.29004
0.290031
0.290022
0.290013
0.290004
0.289995
0.289985
0.289976
0.289967
0.289957
0.289948
0.289938
0.289929
0.289919
0.28991
0.2899
0.28989
0.28988
0.28987
0.28986
0.28985
0.28984
0.28983
0.28982
0.28981
0.289799
0.289789
0.289779
0.289768
0.289758
0.289747
0.289736
0.289726
0.289715
0.289704
0.289694
0.289683
0.289672
0.289661
0.28965
0.289639
0.289628
0.289616
0.289605
0.289594
0.289583
0.289571
0.28956
0.289548
0.289537
0.289525
0.289514
0.289502
0.28949
0.289479
0.289467
0.289455
0.289443
0.289431
0.289419
0.289407
0.289395
0.289383
0.289371
0.289359
0.289347
0.289334
0.289322
0.28931
0.289297
0.289285
0.289272
0.28926
0.289247
0.289234
0.289222
0.289209
0.289196
0.289183
0.28917
0.289158
0.289145
0.289132
0.289119
0.289106
0.289092
0.289079
0.289066
0.289053
0.28904
0.289026
0.289013
0.288999
0.288986
0.288973
0.288959
0.288945
0.288932
0.288918
0.288905
0.288891
0.288877
0.288863
0.288849
0.288836
0.288822
0.288808
0.288794
0.28878
0.288766
0.288751
0.288737
0.288723
0.288709
0.288695
0.28868
0.288666
0.288652
0.288637
0.288623
0.288608
0.288594
0.288579
0.288565
0.28855
0.288535
0.288521
0.288506
0.288491
0.288476
0.288461
0.288447
0.288432
0.288417
0.288402
0.288387
0.288372
0.288357
0.288341
0.288326
0.288311
0.288296
0.288281
0.288265
0.28825
0.288235
0.288219
0.288204
0.288188
0.288173
0.288157
0.288142
0.288126
0.28811
0.288095
0.288079
0.288063
0.288048
0.288032
0.288016
0.288
0.287984
0.287968
0.287952
0.287936
0.28792
0.287904
0.287888
0.287872
0.287856
0.28784
0.287823
0.287807
0.287791
0.287775
0.287758
0.287742
0.287725
0.287709
0.287692
0.287676
0.287659
0.287643
0.287626
0.28761
0.287593
0.287576
0.28756
0.287543
0.287526
0.287509
0.287493
0.287476
0.287459
0.287442
0.287425
0.287408
0.287391
0.287374
0.287357
0.28734
0.287323
0.287305
0.287288
0.287271
0.287254
0.287237
0.287219
0.287202
0.287185
0.287167
0.28715
0.287132
0.287115
0.287097
0.28708
0.287062
0.287045
0.287027
0.28701
0.286992
0.286974
0.286956
0.286939
0.286921
0.286903
0.286885
0.286868
0.28685
0.286832
0.286814
0.286796
0.286778
0.28676
0.286742
0.286724
0.286706
0.286688
0.286669
0.286651
0.286633
0.286615
0.286597
0.286578
0.28656
0.286542
0.286523
0.286505
0.286487
0.286468
0.28645
0.286431
0.286413
0.286394
0.286376
0.286357
0.286338
0.28632
0.286301
0.286283
0.286264
0.286245
0.286226
0.286208
0.286189
0.28617
0.286151
0.286132
0.286113
0.286094
0.286075
0.286056
0.286037
0.286018
0.285999
0.28598
0.285961
0.285942
0.285923
0.285904
0.285885
0.285865
0.285846
0.285827
0.285808
0.285788
0.285769
0.28575
0.28573
0.285711
0.285691
0.285672
0.285653
0.285633
0.285614
0.285594
0.285574
0.285555
0.285535
0.285516
0.285496
0.285476
0.285457
0.285437
0.285417
0.285397
0.285378
0.285358
0.285338
0.285318
0.285298
0.285278
0.285258
0.285238
0.285218
0.285198
0.285178
0.285158
0.285138
0.285118
0.285098
0.285078
0.285058
0.285038
0.285018
0.284997
0.284977
0.284957
0.284937
0.284916
0.284896
0.284876
0.284855
0.284835
0.284815
0.284794
0.284774
0.284753
0.284733
0.284712
0.284692
0.284671
0.284651
0.28463
0.284609
0.284589
0.284568
0.284548
0.284527
0.284506
0.284485
0.284465
0.284444
0.284423
0.284402
0.284381
0.284361
0.28434
0.284319
0.284298
0.284277
0.284256
0.284235
0.284214
0.284193
0.284172
0.284151
0.28413
0.284109
0.284088
0.284066
0.284045
0.284024
0.284003
0.283982
0.28396
0.283939
0.283918
0.283897
0.283875
0.283854
0.283833
0.283811
0.28379
0.283768
0.283747
0.283726
0.283704
0.283683
0.283661
0.28364
0.283618
0.283597
0.283575
0.283553
0.283532
0.28351
0.283488
0.283467
0.283445
0.283423
0.283402
0.28338
0.283358
0.283336
0.283314
0.283293
0.283271
0.283249
0.283227
0.283205
0.283183
0.283161
0.283139
0.283117
0.283095
0.283073
0.283051
0.283029
0.283007
0.282985
0.282963
0.282941
0.282919
0.282897
0.282874
0.282852
0.28283
0.282808
0.282786
0.282763
0.282741
0.282719
0.282696
0.282674
0.282652
0.282629
0.282607
0.282585
0.282562
0.28254
0.282517
0.282495
0.282472
0.28245
0.282427
0.282405
0.282382
0.282359
0.282337
0.282314
0.282292
0.282269
0.282246
0.282224
0.282201
0.282178
0.282155
0.282133
0.28211
0.282087
0.282064
0.282042
0.282019
0.281996
0.281973
0.28195
0.281927
0.281904
0.281881
0.281858
0.281835
0.281812
0.281789
0.281766
0.281743
0.28172
0.281697
0.281674
0.281651
0.281628
0.281605
0.281581
0.281558
0.281535
0.281512
0.281489
0.281465
0.281442
0.281419
0.281396
0.281372
0.281349
0.281326
0.281302
0.281279
0.281256
0.281232
0.281209
0.281185
0.281162
0.281138
0.281115
0.281091
0.281068
0.281044
0.281021
0.280997
0.280974
0.28095
0.280926
0.280903
0.280879
0.280855
0.280832
0.280808
0.280784
0.280761
0.280737
0.280713
0.280689
0.280665
0.280642
0.280618
0.280594
0.28057
0.280546
0.280522
0.280499
0.280475
0.280451
0.280427
0.280403
0.280379
0.280355
0.280331
0.280307
0.280283
0.280259
0.280235
0.28021
0.280186
0.280162
0.280138
0.280114
0.28009
0.280066
0.280041
0.280017
0.279993
0.279969
0.279944
0.27992
0.279896
0.279872
0.279847
0.279823
0.279799
0.279774
0.27975
0.279725
0.279701
0.279677
0.279652
0.279628
0.279603
0.279579
0.279554
0.27953
0.279505
0.279481
0.279456
0.279432
0.279407
0.279382
0.279358
0.279333
0.279309
0.279284
0.279259
0.279234
0.27921
0.279185
0.27916
0.279136
0.279111
0.279086
0.279061
0.279036
0.279012
0.278987
0.278962
0.278937
0.278912
0.278887
0.278862
0.278837
0.278812
0.278788
0.278763
0.278738
0.278713
0.278688
0.278663
0.278637
0.278612
0.278587
0.278562
0.278537
0.278512
0.278487
0.278462
0.278437
0.278411
0.278386
0.278361
0.278336
0.278311
0.278285
0.27826
0.278235
0.27821
0.278184
0.278159
0.278134
0.278108
0.278083
0.278058
0.278032
0.278007
0.277981
0.277956
0.277931
0.277905
0.27788
0.277854
0.277829
0.277803
0.277778
0.277752
0.277727
0.277701
0.277675
0.27765
0.277624
0.277599
0.277573
0.277547
0.277522
0.277496
0.27747
0.277445
0.277419
0.277393
0.277367
0.277342
0.277316
0.27729
0.277264
0.277238
0.277213
0.277187
0.277161
0.277135
0.277109
0.277083
0.277057
0.277031
0.277005
0.27698
0.276954
0.276928
0.276902
0.276876
0.27685
0.276824
0.276797
0.276771
0.276745
0.276719
0.276693
0.276667
0.276641
0.276615
0.276589
0.276562
0.276536
0.27651
0.276484
0.276458
0.276431
0.276405
0.276379
0.276353
0.276326
0.2763
0.276274
0.276247
0.276221
0.276195
0.276168
0.276142
0.276116
0.276089
0.276063
0.276036
0.27601
0.275983
0.275957
0.27593
0.275904
0.275877
0.275851
0.275824
0.275798
0.275771
0.275745
0.275718
0.275691
0.275665
0.275638
0.275612
0.275585
0.275558
0.275532
0.275505
0.275478
0.275451
0.275425
0.275398
0.275371
0.275344
0.275318
0.275291
0.275264
0.275237
0.27521
0.275183
0.275157
0.27513
0.275103
0.275076
0.275049
0.275022
0.274995
0.274968
0.274941
0.274914
0.274887
0.27486
0.274833
0.274806
0.274779
0.274752
0.274725
0.274698
0.274671
0.274644
0.274617
0.274589
0.274562
0.274535
0.274508
0.274481
0.274454
0.274426
0.274399
0.274372
0.274345
0.274317
0.27429
0.274263
0.274235
0.274208
0.274181
0.274154
0.274126
0.274099
0.274071
0.274044
0.274017
0.273989
0.273962
0.273934
0.273907
0.273879
0.273852
0.273824
0.273797
0.273769
0.273742
0.273714
0.273687
0.273659
0.273632
0.273604
0.273576
0.273549
0.273521
0.273494
0.273466
0.273438
0.273411
0.273383
0.273355
0.273327
0.2733
0.273272
0.273244
0.273216
0.273189
0.273161
0.273133
0.273105
0.273077
0.27305
0.273022
0.272994
0.272966
0.272938
0.27291
0.272882
0.272854
0.272826
0.272798
0.27277
0.272742
0.272714
0.272686
0.272658
0.27263
0.272602
0.272574
0.272546
0.272518
0.27249
0.272462
0.272434
0.272406
0.272378
0.272349
0.272321
0.272293
0.272265
0.272237
0.272208
0.27218
0.272152
0.272124
0.272095
0.272067
0.272039
0.272011
0.271982
0.271954
0.271926
0.271897
0.271869
0.27184
0.271812
0.271784
0.271755
0.271727
0.271698
0.27167
0.271642
0.271613
0.271585
0.271556
0.271528
0.271499
0.27147
0.271442
0.271413
0.271385
0.271356
0.271328
0.271299
0.27127
0.271242
0.271213
0.271184
0.271156
0.271127
0.271098
0.27107
0.271041
0.271012
0.270984
0.270955
0.270926
0.270897
0.270868
)
;

boundaryField
{
    inlet
    {
        type            calculated;
        value           uniform -0.290579;
    }
    outlet
    {
        type            calculated;
        value           uniform 0.27084;
    }
    emptyWalls
    {
        type            empty;
        value           nonuniform List<scalar> 0();
    }
}


// ************************************************************************* //
