/*--------------------------------*- C++ -*----------------------------------*\
  =========                 |
  \\      /  F ield         | OpenFOAM: The Open Source CFD Toolbox
   \\    /   O peration     | Website:  https://openfoam.org
    \\  /    A nd           | Version:  9
     \\/     M anipulation  |
\*---------------------------------------------------------------------------*/
FoamFile
{
    format      ascii;
    class       volVectorField;
    location    "10.7";
    object      Ua;
}
// * * * * * * * * * * * * * * * * * * * * * * * * * * * * * * * * * * * * * //

dimensions      [0 0 0 0 0 0 0];

internalField   nonuniform List<vector> 
1000
(
(0.709421 0 0)
(0.70942 0 0)
(0.709419 0 0)
(0.709418 0 0)
(0.709417 0 0)
(0.709415 0 0)
(0.709413 0 0)
(0.709411 0 0)
(0.709409 0 0)
(0.709406 0 0)
(0.709404 0 0)
(0.709401 0 0)
(0.709398 0 0)
(0.709394 0 0)
(0.709391 0 0)
(0.709387 0 0)
(0.709383 0 0)
(0.709379 0 0)
(0.709374 0 0)
(0.70937 0 0)
(0.709365 0 0)
(0.70936 0 0)
(0.709355 0 0)
(0.70935 0 0)
(0.709345 0 0)
(0.709339 0 0)
(0.709333 0 0)
(0.709327 0 0)
(0.709321 0 0)
(0.709315 0 0)
(0.709308 0 0)
(0.709302 0 0)
(0.709295 0 0)
(0.709288 0 0)
(0.709281 0 0)
(0.709274 0 0)
(0.709266 0 0)
(0.709259 0 0)
(0.709251 0 0)
(0.709243 0 0)
(0.709235 0 0)
(0.709227 0 0)
(0.709219 0 0)
(0.709211 0 0)
(0.709202 0 0)
(0.709193 0 0)
(0.709185 0 0)
(0.709176 0 0)
(0.709167 0 0)
(0.709157 0 0)
(0.709148 0 0)
(0.709139 0 0)
(0.709129 0 0)
(0.709119 0 0)
(0.709109 0 0)
(0.709099 0 0)
(0.709089 0 0)
(0.709079 0 0)
(0.709069 0 0)
(0.709058 0 0)
(0.709048 0 0)
(0.709037 0 0)
(0.709026 0 0)
(0.709015 0 0)
(0.709004 0 0)
(0.708993 0 0)
(0.708982 0 0)
(0.70897 0 0)
(0.708959 0 0)
(0.708947 0 0)
(0.708935 0 0)
(0.708924 0 0)
(0.708912 0 0)
(0.7089 0 0)
(0.708887 0 0)
(0.708875 0 0)
(0.708863 0 0)
(0.70885 0 0)
(0.708838 0 0)
(0.708825 0 0)
(0.708812 0 0)
(0.7088 0 0)
(0.708787 0 0)
(0.708774 0 0)
(0.70876 0 0)
(0.708747 0 0)
(0.708734 0 0)
(0.70872 0 0)
(0.708707 0 0)
(0.708693 0 0)
(0.70868 0 0)
(0.708666 0 0)
(0.708652 0 0)
(0.708638 0 0)
(0.708624 0 0)
(0.70861 0 0)
(0.708596 0 0)
(0.708581 0 0)
(0.708567 0 0)
(0.708552 0 0)
(0.708538 0 0)
(0.708523 0 0)
(0.708509 0 0)
(0.708494 0 0)
(0.708479 0 0)
(0.708464 0 0)
(0.708449 0 0)
(0.708434 0 0)
(0.708419 0 0)
(0.708403 0 0)
(0.708388 0 0)
(0.708372 0 0)
(0.708357 0 0)
(0.708341 0 0)
(0.708326 0 0)
(0.70831 0 0)
(0.708294 0 0)
(0.708278 0 0)
(0.708262 0 0)
(0.708246 0 0)
(0.70823 0 0)
(0.708214 0 0)
(0.708198 0 0)
(0.708182 0 0)
(0.708165 0 0)
(0.708149 0 0)
(0.708132 0 0)
(0.708116 0 0)
(0.708099 0 0)
(0.708082 0 0)
(0.708066 0 0)
(0.708049 0 0)
(0.708032 0 0)
(0.708015 0 0)
(0.707998 0 0)
(0.707981 0 0)
(0.707963 0 0)
(0.707946 0 0)
(0.707929 0 0)
(0.707912 0 0)
(0.707894 0 0)
(0.707877 0 0)
(0.707859 0 0)
(0.707842 0 0)
(0.707824 0 0)
(0.707806 0 0)
(0.707788 0 0)
(0.707771 0 0)
(0.707753 0 0)
(0.707735 0 0)
(0.707717 0 0)
(0.707699 0 0)
(0.70768 0 0)
(0.707662 0 0)
(0.707644 0 0)
(0.707626 0 0)
(0.707607 0 0)
(0.707589 0 0)
(0.707571 0 0)
(0.707552 0 0)
(0.707533 0 0)
(0.707515 0 0)
(0.707496 0 0)
(0.707477 0 0)
(0.707459 0 0)
(0.70744 0 0)
(0.707421 0 0)
(0.707402 0 0)
(0.707383 0 0)
(0.707364 0 0)
(0.707345 0 0)
(0.707326 0 0)
(0.707307 0 0)
(0.707287 0 0)
(0.707268 0 0)
(0.707249 0 0)
(0.707229 0 0)
(0.70721 0 0)
(0.70719 0 0)
(0.707171 0 0)
(0.707151 0 0)
(0.707132 0 0)
(0.707112 0 0)
(0.707092 0 0)
(0.707072 0 0)
(0.707053 0 0)
(0.707033 0 0)
(0.707013 0 0)
(0.706993 0 0)
(0.706973 0 0)
(0.706953 0 0)
(0.706933 0 0)
(0.706913 0 0)
(0.706892 0 0)
(0.706872 0 0)
(0.706852 0 0)
(0.706832 0 0)
(0.706811 0 0)
(0.706791 0 0)
(0.70677 0 0)
(0.70675 0 0)
(0.706729 0 0)
(0.706709 0 0)
(0.706688 0 0)
(0.706668 0 0)
(0.706647 0 0)
(0.706626 0 0)
(0.706605 0 0)
(0.706585 0 0)
(0.706564 0 0)
(0.706543 0 0)
(0.706522 0 0)
(0.706501 0 0)
(0.70648 0 0)
(0.706459 0 0)
(0.706438 0 0)
(0.706417 0 0)
(0.706396 0 0)
(0.706374 0 0)
(0.706353 0 0)
(0.706332 0 0)
(0.70631 0 0)
(0.706289 0 0)
(0.706268 0 0)
(0.706246 0 0)
(0.706225 0 0)
(0.706203 0 0)
(0.706182 0 0)
(0.70616 0 0)
(0.706139 0 0)
(0.706117 0 0)
(0.706095 0 0)
(0.706074 0 0)
(0.706052 0 0)
(0.70603 0 0)
(0.706008 0 0)
(0.705986 0 0)
(0.705964 0 0)
(0.705942 0 0)
(0.70592 0 0)
(0.705898 0 0)
(0.705876 0 0)
(0.705854 0 0)
(0.705832 0 0)
(0.70581 0 0)
(0.705788 0 0)
(0.705766 0 0)
(0.705744 0 0)
(0.705721 0 0)
(0.705699 0 0)
(0.705677 0 0)
(0.705654 0 0)
(0.705632 0 0)
(0.705609 0 0)
(0.705587 0 0)
(0.705565 0 0)
(0.705542 0 0)
(0.705519 0 0)
(0.705497 0 0)
(0.705474 0 0)
(0.705452 0 0)
(0.705429 0 0)
(0.705406 0 0)
(0.705383 0 0)
(0.705361 0 0)
(0.705338 0 0)
(0.705315 0 0)
(0.705292 0 0)
(0.705269 0 0)
(0.705246 0 0)
(0.705223 0 0)
(0.7052 0 0)
(0.705177 0 0)
(0.705154 0 0)
(0.705131 0 0)
(0.705108 0 0)
(0.705085 0 0)
(0.705062 0 0)
(0.705039 0 0)
(0.705016 0 0)
(0.704992 0 0)
(0.704969 0 0)
(0.704946 0 0)
(0.704922 0 0)
(0.704899 0 0)
(0.704876 0 0)
(0.704852 0 0)
(0.704829 0 0)
(0.704805 0 0)
(0.704782 0 0)
(0.704758 0 0)
(0.704735 0 0)
(0.704711 0 0)
(0.704688 0 0)
(0.704664 0 0)
(0.70464 0 0)
(0.704617 0 0)
(0.704593 0 0)
(0.704569 0 0)
(0.704546 0 0)
(0.704522 0 0)
(0.704498 0 0)
(0.704474 0 0)
(0.70445 0 0)
(0.704426 0 0)
(0.704403 0 0)
(0.704379 0 0)
(0.704355 0 0)
(0.704331 0 0)
(0.704307 0 0)
(0.704283 0 0)
(0.704259 0 0)
(0.704235 0 0)
(0.70421 0 0)
(0.704186 0 0)
(0.704162 0 0)
(0.704138 0 0)
(0.704114 0 0)
(0.70409 0 0)
(0.704065 0 0)
(0.704041 0 0)
(0.704017 0 0)
(0.703992 0 0)
(0.703968 0 0)
(0.703944 0 0)
(0.703919 0 0)
(0.703895 0 0)
(0.70387 0 0)
(0.703846 0 0)
(0.703822 0 0)
(0.703797 0 0)
(0.703773 0 0)
(0.703748 0 0)
(0.703723 0 0)
(0.703699 0 0)
(0.703674 0 0)
(0.70365 0 0)
(0.703625 0 0)
(0.7036 0 0)
(0.703576 0 0)
(0.703551 0 0)
(0.703526 0 0)
(0.703501 0 0)
(0.703477 0 0)
(0.703452 0 0)
(0.703427 0 0)
(0.703402 0 0)
(0.703377 0 0)
(0.703352 0 0)
(0.703327 0 0)
(0.703302 0 0)
(0.703277 0 0)
(0.703252 0 0)
(0.703227 0 0)
(0.703202 0 0)
(0.703177 0 0)
(0.703152 0 0)
(0.703127 0 0)
(0.703102 0 0)
(0.703077 0 0)
(0.703052 0 0)
(0.703027 0 0)
(0.703002 0 0)
(0.702976 0 0)
(0.702951 0 0)
(0.702926 0 0)
(0.702901 0 0)
(0.702875 0 0)
(0.70285 0 0)
(0.702825 0 0)
(0.702799 0 0)
(0.702774 0 0)
(0.702749 0 0)
(0.702723 0 0)
(0.702698 0 0)
(0.702672 0 0)
(0.702647 0 0)
(0.702621 0 0)
(0.702596 0 0)
(0.70257 0 0)
(0.702545 0 0)
(0.702519 0 0)
(0.702494 0 0)
(0.702468 0 0)
(0.702443 0 0)
(0.702417 0 0)
(0.702391 0 0)
(0.702366 0 0)
(0.70234 0 0)
(0.702314 0 0)
(0.702289 0 0)
(0.702263 0 0)
(0.702237 0 0)
(0.702211 0 0)
(0.702185 0 0)
(0.70216 0 0)
(0.702134 0 0)
(0.702108 0 0)
(0.702082 0 0)
(0.702056 0 0)
(0.70203 0 0)
(0.702004 0 0)
(0.701978 0 0)
(0.701953 0 0)
(0.701927 0 0)
(0.701901 0 0)
(0.701875 0 0)
(0.701849 0 0)
(0.701823 0 0)
(0.701796 0 0)
(0.70177 0 0)
(0.701744 0 0)
(0.701718 0 0)
(0.701692 0 0)
(0.701666 0 0)
(0.70164 0 0)
(0.701614 0 0)
(0.701587 0 0)
(0.701561 0 0)
(0.701535 0 0)
(0.701509 0 0)
(0.701483 0 0)
(0.701456 0 0)
(0.70143 0 0)
(0.701404 0 0)
(0.701377 0 0)
(0.701351 0 0)
(0.701325 0 0)
(0.701298 0 0)
(0.701272 0 0)
(0.701246 0 0)
(0.701219 0 0)
(0.701193 0 0)
(0.701166 0 0)
(0.70114 0 0)
(0.701113 0 0)
(0.701087 0 0)
(0.70106 0 0)
(0.701034 0 0)
(0.701007 0 0)
(0.700981 0 0)
(0.700954 0 0)
(0.700928 0 0)
(0.700901 0 0)
(0.700874 0 0)
(0.700848 0 0)
(0.700821 0 0)
(0.700794 0 0)
(0.700768 0 0)
(0.700741 0 0)
(0.700714 0 0)
(0.700688 0 0)
(0.700661 0 0)
(0.700634 0 0)
(0.700607 0 0)
(0.70058 0 0)
(0.700554 0 0)
(0.700527 0 0)
(0.7005 0 0)
(0.700473 0 0)
(0.700446 0 0)
(0.700419 0 0)
(0.700393 0 0)
(0.700366 0 0)
(0.700339 0 0)
(0.700312 0 0)
(0.700285 0 0)
(0.700258 0 0)
(0.700231 0 0)
(0.700204 0 0)
(0.700177 0 0)
(0.70015 0 0)
(0.700123 0 0)
(0.700096 0 0)
(0.700069 0 0)
(0.700042 0 0)
(0.700015 0 0)
(0.699988 0 0)
(0.69996 0 0)
(0.699933 0 0)
(0.699906 0 0)
(0.699879 0 0)
(0.699852 0 0)
(0.699825 0 0)
(0.699797 0 0)
(0.69977 0 0)
(0.699743 0 0)
(0.699716 0 0)
(0.699689 0 0)
(0.699661 0 0)
(0.699634 0 0)
(0.699607 0 0)
(0.699579 0 0)
(0.699552 0 0)
(0.699525 0 0)
(0.699497 0 0)
(0.69947 0 0)
(0.699443 0 0)
(0.699415 0 0)
(0.699388 0 0)
(0.69936 0 0)
(0.699333 0 0)
(0.699306 0 0)
(0.699278 0 0)
(0.699251 0 0)
(0.699223 0 0)
(0.699196 0 0)
(0.699168 0 0)
(0.699141 0 0)
(0.699113 0 0)
(0.699086 0 0)
(0.699058 0 0)
(0.699031 0 0)
(0.699003 0 0)
(0.698975 0 0)
(0.698948 0 0)
(0.69892 0 0)
(0.698892 0 0)
(0.698865 0 0)
(0.698837 0 0)
(0.698809 0 0)
(0.698782 0 0)
(0.698754 0 0)
(0.698726 0 0)
(0.698699 0 0)
(0.698671 0 0)
(0.698643 0 0)
(0.698615 0 0)
(0.698588 0 0)
(0.69856 0 0)
(0.698532 0 0)
(0.698504 0 0)
(0.698476 0 0)
(0.698449 0 0)
(0.698421 0 0)
(0.698393 0 0)
(0.698365 0 0)
(0.698337 0 0)
(0.698309 0 0)
(0.698281 0 0)
(0.698253 0 0)
(0.698226 0 0)
(0.698198 0 0)
(0.69817 0 0)
(0.698142 0 0)
(0.698114 0 0)
(0.698086 0 0)
(0.698058 0 0)
(0.69803 0 0)
(0.698002 0 0)
(0.697974 0 0)
(0.697946 0 0)
(0.697917 0 0)
(0.697889 0 0)
(0.697861 0 0)
(0.697833 0 0)
(0.697805 0 0)
(0.697777 0 0)
(0.697749 0 0)
(0.697721 0 0)
(0.697692 0 0)
(0.697664 0 0)
(0.697636 0 0)
(0.697608 0 0)
(0.69758 0 0)
(0.697552 0 0)
(0.697523 0 0)
(0.697495 0 0)
(0.697467 0 0)
(0.697439 0 0)
(0.69741 0 0)
(0.697382 0 0)
(0.697354 0 0)
(0.697325 0 0)
(0.697297 0 0)
(0.697269 0 0)
(0.69724 0 0)
(0.697212 0 0)
(0.697184 0 0)
(0.697155 0 0)
(0.697127 0 0)
(0.697098 0 0)
(0.69707 0 0)
(0.697042 0 0)
(0.697013 0 0)
(0.696985 0 0)
(0.696956 0 0)
(0.696928 0 0)
(0.696899 0 0)
(0.696871 0 0)
(0.696842 0 0)
(0.696814 0 0)
(0.696785 0 0)
(0.696757 0 0)
(0.696728 0 0)
(0.6967 0 0)
(0.696671 0 0)
(0.696642 0 0)
(0.696614 0 0)
(0.696585 0 0)
(0.696557 0 0)
(0.696528 0 0)
(0.696499 0 0)
(0.696471 0 0)
(0.696442 0 0)
(0.696413 0 0)
(0.696385 0 0)
(0.696356 0 0)
(0.696327 0 0)
(0.696298 0 0)
(0.69627 0 0)
(0.696241 0 0)
(0.696212 0 0)
(0.696183 0 0)
(0.696155 0 0)
(0.696126 0 0)
(0.696097 0 0)
(0.696068 0 0)
(0.696039 0 0)
(0.69601 0 0)
(0.695982 0 0)
(0.695953 0 0)
(0.695924 0 0)
(0.695895 0 0)
(0.695866 0 0)
(0.695837 0 0)
(0.695808 0 0)
(0.695779 0 0)
(0.69575 0 0)
(0.695721 0 0)
(0.695692 0 0)
(0.695663 0 0)
(0.695634 0 0)
(0.695605 0 0)
(0.695576 0 0)
(0.695547 0 0)
(0.695518 0 0)
(0.695489 0 0)
(0.69546 0 0)
(0.695431 0 0)
(0.695402 0 0)
(0.695373 0 0)
(0.695344 0 0)
(0.695315 0 0)
(0.695286 0 0)
(0.695256 0 0)
(0.695227 0 0)
(0.695198 0 0)
(0.695169 0 0)
(0.69514 0 0)
(0.69511 0 0)
(0.695081 0 0)
(0.695052 0 0)
(0.695023 0 0)
(0.694993 0 0)
(0.694964 0 0)
(0.694935 0 0)
(0.694906 0 0)
(0.694876 0 0)
(0.694847 0 0)
(0.694818 0 0)
(0.694788 0 0)
(0.694759 0 0)
(0.69473 0 0)
(0.6947 0 0)
(0.694671 0 0)
(0.694641 0 0)
(0.694612 0 0)
(0.694583 0 0)
(0.694553 0 0)
(0.694524 0 0)
(0.694494 0 0)
(0.694465 0 0)
(0.694435 0 0)
(0.694406 0 0)
(0.694376 0 0)
(0.694347 0 0)
(0.694317 0 0)
(0.694287 0 0)
(0.694258 0 0)
(0.694228 0 0)
(0.694199 0 0)
(0.694169 0 0)
(0.694139 0 0)
(0.69411 0 0)
(0.69408 0 0)
(0.69405 0 0)
(0.694021 0 0)
(0.693991 0 0)
(0.693961 0 0)
(0.693931 0 0)
(0.693902 0 0)
(0.693872 0 0)
(0.693842 0 0)
(0.693812 0 0)
(0.693783 0 0)
(0.693753 0 0)
(0.693723 0 0)
(0.693693 0 0)
(0.693663 0 0)
(0.693633 0 0)
(0.693603 0 0)
(0.693573 0 0)
(0.693543 0 0)
(0.693513 0 0)
(0.693483 0 0)
(0.693453 0 0)
(0.693423 0 0)
(0.693393 0 0)
(0.693363 0 0)
(0.693333 0 0)
(0.693303 0 0)
(0.693273 0 0)
(0.693243 0 0)
(0.693213 0 0)
(0.693183 0 0)
(0.693152 0 0)
(0.693122 0 0)
(0.693092 0 0)
(0.693062 0 0)
(0.693031 0 0)
(0.693001 0 0)
(0.692971 0 0)
(0.69294 0 0)
(0.69291 0 0)
(0.69288 0 0)
(0.692849 0 0)
(0.692819 0 0)
(0.692788 0 0)
(0.692758 0 0)
(0.692727 0 0)
(0.692697 0 0)
(0.692666 0 0)
(0.692636 0 0)
(0.692605 0 0)
(0.692574 0 0)
(0.692544 0 0)
(0.692513 0 0)
(0.692482 0 0)
(0.692452 0 0)
(0.692421 0 0)
(0.69239 0 0)
(0.692359 0 0)
(0.692328 0 0)
(0.692297 0 0)
(0.692266 0 0)
(0.692235 0 0)
(0.692204 0 0)
(0.692173 0 0)
(0.692142 0 0)
(0.692111 0 0)
(0.69208 0 0)
(0.692049 0 0)
(0.692017 0 0)
(0.691986 0 0)
(0.691955 0 0)
(0.691923 0 0)
(0.691892 0 0)
(0.69186 0 0)
(0.691829 0 0)
(0.691797 0 0)
(0.691766 0 0)
(0.691734 0 0)
(0.691702 0 0)
(0.69167 0 0)
(0.691638 0 0)
(0.691607 0 0)
(0.691575 0 0)
(0.691542 0 0)
(0.69151 0 0)
(0.691478 0 0)
(0.691446 0 0)
(0.691413 0 0)
(0.691381 0 0)
(0.691349 0 0)
(0.691316 0 0)
(0.691283 0 0)
(0.69125 0 0)
(0.691217 0 0)
(0.691185 0 0)
(0.691151 0 0)
(0.691118 0 0)
(0.691085 0 0)
(0.691051 0 0)
(0.691018 0 0)
(0.690984 0 0)
(0.69095 0 0)
(0.690916 0 0)
(0.690882 0 0)
(0.690848 0 0)
(0.690813 0 0)
(0.690779 0 0)
(0.690744 0 0)
(0.690709 0 0)
(0.690674 0 0)
(0.690638 0 0)
(0.690602 0 0)
(0.690567 0 0)
(0.69053 0 0)
(0.690494 0 0)
(0.690457 0 0)
(0.69042 0 0)
(0.690383 0 0)
(0.690345 0 0)
(0.690307 0 0)
(0.690269 0 0)
(0.69023 0 0)
(0.69019 0 0)
(0.690151 0 0)
(0.69011 0 0)
(0.690069 0 0)
(0.690028 0 0)
(0.689986 0 0)
(0.689943 0 0)
(0.689899 0 0)
(0.689855 0 0)
(0.68981 0 0)
(0.689764 0 0)
(0.689716 0 0)
(0.689668 0 0)
(0.689618 0 0)
(0.689567 0 0)
(0.689515 0 0)
(0.689461 0 0)
(0.689405 0 0)
(0.689347 0 0)
(0.689286 0 0)
(0.689224 0 0)
(0.689158 0 0)
(0.689089 0 0)
(0.689016 0 0)
(0.68894 0 0)
(0.688858 0 0)
(0.688771 0 0)
(0.688677 0 0)
(0.688576 0 0)
(0.688466 0 0)
(0.688346 0 0)
(0.688213 0 0)
(0.688064 0 0)
(0.687897 0 0)
(0.687705 0 0)
(0.687484 0 0)
(0.687223 0 0)
(0.686909 0 0)
(0.686523 0 0)
(0.686035 0 0)
(0.685392 0 0)
(0.684507 0 0)
(0.683202 0 0)
(0.681089 0 0)
(0.677167 0 0)
(0.664102 0 0)
(0.648334 0 0)
(0.634979 0 0)
(0.61691 0 0)
(0.596746 0 0)
(0.578902 0 0)
(0.568681 0 0)
(0.570099 0 0)
(0.582788 0 0)
(0.601084 0 0)
(0.617515 0 0)
(0.627493 0 0)
(0.630553 0 0)
(0.628509 0 0)
(0.623539 0 0)
(0.617401 0 0)
(0.61137 0 0)
(0.606367 0 0)
(0.603029 0 0)
(0.601685 0 0)
(0.602295 0 0)
(0.604432 0 0)
(0.607383 0 0)
(0.610352 0 0)
(0.612684 0 0)
(0.614014 0 0)
(0.614287 0 0)
(0.61369 0 0)
(0.61254 0 0)
(0.61119 0 0)
(0.609953 0 0)
(0.609052 0 0)
(0.608604 0 0)
(0.608612 0 0)
(0.608987 0 0)
(0.60958 0 0)
(0.610227 0 0)
(0.610781 0 0)
(0.611148 0 0)
(0.611287 0 0)
(0.611217 0 0)
(0.61099 0 0)
(0.610682 0 0)
(0.610367 0 0)
(0.610106 0 0)
(0.609937 0 0)
(0.609871 0 0)
(0.609898 0 0)
(0.609992 0 0)
(0.610117 0 0)
(0.610241 0 0)
(0.610337 0 0)
(0.61039 0 0)
(0.610399 0 0)
(0.61037 0 0)
(0.610317 0 0)
(0.610255 0 0)
(0.610199 0 0)
(0.610158 0 0)
(0.610139 0 0)
(0.610139 0 0)
(0.610156 0 0)
(0.610182 0 0)
(0.610211 0 0)
(0.610235 0 0)
(0.610251 0 0)
(0.610257 0 0)
(0.610254 0 0)
(0.610245 0 0)
(0.610233 0 0)
(0.61022 0 0)
(0.61021 0 0)
(0.610203 0 0)
(0.610202 0 0)
(0.610204 0 0)
(0.610209 0 0)
(0.610215 0 0)
(0.61022 0 0)
(0.610225 0 0)
(0.610227 0 0)
(0.610227 0 0)
(0.610226 0 0)
(0.610223 0 0)
(0.61022 0 0)
(0.610218 0 0)
(0.610216 0 0)
(0.610215 0 0)
(0.610216 0 0)
(0.610216 0 0)
(0.610218 0 0)
(0.610219 0 0)
(0.61022 0 0)
(0.610221 0 0)
(0.610221 0 0)
(0.610221 0 0)
(0.610221 0 0)
(0.61022 0 0)
(0.61022 0 0)
(0.61022 0 0)
(0.610219 0 0)
(0.61022 0 0)
(0.61022 0 0)
(0.61022 0 0)
(0.610221 0 0)
(0.610221 0 0)
(0.610221 0 0)
(0.610222 0 0)
(0.610222 0 0)
(0.610222 0 0)
(0.610222 0 0)
(0.610222 0 0)
(0.610222 0 0)
(0.610222 0 0)
(0.610222 0 0)
(0.610222 0 0)
(0.610223 0 0)
(0.610223 0 0)
(0.610223 0 0)
(0.610223 0 0)
(0.610223 0 0)
(0.610224 0 0)
(0.610224 0 0)
(0.610224 0 0)
(0.610224 0 0)
(0.610224 0 0)
(0.610225 0 0)
(0.610225 0 0)
(0.610225 0 0)
(0.610226 0 0)
(0.610226 0 0)
(0.610226 0 0)
(0.610227 0 0)
(0.610227 0 0)
(0.610228 0 0)
(0.610228 0 0)
(0.610229 0 0)
(0.610229 0 0)
(0.61023 0 0)
(0.610231 0 0)
(0.610232 0 0)
(0.610233 0 0)
(0.610234 0 0)
(0.610235 0 0)
(0.610237 0 0)
(0.610238 0 0)
(0.61024 0 0)
(0.610242 0 0)
(0.610245 0 0)
)
;

boundaryField
{
    inlet
    {
        type            fractionalVelocity;
        U               1((1 0 0));
        fractionalFlow  Fa;
        value           uniform (0.709421 0 0);
    }
    outlet
    {
        type            zeroGradient;
    }
    emptyWalls
    {
        type            empty;
    }
}


// ************************************************************************* //
