/*--------------------------------*- C++ -*----------------------------------*\
  =========                 |
  \\      /  F ield         | OpenFOAM: The Open Source CFD Toolbox
   \\    /   O peration     | Website:  https://openfoam.org
    \\  /    A nd           | Version:  9
     \\/     M anipulation  |
\*---------------------------------------------------------------------------*/
FoamFile
{
    format      ascii;
    class       volScalarField;
    location    "14.4";
    object      Fb;
}
// * * * * * * * * * * * * * * * * * * * * * * * * * * * * * * * * * * * * * //

dimensions      [0 0 0 0 0 0 0];

internalField   nonuniform List<scalar> 
1000
(
0.290578
0.290578
0.290577
0.290576
0.290574
0.290573
0.290571
0.290569
0.290567
0.290564
0.290562
0.290559
0.290556
0.290553
0.29055
0.290546
0.290542
0.290538
0.290534
0.29053
0.290526
0.290521
0.290516
0.290511
0.290506
0.290501
0.290495
0.29049
0.290484
0.290478
0.290472
0.290465
0.290459
0.290452
0.290445
0.290438
0.290431
0.290424
0.290417
0.290409
0.290402
0.290394
0.290386
0.290378
0.290369
0.290361
0.290352
0.290344
0.290335
0.290326
0.290317
0.290307
0.290298
0.290289
0.290279
0.290269
0.290259
0.290249
0.290239
0.290229
0.290218
0.290208
0.290197
0.290186
0.290175
0.290164
0.290153
0.290141
0.29013
0.290118
0.290107
0.290095
0.290083
0.290071
0.290059
0.290047
0.290034
0.290022
0.290009
0.289996
0.289984
0.289971
0.289958
0.289944
0.289931
0.289918
0.289904
0.289891
0.289877
0.289863
0.289849
0.289835
0.289821
0.289807
0.289793
0.289778
0.289764
0.289749
0.289734
0.289719
0.289704
0.289689
0.289674
0.289659
0.289644
0.289628
0.289613
0.289597
0.289582
0.289566
0.28955
0.289534
0.289518
0.289502
0.289485
0.289469
0.289453
0.289436
0.289419
0.289403
0.289386
0.289369
0.289352
0.289335
0.289318
0.289301
0.289283
0.289266
0.289249
0.289231
0.289213
0.289196
0.289178
0.28916
0.289142
0.289124
0.289106
0.289087
0.289069
0.289051
0.289032
0.289014
0.288995
0.288976
0.288958
0.288939
0.28892
0.288901
0.288882
0.288863
0.288843
0.288824
0.288805
0.288785
0.288766
0.288746
0.288726
0.288707
0.288687
0.288667
0.288647
0.288627
0.288607
0.288587
0.288566
0.288546
0.288526
0.288505
0.288485
0.288464
0.288443
0.288423
0.288402
0.288381
0.28836
0.288339
0.288318
0.288297
0.288276
0.288254
0.288233
0.288212
0.28819
0.288169
0.288147
0.288125
0.288104
0.288082
0.28806
0.288038
0.288016
0.287994
0.287972
0.28795
0.287928
0.287905
0.287883
0.28786
0.287838
0.287815
0.287793
0.28777
0.287747
0.287725
0.287702
0.287679
0.287656
0.287633
0.28761
0.287587
0.287564
0.28754
0.287517
0.287494
0.28747
0.287447
0.287423
0.2874
0.287376
0.287352
0.287328
0.287305
0.287281
0.287257
0.287233
0.287209
0.287185
0.287161
0.287136
0.287112
0.287088
0.287064
0.287039
0.287015
0.28699
0.286966
0.286941
0.286916
0.286891
0.286867
0.286842
0.286817
0.286792
0.286767
0.286742
0.286717
0.286692
0.286667
0.286641
0.286616
0.286591
0.286565
0.28654
0.286514
0.286489
0.286463
0.286438
0.286412
0.286386
0.28636
0.286334
0.286309
0.286283
0.286257
0.286231
0.286205
0.286178
0.286152
0.286126
0.2861
0.286073
0.286047
0.286021
0.285994
0.285968
0.285941
0.285915
0.285888
0.285861
0.285835
0.285808
0.285781
0.285754
0.285727
0.2857
0.285673
0.285646
0.285619
0.285592
0.285565
0.285538
0.28551
0.285483
0.285456
0.285428
0.285401
0.285373
0.285346
0.285318
0.285291
0.285263
0.285235
0.285207
0.28518
0.285152
0.285124
0.285096
0.285068
0.28504
0.285012
0.284984
0.284956
0.284928
0.284899
0.284871
0.284843
0.284815
0.284786
0.284758
0.284729
0.284701
0.284672
0.284644
0.284615
0.284586
0.284558
0.284529
0.2845
0.284471
0.284443
0.284414
0.284385
0.284356
0.284327
0.284298
0.284269
0.28424
0.28421
0.284181
0.284152
0.284123
0.284093
0.284064
0.284035
0.284005
0.283976
0.283946
0.283917
0.283887
0.283857
0.283828
0.283798
0.283768
0.283739
0.283709
0.283679
0.283649
0.283619
0.283589
0.283559
0.283529
0.283499
0.283469
0.283439
0.283409
0.283378
0.283348
0.283318
0.283288
0.283257
0.283227
0.283196
0.283166
0.283135
0.283105
0.283074
0.283044
0.283013
0.282982
0.282952
0.282921
0.28289
0.282859
0.282828
0.282798
0.282767
0.282736
0.282705
0.282674
0.282643
0.282612
0.28258
0.282549
0.282518
0.282487
0.282456
0.282424
0.282393
0.282362
0.28233
0.282299
0.282267
0.282236
0.282204
0.282173
0.282141
0.282109
0.282078
0.282046
0.282014
0.281983
0.281951
0.281919
0.281887
0.281855
0.281823
0.281791
0.281759
0.281727
0.281695
0.281663
0.281631
0.281599
0.281567
0.281535
0.281502
0.28147
0.281438
0.281405
0.281373
0.281341
0.281308
0.281276
0.281243
0.281211
0.281178
0.281145
0.281113
0.28108
0.281047
0.281015
0.280982
0.280949
0.280916
0.280884
0.280851
0.280818
0.280785
0.280752
0.280719
0.280686
0.280653
0.28062
0.280587
0.280553
0.28052
0.280487
0.280454
0.280421
0.280387
0.280354
0.280321
0.280287
0.280254
0.28022
0.280187
0.280153
0.28012
0.280086
0.280053
0.280019
0.279985
0.279952
0.279918
0.279884
0.27985
0.279817
0.279783
0.279749
0.279715
0.279681
0.279647
0.279613
0.279579
0.279545
0.279511
0.279477
0.279443
0.279409
0.279374
0.27934
0.279306
0.279272
0.279237
0.279203
0.279169
0.279134
0.2791
0.279066
0.279031
0.278997
0.278962
0.278927
0.278893
0.278858
0.278824
0.278789
0.278754
0.27872
0.278685
0.27865
0.278615
0.27858
0.278546
0.278511
0.278476
0.278441
0.278406
0.278371
0.278336
0.278301
0.278266
0.278231
0.278195
0.27816
0.278125
0.27809
0.278055
0.278019
0.277984
0.277949
0.277913
0.277878
0.277843
0.277807
0.277772
0.277736
0.277701
0.277665
0.27763
0.277594
0.277558
0.277523
0.277487
0.277451
0.277416
0.27738
0.277344
0.277308
0.277272
0.277237
0.277201
0.277165
0.277129
0.277093
0.277057
0.277021
0.276985
0.276949
0.276913
0.276877
0.27684
0.276804
0.276768
0.276732
0.276696
0.276659
0.276623
0.276587
0.27655
0.276514
0.276477
0.276441
0.276405
0.276368
0.276332
0.276295
0.276258
0.276222
0.276185
0.276149
0.276112
0.276075
0.276038
0.276002
0.275965
0.275928
0.275891
0.275854
0.275818
0.275781
0.275744
0.275707
0.27567
0.275633
0.275596
0.275559
0.275522
0.275485
0.275447
0.27541
0.275373
0.275336
0.275299
0.275261
0.275224
0.275187
0.27515
0.275112
0.275075
0.275037
0.275
0.274963
0.274925
0.274888
0.27485
0.274812
0.274775
0.274737
0.2747
0.274662
0.274624
0.274587
0.274549
0.274511
0.274473
0.274436
0.274398
0.27436
0.274322
0.274284
0.274246
0.274208
0.27417
0.274132
0.274094
0.274056
0.274018
0.27398
0.273942
0.273904
0.273866
0.273827
0.273789
0.273751
0.273713
0.273674
0.273636
0.273598
0.273559
0.273521
0.273483
0.273444
0.273406
0.273367
0.273329
0.27329
0.273252
0.273213
0.273174
0.273136
0.273097
0.273058
0.27302
0.272981
0.272942
0.272903
0.272865
0.272826
0.272787
0.272748
0.272709
0.27267
0.272631
0.272592
0.272553
0.272514
0.272475
0.272436
0.272397
0.272358
0.272319
0.27228
0.272241
0.272201
0.272162
0.272123
0.272084
0.272044
0.272005
0.271966
0.271926
0.271887
0.271847
0.271808
0.271768
0.271729
0.271689
0.27165
0.27161
0.271571
0.271531
0.271491
0.271452
0.271412
0.271372
0.271333
0.271293
0.271253
0.271213
0.271173
0.271134
0.271094
0.271054
0.271014
0.270974
0.270934
0.270894
0.270854
0.270814
0.270774
0.270734
0.270694
0.270654
0.270613
0.270573
0.270533
0.270493
0.270453
0.270412
0.270372
0.270332
0.270291
0.270251
0.270211
0.27017
0.27013
0.270089
0.270049
0.270008
0.269968
0.269927
0.269887
0.269846
0.269805
0.269765
0.269724
0.269683
0.269643
0.269602
0.269561
0.26952
0.269479
0.269439
0.269398
0.269357
0.269316
0.269275
0.269234
0.269193
0.269152
0.269111
0.26907
0.269029
0.268988
0.268947
0.268906
0.268864
0.268823
0.268782
0.268741
0.268699
0.268658
0.268617
0.268576
0.268534
0.268493
0.268451
0.26841
0.268369
0.268327
0.268286
0.268244
0.268202
0.268161
0.268119
0.268078
0.268036
0.267994
0.267953
0.267911
0.267869
0.267828
0.267786
0.267744
0.267702
0.26766
0.267618
0.267576
0.267535
0.267493
0.267451
0.267409
0.267367
0.267325
0.267283
0.26724
0.267198
0.267156
0.267114
0.267072
0.26703
0.266987
0.266945
0.266903
0.266861
0.266818
0.266776
0.266734
0.266691
0.266649
0.266606
0.266564
0.266521
0.266479
0.266436
0.266394
0.266351
0.266308
0.266266
0.266223
0.26618
0.266138
0.266095
0.266052
0.26601
0.265967
0.265924
0.265881
0.265838
0.265795
0.265752
0.265709
0.265666
0.265623
0.26558
0.265537
0.265494
0.265451
0.265408
0.265365
0.265322
0.265279
0.265235
0.265192
0.265149
0.265106
0.265062
0.265019
0.264975
0.264932
0.264889
0.264845
0.264802
0.264758
0.264715
0.264671
0.264628
0.264584
0.26454
0.264497
0.264453
0.264409
0.264366
0.264322
0.264278
0.264234
0.264191
0.264147
0.264103
0.264059
0.264015
0.263971
0.263927
0.263883
0.263839
0.263795
0.263751
0.263707
0.263663
0.263619
0.263575
0.26353
0.263486
0.263442
0.263398
0.263353
0.263309
0.263265
0.26322
0.263176
0.263131
0.263087
0.263043
0.262998
0.262953
0.262909
0.262864
0.26282
0.262775
0.26273
0.262686
0.262641
0.262596
0.262551
0.262507
0.262462
0.262417
0.262372
0.262327
0.262282
0.262237
0.262192
0.262147
0.262102
0.262057
0.262012
0.261967
0.261922
0.261876
0.261831
0.261786
0.261741
0.261695
0.26165
0.261605
0.261559
0.261514
0.261468
0.261423
0.261377
0.261332
0.261286
0.261241
0.261195
0.261149
0.261104
0.261058
0.261012
0.260966
0.26092
0.260875
0.260829
0.260783
0.260737
0.260691
0.260645
0.260599
0.260553
0.260507
0.26046
0.260414
0.260368
0.260322
0.260276
0.260229
0.260183
0.260137
0.26009
0.260044
0.259997
0.259951
0.259904
0.259857
0.259811
0.259764
0.259717
0.259671
0.259624
0.259577
0.25953
0.259483
0.259436
0.259389
0.259342
0.259295
0.259248
0.259201
0.259154
0.259107
0.25906
0.259012
0.258965
0.258918
0.25887
0.258823
0.258775
0.258728
0.25868
0.258632
)
;

boundaryField
{
    inlet
    {
        type            calculated;
        value           uniform 0.290579;
    }
    outlet
    {
        type            calculated;
        value           uniform 0.258632;
    }
    emptyWalls
    {
        type            empty;
    }
}


// ************************************************************************* //
