/*--------------------------------*- C++ -*----------------------------------*\
  =========                 |
  \\      /  F ield         | OpenFOAM: The Open Source CFD Toolbox
   \\    /   O peration     | Website:  https://openfoam.org
    \\  /    A nd           | Version:  9
     \\/     M anipulation  |
\*---------------------------------------------------------------------------*/
FoamFile
{
    format      ascii;
    class       volScalarField;
    location    "70000";
    object      kra;
}
// * * * * * * * * * * * * * * * * * * * * * * * * * * * * * * * * * * * * * //

dimensions      [0 0 0 0 0 0 0];

internalField   nonuniform List<scalar> 
1000
(
0.000269986
0.000269856
0.000269734
0.000269614
0.000269493
0.000269372
0.000269251
0.00026913
0.000269009
0.000268889
0.000268768
0.000268648
0.000268527
0.000268407
0.000268286
0.000268166
0.000268046
0.000267925
0.000267805
0.000267685
0.000267565
0.000267445
0.000267325
0.000267205
0.000267086
0.000266966
0.000266846
0.000266727
0.000266607
0.000266488
0.000266368
0.000266249
0.000266129
0.00026601
0.000265891
0.000265772
0.000265652
0.000265533
0.000265414
0.000265295
0.000265176
0.000265057
0.000264938
0.00026482
0.000264701
0.000264582
0.000264463
0.000264345
0.000264226
0.000264107
0.000263989
0.00026387
0.000263752
0.000263633
0.000263515
0.000263396
0.000263278
0.00026316
0.000263041
0.000262923
0.000262805
0.000262686
0.000262568
0.00026245
0.000262332
0.000262214
0.000262096
0.000261978
0.000261859
0.000261741
0.000261623
0.000261505
0.000261387
0.000261269
0.000261151
0.000261033
0.000260916
0.000260798
0.00026068
0.000260562
0.000260444
0.000260326
0.000260208
0.00026009
0.000259972
0.000259854
0.000259737
0.000259619
0.000259501
0.000259383
0.000259265
0.000259147
0.000259029
0.000258912
0.000258794
0.000258676
0.000258558
0.00025844
0.000258322
0.000258204
0.000258086
0.000257968
0.00025785
0.000257732
0.000257614
0.000257496
0.000257378
0.00025726
0.000257142
0.000257024
0.000256906
0.000256788
0.00025667
0.000256551
0.000256433
0.000256315
0.000256196
0.000256078
0.00025596
0.000255841
0.000255723
0.000255604
0.000255486
0.000255367
0.000255248
0.00025513
0.000255011
0.000254892
0.000254773
0.000254654
0.000254535
0.000254416
0.000254297
0.000254178
0.000254058
0.000253939
0.000253819
0.0002537
0.00025358
0.00025346
0.00025334
0.00025322
0.0002531
0.000252979
0.000252859
0.000252738
0.000252617
0.000252496
0.000252375
0.000252253
0.000252131
0.000252009
0.000251887
0.000251764
0.000251641
0.000251517
0.000251393
0.000251269
0.000251144
0.000251018
0.000250891
0.000250763
0.000250634
0.000250504
0.000250372
0.000250237
0.0002501
0.000249958
0.00024981
0.000249654
0.000249484
0.000249292
0.00024906
0.000248749
0.000248261
0.000247257
0.000244524
0.000216009
9.59492e-06
1.42005e-13
8.03554e-34
6.50681e-75
1.10469e-157
9.88131e-324
0
0
0
0
0
0
0
0
0
0
0
0
0
0
0
0
0
0
0
0
0
0
0
0
0
0
0
0
0
0
0
0
0
0
0
0
0
0
0
0
0
0
0
0
0
0
0
0
0
0
0
0
0
0
0
0
0
0
0
0
0
0
0
0
0
0
0
0
0
0
0
0
0
0
0
0
0
0
0
0
0
0
0
0
0
0
0
0
0
0
0
0
0
0
0
0
0
0
0
0
0
0
0
0
0
0
0
0
0
0
0
0
0
0
0
0
0
0
0
0
0
0
0
0
0
0
0
0
0
0
0
0
0
0
0
0
0
0
0
0
0
0
0
0
0
0
0
0
0
0
0
0
0
0
0
0
0
0
0
0
0
0
0
0
0
0
0
0
0
0
0
0
0
0
0
0
0
0
0
0
0
0
0
0
0
0
0
0
0
0
0
0
0
0
0
0
0
0
0
0
0
0
0
0
0
0
0
0
0
0
0
0
0
0
0
0
0
0
0
0
0
0
0
0
0
0
0
0
0
0
0
0
0
0
0
0
0
0
0
0
0
0
0
0
0
0
0
0
0
0
0
0
0
0
0
0
0
0
0
0
0
0
0
0
0
0
0
0
0
0
0
0
0
0
0
0
0
0
0
0
0
0
0
0
0
0
0
0
0
0
0
0
0
0
0
0
0
0
0
0
0
0
0
0
0
0
0
0
0
0
0
0
0
0
0
0
0
0
0
0
0
0
0
0
0
0
0
0
0
0
0
0
0
0
0
0
0
0
0
0
0
0
0
0
0
0
0
0
0
0
0
0
0
0
0
0
0
0
0
0
0
0
0
0
0
0
0
0
0
0
0
0
0
0
0
0
0
0
0
0
0
0
0
0
0
0
0
0
0
0
0
0
0
0
0
0
0
0
0
0
0
0
0
0
0
0
0
0
0
0
0
0
0
0
0
0
0
0
0
0
0
0
0
0
0
0
0
0
0
0
0
0
0
0
0
0
0
0
0
0
0
0
0
0
0
0
0
0
0
0
0
0
0
0
0
0
0
0
0
0
0
0
0
0
0
0
0
0
0
0
0
0
0
0
0
0
0
0
0
0
0
0
0
0
0
0
0
0
0
0
0
0
0
0
0
0
0
0
0
0
0
0
0
0
0
0
0
0
0
0
0
0
0
0
0
0
0
0
0
0
0
0
0
0
0
0
0
0
0
0
0
0
0
0
0
0
0
0
0
0
0
0
0
0
0
0
0
0
0
0
0
0
0
0
0
0
0
0
0
0
0
0
0
0
0
0
0
0
0
0
0
0
0
0
0
0
0
0
0
0
0
0
0
0
0
0
0
0
0
0
0
0
0
0
0
0
0
0
0
0
0
0
0
0
0
0
0
0
0
0
0
0
0
0
0
0
0
0
0
0
0
0
0
0
0
0
0
0
0
0
0
0
0
0
0
0
0
0
0
0
0
0
0
0
0
0
0
0
0
0
0
0
0
0
0
0
0
0
0
0
0
0
0
0
0
0
0
0
0
0
0
0
0
0
0
0
0
0
0
0
0
0
0
0
0
0
0
0
0
0
0
0
0
0
0
0
0
0
0
0
0
0
0
0
0
0
0
0
0
0
0
0
0
0
0
0
0
0
0
0
0
0
0
0
0
0
0
0
0
0
0
0
0
0
0
0
0
0
0
0
0
0
0
0
0
0
0
0
0
0
0
0
0
0
0
0
0
0
0
0
0
0
0
0
0
0
0
0
0
0
0
0
0
0
0
0
0
0
0
0
0
0
0
0
0
0
0
0
0
0
0
0
0
0
0
0
0
0
0
0
0
0
0
0
0
0
0
0
0
0
0
0
0
0
0
0
)
;

boundaryField
{
    inlet
    {
        type            calculated;
        value           uniform 0.000270089;
    }
    outlet
    {
        type            calculated;
        value           uniform 0;
    }
    emptyWalls
    {
        type            empty;
    }
}


// ************************************************************************* //
