/*--------------------------------*- C++ -*----------------------------------*\
  =========                 |
  \\      /  F ield         | OpenFOAM: The Open Source CFD Toolbox
   \\    /   O peration     | Website:  https://openfoam.org
    \\  /    A nd           | Version:  9
     \\/     M anipulation  |
\*---------------------------------------------------------------------------*/
FoamFile
{
    format      ascii;
    class       volScalarField;
    location    "19.6";
    object      Sc;
}
// * * * * * * * * * * * * * * * * * * * * * * * * * * * * * * * * * * * * * //

dimensions      [0 0 0 0 0 0 0];

internalField   nonuniform List<scalar> 
1000
(
0.000808453
0.00130552
0.00176646
0.00221024
0.00264343
0.00306914
0.00348912
0.00390445
0.00431585
0.00472383
0.00512876
0.00553093
0.00593055
0.0063278
0.00672282
0.00711574
0.00750665
0.00789563
0.00828276
0.0086681
0.00905171
0.00943364
0.00981392
0.0101926
0.0105697
0.0109453
0.0113194
0.011692
0.0120632
0.012433
0.0128013
0.0131683
0.0135339
0.0138982
0.0142611
0.0146228
0.0149831
0.0153422
0.0157
0.0160566
0.0164119
0.0167661
0.017119
0.0174707
0.0178212
0.0181706
0.0185188
0.0188659
0.0192118
0.0195566
0.0199003
0.0202428
0.0205843
0.0209247
0.021264
0.0216022
0.0219393
0.0222755
0.0226105
0.0229445
0.0232775
0.0236095
0.0239404
0.0242704
0.0245993
0.0249272
0.0252542
0.0255802
0.0259052
0.0262292
0.0265523
0.0268744
0.0271956
0.0275159
0.0278352
0.0281536
0.0284711
0.0287876
0.0291033
0.029418
0.0297319
0.0300448
0.0303569
0.0306681
0.0309784
0.0312879
0.0315965
0.0319042
0.0322111
0.0325171
0.0328223
0.0331267
0.0334302
0.0337329
0.0340348
0.0343359
0.0346362
0.0349356
0.0352343
0.0355321
0.0358292
0.0361255
0.036421
0.0367157
0.0370096
0.0373028
0.0375952
0.0378868
0.0381777
0.0384679
0.0387573
0.0390459
0.0393338
0.039621
0.0399074
0.0401932
0.0404782
0.0407624
0.041046
0.0413288
0.041611
0.0418924
0.0421732
0.0424532
0.0427326
0.0430112
0.0432892
0.0435665
0.0438431
0.0441191
0.0443944
0.044669
0.0449429
0.0452162
0.0454888
0.0457608
0.0460321
0.0463028
0.0465729
0.0468423
0.047111
0.0473791
0.0476466
0.0479135
0.0481798
0.0484454
0.0487104
0.0489748
0.0492386
0.0495018
0.0497643
0.0500263
0.0502877
0.0505484
0.0508086
0.0510682
0.0513272
0.0515856
0.0518435
0.0521007
0.0523574
0.0526135
0.052869
0.053124
0.0533784
0.0536323
0.0538855
0.0541382
0.0543904
0.054642
0.0548931
0.0551436
0.0553936
0.055643
0.0558919
0.0561403
0.0563881
0.0566354
0.0568821
0.0571284
0.0573741
0.0576193
0.0578639
0.0581081
0.0583517
0.0585948
0.0588374
0.0590795
0.0593211
0.0595622
0.0598028
0.0600429
0.0602825
0.0605216
0.0607602
0.0609983
0.0612359
0.061473
0.0617097
0.0619459
0.0621816
0.0624168
0.0626515
0.0628858
0.0631196
0.0633529
0.0635858
0.0638182
0.0640501
0.0642815
0.0645126
0.0647431
0.0649732
0.0652028
0.065432
0.0656608
0.065889
0.0661169
0.0663443
0.0665712
0.0667977
0.0670238
0.0672495
0.0674747
0.0676994
0.0679238
0.0681477
0.0683712
0.0685942
0.0688168
0.069039
0.0692608
0.0694822
0.0697031
0.0699237
0.0701438
0.0703635
0.0705828
0.0708017
0.0710201
0.0712382
0.0714559
0.0716731
0.07189
0.0721065
0.0723225
0.0725382
0.0727535
0.0729683
0.0731828
0.0733969
0.0736106
0.0738239
0.0740369
0.0742494
0.0744616
0.0746734
0.0748848
0.0750958
0.0753064
0.0755167
0.0757266
0.0759361
0.0761453
0.0763541
0.0765625
0.0767705
0.0769782
0.0771855
0.0773925
0.0775991
0.0778053
0.0780112
0.0782167
0.0784219
0.0786267
0.0788311
0.0790352
0.079239
0.0794424
0.0796454
0.0798481
0.0800505
0.0802525
0.0804542
0.0806555
0.0808565
0.0810571
0.0812574
0.0814574
0.081657
0.0818563
0.0820553
0.0822539
0.0824523
0.0826502
0.0828479
0.0830452
0.0832422
0.0834388
0.0836352
0.0838312
0.0840269
0.0842223
0.0844173
0.0846121
0.0848065
0.0850006
0.0851944
0.0853879
0.085581
0.0857739
0.0859664
0.0861587
0.0863506
0.0865422
0.0867335
0.0869245
0.0871152
0.0873056
0.0874957
0.0876855
0.087875
0.0880642
0.0882531
0.0884417
0.08863
0.088818
0.0890057
0.0891931
0.0893802
0.0895671
0.0897536
0.0899399
0.0901259
0.0903115
0.0904969
0.090682
0.0908669
0.0910514
0.0912357
0.0914196
0.0916033
0.0917868
0.0919699
0.0921528
0.0923354
0.0925177
0.0926997
0.0928815
0.0930629
0.0932442
0.0934251
0.0936058
0.0937862
0.0939663
0.0941462
0.0943258
0.0945051
0.0946842
0.094863
0.0950415
0.0952198
0.0953978
0.0955755
0.095753
0.0959303
0.0961072
0.096284
0.0964604
0.0966366
0.0968126
0.0969883
0.0971637
0.0973389
0.0975138
0.0976885
0.0978629
0.0980371
0.098211
0.0983847
0.0985582
0.0987313
0.0989043
0.099077
0.0992494
0.0994216
0.0995936
0.0997653
0.0999368
0.100108
0.100279
0.10045
0.10062
0.100791
0.100961
0.10113
0.1013
0.101469
0.101639
0.101807
0.101976
0.102144
0.102313
0.102481
0.102648
0.102816
0.102983
0.10315
0.103317
0.103483
0.10365
0.103816
0.103982
0.104147
0.104313
0.104478
0.104643
0.104808
0.104973
0.105137
0.105301
0.105465
0.105629
0.105792
0.105955
0.106118
0.106281
0.106444
0.106606
0.106768
0.10693
0.107092
0.107254
0.107415
0.107576
0.107737
0.107898
0.108058
0.108218
0.108379
0.108538
0.108698
0.108857
0.109017
0.109176
0.109335
0.109493
0.109652
0.10981
0.109968
0.110126
0.110283
0.110441
0.110598
0.110755
0.110912
0.111069
0.111225
0.111381
0.111537
0.111693
0.111849
0.112004
0.11216
0.112315
0.112469
0.112624
0.112779
0.112933
0.113087
0.113241
0.113395
0.113548
0.113702
0.113855
0.114008
0.114161
0.114313
0.114466
0.114618
0.11477
0.114922
0.115073
0.115225
0.115376
0.115527
0.115678
0.115829
0.11598
0.11613
0.11628
0.11643
0.11658
0.11673
0.116879
0.117029
0.117178
0.117327
0.117475
0.117624
0.117773
0.117921
0.118069
0.118217
0.118365
0.118512
0.118659
0.118807
0.118954
0.119101
0.119247
0.119394
0.11954
0.119686
0.119832
0.119978
0.120124
0.12027
0.120415
0.12056
0.120705
0.12085
0.120995
0.121139
0.121284
0.121428
0.121572
0.121716
0.121859
0.122003
0.122146
0.122289
0.122433
0.122575
0.122718
0.122861
0.123003
0.123145
0.123287
0.123429
0.123571
0.123713
0.123854
0.123996
0.124137
0.124278
0.124418
0.124559
0.1247
0.12484
0.12498
0.12512
0.12526
0.1254
0.12554
0.125679
0.125818
0.125957
0.126096
0.126235
0.126374
0.126512
0.126651
0.126789
0.126927
0.127065
0.127203
0.127341
0.127478
0.127615
0.127753
0.12789
0.128027
0.128163
0.1283
0.128436
0.128573
0.128709
0.128845
0.128981
0.129117
0.129252
0.129388
0.129523
0.129658
0.129793
0.129928
0.130063
0.130197
0.130332
0.130466
0.1306
0.130734
0.130868
0.131002
0.131136
0.131269
0.131403
0.131536
0.131669
0.131802
0.131935
0.132067
0.1322
0.132332
0.132465
0.132597
0.132729
0.132861
0.132992
0.133124
0.133255
0.133387
0.133518
0.133649
0.13378
0.133911
0.134041
0.134172
0.134302
0.134432
0.134563
0.134693
0.134823
0.134952
0.135082
0.135211
0.135341
0.13547
0.135599
0.135728
0.135857
0.135986
0.136114
0.136243
0.136371
0.136499
0.136627
0.136755
0.136883
0.137011
0.137139
0.137266
0.137393
0.137521
0.137648
0.137775
0.137901
0.138028
0.138155
0.138281
0.138408
0.138534
0.13866
0.138786
0.138912
0.139038
0.139163
0.139289
0.139414
0.139539
0.139665
0.13979
0.139915
0.140039
0.140164
0.140289
0.140413
0.140537
0.140662
0.140786
0.14091
0.141034
0.141157
0.141281
0.141405
0.141528
0.141651
0.141774
0.141897
0.14202
0.142143
0.142266
0.142389
0.142511
0.142633
0.142756
0.142878
0.143
0.143122
0.143244
0.143365
0.143487
0.143608
0.14373
0.143851
0.143972
0.144093
0.144214
0.144335
0.144456
0.144576
0.144697
0.144817
0.144937
0.145058
0.145178
0.145298
0.145417
0.145537
0.145657
0.145776
0.145896
0.146015
0.146134
0.146253
0.146372
0.146491
0.14661
0.146729
0.146847
0.146966
0.147084
0.147202
0.14732
0.147439
0.147556
0.147674
0.147792
0.14791
0.148027
0.148145
0.148262
0.148379
0.148496
0.148613
0.14873
0.148847
0.148964
0.14908
0.149197
0.149313
0.14943
0.149546
0.149662
0.149778
0.149894
0.15001
0.150125
0.150241
0.150357
0.150472
0.150587
0.150703
0.150818
0.150933
0.151048
0.151163
0.151277
0.151392
0.151506
0.151621
0.151735
0.15185
0.151964
0.152078
0.152192
0.152306
0.152419
0.152533
0.152647
0.15276
0.152874
0.152987
0.1531
0.153213
0.153326
0.153439
0.153552
0.153665
0.153777
0.15389
0.154002
0.154115
0.154227
0.154339
0.154451
0.154563
0.154675
0.154787
0.154899
0.155011
0.155122
0.155234
0.155345
0.155456
0.155567
0.155678
0.155789
0.1559
0.156011
0.156122
0.156233
0.156343
0.156454
0.156564
0.156674
0.156785
0.156895
0.157005
0.157115
0.157225
0.157334
0.157444
0.157554
0.157663
0.157773
0.157882
0.157991
0.1581
0.15821
0.158319
0.158427
0.158536
0.158645
0.158754
0.158862
0.158971
0.159079
0.159188
0.159296
0.159404
0.159512
0.15962
0.159728
0.159836
0.159943
0.160051
0.160159
0.160266
0.160374
0.160481
0.160588
0.160695
0.160802
0.160909
0.161016
0.161123
0.16123
0.161337
0.161443
0.16155
0.161656
0.161762
0.161869
0.161975
0.162081
0.162187
0.162293
0.162399
0.162505
0.16261
0.162716
0.162822
0.162927
0.163032
0.163138
0.163243
0.163348
0.163453
0.163558
0.163663
0.163768
0.163873
0.163977
0.164082
0.164187
0.164291
0.164395
0.1645
0.164604
0.164708
0.164812
0.164916
0.16502
0.165124
0.165228
0.165332
0.165435
0.165539
0.165642
0.165746
0.165849
0.165952
0.166055
0.166158
0.166262
0.166364
0.166467
0.16657
0.166673
0.166776
0.166878
0.166981
0.167083
0.167185
0.167288
0.16739
0.167492
0.167594
0.167696
0.167798
0.1679
0.168002
0.168103
0.168205
0.168307
0.168408
0.16851
0.168611
0.168712
0.168814
0.168915
0.169016
0.169117
0.169218
0.169319
0.169419
0.16952
0.169621
0.169721
0.169822
0.169922
0.170023
0.170123
0.170223
0.170323
0.170423
0.170523
0.170623
0.170723
0.170823
0.170923
0.171023
0.171122
0.171222
0.171321
0.171421
0.17152
0.171619
0.171719
0.171818
0.171917
0.172016
0.172115
0.172214
0.172312
0.172411
0.17251
0.172609
0.172707
0.172806
0.172904
0.173002
0.173101
0.173199
0.173297
0.173395
0.173493
0.173591
0.173689
0.173787
0.173885
0.173982
0.17408
0.174177
0.174275
0.174372
0.17447
0.174567
0.174664
0.174762
0.174859
0.174956
0.175053
0.17515
0.175247
0.175343
0.17544
0.175537
0.175633
0.17573
0.175827
0.175923
0.176019
0.176116
0.176212
0.176308
0.176404
)
;

boundaryField
{
    inlet
    {
        type            calculated;
        value           uniform 0;
    }
    outlet
    {
        type            calculated;
        value           uniform 0.176404;
    }
    emptyWalls
    {
        type            empty;
    }
}


// ************************************************************************* //
