/*--------------------------------*- C++ -*----------------------------------*\
  =========                 |
  \\      /  F ield         | OpenFOAM: The Open Source CFD Toolbox
   \\    /   O peration     | Website:  https://openfoam.org
    \\  /    A nd           | Version:  9
     \\/     M anipulation  |
\*---------------------------------------------------------------------------*/
FoamFile
{
    format      ascii;
    class       volVectorField;
    location    "19.6";
    object      Ua;
}
// * * * * * * * * * * * * * * * * * * * * * * * * * * * * * * * * * * * * * //

dimensions      [0 0 0 0 0 0 0];

internalField   nonuniform List<vector> 
1000
(
(0.709421 0 0)
(0.709421 0 0)
(0.709421 0 0)
(0.70942 0 0)
(0.70942 0 0)
(0.709419 0 0)
(0.709419 0 0)
(0.709418 0 0)
(0.709417 0 0)
(0.709417 0 0)
(0.709416 0 0)
(0.709415 0 0)
(0.709414 0 0)
(0.709413 0 0)
(0.709412 0 0)
(0.70941 0 0)
(0.709409 0 0)
(0.709408 0 0)
(0.709406 0 0)
(0.709405 0 0)
(0.709404 0 0)
(0.709402 0 0)
(0.7094 0 0)
(0.709399 0 0)
(0.709397 0 0)
(0.709395 0 0)
(0.709393 0 0)
(0.709391 0 0)
(0.709389 0 0)
(0.709387 0 0)
(0.709385 0 0)
(0.709383 0 0)
(0.709381 0 0)
(0.709378 0 0)
(0.709376 0 0)
(0.709374 0 0)
(0.709371 0 0)
(0.709369 0 0)
(0.709366 0 0)
(0.709364 0 0)
(0.709361 0 0)
(0.709358 0 0)
(0.709355 0 0)
(0.709353 0 0)
(0.70935 0 0)
(0.709347 0 0)
(0.709344 0 0)
(0.709341 0 0)
(0.709338 0 0)
(0.709334 0 0)
(0.709331 0 0)
(0.709328 0 0)
(0.709325 0 0)
(0.709321 0 0)
(0.709318 0 0)
(0.709315 0 0)
(0.709311 0 0)
(0.709307 0 0)
(0.709304 0 0)
(0.7093 0 0)
(0.709297 0 0)
(0.709293 0 0)
(0.709289 0 0)
(0.709285 0 0)
(0.709281 0 0)
(0.709277 0 0)
(0.709273 0 0)
(0.709269 0 0)
(0.709265 0 0)
(0.709261 0 0)
(0.709257 0 0)
(0.709253 0 0)
(0.709249 0 0)
(0.709244 0 0)
(0.70924 0 0)
(0.709236 0 0)
(0.709231 0 0)
(0.709227 0 0)
(0.709222 0 0)
(0.709218 0 0)
(0.709213 0 0)
(0.709209 0 0)
(0.709204 0 0)
(0.709199 0 0)
(0.709195 0 0)
(0.70919 0 0)
(0.709185 0 0)
(0.70918 0 0)
(0.709175 0 0)
(0.70917 0 0)
(0.709165 0 0)
(0.70916 0 0)
(0.709155 0 0)
(0.70915 0 0)
(0.709145 0 0)
(0.70914 0 0)
(0.709135 0 0)
(0.709129 0 0)
(0.709124 0 0)
(0.709119 0 0)
(0.709113 0 0)
(0.709108 0 0)
(0.709102 0 0)
(0.709097 0 0)
(0.709091 0 0)
(0.709086 0 0)
(0.70908 0 0)
(0.709075 0 0)
(0.709069 0 0)
(0.709063 0 0)
(0.709058 0 0)
(0.709052 0 0)
(0.709046 0 0)
(0.70904 0 0)
(0.709034 0 0)
(0.709028 0 0)
(0.709022 0 0)
(0.709016 0 0)
(0.70901 0 0)
(0.709004 0 0)
(0.708998 0 0)
(0.708992 0 0)
(0.708986 0 0)
(0.70898 0 0)
(0.708974 0 0)
(0.708967 0 0)
(0.708961 0 0)
(0.708955 0 0)
(0.708948 0 0)
(0.708942 0 0)
(0.708936 0 0)
(0.708929 0 0)
(0.708923 0 0)
(0.708916 0 0)
(0.70891 0 0)
(0.708903 0 0)
(0.708896 0 0)
(0.70889 0 0)
(0.708883 0 0)
(0.708876 0 0)
(0.70887 0 0)
(0.708863 0 0)
(0.708856 0 0)
(0.708849 0 0)
(0.708843 0 0)
(0.708836 0 0)
(0.708829 0 0)
(0.708822 0 0)
(0.708815 0 0)
(0.708808 0 0)
(0.708801 0 0)
(0.708794 0 0)
(0.708787 0 0)
(0.70878 0 0)
(0.708772 0 0)
(0.708765 0 0)
(0.708758 0 0)
(0.708751 0 0)
(0.708744 0 0)
(0.708736 0 0)
(0.708729 0 0)
(0.708722 0 0)
(0.708714 0 0)
(0.708707 0 0)
(0.7087 0 0)
(0.708692 0 0)
(0.708685 0 0)
(0.708677 0 0)
(0.70867 0 0)
(0.708662 0 0)
(0.708655 0 0)
(0.708647 0 0)
(0.708639 0 0)
(0.708632 0 0)
(0.708624 0 0)
(0.708616 0 0)
(0.708608 0 0)
(0.708601 0 0)
(0.708593 0 0)
(0.708585 0 0)
(0.708577 0 0)
(0.708569 0 0)
(0.708562 0 0)
(0.708554 0 0)
(0.708546 0 0)
(0.708538 0 0)
(0.70853 0 0)
(0.708522 0 0)
(0.708514 0 0)
(0.708506 0 0)
(0.708498 0 0)
(0.708489 0 0)
(0.708481 0 0)
(0.708473 0 0)
(0.708465 0 0)
(0.708457 0 0)
(0.708449 0 0)
(0.70844 0 0)
(0.708432 0 0)
(0.708424 0 0)
(0.708415 0 0)
(0.708407 0 0)
(0.708399 0 0)
(0.70839 0 0)
(0.708382 0 0)
(0.708374 0 0)
(0.708365 0 0)
(0.708357 0 0)
(0.708348 0 0)
(0.70834 0 0)
(0.708331 0 0)
(0.708322 0 0)
(0.708314 0 0)
(0.708305 0 0)
(0.708297 0 0)
(0.708288 0 0)
(0.708279 0 0)
(0.708271 0 0)
(0.708262 0 0)
(0.708253 0 0)
(0.708244 0 0)
(0.708236 0 0)
(0.708227 0 0)
(0.708218 0 0)
(0.708209 0 0)
(0.7082 0 0)
(0.708191 0 0)
(0.708182 0 0)
(0.708173 0 0)
(0.708165 0 0)
(0.708156 0 0)
(0.708147 0 0)
(0.708138 0 0)
(0.708128 0 0)
(0.708119 0 0)
(0.70811 0 0)
(0.708101 0 0)
(0.708092 0 0)
(0.708083 0 0)
(0.708074 0 0)
(0.708065 0 0)
(0.708056 0 0)
(0.708046 0 0)
(0.708037 0 0)
(0.708028 0 0)
(0.708019 0 0)
(0.708009 0 0)
(0.708 0 0)
(0.707991 0 0)
(0.707981 0 0)
(0.707972 0 0)
(0.707963 0 0)
(0.707953 0 0)
(0.707944 0 0)
(0.707934 0 0)
(0.707925 0 0)
(0.707915 0 0)
(0.707906 0 0)
(0.707896 0 0)
(0.707887 0 0)
(0.707877 0 0)
(0.707868 0 0)
(0.707858 0 0)
(0.707848 0 0)
(0.707839 0 0)
(0.707829 0 0)
(0.70782 0 0)
(0.70781 0 0)
(0.7078 0 0)
(0.70779 0 0)
(0.707781 0 0)
(0.707771 0 0)
(0.707761 0 0)
(0.707751 0 0)
(0.707742 0 0)
(0.707732 0 0)
(0.707722 0 0)
(0.707712 0 0)
(0.707702 0 0)
(0.707692 0 0)
(0.707682 0 0)
(0.707673 0 0)
(0.707663 0 0)
(0.707653 0 0)
(0.707643 0 0)
(0.707633 0 0)
(0.707623 0 0)
(0.707613 0 0)
(0.707603 0 0)
(0.707593 0 0)
(0.707582 0 0)
(0.707572 0 0)
(0.707562 0 0)
(0.707552 0 0)
(0.707542 0 0)
(0.707532 0 0)
(0.707522 0 0)
(0.707512 0 0)
(0.707501 0 0)
(0.707491 0 0)
(0.707481 0 0)
(0.707471 0 0)
(0.70746 0 0)
(0.70745 0 0)
(0.70744 0 0)
(0.70743 0 0)
(0.707419 0 0)
(0.707409 0 0)
(0.707399 0 0)
(0.707388 0 0)
(0.707378 0 0)
(0.707367 0 0)
(0.707357 0 0)
(0.707347 0 0)
(0.707336 0 0)
(0.707326 0 0)
(0.707315 0 0)
(0.707305 0 0)
(0.707294 0 0)
(0.707284 0 0)
(0.707273 0 0)
(0.707263 0 0)
(0.707252 0 0)
(0.707241 0 0)
(0.707231 0 0)
(0.70722 0 0)
(0.70721 0 0)
(0.707199 0 0)
(0.707188 0 0)
(0.707178 0 0)
(0.707167 0 0)
(0.707156 0 0)
(0.707146 0 0)
(0.707135 0 0)
(0.707124 0 0)
(0.707113 0 0)
(0.707103 0 0)
(0.707092 0 0)
(0.707081 0 0)
(0.70707 0 0)
(0.707059 0 0)
(0.707049 0 0)
(0.707038 0 0)
(0.707027 0 0)
(0.707016 0 0)
(0.707005 0 0)
(0.706994 0 0)
(0.706983 0 0)
(0.706972 0 0)
(0.706961 0 0)
(0.70695 0 0)
(0.70694 0 0)
(0.706929 0 0)
(0.706918 0 0)
(0.706907 0 0)
(0.706896 0 0)
(0.706884 0 0)
(0.706873 0 0)
(0.706862 0 0)
(0.706851 0 0)
(0.70684 0 0)
(0.706829 0 0)
(0.706818 0 0)
(0.706807 0 0)
(0.706796 0 0)
(0.706785 0 0)
(0.706773 0 0)
(0.706762 0 0)
(0.706751 0 0)
(0.70674 0 0)
(0.706729 0 0)
(0.706717 0 0)
(0.706706 0 0)
(0.706695 0 0)
(0.706684 0 0)
(0.706672 0 0)
(0.706661 0 0)
(0.70665 0 0)
(0.706639 0 0)
(0.706627 0 0)
(0.706616 0 0)
(0.706605 0 0)
(0.706593 0 0)
(0.706582 0 0)
(0.70657 0 0)
(0.706559 0 0)
(0.706548 0 0)
(0.706536 0 0)
(0.706525 0 0)
(0.706513 0 0)
(0.706502 0 0)
(0.70649 0 0)
(0.706479 0 0)
(0.706467 0 0)
(0.706456 0 0)
(0.706444 0 0)
(0.706433 0 0)
(0.706421 0 0)
(0.70641 0 0)
(0.706398 0 0)
(0.706387 0 0)
(0.706375 0 0)
(0.706364 0 0)
(0.706352 0 0)
(0.70634 0 0)
(0.706329 0 0)
(0.706317 0 0)
(0.706305 0 0)
(0.706294 0 0)
(0.706282 0 0)
(0.70627 0 0)
(0.706259 0 0)
(0.706247 0 0)
(0.706235 0 0)
(0.706224 0 0)
(0.706212 0 0)
(0.7062 0 0)
(0.706188 0 0)
(0.706177 0 0)
(0.706165 0 0)
(0.706153 0 0)
(0.706141 0 0)
(0.706129 0 0)
(0.706118 0 0)
(0.706106 0 0)
(0.706094 0 0)
(0.706082 0 0)
(0.70607 0 0)
(0.706058 0 0)
(0.706046 0 0)
(0.706034 0 0)
(0.706023 0 0)
(0.706011 0 0)
(0.705999 0 0)
(0.705987 0 0)
(0.705975 0 0)
(0.705963 0 0)
(0.705951 0 0)
(0.705939 0 0)
(0.705927 0 0)
(0.705915 0 0)
(0.705903 0 0)
(0.705891 0 0)
(0.705879 0 0)
(0.705867 0 0)
(0.705855 0 0)
(0.705843 0 0)
(0.705831 0 0)
(0.705819 0 0)
(0.705806 0 0)
(0.705794 0 0)
(0.705782 0 0)
(0.70577 0 0)
(0.705758 0 0)
(0.705746 0 0)
(0.705734 0 0)
(0.705722 0 0)
(0.705709 0 0)
(0.705697 0 0)
(0.705685 0 0)
(0.705673 0 0)
(0.705661 0 0)
(0.705648 0 0)
(0.705636 0 0)
(0.705624 0 0)
(0.705612 0 0)
(0.705599 0 0)
(0.705587 0 0)
(0.705575 0 0)
(0.705563 0 0)
(0.70555 0 0)
(0.705538 0 0)
(0.705526 0 0)
(0.705513 0 0)
(0.705501 0 0)
(0.705489 0 0)
(0.705476 0 0)
(0.705464 0 0)
(0.705452 0 0)
(0.705439 0 0)
(0.705427 0 0)
(0.705414 0 0)
(0.705402 0 0)
(0.70539 0 0)
(0.705377 0 0)
(0.705365 0 0)
(0.705352 0 0)
(0.70534 0 0)
(0.705327 0 0)
(0.705315 0 0)
(0.705302 0 0)
(0.70529 0 0)
(0.705277 0 0)
(0.705265 0 0)
(0.705252 0 0)
(0.70524 0 0)
(0.705227 0 0)
(0.705215 0 0)
(0.705202 0 0)
(0.70519 0 0)
(0.705177 0 0)
(0.705165 0 0)
(0.705152 0 0)
(0.705139 0 0)
(0.705127 0 0)
(0.705114 0 0)
(0.705102 0 0)
(0.705089 0 0)
(0.705076 0 0)
(0.705064 0 0)
(0.705051 0 0)
(0.705038 0 0)
(0.705026 0 0)
(0.705013 0 0)
(0.705 0 0)
(0.704988 0 0)
(0.704975 0 0)
(0.704962 0 0)
(0.70495 0 0)
(0.704937 0 0)
(0.704924 0 0)
(0.704911 0 0)
(0.704899 0 0)
(0.704886 0 0)
(0.704873 0 0)
(0.70486 0 0)
(0.704848 0 0)
(0.704835 0 0)
(0.704822 0 0)
(0.704809 0 0)
(0.704796 0 0)
(0.704784 0 0)
(0.704771 0 0)
(0.704758 0 0)
(0.704745 0 0)
(0.704732 0 0)
(0.704719 0 0)
(0.704706 0 0)
(0.704694 0 0)
(0.704681 0 0)
(0.704668 0 0)
(0.704655 0 0)
(0.704642 0 0)
(0.704629 0 0)
(0.704616 0 0)
(0.704603 0 0)
(0.70459 0 0)
(0.704577 0 0)
(0.704564 0 0)
(0.704551 0 0)
(0.704538 0 0)
(0.704525 0 0)
(0.704512 0 0)
(0.704499 0 0)
(0.704486 0 0)
(0.704473 0 0)
(0.70446 0 0)
(0.704447 0 0)
(0.704434 0 0)
(0.704421 0 0)
(0.704408 0 0)
(0.704395 0 0)
(0.704382 0 0)
(0.704369 0 0)
(0.704356 0 0)
(0.704343 0 0)
(0.70433 0 0)
(0.704317 0 0)
(0.704304 0 0)
(0.70429 0 0)
(0.704277 0 0)
(0.704264 0 0)
(0.704251 0 0)
(0.704238 0 0)
(0.704225 0 0)
(0.704212 0 0)
(0.704198 0 0)
(0.704185 0 0)
(0.704172 0 0)
(0.704159 0 0)
(0.704146 0 0)
(0.704133 0 0)
(0.704119 0 0)
(0.704106 0 0)
(0.704093 0 0)
(0.70408 0 0)
(0.704066 0 0)
(0.704053 0 0)
(0.70404 0 0)
(0.704027 0 0)
(0.704013 0 0)
(0.704 0 0)
(0.703987 0 0)
(0.703974 0 0)
(0.70396 0 0)
(0.703947 0 0)
(0.703934 0 0)
(0.70392 0 0)
(0.703907 0 0)
(0.703894 0 0)
(0.70388 0 0)
(0.703867 0 0)
(0.703854 0 0)
(0.70384 0 0)
(0.703827 0 0)
(0.703814 0 0)
(0.7038 0 0)
(0.703787 0 0)
(0.703773 0 0)
(0.70376 0 0)
(0.703747 0 0)
(0.703733 0 0)
(0.70372 0 0)
(0.703706 0 0)
(0.703693 0 0)
(0.70368 0 0)
(0.703666 0 0)
(0.703653 0 0)
(0.703639 0 0)
(0.703626 0 0)
(0.703612 0 0)
(0.703599 0 0)
(0.703585 0 0)
(0.703572 0 0)
(0.703558 0 0)
(0.703545 0 0)
(0.703531 0 0)
(0.703518 0 0)
(0.703504 0 0)
(0.703491 0 0)
(0.703477 0 0)
(0.703464 0 0)
(0.70345 0 0)
(0.703437 0 0)
(0.703423 0 0)
(0.70341 0 0)
(0.703396 0 0)
(0.703382 0 0)
(0.703369 0 0)
(0.703355 0 0)
(0.703342 0 0)
(0.703328 0 0)
(0.703314 0 0)
(0.703301 0 0)
(0.703287 0 0)
(0.703274 0 0)
(0.70326 0 0)
(0.703246 0 0)
(0.703233 0 0)
(0.703219 0 0)
(0.703205 0 0)
(0.703192 0 0)
(0.703178 0 0)
(0.703164 0 0)
(0.703151 0 0)
(0.703137 0 0)
(0.703123 0 0)
(0.70311 0 0)
(0.703096 0 0)
(0.703082 0 0)
(0.703068 0 0)
(0.703055 0 0)
(0.703041 0 0)
(0.703027 0 0)
(0.703014 0 0)
(0.703 0 0)
(0.702986 0 0)
(0.702972 0 0)
(0.702958 0 0)
(0.702945 0 0)
(0.702931 0 0)
(0.702917 0 0)
(0.702903 0 0)
(0.70289 0 0)
(0.702876 0 0)
(0.702862 0 0)
(0.702848 0 0)
(0.702834 0 0)
(0.702821 0 0)
(0.702807 0 0)
(0.702793 0 0)
(0.702779 0 0)
(0.702765 0 0)
(0.702751 0 0)
(0.702737 0 0)
(0.702724 0 0)
(0.70271 0 0)
(0.702696 0 0)
(0.702682 0 0)
(0.702668 0 0)
(0.702654 0 0)
(0.70264 0 0)
(0.702626 0 0)
(0.702612 0 0)
(0.702599 0 0)
(0.702585 0 0)
(0.702571 0 0)
(0.702557 0 0)
(0.702543 0 0)
(0.702529 0 0)
(0.702515 0 0)
(0.702501 0 0)
(0.702487 0 0)
(0.702473 0 0)
(0.702459 0 0)
(0.702445 0 0)
(0.702431 0 0)
(0.702417 0 0)
(0.702403 0 0)
(0.702389 0 0)
(0.702375 0 0)
(0.702361 0 0)
(0.702347 0 0)
(0.702333 0 0)
(0.702319 0 0)
(0.702305 0 0)
(0.702291 0 0)
(0.702277 0 0)
(0.702263 0 0)
(0.702249 0 0)
(0.702235 0 0)
(0.702221 0 0)
(0.702207 0 0)
(0.702193 0 0)
(0.702179 0 0)
(0.702164 0 0)
(0.70215 0 0)
(0.702136 0 0)
(0.702122 0 0)
(0.702108 0 0)
(0.702094 0 0)
(0.70208 0 0)
(0.702066 0 0)
(0.702052 0 0)
(0.702037 0 0)
(0.702023 0 0)
(0.702009 0 0)
(0.701995 0 0)
(0.701981 0 0)
(0.701967 0 0)
(0.701953 0 0)
(0.701938 0 0)
(0.701924 0 0)
(0.70191 0 0)
(0.701896 0 0)
(0.701882 0 0)
(0.701867 0 0)
(0.701853 0 0)
(0.701839 0 0)
(0.701825 0 0)
(0.701811 0 0)
(0.701796 0 0)
(0.701782 0 0)
(0.701768 0 0)
(0.701754 0 0)
(0.70174 0 0)
(0.701725 0 0)
(0.701711 0 0)
(0.701697 0 0)
(0.701682 0 0)
(0.701668 0 0)
(0.701654 0 0)
(0.70164 0 0)
(0.701625 0 0)
(0.701611 0 0)
(0.701597 0 0)
(0.701583 0 0)
(0.701568 0 0)
(0.701554 0 0)
(0.70154 0 0)
(0.701525 0 0)
(0.701511 0 0)
(0.701497 0 0)
(0.701482 0 0)
(0.701468 0 0)
(0.701454 0 0)
(0.701439 0 0)
(0.701425 0 0)
(0.701411 0 0)
(0.701396 0 0)
(0.701382 0 0)
(0.701368 0 0)
(0.701353 0 0)
(0.701339 0 0)
(0.701324 0 0)
(0.70131 0 0)
(0.701296 0 0)
(0.701281 0 0)
(0.701267 0 0)
(0.701252 0 0)
(0.701238 0 0)
(0.701224 0 0)
(0.701209 0 0)
(0.701195 0 0)
(0.70118 0 0)
(0.701166 0 0)
(0.701152 0 0)
(0.701137 0 0)
(0.701123 0 0)
(0.701108 0 0)
(0.701094 0 0)
(0.701079 0 0)
(0.701065 0 0)
(0.70105 0 0)
(0.701036 0 0)
(0.701021 0 0)
(0.701007 0 0)
(0.700992 0 0)
(0.700978 0 0)
(0.700963 0 0)
(0.700949 0 0)
(0.700934 0 0)
(0.70092 0 0)
(0.700905 0 0)
(0.700891 0 0)
(0.700876 0 0)
(0.700862 0 0)
(0.700847 0 0)
(0.700833 0 0)
(0.700818 0 0)
(0.700804 0 0)
(0.700789 0 0)
(0.700775 0 0)
(0.70076 0 0)
(0.700745 0 0)
(0.700731 0 0)
(0.700716 0 0)
(0.700702 0 0)
(0.700687 0 0)
(0.700673 0 0)
(0.700658 0 0)
(0.700643 0 0)
(0.700629 0 0)
(0.700614 0 0)
(0.7006 0 0)
(0.700585 0 0)
(0.70057 0 0)
(0.700556 0 0)
(0.700541 0 0)
(0.700526 0 0)
(0.700512 0 0)
(0.700497 0 0)
(0.700483 0 0)
(0.700468 0 0)
(0.700453 0 0)
(0.700439 0 0)
(0.700424 0 0)
(0.700409 0 0)
(0.700395 0 0)
(0.70038 0 0)
(0.700365 0 0)
(0.700351 0 0)
(0.700336 0 0)
(0.700321 0 0)
(0.700306 0 0)
(0.700292 0 0)
(0.700277 0 0)
(0.700262 0 0)
(0.700248 0 0)
(0.700233 0 0)
(0.700218 0 0)
(0.700203 0 0)
(0.700189 0 0)
(0.700174 0 0)
(0.700159 0 0)
(0.700145 0 0)
(0.70013 0 0)
(0.700115 0 0)
(0.7001 0 0)
(0.700086 0 0)
(0.700071 0 0)
(0.700056 0 0)
(0.700041 0 0)
(0.700026 0 0)
(0.700012 0 0)
(0.699997 0 0)
(0.699982 0 0)
(0.699967 0 0)
(0.699953 0 0)
(0.699938 0 0)
(0.699923 0 0)
(0.699908 0 0)
(0.699893 0 0)
(0.699878 0 0)
(0.699864 0 0)
(0.699849 0 0)
(0.699834 0 0)
(0.699819 0 0)
(0.699804 0 0)
(0.69979 0 0)
(0.699775 0 0)
(0.69976 0 0)
(0.699745 0 0)
(0.69973 0 0)
(0.699715 0 0)
(0.6997 0 0)
(0.699686 0 0)
(0.699671 0 0)
(0.699656 0 0)
(0.699641 0 0)
(0.699626 0 0)
(0.699611 0 0)
(0.699596 0 0)
(0.699581 0 0)
(0.699566 0 0)
(0.699552 0 0)
(0.699537 0 0)
(0.699522 0 0)
(0.699507 0 0)
(0.699492 0 0)
(0.699477 0 0)
(0.699462 0 0)
(0.699447 0 0)
(0.699432 0 0)
(0.699417 0 0)
(0.699402 0 0)
(0.699387 0 0)
(0.699372 0 0)
(0.699357 0 0)
(0.699342 0 0)
(0.699328 0 0)
(0.699313 0 0)
(0.699298 0 0)
(0.699283 0 0)
(0.699268 0 0)
(0.699253 0 0)
(0.699238 0 0)
(0.699223 0 0)
(0.699208 0 0)
(0.699193 0 0)
(0.699178 0 0)
(0.699163 0 0)
(0.699148 0 0)
(0.699133 0 0)
(0.699118 0 0)
(0.699103 0 0)
(0.699088 0 0)
(0.699073 0 0)
(0.699058 0 0)
(0.699042 0 0)
(0.699027 0 0)
(0.699012 0 0)
(0.698997 0 0)
(0.698982 0 0)
(0.698967 0 0)
(0.698952 0 0)
(0.698937 0 0)
(0.698922 0 0)
(0.698907 0 0)
(0.698892 0 0)
(0.698877 0 0)
(0.698862 0 0)
(0.698847 0 0)
(0.698832 0 0)
(0.698817 0 0)
(0.698801 0 0)
(0.698786 0 0)
(0.698771 0 0)
(0.698756 0 0)
(0.698741 0 0)
(0.698726 0 0)
(0.698711 0 0)
(0.698696 0 0)
(0.698681 0 0)
(0.698665 0 0)
(0.69865 0 0)
(0.698635 0 0)
(0.69862 0 0)
(0.698605 0 0)
(0.69859 0 0)
(0.698575 0 0)
(0.698559 0 0)
(0.698544 0 0)
(0.698529 0 0)
(0.698514 0 0)
(0.698499 0 0)
(0.698484 0 0)
(0.698468 0 0)
(0.698453 0 0)
(0.698438 0 0)
(0.698423 0 0)
(0.698408 0 0)
(0.698392 0 0)
(0.698377 0 0)
(0.698362 0 0)
(0.698347 0 0)
(0.698332 0 0)
(0.698316 0 0)
(0.698301 0 0)
(0.698286 0 0)
(0.698271 0 0)
(0.698256 0 0)
(0.69824 0 0)
(0.698225 0 0)
(0.69821 0 0)
(0.698195 0 0)
(0.698179 0 0)
(0.698164 0 0)
(0.698149 0 0)
(0.698134 0 0)
)
;

boundaryField
{
    inlet
    {
        type            fractionalVelocity;
        U               1((1 0 0));
        fractionalFlow  Fa;
        value           uniform (0.709421 0 0);
    }
    outlet
    {
        type            zeroGradient;
    }
    emptyWalls
    {
        type            empty;
    }
}


// ************************************************************************* //
