/*--------------------------------*- C++ -*----------------------------------*\
  =========                 |
  \\      /  F ield         | OpenFOAM: The Open Source CFD Toolbox
   \\    /   O peration     | Website:  https://openfoam.org
    \\  /    A nd           | Version:  9
     \\/     M anipulation  |
\*---------------------------------------------------------------------------*/
FoamFile
{
    format      ascii;
    class       surfaceScalarField;
    location    "50000";
    object      phia;
}
// * * * * * * * * * * * * * * * * * * * * * * * * * * * * * * * * * * * * * //

dimensions      [0 2 0 0 0 0 0];

internalField   nonuniform List<scalar> 
999
(
1.71428e-10
1.71428e-10
1.71426e-10
1.71425e-10
1.71423e-10
1.7142e-10
1.71417e-10
1.71414e-10
1.7141e-10
1.71406e-10
1.71401e-10
1.71396e-10
1.7139e-10
1.71384e-10
1.71378e-10
1.71371e-10
1.71364e-10
1.71356e-10
1.71348e-10
1.71339e-10
1.7133e-10
1.71321e-10
1.71311e-10
1.71301e-10
1.7129e-10
1.71279e-10
1.71268e-10
1.71256e-10
1.71243e-10
1.7123e-10
1.71217e-10
1.71203e-10
1.71189e-10
1.71175e-10
1.7116e-10
1.71144e-10
1.71129e-10
1.71112e-10
1.71096e-10
1.71079e-10
1.71061e-10
1.71043e-10
1.71025e-10
1.71006e-10
1.70987e-10
1.70967e-10
1.70947e-10
1.70926e-10
1.70905e-10
1.70884e-10
1.70862e-10
1.7084e-10
1.70817e-10
1.70794e-10
1.70771e-10
1.70747e-10
1.70722e-10
1.70697e-10
1.70672e-10
1.70646e-10
1.7062e-10
1.70593e-10
1.70566e-10
1.70539e-10
1.70511e-10
1.70482e-10
1.70453e-10
1.70424e-10
1.70394e-10
1.70364e-10
1.70334e-10
1.70303e-10
1.70271e-10
1.70239e-10
1.70207e-10
1.70174e-10
1.7014e-10
1.70106e-10
1.70072e-10
1.70037e-10
1.70002e-10
1.69967e-10
1.6993e-10
1.69894e-10
1.69857e-10
1.69819e-10
1.69781e-10
1.69743e-10
1.69704e-10
1.69664e-10
1.69624e-10
1.69584e-10
1.69543e-10
1.69501e-10
1.69459e-10
1.69417e-10
1.69374e-10
1.6933e-10
1.69286e-10
1.69242e-10
1.69196e-10
1.69151e-10
1.69104e-10
1.69057e-10
1.6901e-10
1.68962e-10
1.68913e-10
1.68863e-10
1.68813e-10
1.68762e-10
1.6871e-10
1.68657e-10
1.68604e-10
1.68549e-10
1.68492e-10
1.68434e-10
1.68375e-10
1.68312e-10
1.68246e-10
1.68174e-10
1.68092e-10
1.67994e-10
1.67861e-10
1.67646e-10
1.67175e-10
1.65812e-10
1.42694e-10
3.43102e-13
4.08844e-22
1.33971e-40
3.58871e-78
6.66026e-154
5.79462e-306
0
0
0
0
0
0
0
0
0
0
0
0
0
0
0
0
0
0
0
0
0
0
0
0
0
0
0
0
0
0
0
0
0
0
0
0
0
0
0
0
0
0
0
0
0
0
0
0
0
0
0
0
0
0
0
0
0
0
0
0
0
0
0
0
0
0
0
0
0
0
0
0
0
0
0
0
0
0
0
0
0
0
0
0
0
0
0
0
0
0
0
0
0
0
0
0
0
0
0
0
0
0
0
0
0
0
0
0
0
0
0
0
0
0
0
0
0
0
0
0
0
0
0
0
0
0
0
0
0
0
0
0
0
0
0
0
0
0
0
0
0
0
0
0
0
0
0
0
0
0
0
0
0
0
0
0
0
0
0
0
0
0
0
0
0
0
0
0
0
0
0
0
0
0
0
0
0
0
0
0
0
0
0
0
0
0
0
0
0
0
0
0
0
0
0
0
0
0
0
0
0
0
0
0
0
0
0
0
0
0
0
0
0
0
0
0
0
0
0
0
0
0
0
0
0
0
0
0
0
0
0
0
0
0
0
0
0
0
0
0
0
0
0
0
0
0
0
0
0
0
0
0
0
0
0
0
0
0
0
0
0
0
0
0
0
0
0
0
0
0
0
0
0
0
0
0
0
0
0
0
0
0
0
0
0
0
0
0
0
0
0
0
0
0
0
0
0
0
0
0
0
0
0
0
0
0
0
0
0
0
0
0
0
0
0
0
0
0
0
0
0
0
0
0
0
0
0
0
0
0
0
0
0
0
0
0
0
0
0
0
0
0
0
0
0
0
0
0
0
0
0
0
0
0
0
0
0
0
0
0
0
0
0
0
0
0
0
0
0
0
0
0
0
0
0
0
0
0
0
0
0
0
0
0
0
0
0
0
0
0
0
0
0
0
0
0
0
0
0
0
0
0
0
0
0
0
0
0
0
0
0
0
0
0
0
0
0
0
0
0
0
0
0
0
0
0
0
0
0
0
0
0
0
0
0
0
0
0
0
0
0
0
0
0
0
0
0
0
0
0
0
0
0
0
0
0
0
0
0
0
0
0
0
0
0
0
0
0
0
0
0
0
0
0
0
0
0
0
0
0
0
0
0
0
0
0
0
0
0
0
0
0
0
0
0
0
0
0
0
0
0
0
0
0
0
0
0
0
0
0
0
0
0
0
0
0
0
0
0
0
0
0
0
0
0
0
0
0
0
0
0
0
0
0
0
0
0
0
0
0
0
0
0
0
0
0
0
0
0
0
0
0
0
0
0
0
0
0
0
0
0
0
0
0
0
0
0
0
0
0
0
0
0
0
0
0
0
0
0
0
0
0
0
0
0
0
0
0
0
0
0
0
0
0
0
0
0
0
0
0
0
0
0
0
0
0
0
0
0
0
0
0
0
0
0
0
0
0
0
0
0
0
0
0
0
0
0
0
0
0
0
0
0
0
0
0
0
0
0
0
0
0
0
0
0
0
0
0
0
0
0
0
0
0
0
0
0
0
0
0
0
0
0
0
0
0
0
0
0
0
0
0
0
0
0
0
0
0
0
0
0
0
0
0
0
0
0
0
0
0
0
0
0
0
0
0
0
0
0
0
0
0
0
0
0
0
0
0
0
0
0
0
0
0
0
0
0
0
0
0
0
0
0
0
0
0
0
0
0
0
0
0
0
0
0
0
0
0
0
0
0
0
0
0
0
0
0
0
0
0
0
0
0
0
0
0
0
0
0
0
0
0
0
0
0
0
0
0
0
0
0
0
0
0
0
0
0
0
0
0
0
0
0
0
0
0
0
0
0
0
0
0
0
0
0
0
0
0
0
0
0
0
0
0
0
0
0
0
0
0
0
0
0
0
0
0
0
0
0
0
0
0
0
0
0
0
0
0
0
0
0
0
0
0
0
0
0
0
0
0
0
0
0
0
0
0
0
0
0
0
0
0
0
0
0
0
0
0
0
0
0
0
0
0
0
0
)
;

boundaryField
{
    inlet
    {
        type            calculated;
        value           uniform -1.71429e-10;
    }
    outlet
    {
        type            calculated;
        value           uniform 0;
    }
    emptyWalls
    {
        type            empty;
        value           nonuniform List<scalar> 0();
    }
}


// ************************************************************************* //
