/*--------------------------------*- C++ -*----------------------------------*\
  =========                 |
  \\      /  F ield         | OpenFOAM: The Open Source CFD Toolbox
   \\    /   O peration     | Website:  https://openfoam.org
    \\  /    A nd           | Version:  9
     \\/     M anipulation  |
\*---------------------------------------------------------------------------*/
FoamFile
{
    format      ascii;
    class       surfaceScalarField;
    location    "50000";
    object      phic;
}
// * * * * * * * * * * * * * * * * * * * * * * * * * * * * * * * * * * * * * //

dimensions      [0 2 0 0 0 0 0];

internalField   nonuniform List<scalar> 
999
(
5.33989e-16
1.73782e-15
3.56537e-15
6.01244e-15
9.07766e-15
1.27596e-14
1.70568e-14
2.19675e-14
2.749e-14
3.36225e-14
4.03634e-14
4.77108e-14
5.56631e-14
6.42185e-14
7.33754e-14
8.31321e-14
9.34868e-14
1.04438e-13
1.15984e-13
1.28124e-13
1.40855e-13
1.54176e-13
1.68086e-13
1.82583e-13
1.97666e-13
2.13333e-13
2.29583e-13
2.46414e-13
2.63825e-13
2.81815e-13
3.00382e-13
3.19525e-13
3.39242e-13
3.59533e-13
3.80396e-13
4.01831e-13
4.23834e-13
4.46407e-13
4.69547e-13
4.93253e-13
5.17525e-13
5.4236e-13
5.67759e-13
5.9372e-13
6.20242e-13
6.47324e-13
6.74966e-13
7.03166e-13
7.31923e-13
7.61237e-13
7.91107e-13
8.21532e-13
8.52511e-13
8.84044e-13
9.16129e-13
9.48767e-13
9.81956e-13
1.0157e-12
1.04999e-12
1.08483e-12
1.12022e-12
1.15616e-12
1.19264e-12
1.22968e-12
1.26726e-12
1.30539e-12
1.34407e-12
1.3833e-12
1.42307e-12
1.46339e-12
1.50425e-12
1.54567e-12
1.58763e-12
1.63013e-12
1.67319e-12
1.71679e-12
1.76094e-12
1.80564e-12
1.85089e-12
1.89669e-12
1.94304e-12
1.98994e-12
2.03739e-12
2.0854e-12
2.13396e-12
2.18308e-12
2.23276e-12
2.283e-12
2.3338e-12
2.38517e-12
2.43711e-12
2.48962e-12
2.5427e-12
2.59637e-12
2.65061e-12
2.70545e-12
2.76089e-12
2.81693e-12
2.87358e-12
2.93085e-12
2.98875e-12
3.0473e-12
3.10651e-12
3.16639e-12
3.22698e-12
3.28828e-12
3.35034e-12
3.41319e-12
3.47687e-12
3.54145e-12
3.60699e-12
3.67359e-12
3.74137e-12
3.8105e-12
3.88122e-12
3.95385e-12
4.02891e-12
4.10719e-12
4.19e-12
4.27973e-12
4.38088e-12
4.50284e-12
4.66722e-12
4.93261e-12
5.50499e-12
7.53685e-12
2.65253e-11
7.86387e-11
7.82747e-11
7.82208e-11
7.8231e-11
7.82323e-11
7.82316e-11
7.82314e-11
7.82314e-11
7.82314e-11
7.82313e-11
7.82313e-11
7.82312e-11
7.82312e-11
7.82311e-11
7.8231e-11
7.8231e-11
7.82309e-11
7.82309e-11
7.82308e-11
7.82308e-11
7.82307e-11
7.82306e-11
7.82306e-11
7.82305e-11
7.82304e-11
7.82304e-11
7.82303e-11
7.82302e-11
7.82302e-11
7.82301e-11
7.823e-11
7.823e-11
7.82299e-11
7.82298e-11
7.82298e-11
7.82297e-11
7.82296e-11
7.82295e-11
7.82294e-11
7.82294e-11
7.82293e-11
7.82292e-11
7.82291e-11
7.8229e-11
7.8229e-11
7.82289e-11
7.82288e-11
7.82287e-11
7.82286e-11
7.82285e-11
7.82284e-11
7.82284e-11
7.82283e-11
7.82282e-11
7.82281e-11
7.8228e-11
7.82279e-11
7.82278e-11
7.82277e-11
7.82276e-11
7.82275e-11
7.82274e-11
7.82273e-11
7.82272e-11
7.8227e-11
7.82269e-11
7.82268e-11
7.82267e-11
7.82266e-11
7.82265e-11
7.82263e-11
7.82262e-11
7.82261e-11
7.8226e-11
7.82258e-11
7.82257e-11
7.82256e-11
7.82254e-11
7.82253e-11
7.82252e-11
7.8225e-11
7.82249e-11
7.82247e-11
7.82246e-11
7.82244e-11
7.82243e-11
7.82241e-11
7.8224e-11
7.82238e-11
7.82236e-11
7.82235e-11
7.82233e-11
7.82231e-11
7.82229e-11
7.82228e-11
7.82226e-11
7.82224e-11
7.82222e-11
7.8222e-11
7.82218e-11
7.82216e-11
7.82214e-11
7.82212e-11
7.8221e-11
7.82207e-11
7.82205e-11
7.82203e-11
7.82201e-11
7.82197e-11
7.82181e-11
7.82049e-11
7.80853e-11
7.70154e-11
6.89641e-11
4.31965e-11
2.98654e-11
2.91245e-11
2.91208e-11
2.91208e-11
2.91208e-11
2.91208e-11
2.91208e-11
2.91208e-11
2.91208e-11
2.91208e-11
2.91208e-11
2.91208e-11
2.91208e-11
2.91208e-11
2.91208e-11
2.91208e-11
2.91208e-11
2.91208e-11
2.91208e-11
2.91208e-11
2.91208e-11
2.91208e-11
2.91208e-11
2.91208e-11
2.91208e-11
2.91208e-11
2.91208e-11
2.91208e-11
2.91208e-11
2.91208e-11
2.91208e-11
2.91208e-11
2.91208e-11
2.91208e-11
2.91208e-11
2.91208e-11
2.91208e-11
2.91208e-11
2.91208e-11
2.91208e-11
2.91208e-11
2.91208e-11
2.91208e-11
2.91208e-11
2.91208e-11
2.91208e-11
2.91208e-11
2.91208e-11
2.91208e-11
2.91208e-11
2.91208e-11
2.91208e-11
2.91208e-11
2.91208e-11
2.91208e-11
2.91208e-11
2.91208e-11
2.91208e-11
2.91208e-11
2.91208e-11
2.91208e-11
2.91208e-11
2.91208e-11
2.91208e-11
2.91208e-11
2.91208e-11
2.91208e-11
2.91208e-11
2.91208e-11
2.91208e-11
2.91208e-11
2.91208e-11
2.91208e-11
2.91208e-11
2.91208e-11
2.91208e-11
2.91208e-11
2.91208e-11
2.91208e-11
2.91208e-11
2.91208e-11
2.91208e-11
2.91208e-11
2.91208e-11
2.91208e-11
2.91208e-11
2.91208e-11
2.91208e-11
2.91208e-11
2.91208e-11
2.91208e-11
2.91208e-11
2.91208e-11
2.91208e-11
2.91208e-11
2.91208e-11
2.91208e-11
2.91208e-11
2.91208e-11
2.91208e-11
2.91208e-11
2.91208e-11
2.91208e-11
2.91208e-11
2.91208e-11
2.91208e-11
2.91208e-11
2.91208e-11
2.91208e-11
2.91208e-11
2.91208e-11
2.91208e-11
2.91208e-11
2.91208e-11
2.91208e-11
2.91208e-11
2.91208e-11
2.91208e-11
2.91208e-11
2.91208e-11
2.91208e-11
2.91208e-11
2.91208e-11
2.91208e-11
2.91208e-11
2.91208e-11
2.91208e-11
2.91208e-11
2.91208e-11
2.91208e-11
2.91208e-11
2.91208e-11
2.91208e-11
2.91208e-11
2.91208e-11
2.91208e-11
2.91208e-11
2.91208e-11
2.91208e-11
2.91208e-11
2.91208e-11
2.91208e-11
2.91208e-11
2.91208e-11
2.91208e-11
2.91208e-11
2.91208e-11
2.91208e-11
2.91208e-11
2.91208e-11
2.91208e-11
2.91208e-11
2.91208e-11
2.91208e-11
2.91208e-11
2.91208e-11
2.91208e-11
2.91208e-11
2.91208e-11
2.91208e-11
2.91208e-11
2.91208e-11
2.91208e-11
2.91208e-11
2.91208e-11
2.91208e-11
2.91208e-11
2.91208e-11
2.91208e-11
2.91208e-11
2.91208e-11
2.91208e-11
2.91208e-11
2.91208e-11
2.91208e-11
2.91208e-11
2.91208e-11
2.91208e-11
2.91208e-11
2.91208e-11
2.91208e-11
2.91208e-11
2.91208e-11
2.91208e-11
2.91208e-11
2.91208e-11
2.91208e-11
2.91208e-11
2.91208e-11
2.91208e-11
2.91208e-11
2.91208e-11
2.91208e-11
2.91208e-11
2.91208e-11
2.91208e-11
2.91208e-11
2.91208e-11
2.91208e-11
2.91208e-11
2.91208e-11
2.91208e-11
2.91208e-11
2.91208e-11
2.91208e-11
2.91208e-11
2.91208e-11
2.91208e-11
2.91208e-11
2.91208e-11
2.91208e-11
2.91208e-11
2.91208e-11
2.91208e-11
2.91208e-11
2.91208e-11
2.91208e-11
2.91208e-11
2.91208e-11
2.91208e-11
2.91208e-11
2.91208e-11
2.91208e-11
2.91208e-11
2.91208e-11
2.91208e-11
2.91208e-11
2.91208e-11
2.91208e-11
2.91208e-11
2.91208e-11
2.91208e-11
2.91208e-11
2.91208e-11
2.91208e-11
2.91208e-11
2.91208e-11
2.91208e-11
2.91208e-11
2.91208e-11
2.91208e-11
2.91208e-11
2.91208e-11
2.91208e-11
2.91208e-11
2.91208e-11
2.91208e-11
2.91208e-11
2.91208e-11
2.91208e-11
2.91208e-11
2.91208e-11
2.91208e-11
2.91208e-11
2.91208e-11
2.91208e-11
2.91208e-11
2.91208e-11
2.91208e-11
2.91208e-11
2.91208e-11
2.91208e-11
2.91208e-11
2.91208e-11
2.91208e-11
2.91208e-11
2.91208e-11
2.91208e-11
2.91208e-11
2.91208e-11
2.91208e-11
2.91208e-11
2.91208e-11
2.91208e-11
2.91208e-11
2.91208e-11
2.91208e-11
2.91208e-11
2.91208e-11
2.91208e-11
2.91208e-11
2.91208e-11
2.91208e-11
2.91208e-11
2.91208e-11
2.91208e-11
2.91208e-11
2.91208e-11
2.91208e-11
2.91208e-11
2.91208e-11
2.91208e-11
2.91208e-11
2.91208e-11
2.91208e-11
2.91208e-11
2.91208e-11
2.91208e-11
2.91208e-11
2.91208e-11
2.91208e-11
2.91208e-11
2.91208e-11
2.91208e-11
2.91208e-11
2.91208e-11
2.91208e-11
2.91208e-11
2.91208e-11
2.91208e-11
2.91208e-11
2.91208e-11
2.91208e-11
2.91208e-11
2.91208e-11
2.91208e-11
2.91208e-11
2.91208e-11
2.91208e-11
2.91208e-11
2.91208e-11
2.91208e-11
2.91208e-11
2.91208e-11
2.91208e-11
2.91208e-11
2.91208e-11
2.91208e-11
2.91208e-11
2.91208e-11
2.91208e-11
2.91208e-11
2.91208e-11
2.91208e-11
2.91208e-11
2.91208e-11
2.91208e-11
2.91208e-11
2.91208e-11
2.91208e-11
2.91208e-11
2.91208e-11
2.91208e-11
2.91208e-11
2.91208e-11
2.91208e-11
2.91208e-11
2.91208e-11
2.91208e-11
2.91208e-11
2.91208e-11
2.91208e-11
2.91208e-11
2.91208e-11
2.91208e-11
2.91208e-11
2.91208e-11
2.91208e-11
2.91208e-11
2.91208e-11
2.91208e-11
2.91208e-11
2.91208e-11
2.91208e-11
2.91208e-11
2.91208e-11
2.91208e-11
2.91208e-11
2.91208e-11
2.91208e-11
2.91208e-11
2.91208e-11
2.91208e-11
2.91208e-11
2.91208e-11
2.91208e-11
2.91208e-11
2.91208e-11
2.91208e-11
2.91208e-11
2.91208e-11
2.91208e-11
2.91208e-11
2.91208e-11
2.91208e-11
2.91208e-11
2.91208e-11
2.91208e-11
2.91208e-11
2.91208e-11
2.91208e-11
2.91208e-11
2.91208e-11
2.91208e-11
2.91208e-11
2.91208e-11
2.91208e-11
2.91208e-11
2.91208e-11
2.91208e-11
2.91208e-11
2.91208e-11
2.91208e-11
2.91208e-11
2.91208e-11
2.91208e-11
2.91208e-11
2.91208e-11
2.91208e-11
2.91208e-11
2.91208e-11
2.91208e-11
2.91208e-11
2.91208e-11
2.91208e-11
2.91208e-11
2.91208e-11
2.91208e-11
2.91208e-11
2.91208e-11
2.91208e-11
2.91208e-11
2.91208e-11
2.91208e-11
2.91208e-11
2.91208e-11
2.91208e-11
2.91208e-11
2.91208e-11
2.91208e-11
2.91208e-11
2.91208e-11
2.91208e-11
2.91208e-11
2.91208e-11
2.91208e-11
2.91208e-11
2.91208e-11
2.91208e-11
2.91208e-11
2.91208e-11
2.91208e-11
2.91208e-11
2.91208e-11
2.91208e-11
2.91208e-11
2.91208e-11
2.91208e-11
2.91208e-11
2.91208e-11
2.91208e-11
2.91208e-11
2.91208e-11
2.91208e-11
2.91208e-11
2.91208e-11
2.91208e-11
2.91208e-11
2.91208e-11
2.91208e-11
2.91208e-11
2.91208e-11
2.91208e-11
2.91208e-11
2.91208e-11
2.91208e-11
2.91208e-11
2.91208e-11
2.91208e-11
2.91208e-11
2.91208e-11
2.91208e-11
2.91208e-11
2.91208e-11
2.91208e-11
2.91208e-11
2.91208e-11
2.91208e-11
2.91208e-11
2.91208e-11
2.91208e-11
2.91208e-11
2.91208e-11
2.91208e-11
2.91208e-11
2.91208e-11
2.91208e-11
2.91208e-11
2.91208e-11
2.91208e-11
2.91208e-11
2.91208e-11
2.91208e-11
2.91208e-11
2.91208e-11
2.91208e-11
2.91208e-11
2.91208e-11
2.91208e-11
2.91208e-11
2.91208e-11
2.91208e-11
2.91208e-11
2.91208e-11
2.91208e-11
2.91208e-11
2.91208e-11
2.91208e-11
2.91208e-11
2.91208e-11
2.91208e-11
2.91208e-11
2.91208e-11
2.91208e-11
2.91208e-11
2.91208e-11
2.91208e-11
2.91208e-11
2.91208e-11
2.91208e-11
2.91208e-11
2.91208e-11
2.91208e-11
2.91208e-11
2.91208e-11
2.91208e-11
2.91208e-11
2.91208e-11
2.91208e-11
2.91208e-11
2.91208e-11
2.91208e-11
2.91208e-11
2.91208e-11
2.91208e-11
2.91208e-11
2.91208e-11
2.91208e-11
2.91208e-11
2.91208e-11
2.91208e-11
2.91208e-11
2.91208e-11
2.91208e-11
2.91208e-11
2.91208e-11
2.91208e-11
2.91208e-11
2.91208e-11
2.91208e-11
2.91208e-11
2.91208e-11
2.91208e-11
2.91208e-11
2.91208e-11
2.91208e-11
2.91208e-11
2.91208e-11
2.91208e-11
2.91208e-11
2.91208e-11
2.91208e-11
2.91208e-11
2.91208e-11
2.91208e-11
2.91208e-11
2.91208e-11
2.91208e-11
2.91208e-11
2.91208e-11
2.91208e-11
2.91208e-11
2.91208e-11
2.91208e-11
2.91208e-11
2.91208e-11
2.91208e-11
2.91208e-11
2.91208e-11
2.91208e-11
2.91208e-11
2.91208e-11
2.91208e-11
2.91208e-11
2.91208e-11
2.91208e-11
2.91208e-11
2.91208e-11
2.91208e-11
2.91208e-11
2.91208e-11
2.91208e-11
2.91208e-11
2.91208e-11
2.91208e-11
2.91208e-11
2.91208e-11
2.91208e-11
2.91208e-11
2.91208e-11
2.91208e-11
2.91208e-11
2.91208e-11
2.91208e-11
2.91208e-11
2.91208e-11
2.91208e-11
2.91208e-11
2.91208e-11
2.91208e-11
2.91208e-11
2.91208e-11
2.91208e-11
2.91208e-11
2.91208e-11
2.91208e-11
2.91208e-11
2.91208e-11
2.91208e-11
2.91208e-11
2.91208e-11
2.91208e-11
2.91208e-11
2.91208e-11
2.91208e-11
2.91208e-11
2.91208e-11
2.91208e-11
2.91208e-11
2.91208e-11
2.91208e-11
2.91208e-11
2.91208e-11
2.91208e-11
2.91208e-11
2.91208e-11
2.91208e-11
2.91208e-11
2.91208e-11
2.91208e-11
2.91208e-11
2.91208e-11
2.91208e-11
2.91208e-11
2.91208e-11
2.91208e-11
2.91208e-11
2.91208e-11
2.91208e-11
2.91208e-11
2.91208e-11
2.91208e-11
2.91208e-11
2.91208e-11
2.91208e-11
2.91208e-11
2.91208e-11
2.91208e-11
2.91208e-11
2.91208e-11
2.91208e-11
2.91208e-11
2.91208e-11
2.91208e-11
2.91208e-11
2.91208e-11
2.91208e-11
2.91208e-11
2.91208e-11
2.91208e-11
2.91208e-11
2.91208e-11
2.91208e-11
2.91208e-11
2.91208e-11
2.91208e-11
2.91208e-11
2.91208e-11
2.91208e-11
2.91208e-11
2.91208e-11
2.91208e-11
2.91208e-11
2.91208e-11
2.91208e-11
2.91208e-11
2.91208e-11
2.91208e-11
2.91208e-11
2.91208e-11
2.91208e-11
2.91208e-11
2.91208e-11
2.91208e-11
2.91208e-11
2.91208e-11
2.91208e-11
2.91208e-11
2.91208e-11
2.91208e-11
2.91208e-11
2.91208e-11
2.91208e-11
2.91208e-11
2.91208e-11
2.91208e-11
2.91208e-11
2.91208e-11
2.91208e-11
2.91208e-11
2.91208e-11
2.91208e-11
2.91208e-11
2.91208e-11
2.91208e-11
2.91208e-11
2.91208e-11
2.91208e-11
2.91208e-11
2.91208e-11
2.91208e-11
2.91208e-11
2.91208e-11
2.91208e-11
2.91208e-11
2.91208e-11
2.91208e-11
2.91208e-11
2.91208e-11
2.91208e-11
2.91208e-11
2.91208e-11
2.91208e-11
2.91208e-11
2.91208e-11
2.91208e-11
2.91208e-11
2.91208e-11
2.91208e-11
2.91208e-11
2.91208e-11
2.91208e-11
2.91208e-11
2.91208e-11
2.91208e-11
2.91208e-11
2.91208e-11
2.91208e-11
2.91208e-11
2.91208e-11
2.91208e-11
2.91208e-11
2.91208e-11
2.91208e-11
2.91208e-11
2.91208e-11
2.91208e-11
)
;

boundaryField
{
    inlet
    {
        type            calculated;
        value           uniform 0;
    }
    outlet
    {
        type            calculated;
        value           uniform 2.91208e-11;
    }
    emptyWalls
    {
        type            empty;
        value           nonuniform List<scalar> 0();
    }
}


// ************************************************************************* //
