/*--------------------------------*- C++ -*----------------------------------*\
  =========                 |
  \\      /  F ield         | OpenFOAM: The Open Source CFD Toolbox
   \\    /   O peration     | Website:  https://openfoam.org
    \\  /    A nd           | Version:  9
     \\/     M anipulation  |
\*---------------------------------------------------------------------------*/
FoamFile
{
    format      ascii;
    class       volVectorField;
    location    "18500";
    object      Uc;
}
// * * * * * * * * * * * * * * * * * * * * * * * * * * * * * * * * * * * * * //

dimensions      [0 0 0 0 0 0 0];

internalField   nonuniform List<vector> 
100
(
(0 0 1.45305e-06)
(0 0 1.45305e-06)
(0 0 1.45305e-06)
(0 0 1.45305e-06)
(0 0 1.45305e-06)
(0 0 1.45305e-06)
(0 0 1.45305e-06)
(0 0 1.45305e-06)
(0 0 1.45305e-06)
(0 0 1.45305e-06)
(0 0 1.45305e-06)
(0 0 1.45305e-06)
(0 0 1.45305e-06)
(0 0 1.45305e-06)
(0 0 1.45305e-06)
(0 0 1.45305e-06)
(0 0 1.45305e-06)
(0 0 1.45305e-06)
(0 0 1.45305e-06)
(0 0 1.45305e-06)
(0 0 1.45305e-06)
(0 0 1.45305e-06)
(0 0 1.45305e-06)
(0 0 1.45305e-06)
(0 0 1.45305e-06)
(0 0 1.45305e-06)
(0 0 1.45305e-06)
(0 0 1.45305e-06)
(0 0 1.45305e-06)
(0 0 1.45305e-06)
(0 0 1.45305e-06)
(0 0 1.45305e-06)
(0 0 1.45305e-06)
(0 0 1.45305e-06)
(0 0 1.45305e-06)
(0 0 1.45305e-06)
(0 0 1.45305e-06)
(0 0 1.45305e-06)
(0 0 1.45305e-06)
(0 0 1.45305e-06)
(0 0 1.45305e-06)
(0 0 1.45305e-06)
(0 0 1.45305e-06)
(0 0 1.45305e-06)
(0 0 1.45305e-06)
(0 0 1.45305e-06)
(0 0 1.45305e-06)
(0 0 1.45305e-06)
(0 0 1.45305e-06)
(0 0 1.45305e-06)
(0 0 1.45305e-06)
(0 0 1.45305e-06)
(0 0 1.45305e-06)
(0 0 1.45305e-06)
(0 0 1.45305e-06)
(0 0 1.45305e-06)
(0 0 1.45305e-06)
(0 0 1.45305e-06)
(0 0 1.45305e-06)
(0 0 1.45305e-06)
(0 0 1.45305e-06)
(0 0 1.45305e-06)
(0 0 1.45305e-06)
(0 0 1.45305e-06)
(0 0 1.45305e-06)
(0 0 1.45305e-06)
(0 0 1.45305e-06)
(0 0 1.45305e-06)
(0 0 1.45305e-06)
(0 0 1.45305e-06)
(0 0 1.45305e-06)
(0 0 1.45305e-06)
(0 0 1.45305e-06)
(0 0 1.45305e-06)
(0 0 1.45305e-06)
(0 0 1.45305e-06)
(0 0 1.45305e-06)
(0 0 1.45305e-06)
(0 0 1.45305e-06)
(0 0 1.45305e-06)
(0 0 1.45305e-06)
(0 0 1.45305e-06)
(0 0 1.45305e-06)
(0 0 1.45305e-06)
(0 0 1.45305e-06)
(0 0 1.45305e-06)
(0 0 1.45305e-06)
(0 0 1.45305e-06)
(0 0 1.45305e-06)
(0 0 1.45305e-06)
(0 0 1.4531e-06)
(0 0 2.13662e-06)
(0 0 2.72881e-06)
(0 0 2.63229e-06)
(0 0 2.64306e-06)
(0 0 2.65869e-06)
(0 0 2.6788e-06)
(0 0 2.69523e-06)
(0 0 2.68414e-06)
(0 0 2.67433e-06)
)
;

boundaryField
{
    inlet
    {
        type            fixedValue;
        value           uniform (0 0 1.45305e-06);
    }
    outlet
    {
        type            zeroGradient;
    }
    emptyWalls
    {
        type            empty;
    }
}


// ************************************************************************* //
