/*--------------------------------*- C++ -*----------------------------------*\
  =========                 |
  \\      /  F ield         | OpenFOAM: The Open Source CFD Toolbox
   \\    /   O peration     | Website:  https://openfoam.org
    \\  /    A nd           | Version:  9
     \\/     M anipulation  |
\*---------------------------------------------------------------------------*/
FoamFile
{
    format      ascii;
    class       volVectorField;
    location    "3575";
    object      Ua;
}
// * * * * * * * * * * * * * * * * * * * * * * * * * * * * * * * * * * * * * //

dimensions      [0 0 0 0 0 0 0];

internalField   nonuniform List<vector> 
100
(
(0 0 1.88876e-07)
(0 0 2.57331e-07)
(0 0 3.78785e-07)
(0 0 4.72493e-07)
(0 0 5.4257e-07)
(0 0 5.90016e-07)
(0 0 6.15167e-07)
(0 0 6.17393e-07)
(0 0 6.06559e-07)
(0 0 5.98956e-07)
(0 0 5.96604e-07)
(0 0 5.95609e-07)
(0 0 5.95644e-07)
(0 0 5.95778e-07)
(0 0 5.95989e-07)
(0 0 5.96405e-07)
(0 0 5.96425e-07)
(0 0 5.96888e-07)
(0 0 5.97845e-07)
(0 0 5.98505e-07)
(0 0 5.98757e-07)
(0 0 5.98832e-07)
(0 0 5.98816e-07)
(0 0 5.98737e-07)
(0 0 5.9872e-07)
(0 0 5.98938e-07)
(0 0 5.99509e-07)
(0 0 6.00565e-07)
(0 0 6.02517e-07)
(0 0 6.04561e-07)
(0 0 6.0595e-07)
(0 0 6.07928e-07)
(0 0 6.0962e-07)
(0 0 6.095e-07)
(0 0 6.06487e-07)
(0 0 5.97524e-07)
(0 0 5.8069e-07)
(0 0 5.54405e-07)
(0 0 5.19444e-07)
(0 0 4.80066e-07)
(0 0 4.39966e-07)
(0 0 4.02092e-07)
(0 0 3.68113e-07)
(0 0 3.38096e-07)
(0 0 3.12003e-07)
(0 0 2.89796e-07)
(0 0 2.7081e-07)
(0 0 2.54513e-07)
(0 0 2.40581e-07)
(0 0 2.28532e-07)
(0 0 2.18159e-07)
(0 0 2.09393e-07)
(0 0 2.01993e-07)
(0 0 1.95934e-07)
(0 0 1.91388e-07)
(0 0 1.88817e-07)
(0 0 1.89115e-07)
(0 0 1.93724e-07)
(0 0 2.04605e-07)
(0 0 2.23378e-07)
(0 0 2.50355e-07)
(0 0 2.84795e-07)
(0 0 3.25248e-07)
(0 0 3.69441e-07)
(0 0 4.14306e-07)
(0 0 4.5615e-07)
(0 0 4.90735e-07)
(0 0 5.06542e-07)
(0 0 4.87509e-07)
(0 0 4.3692e-07)
(0 0 3.72396e-07)
(0 0 3.11622e-07)
(0 0 2.68109e-07)
(0 0 2.38954e-07)
(0 0 2.16141e-07)
(0 0 1.97345e-07)
(0 0 1.81634e-07)
(0 0 1.68373e-07)
(0 0 1.57116e-07)
(0 0 1.47547e-07)
(0 0 1.39435e-07)
(0 0 1.32597e-07)
(0 0 1.26865e-07)
(0 0 1.22079e-07)
(0 0 1.1808e-07)
(0 0 1.14724e-07)
(0 0 1.11903e-07)
(0 0 1.09598e-07)
(0 0 1.07986e-07)
(0 0 1.07704e-07)
(0 0 1.10579e-07)
(0 0 1.21295e-07)
(0 0 2.25977e-07)
(0 0 7.30871e-07)
(0 0 1.41638e-06)
(0 0 1.71057e-06)
(0 0 1.81773e-06)
(0 0 6.96879e-06)
(0 0 1.30172e-05)
(0 0 1.39775e-05)
)
;

boundaryField
{
    inlet
    {
        type            prescribedFracFlowVelocity;
        U               1((0 0 1.61572e-05));
        fractionalFlow  0;
        value           uniform (0 0 0);
    }
    outlet
    {
        type            zeroGradient;
    }
    emptyWalls
    {
        type            empty;
    }
}


// ************************************************************************* //
