/*--------------------------------*- C++ -*----------------------------------*\
  =========                 |
  \\      /  F ield         | OpenFOAM: The Open Source CFD Toolbox
   \\    /   O peration     | Website:  https://openfoam.org
    \\  /    A nd           | Version:  9
     \\/     M anipulation  |
\*---------------------------------------------------------------------------*/
FoamFile
{
    format      ascii;
    class       volScalarField;
    location    "9.6";
    object      AcumCoeff_csw;
}
// * * * * * * * * * * * * * * * * * * * * * * * * * * * * * * * * * * * * * //

dimensions      [0 0 0 0 0 0 0];

internalField   nonuniform List<scalar> 
1000
(
0.149699
0.149515
0.149345
0.149182
0.149023
0.148868
0.148715
0.148564
0.148415
0.148268
0.148123
0.147979
0.147836
0.147695
0.147555
0.147416
0.147278
0.147141
0.147005
0.14687
0.146737
0.146604
0.146472
0.146341
0.146211
0.146081
0.145953
0.145825
0.145699
0.145573
0.145447
0.145323
0.145199
0.145076
0.144954
0.144833
0.144712
0.144592
0.144473
0.144354
0.144236
0.144119
0.144002
0.143886
0.14377
0.143656
0.143542
0.143428
0.143315
0.143203
0.143091
0.14298
0.142869
0.142759
0.14265
0.142541
0.142432
0.142325
0.142217
0.142111
0.142004
0.141899
0.141793
0.141689
0.141585
0.141481
0.141378
0.141275
0.141173
0.141071
0.14097
0.140869
0.140768
0.140668
0.140569
0.14047
0.140371
0.140273
0.140176
0.140078
0.139981
0.139885
0.139789
0.139693
0.139598
0.139503
0.139409
0.139315
0.139221
0.139128
0.139035
0.138943
0.138851
0.138759
0.138668
0.138577
0.138486
0.138396
0.138306
0.138217
0.138127
0.138039
0.13795
0.137862
0.137774
0.137687
0.1376
0.137513
0.137426
0.13734
0.137254
0.137169
0.137084
0.136999
0.136914
0.13683
0.136746
0.136663
0.136579
0.136496
0.136414
0.136331
0.136249
0.136167
0.136086
0.136004
0.135923
0.135843
0.135762
0.135682
0.135602
0.135523
0.135443
0.135364
0.135286
0.135207
0.135129
0.135051
0.134973
0.134896
0.134818
0.134741
0.134665
0.134588
0.134512
0.134436
0.13436
0.134285
0.13421
0.134135
0.13406
0.133985
0.133911
0.133837
0.133763
0.133689
0.133616
0.133543
0.13347
0.133397
0.133325
0.133253
0.13318
0.133109
0.133037
0.132966
0.132894
0.132823
0.132753
0.132682
0.132612
0.132542
0.132472
0.132402
0.132332
0.132263
0.132194
0.132125
0.132056
0.131988
0.131919
0.131851
0.131783
0.131715
0.131648
0.13158
0.131513
0.131446
0.131379
0.131312
0.131246
0.13118
0.131114
0.131048
0.130982
0.130916
0.130851
0.130785
0.13072
0.130655
0.130591
0.130526
0.130462
0.130398
0.130333
0.13027
0.130206
0.130142
0.130079
0.130016
0.129953
0.12989
0.129827
0.129764
0.129702
0.129639
0.129577
0.129515
0.129453
0.129392
0.12933
0.129269
0.129208
0.129147
0.129086
0.129025
0.128964
0.128904
0.128843
0.128783
0.128723
0.128663
0.128603
0.128544
0.128484
0.128425
0.128366
0.128307
0.128248
0.128189
0.12813
0.128072
0.128013
0.127955
0.127897
0.127839
0.127781
0.127723
0.127666
0.127608
0.127551
0.127493
0.127436
0.127379
0.127323
0.127266
0.127209
0.127153
0.127096
0.12704
0.126984
0.126928
0.126872
0.126816
0.126761
0.126705
0.12665
0.126595
0.126539
0.126484
0.126429
0.126375
0.12632
0.126265
0.126211
0.126157
0.126102
0.126048
0.125994
0.12594
0.125886
0.125833
0.125779
0.125726
0.125672
0.125619
0.125566
0.125513
0.12546
0.125407
0.125354
0.125302
0.125249
0.125197
0.125145
0.125092
0.12504
0.124988
0.124936
0.124884
0.124833
0.124781
0.12473
0.124678
0.124627
0.124576
0.124525
0.124474
0.124423
0.124372
0.124321
0.12427
0.12422
0.124169
0.124119
0.124069
0.124019
0.123968
0.123918
0.123869
0.123819
0.123769
0.123719
0.12367
0.12362
0.123571
0.123522
0.123473
0.123424
0.123375
0.123326
0.123277
0.123228
0.123179
0.123131
0.123082
0.123034
0.122986
0.122937
0.122889
0.122841
0.122793
0.122745
0.122697
0.12265
0.122602
0.122554
0.122507
0.122459
0.122412
0.122365
0.122318
0.12227
0.122223
0.122176
0.12213
0.122083
0.122036
0.121989
0.121943
0.121896
0.12185
0.121804
0.121757
0.121711
0.121665
0.121619
0.121573
0.121527
0.121481
0.121436
0.12139
0.121344
0.121299
0.121253
0.121208
0.121163
0.121117
0.121072
0.121027
0.120982
0.120937
0.120892
0.120847
0.120803
0.120758
0.120713
0.120669
0.120624
0.12058
0.120535
0.120491
0.120447
0.120403
0.120359
0.120315
0.120271
0.120227
0.120183
0.120139
0.120096
0.120052
0.120008
0.119965
0.119921
0.119878
0.119835
0.119791
0.119748
0.119705
0.119662
0.119619
0.119576
0.119533
0.11949
0.119448
0.119405
0.119362
0.11932
0.119277
0.119235
0.119192
0.11915
0.119108
0.119065
0.119023
0.118981
0.118939
0.118897
0.118855
0.118813
0.118771
0.11873
0.118688
0.118646
0.118605
0.118563
0.118522
0.11848
0.118439
0.118397
0.118356
0.118315
0.118274
0.118233
0.118192
0.118151
0.11811
0.118069
0.118028
0.117987
0.117946
0.117906
0.117865
0.117824
0.117784
0.117743
0.117703
0.117663
0.117622
0.117582
0.117542
0.117502
0.117461
0.117421
0.117381
0.117341
0.117301
0.117261
0.117222
0.117182
0.117142
0.117102
0.117063
0.117023
0.116984
0.116944
0.116905
0.116865
0.116826
0.116787
0.116747
0.116708
0.116669
0.11663
0.116591
0.116552
0.116513
0.116474
0.116435
0.116396
0.116357
0.116319
0.11628
0.116241
0.116203
0.116164
0.116125
0.116087
0.116048
0.11601
0.115972
0.115933
0.115895
0.115857
0.115819
0.11578
0.115742
0.115704
0.115666
0.115628
0.11559
0.115552
0.115515
0.115477
0.115439
0.115401
0.115363
0.115326
0.115288
0.115251
0.115213
0.115176
0.115138
0.115101
0.115063
0.115026
0.114989
0.114951
0.114914
0.114877
0.11484
0.114803
0.114766
0.114729
0.114692
0.114655
0.114618
0.114581
0.114544
0.114507
0.11447
0.114433
0.114397
0.11436
0.114323
0.114287
0.11425
0.114214
0.114177
0.114141
0.114104
0.114068
0.114032
0.113995
0.113959
0.113923
0.113886
0.11385
0.113814
0.113778
0.113742
0.113706
0.11367
0.113634
0.113598
0.113562
0.113526
0.11349
0.113454
0.113418
0.113383
0.113347
0.113311
0.113276
0.11324
0.113204
0.113169
0.113133
0.113098
0.113062
0.113027
0.112991
0.112956
0.11292
0.112885
0.11285
0.112814
0.112779
0.112744
0.112709
0.112674
0.112638
0.112603
0.112568
0.112533
0.112498
0.112463
0.112428
0.112393
0.112358
0.112323
0.112288
0.112253
0.112219
0.112184
0.112149
0.112114
0.112079
0.112045
0.11201
0.111975
0.111941
0.111906
0.111871
0.111837
0.111802
0.111768
0.111733
0.111699
0.111664
0.11163
0.111595
0.111561
0.111526
0.111492
0.111458
0.111423
0.111389
0.111355
0.11132
0.111286
0.111252
0.111218
0.111183
0.111149
0.111115
0.111081
0.111047
0.111013
0.110978
0.110944
0.11091
0.110876
0.110842
0.110808
0.110774
0.11074
0.110706
0.110672
0.110638
0.110604
0.11057
0.110536
0.110502
0.110468
0.110434
0.1104
0.110366
0.110332
0.110298
0.110264
0.11023
0.110196
0.110162
0.110128
0.110094
0.11006
0.110025
0.109991
0.109957
0.109923
0.109889
0.109855
0.109821
0.109787
0.109753
0.109719
0.109685
0.10965
0.109616
0.109582
0.109548
0.109513
0.109479
0.109444
0.10941
0.109376
0.109341
0.109306
0.109272
0.109237
0.109202
0.109168
0.109133
0.109098
0.109063
0.109028
0.108992
0.108957
0.108922
0.108886
0.108851
0.108815
0.108779
0.108743
0.108707
0.108671
0.108634
0.108598
0.108561
0.108524
0.108487
0.108449
0.108412
0.108374
0.108336
0.108297
0.108258
0.108219
0.10818
0.10814
0.1081
0.108059
0.108018
0.107976
0.107933
0.10789
0.107847
0.107802
0.107757
0.107711
0.107664
0.107616
0.107567
0.107517
0.107465
0.107411
0.107356
0.107299
0.10724
0.107179
0.107114
0.107047
0.106976
0.106901
0.106822
0.106737
0.106646
0.106547
0.10644
0.106323
0.106193
0.106047
0.105883
0.105694
0.105475
0.105215
0.1049
0.104508
0.104005
0.103331
0.102377
0.100913
0.0983741
0.092899
0.0762882
0.0660136
0.0679322
0.0683749
0.0677866
0.0671475
0.0668287
0.0667585
0.066805
0.0668971
0.0670056
0.0671157
0.0672158
0.0672948
0.0673437
0.0673572
0.0673364
0.0672899
0.067232
0.0671784
0.067141
0.0671245
0.0671276
0.0671448
0.0671693
0.0671946
0.0672155
0.0672289
0.0672335
0.0672301
0.0672208
0.0672087
0.0671968
0.0671875
0.0671823
0.0671813
0.0671838
0.0671887
0.0671944
0.0671996
0.0672034
0.0672052
0.0672052
0.0672037
0.0672012
0.0671985
0.0671962
0.0671946
0.0671939
0.0671942
0.067195
0.0671962
0.0671975
0.0671986
0.0671993
0.0671995
0.0671994
0.0671989
0.0671983
0.0671977
0.0671972
0.0671968
0.0671966
0.0671965
0.0671965
0.0671965
0.0671965
0.0671964
0.0671963
0.0671962
0.0671959
0.0671957
0.0671954
0.0671952
0.067195
0.0671949
0.0671948
0.0671948
0.0671947
0.0671947
0.0671946
0.0671946
0.0671945
0.0671944
0.0671942
0.0671941
0.067194
0.0671939
0.0671938
0.0671937
0.0671936
0.0671936
0.0671935
0.0671934
0.0671934
0.0671933
0.0671932
0.0671931
0.067193
0.067193
0.0671929
0.0671928
0.0671927
0.0671926
0.0671925
0.0671924
0.0671923
0.0671922
0.067192
0.0671919
0.0671918
0.0671917
0.0671916
0.0671915
0.0671914
0.0671914
0.0671913
0.0671912
0.0671912
0.0671911
0.0671911
0.0671911
0.0671911
0.0671911
0.0671911
0.0671911
0.0671911
0.0671911
0.0671911
0.0671911
0.0671911
0.0671911
0.0671911
0.0671911
0.0671911
0.0671911
0.0671911
0.0671911
0.0671911
0.067191
0.067191
0.0671909
0.0671908
0.0671907
0.0671906
0.0671905
0.0671904
0.0671903
0.0671901
0.06719
0.0671898
0.0671897
0.0671895
0.0671893
0.0671891
0.067189
0.0671888
0.0671886
0.0671884
0.0671883
0.0671881
0.0671879
0.0671878
0.0671876
0.0671874
0.0671873
0.0671871
0.067187
0.0671868
0.0671867
0.0671866
0.0671865
0.0671863
0.0671862
0.0671861
0.067186
0.0671859
0.0671858
0.0671857
0.0671856
0.0671855
0.0671854
0.0671853
0.0671852
0.0671851
0.067185
0.0671849
0.0671848
0.0671848
0.0671847
0.0671846
0.0671845
0.0671845
0.0671844
0.0671844
0.0671843
0.0671843
0.0671842
0.0671842
0.0671841
0.0671841
0.067184
0.067184
0.067184
0.0671839
0.0671839
0.0671838
0.0671838
0.0671838
0.0671837
0.0671837
0.0671836
0.0671836
0.0671835
0.0671834
0.0671834
0.0671833
0.0671832
0.0671831
0.067183
0.0671829
0.0671828
0.0671827
0.0671826
0.0671825
0.0671824
0.0671823
0.0671821
0.067182
0.0671819
0.0671817
0.0671816
0.0671815
0.0671813
)
;

boundaryField
{
    inlet
    {
        type            calculated;
        value           uniform 0.15;
    }
    outlet
    {
        type            calculated;
        value           uniform 0.0671813;
    }
    emptyWalls
    {
        type            empty;
    }
}


// ************************************************************************* //
