/*--------------------------------*- C++ -*----------------------------------*\
  =========                 |
  \\      /  F ield         | OpenFOAM: The Open Source CFD Toolbox
   \\    /   O peration     | Website:  https://openfoam.org
    \\  /    A nd           | Version:  9
     \\/     M anipulation  |
\*---------------------------------------------------------------------------*/
FoamFile
{
    format      ascii;
    class       volScalarField;
    location    "9.6";
    object      Sc;
}
// * * * * * * * * * * * * * * * * * * * * * * * * * * * * * * * * * * * * * //

dimensions      [0 0 0 0 0 0 0];

internalField   nonuniform List<scalar> 
1000
(
0.00162961
0.0026264
0.00354702
0.00442996
0.00528862
0.0061294
0.00695591
0.00777042
0.00857446
0.00936911
0.0101552
0.0109334
0.0117041
0.0124678
0.0132248
0.0139755
0.01472
0.0154585
0.0161914
0.0169187
0.0176406
0.0183572
0.0190687
0.0197753
0.0204769
0.0211737
0.0218658
0.0225534
0.0232364
0.023915
0.0245892
0.0252592
0.0259249
0.0265865
0.0272441
0.0278976
0.0285472
0.0291929
0.0298348
0.0304729
0.0311073
0.031738
0.0323651
0.0329886
0.0336086
0.0342251
0.0348382
0.0354479
0.0360543
0.0366574
0.0372572
0.0378538
0.0384472
0.0390374
0.0396246
0.0402087
0.0407897
0.0413678
0.0419429
0.042515
0.0430843
0.0436507
0.0442143
0.044775
0.045333
0.0458883
0.0464408
0.0469907
0.0475379
0.0480825
0.0486244
0.0491639
0.0497007
0.0502351
0.0507669
0.0512963
0.0518232
0.0523478
0.0528699
0.0533897
0.0539071
0.0544222
0.0549349
0.0554454
0.0559537
0.0564597
0.0569635
0.0574651
0.0579645
0.0584618
0.0589569
0.0594499
0.0599409
0.0604297
0.0609165
0.0614013
0.061884
0.0623647
0.0628435
0.0633203
0.0637951
0.064268
0.064739
0.0652081
0.0656753
0.0661407
0.0666042
0.0670658
0.0675257
0.0679837
0.06844
0.0688944
0.0693472
0.0697981
0.0702474
0.0706949
0.0711407
0.0715849
0.0720274
0.0724682
0.0729073
0.0733449
0.0737808
0.0742151
0.0746478
0.0750789
0.0755085
0.0759365
0.0763629
0.0767878
0.0772112
0.0776331
0.0780535
0.0784724
0.0788898
0.0793058
0.0797203
0.0801334
0.080545
0.0809552
0.081364
0.0817714
0.0821774
0.0825821
0.0829853
0.0833872
0.0837878
0.084187
0.0845849
0.0849815
0.0853767
0.0857707
0.0861633
0.0865547
0.0869448
0.0873336
0.0877212
0.0881076
0.0884926
0.0888765
0.0892591
0.0896406
0.0900208
0.0903998
0.0907776
0.0911543
0.0915298
0.0919041
0.0922772
0.0926492
0.0930201
0.0933898
0.0937584
0.0941259
0.0944923
0.0948576
0.0952217
0.0955848
0.0959468
0.0963077
0.0966676
0.0970264
0.0973841
0.0977408
0.0980964
0.098451
0.0988046
0.0991572
0.0995087
0.0998593
0.100209
0.100557
0.100905
0.101251
0.101597
0.101942
0.102285
0.102628
0.10297
0.10331
0.10365
0.103989
0.104327
0.104664
0.105
0.105335
0.10567
0.106003
0.106336
0.106667
0.106998
0.107328
0.107657
0.107985
0.108312
0.108638
0.108964
0.109288
0.109612
0.109935
0.110257
0.110578
0.110899
0.111218
0.111537
0.111855
0.112172
0.112489
0.112804
0.113119
0.113433
0.113746
0.114059
0.11437
0.114681
0.114991
0.1153
0.115609
0.115917
0.116224
0.11653
0.116836
0.11714
0.117444
0.117748
0.11805
0.118352
0.118653
0.118954
0.119254
0.119553
0.119851
0.120148
0.120445
0.120742
0.121037
0.121332
0.121626
0.12192
0.122212
0.122504
0.122796
0.123087
0.123377
0.123666
0.123955
0.124243
0.124531
0.124817
0.125104
0.125389
0.125674
0.125958
0.126242
0.126525
0.126808
0.127089
0.12737
0.127651
0.127931
0.12821
0.128489
0.128767
0.129045
0.129322
0.129598
0.129874
0.130149
0.130423
0.130697
0.130971
0.131244
0.131516
0.131787
0.132059
0.132329
0.132599
0.132868
0.133137
0.133406
0.133673
0.133941
0.134207
0.134473
0.134739
0.135004
0.135268
0.135532
0.135796
0.136059
0.136321
0.136583
0.136844
0.137105
0.137365
0.137625
0.137884
0.138143
0.138401
0.138659
0.138916
0.139173
0.139429
0.139685
0.13994
0.140195
0.140449
0.140703
0.140956
0.141209
0.141461
0.141713
0.141964
0.142215
0.142466
0.142716
0.142965
0.143214
0.143463
0.143711
0.143958
0.144205
0.144452
0.144698
0.144944
0.145189
0.145434
0.145679
0.145923
0.146166
0.146409
0.146652
0.146894
0.147136
0.147377
0.147618
0.147859
0.148099
0.148339
0.148578
0.148817
0.149055
0.149293
0.14953
0.149768
0.150004
0.150241
0.150476
0.150712
0.150947
0.151182
0.151416
0.15165
0.151883
0.152116
0.152349
0.152581
0.152813
0.153045
0.153276
0.153507
0.153737
0.153967
0.154196
0.154426
0.154654
0.154883
0.155111
0.155338
0.155566
0.155793
0.156019
0.156245
0.156471
0.156697
0.156922
0.157146
0.157371
0.157595
0.157818
0.158042
0.158264
0.158487
0.158709
0.158931
0.159152
0.159374
0.159594
0.159815
0.160035
0.160255
0.160474
0.160693
0.160912
0.16113
0.161348
0.161566
0.161783
0.162001
0.162217
0.162434
0.16265
0.162865
0.163081
0.163296
0.163511
0.163725
0.163939
0.164153
0.164366
0.16458
0.164792
0.165005
0.165217
0.165429
0.16564
0.165852
0.166063
0.166273
0.166484
0.166694
0.166903
0.167113
0.167322
0.167531
0.167739
0.167947
0.168155
0.168363
0.16857
0.168777
0.168984
0.169191
0.169397
0.169603
0.169808
0.170013
0.170218
0.170423
0.170627
0.170832
0.171035
0.171239
0.171442
0.171645
0.171848
0.17205
0.172253
0.172455
0.172656
0.172858
0.173059
0.173259
0.17346
0.17366
0.17386
0.17406
0.174259
0.174459
0.174658
0.174856
0.175055
0.175253
0.175451
0.175648
0.175846
0.176043
0.17624
0.176436
0.176633
0.176829
0.177025
0.17722
0.177416
0.177611
0.177806
0.178
0.178194
0.178389
0.178582
0.178776
0.178969
0.179163
0.179355
0.179548
0.17974
0.179933
0.180125
0.180316
0.180508
0.180699
0.18089
0.181081
0.181271
0.181462
0.181652
0.181841
0.182031
0.18222
0.18241
0.182599
0.182787
0.182976
0.183164
0.183352
0.18354
0.183727
0.183915
0.184102
0.184289
0.184476
0.184662
0.184848
0.185034
0.18522
0.185406
0.185591
0.185777
0.185962
0.186146
0.186331
0.186515
0.1867
0.186884
0.187067
0.187251
0.187434
0.187617
0.1878
0.187983
0.188166
0.188348
0.18853
0.188712
0.188894
0.189075
0.189257
0.189438
0.189619
0.1898
0.18998
0.190161
0.190341
0.190521
0.190701
0.190881
0.19106
0.191239
0.191419
0.191597
0.191776
0.191955
0.192133
0.192311
0.192489
0.192667
0.192845
0.193022
0.1932
0.193377
0.193554
0.193731
0.193907
0.194084
0.19426
0.194436
0.194612
0.194788
0.194964
0.195139
0.195314
0.195489
0.195664
0.195839
0.196014
0.196188
0.196363
0.196537
0.196711
0.196885
0.197059
0.197232
0.197406
0.197579
0.197752
0.197925
0.198098
0.19827
0.198443
0.198615
0.198788
0.19896
0.199132
0.199304
0.199475
0.199647
0.199818
0.19999
0.200161
0.200332
0.200503
0.200674
0.200844
0.201015
0.201185
0.201356
0.201526
0.201696
0.201866
0.202036
0.202205
0.202375
0.202545
0.202714
0.202883
0.203052
0.203222
0.203391
0.20356
0.203728
0.203897
0.204066
0.204234
0.204403
0.204571
0.20474
0.204908
0.205076
0.205244
0.205412
0.20558
0.205748
0.205916
0.206084
0.206251
0.206419
0.206587
0.206754
0.206922
0.20709
0.207257
0.207425
0.207592
0.20776
0.207927
0.208095
0.208262
0.208429
0.208597
0.208764
0.208932
0.2091
0.209267
0.209435
0.209603
0.20977
0.209938
0.210106
0.210274
0.210442
0.21061
0.210779
0.210947
0.211116
0.211284
0.211453
0.211622
0.211791
0.211961
0.21213
0.2123
0.21247
0.212641
0.212812
0.212983
0.213154
0.213326
0.213498
0.21367
0.213843
0.214016
0.21419
0.214364
0.214539
0.214715
0.214891
0.215067
0.215245
0.215423
0.215602
0.215782
0.215963
0.216144
0.216327
0.216511
0.216696
0.216883
0.217071
0.21726
0.217451
0.217644
0.217839
0.218035
0.218234
0.218435
0.218639
0.218845
0.219054
0.219267
0.219483
0.219703
0.219927
0.220156
0.22039
0.220629
0.220874
0.221126
0.221386
0.221654
0.221931
0.222219
0.222518
0.22283
0.223157
0.223501
0.223864
0.22425
0.224661
0.225103
0.225579
0.226098
0.226666
0.227294
0.227997
0.22879
0.229699
0.230756
0.232008
0.233521
0.235398
0.237804
0.241015
0.245541
0.252429
0.264204
0.288755
0.370316
0.475372
0.47163
0.469446
0.46772
0.465699
0.464268
0.46379
0.463958
0.464432
0.465012
0.465596
0.466118
0.466523
0.466769
0.466828
0.466708
0.466455
0.466146
0.465862
0.465665
0.46558
0.465599
0.465693
0.465825
0.465962
0.466077
0.466152
0.466181
0.466167
0.466122
0.46606
0.465999
0.465951
0.465922
0.465916
0.465928
0.465952
0.465981
0.466008
0.466028
0.466039
0.46604
0.466033
0.466022
0.46601
0.466
0.465993
0.465992
0.465994
0.465999
0.466007
0.466014
0.46602
0.466024
0.466025
0.466025
0.466023
0.46602
0.466017
0.466014
0.466012
0.466011
0.466011
0.466011
0.466012
0.466012
0.466012
0.466012
0.466011
0.46601
0.466009
0.466009
0.466008
0.466008
0.466008
0.466008
0.466008
0.466009
0.466009
0.46601
0.46601
0.46601
0.466011
0.466011
0.466011
0.466011
0.466011
0.466012
0.466012
0.466012
0.466013
0.466013
0.466013
0.466014
0.466014
0.466014
0.466014
0.466015
0.466015
0.466015
0.466015
0.466016
0.466016
0.466017
0.466017
0.466017
0.466018
0.466018
0.466019
0.466019
0.466019
0.46602
0.46602
0.466021
0.466021
0.466021
0.466022
0.466022
0.466023
0.466023
0.466023
0.466024
0.466024
0.466025
0.466025
0.466026
0.466026
0.466026
0.466027
0.466027
0.466028
0.466029
0.466029
0.46603
0.46603
0.466031
0.466031
0.466032
0.466032
0.466033
0.466033
0.466033
0.466034
0.466034
0.466034
0.466034
0.466034
0.466034
0.466034
0.466034
0.466035
0.466035
0.466035
0.466034
0.466034
0.466034
0.466035
0.466035
0.466035
0.466035
0.466035
0.466035
0.466035
0.466035
0.466035
0.466036
0.466036
0.466036
0.466036
0.466037
0.466037
0.466037
0.466037
0.466038
0.466038
0.466038
0.466039
0.466039
0.46604
0.46604
0.46604
0.466041
0.466041
0.466042
0.466042
0.466042
0.466043
0.466043
0.466044
0.466044
0.466045
0.466045
0.466045
0.466046
0.466046
0.466047
0.466047
0.466048
0.466048
0.466049
0.466049
0.46605
0.46605
0.466051
0.466051
0.466052
0.466052
0.466053
0.466053
0.466054
0.466054
0.466054
0.466055
0.466055
0.466055
0.466056
0.466056
0.466056
0.466056
0.466057
0.466057
0.466057
0.466057
0.466057
0.466057
0.466057
0.466058
0.466058
0.466058
0.466058
0.466058
0.466058
0.466058
)
;

boundaryField
{
    inlet
    {
        type            calculated;
        value           uniform 0;
    }
    outlet
    {
        type            calculated;
        value           uniform 0.466058;
    }
    emptyWalls
    {
        type            empty;
    }
}


// ************************************************************************* //
