/*--------------------------------*- C++ -*----------------------------------*\
  =========                 |
  \\      /  F ield         | OpenFOAM: The Open Source CFD Toolbox
   \\    /   O peration     | Website:  https://openfoam.org
    \\  /    A nd           | Version:  9
     \\/     M anipulation  |
\*---------------------------------------------------------------------------*/
FoamFile
{
    format      ascii;
    class       volVectorField;
    location    "9.6";
    object      Ub;
}
// * * * * * * * * * * * * * * * * * * * * * * * * * * * * * * * * * * * * * //

dimensions      [0 0 0 0 0 0 0];

internalField   nonuniform List<vector> 
1000
(
(0.290578 0 0)
(0.290577 0 0)
(0.290575 0 0)
(0.290573 0 0)
(0.29057 0 0)
(0.290567 0 0)
(0.290564 0 0)
(0.290559 0 0)
(0.290555 0 0)
(0.29055 0 0)
(0.290544 0 0)
(0.290539 0 0)
(0.290532 0 0)
(0.290526 0 0)
(0.290519 0 0)
(0.290511 0 0)
(0.290503 0 0)
(0.290495 0 0)
(0.290487 0 0)
(0.290478 0 0)
(0.290469 0 0)
(0.290459 0 0)
(0.290449 0 0)
(0.290438 0 0)
(0.290428 0 0)
(0.290417 0 0)
(0.290405 0 0)
(0.290394 0 0)
(0.290382 0 0)
(0.290369 0 0)
(0.290356 0 0)
(0.290343 0 0)
(0.29033 0 0)
(0.290316 0 0)
(0.290302 0 0)
(0.290288 0 0)
(0.290274 0 0)
(0.290259 0 0)
(0.290244 0 0)
(0.290228 0 0)
(0.290212 0 0)
(0.290196 0 0)
(0.29018 0 0)
(0.290164 0 0)
(0.290147 0 0)
(0.29013 0 0)
(0.290112 0 0)
(0.290095 0 0)
(0.290077 0 0)
(0.290058 0 0)
(0.29004 0 0)
(0.290021 0 0)
(0.290002 0 0)
(0.289983 0 0)
(0.289964 0 0)
(0.289944 0 0)
(0.289924 0 0)
(0.289904 0 0)
(0.289883 0 0)
(0.289863 0 0)
(0.289842 0 0)
(0.289821 0 0)
(0.289799 0 0)
(0.289778 0 0)
(0.289756 0 0)
(0.289734 0 0)
(0.289711 0 0)
(0.289689 0 0)
(0.289666 0 0)
(0.289643 0 0)
(0.28962 0 0)
(0.289597 0 0)
(0.289573 0 0)
(0.289549 0 0)
(0.289525 0 0)
(0.289501 0 0)
(0.289477 0 0)
(0.289452 0 0)
(0.289427 0 0)
(0.289402 0 0)
(0.289377 0 0)
(0.289352 0 0)
(0.289326 0 0)
(0.2893 0 0)
(0.289274 0 0)
(0.289248 0 0)
(0.289222 0 0)
(0.289195 0 0)
(0.289168 0 0)
(0.289142 0 0)
(0.289114 0 0)
(0.289087 0 0)
(0.28906 0 0)
(0.289032 0 0)
(0.289004 0 0)
(0.288976 0 0)
(0.288948 0 0)
(0.28892 0 0)
(0.288891 0 0)
(0.288862 0 0)
(0.288834 0 0)
(0.288805 0 0)
(0.288775 0 0)
(0.288746 0 0)
(0.288716 0 0)
(0.288687 0 0)
(0.288657 0 0)
(0.288627 0 0)
(0.288597 0 0)
(0.288566 0 0)
(0.288536 0 0)
(0.288505 0 0)
(0.288474 0 0)
(0.288443 0 0)
(0.288412 0 0)
(0.288381 0 0)
(0.28835 0 0)
(0.288318 0 0)
(0.288286 0 0)
(0.288254 0 0)
(0.288222 0 0)
(0.28819 0 0)
(0.288158 0 0)
(0.288125 0 0)
(0.288093 0 0)
(0.28806 0 0)
(0.288027 0 0)
(0.287994 0 0)
(0.287961 0 0)
(0.287928 0 0)
(0.287894 0 0)
(0.287861 0 0)
(0.287827 0 0)
(0.287793 0 0)
(0.287759 0 0)
(0.287725 0 0)
(0.287691 0 0)
(0.287656 0 0)
(0.287622 0 0)
(0.287587 0 0)
(0.287552 0 0)
(0.287517 0 0)
(0.287482 0 0)
(0.287447 0 0)
(0.287412 0 0)
(0.287376 0 0)
(0.287341 0 0)
(0.287305 0 0)
(0.287269 0 0)
(0.287233 0 0)
(0.287197 0 0)
(0.287161 0 0)
(0.287125 0 0)
(0.287088 0 0)
(0.287052 0 0)
(0.287015 0 0)
(0.286978 0 0)
(0.286941 0 0)
(0.286904 0 0)
(0.286867 0 0)
(0.28683 0 0)
(0.286793 0 0)
(0.286755 0 0)
(0.286718 0 0)
(0.28668 0 0)
(0.286642 0 0)
(0.286604 0 0)
(0.286566 0 0)
(0.286528 0 0)
(0.28649 0 0)
(0.286451 0 0)
(0.286413 0 0)
(0.286374 0 0)
(0.286335 0 0)
(0.286296 0 0)
(0.286258 0 0)
(0.286219 0 0)
(0.286179 0 0)
(0.28614 0 0)
(0.286101 0 0)
(0.286061 0 0)
(0.286022 0 0)
(0.285982 0 0)
(0.285942 0 0)
(0.285902 0 0)
(0.285862 0 0)
(0.285822 0 0)
(0.285782 0 0)
(0.285742 0 0)
(0.285701 0 0)
(0.285661 0 0)
(0.28562 0 0)
(0.285579 0 0)
(0.285539 0 0)
(0.285498 0 0)
(0.285457 0 0)
(0.285416 0 0)
(0.285374 0 0)
(0.285333 0 0)
(0.285292 0 0)
(0.28525 0 0)
(0.285209 0 0)
(0.285167 0 0)
(0.285125 0 0)
(0.285083 0 0)
(0.285041 0 0)
(0.284999 0 0)
(0.284957 0 0)
(0.284915 0 0)
(0.284873 0 0)
(0.28483 0 0)
(0.284788 0 0)
(0.284745 0 0)
(0.284702 0 0)
(0.284659 0 0)
(0.284617 0 0)
(0.284574 0 0)
(0.28453 0 0)
(0.284487 0 0)
(0.284444 0 0)
(0.284401 0 0)
(0.284357 0 0)
(0.284314 0 0)
(0.28427 0 0)
(0.284226 0 0)
(0.284183 0 0)
(0.284139 0 0)
(0.284095 0 0)
(0.284051 0 0)
(0.284007 0 0)
(0.283962 0 0)
(0.283918 0 0)
(0.283874 0 0)
(0.283829 0 0)
(0.283785 0 0)
(0.28374 0 0)
(0.283695 0 0)
(0.283651 0 0)
(0.283606 0 0)
(0.283561 0 0)
(0.283516 0 0)
(0.283471 0 0)
(0.283425 0 0)
(0.28338 0 0)
(0.283335 0 0)
(0.283289 0 0)
(0.283244 0 0)
(0.283198 0 0)
(0.283152 0 0)
(0.283107 0 0)
(0.283061 0 0)
(0.283015 0 0)
(0.282969 0 0)
(0.282923 0 0)
(0.282876 0 0)
(0.28283 0 0)
(0.282784 0 0)
(0.282737 0 0)
(0.282691 0 0)
(0.282644 0 0)
(0.282598 0 0)
(0.282551 0 0)
(0.282504 0 0)
(0.282457 0 0)
(0.28241 0 0)
(0.282363 0 0)
(0.282316 0 0)
(0.282269 0 0)
(0.282222 0 0)
(0.282174 0 0)
(0.282127 0 0)
(0.28208 0 0)
(0.282032 0 0)
(0.281984 0 0)
(0.281937 0 0)
(0.281889 0 0)
(0.281841 0 0)
(0.281793 0 0)
(0.281745 0 0)
(0.281697 0 0)
(0.281649 0 0)
(0.281601 0 0)
(0.281552 0 0)
(0.281504 0 0)
(0.281456 0 0)
(0.281407 0 0)
(0.281359 0 0)
(0.28131 0 0)
(0.281261 0 0)
(0.281212 0 0)
(0.281164 0 0)
(0.281115 0 0)
(0.281066 0 0)
(0.281017 0 0)
(0.280967 0 0)
(0.280918 0 0)
(0.280869 0 0)
(0.28082 0 0)
(0.28077 0 0)
(0.280721 0 0)
(0.280671 0 0)
(0.280621 0 0)
(0.280572 0 0)
(0.280522 0 0)
(0.280472 0 0)
(0.280422 0 0)
(0.280372 0 0)
(0.280322 0 0)
(0.280272 0 0)
(0.280222 0 0)
(0.280172 0 0)
(0.280121 0 0)
(0.280071 0 0)
(0.280021 0 0)
(0.27997 0 0)
(0.27992 0 0)
(0.279869 0 0)
(0.279818 0 0)
(0.279767 0 0)
(0.279717 0 0)
(0.279666 0 0)
(0.279615 0 0)
(0.279564 0 0)
(0.279513 0 0)
(0.279461 0 0)
(0.27941 0 0)
(0.279359 0 0)
(0.279308 0 0)
(0.279256 0 0)
(0.279205 0 0)
(0.279153 0 0)
(0.279102 0 0)
(0.27905 0 0)
(0.278998 0 0)
(0.278946 0 0)
(0.278894 0 0)
(0.278843 0 0)
(0.278791 0 0)
(0.278738 0 0)
(0.278686 0 0)
(0.278634 0 0)
(0.278582 0 0)
(0.27853 0 0)
(0.278477 0 0)
(0.278425 0 0)
(0.278372 0 0)
(0.27832 0 0)
(0.278267 0 0)
(0.278214 0 0)
(0.278162 0 0)
(0.278109 0 0)
(0.278056 0 0)
(0.278003 0 0)
(0.27795 0 0)
(0.277897 0 0)
(0.277844 0 0)
(0.277791 0 0)
(0.277738 0 0)
(0.277684 0 0)
(0.277631 0 0)
(0.277577 0 0)
(0.277524 0 0)
(0.27747 0 0)
(0.277417 0 0)
(0.277363 0 0)
(0.277309 0 0)
(0.277256 0 0)
(0.277202 0 0)
(0.277148 0 0)
(0.277094 0 0)
(0.27704 0 0)
(0.276986 0 0)
(0.276932 0 0)
(0.276878 0 0)
(0.276823 0 0)
(0.276769 0 0)
(0.276715 0 0)
(0.27666 0 0)
(0.276606 0 0)
(0.276551 0 0)
(0.276497 0 0)
(0.276442 0 0)
(0.276387 0 0)
(0.276332 0 0)
(0.276278 0 0)
(0.276223 0 0)
(0.276168 0 0)
(0.276113 0 0)
(0.276058 0 0)
(0.276002 0 0)
(0.275947 0 0)
(0.275892 0 0)
(0.275837 0 0)
(0.275781 0 0)
(0.275726 0 0)
(0.27567 0 0)
(0.275615 0 0)
(0.275559 0 0)
(0.275504 0 0)
(0.275448 0 0)
(0.275392 0 0)
(0.275336 0 0)
(0.275281 0 0)
(0.275225 0 0)
(0.275169 0 0)
(0.275113 0 0)
(0.275056 0 0)
(0.275 0 0)
(0.274944 0 0)
(0.274888 0 0)
(0.274831 0 0)
(0.274775 0 0)
(0.274719 0 0)
(0.274662 0 0)
(0.274606 0 0)
(0.274549 0 0)
(0.274492 0 0)
(0.274436 0 0)
(0.274379 0 0)
(0.274322 0 0)
(0.274265 0 0)
(0.274208 0 0)
(0.274151 0 0)
(0.274094 0 0)
(0.274037 0 0)
(0.27398 0 0)
(0.273923 0 0)
(0.273865 0 0)
(0.273808 0 0)
(0.27375 0 0)
(0.273693 0 0)
(0.273636 0 0)
(0.273578 0 0)
(0.27352 0 0)
(0.273463 0 0)
(0.273405 0 0)
(0.273347 0 0)
(0.273289 0 0)
(0.273231 0 0)
(0.273174 0 0)
(0.273116 0 0)
(0.273057 0 0)
(0.272999 0 0)
(0.272941 0 0)
(0.272883 0 0)
(0.272825 0 0)
(0.272766 0 0)
(0.272708 0 0)
(0.27265 0 0)
(0.272591 0 0)
(0.272533 0 0)
(0.272474 0 0)
(0.272415 0 0)
(0.272357 0 0)
(0.272298 0 0)
(0.272239 0 0)
(0.27218 0 0)
(0.272121 0 0)
(0.272062 0 0)
(0.272003 0 0)
(0.271944 0 0)
(0.271885 0 0)
(0.271826 0 0)
(0.271767 0 0)
(0.271707 0 0)
(0.271648 0 0)
(0.271588 0 0)
(0.271529 0 0)
(0.271469 0 0)
(0.27141 0 0)
(0.27135 0 0)
(0.271291 0 0)
(0.271231 0 0)
(0.271171 0 0)
(0.271111 0 0)
(0.271051 0 0)
(0.270991 0 0)
(0.270931 0 0)
(0.270871 0 0)
(0.270811 0 0)
(0.270751 0 0)
(0.270691 0 0)
(0.27063 0 0)
(0.27057 0 0)
(0.27051 0 0)
(0.270449 0 0)
(0.270389 0 0)
(0.270328 0 0)
(0.270268 0 0)
(0.270207 0 0)
(0.270146 0 0)
(0.270086 0 0)
(0.270025 0 0)
(0.269964 0 0)
(0.269903 0 0)
(0.269842 0 0)
(0.269781 0 0)
(0.26972 0 0)
(0.269659 0 0)
(0.269598 0 0)
(0.269536 0 0)
(0.269475 0 0)
(0.269414 0 0)
(0.269352 0 0)
(0.269291 0 0)
(0.269229 0 0)
(0.269168 0 0)
(0.269106 0 0)
(0.269045 0 0)
(0.268983 0 0)
(0.268921 0 0)
(0.268859 0 0)
(0.268797 0 0)
(0.268735 0 0)
(0.268673 0 0)
(0.268611 0 0)
(0.268549 0 0)
(0.268487 0 0)
(0.268425 0 0)
(0.268363 0 0)
(0.2683 0 0)
(0.268238 0 0)
(0.268175 0 0)
(0.268113 0 0)
(0.26805 0 0)
(0.267988 0 0)
(0.267925 0 0)
(0.267863 0 0)
(0.2678 0 0)
(0.267737 0 0)
(0.267674 0 0)
(0.267611 0 0)
(0.267548 0 0)
(0.267485 0 0)
(0.267422 0 0)
(0.267359 0 0)
(0.267296 0 0)
(0.267233 0 0)
(0.267169 0 0)
(0.267106 0 0)
(0.267043 0 0)
(0.266979 0 0)
(0.266916 0 0)
(0.266852 0 0)
(0.266788 0 0)
(0.266725 0 0)
(0.266661 0 0)
(0.266597 0 0)
(0.266533 0 0)
(0.266469 0 0)
(0.266405 0 0)
(0.266341 0 0)
(0.266277 0 0)
(0.266213 0 0)
(0.266149 0 0)
(0.266085 0 0)
(0.266021 0 0)
(0.265956 0 0)
(0.265892 0 0)
(0.265827 0 0)
(0.265763 0 0)
(0.265698 0 0)
(0.265634 0 0)
(0.265569 0 0)
(0.265504 0 0)
(0.265439 0 0)
(0.265375 0 0)
(0.26531 0 0)
(0.265245 0 0)
(0.26518 0 0)
(0.265115 0 0)
(0.265049 0 0)
(0.264984 0 0)
(0.264919 0 0)
(0.264854 0 0)
(0.264788 0 0)
(0.264723 0 0)
(0.264657 0 0)
(0.264592 0 0)
(0.264526 0 0)
(0.264461 0 0)
(0.264395 0 0)
(0.264329 0 0)
(0.264263 0 0)
(0.264197 0 0)
(0.264131 0 0)
(0.264065 0 0)
(0.263999 0 0)
(0.263933 0 0)
(0.263867 0 0)
(0.263801 0 0)
(0.263734 0 0)
(0.263668 0 0)
(0.263601 0 0)
(0.263535 0 0)
(0.263468 0 0)
(0.263402 0 0)
(0.263335 0 0)
(0.263268 0 0)
(0.263201 0 0)
(0.263135 0 0)
(0.263068 0 0)
(0.263001 0 0)
(0.262934 0 0)
(0.262866 0 0)
(0.262799 0 0)
(0.262732 0 0)
(0.262665 0 0)
(0.262597 0 0)
(0.26253 0 0)
(0.262462 0 0)
(0.262395 0 0)
(0.262327 0 0)
(0.262259 0 0)
(0.262192 0 0)
(0.262124 0 0)
(0.262056 0 0)
(0.261988 0 0)
(0.26192 0 0)
(0.261852 0 0)
(0.261783 0 0)
(0.261715 0 0)
(0.261647 0 0)
(0.261578 0 0)
(0.26151 0 0)
(0.261441 0 0)
(0.261373 0 0)
(0.261304 0 0)
(0.261235 0 0)
(0.261166 0 0)
(0.261097 0 0)
(0.261028 0 0)
(0.260959 0 0)
(0.26089 0 0)
(0.260821 0 0)
(0.260751 0 0)
(0.260682 0 0)
(0.260612 0 0)
(0.260543 0 0)
(0.260473 0 0)
(0.260404 0 0)
(0.260334 0 0)
(0.260264 0 0)
(0.260194 0 0)
(0.260124 0 0)
(0.260054 0 0)
(0.259983 0 0)
(0.259913 0 0)
(0.259843 0 0)
(0.259772 0 0)
(0.259701 0 0)
(0.259631 0 0)
(0.25956 0 0)
(0.259489 0 0)
(0.259418 0 0)
(0.259347 0 0)
(0.259276 0 0)
(0.259204 0 0)
(0.259133 0 0)
(0.259061 0 0)
(0.25899 0 0)
(0.258918 0 0)
(0.258846 0 0)
(0.258774 0 0)
(0.258702 0 0)
(0.25863 0 0)
(0.258557 0 0)
(0.258485 0 0)
(0.258412 0 0)
(0.258339 0 0)
(0.258267 0 0)
(0.258194 0 0)
(0.25812 0 0)
(0.258047 0 0)
(0.257974 0 0)
(0.2579 0 0)
(0.257826 0 0)
(0.257753 0 0)
(0.257679 0 0)
(0.257604 0 0)
(0.25753 0 0)
(0.257455 0 0)
(0.257381 0 0)
(0.257306 0 0)
(0.257231 0 0)
(0.257155 0 0)
(0.25708 0 0)
(0.257004 0 0)
(0.256928 0 0)
(0.256852 0 0)
(0.256775 0 0)
(0.256699 0 0)
(0.256622 0 0)
(0.256545 0 0)
(0.256467 0 0)
(0.25639 0 0)
(0.256312 0 0)
(0.256233 0 0)
(0.256155 0 0)
(0.256076 0 0)
(0.255997 0 0)
(0.255917 0 0)
(0.255837 0 0)
(0.255757 0 0)
(0.255676 0 0)
(0.255595 0 0)
(0.255513 0 0)
(0.255431 0 0)
(0.255349 0 0)
(0.255266 0 0)
(0.255182 0 0)
(0.255098 0 0)
(0.255013 0 0)
(0.254928 0 0)
(0.254841 0 0)
(0.254755 0 0)
(0.254667 0 0)
(0.254579 0 0)
(0.25449 0 0)
(0.254399 0 0)
(0.254308 0 0)
(0.254216 0 0)
(0.254123 0 0)
(0.254029 0 0)
(0.253933 0 0)
(0.253836 0 0)
(0.253738 0 0)
(0.253638 0 0)
(0.253536 0 0)
(0.253432 0 0)
(0.253327 0 0)
(0.253219 0 0)
(0.253109 0 0)
(0.252996 0 0)
(0.25288 0 0)
(0.252762 0 0)
(0.25264 0 0)
(0.252514 0 0)
(0.252383 0 0)
(0.252249 0 0)
(0.252109 0 0)
(0.251963 0 0)
(0.25181 0 0)
(0.25165 0 0)
(0.251481 0 0)
(0.251303 0 0)
(0.251114 0 0)
(0.250912 0 0)
(0.250694 0 0)
(0.250459 0 0)
(0.250203 0 0)
(0.249922 0 0)
(0.249611 0 0)
(0.249263 0 0)
(0.248869 0 0)
(0.248417 0 0)
(0.24789 0 0)
(0.247265 0 0)
(0.246507 0 0)
(0.245563 0 0)
(0.244348 0 0)
(0.242714 0 0)
(0.240387 0 0)
(0.236781 0 0)
(0.2304 0 0)
(0.215942 0 0)
(0.174941 0 0)
(0.152906 0 0)
(0.174753 0 0)
(0.1885 0 0)
(0.180114 0 0)
(0.162465 0 0)
(0.149376 0 0)
(0.14396 0 0)
(0.143613 0 0)
(0.145699 0 0)
(0.148798 0 0)
(0.152223 0 0)
(0.155541 0 0)
(0.158377 0 0)
(0.160388 0 0)
(0.161323 0 0)
(0.161109 0 0)
(0.159926 0 0)
(0.158177 0 0)
(0.156366 0 0)
(0.154927 0 0)
(0.154104 0 0)
(0.153931 0 0)
(0.154289 0 0)
(0.154979 0 0)
(0.15579 0 0)
(0.156539 0 0)
(0.157094 0 0)
(0.157383 0 0)
(0.157401 0 0)
(0.157195 0 0)
(0.156851 0 0)
(0.156467 0 0)
(0.156132 0 0)
(0.155904 0 0)
(0.155808 0 0)
(0.155836 0 0)
(0.155956 0 0)
(0.156124 0 0)
(0.156297 0 0)
(0.15644 0 0)
(0.156529 0 0)
(0.156558 0 0)
(0.156534 0 0)
(0.156473 0 0)
(0.156395 0 0)
(0.156319 0 0)
(0.156263 0 0)
(0.156233 0 0)
(0.156231 0 0)
(0.156253 0 0)
(0.15629 0 0)
(0.156332 0 0)
(0.15637 0 0)
(0.156398 0 0)
(0.156413 0 0)
(0.156415 0 0)
(0.156406 0 0)
(0.156389 0 0)
(0.15637 0 0)
(0.156353 0 0)
(0.156339 0 0)
(0.15633 0 0)
(0.156325 0 0)
(0.156325 0 0)
(0.156326 0 0)
(0.156327 0 0)
(0.156327 0 0)
(0.156325 0 0)
(0.156321 0 0)
(0.156315 0 0)
(0.156309 0 0)
(0.156302 0 0)
(0.156296 0 0)
(0.156291 0 0)
(0.156288 0 0)
(0.156287 0 0)
(0.156286 0 0)
(0.156287 0 0)
(0.156287 0 0)
(0.156288 0 0)
(0.156288 0 0)
(0.156287 0 0)
(0.156286 0 0)
(0.156285 0 0)
(0.156283 0 0)
(0.156282 0 0)
(0.15628 0 0)
(0.156279 0 0)
(0.156278 0 0)
(0.156278 0 0)
(0.156277 0 0)
(0.156277 0 0)
(0.156277 0 0)
(0.156276 0 0)
(0.156276 0 0)
(0.156275 0 0)
(0.156275 0 0)
(0.156274 0 0)
(0.156273 0 0)
(0.156272 0 0)
(0.156271 0 0)
(0.156271 0 0)
(0.15627 0 0)
(0.156269 0 0)
(0.156268 0 0)
(0.156268 0 0)
(0.156267 0 0)
(0.156266 0 0)
(0.156265 0 0)
(0.156265 0 0)
(0.156264 0 0)
(0.156263 0 0)
(0.156263 0 0)
(0.156262 0 0)
(0.156262 0 0)
(0.156262 0 0)
(0.156262 0 0)
(0.156262 0 0)
(0.156262 0 0)
(0.156262 0 0)
(0.156263 0 0)
(0.156263 0 0)
(0.156264 0 0)
(0.156265 0 0)
(0.156267 0 0)
(0.156268 0 0)
(0.156269 0 0)
(0.156271 0 0)
(0.156272 0 0)
(0.156274 0 0)
(0.156276 0 0)
(0.156277 0 0)
(0.156279 0 0)
(0.15628 0 0)
(0.156282 0 0)
(0.156283 0 0)
(0.156284 0 0)
(0.156285 0 0)
(0.156286 0 0)
(0.156286 0 0)
(0.156286 0 0)
(0.156286 0 0)
(0.156285 0 0)
(0.156284 0 0)
(0.156283 0 0)
(0.156281 0 0)
(0.156279 0 0)
(0.156277 0 0)
(0.156275 0 0)
(0.156272 0 0)
(0.15627 0 0)
(0.156267 0 0)
(0.156264 0 0)
(0.156261 0 0)
(0.156257 0 0)
(0.156254 0 0)
(0.156251 0 0)
(0.156248 0 0)
(0.156245 0 0)
(0.156242 0 0)
(0.156239 0 0)
(0.156237 0 0)
(0.156234 0 0)
(0.156232 0 0)
(0.156229 0 0)
(0.156227 0 0)
(0.156225 0 0)
(0.156223 0 0)
(0.156222 0 0)
(0.15622 0 0)
(0.156219 0 0)
(0.156217 0 0)
(0.156216 0 0)
(0.156215 0 0)
(0.156214 0 0)
(0.156213 0 0)
(0.156212 0 0)
(0.156211 0 0)
(0.15621 0 0)
(0.156209 0 0)
(0.156208 0 0)
(0.156208 0 0)
(0.156207 0 0)
(0.156207 0 0)
(0.156206 0 0)
(0.156206 0 0)
(0.156206 0 0)
(0.156205 0 0)
(0.156205 0 0)
(0.156205 0 0)
(0.156205 0 0)
(0.156205 0 0)
(0.156206 0 0)
(0.156206 0 0)
(0.156206 0 0)
(0.156206 0 0)
(0.156207 0 0)
(0.156207 0 0)
(0.156208 0 0)
(0.156209 0 0)
(0.156209 0 0)
(0.15621 0 0)
(0.156211 0 0)
(0.156211 0 0)
(0.156212 0 0)
(0.156213 0 0)
(0.156213 0 0)
(0.156214 0 0)
(0.156214 0 0)
(0.156214 0 0)
(0.156215 0 0)
(0.156215 0 0)
(0.156215 0 0)
(0.156215 0 0)
(0.156214 0 0)
(0.156214 0 0)
(0.156213 0 0)
(0.156213 0 0)
(0.156212 0 0)
(0.15621 0 0)
(0.156209 0 0)
(0.156208 0 0)
(0.156206 0 0)
(0.156205 0 0)
(0.156203 0 0)
(0.156201 0 0)
(0.156199 0 0)
(0.156197 0 0)
(0.156195 0 0)
(0.156193 0 0)
(0.156191 0 0)
(0.156189 0 0)
(0.156186 0 0)
)
;

boundaryField
{
    inlet
    {
        type            fractionalVelocity;
        U               1((1 0 0));
        fractionalFlow  Fb;
        value           uniform (0.290579 0 0);
    }
    outlet
    {
        type            zeroGradient;
    }
    emptyWalls
    {
        type            empty;
    }
}


// ************************************************************************* //
