/*--------------------------------*- C++ -*----------------------------------*\
  =========                 |
  \\      /  F ield         | OpenFOAM: The Open Source CFD Toolbox
   \\    /   O peration     | Website:  https://openfoam.org
    \\  /    A nd           | Version:  9
     \\/     M anipulation  |
\*---------------------------------------------------------------------------*/
FoamFile
{
    format      ascii;
    class       volScalarField;
    location    "3.2";
    object      Sc;
}
// * * * * * * * * * * * * * * * * * * * * * * * * * * * * * * * * * * * * * //

dimensions      [0 0 0 0 0 0 0];

internalField   nonuniform List<scalar> 
1000
(
0.00468072
0.00749166
0.0100515
0.0124747
0.014802
0.0170538
0.019242
0.0213745
0.0234569
0.0254936
0.0274879
0.0294427
0.0313603
0.0332426
0.0350916
0.0369086
0.0386952
0.0404527
0.0421821
0.0438846
0.0455612
0.0472128
0.0488402
0.0504444
0.0520259
0.0535856
0.0551242
0.0566422
0.0581403
0.059619
0.061079
0.0625206
0.0639446
0.0653512
0.066741
0.0681144
0.0694718
0.0708137
0.0721404
0.0734523
0.0747497
0.076033
0.0773026
0.0785587
0.0798016
0.0810317
0.0822492
0.0834545
0.0846477
0.0858292
0.0869991
0.0881578
0.0893055
0.0904423
0.0915686
0.0926845
0.0937902
0.094886
0.095972
0.0970484
0.0981154
0.0991732
0.100222
0.101262
0.102293
0.103316
0.10433
0.105336
0.106334
0.107324
0.108306
0.10928
0.110247
0.111207
0.112159
0.113104
0.114042
0.114973
0.115897
0.116814
0.117725
0.11863
0.119528
0.120419
0.121305
0.122184
0.123058
0.123925
0.124787
0.125643
0.126493
0.127338
0.128177
0.129011
0.12984
0.130663
0.131481
0.132294
0.133102
0.133905
0.134704
0.135497
0.136286
0.13707
0.137849
0.138624
0.139394
0.14016
0.140922
0.141679
0.142432
0.143181
0.143926
0.144666
0.145403
0.146135
0.146864
0.147589
0.14831
0.149027
0.149741
0.150451
0.151157
0.151859
0.152558
0.153254
0.153946
0.154635
0.15532
0.156002
0.156681
0.157357
0.158029
0.158698
0.159364
0.160027
0.160687
0.161344
0.161998
0.162649
0.163297
0.163942
0.164584
0.165224
0.16586
0.166495
0.167126
0.167755
0.168381
0.169004
0.169625
0.170243
0.170859
0.171472
0.172083
0.172692
0.173298
0.173901
0.174503
0.175102
0.175699
0.176293
0.176886
0.177476
0.178064
0.17865
0.179233
0.179815
0.180395
0.180972
0.181548
0.182121
0.182693
0.183263
0.183831
0.184397
0.184961
0.185523
0.186084
0.186643
0.1872
0.187755
0.188309
0.188861
0.189412
0.189961
0.190508
0.191054
0.191599
0.192141
0.192683
0.193223
0.193762
0.1943
0.194836
0.195371
0.195905
0.196438
0.196969
0.1975
0.198029
0.198558
0.199085
0.199612
0.200138
0.200663
0.201188
0.201711
0.202235
0.202757
0.20328
0.203802
0.204324
0.204845
0.205367
0.205889
0.206411
0.206933
0.207456
0.207979
0.208504
0.209029
0.209556
0.210083
0.210613
0.211145
0.211679
0.212215
0.212755
0.213298
0.213845
0.214397
0.214954
0.215517
0.216087
0.216664
0.217251
0.217847
0.218456
0.219078
0.219716
0.220372
0.221049
0.221752
0.222484
0.223252
0.224063
0.224925
0.22585
0.226854
0.227956
0.229183
0.230575
0.232185
0.234096
0.236432
0.239401
0.243364
0.249019
0.25789
0.274049
0.31244
0.453352
0.461165
0.464457
0.465333
0.465744
0.466394
0.467215
0.467947
0.468382
0.468416
0.468058
0.467441
0.466778
0.46627
0.466014
0.466002
0.466165
0.466419
0.466693
0.466932
0.4671
0.46718
0.467172
0.467093
0.466974
0.466847
0.466743
0.466678
0.466659
0.466679
0.466726
0.466785
0.46684
0.466883
0.466906
0.466911
0.466899
0.466877
0.466852
0.46683
0.466816
0.466811
0.466815
0.466826
0.466841
0.466856
0.466869
0.466878
0.466883
0.466883
0.466881
0.466877
0.466873
0.466871
0.466869
0.46687
0.466871
0.466874
0.466877
0.466879
0.466881
0.466882
0.466882
0.466882
0.466882
0.466882
0.466882
0.466883
0.466884
0.466885
0.466887
0.466889
0.466891
0.466893
0.466895
0.466897
0.466899
0.466901
0.466903
0.466905
0.466907
0.46691
0.466912
0.466915
0.466917
0.466919
0.466922
0.466924
0.466926
0.466928
0.46693
0.466931
0.466933
0.466935
0.466936
0.466937
0.466939
0.46694
0.466942
0.466943
0.466944
0.466946
0.466947
0.466948
0.46695
0.466951
0.466952
0.466954
0.466955
0.466957
0.466958
0.466959
0.466961
0.466962
0.466964
0.466965
0.466967
0.466968
0.46697
0.466972
0.466973
0.466975
0.466977
0.466979
0.466981
0.466983
0.466984
0.466986
0.466988
0.466991
0.466993
0.466995
0.466997
0.466999
0.467001
0.467002
0.467004
0.467006
0.467008
0.46701
0.467012
0.467013
0.467015
0.467017
0.467019
0.46702
0.467022
0.467024
0.467025
0.467027
0.467029
0.467031
0.467033
0.467034
0.467036
0.467038
0.46704
0.467042
0.467044
0.467046
0.467048
0.46705
0.467052
0.467054
0.467056
0.467058
0.46706
0.467062
0.467064
0.467066
0.467068
0.46707
0.467072
0.467074
0.467077
0.467079
0.467081
0.467083
0.467085
0.467087
0.467089
0.467091
0.467094
0.467096
0.467098
0.4671
0.467102
0.467104
0.467106
0.467108
0.46711
0.467112
0.467115
0.467117
0.467119
0.467121
0.467123
0.467125
0.467127
0.467129
0.467131
0.467133
0.467135
0.467137
0.46714
0.467142
0.467144
0.467146
0.467148
0.46715
0.467153
0.467155
0.467157
0.467159
0.467162
0.467164
0.467166
0.467169
0.467171
0.467173
0.467176
0.467178
0.46718
0.467183
0.467185
0.467188
0.46719
0.467193
0.467195
0.467198
0.4672
0.467203
0.467205
0.467204
0.467195
0.467151
0.46696
0.466167
0.462854
0.448412
0.389845
0.311364
0.300051
0.3
0.3
0.3
0.3
0.3
0.3
0.3
0.3
0.3
0.3
0.3
0.3
0.3
0.3
0.3
0.3
0.3
0.3
0.3
0.3
0.3
0.3
0.3
0.3
0.3
0.3
0.3
0.3
0.3
0.3
0.3
0.3
0.3
0.3
0.3
0.3
0.3
0.3
0.3
0.3
0.3
0.3
0.3
0.3
0.3
0.3
0.3
0.3
0.3
0.3
0.3
0.3
0.3
0.3
0.3
0.3
0.3
0.3
0.3
0.3
0.3
0.3
0.3
0.3
0.3
0.3
0.3
0.3
0.3
0.3
0.3
0.3
0.3
0.3
0.3
0.3
0.3
0.3
0.3
0.3
0.3
0.3
0.3
0.3
0.3
0.3
0.3
0.3
0.3
0.3
0.3
0.3
0.3
0.3
0.3
0.3
0.3
0.3
0.3
0.3
0.3
0.3
0.3
0.3
0.3
0.3
0.3
0.3
0.3
0.3
0.3
0.3
0.3
0.3
0.3
0.3
0.3
0.3
0.3
0.3
0.3
0.3
0.3
0.3
0.3
0.3
0.3
0.3
0.3
0.3
0.3
0.3
0.3
0.3
0.3
0.3
0.3
0.3
0.3
0.3
0.3
0.3
0.3
0.3
0.3
0.3
0.3
0.3
0.3
0.3
0.3
0.3
0.3
0.3
0.3
0.3
0.3
0.3
0.3
0.3
0.3
0.3
0.3
0.3
0.3
0.3
0.3
0.3
0.3
0.3
0.3
0.3
0.3
0.3
0.3
0.3
0.3
0.3
0.3
0.3
0.3
0.3
0.3
0.3
0.3
0.3
0.3
0.3
0.3
0.3
0.3
0.3
0.3
0.3
0.3
0.3
0.3
0.3
0.3
0.3
0.3
0.3
0.3
0.3
0.3
0.3
0.3
0.3
0.3
0.3
0.3
0.3
0.3
0.3
0.3
0.3
0.3
0.3
0.3
0.3
0.3
0.3
0.3
0.3
0.3
0.3
0.3
0.3
0.3
0.3
0.3
0.3
0.3
0.3
0.3
0.3
0.3
0.3
0.3
0.3
0.3
0.3
0.3
0.3
0.3
0.3
0.3
0.3
0.3
0.3
0.3
0.3
0.3
0.3
0.3
0.3
0.3
0.3
0.3
0.3
0.3
0.3
0.3
0.3
0.3
0.3
0.3
0.3
0.3
0.3
0.3
0.3
0.3
0.3
0.3
0.3
0.3
0.3
0.3
0.3
0.3
0.3
0.3
0.3
0.3
0.3
0.3
0.3
0.3
0.3
0.3
0.3
0.3
0.3
0.3
0.3
0.3
0.3
0.3
0.3
0.3
0.3
0.3
0.3
0.3
0.3
0.3
0.3
0.3
0.3
0.3
0.3
0.3
0.3
0.3
0.3
0.3
0.3
0.3
0.3
0.3
0.3
0.3
0.3
0.3
0.3
0.3
0.3
0.3
0.3
0.3
0.3
0.3
0.3
0.3
0.3
0.3
0.3
0.3
0.3
0.3
0.3
0.3
0.3
0.3
0.3
0.3
0.3
0.3
0.3
0.3
0.3
0.3
0.3
0.3
0.3
0.3
0.3
0.3
0.3
0.3
0.3
0.3
0.3
0.3
0.3
0.3
0.3
0.3
0.3
0.3
0.3
0.3
0.3
0.3
0.3
0.3
0.3
0.3
0.3
0.3
0.3
0.3
0.3
0.3
0.3
0.3
0.3
0.3
0.3
0.3
0.3
0.3
0.3
0.3
0.3
0.3
0.3
0.3
0.3
0.3
0.3
0.3
0.3
0.3
0.3
0.3
0.3
0.3
0.3
0.3
0.3
0.3
0.3
0.3
0.3
0.3
0.3
0.3
0.3
0.3
0.3
0.3
0.3
0.3
0.3
0.3
0.3
0.3
0.3
0.3
0.3
0.3
0.3
0.3
0.3
0.3
0.3
0.3
0.3
0.3
0.3
0.3
0.3
0.3
0.3
0.3
0.3
0.3
0.3
0.3
0.3
0.3
0.3
0.3
0.3
0.3
0.3
0.3
0.3
0.3
0.3
0.3
0.3
0.3
0.3
0.3
0.3
0.3
0.3
0.3
0.3
0.3
0.3
0.3
0.3
0.3
0.3
0.3
0.3
0.3
0.3
0.3
0.3
0.3
0.3
0.3
0.3
0.3
0.3
0.3
0.3
0.3
0.3
0.3
)
;

boundaryField
{
    inlet
    {
        type            calculated;
        value           uniform 0;
    }
    outlet
    {
        type            calculated;
        value           uniform 0.3;
    }
    emptyWalls
    {
        type            empty;
    }
}


// ************************************************************************* //
