/*--------------------------------*- C++ -*----------------------------------*\
  =========                 |
  \\      /  F ield         | OpenFOAM: The Open Source CFD Toolbox
   \\    /   O peration     | Website:  https://openfoam.org
    \\  /    A nd           | Version:  9
     \\/     M anipulation  |
\*---------------------------------------------------------------------------*/
FoamFile
{
    format      ascii;
    class       volScalarField;
    location    "18.3";
    object      Fb;
}
// * * * * * * * * * * * * * * * * * * * * * * * * * * * * * * * * * * * * * //

dimensions      [0 0 0 0 0 0 0];

internalField   nonuniform List<scalar> 
1000
(
0.290579
0.290578
0.290578
0.290577
0.290576
0.290575
0.290574
0.290573
0.290571
0.29057
0.290568
0.290566
0.290565
0.290563
0.29056
0.290558
0.290556
0.290553
0.290551
0.290548
0.290545
0.290542
0.290539
0.290536
0.290533
0.290529
0.290526
0.290522
0.290519
0.290515
0.290511
0.290507
0.290503
0.290498
0.290494
0.29049
0.290485
0.29048
0.290476
0.290471
0.290466
0.290461
0.290456
0.29045
0.290445
0.29044
0.290434
0.290428
0.290423
0.290417
0.290411
0.290405
0.290399
0.290393
0.290386
0.29038
0.290373
0.290367
0.29036
0.290354
0.290347
0.29034
0.290333
0.290326
0.290319
0.290311
0.290304
0.290297
0.290289
0.290282
0.290274
0.290266
0.290258
0.29025
0.290242
0.290234
0.290226
0.290218
0.29021
0.290201
0.290193
0.290184
0.290176
0.290167
0.290158
0.290149
0.29014
0.290131
0.290122
0.290113
0.290104
0.290095
0.290085
0.290076
0.290066
0.290057
0.290047
0.290037
0.290027
0.290018
0.290008
0.289998
0.289988
0.289977
0.289967
0.289957
0.289947
0.289936
0.289926
0.289915
0.289904
0.289894
0.289883
0.289872
0.289861
0.28985
0.289839
0.289828
0.289817
0.289806
0.289795
0.289783
0.289772
0.28976
0.289749
0.289737
0.289726
0.289714
0.289702
0.28969
0.289678
0.289667
0.289655
0.289642
0.28963
0.289618
0.289606
0.289594
0.289581
0.289569
0.289556
0.289544
0.289531
0.289518
0.289506
0.289493
0.28948
0.289467
0.289454
0.289441
0.289428
0.289415
0.289402
0.289389
0.289376
0.289362
0.289349
0.289335
0.289322
0.289308
0.289295
0.289281
0.289268
0.289254
0.28924
0.289226
0.289212
0.289198
0.289184
0.28917
0.289156
0.289142
0.289128
0.289114
0.289099
0.289085
0.28907
0.289056
0.289041
0.289027
0.289012
0.288998
0.288983
0.288968
0.288953
0.288939
0.288924
0.288909
0.288894
0.288879
0.288864
0.288849
0.288833
0.288818
0.288803
0.288788
0.288772
0.288757
0.288741
0.288726
0.28871
0.288695
0.288679
0.288663
0.288648
0.288632
0.288616
0.2886
0.288584
0.288568
0.288552
0.288536
0.28852
0.288504
0.288488
0.288472
0.288456
0.288439
0.288423
0.288407
0.28839
0.288374
0.288357
0.288341
0.288324
0.288308
0.288291
0.288274
0.288257
0.288241
0.288224
0.288207
0.28819
0.288173
0.288156
0.288139
0.288122
0.288105
0.288088
0.288071
0.288053
0.288036
0.288019
0.288001
0.287984
0.287967
0.287949
0.287932
0.287914
0.287897
0.287879
0.287861
0.287844
0.287826
0.287808
0.28779
0.287773
0.287755
0.287737
0.287719
0.287701
0.287683
0.287665
0.287647
0.287629
0.28761
0.287592
0.287574
0.287556
0.287537
0.287519
0.287501
0.287482
0.287464
0.287445
0.287427
0.287408
0.28739
0.287371
0.287352
0.287334
0.287315
0.287296
0.287277
0.287258
0.28724
0.287221
0.287202
0.287183
0.287164
0.287145
0.287126
0.287107
0.287087
0.287068
0.287049
0.28703
0.287011
0.286991
0.286972
0.286953
0.286933
0.286914
0.286894
0.286875
0.286855
0.286836
0.286816
0.286796
0.286777
0.286757
0.286737
0.286718
0.286698
0.286678
0.286658
0.286638
0.286618
0.286598
0.286579
0.286558
0.286538
0.286518
0.286498
0.286478
0.286458
0.286438
0.286418
0.286397
0.286377
0.286357
0.286336
0.286316
0.286296
0.286275
0.286255
0.286234
0.286214
0.286193
0.286173
0.286152
0.286131
0.286111
0.28609
0.286069
0.286049
0.286028
0.286007
0.285986
0.285965
0.285944
0.285924
0.285903
0.285882
0.285861
0.28584
0.285819
0.285797
0.285776
0.285755
0.285734
0.285713
0.285692
0.28567
0.285649
0.285628
0.285606
0.285585
0.285564
0.285542
0.285521
0.285499
0.285478
0.285456
0.285435
0.285413
0.285391
0.28537
0.285348
0.285326
0.285305
0.285283
0.285261
0.285239
0.285218
0.285196
0.285174
0.285152
0.28513
0.285108
0.285086
0.285064
0.285042
0.28502
0.284998
0.284976
0.284954
0.284931
0.284909
0.284887
0.284865
0.284843
0.28482
0.284798
0.284776
0.284753
0.284731
0.284708
0.284686
0.284664
0.284641
0.284619
0.284596
0.284573
0.284551
0.284528
0.284506
0.284483
0.28446
0.284437
0.284415
0.284392
0.284369
0.284346
0.284324
0.284301
0.284278
0.284255
0.284232
0.284209
0.284186
0.284163
0.28414
0.284117
0.284094
0.284071
0.284048
0.284024
0.284001
0.283978
0.283955
0.283932
0.283908
0.283885
0.283862
0.283838
0.283815
0.283792
0.283768
0.283745
0.283721
0.283698
0.283674
0.283651
0.283627
0.283604
0.28358
0.283557
0.283533
0.283509
0.283486
0.283462
0.283438
0.283415
0.283391
0.283367
0.283343
0.283319
0.283295
0.283272
0.283248
0.283224
0.2832
0.283176
0.283152
0.283128
0.283104
0.28308
0.283056
0.283032
0.283007
0.282983
0.282959
0.282935
0.282911
0.282887
0.282862
0.282838
0.282814
0.282789
0.282765
0.282741
0.282716
0.282692
0.282668
0.282643
0.282619
0.282594
0.28257
0.282545
0.282521
0.282496
0.282471
0.282447
0.282422
0.282398
0.282373
0.282348
0.282323
0.282299
0.282274
0.282249
0.282224
0.2822
0.282175
0.28215
0.282125
0.2821
0.282075
0.28205
0.282025
0.282
0.281975
0.28195
0.281925
0.2819
0.281875
0.28185
0.281825
0.2818
0.281775
0.281749
0.281724
0.281699
0.281674
0.281648
0.281623
0.281598
0.281572
0.281547
0.281522
0.281496
0.281471
0.281446
0.28142
0.281395
0.281369
0.281344
0.281318
0.281293
0.281267
0.281241
0.281216
0.28119
0.281165
0.281139
0.281113
0.281088
0.281062
0.281036
0.28101
0.280985
0.280959
0.280933
0.280907
0.280881
0.280855
0.28083
0.280804
0.280778
0.280752
0.280726
0.2807
0.280674
0.280648
0.280622
0.280596
0.28057
0.280544
0.280517
0.280491
0.280465
0.280439
0.280413
0.280387
0.28036
0.280334
0.280308
0.280282
0.280255
0.280229
0.280203
0.280176
0.28015
0.280124
0.280097
0.280071
0.280044
0.280018
0.279991
0.279965
0.279938
0.279912
0.279885
0.279859
0.279832
0.279805
0.279779
0.279752
0.279726
0.279699
0.279672
0.279645
0.279619
0.279592
0.279565
0.279538
0.279512
0.279485
0.279458
0.279431
0.279404
0.279377
0.27935
0.279323
0.279296
0.279269
0.279243
0.279216
0.279188
0.279161
0.279134
0.279107
0.27908
0.279053
0.279026
0.278999
0.278972
0.278945
0.278917
0.27889
0.278863
0.278836
0.278808
0.278781
0.278754
0.278726
0.278699
0.278672
0.278644
0.278617
0.27859
0.278562
0.278535
0.278507
0.27848
0.278452
0.278425
0.278397
0.27837
0.278342
0.278315
0.278287
0.278259
0.278232
0.278204
0.278177
0.278149
0.278121
0.278093
0.278066
0.278038
0.27801
0.277982
0.277955
0.277927
0.277899
0.277871
0.277843
0.277815
0.277788
0.27776
0.277732
0.277704
0.277676
0.277648
0.27762
0.277592
0.277564
0.277536
0.277508
0.27748
0.277452
0.277423
0.277395
0.277367
0.277339
0.277311
0.277283
0.277254
0.277226
0.277198
0.27717
0.277141
0.277113
0.277085
0.277057
0.277028
0.277
0.276972
0.276943
0.276915
0.276886
0.276858
0.276829
0.276801
0.276772
0.276744
0.276715
0.276687
0.276658
0.27663
0.276601
0.276573
0.276544
0.276515
0.276487
0.276458
0.276429
0.276401
0.276372
0.276343
0.276315
0.276286
0.276257
0.276228
0.276199
0.276171
0.276142
0.276113
0.276084
0.276055
0.276026
0.275997
0.275968
0.275939
0.275911
0.275882
0.275853
0.275824
0.275795
0.275765
0.275736
0.275707
0.275678
0.275649
0.27562
0.275591
0.275562
0.275533
0.275503
0.275474
0.275445
0.275416
0.275387
0.275357
0.275328
0.275299
0.275269
0.27524
0.275211
0.275181
0.275152
0.275123
0.275093
0.275064
0.275034
0.275005
0.274975
0.274946
0.274917
0.274887
0.274857
0.274828
0.274798
0.274769
0.274739
0.27471
0.27468
0.27465
0.274621
0.274591
0.274561
0.274532
0.274502
0.274472
0.274443
0.274413
0.274383
0.274353
0.274323
0.274294
0.274264
0.274234
0.274204
0.274174
0.274144
0.274114
0.274085
0.274055
0.274025
0.273995
0.273965
0.273935
0.273905
0.273875
0.273845
0.273815
0.273784
0.273754
0.273724
0.273694
0.273664
0.273634
0.273604
0.273574
0.273543
0.273513
0.273483
0.273453
0.273422
0.273392
0.273362
0.273332
0.273301
0.273271
0.273241
0.27321
0.27318
0.27315
0.273119
0.273089
0.273058
0.273028
0.272997
0.272967
0.272936
0.272906
0.272875
0.272845
0.272814
0.272784
0.272753
0.272723
0.272692
0.272661
0.272631
0.2726
0.272569
0.272539
0.272508
0.272477
0.272447
0.272416
0.272385
0.272354
0.272323
0.272293
0.272262
0.272231
0.2722
0.272169
0.272138
0.272108
0.272077
0.272046
0.272015
0.271984
0.271953
0.271922
0.271891
0.27186
0.271829
0.271798
0.271767
0.271736
0.271705
0.271674
0.271642
0.271611
0.27158
0.271549
0.271518
0.271487
0.271456
0.271424
0.271393
0.271362
0.271331
0.271299
0.271268
0.271237
0.271205
0.271174
0.271143
0.271111
0.27108
0.271049
0.271017
0.270986
0.270954
0.270923
0.270891
0.27086
0.270829
0.270797
0.270765
0.270734
0.270702
0.270671
0.270639
0.270608
0.270576
0.270544
0.270513
0.270481
0.27045
0.270418
0.270386
0.270354
0.270323
0.270291
0.270259
0.270227
0.270196
0.270164
0.270132
0.2701
0.270068
0.270037
0.270005
0.269973
0.269941
0.269909
0.269877
0.269845
0.269813
0.269781
0.269749
0.269717
0.269685
0.269653
0.269621
0.269589
0.269557
0.269525
0.269493
0.269461
0.269429
0.269397
0.269364
0.269332
0.2693
0.269268
0.269236
0.269203
0.269171
0.269139
0.269107
0.269074
0.269042
0.26901
0.268977
0.268945
0.268913
0.26888
0.268848
0.268816
0.268783
0.268751
0.268718
0.268686
0.268653
0.268621
0.268588
0.268556
0.268523
0.268491
0.268458
0.268426
0.268393
0.26836
0.268328
0.268295
0.268263
0.26823
0.268197
0.268165
0.268132
0.268099
)
;

boundaryField
{
    inlet
    {
        type            calculated;
        value           uniform 0.290579;
    }
    outlet
    {
        type            calculated;
        value           uniform 0.268099;
    }
    emptyWalls
    {
        type            empty;
    }
}


// ************************************************************************* //
