/*--------------------------------*- C++ -*----------------------------------*\
  =========                 |
  \\      /  F ield         | OpenFOAM: The Open Source CFD Toolbox
   \\    /   O peration     | Website:  https://openfoam.org
    \\  /    A nd           | Version:  9
     \\/     M anipulation  |
\*---------------------------------------------------------------------------*/
FoamFile
{
    format      ascii;
    class       volVectorField;
    location    "18.3";
    object      Ua;
}
// * * * * * * * * * * * * * * * * * * * * * * * * * * * * * * * * * * * * * //

dimensions      [0 0 0 0 0 0 0];

internalField   nonuniform List<vector> 
1000
(
(0.709421 0 0)
(0.709421 0 0)
(0.709421 0 0)
(0.70942 0 0)
(0.70942 0 0)
(0.709419 0 0)
(0.709418 0 0)
(0.709418 0 0)
(0.709417 0 0)
(0.709416 0 0)
(0.709415 0 0)
(0.709414 0 0)
(0.709413 0 0)
(0.709412 0 0)
(0.70941 0 0)
(0.709409 0 0)
(0.709407 0 0)
(0.709406 0 0)
(0.709404 0 0)
(0.709403 0 0)
(0.709401 0 0)
(0.709399 0 0)
(0.709397 0 0)
(0.709395 0 0)
(0.709393 0 0)
(0.709391 0 0)
(0.709389 0 0)
(0.709387 0 0)
(0.709385 0 0)
(0.709382 0 0)
(0.70938 0 0)
(0.709378 0 0)
(0.709375 0 0)
(0.709372 0 0)
(0.70937 0 0)
(0.709367 0 0)
(0.709364 0 0)
(0.709361 0 0)
(0.709358 0 0)
(0.709356 0 0)
(0.709352 0 0)
(0.709349 0 0)
(0.709346 0 0)
(0.709343 0 0)
(0.70934 0 0)
(0.709336 0 0)
(0.709333 0 0)
(0.70933 0 0)
(0.709326 0 0)
(0.709322 0 0)
(0.709319 0 0)
(0.709315 0 0)
(0.709311 0 0)
(0.709308 0 0)
(0.709304 0 0)
(0.7093 0 0)
(0.709296 0 0)
(0.709292 0 0)
(0.709288 0 0)
(0.709284 0 0)
(0.70928 0 0)
(0.709275 0 0)
(0.709271 0 0)
(0.709267 0 0)
(0.709262 0 0)
(0.709258 0 0)
(0.709254 0 0)
(0.709249 0 0)
(0.709244 0 0)
(0.70924 0 0)
(0.709235 0 0)
(0.70923 0 0)
(0.709226 0 0)
(0.709221 0 0)
(0.709216 0 0)
(0.709211 0 0)
(0.709206 0 0)
(0.709201 0 0)
(0.709196 0 0)
(0.709191 0 0)
(0.709186 0 0)
(0.70918 0 0)
(0.709175 0 0)
(0.70917 0 0)
(0.709164 0 0)
(0.709159 0 0)
(0.709154 0 0)
(0.709148 0 0)
(0.709143 0 0)
(0.709137 0 0)
(0.709131 0 0)
(0.709126 0 0)
(0.70912 0 0)
(0.709114 0 0)
(0.709109 0 0)
(0.709103 0 0)
(0.709097 0 0)
(0.709091 0 0)
(0.709085 0 0)
(0.709079 0 0)
(0.709073 0 0)
(0.709067 0 0)
(0.709061 0 0)
(0.709055 0 0)
(0.709048 0 0)
(0.709042 0 0)
(0.709036 0 0)
(0.709029 0 0)
(0.709023 0 0)
(0.709017 0 0)
(0.70901 0 0)
(0.709004 0 0)
(0.708997 0 0)
(0.708991 0 0)
(0.708984 0 0)
(0.708977 0 0)
(0.708971 0 0)
(0.708964 0 0)
(0.708957 0 0)
(0.708951 0 0)
(0.708944 0 0)
(0.708937 0 0)
(0.70893 0 0)
(0.708923 0 0)
(0.708916 0 0)
(0.708909 0 0)
(0.708902 0 0)
(0.708895 0 0)
(0.708888 0 0)
(0.708881 0 0)
(0.708873 0 0)
(0.708866 0 0)
(0.708859 0 0)
(0.708852 0 0)
(0.708844 0 0)
(0.708837 0 0)
(0.70883 0 0)
(0.708822 0 0)
(0.708815 0 0)
(0.708807 0 0)
(0.7088 0 0)
(0.708792 0 0)
(0.708785 0 0)
(0.708777 0 0)
(0.708769 0 0)
(0.708762 0 0)
(0.708754 0 0)
(0.708746 0 0)
(0.708738 0 0)
(0.708731 0 0)
(0.708723 0 0)
(0.708715 0 0)
(0.708707 0 0)
(0.708699 0 0)
(0.708691 0 0)
(0.708683 0 0)
(0.708675 0 0)
(0.708667 0 0)
(0.708659 0 0)
(0.708651 0 0)
(0.708642 0 0)
(0.708634 0 0)
(0.708626 0 0)
(0.708618 0 0)
(0.708609 0 0)
(0.708601 0 0)
(0.708593 0 0)
(0.708584 0 0)
(0.708576 0 0)
(0.708568 0 0)
(0.708559 0 0)
(0.708551 0 0)
(0.708542 0 0)
(0.708534 0 0)
(0.708525 0 0)
(0.708516 0 0)
(0.708508 0 0)
(0.708499 0 0)
(0.708491 0 0)
(0.708482 0 0)
(0.708473 0 0)
(0.708464 0 0)
(0.708456 0 0)
(0.708447 0 0)
(0.708438 0 0)
(0.708429 0 0)
(0.70842 0 0)
(0.708411 0 0)
(0.708402 0 0)
(0.708393 0 0)
(0.708384 0 0)
(0.708375 0 0)
(0.708366 0 0)
(0.708357 0 0)
(0.708348 0 0)
(0.708339 0 0)
(0.70833 0 0)
(0.708321 0 0)
(0.708311 0 0)
(0.708302 0 0)
(0.708293 0 0)
(0.708284 0 0)
(0.708274 0 0)
(0.708265 0 0)
(0.708256 0 0)
(0.708246 0 0)
(0.708237 0 0)
(0.708227 0 0)
(0.708218 0 0)
(0.708208 0 0)
(0.708199 0 0)
(0.708189 0 0)
(0.70818 0 0)
(0.70817 0 0)
(0.708161 0 0)
(0.708151 0 0)
(0.708141 0 0)
(0.708132 0 0)
(0.708122 0 0)
(0.708112 0 0)
(0.708103 0 0)
(0.708093 0 0)
(0.708083 0 0)
(0.708073 0 0)
(0.708063 0 0)
(0.708053 0 0)
(0.708044 0 0)
(0.708034 0 0)
(0.708024 0 0)
(0.708014 0 0)
(0.708004 0 0)
(0.707994 0 0)
(0.707984 0 0)
(0.707974 0 0)
(0.707964 0 0)
(0.707954 0 0)
(0.707944 0 0)
(0.707934 0 0)
(0.707923 0 0)
(0.707913 0 0)
(0.707903 0 0)
(0.707893 0 0)
(0.707883 0 0)
(0.707872 0 0)
(0.707862 0 0)
(0.707852 0 0)
(0.707842 0 0)
(0.707831 0 0)
(0.707821 0 0)
(0.70781 0 0)
(0.7078 0 0)
(0.70779 0 0)
(0.707779 0 0)
(0.707769 0 0)
(0.707758 0 0)
(0.707748 0 0)
(0.707737 0 0)
(0.707727 0 0)
(0.707716 0 0)
(0.707706 0 0)
(0.707695 0 0)
(0.707685 0 0)
(0.707674 0 0)
(0.707663 0 0)
(0.707653 0 0)
(0.707642 0 0)
(0.707631 0 0)
(0.707621 0 0)
(0.70761 0 0)
(0.707599 0 0)
(0.707588 0 0)
(0.707577 0 0)
(0.707567 0 0)
(0.707556 0 0)
(0.707545 0 0)
(0.707534 0 0)
(0.707523 0 0)
(0.707512 0 0)
(0.707501 0 0)
(0.70749 0 0)
(0.707479 0 0)
(0.707468 0 0)
(0.707457 0 0)
(0.707446 0 0)
(0.707435 0 0)
(0.707424 0 0)
(0.707413 0 0)
(0.707402 0 0)
(0.707391 0 0)
(0.70738 0 0)
(0.707369 0 0)
(0.707358 0 0)
(0.707347 0 0)
(0.707335 0 0)
(0.707324 0 0)
(0.707313 0 0)
(0.707302 0 0)
(0.70729 0 0)
(0.707279 0 0)
(0.707268 0 0)
(0.707257 0 0)
(0.707245 0 0)
(0.707234 0 0)
(0.707223 0 0)
(0.707211 0 0)
(0.7072 0 0)
(0.707188 0 0)
(0.707177 0 0)
(0.707165 0 0)
(0.707154 0 0)
(0.707143 0 0)
(0.707131 0 0)
(0.70712 0 0)
(0.707108 0 0)
(0.707096 0 0)
(0.707085 0 0)
(0.707073 0 0)
(0.707062 0 0)
(0.70705 0 0)
(0.707039 0 0)
(0.707027 0 0)
(0.707015 0 0)
(0.707004 0 0)
(0.706992 0 0)
(0.70698 0 0)
(0.706969 0 0)
(0.706957 0 0)
(0.706945 0 0)
(0.706933 0 0)
(0.706922 0 0)
(0.70691 0 0)
(0.706898 0 0)
(0.706886 0 0)
(0.706874 0 0)
(0.706862 0 0)
(0.706851 0 0)
(0.706839 0 0)
(0.706827 0 0)
(0.706815 0 0)
(0.706803 0 0)
(0.706791 0 0)
(0.706779 0 0)
(0.706767 0 0)
(0.706755 0 0)
(0.706743 0 0)
(0.706731 0 0)
(0.706719 0 0)
(0.706707 0 0)
(0.706695 0 0)
(0.706683 0 0)
(0.706671 0 0)
(0.706659 0 0)
(0.706647 0 0)
(0.706635 0 0)
(0.706622 0 0)
(0.70661 0 0)
(0.706598 0 0)
(0.706586 0 0)
(0.706574 0 0)
(0.706562 0 0)
(0.706549 0 0)
(0.706537 0 0)
(0.706525 0 0)
(0.706513 0 0)
(0.7065 0 0)
(0.706488 0 0)
(0.706476 0 0)
(0.706463 0 0)
(0.706451 0 0)
(0.706439 0 0)
(0.706426 0 0)
(0.706414 0 0)
(0.706402 0 0)
(0.706389 0 0)
(0.706377 0 0)
(0.706364 0 0)
(0.706352 0 0)
(0.70634 0 0)
(0.706327 0 0)
(0.706315 0 0)
(0.706302 0 0)
(0.70629 0 0)
(0.706277 0 0)
(0.706265 0 0)
(0.706252 0 0)
(0.70624 0 0)
(0.706227 0 0)
(0.706214 0 0)
(0.706202 0 0)
(0.706189 0 0)
(0.706177 0 0)
(0.706164 0 0)
(0.706151 0 0)
(0.706139 0 0)
(0.706126 0 0)
(0.706113 0 0)
(0.706101 0 0)
(0.706088 0 0)
(0.706075 0 0)
(0.706063 0 0)
(0.70605 0 0)
(0.706037 0 0)
(0.706024 0 0)
(0.706012 0 0)
(0.705999 0 0)
(0.705986 0 0)
(0.705973 0 0)
(0.70596 0 0)
(0.705948 0 0)
(0.705935 0 0)
(0.705922 0 0)
(0.705909 0 0)
(0.705896 0 0)
(0.705883 0 0)
(0.70587 0 0)
(0.705858 0 0)
(0.705845 0 0)
(0.705832 0 0)
(0.705819 0 0)
(0.705806 0 0)
(0.705793 0 0)
(0.70578 0 0)
(0.705767 0 0)
(0.705754 0 0)
(0.705741 0 0)
(0.705728 0 0)
(0.705715 0 0)
(0.705702 0 0)
(0.705689 0 0)
(0.705676 0 0)
(0.705663 0 0)
(0.705649 0 0)
(0.705636 0 0)
(0.705623 0 0)
(0.70561 0 0)
(0.705597 0 0)
(0.705584 0 0)
(0.705571 0 0)
(0.705558 0 0)
(0.705544 0 0)
(0.705531 0 0)
(0.705518 0 0)
(0.705505 0 0)
(0.705492 0 0)
(0.705478 0 0)
(0.705465 0 0)
(0.705452 0 0)
(0.705439 0 0)
(0.705425 0 0)
(0.705412 0 0)
(0.705399 0 0)
(0.705385 0 0)
(0.705372 0 0)
(0.705359 0 0)
(0.705345 0 0)
(0.705332 0 0)
(0.705319 0 0)
(0.705305 0 0)
(0.705292 0 0)
(0.705279 0 0)
(0.705265 0 0)
(0.705252 0 0)
(0.705238 0 0)
(0.705225 0 0)
(0.705212 0 0)
(0.705198 0 0)
(0.705185 0 0)
(0.705171 0 0)
(0.705158 0 0)
(0.705144 0 0)
(0.705131 0 0)
(0.705117 0 0)
(0.705104 0 0)
(0.70509 0 0)
(0.705077 0 0)
(0.705063 0 0)
(0.70505 0 0)
(0.705036 0 0)
(0.705022 0 0)
(0.705009 0 0)
(0.704995 0 0)
(0.704982 0 0)
(0.704968 0 0)
(0.704954 0 0)
(0.704941 0 0)
(0.704927 0 0)
(0.704914 0 0)
(0.7049 0 0)
(0.704886 0 0)
(0.704873 0 0)
(0.704859 0 0)
(0.704845 0 0)
(0.704831 0 0)
(0.704818 0 0)
(0.704804 0 0)
(0.70479 0 0)
(0.704777 0 0)
(0.704763 0 0)
(0.704749 0 0)
(0.704735 0 0)
(0.704722 0 0)
(0.704708 0 0)
(0.704694 0 0)
(0.70468 0 0)
(0.704666 0 0)
(0.704652 0 0)
(0.704639 0 0)
(0.704625 0 0)
(0.704611 0 0)
(0.704597 0 0)
(0.704583 0 0)
(0.704569 0 0)
(0.704555 0 0)
(0.704542 0 0)
(0.704528 0 0)
(0.704514 0 0)
(0.7045 0 0)
(0.704486 0 0)
(0.704472 0 0)
(0.704458 0 0)
(0.704444 0 0)
(0.70443 0 0)
(0.704416 0 0)
(0.704402 0 0)
(0.704388 0 0)
(0.704374 0 0)
(0.70436 0 0)
(0.704346 0 0)
(0.704332 0 0)
(0.704318 0 0)
(0.704304 0 0)
(0.70429 0 0)
(0.704276 0 0)
(0.704262 0 0)
(0.704248 0 0)
(0.704234 0 0)
(0.70422 0 0)
(0.704206 0 0)
(0.704191 0 0)
(0.704177 0 0)
(0.704163 0 0)
(0.704149 0 0)
(0.704135 0 0)
(0.704121 0 0)
(0.704107 0 0)
(0.704092 0 0)
(0.704078 0 0)
(0.704064 0 0)
(0.70405 0 0)
(0.704036 0 0)
(0.704022 0 0)
(0.704007 0 0)
(0.703993 0 0)
(0.703979 0 0)
(0.703965 0 0)
(0.70395 0 0)
(0.703936 0 0)
(0.703922 0 0)
(0.703908 0 0)
(0.703893 0 0)
(0.703879 0 0)
(0.703865 0 0)
(0.70385 0 0)
(0.703836 0 0)
(0.703822 0 0)
(0.703807 0 0)
(0.703793 0 0)
(0.703779 0 0)
(0.703764 0 0)
(0.70375 0 0)
(0.703736 0 0)
(0.703721 0 0)
(0.703707 0 0)
(0.703693 0 0)
(0.703678 0 0)
(0.703664 0 0)
(0.703649 0 0)
(0.703635 0 0)
(0.703621 0 0)
(0.703606 0 0)
(0.703592 0 0)
(0.703577 0 0)
(0.703563 0 0)
(0.703548 0 0)
(0.703534 0 0)
(0.703519 0 0)
(0.703505 0 0)
(0.70349 0 0)
(0.703476 0 0)
(0.703461 0 0)
(0.703447 0 0)
(0.703432 0 0)
(0.703418 0 0)
(0.703403 0 0)
(0.703389 0 0)
(0.703374 0 0)
(0.70336 0 0)
(0.703345 0 0)
(0.703331 0 0)
(0.703316 0 0)
(0.703301 0 0)
(0.703287 0 0)
(0.703272 0 0)
(0.703258 0 0)
(0.703243 0 0)
(0.703228 0 0)
(0.703214 0 0)
(0.703199 0 0)
(0.703185 0 0)
(0.70317 0 0)
(0.703155 0 0)
(0.703141 0 0)
(0.703126 0 0)
(0.703111 0 0)
(0.703097 0 0)
(0.703082 0 0)
(0.703067 0 0)
(0.703052 0 0)
(0.703038 0 0)
(0.703023 0 0)
(0.703008 0 0)
(0.702994 0 0)
(0.702979 0 0)
(0.702964 0 0)
(0.702949 0 0)
(0.702935 0 0)
(0.70292 0 0)
(0.702905 0 0)
(0.70289 0 0)
(0.702876 0 0)
(0.702861 0 0)
(0.702846 0 0)
(0.702831 0 0)
(0.702816 0 0)
(0.702801 0 0)
(0.702787 0 0)
(0.702772 0 0)
(0.702757 0 0)
(0.702742 0 0)
(0.702727 0 0)
(0.702712 0 0)
(0.702698 0 0)
(0.702683 0 0)
(0.702668 0 0)
(0.702653 0 0)
(0.702638 0 0)
(0.702623 0 0)
(0.702608 0 0)
(0.702593 0 0)
(0.702578 0 0)
(0.702564 0 0)
(0.702549 0 0)
(0.702534 0 0)
(0.702519 0 0)
(0.702504 0 0)
(0.702489 0 0)
(0.702474 0 0)
(0.702459 0 0)
(0.702444 0 0)
(0.702429 0 0)
(0.702414 0 0)
(0.702399 0 0)
(0.702384 0 0)
(0.702369 0 0)
(0.702354 0 0)
(0.702339 0 0)
(0.702324 0 0)
(0.702309 0 0)
(0.702294 0 0)
(0.702279 0 0)
(0.702264 0 0)
(0.702249 0 0)
(0.702234 0 0)
(0.702219 0 0)
(0.702204 0 0)
(0.702188 0 0)
(0.702173 0 0)
(0.702158 0 0)
(0.702143 0 0)
(0.702128 0 0)
(0.702113 0 0)
(0.702098 0 0)
(0.702083 0 0)
(0.702068 0 0)
(0.702052 0 0)
(0.702037 0 0)
(0.702022 0 0)
(0.702007 0 0)
(0.701992 0 0)
(0.701977 0 0)
(0.701962 0 0)
(0.701946 0 0)
(0.701931 0 0)
(0.701916 0 0)
(0.701901 0 0)
(0.701886 0 0)
(0.70187 0 0)
(0.701855 0 0)
(0.70184 0 0)
(0.701825 0 0)
(0.70181 0 0)
(0.701794 0 0)
(0.701779 0 0)
(0.701764 0 0)
(0.701749 0 0)
(0.701733 0 0)
(0.701718 0 0)
(0.701703 0 0)
(0.701688 0 0)
(0.701672 0 0)
(0.701657 0 0)
(0.701642 0 0)
(0.701626 0 0)
(0.701611 0 0)
(0.701596 0 0)
(0.701581 0 0)
(0.701565 0 0)
(0.70155 0 0)
(0.701535 0 0)
(0.701519 0 0)
(0.701504 0 0)
(0.701489 0 0)
(0.701473 0 0)
(0.701458 0 0)
(0.701442 0 0)
(0.701427 0 0)
(0.701412 0 0)
(0.701396 0 0)
(0.701381 0 0)
(0.701366 0 0)
(0.70135 0 0)
(0.701335 0 0)
(0.701319 0 0)
(0.701304 0 0)
(0.701289 0 0)
(0.701273 0 0)
(0.701258 0 0)
(0.701242 0 0)
(0.701227 0 0)
(0.701211 0 0)
(0.701196 0 0)
(0.70118 0 0)
(0.701165 0 0)
(0.70115 0 0)
(0.701134 0 0)
(0.701119 0 0)
(0.701103 0 0)
(0.701088 0 0)
(0.701072 0 0)
(0.701057 0 0)
(0.701041 0 0)
(0.701026 0 0)
(0.70101 0 0)
(0.700995 0 0)
(0.700979 0 0)
(0.700964 0 0)
(0.700948 0 0)
(0.700932 0 0)
(0.700917 0 0)
(0.700901 0 0)
(0.700886 0 0)
(0.70087 0 0)
(0.700855 0 0)
(0.700839 0 0)
(0.700824 0 0)
(0.700808 0 0)
(0.700792 0 0)
(0.700777 0 0)
(0.700761 0 0)
(0.700746 0 0)
(0.70073 0 0)
(0.700714 0 0)
(0.700699 0 0)
(0.700683 0 0)
(0.700668 0 0)
(0.700652 0 0)
(0.700636 0 0)
(0.700621 0 0)
(0.700605 0 0)
(0.700589 0 0)
(0.700574 0 0)
(0.700558 0 0)
(0.700542 0 0)
(0.700527 0 0)
(0.700511 0 0)
(0.700495 0 0)
(0.70048 0 0)
(0.700464 0 0)
(0.700448 0 0)
(0.700433 0 0)
(0.700417 0 0)
(0.700401 0 0)
(0.700385 0 0)
(0.70037 0 0)
(0.700354 0 0)
(0.700338 0 0)
(0.700322 0 0)
(0.700307 0 0)
(0.700291 0 0)
(0.700275 0 0)
(0.700259 0 0)
(0.700244 0 0)
(0.700228 0 0)
(0.700212 0 0)
(0.700196 0 0)
(0.700181 0 0)
(0.700165 0 0)
(0.700149 0 0)
(0.700133 0 0)
(0.700117 0 0)
(0.700102 0 0)
(0.700086 0 0)
(0.70007 0 0)
(0.700054 0 0)
(0.700038 0 0)
(0.700023 0 0)
(0.700007 0 0)
(0.699991 0 0)
(0.699975 0 0)
(0.699959 0 0)
(0.699943 0 0)
(0.699928 0 0)
(0.699912 0 0)
(0.699896 0 0)
(0.69988 0 0)
(0.699864 0 0)
(0.699848 0 0)
(0.699832 0 0)
(0.699816 0 0)
(0.699801 0 0)
(0.699785 0 0)
(0.699769 0 0)
(0.699753 0 0)
(0.699737 0 0)
(0.699721 0 0)
(0.699705 0 0)
(0.699689 0 0)
(0.699673 0 0)
(0.699657 0 0)
(0.699641 0 0)
(0.699625 0 0)
(0.699609 0 0)
(0.699594 0 0)
(0.699578 0 0)
(0.699562 0 0)
(0.699546 0 0)
(0.69953 0 0)
(0.699514 0 0)
(0.699498 0 0)
(0.699482 0 0)
(0.699466 0 0)
(0.69945 0 0)
(0.699434 0 0)
(0.699418 0 0)
(0.699402 0 0)
(0.699386 0 0)
(0.69937 0 0)
(0.699354 0 0)
(0.699338 0 0)
(0.699322 0 0)
(0.699306 0 0)
(0.69929 0 0)
(0.699274 0 0)
(0.699257 0 0)
(0.699241 0 0)
(0.699225 0 0)
(0.699209 0 0)
(0.699193 0 0)
(0.699177 0 0)
(0.699161 0 0)
(0.699145 0 0)
(0.699129 0 0)
(0.699113 0 0)
(0.699097 0 0)
(0.699081 0 0)
(0.699065 0 0)
(0.699048 0 0)
(0.699032 0 0)
(0.699016 0 0)
(0.699 0 0)
(0.698984 0 0)
(0.698968 0 0)
(0.698952 0 0)
(0.698936 0 0)
(0.698919 0 0)
(0.698903 0 0)
(0.698887 0 0)
(0.698871 0 0)
(0.698855 0 0)
(0.698839 0 0)
(0.698823 0 0)
(0.698806 0 0)
(0.69879 0 0)
(0.698774 0 0)
(0.698758 0 0)
(0.698742 0 0)
(0.698726 0 0)
(0.698709 0 0)
(0.698693 0 0)
(0.698677 0 0)
(0.698661 0 0)
(0.698645 0 0)
(0.698628 0 0)
(0.698612 0 0)
(0.698596 0 0)
(0.69858 0 0)
(0.698563 0 0)
(0.698547 0 0)
(0.698531 0 0)
(0.698515 0 0)
(0.698498 0 0)
(0.698482 0 0)
(0.698466 0 0)
(0.69845 0 0)
(0.698433 0 0)
(0.698417 0 0)
(0.698401 0 0)
(0.698385 0 0)
(0.698368 0 0)
(0.698352 0 0)
(0.698336 0 0)
(0.698319 0 0)
(0.698303 0 0)
(0.698287 0 0)
(0.698271 0 0)
(0.698254 0 0)
(0.698238 0 0)
(0.698222 0 0)
(0.698205 0 0)
(0.698189 0 0)
(0.698173 0 0)
(0.698156 0 0)
(0.69814 0 0)
(0.698124 0 0)
(0.698107 0 0)
(0.698091 0 0)
(0.698075 0 0)
(0.698058 0 0)
(0.698042 0 0)
(0.698026 0 0)
(0.698009 0 0)
(0.697993 0 0)
(0.697976 0 0)
(0.69796 0 0)
(0.697944 0 0)
(0.697927 0 0)
(0.697911 0 0)
(0.697894 0 0)
(0.697878 0 0)
(0.697862 0 0)
(0.697845 0 0)
(0.697829 0 0)
(0.697812 0 0)
(0.697796 0 0)
(0.69778 0 0)
(0.697763 0 0)
(0.697747 0 0)
(0.69773 0 0)
(0.697714 0 0)
(0.697697 0 0)
(0.697681 0 0)
(0.697664 0 0)
(0.697648 0 0)
(0.697632 0 0)
(0.697615 0 0)
(0.697599 0 0)
(0.697582 0 0)
(0.697566 0 0)
(0.697549 0 0)
(0.697533 0 0)
(0.697516 0 0)
(0.6975 0 0)
(0.697483 0 0)
(0.697467 0 0)
(0.69745 0 0)
(0.697434 0 0)
(0.697417 0 0)
(0.697401 0 0)
(0.697384 0 0)
(0.697368 0 0)
(0.697351 0 0)
(0.697335 0 0)
(0.697318 0 0)
(0.697302 0 0)
(0.697285 0 0)
(0.697268 0 0)
(0.697252 0 0)
(0.697235 0 0)
(0.697219 0 0)
(0.697202 0 0)
(0.697186 0 0)
(0.697169 0 0)
(0.697153 0 0)
(0.697136 0 0)
(0.697119 0 0)
(0.697103 0 0)
(0.697086 0 0)
(0.69707 0 0)
(0.697053 0 0)
(0.697036 0 0)
)
;

boundaryField
{
    inlet
    {
        type            fractionalVelocity;
        U               1((1 0 0));
        fractionalFlow  Fa;
        value           uniform (0.709421 0 0);
    }
    outlet
    {
        type            zeroGradient;
    }
    emptyWalls
    {
        type            empty;
    }
}


// ************************************************************************* //
