/*--------------------------------*- C++ -*----------------------------------*\
  =========                 |
  \\      /  F ield         | OpenFOAM: The Open Source CFD Toolbox
   \\    /   O peration     | Website:  https://openfoam.org
    \\  /    A nd           | Version:  9
     \\/     M anipulation  |
\*---------------------------------------------------------------------------*/
FoamFile
{
    format      ascii;
    class       volScalarField;
    location    "17.9";
    object      Sb;
}
// * * * * * * * * * * * * * * * * * * * * * * * * * * * * * * * * * * * * * //

dimensions      [0 0 0 0 0 0 0];

internalField   nonuniform List<scalar> 
1000
(
0.499456
0.499121
0.498811
0.498513
0.498222
0.497936
0.497653
0.497374
0.497098
0.496824
0.496552
0.496282
0.496014
0.495748
0.495483
0.495219
0.494957
0.494696
0.494437
0.494179
0.493922
0.493666
0.493411
0.493157
0.492905
0.492654
0.492403
0.492154
0.491906
0.491658
0.491412
0.491166
0.490922
0.490679
0.490436
0.490194
0.489954
0.489714
0.489475
0.489237
0.488999
0.488763
0.488527
0.488293
0.488059
0.487826
0.487593
0.487362
0.487131
0.486901
0.486672
0.486444
0.486216
0.485989
0.485763
0.485538
0.485313
0.485089
0.484866
0.484644
0.484422
0.484201
0.483981
0.483761
0.483542
0.483324
0.483106
0.48289
0.482673
0.482458
0.482243
0.482029
0.481815
0.481602
0.48139
0.481178
0.480967
0.480757
0.480547
0.480338
0.48013
0.479922
0.479714
0.479508
0.479302
0.479096
0.478891
0.478687
0.478483
0.47828
0.478077
0.477875
0.477674
0.477473
0.477273
0.477073
0.476874
0.476675
0.476477
0.47628
0.476083
0.475886
0.47569
0.475495
0.4753
0.475105
0.474912
0.474718
0.474526
0.474333
0.474141
0.47395
0.473759
0.473569
0.473379
0.47319
0.473001
0.472813
0.472625
0.472438
0.472251
0.472065
0.471879
0.471693
0.471508
0.471324
0.47114
0.470956
0.470773
0.470591
0.470408
0.470227
0.470045
0.469864
0.469684
0.469504
0.469325
0.469145
0.468967
0.468789
0.468611
0.468433
0.468256
0.46808
0.467904
0.467728
0.467553
0.467378
0.467204
0.46703
0.466856
0.466683
0.46651
0.466338
0.466166
0.465994
0.465823
0.465652
0.465481
0.465311
0.465142
0.464972
0.464804
0.464635
0.464467
0.464299
0.464132
0.463965
0.463798
0.463632
0.463466
0.463301
0.463135
0.462971
0.462806
0.462642
0.462478
0.462315
0.462152
0.461989
0.461827
0.461665
0.461503
0.461342
0.461181
0.461021
0.46086
0.460701
0.460541
0.460382
0.460223
0.460064
0.459906
0.459748
0.459591
0.459433
0.459277
0.45912
0.458964
0.458808
0.458652
0.458497
0.458342
0.458187
0.458033
0.457879
0.457725
0.457572
0.457419
0.457266
0.457113
0.456961
0.456809
0.456658
0.456506
0.456355
0.456205
0.456054
0.455904
0.455754
0.455605
0.455455
0.455307
0.455158
0.455009
0.454861
0.454714
0.454566
0.454419
0.454272
0.454125
0.453979
0.453833
0.453687
0.453541
0.453396
0.453251
0.453106
0.452962
0.452818
0.452674
0.45253
0.452387
0.452244
0.452101
0.451958
0.451816
0.451674
0.451532
0.45139
0.451249
0.451108
0.450967
0.450827
0.450686
0.450546
0.450406
0.450267
0.450128
0.449989
0.44985
0.449711
0.449573
0.449435
0.449297
0.44916
0.449022
0.448885
0.448748
0.448612
0.448475
0.448339
0.448203
0.448068
0.447932
0.447797
0.447662
0.447527
0.447393
0.447259
0.447125
0.446991
0.446857
0.446724
0.446591
0.446458
0.446325
0.446193
0.44606
0.445928
0.445797
0.445665
0.445534
0.445402
0.445271
0.445141
0.44501
0.44488
0.44475
0.44462
0.44449
0.444361
0.444232
0.444103
0.443974
0.443845
0.443717
0.443589
0.443461
0.443333
0.443206
0.443078
0.442951
0.442824
0.442697
0.442571
0.442444
0.442318
0.442192
0.442067
0.441941
0.441816
0.44169
0.441565
0.441441
0.441316
0.441192
0.441068
0.440944
0.44082
0.440696
0.440573
0.440449
0.440326
0.440203
0.440081
0.439958
0.439836
0.439714
0.439592
0.43947
0.439349
0.439227
0.439106
0.438985
0.438864
0.438743
0.438623
0.438503
0.438383
0.438263
0.438143
0.438023
0.437904
0.437785
0.437665
0.437547
0.437428
0.437309
0.437191
0.437073
0.436955
0.436837
0.436719
0.436602
0.436484
0.436367
0.43625
0.436133
0.436016
0.4359
0.435784
0.435667
0.435551
0.435436
0.43532
0.435204
0.435089
0.434974
0.434859
0.434744
0.434629
0.434514
0.4344
0.434286
0.434172
0.434058
0.433944
0.43383
0.433717
0.433604
0.43349
0.433377
0.433265
0.433152
0.433039
0.432927
0.432815
0.432703
0.432591
0.432479
0.432367
0.432256
0.432145
0.432033
0.431922
0.431811
0.431701
0.43159
0.43148
0.431369
0.431259
0.431149
0.431039
0.43093
0.43082
0.430711
0.430601
0.430492
0.430383
0.430274
0.430166
0.430057
0.429949
0.42984
0.429732
0.429624
0.429516
0.429409
0.429301
0.429194
0.429086
0.428979
0.428872
0.428765
0.428658
0.428552
0.428445
0.428339
0.428233
0.428126
0.428021
0.427915
0.427809
0.427703
0.427598
0.427493
0.427387
0.427282
0.427177
0.427073
0.426968
0.426863
0.426759
0.426655
0.426551
0.426447
0.426343
0.426239
0.426135
0.426032
0.425928
0.425825
0.425722
0.425619
0.425516
0.425413
0.425311
0.425208
0.425106
0.425004
0.424901
0.424799
0.424697
0.424596
0.424494
0.424392
0.424291
0.42419
0.424089
0.423987
0.423886
0.423786
0.423685
0.423584
0.423484
0.423383
0.423283
0.423183
0.423083
0.422983
0.422883
0.422784
0.422684
0.422585
0.422485
0.422386
0.422287
0.422188
0.422089
0.421991
0.421892
0.421793
0.421695
0.421597
0.421498
0.4214
0.421302
0.421204
0.421107
0.421009
0.420912
0.420814
0.420717
0.42062
0.420522
0.420425
0.420329
0.420232
0.420135
0.420039
0.419942
0.419846
0.419749
0.419653
0.419557
0.419461
0.419365
0.41927
0.419174
0.419079
0.418983
0.418888
0.418793
0.418698
0.418603
0.418508
0.418413
0.418318
0.418224
0.418129
0.418035
0.41794
0.417846
0.417752
0.417658
0.417564
0.41747
0.417377
0.417283
0.41719
0.417096
0.417003
0.41691
0.416817
0.416724
0.416631
0.416538
0.416445
0.416352
0.41626
0.416168
0.416075
0.415983
0.415891
0.415799
0.415707
0.415615
0.415523
0.415431
0.41534
0.415248
0.415157
0.415066
0.414974
0.414883
0.414792
0.414701
0.414611
0.41452
0.414429
0.414339
0.414248
0.414158
0.414067
0.413977
0.413887
0.413797
0.413707
0.413617
0.413528
0.413438
0.413348
0.413259
0.413169
0.41308
0.412991
0.412902
0.412813
0.412724
0.412635
0.412546
0.412457
0.412369
0.41228
0.412192
0.412103
0.412015
0.411927
0.411839
0.411751
0.411663
0.411575
0.411487
0.411399
0.411312
0.411224
0.411137
0.411049
0.410962
0.410875
0.410788
0.410701
0.410614
0.410527
0.41044
0.410354
0.410267
0.41018
0.410094
0.410008
0.409921
0.409835
0.409749
0.409663
0.409577
0.409491
0.409405
0.40932
0.409234
0.409148
0.409063
0.408977
0.408892
0.408807
0.408722
0.408636
0.408551
0.408466
0.408382
0.408297
0.408212
0.408127
0.408043
0.407958
0.407874
0.40779
0.407705
0.407621
0.407537
0.407453
0.407369
0.407285
0.407201
0.407118
0.407034
0.40695
0.406867
0.406783
0.4067
0.406617
0.406533
0.40645
0.406367
0.406284
0.406201
0.406118
0.406036
0.405953
0.40587
0.405788
0.405705
0.405623
0.40554
0.405458
0.405376
0.405294
0.405212
0.40513
0.405048
0.404966
0.404884
0.404802
0.404721
0.404639
0.404558
0.404476
0.404395
0.404314
0.404232
0.404151
0.40407
0.403989
0.403908
0.403827
0.403746
0.403666
0.403585
0.403504
0.403424
0.403343
0.403263
0.403182
0.403102
0.403022
0.402942
0.402862
0.402782
0.402702
0.402622
0.402542
0.402462
0.402382
0.402303
0.402223
0.402144
0.402064
0.401985
0.401906
0.401826
0.401747
0.401668
0.401589
0.40151
0.401431
0.401352
0.401273
0.401195
0.401116
0.401037
0.400959
0.40088
0.400802
0.400724
0.400645
0.400567
0.400489
0.400411
0.400333
0.400255
0.400177
0.400099
0.400021
0.399943
0.399866
0.399788
0.399711
0.399633
0.399556
0.399478
0.399401
0.399324
0.399247
0.399169
0.399092
0.399015
0.398938
0.398861
0.398785
0.398708
0.398631
0.398554
0.398478
0.398401
0.398325
0.398248
0.398172
0.398096
0.398019
0.397943
0.397867
0.397791
0.397715
0.397639
0.397563
0.397487
0.397411
0.397336
0.39726
0.397184
0.397109
0.397033
0.396958
0.396882
0.396807
0.396732
0.396656
0.396581
0.396506
0.396431
0.396356
0.396281
0.396206
0.396131
0.396056
0.395982
0.395907
0.395832
0.395758
0.395683
0.395609
0.395534
0.39546
0.395386
0.395311
0.395237
0.395163
0.395089
0.395015
0.394941
0.394867
0.394793
0.394719
0.394646
0.394572
0.394498
0.394425
0.394351
0.394277
0.394204
0.394131
0.394057
0.393984
0.393911
0.393837
0.393764
0.393691
0.393618
0.393545
0.393472
0.393399
0.393326
0.393254
0.393181
0.393108
0.393035
0.392963
0.39289
0.392818
0.392745
0.392673
0.392601
0.392528
0.392456
0.392384
0.392312
0.39224
0.392168
0.392096
0.392024
0.391952
0.39188
0.391808
0.391736
0.391665
0.391593
0.391521
0.39145
0.391378
0.391307
0.391235
0.391164
0.391092
0.391021
0.39095
0.390879
0.390808
0.390737
0.390665
0.390594
0.390524
0.390453
0.390382
0.390311
0.39024
0.390169
0.390099
0.390028
0.389958
0.389887
0.389816
0.389746
0.389676
0.389605
0.389535
0.389465
0.389394
0.389324
0.389254
0.389184
0.389114
0.389044
0.388974
0.388904
0.388834
0.388764
0.388695
0.388625
0.388555
0.388486
0.388416
0.388346
0.388277
0.388208
0.388138
0.388069
0.387999
0.38793
0.387861
0.387792
0.387722
0.387653
0.387584
0.387515
0.387446
0.387377
0.387308
0.387239
0.387171
0.387102
0.387033
0.386964
0.386896
0.386827
0.386759
0.38669
0.386622
0.386553
0.386485
0.386416
0.386348
0.38628
0.386211
0.386143
0.386075
0.386007
0.385939
0.385871
0.385803
0.385735
0.385667
0.385599
0.385531
0.385464
0.385396
0.385328
0.38526
0.385193
0.385125
0.385058
0.38499
0.384923
0.384855
0.384788
0.38472
0.384653
0.384586
0.384519
0.384451
0.384384
0.384317
0.38425
0.384183
0.384116
0.384049
0.383982
0.383915
0.383848
0.383781
0.383715
0.383648
0.383581
0.383515
0.383448
0.383381
0.383315
0.383248
0.383182
0.383115
0.383049
0.382983
0.382916
0.38285
0.382784
0.382718
0.382651
0.382585
0.382519
0.382453
0.382387
)
;

boundaryField
{
    inlet
    {
        type            fixedValue;
        value           uniform 0.5;
    }
    outlet
    {
        type            zeroGradient;
    }
    emptyWalls
    {
        type            empty;
    }
}


// ************************************************************************* //
