/*--------------------------------*- C++ -*----------------------------------*\
  =========                 |
  \\      /  F ield         | OpenFOAM: The Open Source CFD Toolbox
   \\    /   O peration     | Website:  https://openfoam.org
    \\  /    A nd           | Version:  9
     \\/     M anipulation  |
\*---------------------------------------------------------------------------*/
FoamFile
{
    format      ascii;
    class       volScalarField;
    location    "16.9";
    object      p;
}
// * * * * * * * * * * * * * * * * * * * * * * * * * * * * * * * * * * * * * //

dimensions      [0 0 0 0 0 0 0];

internalField   nonuniform List<scalar> 
1000
(
1.4783e+13
1.47731e+13
1.47632e+13
1.47533e+13
1.47433e+13
1.47333e+13
1.47234e+13
1.47134e+13
1.47034e+13
1.46933e+13
1.46833e+13
1.46732e+13
1.46632e+13
1.46531e+13
1.4643e+13
1.46329e+13
1.46227e+13
1.46126e+13
1.46024e+13
1.45923e+13
1.45821e+13
1.45719e+13
1.45617e+13
1.45514e+13
1.45412e+13
1.4531e+13
1.45207e+13
1.45104e+13
1.45001e+13
1.44898e+13
1.44795e+13
1.44692e+13
1.44588e+13
1.44484e+13
1.44381e+13
1.44277e+13
1.44173e+13
1.44069e+13
1.43964e+13
1.4386e+13
1.43755e+13
1.43651e+13
1.43546e+13
1.43441e+13
1.43336e+13
1.43231e+13
1.43125e+13
1.4302e+13
1.42914e+13
1.42809e+13
1.42703e+13
1.42597e+13
1.42491e+13
1.42384e+13
1.42278e+13
1.42172e+13
1.42065e+13
1.41958e+13
1.41851e+13
1.41744e+13
1.41637e+13
1.4153e+13
1.41422e+13
1.41315e+13
1.41207e+13
1.411e+13
1.40992e+13
1.40884e+13
1.40775e+13
1.40667e+13
1.40559e+13
1.4045e+13
1.40342e+13
1.40233e+13
1.40124e+13
1.40015e+13
1.39906e+13
1.39797e+13
1.39687e+13
1.39578e+13
1.39468e+13
1.39358e+13
1.39248e+13
1.39138e+13
1.39028e+13
1.38918e+13
1.38808e+13
1.38697e+13
1.38587e+13
1.38476e+13
1.38365e+13
1.38254e+13
1.38143e+13
1.38032e+13
1.37921e+13
1.37809e+13
1.37697e+13
1.37586e+13
1.37474e+13
1.37362e+13
1.3725e+13
1.37138e+13
1.37026e+13
1.36913e+13
1.36801e+13
1.36688e+13
1.36575e+13
1.36462e+13
1.3635e+13
1.36236e+13
1.36123e+13
1.3601e+13
1.35896e+13
1.35783e+13
1.35669e+13
1.35555e+13
1.35441e+13
1.35327e+13
1.35213e+13
1.35099e+13
1.34985e+13
1.3487e+13
1.34756e+13
1.34641e+13
1.34526e+13
1.34411e+13
1.34296e+13
1.34181e+13
1.34066e+13
1.3395e+13
1.33835e+13
1.33719e+13
1.33603e+13
1.33487e+13
1.33372e+13
1.33255e+13
1.33139e+13
1.33023e+13
1.32907e+13
1.3279e+13
1.32673e+13
1.32557e+13
1.3244e+13
1.32323e+13
1.32206e+13
1.32089e+13
1.31971e+13
1.31854e+13
1.31736e+13
1.31619e+13
1.31501e+13
1.31383e+13
1.31265e+13
1.31147e+13
1.31029e+13
1.30911e+13
1.30792e+13
1.30674e+13
1.30555e+13
1.30436e+13
1.30317e+13
1.30199e+13
1.30079e+13
1.2996e+13
1.29841e+13
1.29722e+13
1.29602e+13
1.29483e+13
1.29363e+13
1.29243e+13
1.29123e+13
1.29003e+13
1.28883e+13
1.28763e+13
1.28642e+13
1.28522e+13
1.28401e+13
1.28281e+13
1.2816e+13
1.28039e+13
1.27918e+13
1.27797e+13
1.27676e+13
1.27554e+13
1.27433e+13
1.27312e+13
1.2719e+13
1.27068e+13
1.26946e+13
1.26824e+13
1.26702e+13
1.2658e+13
1.26458e+13
1.26336e+13
1.26213e+13
1.26091e+13
1.25968e+13
1.25845e+13
1.25722e+13
1.25599e+13
1.25476e+13
1.25353e+13
1.2523e+13
1.25106e+13
1.24983e+13
1.24859e+13
1.24736e+13
1.24612e+13
1.24488e+13
1.24364e+13
1.2424e+13
1.24115e+13
1.23991e+13
1.23867e+13
1.23742e+13
1.23618e+13
1.23493e+13
1.23368e+13
1.23243e+13
1.23118e+13
1.22993e+13
1.22868e+13
1.22742e+13
1.22617e+13
1.22491e+13
1.22366e+13
1.2224e+13
1.22114e+13
1.21988e+13
1.21862e+13
1.21736e+13
1.2161e+13
1.21484e+13
1.21357e+13
1.21231e+13
1.21104e+13
1.20977e+13
1.2085e+13
1.20723e+13
1.20596e+13
1.20469e+13
1.20342e+13
1.20215e+13
1.20087e+13
1.1996e+13
1.19832e+13
1.19704e+13
1.19577e+13
1.19449e+13
1.19321e+13
1.19192e+13
1.19064e+13
1.18936e+13
1.18807e+13
1.18679e+13
1.1855e+13
1.18422e+13
1.18293e+13
1.18164e+13
1.18035e+13
1.17906e+13
1.17777e+13
1.17647e+13
1.17518e+13
1.17388e+13
1.17259e+13
1.17129e+13
1.16999e+13
1.1687e+13
1.1674e+13
1.1661e+13
1.16479e+13
1.16349e+13
1.16219e+13
1.16088e+13
1.15958e+13
1.15827e+13
1.15696e+13
1.15566e+13
1.15435e+13
1.15304e+13
1.15172e+13
1.15041e+13
1.1491e+13
1.14779e+13
1.14647e+13
1.14515e+13
1.14384e+13
1.14252e+13
1.1412e+13
1.13988e+13
1.13856e+13
1.13724e+13
1.13592e+13
1.13459e+13
1.13327e+13
1.13194e+13
1.13062e+13
1.12929e+13
1.12796e+13
1.12663e+13
1.1253e+13
1.12397e+13
1.12264e+13
1.12131e+13
1.11997e+13
1.11864e+13
1.1173e+13
1.11597e+13
1.11463e+13
1.11329e+13
1.11195e+13
1.11061e+13
1.10927e+13
1.10793e+13
1.10658e+13
1.10524e+13
1.10389e+13
1.10255e+13
1.1012e+13
1.09985e+13
1.09851e+13
1.09716e+13
1.09581e+13
1.09445e+13
1.0931e+13
1.09175e+13
1.09039e+13
1.08904e+13
1.08768e+13
1.08633e+13
1.08497e+13
1.08361e+13
1.08225e+13
1.08089e+13
1.07953e+13
1.07817e+13
1.0768e+13
1.07544e+13
1.07407e+13
1.07271e+13
1.07134e+13
1.06997e+13
1.06861e+13
1.06724e+13
1.06587e+13
1.06449e+13
1.06312e+13
1.06175e+13
1.06037e+13
1.059e+13
1.05762e+13
1.05625e+13
1.05487e+13
1.05349e+13
1.05211e+13
1.05073e+13
1.04935e+13
1.04797e+13
1.04659e+13
1.0452e+13
1.04382e+13
1.04243e+13
1.04104e+13
1.03966e+13
1.03827e+13
1.03688e+13
1.03549e+13
1.0341e+13
1.03271e+13
1.03131e+13
1.02992e+13
1.02853e+13
1.02713e+13
1.02573e+13
1.02434e+13
1.02294e+13
1.02154e+13
1.02014e+13
1.01874e+13
1.01734e+13
1.01594e+13
1.01453e+13
1.01313e+13
1.01172e+13
1.01032e+13
1.00891e+13
1.0075e+13
1.00609e+13
1.00469e+13
1.00327e+13
1.00186e+13
1.00045e+13
9.99039e+12
9.97625e+12
9.96211e+12
9.94795e+12
9.93379e+12
9.91962e+12
9.90544e+12
9.89125e+12
9.87705e+12
9.86285e+12
9.84863e+12
9.83441e+12
9.82017e+12
9.80593e+12
9.79168e+12
9.77743e+12
9.76316e+12
9.74889e+12
9.7346e+12
9.72031e+12
9.70601e+12
9.6917e+12
9.67738e+12
9.66306e+12
9.64872e+12
9.63438e+12
9.62003e+12
9.60567e+12
9.5913e+12
9.57692e+12
9.56253e+12
9.54814e+12
9.53374e+12
9.51933e+12
9.50491e+12
9.49048e+12
9.47604e+12
9.4616e+12
9.44714e+12
9.43268e+12
9.41821e+12
9.40373e+12
9.38924e+12
9.37475e+12
9.36024e+12
9.34573e+12
9.33121e+12
9.31668e+12
9.30214e+12
9.2876e+12
9.27304e+12
9.25848e+12
9.24391e+12
9.22933e+12
9.21474e+12
9.20015e+12
9.18554e+12
9.17093e+12
9.15631e+12
9.14168e+12
9.12704e+12
9.1124e+12
9.09774e+12
9.08308e+12
9.06841e+12
9.05373e+12
9.03904e+12
9.02434e+12
9.00964e+12
8.99493e+12
8.98021e+12
8.96548e+12
8.95074e+12
8.936e+12
8.92124e+12
8.90648e+12
8.89171e+12
8.87693e+12
8.86215e+12
8.84735e+12
8.83255e+12
8.81774e+12
8.80292e+12
8.78809e+12
8.77325e+12
8.75841e+12
8.74356e+12
8.7287e+12
8.71383e+12
8.69895e+12
8.68407e+12
8.66918e+12
8.65427e+12
8.63937e+12
8.62445e+12
8.60952e+12
8.59459e+12
8.57965e+12
8.5647e+12
8.54974e+12
8.53477e+12
8.5198e+12
8.50482e+12
8.48983e+12
8.47483e+12
8.45982e+12
8.44481e+12
8.42979e+12
8.41475e+12
8.39972e+12
8.38467e+12
8.36961e+12
8.35455e+12
8.33948e+12
8.3244e+12
8.30931e+12
8.29422e+12
8.27912e+12
8.26401e+12
8.24889e+12
8.23376e+12
8.21862e+12
8.20348e+12
8.18833e+12
8.17317e+12
8.158e+12
8.14283e+12
8.12765e+12
8.11246e+12
8.09726e+12
8.08205e+12
8.06684e+12
8.05161e+12
8.03638e+12
8.02114e+12
8.0059e+12
7.99064e+12
7.97538e+12
7.96011e+12
7.94483e+12
7.92955e+12
7.91425e+12
7.89895e+12
7.88364e+12
7.86832e+12
7.853e+12
7.83766e+12
7.82232e+12
7.80697e+12
7.79162e+12
7.77625e+12
7.76088e+12
7.7455e+12
7.73011e+12
7.71471e+12
7.69931e+12
7.6839e+12
7.66848e+12
7.65305e+12
7.63761e+12
7.62217e+12
7.60672e+12
7.59126e+12
7.57579e+12
7.56032e+12
7.54484e+12
7.52935e+12
7.51385e+12
7.49834e+12
7.48283e+12
7.46731e+12
7.45178e+12
7.43624e+12
7.4207e+12
7.40515e+12
7.38959e+12
7.37402e+12
7.35844e+12
7.34286e+12
7.32727e+12
7.31167e+12
7.29606e+12
7.28045e+12
7.26483e+12
7.2492e+12
7.23356e+12
7.21792e+12
7.20226e+12
7.1866e+12
7.17094e+12
7.15526e+12
7.13958e+12
7.12388e+12
7.10819e+12
7.09248e+12
7.07677e+12
7.06104e+12
7.04531e+12
7.02958e+12
7.01383e+12
6.99808e+12
6.98232e+12
6.96655e+12
6.95078e+12
6.93499e+12
6.9192e+12
6.9034e+12
6.8876e+12
6.87179e+12
6.85596e+12
6.84014e+12
6.8243e+12
6.80846e+12
6.7926e+12
6.77675e+12
6.76088e+12
6.745e+12
6.72912e+12
6.71323e+12
6.69734e+12
6.68143e+12
6.66552e+12
6.6496e+12
6.63367e+12
6.61774e+12
6.6018e+12
6.58585e+12
6.56989e+12
6.55392e+12
6.53795e+12
6.52197e+12
6.50598e+12
6.48999e+12
6.47399e+12
6.45798e+12
6.44196e+12
6.42593e+12
6.4099e+12
6.39386e+12
6.37781e+12
6.36176e+12
6.3457e+12
6.32963e+12
6.31355e+12
6.29746e+12
6.28137e+12
6.26527e+12
6.24916e+12
6.23305e+12
6.21693e+12
6.2008e+12
6.18466e+12
6.16852e+12
6.15236e+12
6.1362e+12
6.12004e+12
6.10386e+12
6.08768e+12
6.07149e+12
6.0553e+12
6.03909e+12
6.02288e+12
6.00666e+12
5.99044e+12
5.9742e+12
5.95796e+12
5.94171e+12
5.92546e+12
5.90919e+12
5.89292e+12
5.87665e+12
5.86036e+12
5.84407e+12
5.82777e+12
5.81146e+12
5.79515e+12
5.77882e+12
5.76249e+12
5.74616e+12
5.72981e+12
5.71346e+12
5.6971e+12
5.68074e+12
5.66436e+12
5.64798e+12
5.63159e+12
5.6152e+12
5.5988e+12
5.58239e+12
5.56597e+12
5.54954e+12
5.53311e+12
5.51667e+12
5.50022e+12
5.48377e+12
5.46731e+12
5.45084e+12
5.43437e+12
5.41788e+12
5.40139e+12
5.38489e+12
5.36839e+12
5.35188e+12
5.33536e+12
5.31883e+12
5.3023e+12
5.28576e+12
5.26921e+12
5.25265e+12
5.23609e+12
5.21952e+12
5.20294e+12
5.18636e+12
5.16976e+12
5.15317e+12
5.13656e+12
5.11995e+12
5.10333e+12
5.0867e+12
5.07006e+12
5.05342e+12
5.03677e+12
5.02011e+12
5.00345e+12
4.98678e+12
4.9701e+12
4.95341e+12
4.93672e+12
4.92002e+12
4.90331e+12
4.8866e+12
4.86988e+12
4.85315e+12
4.83641e+12
4.81967e+12
4.80292e+12
4.78616e+12
4.7694e+12
4.75263e+12
4.73585e+12
4.71906e+12
4.70227e+12
4.68547e+12
4.66866e+12
4.65185e+12
4.63503e+12
4.6182e+12
4.60136e+12
4.58452e+12
4.56767e+12
4.55081e+12
4.53395e+12
4.51708e+12
4.5002e+12
4.48331e+12
4.46642e+12
4.44952e+12
4.43261e+12
4.4157e+12
4.39878e+12
4.38185e+12
4.36492e+12
4.34797e+12
4.33103e+12
4.31407e+12
4.29711e+12
4.28014e+12
4.26316e+12
4.24617e+12
4.22918e+12
4.21218e+12
4.19518e+12
4.17816e+12
4.16114e+12
4.14412e+12
4.12708e+12
4.11004e+12
4.09299e+12
4.07594e+12
4.05888e+12
4.04181e+12
4.02473e+12
4.00765e+12
3.99056e+12
3.97346e+12
3.95636e+12
3.93925e+12
3.92213e+12
3.905e+12
3.88787e+12
3.87073e+12
3.85359e+12
3.83643e+12
3.81927e+12
3.80211e+12
3.78493e+12
3.76775e+12
3.75056e+12
3.73337e+12
3.71617e+12
3.69896e+12
3.68174e+12
3.66452e+12
3.64729e+12
3.63005e+12
3.61281e+12
3.59556e+12
3.5783e+12
3.56104e+12
3.54377e+12
3.52649e+12
3.5092e+12
3.49191e+12
3.47461e+12
3.45731e+12
3.43999e+12
3.42267e+12
3.40535e+12
3.38801e+12
3.37067e+12
3.35332e+12
3.33597e+12
3.31861e+12
3.30124e+12
3.28386e+12
3.26648e+12
3.24909e+12
3.2317e+12
3.2143e+12
3.19689e+12
3.17947e+12
3.16205e+12
3.14462e+12
3.12718e+12
3.10973e+12
3.09228e+12
3.07483e+12
3.05736e+12
3.03989e+12
3.02241e+12
3.00493e+12
2.98744e+12
2.96994e+12
2.95243e+12
2.93492e+12
2.9174e+12
2.89987e+12
2.88234e+12
2.8648e+12
2.84725e+12
2.8297e+12
2.81214e+12
2.79457e+12
2.777e+12
2.75942e+12
2.74183e+12
2.72424e+12
2.70663e+12
2.68903e+12
2.67141e+12
2.65379e+12
2.63616e+12
2.61853e+12
2.60088e+12
2.58324e+12
2.56558e+12
2.54792e+12
2.53025e+12
2.51257e+12
2.49489e+12
2.4772e+12
2.4595e+12
2.4418e+12
2.42409e+12
2.40637e+12
2.38865e+12
2.37092e+12
2.35318e+12
2.33544e+12
2.31769e+12
2.29993e+12
2.28217e+12
2.2644e+12
2.24662e+12
2.22884e+12
2.21105e+12
2.19325e+12
2.17544e+12
2.15763e+12
2.13981e+12
2.12199e+12
2.10416e+12
2.08632e+12
2.06848e+12
2.05063e+12
2.03277e+12
2.0149e+12
1.99703e+12
1.97915e+12
1.96127e+12
1.94338e+12
1.92548e+12
1.90757e+12
1.88966e+12
1.87174e+12
1.85382e+12
1.83588e+12
1.81795e+12
1.8e+12
1.78205e+12
1.76409e+12
1.74613e+12
1.72815e+12
1.71017e+12
1.69219e+12
1.6742e+12
1.6562e+12
1.63819e+12
1.62018e+12
1.60216e+12
1.58414e+12
1.56611e+12
1.54807e+12
1.53002e+12
1.51197e+12
1.49391e+12
1.47585e+12
1.45777e+12
1.4397e+12
1.42161e+12
1.40352e+12
1.38542e+12
1.36732e+12
1.3492e+12
1.33109e+12
1.31296e+12
1.29483e+12
1.27669e+12
1.25855e+12
1.2404e+12
1.22224e+12
1.20407e+12
1.1859e+12
1.16772e+12
1.14954e+12
1.13135e+12
1.11315e+12
1.09495e+12
1.07674e+12
1.05852e+12
1.04029e+12
1.02206e+12
1.00383e+12
9.85583e+11
9.67333e+11
9.49076e+11
9.30813e+11
9.12543e+11
8.94266e+11
8.75983e+11
8.57693e+11
8.39397e+11
8.21094e+11
8.02785e+11
7.84469e+11
7.66146e+11
7.47817e+11
7.29481e+11
7.11139e+11
6.9279e+11
6.74435e+11
6.56073e+11
6.37705e+11
6.1933e+11
6.00948e+11
5.8256e+11
5.64165e+11
5.45764e+11
5.27357e+11
5.08942e+11
4.90522e+11
4.72094e+11
4.53661e+11
4.3522e+11
4.16774e+11
3.9832e+11
3.7986e+11
3.61394e+11
3.42921e+11
3.24442e+11
3.05956e+11
2.87464e+11
2.68965e+11
2.50459e+11
2.31947e+11
2.13429e+11
1.94904e+11
1.76373e+11
1.57835e+11
1.3929e+11
1.2074e+11
1.02182e+11
8.36183e+10
6.5048e+10
4.64712e+10
2.78879e+10
9.29812e+09
)
;

boundaryField
{
    inlet
    {
        type            darcyGradPressure_G;
        gradient        uniform 3.23949e+11;
        Mf              Mf;
        phi             phi;
        phiG            phiG;
        value           uniform 1.4788e+13;
    }
    outlet
    {
        type            fixedValue;
        value           uniform 0;
    }
    emptyWalls
    {
        type            empty;
    }
}


// ************************************************************************* //
