/*--------------------------------*- C++ -*----------------------------------*\
  =========                 |
  \\      /  F ield         | OpenFOAM: The Open Source CFD Toolbox
   \\    /   O peration     | Website:  https://openfoam.org
    \\  /    A nd           | Version:  9
     \\/     M anipulation  |
\*---------------------------------------------------------------------------*/
FoamFile
{
    format      ascii;
    class       volScalarField;
    location    "15.4";
    object      p;
}
// * * * * * * * * * * * * * * * * * * * * * * * * * * * * * * * * * * * * * //

dimensions      [0 0 0 0 0 0 0];

internalField   nonuniform List<scalar> 
1000
(
1.51488e+13
1.51389e+13
1.51289e+13
1.5119e+13
1.5109e+13
1.50991e+13
1.50891e+13
1.50791e+13
1.5069e+13
1.5059e+13
1.50489e+13
1.50389e+13
1.50288e+13
1.50187e+13
1.50085e+13
1.49984e+13
1.49883e+13
1.49781e+13
1.49679e+13
1.49577e+13
1.49475e+13
1.49373e+13
1.4927e+13
1.49168e+13
1.49065e+13
1.48962e+13
1.48859e+13
1.48756e+13
1.48653e+13
1.48549e+13
1.48445e+13
1.48342e+13
1.48238e+13
1.48134e+13
1.4803e+13
1.47925e+13
1.47821e+13
1.47716e+13
1.47611e+13
1.47506e+13
1.47401e+13
1.47296e+13
1.47191e+13
1.47085e+13
1.46979e+13
1.46874e+13
1.46768e+13
1.46662e+13
1.46555e+13
1.46449e+13
1.46343e+13
1.46236e+13
1.46129e+13
1.46022e+13
1.45915e+13
1.45808e+13
1.45701e+13
1.45593e+13
1.45486e+13
1.45378e+13
1.4527e+13
1.45162e+13
1.45054e+13
1.44945e+13
1.44837e+13
1.44728e+13
1.4462e+13
1.44511e+13
1.44402e+13
1.44293e+13
1.44183e+13
1.44074e+13
1.43965e+13
1.43855e+13
1.43745e+13
1.43635e+13
1.43525e+13
1.43415e+13
1.43305e+13
1.43194e+13
1.43084e+13
1.42973e+13
1.42862e+13
1.42751e+13
1.4264e+13
1.42529e+13
1.42417e+13
1.42306e+13
1.42194e+13
1.42082e+13
1.4197e+13
1.41858e+13
1.41746e+13
1.41634e+13
1.41521e+13
1.41409e+13
1.41296e+13
1.41183e+13
1.41071e+13
1.40957e+13
1.40844e+13
1.40731e+13
1.40617e+13
1.40504e+13
1.4039e+13
1.40276e+13
1.40162e+13
1.40048e+13
1.39934e+13
1.3982e+13
1.39705e+13
1.39591e+13
1.39476e+13
1.39361e+13
1.39246e+13
1.39131e+13
1.39016e+13
1.38901e+13
1.38785e+13
1.38669e+13
1.38554e+13
1.38438e+13
1.38322e+13
1.38206e+13
1.3809e+13
1.37973e+13
1.37857e+13
1.3774e+13
1.37624e+13
1.37507e+13
1.3739e+13
1.37273e+13
1.37156e+13
1.37038e+13
1.36921e+13
1.36803e+13
1.36686e+13
1.36568e+13
1.3645e+13
1.36332e+13
1.36214e+13
1.36095e+13
1.35977e+13
1.35859e+13
1.3574e+13
1.35621e+13
1.35502e+13
1.35383e+13
1.35264e+13
1.35145e+13
1.35026e+13
1.34906e+13
1.34787e+13
1.34667e+13
1.34547e+13
1.34427e+13
1.34307e+13
1.34187e+13
1.34067e+13
1.33946e+13
1.33826e+13
1.33705e+13
1.33584e+13
1.33463e+13
1.33342e+13
1.33221e+13
1.331e+13
1.32979e+13
1.32857e+13
1.32736e+13
1.32614e+13
1.32492e+13
1.3237e+13
1.32248e+13
1.32126e+13
1.32004e+13
1.31881e+13
1.31759e+13
1.31636e+13
1.31514e+13
1.31391e+13
1.31268e+13
1.31145e+13
1.31022e+13
1.30898e+13
1.30775e+13
1.30651e+13
1.30528e+13
1.30404e+13
1.3028e+13
1.30156e+13
1.30032e+13
1.29908e+13
1.29784e+13
1.29659e+13
1.29535e+13
1.2941e+13
1.29285e+13
1.2916e+13
1.29036e+13
1.2891e+13
1.28785e+13
1.2866e+13
1.28535e+13
1.28409e+13
1.28283e+13
1.28158e+13
1.28032e+13
1.27906e+13
1.2778e+13
1.27654e+13
1.27527e+13
1.27401e+13
1.27274e+13
1.27148e+13
1.27021e+13
1.26894e+13
1.26767e+13
1.2664e+13
1.26513e+13
1.26386e+13
1.26258e+13
1.26131e+13
1.26003e+13
1.25875e+13
1.25748e+13
1.2562e+13
1.25492e+13
1.25363e+13
1.25235e+13
1.25107e+13
1.24978e+13
1.2485e+13
1.24721e+13
1.24592e+13
1.24463e+13
1.24334e+13
1.24205e+13
1.24076e+13
1.23947e+13
1.23817e+13
1.23688e+13
1.23558e+13
1.23428e+13
1.23299e+13
1.23169e+13
1.23039e+13
1.22908e+13
1.22778e+13
1.22648e+13
1.22517e+13
1.22387e+13
1.22256e+13
1.22125e+13
1.21994e+13
1.21863e+13
1.21732e+13
1.21601e+13
1.2147e+13
1.21338e+13
1.21207e+13
1.21075e+13
1.20943e+13
1.20811e+13
1.20679e+13
1.20547e+13
1.20415e+13
1.20283e+13
1.20151e+13
1.20018e+13
1.19886e+13
1.19753e+13
1.1962e+13
1.19487e+13
1.19354e+13
1.19221e+13
1.19088e+13
1.18955e+13
1.18821e+13
1.18688e+13
1.18554e+13
1.18421e+13
1.18287e+13
1.18153e+13
1.18019e+13
1.17885e+13
1.17751e+13
1.17616e+13
1.17482e+13
1.17347e+13
1.17213e+13
1.17078e+13
1.16943e+13
1.16808e+13
1.16673e+13
1.16538e+13
1.16403e+13
1.16268e+13
1.16132e+13
1.15997e+13
1.15861e+13
1.15725e+13
1.1559e+13
1.15454e+13
1.15318e+13
1.15182e+13
1.15045e+13
1.14909e+13
1.14773e+13
1.14636e+13
1.145e+13
1.14363e+13
1.14226e+13
1.14089e+13
1.13952e+13
1.13815e+13
1.13678e+13
1.1354e+13
1.13403e+13
1.13266e+13
1.13128e+13
1.1299e+13
1.12852e+13
1.12715e+13
1.12577e+13
1.12439e+13
1.123e+13
1.12162e+13
1.12024e+13
1.11885e+13
1.11747e+13
1.11608e+13
1.11469e+13
1.1133e+13
1.11191e+13
1.11052e+13
1.10913e+13
1.10774e+13
1.10635e+13
1.10495e+13
1.10356e+13
1.10216e+13
1.10076e+13
1.09936e+13
1.09796e+13
1.09656e+13
1.09516e+13
1.09376e+13
1.09236e+13
1.09095e+13
1.08955e+13
1.08814e+13
1.08673e+13
1.08533e+13
1.08392e+13
1.08251e+13
1.0811e+13
1.07969e+13
1.07827e+13
1.07686e+13
1.07544e+13
1.07403e+13
1.07261e+13
1.07119e+13
1.06978e+13
1.06836e+13
1.06694e+13
1.06552e+13
1.06409e+13
1.06267e+13
1.06125e+13
1.05982e+13
1.0584e+13
1.05697e+13
1.05554e+13
1.05411e+13
1.05268e+13
1.05125e+13
1.04982e+13
1.04839e+13
1.04695e+13
1.04552e+13
1.04408e+13
1.04265e+13
1.04121e+13
1.03977e+13
1.03833e+13
1.03689e+13
1.03545e+13
1.03401e+13
1.03257e+13
1.03112e+13
1.02968e+13
1.02823e+13
1.02679e+13
1.02534e+13
1.02389e+13
1.02244e+13
1.02099e+13
1.01954e+13
1.01809e+13
1.01664e+13
1.01518e+13
1.01373e+13
1.01227e+13
1.01082e+13
1.00936e+13
1.0079e+13
1.00644e+13
1.00498e+13
1.00352e+13
1.00206e+13
1.00059e+13
9.9913e+12
9.97665e+12
9.96199e+12
9.94732e+12
9.93265e+12
9.91796e+12
9.90327e+12
9.88857e+12
9.87385e+12
9.85913e+12
9.8444e+12
9.82966e+12
9.81491e+12
9.80016e+12
9.78539e+12
9.77062e+12
9.75583e+12
9.74104e+12
9.72624e+12
9.71142e+12
9.6966e+12
9.68177e+12
9.66694e+12
9.65209e+12
9.63723e+12
9.62237e+12
9.60749e+12
9.59261e+12
9.57772e+12
9.56282e+12
9.54791e+12
9.53299e+12
9.51806e+12
9.50312e+12
9.48818e+12
9.47322e+12
9.45826e+12
9.44329e+12
9.42831e+12
9.41332e+12
9.39832e+12
9.38331e+12
9.36829e+12
9.35327e+12
9.33823e+12
9.32319e+12
9.30814e+12
9.29308e+12
9.27801e+12
9.26293e+12
9.24784e+12
9.23275e+12
9.21764e+12
9.20253e+12
9.18741e+12
9.17227e+12
9.15713e+12
9.14199e+12
9.12683e+12
9.11166e+12
9.09649e+12
9.0813e+12
9.06611e+12
9.05091e+12
9.0357e+12
9.02048e+12
9.00525e+12
8.99002e+12
8.97477e+12
8.95952e+12
8.94426e+12
8.92899e+12
8.91371e+12
8.89842e+12
8.88312e+12
8.86782e+12
8.8525e+12
8.83718e+12
8.82185e+12
8.80651e+12
8.79116e+12
8.7758e+12
8.76044e+12
8.74506e+12
8.72968e+12
8.71429e+12
8.69888e+12
8.68348e+12
8.66806e+12
8.65263e+12
8.6372e+12
8.62175e+12
8.6063e+12
8.59084e+12
8.57537e+12
8.55989e+12
8.54441e+12
8.52891e+12
8.51341e+12
8.4979e+12
8.48238e+12
8.46685e+12
8.45131e+12
8.43576e+12
8.42021e+12
8.40465e+12
8.38908e+12
8.3735e+12
8.35791e+12
8.34231e+12
8.32671e+12
8.31109e+12
8.29547e+12
8.27984e+12
8.2642e+12
8.24855e+12
8.2329e+12
8.21723e+12
8.20156e+12
8.18588e+12
8.17019e+12
8.15449e+12
8.13878e+12
8.12307e+12
8.10734e+12
8.09161e+12
8.07587e+12
8.06012e+12
8.04436e+12
8.0286e+12
8.01282e+12
7.99704e+12
7.98125e+12
7.96545e+12
7.94965e+12
7.93383e+12
7.91801e+12
7.90217e+12
7.88633e+12
7.87048e+12
7.85463e+12
7.83876e+12
7.82289e+12
7.807e+12
7.79111e+12
7.77521e+12
7.75931e+12
7.74339e+12
7.72747e+12
7.71154e+12
7.69559e+12
7.67965e+12
7.66369e+12
7.64772e+12
7.63175e+12
7.61577e+12
7.59978e+12
7.58378e+12
7.56777e+12
7.55176e+12
7.53574e+12
7.5197e+12
7.50367e+12
7.48762e+12
7.47156e+12
7.4555e+12
7.43943e+12
7.42334e+12
7.40726e+12
7.39116e+12
7.37505e+12
7.35894e+12
7.34282e+12
7.32669e+12
7.31055e+12
7.29441e+12
7.27825e+12
7.26209e+12
7.24592e+12
7.22974e+12
7.21355e+12
7.19736e+12
7.18116e+12
7.16494e+12
7.14873e+12
7.1325e+12
7.11626e+12
7.10002e+12
7.08377e+12
7.06751e+12
7.05124e+12
7.03496e+12
7.01868e+12
7.00239e+12
6.98609e+12
6.96978e+12
6.95346e+12
6.93714e+12
6.92081e+12
6.90446e+12
6.88812e+12
6.87176e+12
6.85539e+12
6.83902e+12
6.82264e+12
6.80625e+12
6.78985e+12
6.77345e+12
6.75704e+12
6.74062e+12
6.72419e+12
6.70775e+12
6.6913e+12
6.67485e+12
6.65839e+12
6.64192e+12
6.62544e+12
6.60896e+12
6.59247e+12
6.57596e+12
6.55946e+12
6.54294e+12
6.52641e+12
6.50988e+12
6.49334e+12
6.47679e+12
6.46023e+12
6.44367e+12
6.4271e+12
6.41052e+12
6.39393e+12
6.37733e+12
6.36073e+12
6.34411e+12
6.32749e+12
6.31087e+12
6.29423e+12
6.27759e+12
6.26093e+12
6.24427e+12
6.22761e+12
6.21093e+12
6.19425e+12
6.17756e+12
6.16086e+12
6.14415e+12
6.12744e+12
6.11071e+12
6.09398e+12
6.07724e+12
6.0605e+12
6.04374e+12
6.02698e+12
6.01021e+12
5.99343e+12
5.97665e+12
5.95985e+12
5.94305e+12
5.92624e+12
5.90943e+12
5.8926e+12
5.87577e+12
5.85893e+12
5.84208e+12
5.82522e+12
5.80836e+12
5.79149e+12
5.77461e+12
5.75772e+12
5.74083e+12
5.72392e+12
5.70701e+12
5.6901e+12
5.67317e+12
5.65624e+12
5.63929e+12
5.62234e+12
5.60539e+12
5.58842e+12
5.57145e+12
5.55447e+12
5.53748e+12
5.52048e+12
5.50348e+12
5.48647e+12
5.46945e+12
5.45242e+12
5.43539e+12
5.41835e+12
5.4013e+12
5.38424e+12
5.36717e+12
5.3501e+12
5.33302e+12
5.31593e+12
5.29884e+12
5.28173e+12
5.26462e+12
5.2475e+12
5.23037e+12
5.21324e+12
5.1961e+12
5.17895e+12
5.16179e+12
5.14462e+12
5.12745e+12
5.11027e+12
5.09308e+12
5.07589e+12
5.05868e+12
5.04147e+12
5.02425e+12
5.00703e+12
4.98979e+12
4.97255e+12
4.9553e+12
4.93805e+12
4.92078e+12
4.90351e+12
4.88623e+12
4.86894e+12
4.85165e+12
4.83434e+12
4.81703e+12
4.79972e+12
4.78239e+12
4.76506e+12
4.74772e+12
4.73037e+12
4.71301e+12
4.69565e+12
4.67828e+12
4.6609e+12
4.64351e+12
4.62612e+12
4.60872e+12
4.59131e+12
4.5739e+12
4.55647e+12
4.53904e+12
4.5216e+12
4.50415e+12
4.4867e+12
4.46924e+12
4.45177e+12
4.43429e+12
4.41681e+12
4.39932e+12
4.38182e+12
4.36431e+12
4.3468e+12
4.32928e+12
4.31175e+12
4.29421e+12
4.27667e+12
4.25912e+12
4.24156e+12
4.22399e+12
4.20642e+12
4.18883e+12
4.17125e+12
4.15365e+12
4.13604e+12
4.11843e+12
4.10081e+12
4.08319e+12
4.06555e+12
4.04791e+12
4.03026e+12
4.01261e+12
3.99494e+12
3.97727e+12
3.95959e+12
3.94191e+12
3.92422e+12
3.90651e+12
3.88881e+12
3.87109e+12
3.85337e+12
3.83564e+12
3.8179e+12
3.80015e+12
3.7824e+12
3.76464e+12
3.74687e+12
3.7291e+12
3.71132e+12
3.69353e+12
3.67573e+12
3.65792e+12
3.64011e+12
3.62229e+12
3.60447e+12
3.58663e+12
3.56879e+12
3.55094e+12
3.53308e+12
3.51522e+12
3.49735e+12
3.47947e+12
3.46159e+12
3.44369e+12
3.42579e+12
3.40788e+12
3.38997e+12
3.37205e+12
3.35412e+12
3.33618e+12
3.31824e+12
3.30028e+12
3.28232e+12
3.26436e+12
3.24638e+12
3.2284e+12
3.21041e+12
3.19242e+12
3.17442e+12
3.1564e+12
3.13839e+12
3.12036e+12
3.10233e+12
3.08429e+12
3.06624e+12
3.04819e+12
3.03013e+12
3.01206e+12
2.99398e+12
2.9759e+12
2.95781e+12
2.93971e+12
2.9216e+12
2.90349e+12
2.88537e+12
2.86724e+12
2.84911e+12
2.83097e+12
2.81282e+12
2.79466e+12
2.7765e+12
2.75833e+12
2.74015e+12
2.72197e+12
2.70377e+12
2.68557e+12
2.66737e+12
2.64915e+12
2.63093e+12
2.6127e+12
2.59447e+12
2.57622e+12
2.55797e+12
2.53972e+12
2.52145e+12
2.50318e+12
2.4849e+12
2.46661e+12
2.44832e+12
2.43002e+12
2.41171e+12
2.3934e+12
2.37507e+12
2.35674e+12
2.33841e+12
2.32006e+12
2.30171e+12
2.28335e+12
2.26499e+12
2.24662e+12
2.22824e+12
2.20985e+12
2.19145e+12
2.17305e+12
2.15464e+12
2.13623e+12
2.11781e+12
2.09938e+12
2.08094e+12
2.06249e+12
2.04404e+12
2.02558e+12
2.00712e+12
1.98864e+12
1.97016e+12
1.95168e+12
1.93318e+12
1.91468e+12
1.89617e+12
1.87766e+12
1.85913e+12
1.8406e+12
1.82206e+12
1.80352e+12
1.78497e+12
1.76641e+12
1.74784e+12
1.72927e+12
1.71069e+12
1.6921e+12
1.67351e+12
1.65491e+12
1.6363e+12
1.61768e+12
1.59906e+12
1.58043e+12
1.56179e+12
1.54315e+12
1.5245e+12
1.50584e+12
1.48718e+12
1.4685e+12
1.44982e+12
1.43114e+12
1.41244e+12
1.39374e+12
1.37504e+12
1.35632e+12
1.3376e+12
1.31887e+12
1.30013e+12
1.28139e+12
1.26264e+12
1.24388e+12
1.22512e+12
1.20635e+12
1.18757e+12
1.16878e+12
1.14999e+12
1.13119e+12
1.11239e+12
1.09357e+12
1.07475e+12
1.05592e+12
1.03709e+12
1.01825e+12
9.99398e+11
9.80542e+11
9.61679e+11
9.42809e+11
9.23932e+11
9.05048e+11
8.86157e+11
8.67259e+11
8.48354e+11
8.29442e+11
8.10523e+11
7.91597e+11
7.72663e+11
7.53723e+11
7.34776e+11
7.15822e+11
6.96861e+11
6.77893e+11
6.58918e+11
6.39935e+11
6.20946e+11
6.0195e+11
5.82947e+11
5.63937e+11
5.4492e+11
5.25896e+11
5.06865e+11
4.87827e+11
4.68782e+11
4.49729e+11
4.3067e+11
4.11604e+11
3.92531e+11
3.73452e+11
3.54365e+11
3.35271e+11
3.1617e+11
2.97062e+11
2.77947e+11
2.58826e+11
2.39697e+11
2.20561e+11
2.01418e+11
1.82269e+11
1.63112e+11
1.43949e+11
1.24778e+11
1.05601e+11
8.64165e+10
6.72252e+10
4.80269e+10
2.88217e+10
9.60955e+09
)
;

boundaryField
{
    inlet
    {
        type            darcyGradPressure_G;
        gradient        uniform 3.23949e+11;
        Mf              Mf;
        phi             phi;
        phiG            phiG;
        value           uniform 1.51537e+13;
    }
    outlet
    {
        type            fixedValue;
        value           uniform 0;
    }
    emptyWalls
    {
        type            empty;
    }
}


// ************************************************************************* //
