/*--------------------------------*- C++ -*----------------------------------*\
  =========                 |
  \\      /  F ield         | OpenFOAM: The Open Source CFD Toolbox
   \\    /   O peration     | Website:  https://openfoam.org
    \\  /    A nd           | Version:  9
     \\/     M anipulation  |
\*---------------------------------------------------------------------------*/
FoamFile
{
    format      ascii;
    class       volScalarField;
    location    "12";
    object      Fcsw;
}
// * * * * * * * * * * * * * * * * * * * * * * * * * * * * * * * * * * * * * //

dimensions      [0 0 0 0 0 0 0];

internalField   nonuniform List<scalar> 
1000
(
1.97295e-05
3.17281e-05
4.27591e-05
5.32924e-05
6.34921e-05
7.34375e-05
8.31736e-05
9.2729e-05
0.000102123
0.00011137
0.000120481
0.000129465
0.000138328
0.000147075
0.000155713
0.000164245
0.000172674
0.000181005
0.00018924
0.000197382
0.000205433
0.000213396
0.000221273
0.000229065
0.000236776
0.000244406
0.000251957
0.000259432
0.00026683
0.000274155
0.000281407
0.000288588
0.000295699
0.000302741
0.000309716
0.000316624
0.000323468
0.000330247
0.000336963
0.000343617
0.000350211
0.000356744
0.000363219
0.000369635
0.000375995
0.000382298
0.000388546
0.000394739
0.000400879
0.000406965
0.000413
0.000418983
0.000424916
0.000430799
0.000436632
0.000442418
0.000448155
0.000453846
0.00045949
0.000465088
0.000470642
0.00047615
0.000481615
0.000487037
0.000492416
0.000497753
0.000503048
0.000508302
0.000513516
0.000518689
0.000523824
0.000528919
0.000533976
0.000538995
0.000543977
0.000548922
0.00055383
0.000558702
0.000563539
0.00056834
0.000573107
0.00057784
0.000582538
0.000587204
0.000591836
0.000596436
0.000601003
0.000605539
0.000610043
0.000614516
0.000618958
0.00062337
0.000627752
0.000632104
0.000636428
0.000640722
0.000644987
0.000649224
0.000653433
0.000657615
0.000661769
0.000665896
0.000669997
0.000674071
0.000678118
0.00068214
0.000686137
0.000690108
0.000694054
0.000697976
0.000701873
0.000705746
0.000709595
0.00071342
0.000717222
0.000721
0.000724756
0.000728489
0.0007322
0.000735889
0.000739555
0.0007432
0.000746823
0.000750425
0.000754006
0.000757566
0.000761106
0.000764625
0.000768124
0.000771603
0.000775062
0.000778501
0.000781922
0.000785322
0.000788704
0.000792067
0.000795412
0.000798738
0.000802046
0.000805335
0.000808607
0.000811861
0.000815098
0.000818317
0.000821519
0.000824703
0.000827871
0.000831022
0.000834157
0.000837275
0.000840377
0.000843463
0.000846533
0.000849587
0.000852626
0.000855649
0.000858656
0.000861649
0.000864626
0.000867588
0.000870536
0.000873469
0.000876387
0.000879291
0.000882181
0.000885057
0.000887919
0.000890766
0.0008936
0.000896421
0.000899228
0.000902021
0.000904801
0.000907569
0.000910323
0.000913064
0.000915792
0.000918508
0.000921211
0.000923902
0.00092658
0.000929246
0.0009319
0.000934542
0.000937172
0.00093979
0.000942396
0.000944991
0.000947574
0.000950146
0.000952707
0.000955256
0.000957794
0.000960321
0.000962837
0.000965343
0.000967837
0.000970321
0.000972794
0.000975257
0.000977709
0.000980151
0.000982583
0.000985004
0.000987416
0.000989817
0.000992209
0.000994591
0.000996963
0.000999325
0.00100168
0.00100402
0.00100635
0.00100868
0.00101099
0.0010133
0.0010156
0.00101788
0.00102016
0.00102243
0.00102469
0.00102695
0.00102919
0.00103142
0.00103365
0.00103587
0.00103808
0.00104028
0.00104247
0.00104466
0.00104683
0.001049
0.00105116
0.00105331
0.00105546
0.00105759
0.00105972
0.00106184
0.00106395
0.00106606
0.00106816
0.00107025
0.00107233
0.00107441
0.00107647
0.00107853
0.00108059
0.00108263
0.00108467
0.00108671
0.00108873
0.00109075
0.00109276
0.00109476
0.00109676
0.00109875
0.00110074
0.00110271
0.00110469
0.00110665
0.00110861
0.00111056
0.0011125
0.00111444
0.00111637
0.0011183
0.00112022
0.00112213
0.00112404
0.00112594
0.00112784
0.00112972
0.00113161
0.00113349
0.00113536
0.00113722
0.00113908
0.00114094
0.00114278
0.00114463
0.00114646
0.00114829
0.00115012
0.00115194
0.00115375
0.00115556
0.00115737
0.00115917
0.00116096
0.00116275
0.00116453
0.00116631
0.00116808
0.00116985
0.00117161
0.00117336
0.00117512
0.00117686
0.0011786
0.00118034
0.00118207
0.0011838
0.00118552
0.00118724
0.00118895
0.00119066
0.00119236
0.00119406
0.00119576
0.00119745
0.00119913
0.00120081
0.00120249
0.00120416
0.00120583
0.00120749
0.00120915
0.0012108
0.00121245
0.00121409
0.00121573
0.00121737
0.001219
0.00122063
0.00122226
0.00122388
0.00122549
0.0012271
0.00122871
0.00123031
0.00123191
0.00123351
0.0012351
0.00123669
0.00123827
0.00123985
0.00124143
0.001243
0.00124457
0.00124613
0.0012477
0.00124925
0.00125081
0.00125236
0.0012539
0.00125545
0.00125699
0.00125852
0.00126005
0.00126158
0.00126311
0.00126463
0.00126615
0.00126766
0.00126917
0.00127068
0.00127219
0.00127369
0.00127519
0.00127668
0.00127817
0.00127966
0.00128114
0.00128263
0.00128411
0.00128558
0.00128705
0.00128852
0.00128999
0.00129145
0.00129291
0.00129437
0.00129582
0.00129727
0.00129872
0.00130017
0.00130161
0.00130305
0.00130448
0.00130592
0.00130735
0.00130877
0.0013102
0.00131162
0.00131304
0.00131446
0.00131587
0.00131728
0.00131869
0.0013201
0.0013215
0.0013229
0.0013243
0.00132569
0.00132708
0.00132847
0.00132986
0.00133125
0.00133263
0.00133401
0.00133538
0.00133676
0.00133813
0.0013395
0.00134087
0.00134223
0.00134359
0.00134495
0.00134631
0.00134767
0.00134902
0.00135037
0.00135172
0.00135306
0.00135441
0.00135575
0.00135709
0.00135843
0.00135976
0.00136109
0.00136242
0.00136375
0.00136508
0.0013664
0.00136772
0.00136904
0.00137036
0.00137167
0.00137299
0.0013743
0.00137561
0.00137691
0.00137822
0.00137952
0.00138082
0.00138212
0.00138342
0.00138471
0.00138601
0.0013873
0.00138859
0.00138988
0.00139116
0.00139245
0.00139373
0.00139501
0.00139629
0.00139756
0.00139884
0.00140011
0.00140138
0.00140265
0.00140392
0.00140518
0.00140645
0.00140771
0.00140897
0.00141023
0.00141148
0.00141274
0.00141399
0.00141525
0.0014165
0.00141775
0.00141899
0.00142024
0.00142148
0.00142272
0.00142397
0.0014252
0.00142644
0.00142768
0.00142891
0.00143015
0.00143138
0.00143261
0.00143384
0.00143507
0.00143629
0.00143752
0.00143874
0.00143996
0.00144118
0.0014424
0.00144362
0.00144483
0.00144605
0.00144726
0.00144847
0.00144968
0.00145089
0.0014521
0.00145331
0.00145451
0.00145572
0.00145692
0.00145812
0.00145932
0.00146052
0.00146172
0.00146291
0.00146411
0.0014653
0.0014665
0.00146769
0.00146888
0.00147007
0.00147126
0.00147244
0.00147363
0.00147482
0.001476
0.00147718
0.00147836
0.00147954
0.00148072
0.0014819
0.00148308
0.00148426
0.00148543
0.00148661
0.00148778
0.00148895
0.00149012
0.00149129
0.00149246
0.00149363
0.0014948
0.00149596
0.00149713
0.00149829
0.00149946
0.00150062
0.00150178
0.00150294
0.0015041
0.00150526
0.00150642
0.00150758
0.00150874
0.00150989
0.00151105
0.0015122
0.00151335
0.00151451
0.00151566
0.00151681
0.00151796
0.00151911
0.00152026
0.00152141
0.00152255
0.0015237
0.00152485
0.00152599
0.00152714
0.00152828
0.00152942
0.00153056
0.00153171
0.00153285
0.00153399
0.00153513
0.00153627
0.00153741
0.00153854
0.00153968
0.00154082
0.00154195
0.00154309
0.00154423
0.00154536
0.00154649
0.00154763
0.00154876
0.00154989
0.00155103
0.00155216
0.00155329
0.00155442
0.00155555
0.00155668
0.00155781
0.00155894
0.00156006
0.00156119
0.00156232
0.00156345
0.00156457
0.0015657
0.00156683
0.00156795
0.00156908
0.0015702
0.00157133
0.00157245
0.00157357
0.0015747
0.00157582
0.00157694
0.00157807
0.00157919
0.00158031
0.00158143
0.00158256
0.00158368
0.0015848
0.00158592
0.00158704
0.00158816
0.00158928
0.0015904
0.00159152
0.00159264
0.00159376
0.00159488
0.001596
0.00159712
0.00159824
0.00159936
0.00160048
0.0016016
0.00160272
0.00160384
0.00160496
0.00160608
0.0016072
0.00160832
0.00160944
0.00161056
0.00161168
0.0016128
0.00161392
0.00161504
0.00161616
0.00161728
0.0016184
0.00161952
0.00162064
0.00162176
0.00162288
0.001624
0.00162512
0.00162624
0.00162736
0.00162848
0.00162961
0.00163073
0.00163185
0.00163297
0.0016341
0.00163522
0.00163634
0.00163747
0.00163859
0.00163972
0.00164084
0.00164197
0.0016431
0.00164422
0.00164535
0.00164648
0.0016476
0.00164873
0.00164986
0.00165099
0.00165212
0.00165325
0.00165438
0.00165552
0.00165665
0.00165778
0.00165892
0.00166005
0.00166118
0.00166232
0.00166346
0.00166459
0.00166573
0.00166687
0.00166801
0.00166915
0.00167029
0.00167144
0.00167258
0.00167372
0.00167487
0.00167602
0.00167716
0.00167831
0.00167946
0.00168061
0.00168176
0.00168291
0.00168407
0.00168522
0.00168638
0.00168754
0.00168869
0.00168985
0.00169101
0.00169218
0.00169334
0.00169451
0.00169567
0.00169684
0.00169801
0.00169918
0.00170035
0.00170153
0.0017027
0.00170388
0.00170506
0.00170624
0.00170742
0.00170861
0.00170979
0.00171098
0.00171217
0.00171336
0.00171456
0.00171575
0.00171695
0.00171815
0.00171935
0.00172056
0.00172176
0.00172297
0.00172418
0.0017254
0.00172661
0.00172783
0.00172905
0.00173028
0.0017315
0.00173273
0.00173397
0.0017352
0.00173644
0.00173768
0.00173892
0.00174017
0.00174142
0.00174267
0.00174393
0.00174519
0.00174645
0.00174772
0.00174899
0.00175027
0.00175154
0.00175283
0.00175411
0.0017554
0.0017567
0.00175799
0.0017593
0.0017606
0.00176192
0.00176323
0.00176455
0.00176588
0.00176721
0.00176854
0.00176988
0.00177123
0.00177258
0.00177394
0.0017753
0.00177667
0.00177805
0.00177943
0.00178081
0.00178221
0.00178361
0.00178501
0.00178643
0.00178785
0.00178927
0.00179071
0.00179215
0.0017936
0.00179506
0.00179653
0.001798
0.00179948
0.00180098
0.00180248
0.00180399
0.00180551
0.00180704
0.00180858
0.00181013
0.00181169
0.00181326
0.00181485
0.00181644
0.00181805
0.00181967
0.0018213
0.00182294
0.0018246
0.00182627
0.00182796
0.00182966
0.00183137
0.0018331
0.00183485
0.00183661
0.00183839
0.00184018
0.001842
0.00184383
0.00184568
0.00184755
0.00184944
0.00185135
0.00185328
0.00185524
0.00185722
0.00185922
0.00186124
0.00186329
0.00186537
0.00186747
0.0018696
0.00187176
0.00187395
0.00187617
0.00187842
0.0018807
0.00188302
0.00188537
0.00188776
0.00189019
0.00189265
0.00189516
0.00189771
0.0019003
0.00190294
0.00190563
0.00190836
0.00191115
0.00191398
0.00191688
0.00191983
0.00192284
0.00192591
0.00192904
0.00193225
0.00193552
0.00193886
0.00194228
0.00194578
0.00194937
0.00195304
0.00195679
0.00196065
0.0019646
0.00196865
0.00197281
0.00197708
0.00198148
0.00198599
0.00199063
0.00199541
0.00200033
0.0020054
0.00201063
0.00201602
0.00202158
0.00202733
0.00203326
0.0020394
0.00204575
0.00205232
0.00205913
0.00206619
0.00207351
0.00208111
0.00208901
0.00209721
0.00210574
0.00211463
0.00212388
0.00213353
0.00214359
0.0021541
0.00216508
0.00217656
0.00218858
0.00220117
0.00221437
0.00222823
0.00224278
0.00225808
0.00227418
0.00229115
0.00230904
0.00232792
0.00234788
0.00236899
0.00239135
0.00241506
0.00244023
0.00246699
0.00249547
0.00252582
0.00255821
0.00259283
0.00262988
0.00266961
0.00271225
0.00275812
0.00280754
0.00286088
0.00291855
0.00298105
0.00304891
0.00312274
0.00320328
0.00329133
0.00338785
0.00349393
0.00361087
0.00374016
0.00388359
0.00404325
0.00422165
0.00442178
0.00464726
0.00490249
0.00519285
0.00552502
0.00590728
0.00635009
0.00686678
0.00747451
0.00819574
0.00906026
0.0101082
0.011395
0.0129982
0.0150298
0.0176558
0.0211309
0.0258615
0.0325289
0.0423452
0.0576374
0.0833333
0.131456
0.237778
0.549953
1.81567
0.459271
-0.306397
-0.49279
-0.317778
-0.047554
0.185852
0.307513
0.286186
0.175224
0.057679
-0.0249442
-0.0706212
-0.0896234
-0.0906848
-0.0788634
-0.0573057
-0.0293247
0.000392356
0.0259867
0.0420853
0.0459868
0.0387816
0.0245321
0.00823347
-0.00600289
-0.0157508
-0.0202044
-0.0197508
-0.0155315
-0.00909316
-0.00209454
0.00397529
0.00805399
0.00967547
0.00898847
0.006616
0.00341593
0.000233624
-0.00228035
-0.00375948
-0.00412676
-0.00354303
-0.00232449
-0.000850475
0.000522497
)
;

boundaryField
{
    inlet
    {
        type            calculated;
        value           uniform 1.97295e-05;
    }
    outlet
    {
        type            calculated;
        value           uniform 0.000522497;
    }
    emptyWalls
    {
        type            empty;
    }
}


// ************************************************************************* //
