/*--------------------------------*- C++ -*----------------------------------*\
  =========                 |
  \\      /  F ield         | OpenFOAM: The Open Source CFD Toolbox
   \\    /   O peration     | Website:  https://openfoam.org
    \\  /    A nd           | Version:  9
     \\/     M anipulation  |
\*---------------------------------------------------------------------------*/
FoamFile
{
    format      ascii;
    class       volVectorField;
    location    "17.1";
    object      Ua;
}
// * * * * * * * * * * * * * * * * * * * * * * * * * * * * * * * * * * * * * //

dimensions      [0 0 0 0 0 0 0];

internalField   nonuniform List<vector> 
1000
(
(0.709421 0 0)
(0.709421 0 0)
(0.70942 0 0)
(0.70942 0 0)
(0.709419 0 0)
(0.709419 0 0)
(0.709418 0 0)
(0.709417 0 0)
(0.709416 0 0)
(0.709415 0 0)
(0.709414 0 0)
(0.709413 0 0)
(0.709412 0 0)
(0.70941 0 0)
(0.709409 0 0)
(0.709407 0 0)
(0.709406 0 0)
(0.709404 0 0)
(0.709402 0 0)
(0.7094 0 0)
(0.709398 0 0)
(0.709396 0 0)
(0.709394 0 0)
(0.709392 0 0)
(0.70939 0 0)
(0.709387 0 0)
(0.709385 0 0)
(0.709382 0 0)
(0.70938 0 0)
(0.709377 0 0)
(0.709374 0 0)
(0.709372 0 0)
(0.709369 0 0)
(0.709366 0 0)
(0.709363 0 0)
(0.70936 0 0)
(0.709356 0 0)
(0.709353 0 0)
(0.70935 0 0)
(0.709347 0 0)
(0.709343 0 0)
(0.70934 0 0)
(0.709336 0 0)
(0.709332 0 0)
(0.709329 0 0)
(0.709325 0 0)
(0.709321 0 0)
(0.709317 0 0)
(0.709313 0 0)
(0.709309 0 0)
(0.709305 0 0)
(0.709301 0 0)
(0.709297 0 0)
(0.709292 0 0)
(0.709288 0 0)
(0.709284 0 0)
(0.709279 0 0)
(0.709275 0 0)
(0.70927 0 0)
(0.709266 0 0)
(0.709261 0 0)
(0.709256 0 0)
(0.709251 0 0)
(0.709246 0 0)
(0.709241 0 0)
(0.709236 0 0)
(0.709231 0 0)
(0.709226 0 0)
(0.709221 0 0)
(0.709216 0 0)
(0.709211 0 0)
(0.709205 0 0)
(0.7092 0 0)
(0.709194 0 0)
(0.709189 0 0)
(0.709183 0 0)
(0.709178 0 0)
(0.709172 0 0)
(0.709166 0 0)
(0.709161 0 0)
(0.709155 0 0)
(0.709149 0 0)
(0.709143 0 0)
(0.709137 0 0)
(0.709131 0 0)
(0.709125 0 0)
(0.709119 0 0)
(0.709113 0 0)
(0.709107 0 0)
(0.7091 0 0)
(0.709094 0 0)
(0.709088 0 0)
(0.709081 0 0)
(0.709075 0 0)
(0.709068 0 0)
(0.709062 0 0)
(0.709055 0 0)
(0.709049 0 0)
(0.709042 0 0)
(0.709035 0 0)
(0.709028 0 0)
(0.709022 0 0)
(0.709015 0 0)
(0.709008 0 0)
(0.709001 0 0)
(0.708994 0 0)
(0.708987 0 0)
(0.70898 0 0)
(0.708973 0 0)
(0.708965 0 0)
(0.708958 0 0)
(0.708951 0 0)
(0.708944 0 0)
(0.708936 0 0)
(0.708929 0 0)
(0.708921 0 0)
(0.708914 0 0)
(0.708906 0 0)
(0.708899 0 0)
(0.708891 0 0)
(0.708884 0 0)
(0.708876 0 0)
(0.708868 0 0)
(0.708861 0 0)
(0.708853 0 0)
(0.708845 0 0)
(0.708837 0 0)
(0.708829 0 0)
(0.708821 0 0)
(0.708813 0 0)
(0.708805 0 0)
(0.708797 0 0)
(0.708789 0 0)
(0.708781 0 0)
(0.708773 0 0)
(0.708764 0 0)
(0.708756 0 0)
(0.708748 0 0)
(0.70874 0 0)
(0.708731 0 0)
(0.708723 0 0)
(0.708714 0 0)
(0.708706 0 0)
(0.708697 0 0)
(0.708689 0 0)
(0.70868 0 0)
(0.708672 0 0)
(0.708663 0 0)
(0.708654 0 0)
(0.708646 0 0)
(0.708637 0 0)
(0.708628 0 0)
(0.708619 0 0)
(0.70861 0 0)
(0.708602 0 0)
(0.708593 0 0)
(0.708584 0 0)
(0.708575 0 0)
(0.708566 0 0)
(0.708557 0 0)
(0.708547 0 0)
(0.708538 0 0)
(0.708529 0 0)
(0.70852 0 0)
(0.708511 0 0)
(0.708502 0 0)
(0.708492 0 0)
(0.708483 0 0)
(0.708474 0 0)
(0.708464 0 0)
(0.708455 0 0)
(0.708445 0 0)
(0.708436 0 0)
(0.708426 0 0)
(0.708417 0 0)
(0.708407 0 0)
(0.708398 0 0)
(0.708388 0 0)
(0.708378 0 0)
(0.708369 0 0)
(0.708359 0 0)
(0.708349 0 0)
(0.70834 0 0)
(0.70833 0 0)
(0.70832 0 0)
(0.70831 0 0)
(0.7083 0 0)
(0.70829 0 0)
(0.70828 0 0)
(0.70827 0 0)
(0.70826 0 0)
(0.70825 0 0)
(0.70824 0 0)
(0.70823 0 0)
(0.70822 0 0)
(0.70821 0 0)
(0.7082 0 0)
(0.70819 0 0)
(0.708179 0 0)
(0.708169 0 0)
(0.708159 0 0)
(0.708149 0 0)
(0.708138 0 0)
(0.708128 0 0)
(0.708117 0 0)
(0.708107 0 0)
(0.708097 0 0)
(0.708086 0 0)
(0.708076 0 0)
(0.708065 0 0)
(0.708055 0 0)
(0.708044 0 0)
(0.708033 0 0)
(0.708023 0 0)
(0.708012 0 0)
(0.708002 0 0)
(0.707991 0 0)
(0.70798 0 0)
(0.707969 0 0)
(0.707959 0 0)
(0.707948 0 0)
(0.707937 0 0)
(0.707926 0 0)
(0.707915 0 0)
(0.707904 0 0)
(0.707893 0 0)
(0.707883 0 0)
(0.707872 0 0)
(0.707861 0 0)
(0.70785 0 0)
(0.707839 0 0)
(0.707828 0 0)
(0.707816 0 0)
(0.707805 0 0)
(0.707794 0 0)
(0.707783 0 0)
(0.707772 0 0)
(0.707761 0 0)
(0.707749 0 0)
(0.707738 0 0)
(0.707727 0 0)
(0.707716 0 0)
(0.707704 0 0)
(0.707693 0 0)
(0.707682 0 0)
(0.70767 0 0)
(0.707659 0 0)
(0.707648 0 0)
(0.707636 0 0)
(0.707625 0 0)
(0.707613 0 0)
(0.707602 0 0)
(0.70759 0 0)
(0.707579 0 0)
(0.707567 0 0)
(0.707555 0 0)
(0.707544 0 0)
(0.707532 0 0)
(0.70752 0 0)
(0.707509 0 0)
(0.707497 0 0)
(0.707485 0 0)
(0.707474 0 0)
(0.707462 0 0)
(0.70745 0 0)
(0.707438 0 0)
(0.707426 0 0)
(0.707415 0 0)
(0.707403 0 0)
(0.707391 0 0)
(0.707379 0 0)
(0.707367 0 0)
(0.707355 0 0)
(0.707343 0 0)
(0.707331 0 0)
(0.707319 0 0)
(0.707307 0 0)
(0.707295 0 0)
(0.707283 0 0)
(0.707271 0 0)
(0.707259 0 0)
(0.707247 0 0)
(0.707235 0 0)
(0.707222 0 0)
(0.70721 0 0)
(0.707198 0 0)
(0.707186 0 0)
(0.707174 0 0)
(0.707161 0 0)
(0.707149 0 0)
(0.707137 0 0)
(0.707125 0 0)
(0.707112 0 0)
(0.7071 0 0)
(0.707088 0 0)
(0.707075 0 0)
(0.707063 0 0)
(0.70705 0 0)
(0.707038 0 0)
(0.707025 0 0)
(0.707013 0 0)
(0.707001 0 0)
(0.706988 0 0)
(0.706975 0 0)
(0.706963 0 0)
(0.70695 0 0)
(0.706938 0 0)
(0.706925 0 0)
(0.706913 0 0)
(0.7069 0 0)
(0.706887 0 0)
(0.706875 0 0)
(0.706862 0 0)
(0.706849 0 0)
(0.706837 0 0)
(0.706824 0 0)
(0.706811 0 0)
(0.706798 0 0)
(0.706786 0 0)
(0.706773 0 0)
(0.70676 0 0)
(0.706747 0 0)
(0.706734 0 0)
(0.706721 0 0)
(0.706709 0 0)
(0.706696 0 0)
(0.706683 0 0)
(0.70667 0 0)
(0.706657 0 0)
(0.706644 0 0)
(0.706631 0 0)
(0.706618 0 0)
(0.706605 0 0)
(0.706592 0 0)
(0.706579 0 0)
(0.706566 0 0)
(0.706553 0 0)
(0.70654 0 0)
(0.706527 0 0)
(0.706513 0 0)
(0.7065 0 0)
(0.706487 0 0)
(0.706474 0 0)
(0.706461 0 0)
(0.706448 0 0)
(0.706434 0 0)
(0.706421 0 0)
(0.706408 0 0)
(0.706395 0 0)
(0.706381 0 0)
(0.706368 0 0)
(0.706355 0 0)
(0.706342 0 0)
(0.706328 0 0)
(0.706315 0 0)
(0.706302 0 0)
(0.706288 0 0)
(0.706275 0 0)
(0.706261 0 0)
(0.706248 0 0)
(0.706235 0 0)
(0.706221 0 0)
(0.706208 0 0)
(0.706194 0 0)
(0.706181 0 0)
(0.706167 0 0)
(0.706154 0 0)
(0.70614 0 0)
(0.706127 0 0)
(0.706113 0 0)
(0.706099 0 0)
(0.706086 0 0)
(0.706072 0 0)
(0.706059 0 0)
(0.706045 0 0)
(0.706031 0 0)
(0.706018 0 0)
(0.706004 0 0)
(0.70599 0 0)
(0.705977 0 0)
(0.705963 0 0)
(0.705949 0 0)
(0.705935 0 0)
(0.705922 0 0)
(0.705908 0 0)
(0.705894 0 0)
(0.70588 0 0)
(0.705867 0 0)
(0.705853 0 0)
(0.705839 0 0)
(0.705825 0 0)
(0.705811 0 0)
(0.705797 0 0)
(0.705784 0 0)
(0.70577 0 0)
(0.705756 0 0)
(0.705742 0 0)
(0.705728 0 0)
(0.705714 0 0)
(0.7057 0 0)
(0.705686 0 0)
(0.705672 0 0)
(0.705658 0 0)
(0.705644 0 0)
(0.70563 0 0)
(0.705616 0 0)
(0.705602 0 0)
(0.705588 0 0)
(0.705574 0 0)
(0.70556 0 0)
(0.705546 0 0)
(0.705531 0 0)
(0.705517 0 0)
(0.705503 0 0)
(0.705489 0 0)
(0.705475 0 0)
(0.705461 0 0)
(0.705447 0 0)
(0.705432 0 0)
(0.705418 0 0)
(0.705404 0 0)
(0.70539 0 0)
(0.705375 0 0)
(0.705361 0 0)
(0.705347 0 0)
(0.705333 0 0)
(0.705318 0 0)
(0.705304 0 0)
(0.70529 0 0)
(0.705275 0 0)
(0.705261 0 0)
(0.705247 0 0)
(0.705232 0 0)
(0.705218 0 0)
(0.705204 0 0)
(0.705189 0 0)
(0.705175 0 0)
(0.70516 0 0)
(0.705146 0 0)
(0.705132 0 0)
(0.705117 0 0)
(0.705103 0 0)
(0.705088 0 0)
(0.705074 0 0)
(0.705059 0 0)
(0.705045 0 0)
(0.70503 0 0)
(0.705016 0 0)
(0.705001 0 0)
(0.704987 0 0)
(0.704972 0 0)
(0.704957 0 0)
(0.704943 0 0)
(0.704928 0 0)
(0.704914 0 0)
(0.704899 0 0)
(0.704884 0 0)
(0.70487 0 0)
(0.704855 0 0)
(0.70484 0 0)
(0.704826 0 0)
(0.704811 0 0)
(0.704796 0 0)
(0.704782 0 0)
(0.704767 0 0)
(0.704752 0 0)
(0.704738 0 0)
(0.704723 0 0)
(0.704708 0 0)
(0.704693 0 0)
(0.704678 0 0)
(0.704664 0 0)
(0.704649 0 0)
(0.704634 0 0)
(0.704619 0 0)
(0.704604 0 0)
(0.70459 0 0)
(0.704575 0 0)
(0.70456 0 0)
(0.704545 0 0)
(0.70453 0 0)
(0.704515 0 0)
(0.7045 0 0)
(0.704485 0 0)
(0.704471 0 0)
(0.704456 0 0)
(0.704441 0 0)
(0.704426 0 0)
(0.704411 0 0)
(0.704396 0 0)
(0.704381 0 0)
(0.704366 0 0)
(0.704351 0 0)
(0.704336 0 0)
(0.704321 0 0)
(0.704306 0 0)
(0.704291 0 0)
(0.704276 0 0)
(0.704261 0 0)
(0.704246 0 0)
(0.704231 0 0)
(0.704216 0 0)
(0.7042 0 0)
(0.704185 0 0)
(0.70417 0 0)
(0.704155 0 0)
(0.70414 0 0)
(0.704125 0 0)
(0.70411 0 0)
(0.704095 0 0)
(0.704079 0 0)
(0.704064 0 0)
(0.704049 0 0)
(0.704034 0 0)
(0.704019 0 0)
(0.704003 0 0)
(0.703988 0 0)
(0.703973 0 0)
(0.703958 0 0)
(0.703942 0 0)
(0.703927 0 0)
(0.703912 0 0)
(0.703897 0 0)
(0.703881 0 0)
(0.703866 0 0)
(0.703851 0 0)
(0.703835 0 0)
(0.70382 0 0)
(0.703805 0 0)
(0.703789 0 0)
(0.703774 0 0)
(0.703759 0 0)
(0.703743 0 0)
(0.703728 0 0)
(0.703713 0 0)
(0.703697 0 0)
(0.703682 0 0)
(0.703666 0 0)
(0.703651 0 0)
(0.703636 0 0)
(0.70362 0 0)
(0.703605 0 0)
(0.703589 0 0)
(0.703574 0 0)
(0.703558 0 0)
(0.703543 0 0)
(0.703527 0 0)
(0.703512 0 0)
(0.703496 0 0)
(0.703481 0 0)
(0.703465 0 0)
(0.70345 0 0)
(0.703434 0 0)
(0.703419 0 0)
(0.703403 0 0)
(0.703388 0 0)
(0.703372 0 0)
(0.703356 0 0)
(0.703341 0 0)
(0.703325 0 0)
(0.70331 0 0)
(0.703294 0 0)
(0.703278 0 0)
(0.703263 0 0)
(0.703247 0 0)
(0.703232 0 0)
(0.703216 0 0)
(0.7032 0 0)
(0.703185 0 0)
(0.703169 0 0)
(0.703153 0 0)
(0.703138 0 0)
(0.703122 0 0)
(0.703106 0 0)
(0.70309 0 0)
(0.703075 0 0)
(0.703059 0 0)
(0.703043 0 0)
(0.703027 0 0)
(0.703012 0 0)
(0.702996 0 0)
(0.70298 0 0)
(0.702964 0 0)
(0.702949 0 0)
(0.702933 0 0)
(0.702917 0 0)
(0.702901 0 0)
(0.702885 0 0)
(0.70287 0 0)
(0.702854 0 0)
(0.702838 0 0)
(0.702822 0 0)
(0.702806 0 0)
(0.70279 0 0)
(0.702774 0 0)
(0.702759 0 0)
(0.702743 0 0)
(0.702727 0 0)
(0.702711 0 0)
(0.702695 0 0)
(0.702679 0 0)
(0.702663 0 0)
(0.702647 0 0)
(0.702631 0 0)
(0.702615 0 0)
(0.702599 0 0)
(0.702583 0 0)
(0.702568 0 0)
(0.702552 0 0)
(0.702536 0 0)
(0.70252 0 0)
(0.702504 0 0)
(0.702488 0 0)
(0.702472 0 0)
(0.702456 0 0)
(0.70244 0 0)
(0.702423 0 0)
(0.702407 0 0)
(0.702391 0 0)
(0.702375 0 0)
(0.702359 0 0)
(0.702343 0 0)
(0.702327 0 0)
(0.702311 0 0)
(0.702295 0 0)
(0.702279 0 0)
(0.702263 0 0)
(0.702247 0 0)
(0.702231 0 0)
(0.702214 0 0)
(0.702198 0 0)
(0.702182 0 0)
(0.702166 0 0)
(0.70215 0 0)
(0.702134 0 0)
(0.702118 0 0)
(0.702101 0 0)
(0.702085 0 0)
(0.702069 0 0)
(0.702053 0 0)
(0.702037 0 0)
(0.70202 0 0)
(0.702004 0 0)
(0.701988 0 0)
(0.701972 0 0)
(0.701956 0 0)
(0.701939 0 0)
(0.701923 0 0)
(0.701907 0 0)
(0.70189 0 0)
(0.701874 0 0)
(0.701858 0 0)
(0.701842 0 0)
(0.701825 0 0)
(0.701809 0 0)
(0.701793 0 0)
(0.701776 0 0)
(0.70176 0 0)
(0.701744 0 0)
(0.701728 0 0)
(0.701711 0 0)
(0.701695 0 0)
(0.701678 0 0)
(0.701662 0 0)
(0.701646 0 0)
(0.701629 0 0)
(0.701613 0 0)
(0.701597 0 0)
(0.70158 0 0)
(0.701564 0 0)
(0.701547 0 0)
(0.701531 0 0)
(0.701515 0 0)
(0.701498 0 0)
(0.701482 0 0)
(0.701465 0 0)
(0.701449 0 0)
(0.701433 0 0)
(0.701416 0 0)
(0.7014 0 0)
(0.701383 0 0)
(0.701367 0 0)
(0.70135 0 0)
(0.701334 0 0)
(0.701317 0 0)
(0.701301 0 0)
(0.701284 0 0)
(0.701268 0 0)
(0.701251 0 0)
(0.701235 0 0)
(0.701218 0 0)
(0.701202 0 0)
(0.701185 0 0)
(0.701169 0 0)
(0.701152 0 0)
(0.701135 0 0)
(0.701119 0 0)
(0.701102 0 0)
(0.701086 0 0)
(0.701069 0 0)
(0.701053 0 0)
(0.701036 0 0)
(0.701019 0 0)
(0.701003 0 0)
(0.700986 0 0)
(0.70097 0 0)
(0.700953 0 0)
(0.700936 0 0)
(0.70092 0 0)
(0.700903 0 0)
(0.700886 0 0)
(0.70087 0 0)
(0.700853 0 0)
(0.700836 0 0)
(0.70082 0 0)
(0.700803 0 0)
(0.700786 0 0)
(0.70077 0 0)
(0.700753 0 0)
(0.700736 0 0)
(0.70072 0 0)
(0.700703 0 0)
(0.700686 0 0)
(0.700669 0 0)
(0.700653 0 0)
(0.700636 0 0)
(0.700619 0 0)
(0.700603 0 0)
(0.700586 0 0)
(0.700569 0 0)
(0.700552 0 0)
(0.700535 0 0)
(0.700519 0 0)
(0.700502 0 0)
(0.700485 0 0)
(0.700468 0 0)
(0.700452 0 0)
(0.700435 0 0)
(0.700418 0 0)
(0.700401 0 0)
(0.700384 0 0)
(0.700367 0 0)
(0.700351 0 0)
(0.700334 0 0)
(0.700317 0 0)
(0.7003 0 0)
(0.700283 0 0)
(0.700266 0 0)
(0.70025 0 0)
(0.700233 0 0)
(0.700216 0 0)
(0.700199 0 0)
(0.700182 0 0)
(0.700165 0 0)
(0.700148 0 0)
(0.700131 0 0)
(0.700114 0 0)
(0.700097 0 0)
(0.700081 0 0)
(0.700064 0 0)
(0.700047 0 0)
(0.70003 0 0)
(0.700013 0 0)
(0.699996 0 0)
(0.699979 0 0)
(0.699962 0 0)
(0.699945 0 0)
(0.699928 0 0)
(0.699911 0 0)
(0.699894 0 0)
(0.699877 0 0)
(0.69986 0 0)
(0.699843 0 0)
(0.699826 0 0)
(0.699809 0 0)
(0.699792 0 0)
(0.699775 0 0)
(0.699758 0 0)
(0.699741 0 0)
(0.699724 0 0)
(0.699707 0 0)
(0.69969 0 0)
(0.699673 0 0)
(0.699656 0 0)
(0.699639 0 0)
(0.699622 0 0)
(0.699605 0 0)
(0.699588 0 0)
(0.69957 0 0)
(0.699553 0 0)
(0.699536 0 0)
(0.699519 0 0)
(0.699502 0 0)
(0.699485 0 0)
(0.699468 0 0)
(0.699451 0 0)
(0.699434 0 0)
(0.699417 0 0)
(0.699399 0 0)
(0.699382 0 0)
(0.699365 0 0)
(0.699348 0 0)
(0.699331 0 0)
(0.699314 0 0)
(0.699297 0 0)
(0.699279 0 0)
(0.699262 0 0)
(0.699245 0 0)
(0.699228 0 0)
(0.699211 0 0)
(0.699193 0 0)
(0.699176 0 0)
(0.699159 0 0)
(0.699142 0 0)
(0.699125 0 0)
(0.699107 0 0)
(0.69909 0 0)
(0.699073 0 0)
(0.699056 0 0)
(0.699038 0 0)
(0.699021 0 0)
(0.699004 0 0)
(0.698987 0 0)
(0.698969 0 0)
(0.698952 0 0)
(0.698935 0 0)
(0.698918 0 0)
(0.6989 0 0)
(0.698883 0 0)
(0.698866 0 0)
(0.698849 0 0)
(0.698831 0 0)
(0.698814 0 0)
(0.698797 0 0)
(0.698779 0 0)
(0.698762 0 0)
(0.698745 0 0)
(0.698727 0 0)
(0.69871 0 0)
(0.698693 0 0)
(0.698675 0 0)
(0.698658 0 0)
(0.698641 0 0)
(0.698623 0 0)
(0.698606 0 0)
(0.698589 0 0)
(0.698571 0 0)
(0.698554 0 0)
(0.698536 0 0)
(0.698519 0 0)
(0.698502 0 0)
(0.698484 0 0)
(0.698467 0 0)
(0.69845 0 0)
(0.698432 0 0)
(0.698415 0 0)
(0.698397 0 0)
(0.69838 0 0)
(0.698362 0 0)
(0.698345 0 0)
(0.698328 0 0)
(0.69831 0 0)
(0.698293 0 0)
(0.698275 0 0)
(0.698258 0 0)
(0.69824 0 0)
(0.698223 0 0)
(0.698205 0 0)
(0.698188 0 0)
(0.69817 0 0)
(0.698153 0 0)
(0.698135 0 0)
(0.698118 0 0)
(0.698101 0 0)
(0.698083 0 0)
(0.698065 0 0)
(0.698048 0 0)
(0.69803 0 0)
(0.698013 0 0)
(0.697995 0 0)
(0.697978 0 0)
(0.69796 0 0)
(0.697943 0 0)
(0.697925 0 0)
(0.697908 0 0)
(0.69789 0 0)
(0.697873 0 0)
(0.697855 0 0)
(0.697838 0 0)
(0.69782 0 0)
(0.697802 0 0)
(0.697785 0 0)
(0.697767 0 0)
(0.69775 0 0)
(0.697732 0 0)
(0.697714 0 0)
(0.697697 0 0)
(0.697679 0 0)
(0.697662 0 0)
(0.697644 0 0)
(0.697626 0 0)
(0.697609 0 0)
(0.697591 0 0)
(0.697574 0 0)
(0.697556 0 0)
(0.697538 0 0)
(0.697521 0 0)
(0.697503 0 0)
(0.697485 0 0)
(0.697468 0 0)
(0.69745 0 0)
(0.697432 0 0)
(0.697415 0 0)
(0.697397 0 0)
(0.697379 0 0)
(0.697362 0 0)
(0.697344 0 0)
(0.697326 0 0)
(0.697309 0 0)
(0.697291 0 0)
(0.697273 0 0)
(0.697255 0 0)
(0.697238 0 0)
(0.69722 0 0)
(0.697202 0 0)
(0.697184 0 0)
(0.697167 0 0)
(0.697149 0 0)
(0.697131 0 0)
(0.697114 0 0)
(0.697096 0 0)
(0.697078 0 0)
(0.69706 0 0)
(0.697043 0 0)
(0.697025 0 0)
(0.697007 0 0)
(0.696989 0 0)
(0.696971 0 0)
(0.696954 0 0)
(0.696936 0 0)
(0.696918 0 0)
(0.6969 0 0)
(0.696882 0 0)
(0.696865 0 0)
(0.696847 0 0)
(0.696829 0 0)
(0.696811 0 0)
(0.696793 0 0)
(0.696776 0 0)
(0.696758 0 0)
(0.69674 0 0)
(0.696722 0 0)
(0.696704 0 0)
(0.696686 0 0)
(0.696668 0 0)
(0.696651 0 0)
(0.696633 0 0)
(0.696615 0 0)
(0.696597 0 0)
(0.696579 0 0)
(0.696561 0 0)
(0.696543 0 0)
(0.696525 0 0)
(0.696508 0 0)
(0.69649 0 0)
(0.696472 0 0)
(0.696454 0 0)
(0.696436 0 0)
(0.696418 0 0)
(0.6964 0 0)
(0.696382 0 0)
(0.696364 0 0)
(0.696346 0 0)
(0.696328 0 0)
(0.69631 0 0)
(0.696292 0 0)
(0.696275 0 0)
(0.696257 0 0)
(0.696239 0 0)
(0.696221 0 0)
(0.696203 0 0)
(0.696185 0 0)
(0.696167 0 0)
(0.696149 0 0)
(0.696131 0 0)
(0.696113 0 0)
(0.696095 0 0)
(0.696077 0 0)
(0.696059 0 0)
(0.696041 0 0)
(0.696023 0 0)
(0.696005 0 0)
(0.695987 0 0)
(0.695969 0 0)
(0.695951 0 0)
(0.695933 0 0)
(0.695915 0 0)
(0.695897 0 0)
(0.695879 0 0)
(0.695861 0 0)
)
;

boundaryField
{
    inlet
    {
        type            fractionalVelocity;
        U               1((1 0 0));
        fractionalFlow  Fa;
        value           uniform (0.709421 0 0);
    }
    outlet
    {
        type            zeroGradient;
    }
    emptyWalls
    {
        type            empty;
    }
}


// ************************************************************************* //
