/*--------------------------------*- C++ -*----------------------------------*\
  =========                 |
  \\      /  F ield         | OpenFOAM: The Open Source CFD Toolbox
   \\    /   O peration     | Website:  https://openfoam.org
    \\  /    A nd           | Version:  9
     \\/     M anipulation  |
\*---------------------------------------------------------------------------*/
FoamFile
{
    format      ascii;
    class       volScalarField;
    location    "16.8";
    object      kra;
}
// * * * * * * * * * * * * * * * * * * * * * * * * * * * * * * * * * * * * * //

dimensions      [0 0 0 0 0 0 0];

internalField   nonuniform List<scalar> 
1000
(
0.0147501
0.0147238
0.0146995
0.0146761
0.0146534
0.014631
0.014609
0.0145873
0.0145658
0.0145445
0.0145234
0.0145025
0.0144817
0.0144611
0.0144406
0.0144203
0.0144001
0.01438
0.0143601
0.0143403
0.0143206
0.014301
0.0142815
0.0142621
0.0142428
0.0142237
0.0142046
0.0141857
0.0141668
0.014148
0.0141293
0.0141108
0.0140923
0.0140739
0.0140556
0.0140374
0.0140192
0.0140012
0.0139832
0.0139654
0.0139476
0.0139299
0.0139122
0.0138947
0.0138772
0.0138598
0.0138425
0.0138253
0.0138082
0.0137911
0.0137741
0.0137572
0.0137403
0.0137235
0.0137068
0.0136902
0.0136736
0.0136571
0.0136407
0.0136244
0.0136081
0.0135919
0.0135757
0.0135597
0.0135436
0.0135277
0.0135118
0.013496
0.0134803
0.0134646
0.0134489
0.0134334
0.0134179
0.0134024
0.0133871
0.0133718
0.0133565
0.0133413
0.0133262
0.0133111
0.0132961
0.0132811
0.0132662
0.0132514
0.0132366
0.0132219
0.0132072
0.0131926
0.013178
0.0131635
0.0131491
0.0131347
0.0131203
0.013106
0.0130918
0.0130776
0.0130635
0.0130494
0.0130353
0.0130214
0.0130074
0.0129936
0.0129797
0.012966
0.0129522
0.0129385
0.0129249
0.0129113
0.0128978
0.0128843
0.0128709
0.0128575
0.0128441
0.0128308
0.0128176
0.0128044
0.0127912
0.0127781
0.012765
0.012752
0.012739
0.0127261
0.0127132
0.0127003
0.0126875
0.0126748
0.012662
0.0126494
0.0126367
0.0126241
0.0126116
0.0125991
0.0125866
0.0125742
0.0125618
0.0125494
0.0125371
0.0125249
0.0125126
0.0125004
0.0124883
0.0124762
0.0124641
0.0124521
0.0124401
0.0124281
0.0124162
0.0124043
0.0123925
0.0123807
0.0123689
0.0123572
0.0123455
0.0123338
0.0123222
0.0123106
0.0122991
0.0122876
0.0122761
0.0122646
0.0122532
0.0122418
0.0122305
0.0122192
0.0122079
0.0121967
0.0121855
0.0121743
0.0121632
0.0121521
0.012141
0.01213
0.012119
0.012108
0.0120971
0.0120861
0.0120753
0.0120644
0.0120536
0.0120428
0.0120321
0.0120214
0.0120107
0.012
0.0119894
0.0119788
0.0119682
0.0119577
0.0119472
0.0119367
0.0119263
0.0119159
0.0119055
0.0118951
0.0118848
0.0118745
0.0118642
0.011854
0.0118438
0.0118336
0.0118234
0.0118133
0.0118032
0.0117931
0.0117831
0.0117731
0.0117631
0.0117531
0.0117432
0.0117333
0.0117234
0.0117135
0.0117037
0.0116939
0.0116841
0.0116744
0.0116646
0.0116549
0.0116453
0.0116356
0.011626
0.0116164
0.0116068
0.0115973
0.0115878
0.0115783
0.0115688
0.0115594
0.0115499
0.0115405
0.0115312
0.0115218
0.0115125
0.0115032
0.0114939
0.0114847
0.0114754
0.0114662
0.0114571
0.0114479
0.0114388
0.0114297
0.0114206
0.0114115
0.0114025
0.0113934
0.0113844
0.0113755
0.0113665
0.0113576
0.0113487
0.0113398
0.0113309
0.0113221
0.0113133
0.0113045
0.0112957
0.0112869
0.0112782
0.0112695
0.0112608
0.0112521
0.0112435
0.0112348
0.0112262
0.0112176
0.0112091
0.0112005
0.011192
0.0111835
0.011175
0.0111666
0.0111581
0.0111497
0.0111413
0.0111329
0.0111245
0.0111162
0.0111079
0.0110996
0.0110913
0.011083
0.0110748
0.0110665
0.0110583
0.0110501
0.011042
0.0110338
0.0110257
0.0110176
0.0110095
0.0110014
0.0109933
0.0109853
0.0109773
0.0109692
0.0109613
0.0109533
0.0109453
0.0109374
0.0109295
0.0109216
0.0109137
0.0109059
0.010898
0.0108902
0.0108824
0.0108746
0.0108668
0.0108591
0.0108513
0.0108436
0.0108359
0.0108282
0.0108205
0.0108129
0.0108052
0.0107976
0.01079
0.0107824
0.0107749
0.0107673
0.0107598
0.0107522
0.0107447
0.0107372
0.0107298
0.0107223
0.0107149
0.0107074
0.0107
0.0106926
0.0106853
0.0106779
0.0106705
0.0106632
0.0106559
0.0106486
0.0106413
0.010634
0.0106268
0.0106195
0.0106123
0.0106051
0.0105979
0.0105907
0.0105836
0.0105764
0.0105693
0.0105622
0.0105551
0.010548
0.0105409
0.0105338
0.0105268
0.0105197
0.0105127
0.0105057
0.0104987
0.0104918
0.0104848
0.0104779
0.0104709
0.010464
0.0104571
0.0104502
0.0104433
0.0104365
0.0104296
0.0104228
0.0104159
0.0104091
0.0104023
0.0103956
0.0103888
0.010382
0.0103753
0.0103686
0.0103618
0.0103551
0.0103485
0.0103418
0.0103351
0.0103285
0.0103218
0.0103152
0.0103086
0.010302
0.0102954
0.0102888
0.0102823
0.0102757
0.0102692
0.0102627
0.0102562
0.0102497
0.0102432
0.0102367
0.0102302
0.0102238
0.0102174
0.0102109
0.0102045
0.0101981
0.0101917
0.0101854
0.010179
0.0101727
0.0101663
0.01016
0.0101537
0.0101474
0.0101411
0.0101348
0.0101285
0.0101223
0.010116
0.0101098
0.0101036
0.0100974
0.0100912
0.010085
0.0100788
0.0100726
0.0100665
0.0100603
0.0100542
0.0100481
0.010042
0.0100359
0.0100298
0.0100237
0.0100177
0.0100116
0.0100056
0.00999953
0.00999351
0.0099875
0.0099815
0.00997552
0.00996954
0.00996357
0.00995762
0.00995167
0.00994574
0.00993981
0.0099339
0.00992799
0.0099221
0.00991622
0.00991035
0.00990449
0.00989863
0.00989279
0.00988696
0.00988114
0.00987533
0.00986953
0.00986374
0.00985796
0.00985219
0.00984643
0.00984068
0.00983494
0.00982921
0.00982349
0.00981778
0.00981208
0.00980639
0.00980071
0.00979504
0.00978937
0.00978372
0.00977808
0.00977245
0.00976683
0.00976121
0.00975561
0.00975001
0.00974443
0.00973885
0.00973329
0.00972773
0.00972218
0.00971665
0.00971112
0.0097056
0.00970009
0.00969459
0.0096891
0.00968361
0.00967814
0.00967268
0.00966722
0.00966178
0.00965634
0.00965091
0.00964549
0.00964008
0.00963468
0.00962929
0.0096239
0.00961853
0.00961316
0.00960781
0.00960246
0.00959712
0.00959179
0.00958647
0.00958115
0.00957585
0.00957055
0.00956527
0.00955999
0.00955472
0.00954945
0.0095442
0.00953896
0.00953372
0.00952849
0.00952327
0.00951806
0.00951286
0.00950766
0.00950247
0.0094973
0.00949213
0.00948696
0.00948181
0.00947667
0.00947153
0.0094664
0.00946128
0.00945617
0.00945106
0.00944596
0.00944087
0.00943579
0.00943072
0.00942566
0.0094206
0.00941555
0.00941051
0.00940547
0.00940045
0.00939543
0.00939042
0.00938542
0.00938042
0.00937544
0.00937046
0.00936549
0.00936052
0.00935557
0.00935062
0.00934568
0.00934074
0.00933582
0.0093309
0.00932599
0.00932108
0.00931619
0.0093113
0.00930642
0.00930154
0.00929668
0.00929182
0.00928697
0.00928212
0.00927729
0.00927246
0.00926763
0.00926282
0.00925801
0.00925321
0.00924842
0.00924363
0.00923885
0.00923408
0.00922931
0.00922456
0.0092198
0.00921506
0.00921032
0.00920559
0.00920087
0.00919615
0.00919145
0.00918674
0.00918205
0.00917736
0.00917268
0.009168
0.00916334
0.00915868
0.00915402
0.00914937
0.00914473
0.0091401
0.00913547
0.00913085
0.00912624
0.00912163
0.00911703
0.00911244
0.00910785
0.00910327
0.0090987
0.00909413
0.00908957
0.00908502
0.00908047
0.00907593
0.00907139
0.00906686
0.00906234
0.00905783
0.00905332
0.00904882
0.00904432
0.00903983
0.00903535
0.00903087
0.0090264
0.00902193
0.00901748
0.00901302
0.00900858
0.00900414
0.00899971
0.00899528
0.00899086
0.00898644
0.00898204
0.00897763
0.00897324
0.00896885
0.00896446
0.00896009
0.00895571
0.00895135
0.00894699
0.00894264
0.00893829
0.00893395
0.00892961
0.00892528
0.00892096
0.00891664
0.00891233
0.00890802
0.00890372
0.00889943
0.00889514
0.00889086
0.00888658
0.00888231
0.00887804
0.00887379
0.00886953
0.00886528
0.00886104
0.00885681
0.00885258
0.00884835
0.00884413
0.00883992
0.00883571
0.00883151
0.00882731
0.00882312
0.00881894
0.00881476
0.00881058
0.00880641
0.00880225
0.00879809
0.00879394
0.00878979
0.00878565
0.00878152
0.00877739
0.00877326
0.00876914
0.00876503
0.00876092
0.00875682
0.00875272
0.00874863
0.00874454
0.00874046
0.00873638
0.00873231
0.00872825
0.00872419
0.00872013
0.00871608
0.00871204
0.008708
0.00870397
0.00869994
0.00869591
0.0086919
0.00868788
0.00868388
0.00867987
0.00867588
0.00867188
0.0086679
0.00866391
0.00865994
0.00865596
0.008652
0.00864804
0.00864408
0.00864013
0.00863618
0.00863224
0.0086283
0.00862437
0.00862044
0.00861652
0.00861261
0.00860869
0.00860479
0.00860089
0.00859699
0.0085931
0.00858921
0.00858533
0.00858145
0.00857758
0.00857371
0.00856985
0.00856599
0.00856213
0.00855829
0.00855444
0.0085506
0.00854677
0.00854294
0.00853912
0.0085353
0.00853148
0.00852767
0.00852386
0.00852006
0.00851627
0.00851248
0.00850869
0.00850491
0.00850113
0.00849736
0.00849359
0.00848982
0.00848606
0.00848231
0.00847856
0.00847481
0.00847107
0.00846734
0.0084636
0.00845988
0.00845615
0.00845244
0.00844872
0.00844501
0.00844131
0.00843761
0.00843391
0.00843022
0.00842653
0.00842285
0.00841917
0.0084155
0.00841183
0.00840816
0.0084045
0.00840085
0.00839719
0.00839355
0.0083899
0.00838626
0.00838263
0.008379
0.00837537
0.00837175
0.00836813
0.00836452
0.00836091
0.00835731
0.00835371
0.00835011
0.00834652
0.00834293
0.00833935
0.00833577
0.00833219
0.00832862
0.00832506
0.00832149
0.00831793
0.00831438
0.00831083
0.00830728
0.00830374
0.0083002
0.00829667
0.00829314
0.00828961
0.00828609
0.00828258
0.00827906
0.00827555
0.00827205
0.00826855
0.00826505
0.00826156
0.00825807
0.00825458
0.0082511
0.00824762
0.00824415
0.00824068
0.00823722
0.00823375
0.0082303
0.00822684
0.00822339
0.00821995
0.00821651
0.00821307
0.00820963
0.0082062
0.00820278
0.00819935
0.00819594
0.00819252
0.00818911
0.0081857
0.0081823
0.0081789
0.0081755
0.00817211
0.00816872
0.00816534
0.00816196
0.00815858
0.00815521
0.00815184
0.00814847
0.00814511
0.00814175
0.0081384
0.00813505
0.0081317
0.00812836
0.00812502
0.00812168
0.00811835
0.00811502
0.0081117
0.00810838
0.00810506
0.00810175
0.00809843
0.00809513
0.00809182
0.00808853
0.00808523
0.00808194
0.00807865
0.00807536
0.00807208
0.0080688
0.00806553
0.00806226
0.00805899
0.00805573
0.00805247
0.00804921
0.00804595
0.00804271
0.00803946
0.00803622
0.00803298
0.00802974
0.00802651
0.00802328
0.00802005
0.00801683
0.00801361
0.0080104
0.00800718
0.00800398
0.00800077
0.00799757
0.00799437
0.00799118
0.00798798
0.0079848
0.00798161
0.00797843
0.00797525
0.00797208
0.0079689
0.00796574
0.00796257
0.00795941
0.00795625
0.0079531
0.00794995
0.0079468
0.00794365
0.00794051
0.00793737
0.00793424
0.0079311
0.00792798
0.00792485
0.00792173
0.00791861
0.00791549
0.00791238
0.00790927
0.00790617
0.00790306
0.00789996
0.00789687
0.00789377
0.00789068
0.0078876
0.00788451
0.00788143
0.00787835
0.00787528
0.00787221
0.00786914
0.00786607
0.00786301
0.00785995
0.0078569
0.00785384
0.00785079
0.00784775
0.0078447
0.00784166
0.00783863
0.00783559
0.00783256
0.00782953
0.00782651
0.00782348
0.00782047
0.00781745
0.00781444
0.00781143
0.00780842
0.00780541
0.00780241
0.00779941
0.00779642
0.00779343
0.00779044
0.00778745
0.00778447
0.00778149
0.00777851
0.00777554
0.00777256
0.0077696
0.00776663
0.00776367
0.00776071
0.00775775
0.00775479
0.00775184
0.0077489
0.00774595
0.00774301
0.00774007
0.00773713
0.0077342
0.00773126
0.00772834
0.00772541
0.00772249
0.00771957
0.00771665
0.00771373
0.00771082
0.00770791
0.00770501
0.0077021
0.0076992
0.00769631
0.00769341
0.00769052
0.00768763
0.00768474
)
;

boundaryField
{
    inlet
    {
        type            calculated;
        value           uniform 0.0147929;
    }
    outlet
    {
        type            calculated;
        value           uniform 0.00768474;
    }
    emptyWalls
    {
        type            empty;
    }
}


// ************************************************************************* //
