/*--------------------------------*- C++ -*----------------------------------*\
  =========                 |
  \\      /  F ield         | OpenFOAM: The Open Source CFD Toolbox
   \\    /   O peration     | Website:  https://openfoam.org
    \\  /    A nd           | Version:  9
     \\/     M anipulation  |
\*---------------------------------------------------------------------------*/
FoamFile
{
    format      ascii;
    class       surfaceScalarField;
    location    "16.8";
    object      phib;
}
// * * * * * * * * * * * * * * * * * * * * * * * * * * * * * * * * * * * * * //

dimensions      [0 2 0 0 0 0 0];

internalField   nonuniform List<scalar> 
999
(
0.290579
0.290578
0.290577
0.290577
0.290576
0.290574
0.290573
0.290572
0.29057
0.290568
0.290566
0.290564
0.290562
0.29056
0.290557
0.290554
0.290552
0.290549
0.290546
0.290543
0.290539
0.290536
0.290532
0.290528
0.290525
0.290521
0.290516
0.290512
0.290508
0.290503
0.290499
0.290494
0.290489
0.290484
0.290479
0.290474
0.290469
0.290463
0.290458
0.290452
0.290446
0.29044
0.290434
0.290428
0.290422
0.290415
0.290409
0.290402
0.290396
0.290389
0.290382
0.290375
0.290368
0.29036
0.290353
0.290346
0.290338
0.290331
0.290323
0.290315
0.290307
0.290299
0.290291
0.290283
0.290274
0.290266
0.290257
0.290249
0.29024
0.290231
0.290222
0.290213
0.290204
0.290195
0.290186
0.290176
0.290167
0.290157
0.290147
0.290138
0.290128
0.290118
0.290108
0.290098
0.290088
0.290077
0.290067
0.290057
0.290046
0.290035
0.290025
0.290014
0.290003
0.289992
0.289981
0.28997
0.289959
0.289948
0.289936
0.289925
0.289913
0.289902
0.28989
0.289878
0.289866
0.289855
0.289843
0.289831
0.289818
0.289806
0.289794
0.289782
0.289769
0.289757
0.289744
0.289731
0.289719
0.289706
0.289693
0.28968
0.289667
0.289654
0.289641
0.289628
0.289614
0.289601
0.289588
0.289574
0.28956
0.289547
0.289533
0.289519
0.289505
0.289492
0.289478
0.289464
0.289449
0.289435
0.289421
0.289407
0.289392
0.289378
0.289363
0.289349
0.289334
0.28932
0.289305
0.28929
0.289275
0.28926
0.289245
0.28923
0.289215
0.2892
0.289184
0.289169
0.289154
0.289138
0.289123
0.289107
0.289092
0.289076
0.28906
0.289045
0.289029
0.289013
0.288997
0.288981
0.288965
0.288949
0.288932
0.288916
0.2889
0.288884
0.288867
0.288851
0.288834
0.288818
0.288801
0.288784
0.288767
0.288751
0.288734
0.288717
0.2887
0.288683
0.288666
0.288649
0.288632
0.288614
0.288597
0.28858
0.288562
0.288545
0.288527
0.28851
0.288492
0.288475
0.288457
0.288439
0.288422
0.288404
0.288386
0.288368
0.28835
0.288332
0.288314
0.288296
0.288277
0.288259
0.288241
0.288223
0.288204
0.288186
0.288167
0.288149
0.28813
0.288112
0.288093
0.288074
0.288056
0.288037
0.288018
0.287999
0.28798
0.287961
0.287942
0.287923
0.287904
0.287885
0.287865
0.287846
0.287827
0.287808
0.287788
0.287769
0.287749
0.28773
0.28771
0.287691
0.287671
0.287651
0.287631
0.287612
0.287592
0.287572
0.287552
0.287532
0.287512
0.287492
0.287472
0.287452
0.287432
0.287412
0.287391
0.287371
0.287351
0.28733
0.28731
0.287289
0.287269
0.287248
0.287228
0.287207
0.287187
0.287166
0.287145
0.287124
0.287104
0.287083
0.287062
0.287041
0.28702
0.286999
0.286978
0.286957
0.286936
0.286915
0.286893
0.286872
0.286851
0.286829
0.286808
0.286787
0.286765
0.286744
0.286722
0.286701
0.286679
0.286658
0.286636
0.286614
0.286593
0.286571
0.286549
0.286527
0.286505
0.286483
0.286461
0.286439
0.286417
0.286395
0.286373
0.286351
0.286329
0.286307
0.286285
0.286262
0.28624
0.286218
0.286195
0.286173
0.28615
0.286128
0.286105
0.286083
0.28606
0.286038
0.286015
0.285992
0.28597
0.285947
0.285924
0.285901
0.285878
0.285856
0.285833
0.28581
0.285787
0.285764
0.285741
0.285717
0.285694
0.285671
0.285648
0.285625
0.285602
0.285578
0.285555
0.285532
0.285508
0.285485
0.285461
0.285438
0.285414
0.285391
0.285367
0.285344
0.28532
0.285296
0.285273
0.285249
0.285225
0.285201
0.285178
0.285154
0.28513
0.285106
0.285082
0.285058
0.285034
0.28501
0.284986
0.284962
0.284938
0.284913
0.284889
0.284865
0.284841
0.284816
0.284792
0.284768
0.284743
0.284719
0.284695
0.28467
0.284646
0.284621
0.284597
0.284572
0.284547
0.284523
0.284498
0.284473
0.284449
0.284424
0.284399
0.284374
0.284349
0.284325
0.2843
0.284275
0.28425
0.284225
0.2842
0.284175
0.28415
0.284125
0.284099
0.284074
0.284049
0.284024
0.283999
0.283973
0.283948
0.283923
0.283897
0.283872
0.283847
0.283821
0.283796
0.28377
0.283745
0.283719
0.283694
0.283668
0.283642
0.283617
0.283591
0.283565
0.28354
0.283514
0.283488
0.283462
0.283436
0.283411
0.283385
0.283359
0.283333
0.283307
0.283281
0.283255
0.283229
0.283203
0.283177
0.28315
0.283124
0.283098
0.283072
0.283046
0.283019
0.282993
0.282967
0.28294
0.282914
0.282888
0.282861
0.282835
0.282808
0.282782
0.282755
0.282729
0.282702
0.282676
0.282649
0.282622
0.282596
0.282569
0.282542
0.282516
0.282489
0.282462
0.282435
0.282408
0.282382
0.282355
0.282328
0.282301
0.282274
0.282247
0.28222
0.282193
0.282166
0.282139
0.282111
0.282084
0.282057
0.28203
0.282003
0.281976
0.281948
0.281921
0.281894
0.281866
0.281839
0.281812
0.281784
0.281757
0.281729
0.281702
0.281674
0.281647
0.281619
0.281592
0.281564
0.281537
0.281509
0.281481
0.281454
0.281426
0.281398
0.28137
0.281343
0.281315
0.281287
0.281259
0.281231
0.281203
0.281175
0.281148
0.28112
0.281092
0.281064
0.281036
0.281007
0.280979
0.280951
0.280923
0.280895
0.280867
0.280839
0.28081
0.280782
0.280754
0.280726
0.280697
0.280669
0.280641
0.280612
0.280584
0.280556
0.280527
0.280499
0.28047
0.280442
0.280413
0.280385
0.280356
0.280327
0.280299
0.28027
0.280242
0.280213
0.280184
0.280155
0.280127
0.280098
0.280069
0.28004
0.280011
0.279983
0.279954
0.279925
0.279896
0.279867
0.279838
0.279809
0.27978
0.279751
0.279722
0.279693
0.279664
0.279635
0.279606
0.279576
0.279547
0.279518
0.279489
0.27946
0.27943
0.279401
0.279372
0.279342
0.279313
0.279284
0.279254
0.279225
0.279196
0.279166
0.279137
0.279107
0.279078
0.279048
0.279019
0.278989
0.278959
0.27893
0.2789
0.27887
0.278841
0.278811
0.278781
0.278752
0.278722
0.278692
0.278662
0.278632
0.278603
0.278573
0.278543
0.278513
0.278483
0.278453
0.278423
0.278393
0.278363
0.278333
0.278303
0.278273
0.278243
0.278213
0.278183
0.278153
0.278122
0.278092
0.278062
0.278032
0.278002
0.277971
0.277941
0.277911
0.27788
0.27785
0.27782
0.277789
0.277759
0.277729
0.277698
0.277668
0.277637
0.277607
0.277576
0.277546
0.277515
0.277484
0.277454
0.277423
0.277393
0.277362
0.277331
0.277301
0.27727
0.277239
0.277208
0.277178
0.277147
0.277116
0.277085
0.277054
0.277023
0.276993
0.276962
0.276931
0.2769
0.276869
0.276838
0.276807
0.276776
0.276745
0.276714
0.276683
0.276651
0.27662
0.276589
0.276558
0.276527
0.276496
0.276464
0.276433
0.276402
0.276371
0.276339
0.276308
0.276277
0.276245
0.276214
0.276183
0.276151
0.27612
0.276088
0.276057
0.276025
0.275994
0.275962
0.275931
0.275899
0.275868
0.275836
0.275805
0.275773
0.275741
0.27571
0.275678
0.275646
0.275614
0.275583
0.275551
0.275519
0.275487
0.275456
0.275424
0.275392
0.27536
0.275328
0.275296
0.275264
0.275232
0.2752
0.275168
0.275136
0.275104
0.275072
0.27504
0.275008
0.274976
0.274944
0.274912
0.27488
0.274848
0.274815
0.274783
0.274751
0.274719
0.274686
0.274654
0.274622
0.27459
0.274557
0.274525
0.274493
0.27446
0.274428
0.274395
0.274363
0.27433
0.274298
0.274265
0.274233
0.2742
0.274168
0.274135
0.274103
0.27407
0.274037
0.274005
0.273972
0.27394
0.273907
0.273874
0.273841
0.273809
0.273776
0.273743
0.27371
0.273678
0.273645
0.273612
0.273579
0.273546
0.273513
0.27348
0.273447
0.273414
0.273381
0.273348
0.273315
0.273282
0.273249
0.273216
0.273183
0.27315
0.273117
0.273084
0.273051
0.273017
0.272984
0.272951
0.272918
0.272885
0.272851
0.272818
0.272785
0.272751
0.272718
0.272685
0.272651
0.272618
0.272585
0.272551
0.272518
0.272484
0.272451
0.272417
0.272384
0.27235
0.272317
0.272283
0.27225
0.272216
0.272182
0.272149
0.272115
0.272081
0.272048
0.272014
0.27198
0.271947
0.271913
0.271879
0.271845
0.271812
0.271778
0.271744
0.27171
0.271676
0.271642
0.271608
0.271574
0.27154
0.271507
0.271473
0.271439
0.271405
0.271371
0.271336
0.271302
0.271268
0.271234
0.2712
0.271166
0.271132
0.271098
0.271063
0.271029
0.270995
0.270961
0.270927
0.270892
0.270858
0.270824
0.270789
0.270755
0.270721
0.270686
0.270652
0.270617
0.270583
0.270549
0.270514
0.27048
0.270445
0.270411
0.270376
0.270342
0.270307
0.270272
0.270238
0.270203
0.270169
0.270134
0.270099
0.270065
0.27003
0.269995
0.26996
0.269926
0.269891
0.269856
0.269821
0.269786
0.269752
0.269717
0.269682
0.269647
0.269612
0.269577
0.269542
0.269507
0.269472
0.269437
0.269402
0.269367
0.269332
0.269297
0.269262
0.269227
0.269192
0.269157
0.269122
0.269086
0.269051
0.269016
0.268981
0.268946
0.26891
0.268875
0.26884
0.268804
0.268769
0.268734
0.268698
0.268663
0.268628
0.268592
0.268557
0.268521
0.268486
0.26845
0.268415
0.268379
0.268344
0.268308
0.268273
0.268237
0.268202
0.268166
0.26813
0.268095
0.268059
0.268023
0.267988
0.267952
0.267916
0.26788
0.267845
0.267809
0.267773
0.267737
0.267701
0.267666
0.26763
0.267594
0.267558
0.267522
0.267486
0.26745
0.267414
0.267378
0.267342
0.267306
0.26727
0.267234
0.267198
0.267162
0.267126
0.26709
0.267053
0.267017
0.266981
0.266945
0.266909
0.266872
0.266836
0.2668
0.266764
0.266727
0.266691
0.266655
0.266618
0.266582
0.266546
0.266509
0.266473
0.266436
0.2664
0.266363
0.266327
0.26629
0.266254
0.266217
0.266181
0.266144
0.266107
0.266071
0.266034
0.265998
0.265961
0.265924
0.265888
0.265851
0.265814
0.265777
0.265741
0.265704
0.265667
0.26563
0.265593
0.265556
0.265519
0.265483
0.265446
0.265409
0.265372
0.265335
0.265298
0.265261
0.265224
0.265187
0.26515
)
;

boundaryField
{
    inlet
    {
        type            calculated;
        value           uniform -0.290579;
    }
    outlet
    {
        type            calculated;
        value           uniform 0.265113;
    }
    emptyWalls
    {
        type            empty;
        value           nonuniform List<scalar> 0();
    }
}


// ************************************************************************* //
