/*--------------------------------*- C++ -*----------------------------------*\
  =========                 |
  \\      /  F ield         | OpenFOAM: The Open Source CFD Toolbox
   \\    /   O peration     | Website:  https://openfoam.org
    \\  /    A nd           | Version:  9
     \\/     M anipulation  |
\*---------------------------------------------------------------------------*/
FoamFile
{
    format      ascii;
    class       volVectorField;
    location    "150";
    object      Ua;
}
// * * * * * * * * * * * * * * * * * * * * * * * * * * * * * * * * * * * * * //

dimensions      [0 0 0 0 0 0 0];

internalField   nonuniform List<vector> 
100
(
(0 0 1.60229e-05)
(0 0 1.597e-05)
(0 0 1.5875e-05)
(0 0 1.57967e-05)
(0 0 1.57254e-05)
(0 0 1.56503e-05)
(0 0 1.5552e-05)
(0 0 1.53249e-05)
(0 0 7.5782e-06)
(0 0 1.14832e-10)
(0 0 1.32794e-27)
(0 0 1.31235e-27)
(0 0 1.31234e-27)
(0 0 1.31234e-27)
(0 0 1.31234e-27)
(0 0 1.31234e-27)
(0 0 1.31234e-27)
(0 0 1.31234e-27)
(0 0 1.31234e-27)
(0 0 1.31234e-27)
(0 0 1.31234e-27)
(0 0 1.31234e-27)
(0 0 1.31234e-27)
(0 0 1.31234e-27)
(0 0 1.31234e-27)
(0 0 1.31234e-27)
(0 0 1.31234e-27)
(0 0 1.31234e-27)
(0 0 1.31234e-27)
(0 0 1.31234e-27)
(0 0 1.31234e-27)
(0 0 1.31234e-27)
(0 0 1.31234e-27)
(0 0 1.31234e-27)
(0 0 1.31234e-27)
(0 0 1.31234e-27)
(0 0 1.31234e-27)
(0 0 1.31234e-27)
(0 0 1.31234e-27)
(0 0 1.31234e-27)
(0 0 1.31234e-27)
(0 0 1.31234e-27)
(0 0 1.31234e-27)
(0 0 1.31234e-27)
(0 0 1.31234e-27)
(0 0 1.31234e-27)
(0 0 1.31234e-27)
(0 0 1.31234e-27)
(0 0 1.31234e-27)
(0 0 1.31234e-27)
(0 0 1.31234e-27)
(0 0 1.31234e-27)
(0 0 1.31234e-27)
(0 0 1.31234e-27)
(0 0 1.31234e-27)
(0 0 1.31234e-27)
(0 0 1.31234e-27)
(0 0 1.31234e-27)
(0 0 1.31234e-27)
(0 0 1.31234e-27)
(0 0 1.31234e-27)
(0 0 1.31234e-27)
(0 0 1.31234e-27)
(0 0 1.31234e-27)
(0 0 1.31234e-27)
(0 0 1.31234e-27)
(0 0 1.31234e-27)
(0 0 1.31234e-27)
(0 0 1.31234e-27)
(0 0 1.31234e-27)
(0 0 1.31234e-27)
(0 0 1.31234e-27)
(0 0 1.31234e-27)
(0 0 1.31234e-27)
(0 0 1.31234e-27)
(0 0 1.31234e-27)
(0 0 1.31234e-27)
(0 0 1.31234e-27)
(0 0 1.31234e-27)
(0 0 1.31234e-27)
(0 0 1.31234e-27)
(0 0 1.31234e-27)
(0 0 1.31234e-27)
(0 0 1.31234e-27)
(0 0 1.31234e-27)
(0 0 1.31234e-27)
(0 0 1.31234e-27)
(0 0 1.31234e-27)
(0 0 1.31234e-27)
(0 0 1.31234e-27)
(0 0 1.31234e-27)
(0 0 1.31234e-27)
(0 0 1.31234e-27)
(0 0 1.31234e-27)
(0 0 1.31234e-27)
(0 0 1.31234e-27)
(0 0 1.31234e-27)
(0 0 1.31234e-27)
(0 0 1.31234e-27)
(0 0 1.31234e-27)
)
;

boundaryField
{
    inlet
    {
        type            prescribedFracFlowVelocity;
        U               1((0 0 1.61572e-05));
        fractionalFlow  1;
        value           uniform (0 0 1.61572e-05);
    }
    outlet
    {
        type            zeroGradient;
    }
    emptyWalls
    {
        type            empty;
    }
}


// ************************************************************************* //
