/*--------------------------------*- C++ -*----------------------------------*\
  =========                 |
  \\      /  F ield         | OpenFOAM: The Open Source CFD Toolbox
   \\    /   O peration     | Website:  https://openfoam.org
    \\  /    A nd           | Version:  9
     \\/     M anipulation  |
\*---------------------------------------------------------------------------*/
FoamFile
{
    format      ascii;
    class       volVectorField;
    location    "8500";
    object      Ua;
}
// * * * * * * * * * * * * * * * * * * * * * * * * * * * * * * * * * * * * * //

dimensions      [0 0 0 0 0 0 0];

internalField   nonuniform List<vector> 
100
(
(0 0 1.66017e-06)
(0 0 3.31807e-06)
(0 0 3.31807e-06)
(0 0 3.31807e-06)
(0 0 3.31807e-06)
(0 0 3.31807e-06)
(0 0 3.31807e-06)
(0 0 3.31807e-06)
(0 0 3.31807e-06)
(0 0 3.31807e-06)
(0 0 3.31807e-06)
(0 0 3.31807e-06)
(0 0 3.31807e-06)
(0 0 3.31807e-06)
(0 0 3.31807e-06)
(0 0 3.31807e-06)
(0 0 3.31807e-06)
(0 0 3.31807e-06)
(0 0 3.31807e-06)
(0 0 3.31807e-06)
(0 0 3.31807e-06)
(0 0 3.31807e-06)
(0 0 3.31807e-06)
(0 0 3.31807e-06)
(0 0 3.31807e-06)
(0 0 3.31807e-06)
(0 0 3.31807e-06)
(0 0 3.31807e-06)
(0 0 3.31807e-06)
(0 0 3.31807e-06)
(0 0 3.31807e-06)
(0 0 3.31807e-06)
(0 0 3.31807e-06)
(0 0 3.31807e-06)
(0 0 3.31807e-06)
(0 0 3.31807e-06)
(0 0 3.31807e-06)
(0 0 2.15454e-06)
(0 0 1.08909e-06)
(0 0 1.25284e-06)
(0 0 1.33695e-06)
(0 0 1.36458e-06)
(0 0 1.38753e-06)
(0 0 1.41845e-06)
(0 0 1.45156e-06)
(0 0 1.47863e-06)
(0 0 1.49426e-06)
(0 0 1.4961e-06)
(0 0 1.4845e-06)
(0 0 1.46239e-06)
(0 0 1.43459e-06)
(0 0 1.40651e-06)
(0 0 1.38286e-06)
(0 0 1.36665e-06)
(0 0 1.359e-06)
(0 0 1.35904e-06)
(0 0 1.36181e-06)
(0 0 1.33266e-06)
(0 0 6.51216e-07)
(0 0 0)
(0 0 0)
(0 0 0)
(0 0 0)
(0 0 0)
(0 0 0)
(0 0 0)
(0 0 0)
(0 0 0)
(0 0 0)
(0 0 0)
(0 0 0)
(0 0 0)
(0 0 0)
(0 0 0)
(0 0 0)
(0 0 0)
(0 0 0)
(0 0 0)
(0 0 0)
(0 0 0)
(0 0 0)
(0 0 0)
(0 0 0)
(0 0 0)
(0 0 0)
(0 0 0)
(0 0 0)
(0 0 0)
(0 0 0)
(0 0 0)
(0 0 0)
(0 0 0)
(0 0 0)
(0 0 0)
(0 0 0)
(0 0 0)
(0 0 0)
(0 0 0)
(0 0 0)
(0 0 8.82629e-13)
)
;

boundaryField
{
    inlet
    {
        type            fixedValue;
        value           uniform (0 0 3.31807e-06);
    }
    outlet
    {
        type            zeroGradient;
    }
    emptyWalls
    {
        type            empty;
    }
}


// ************************************************************************* //
