/*--------------------------------*- C++ -*----------------------------------*\
  =========                 |
  \\      /  F ield         | OpenFOAM: The Open Source CFD Toolbox
   \\    /   O peration     | Website:  https://openfoam.org
    \\  /    A nd           | Version:  9
     \\/     M anipulation  |
\*---------------------------------------------------------------------------*/
FoamFile
{
    format      ascii;
    class       volScalarField;
    location    "11.1";
    object      Sb;
}
// * * * * * * * * * * * * * * * * * * * * * * * * * * * * * * * * * * * * * //

dimensions      [0 0 0 0 0 0 0];

internalField   nonuniform List<scalar> 
1000
(
0.49913
0.498597
0.498105
0.497631
0.497171
0.496719
0.496275
0.495836
0.495403
0.494975
0.49455
0.49413
0.493713
0.493299
0.492889
0.492482
0.492077
0.491676
0.491277
0.490881
0.490488
0.490097
0.489709
0.489322
0.488939
0.488557
0.488178
0.487801
0.487427
0.487054
0.486683
0.486315
0.485949
0.485584
0.485222
0.484861
0.484503
0.484146
0.483791
0.483438
0.483087
0.482737
0.48239
0.482044
0.481699
0.481357
0.481016
0.480677
0.480339
0.480003
0.479669
0.479336
0.479005
0.478675
0.478347
0.47802
0.477695
0.477372
0.477049
0.476729
0.476409
0.476092
0.475775
0.47546
0.475146
0.474834
0.474523
0.474213
0.473905
0.473598
0.473292
0.472988
0.472684
0.472383
0.472082
0.471782
0.471484
0.471187
0.470891
0.470597
0.470303
0.470011
0.46972
0.46943
0.469141
0.468854
0.468567
0.468282
0.467997
0.467714
0.467432
0.467151
0.466871
0.466592
0.466314
0.466037
0.465761
0.465486
0.465212
0.46494
0.464668
0.464397
0.464127
0.463858
0.46359
0.463323
0.463057
0.462792
0.462528
0.462265
0.462002
0.461741
0.46148
0.461221
0.460962
0.460704
0.460447
0.460191
0.459936
0.459682
0.459428
0.459175
0.458924
0.458673
0.458422
0.458173
0.457925
0.457677
0.45743
0.457184
0.456938
0.456694
0.45645
0.456207
0.455965
0.455723
0.455483
0.455243
0.455004
0.454765
0.454527
0.45429
0.454054
0.453819
0.453584
0.45335
0.453116
0.452884
0.452652
0.45242
0.45219
0.45196
0.45173
0.451502
0.451274
0.451047
0.45082
0.450594
0.450369
0.450144
0.44992
0.449697
0.449474
0.449252
0.449031
0.44881
0.44859
0.44837
0.448151
0.447933
0.447715
0.447498
0.447281
0.447065
0.44685
0.446635
0.446421
0.446207
0.445994
0.445782
0.44557
0.445358
0.445148
0.444937
0.444728
0.444519
0.44431
0.444102
0.443895
0.443688
0.443481
0.443275
0.44307
0.442865
0.442661
0.442457
0.442254
0.442051
0.441849
0.441647
0.441446
0.441245
0.441045
0.440845
0.440646
0.440447
0.440249
0.440051
0.439854
0.439657
0.439461
0.439265
0.43907
0.438875
0.438681
0.438487
0.438293
0.4381
0.437907
0.437715
0.437524
0.437332
0.437142
0.436951
0.436761
0.436572
0.436383
0.436194
0.436006
0.435819
0.435631
0.435444
0.435258
0.435072
0.434886
0.434701
0.434516
0.434332
0.434148
0.433965
0.433781
0.433599
0.433416
0.433235
0.433053
0.432872
0.432691
0.432511
0.432331
0.432151
0.431972
0.431793
0.431615
0.431437
0.431259
0.431082
0.430905
0.430729
0.430553
0.430377
0.430202
0.430026
0.429852
0.429678
0.429504
0.42933
0.429157
0.428984
0.428811
0.428639
0.428467
0.428296
0.428125
0.427954
0.427784
0.427614
0.427444
0.427274
0.427105
0.426937
0.426768
0.4266
0.426432
0.426265
0.426098
0.425931
0.425765
0.425599
0.425433
0.425267
0.425102
0.424937
0.424773
0.424609
0.424445
0.424281
0.424118
0.423955
0.423792
0.42363
0.423468
0.423306
0.423145
0.422984
0.422823
0.422663
0.422502
0.422342
0.422183
0.422023
0.421864
0.421706
0.421547
0.421389
0.421231
0.421073
0.420916
0.420759
0.420602
0.420446
0.42029
0.420134
0.419978
0.419823
0.419667
0.419513
0.419358
0.419204
0.41905
0.418896
0.418743
0.418589
0.418436
0.418284
0.418131
0.417979
0.417827
0.417676
0.417524
0.417373
0.417222
0.417072
0.416921
0.416771
0.416621
0.416472
0.416322
0.416173
0.416024
0.415876
0.415727
0.415579
0.415431
0.415284
0.415136
0.414989
0.414842
0.414696
0.414549
0.414403
0.414257
0.414111
0.413966
0.413821
0.413675
0.413531
0.413386
0.413242
0.413098
0.412954
0.41281
0.412667
0.412524
0.412381
0.412238
0.412095
0.411953
0.411811
0.411669
0.411527
0.411386
0.411245
0.411104
0.410963
0.410822
0.410682
0.410542
0.410402
0.410262
0.410123
0.409983
0.409844
0.409705
0.409567
0.409428
0.40929
0.409152
0.409014
0.408876
0.408739
0.408602
0.408465
0.408328
0.408191
0.408055
0.407918
0.407782
0.407646
0.407511
0.407375
0.40724
0.407105
0.40697
0.406835
0.406701
0.406567
0.406432
0.406299
0.406165
0.406031
0.405898
0.405765
0.405632
0.405499
0.405366
0.405234
0.405101
0.404969
0.404838
0.404706
0.404574
0.404443
0.404312
0.404181
0.40405
0.403919
0.403789
0.403658
0.403528
0.403398
0.403269
0.403139
0.40301
0.40288
0.402751
0.402622
0.402494
0.402365
0.402237
0.402108
0.40198
0.401852
0.401725
0.401597
0.40147
0.401343
0.401215
0.401089
0.400962
0.400835
0.400709
0.400583
0.400456
0.40033
0.400205
0.400079
0.399954
0.399828
0.399703
0.399578
0.399453
0.399329
0.399204
0.39908
0.398956
0.398831
0.398708
0.398584
0.39846
0.398337
0.398213
0.39809
0.397967
0.397844
0.397722
0.397599
0.397477
0.397355
0.397232
0.39711
0.396989
0.396867
0.396745
0.396624
0.396503
0.396382
0.396261
0.39614
0.396019
0.395899
0.395778
0.395658
0.395538
0.395418
0.395298
0.395178
0.395059
0.394939
0.39482
0.394701
0.394582
0.394463
0.394344
0.394226
0.394107
0.393989
0.393871
0.393753
0.393635
0.393517
0.393399
0.393282
0.393164
0.393047
0.39293
0.392813
0.392696
0.392579
0.392463
0.392346
0.39223
0.392113
0.391997
0.391881
0.391765
0.39165
0.391534
0.391419
0.391303
0.391188
0.391073
0.390958
0.390843
0.390728
0.390614
0.390499
0.390385
0.39027
0.390156
0.390042
0.389928
0.389814
0.389701
0.389587
0.389474
0.38936
0.389247
0.389134
0.389021
0.388908
0.388795
0.388683
0.38857
0.388458
0.388345
0.388233
0.388121
0.388009
0.387897
0.387786
0.387674
0.387562
0.387451
0.38734
0.387228
0.387117
0.387006
0.386896
0.386785
0.386674
0.386564
0.386453
0.386343
0.386233
0.386122
0.386012
0.385903
0.385793
0.385683
0.385573
0.385464
0.385355
0.385245
0.385136
0.385027
0.384918
0.384809
0.3847
0.384592
0.384483
0.384375
0.384266
0.384158
0.38405
0.383942
0.383834
0.383726
0.383618
0.38351
0.383403
0.383295
0.383188
0.383081
0.382973
0.382866
0.382759
0.382652
0.382546
0.382439
0.382332
0.382226
0.382119
0.382013
0.381907
0.3818
0.381694
0.381588
0.381482
0.381377
0.381271
0.381165
0.38106
0.380954
0.380849
0.380744
0.380638
0.380533
0.380428
0.380323
0.380218
0.380114
0.380009
0.379904
0.3798
0.379696
0.379591
0.379487
0.379383
0.379279
0.379175
0.379071
0.378967
0.378863
0.37876
0.378656
0.378552
0.378449
0.378346
0.378242
0.378139
0.378036
0.377933
0.37783
0.377727
0.377624
0.377522
0.377419
0.377317
0.377214
0.377112
0.377009
0.376907
0.376805
0.376703
0.376601
0.376499
0.376397
0.376295
0.376193
0.376092
0.37599
0.375888
0.375787
0.375686
0.375584
0.375483
0.375382
0.375281
0.37518
0.375079
0.374978
0.374877
0.374776
0.374675
0.374575
0.374474
0.374374
0.374273
0.374173
0.374073
0.373972
0.373872
0.373772
0.373672
0.373572
0.373472
0.373372
0.373272
0.373172
0.373073
0.372973
0.372873
0.372774
0.372674
0.372575
0.372476
0.372376
0.372277
0.372178
0.372079
0.37198
0.37188
0.371781
0.371682
0.371584
0.371485
0.371386
0.371287
0.371188
0.37109
0.370991
0.370893
0.370794
0.370696
0.370597
0.370499
0.3704
0.370302
0.370204
0.370105
0.370007
0.369909
0.369811
0.369713
0.369615
0.369517
0.369419
0.369321
0.369223
0.369125
0.369027
0.368929
0.368831
0.368733
0.368635
0.368538
0.36844
0.368342
0.368244
0.368147
0.368049
0.367951
0.367854
0.367756
0.367658
0.367561
0.367463
0.367365
0.367268
0.36717
0.367072
0.366974
0.366877
0.366779
0.366681
0.366584
0.366486
0.366388
0.36629
0.366192
0.366095
0.365997
0.365899
0.365801
0.365703
0.365605
0.365506
0.365408
0.36531
0.365212
0.365113
0.365015
0.364916
0.364817
0.364719
0.36462
0.364521
0.364422
0.364323
0.364223
0.364124
0.364024
0.363925
0.363825
0.363725
0.363625
0.363524
0.363424
0.363323
0.363222
0.36312
0.363019
0.362917
0.362815
0.362713
0.36261
0.362507
0.362404
0.3623
0.362196
0.362092
0.361987
0.361881
0.361776
0.361669
0.361562
0.361455
0.361347
0.361238
0.361129
0.361018
0.360907
0.360795
0.360683
0.360569
0.360454
0.360338
0.360221
0.360103
0.359983
0.359862
0.359739
0.359615
0.359488
0.35936
0.35923
0.359097
0.358961
0.358823
0.358682
0.358537
0.358389
0.358237
0.35808
0.357919
0.357752
0.357579
0.357399
0.357212
0.357017
0.356812
0.356596
0.356368
0.356126
0.355867
0.35559
0.355291
0.354966
0.354611
0.354218
0.353781
0.353289
0.352729
0.352082
0.351322
0.350414
0.349302
0.347904
0.346082
0.343598
0.339996
0.334274
0.323768
0.298529
0.236088
0.227591
0.223025
0.22181
0.222161
0.222857
0.223483
0.224002
0.224438
0.224767
0.224936
0.22491
0.2247
0.224375
0.224037
0.223777
0.223643
0.223633
0.223715
0.223848
0.223995
0.224126
0.22422
0.224268
0.224268
0.22423
0.224168
0.2241
0.224041
0.224002
0.223986
0.223992
0.224013
0.224041
0.22407
0.224092
0.224105
0.224108
0.224101
0.224088
0.224073
0.224059
0.224048
0.224042
0.224042
0.224046
0.224052
0.224059
0.224066
0.224071
0.224074
0.224074
0.224073
0.224071
0.224068
0.224066
0.224065
0.224064
0.224065
0.224066
0.224067
0.224068
0.224069
0.224069
0.224069
0.224069
0.224068
0.224067
0.224066
0.224066
0.224065
0.224065
0.224065
0.224065
0.224065
0.224065
0.224065
0.224065
0.224065
0.224064
0.224064
0.224064
0.224063
0.224063
0.224062
0.224062
0.224062
0.224062
0.224062
0.224061
0.224061
0.224061
0.22406
0.22406
0.22406
0.224059
0.224059
0.224058
0.224058
0.224057
0.224057
0.224056
0.224056
0.224055
0.224055
0.224054
0.224053
0.224053
0.224052
0.224052
0.224052
0.224051
0.224051
0.224051
0.224051
0.224051
)
;

boundaryField
{
    inlet
    {
        type            fixedValue;
        value           uniform 0.5;
    }
    outlet
    {
        type            zeroGradient;
    }
    emptyWalls
    {
        type            empty;
    }
}


// ************************************************************************* //
