/*--------------------------------*- C++ -*----------------------------------*\
  =========                 |
  \\      /  F ield         | OpenFOAM: The Open Source CFD Toolbox
   \\    /   O peration     | Website:  https://openfoam.org
    \\  /    A nd           | Version:  9
     \\/     M anipulation  |
\*---------------------------------------------------------------------------*/
FoamFile
{
    format      ascii;
    class       volScalarField;
    location    "5.5";
    object      Fa;
}
// * * * * * * * * * * * * * * * * * * * * * * * * * * * * * * * * * * * * * //

dimensions      [0 0 0 0 0 0 0];

internalField   nonuniform List<scalar> 
1000
(
0.709419
0.709417
0.709413
0.709408
0.709403
0.709397
0.70939
0.709382
0.709374
0.709365
0.709355
0.709344
0.709333
0.709322
0.709309
0.709296
0.709283
0.709268
0.709254
0.709238
0.709222
0.709206
0.709189
0.709172
0.709154
0.709135
0.709116
0.709097
0.709077
0.709057
0.709036
0.709015
0.708994
0.708972
0.708949
0.708926
0.708903
0.708879
0.708855
0.708831
0.708806
0.708781
0.708756
0.70873
0.708704
0.708677
0.70865
0.708623
0.708595
0.708568
0.708539
0.708511
0.708482
0.708453
0.708424
0.708394
0.708364
0.708334
0.708303
0.708272
0.708241
0.70821
0.708178
0.708147
0.708114
0.708082
0.708049
0.708016
0.707983
0.70795
0.707916
0.707883
0.707848
0.707814
0.70778
0.707745
0.70771
0.707675
0.707639
0.707604
0.707568
0.707532
0.707496
0.707459
0.707423
0.707386
0.707349
0.707312
0.707274
0.707237
0.707199
0.707161
0.707123
0.707085
0.707046
0.707007
0.706969
0.70693
0.706891
0.706851
0.706812
0.706772
0.706732
0.706692
0.706652
0.706612
0.706571
0.706531
0.70649
0.706449
0.706408
0.706367
0.706326
0.706284
0.706243
0.706201
0.706159
0.706117
0.706075
0.706033
0.70599
0.705948
0.705905
0.705862
0.705819
0.705776
0.705733
0.705689
0.705646
0.705602
0.705559
0.705515
0.705471
0.705427
0.705383
0.705339
0.705294
0.70525
0.705205
0.70516
0.705115
0.705071
0.705025
0.70498
0.704935
0.70489
0.704844
0.704799
0.704753
0.704707
0.704661
0.704615
0.704569
0.704523
0.704477
0.70443
0.704384
0.704337
0.704291
0.704244
0.704197
0.70415
0.704103
0.704056
0.704009
0.703961
0.703914
0.703866
0.703819
0.703771
0.703723
0.703676
0.703628
0.70358
0.703531
0.703483
0.703435
0.703387
0.703338
0.70329
0.703241
0.703193
0.703144
0.703095
0.703046
0.702997
0.702948
0.702899
0.70285
0.702801
0.702751
0.702702
0.702652
0.702603
0.702553
0.702503
0.702454
0.702404
0.702354
0.702304
0.702254
0.702204
0.702153
0.702103
0.702053
0.702002
0.701952
0.701901
0.701851
0.7018
0.701749
0.701698
0.701648
0.701597
0.701546
0.701495
0.701443
0.701392
0.701341
0.70129
0.701238
0.701187
0.701135
0.701084
0.701032
0.700981
0.700929
0.700877
0.700825
0.700773
0.700721
0.700669
0.700617
0.700565
0.700513
0.70046
0.700408
0.700356
0.700303
0.700251
0.700198
0.700146
0.700093
0.70004
0.699988
0.699935
0.699882
0.699829
0.699776
0.699723
0.69967
0.699617
0.699563
0.69951
0.699457
0.699404
0.69935
0.699297
0.699243
0.69919
0.699136
0.699082
0.699029
0.698975
0.698921
0.698867
0.698813
0.698759
0.698705
0.698651
0.698597
0.698543
0.698489
0.698434
0.69838
0.698326
0.698271
0.698217
0.698162
0.698108
0.698053
0.697998
0.697944
0.697889
0.697834
0.697779
0.697724
0.697669
0.697614
0.697559
0.697504
0.697449
0.697394
0.697339
0.697283
0.697228
0.697173
0.697117
0.697062
0.697006
0.696951
0.696895
0.696839
0.696784
0.696728
0.696672
0.696616
0.69656
0.696504
0.696448
0.696392
0.696336
0.69628
0.696224
0.696168
0.696111
0.696055
0.695998
0.695942
0.695886
0.695829
0.695772
0.695716
0.695659
0.695602
0.695545
0.695489
0.695432
0.695375
0.695318
0.695261
0.695203
0.695146
0.695089
0.695032
0.694974
0.694917
0.69486
0.694802
0.694744
0.694687
0.694629
0.694571
0.694513
0.694456
0.694398
0.69434
0.694282
0.694223
0.694165
0.694107
0.694048
0.69399
0.693932
0.693873
0.693814
0.693756
0.693697
0.693638
0.693579
0.69352
0.693461
0.693401
0.693342
0.693283
0.693223
0.693164
0.693104
0.693044
0.692984
0.692924
0.692864
0.692803
0.692743
0.692683
0.692622
0.692561
0.6925
0.692439
0.692378
0.692316
0.692255
0.692193
0.692131
0.692069
0.692006
0.691943
0.691881
0.691818
0.691754
0.691691
0.691627
0.691562
0.691498
0.691433
0.691368
0.691302
0.691236
0.69117
0.691103
0.691035
0.690968
0.690899
0.69083
0.69076
0.690689
0.690618
0.690546
0.690473
0.690399
0.690323
0.690247
0.690169
0.69009
0.690009
0.689926
0.689842
0.689755
0.689665
0.689573
0.689477
0.689378
0.689274
0.689166
0.689052
0.688932
0.688804
0.688667
0.688519
0.688358
0.688182
0.687986
0.687765
0.687512
0.687219
0.68687
0.686446
0.685913
0.685217
0.684262
0.682859
0.680591
0.6764
0.666228
0.663495
0.659757
0.653737
0.645021
0.633844
0.620935
0.607579
0.595606
0.587181
0.584225
0.587479
0.595697
0.605891
0.614779
0.620307
0.622072
0.620789
0.617589
0.613583
0.60969
0.606588
0.604697
0.604162
0.604849
0.606397
0.608313
0.610113
0.611436
0.612108
0.612134
0.611656
0.610884
0.610041
0.609316
0.608835
0.608648
0.608738
0.609031
0.609427
0.609821
0.610133
0.610312
0.610348
0.61026
0.61009
0.609886
0.609694
0.609548
0.609466
0.60945
0.609488
0.609562
0.609649
0.60973
0.60979
0.609824
0.609832
0.609819
0.609796
0.60977
0.609749
0.609738
0.609738
0.609746
0.60976
0.609775
0.609787
0.609793
0.609792
0.609784
0.609771
0.609755
0.609739
0.609725
0.609715
0.609709
0.609709
0.609712
0.609718
0.609725
0.609733
0.609741
0.609748
0.609753
0.609757
0.60976
0.609763
0.609764
0.609765
0.609764
0.609764
0.609762
0.60976
0.609757
0.609753
0.609749
0.609745
0.609741
0.609738
0.609735
0.609733
0.609732
0.609731
0.609732
0.609733
0.609735
0.609737
0.609739
0.609741
0.609742
0.609743
0.609743
0.609743
0.609741
0.609739
0.609736
0.609733
0.609728
0.609724
0.609718
0.609713
0.609707
0.609702
0.609697
0.609692
0.609687
0.609683
0.60968
0.609678
0.609676
0.609676
0.609676
0.609677
0.609679
0.609681
0.609684
0.609688
0.609692
0.609696
0.609701
0.609706
0.609711
0.609716
0.60972
0.609725
0.609729
0.609733
0.609736
0.609739
0.609741
0.609743
0.609745
0.609746
0.609747
0.609747
0.609747
0.609747
0.609746
0.609746
0.609745
0.609744
0.609744
0.609743
0.609742
0.609741
0.609741
0.60974
0.609739
0.609738
0.609737
0.609736
0.609734
0.609733
0.609731
0.60973
0.609728
0.609725
0.609723
0.60972
0.609718
0.609715
0.609712
0.60971
0.609707
0.609704
0.609702
0.609699
0.609697
0.609696
0.609694
0.609693
0.609692
0.609692
0.609692
0.609692
0.609693
0.609693
0.609695
0.609696
0.609697
0.609699
0.609701
0.609702
0.609704
0.609706
0.609707
0.609709
0.60971
0.609711
0.609712
0.609712
0.609713
0.609713
0.609712
0.609712
0.609711
0.60971
0.609709
0.609708
0.609707
0.609706
0.609705
0.609703
0.609702
0.609701
0.6097
0.6097
0.609699
0.609699
0.609698
0.609698
0.609698
0.609699
0.609699
0.6097
0.609701
0.609702
0.609702
0.609703
0.609704
0.609706
0.609706
0.609707
0.609708
0.609709
0.60971
0.60971
0.60971
0.609711
0.609711
0.609711
0.60971
0.60971
0.60971
0.609709
0.609708
0.609708
0.609707
0.609706
0.609706
0.609705
0.609704
0.609704
0.609703
0.609703
0.609703
0.609703
0.609703
0.609703
0.609703
0.609703
0.609703
0.609704
0.609704
0.609705
0.609705
0.609706
0.609707
0.609707
0.609708
0.609708
0.609709
0.609709
0.609709
0.609709
0.609709
0.60971
0.609709
0.609709
0.609709
0.609709
0.609708
0.609708
0.609708
0.609707
0.609707
0.609706
0.609706
0.609705
0.609705
0.609704
0.609704
0.609704
0.609704
0.609703
0.609703
0.609703
0.609703
0.609703
0.609703
0.609703
0.609703
0.609703
0.609703
0.609702
0.609702
0.609702
0.609702
0.609701
0.609701
0.6097
0.6097
0.609699
0.609698
0.609698
0.609697
0.609696
0.609695
0.609693
0.609692
0.609691
0.60969
0.609688
0.609687
0.609686
0.609685
0.609684
0.609683
0.609682
0.609681
0.60968
0.609679
0.609679
0.609678
0.609678
0.609678
0.609678
0.609678
0.609678
0.609679
0.609679
0.60968
0.60968
0.609681
0.609682
0.609683
0.609684
0.609685
0.609686
0.609687
0.609688
0.609688
0.609689
0.60969
0.609691
0.609692
0.609692
0.609693
0.609693
0.609693
0.609694
0.609694
0.609694
0.609693
0.609693
0.609693
0.609693
0.609692
0.609692
0.609691
0.60969
0.60969
0.609689
0.609689
0.609688
0.609687
0.609687
0.609686
0.609686
0.609685
0.609685
0.609684
0.609684
0.609684
0.609684
0.609684
0.609684
0.609684
0.609684
0.609685
0.609685
0.609685
0.609686
0.609686
0.609687
0.609688
0.609688
0.609689
0.609688
0.609686
0.609674
0.609627
0.609543
0.611336
0.634139
0.648251
0.648424
0.648414
0.648406
0.648403
0.648404
0.648405
0.648405
0.648405
0.648404
0.648403
0.648402
0.648402
0.648401
0.648401
0.6484
0.6484
0.648399
0.648399
0.648399
0.648399
0.648399
0.648399
0.648399
0.648399
0.648399
0.6484
0.6484
0.6484
0.6484
0.6484
0.6484
0.6484
0.6484
0.6484
0.6484
0.648399
0.648399
0.648398
0.648397
0.648396
0.648396
0.648395
0.648394
0.648393
0.648391
0.64839
0.648389
0.648388
0.648388
0.648387
0.648386
0.648385
0.648385
0.648384
0.648384
0.648384
0.648384
0.648384
0.648384
0.648384
0.648385
0.648385
0.648386
0.648386
0.648387
0.648387
0.648388
0.648389
0.648389
0.64839
0.64839
0.64839
0.648391
0.648391
0.648391
0.648391
0.64839
0.64839
0.648389
0.648389
0.648388
0.648387
0.648386
0.648385
0.648384
0.648383
0.648381
0.64838
0.648379
0.648377
0.648376
0.648374
0.648373
0.648372
0.64837
0.648369
0.648368
0.648367
0.648366
0.648366
0.648365
0.648364
0.648364
0.648364
0.648364
0.648364
0.648364
0.648364
0.648364
0.648365
0.648366
0.648366
0.648367
0.648368
0.648369
0.64837
0.648371
0.648372
0.648373
0.648375
0.648376
0.648377
0.648378
0.648379
0.64838
0.648381
0.648382
0.648383
0.648383
0.648384
0.648384
0.648385
0.648385
0.648385
0.648385
0.648385
0.648384
0.648384
0.648383
0.648383
)
;

boundaryField
{
    inlet
    {
        type            calculated;
        value           uniform 0.709421;
    }
    outlet
    {
        type            calculated;
        value           uniform 0.648383;
    }
    emptyWalls
    {
        type            empty;
    }
}


// ************************************************************************* //
