/*--------------------------------*- C++ -*----------------------------------*\
  =========                 |
  \\      /  F ield         | OpenFOAM: The Open Source CFD Toolbox
   \\    /   O peration     | Website:  https://openfoam.org
    \\  /    A nd           | Version:  9
     \\/     M anipulation  |
\*---------------------------------------------------------------------------*/
FoamFile
{
    format      ascii;
    class       volScalarField;
    location    "5.5";
    object      Sa;
}
// * * * * * * * * * * * * * * * * * * * * * * * * * * * * * * * * * * * * * //

dimensions      [0 0 0 0 0 0 0];

internalField   nonuniform List<scalar> 
1000
(
0.498926
0.498274
0.497676
0.497106
0.496554
0.496017
0.495492
0.494976
0.49447
0.493973
0.493483
0.493
0.492524
0.492054
0.491591
0.491133
0.490681
0.490235
0.489794
0.489358
0.488927
0.4885
0.488079
0.487662
0.487249
0.486841
0.486437
0.486037
0.48564
0.485248
0.48486
0.484476
0.484095
0.483717
0.483344
0.482973
0.482607
0.482243
0.481883
0.481525
0.481171
0.48082
0.480472
0.480127
0.479785
0.479446
0.47911
0.478776
0.478445
0.478117
0.477791
0.477468
0.477148
0.47683
0.476514
0.476201
0.47589
0.475582
0.475276
0.474972
0.47467
0.474371
0.474073
0.473778
0.473485
0.473194
0.472906
0.472619
0.472334
0.472051
0.47177
0.471491
0.471214
0.470939
0.470665
0.470393
0.470123
0.469855
0.469589
0.469324
0.469061
0.4688
0.46854
0.468282
0.468026
0.467771
0.467518
0.467266
0.467016
0.466767
0.46652
0.466274
0.46603
0.465787
0.465546
0.465306
0.465067
0.46483
0.464594
0.464359
0.464126
0.463894
0.463664
0.463434
0.463206
0.462979
0.462754
0.462529
0.462306
0.462084
0.461864
0.461644
0.461426
0.461208
0.460992
0.460777
0.460563
0.46035
0.460139
0.459928
0.459719
0.45951
0.459303
0.459096
0.458891
0.458686
0.458483
0.458281
0.458079
0.457879
0.457679
0.457481
0.457283
0.457087
0.456891
0.456696
0.456502
0.456309
0.456117
0.455926
0.455736
0.455546
0.455358
0.45517
0.454983
0.454797
0.454612
0.454428
0.454244
0.454062
0.45388
0.453698
0.453518
0.453339
0.45316
0.452982
0.452804
0.452628
0.452452
0.452277
0.452103
0.451929
0.451756
0.451584
0.451413
0.451242
0.451072
0.450903
0.450734
0.450566
0.450399
0.450232
0.450066
0.449901
0.449736
0.449572
0.449409
0.449246
0.449084
0.448923
0.448762
0.448602
0.448442
0.448283
0.448125
0.447967
0.44781
0.447653
0.447497
0.447342
0.447187
0.447033
0.446879
0.446726
0.446573
0.446421
0.44627
0.446119
0.445969
0.445819
0.44567
0.445521
0.445372
0.445225
0.445078
0.444931
0.444785
0.444639
0.444494
0.444349
0.444205
0.444061
0.443918
0.443775
0.443633
0.443492
0.44335
0.443209
0.443069
0.442929
0.44279
0.442651
0.442513
0.442375
0.442237
0.4421
0.441963
0.441827
0.441691
0.441556
0.441421
0.441286
0.441152
0.441019
0.440886
0.440753
0.44062
0.440488
0.440357
0.440226
0.440095
0.439965
0.439835
0.439705
0.439576
0.439447
0.439319
0.439191
0.439063
0.438936
0.438809
0.438683
0.438557
0.438431
0.438306
0.438181
0.438056
0.437932
0.437808
0.437684
0.437561
0.437438
0.437316
0.437194
0.437072
0.43695
0.436829
0.436709
0.436588
0.436468
0.436348
0.436229
0.43611
0.435991
0.435873
0.435754
0.435637
0.435519
0.435402
0.435285
0.435169
0.435052
0.434937
0.434821
0.434706
0.434591
0.434476
0.434362
0.434247
0.434134
0.43402
0.433907
0.433794
0.433681
0.433569
0.433457
0.433345
0.433234
0.433122
0.433011
0.432901
0.43279
0.43268
0.43257
0.432461
0.432351
0.432242
0.432134
0.432025
0.431917
0.431809
0.431701
0.431593
0.431486
0.431379
0.431272
0.431166
0.431059
0.430953
0.430848
0.430742
0.430637
0.430532
0.430427
0.430322
0.430218
0.430114
0.43001
0.429906
0.429802
0.429699
0.429596
0.429493
0.42939
0.429288
0.429186
0.429084
0.428982
0.42888
0.428779
0.428678
0.428577
0.428476
0.428375
0.428275
0.428174
0.428074
0.427974
0.427875
0.427775
0.427676
0.427576
0.427477
0.427378
0.42728
0.427181
0.427083
0.426984
0.426886
0.426788
0.42669
0.426592
0.426495
0.426397
0.4263
0.426203
0.426106
0.426009
0.425912
0.425815
0.425718
0.425621
0.425525
0.425428
0.425332
0.425235
0.425139
0.425043
0.424946
0.42485
0.424754
0.424657
0.424561
0.424465
0.424368
0.424272
0.424175
0.424079
0.423982
0.423885
0.423788
0.423691
0.423594
0.423496
0.423399
0.4233
0.423202
0.423103
0.423004
0.422905
0.422805
0.422705
0.422604
0.422502
0.4224
0.422297
0.422193
0.422088
0.421982
0.421875
0.421767
0.421657
0.421546
0.421432
0.421317
0.4212
0.421081
0.420958
0.420833
0.420704
0.42057
0.420433
0.42029
0.420141
0.419985
0.419821
0.419647
0.419462
0.419263
0.419048
0.418814
0.418555
0.418266
0.417938
0.417561
0.417118
0.416585
0.415927
0.415084
0.413955
0.412353
0.409883
0.405605
0.39677
0.315912
0.31549
0.31485
0.31387
0.312621
0.31122
0.309813
0.308579
0.307716
0.307393
0.307682
0.308478
0.30951
0.310445
0.311051
0.311261
0.31114
0.310809
0.31039
0.309981
0.309655
0.309453
0.30939
0.309454
0.30961
0.309806
0.309995
0.310136
0.31021
0.310216
0.310169
0.310089
0.310002
0.309925
0.309874
0.309853
0.309861
0.30989
0.309931
0.309972
0.310005
0.310024
0.310029
0.310021
0.310003
0.309982
0.309962
0.309947
0.309938
0.309936
0.309939
0.309947
0.309956
0.309964
0.309971
0.309974
0.309975
0.309974
0.309972
0.309969
0.309967
0.309966
0.309966
0.309967
0.309968
0.30997
0.309971
0.309972
0.309971
0.309971
0.309969
0.309968
0.309966
0.309965
0.309964
0.309963
0.309963
0.309963
0.309964
0.309965
0.309965
0.309966
0.309967
0.309968
0.309968
0.309968
0.309969
0.309969
0.309969
0.309969
0.309969
0.309969
0.309968
0.309968
0.309968
0.309967
0.309967
0.309967
0.309966
0.309966
0.309966
0.309966
0.309966
0.309966
0.309966
0.309966
0.309966
0.309966
0.309967
0.309967
0.309967
0.309967
0.309967
0.309967
0.309967
0.309966
0.309966
0.309965
0.309965
0.309964
0.309964
0.309963
0.309963
0.309962
0.309962
0.309961
0.309961
0.309961
0.30996
0.30996
0.30996
0.30996
0.30996
0.309961
0.309961
0.309961
0.309962
0.309962
0.309962
0.309963
0.309963
0.309964
0.309965
0.309965
0.309966
0.309966
0.309966
0.309967
0.309967
0.309967
0.309968
0.309968
0.309968
0.309968
0.309968
0.309968
0.309968
0.309968
0.309968
0.309968
0.309968
0.309968
0.309968
0.309968
0.309968
0.309967
0.309967
0.309967
0.309967
0.309967
0.309967
0.309967
0.309967
0.309967
0.309966
0.309966
0.309966
0.309966
0.309965
0.309965
0.309965
0.309965
0.309964
0.309964
0.309964
0.309964
0.309963
0.309963
0.309963
0.309963
0.309963
0.309963
0.309963
0.309963
0.309963
0.309963
0.309963
0.309963
0.309963
0.309963
0.309964
0.309964
0.309964
0.309964
0.309964
0.309964
0.309965
0.309965
0.309965
0.309965
0.309965
0.309965
0.309965
0.309965
0.309965
0.309965
0.309965
0.309965
0.309965
0.309965
0.309965
0.309965
0.309964
0.309964
0.309964
0.309964
0.309964
0.309964
0.309964
0.309964
0.309964
0.309964
0.309964
0.309964
0.309964
0.309964
0.309964
0.309965
0.309965
0.309965
0.309965
0.309965
0.309965
0.309965
0.309965
0.309965
0.309965
0.309966
0.309966
0.309966
0.309966
0.309966
0.309966
0.309966
0.309966
0.309965
0.309965
0.309965
0.309965
0.309965
0.309965
0.309965
0.309965
0.309965
0.309965
0.309965
0.309965
0.309965
0.309965
0.309965
0.309965
0.309965
0.309965
0.309965
0.309965
0.309966
0.309966
0.309966
0.309966
0.309966
0.309966
0.309966
0.309966
0.309966
0.309966
0.309966
0.309966
0.309966
0.309966
0.309966
0.309966
0.309966
0.309966
0.309966
0.309966
0.309966
0.309966
0.309966
0.309966
0.309966
0.309966
0.309966
0.309966
0.309966
0.309966
0.309966
0.309966
0.309966
0.309966
0.309966
0.309966
0.309966
0.309966
0.309966
0.309966
0.309966
0.309966
0.309966
0.309966
0.309966
0.309966
0.309966
0.309966
0.309966
0.309966
0.309965
0.309965
0.309965
0.309965
0.309965
0.309965
0.309965
0.309965
0.309965
0.309965
0.309964
0.309964
0.309964
0.309964
0.309964
0.309964
0.309964
0.309964
0.309964
0.309964
0.309964
0.309964
0.309964
0.309964
0.309964
0.309964
0.309964
0.309964
0.309964
0.309965
0.309965
0.309965
0.309965
0.309965
0.309965
0.309965
0.309965
0.309965
0.309966
0.309966
0.309966
0.309966
0.309966
0.309966
0.309966
0.309966
0.309966
0.309966
0.309966
0.309966
0.309966
0.309966
0.309966
0.309966
0.309966
0.309966
0.309966
0.309966
0.309966
0.309966
0.309966
0.309966
0.309966
0.309966
0.309966
0.309966
0.309966
0.309966
0.309966
0.309966
0.309966
0.309966
0.309966
0.309966
0.309966
0.309966
0.309966
0.309966
0.309966
0.309966
0.309966
0.309966
0.309966
0.309966
0.309965
0.30996
0.309941
0.309888
0.310151
0.317178
0.334304
0.337351
0.337365
0.337364
0.337364
0.337364
0.337364
0.337364
0.337364
0.337364
0.337364
0.337364
0.337363
0.337363
0.337363
0.337363
0.337363
0.337363
0.337363
0.337363
0.337363
0.337363
0.337363
0.337363
0.337363
0.337363
0.337363
0.337363
0.337363
0.337363
0.337363
0.337363
0.337363
0.337363
0.337363
0.337363
0.337363
0.337363
0.337363
0.337363
0.337363
0.337363
0.337362
0.337362
0.337362
0.337362
0.337362
0.337362
0.337362
0.337361
0.337361
0.337361
0.337361
0.337361
0.337361
0.337361
0.337361
0.337361
0.337361
0.337361
0.337361
0.337361
0.337361
0.337361
0.337361
0.337361
0.337361
0.337361
0.337362
0.337362
0.337362
0.337362
0.337362
0.337362
0.337362
0.337362
0.337362
0.337362
0.337362
0.337362
0.337362
0.337361
0.337361
0.337361
0.337361
0.337361
0.337361
0.33736
0.33736
0.33736
0.33736
0.33736
0.337359
0.337359
0.337359
0.337359
0.337359
0.337359
0.337358
0.337358
0.337358
0.337358
0.337358
0.337358
0.337358
0.337358
0.337358
0.337358
0.337358
0.337358
0.337358
0.337358
0.337358
0.337358
0.337359
0.337359
0.337359
0.337359
0.337359
0.337359
0.33736
0.33736
0.33736
0.33736
0.33736
0.33736
0.33736
0.337361
0.337361
0.337361
0.337361
0.337361
0.337361
0.337361
0.337361
0.337361
0.337361
0.337361
0.337361
0.337361
0.337361
)
;

boundaryField
{
    inlet
    {
        type            fixedValue;
        value           uniform 0.5;
    }
    outlet
    {
        type            zeroGradient;
    }
    emptyWalls
    {
        type            empty;
    }
}


// ************************************************************************* //
