/*--------------------------------*- C++ -*----------------------------------*\
  =========                 |
  \\      /  F ield         | OpenFOAM: The Open Source CFD Toolbox
   \\    /   O peration     | Website:  https://openfoam.org
    \\  /    A nd           | Version:  9
     \\/     M anipulation  |
\*---------------------------------------------------------------------------*/
FoamFile
{
    format      ascii;
    class       volVectorField;
    location    "9.4";
    object      Ua;
}
// * * * * * * * * * * * * * * * * * * * * * * * * * * * * * * * * * * * * * //

dimensions      [0 0 0 0 0 0 0];

internalField   nonuniform List<vector> 
1000
(
(0.709421 0 0)
(0.70942 0 0)
(0.709419 0 0)
(0.709417 0 0)
(0.709416 0 0)
(0.709414 0 0)
(0.709411 0 0)
(0.709409 0 0)
(0.709406 0 0)
(0.709402 0 0)
(0.709399 0 0)
(0.709395 0 0)
(0.709391 0 0)
(0.709387 0 0)
(0.709382 0 0)
(0.709377 0 0)
(0.709372 0 0)
(0.709367 0 0)
(0.709362 0 0)
(0.709356 0 0)
(0.70935 0 0)
(0.709344 0 0)
(0.709337 0 0)
(0.709331 0 0)
(0.709324 0 0)
(0.709317 0 0)
(0.709309 0 0)
(0.709302 0 0)
(0.709294 0 0)
(0.709286 0 0)
(0.709278 0 0)
(0.70927 0 0)
(0.709261 0 0)
(0.709253 0 0)
(0.709244 0 0)
(0.709235 0 0)
(0.709226 0 0)
(0.709216 0 0)
(0.709206 0 0)
(0.709197 0 0)
(0.709187 0 0)
(0.709177 0 0)
(0.709166 0 0)
(0.709156 0 0)
(0.709145 0 0)
(0.709134 0 0)
(0.709123 0 0)
(0.709112 0 0)
(0.709101 0 0)
(0.709089 0 0)
(0.709077 0 0)
(0.709066 0 0)
(0.709054 0 0)
(0.709042 0 0)
(0.709029 0 0)
(0.709017 0 0)
(0.709004 0 0)
(0.708992 0 0)
(0.708979 0 0)
(0.708966 0 0)
(0.708953 0 0)
(0.708939 0 0)
(0.708926 0 0)
(0.708912 0 0)
(0.708899 0 0)
(0.708885 0 0)
(0.708871 0 0)
(0.708857 0 0)
(0.708843 0 0)
(0.708828 0 0)
(0.708814 0 0)
(0.708799 0 0)
(0.708784 0 0)
(0.70877 0 0)
(0.708755 0 0)
(0.708739 0 0)
(0.708724 0 0)
(0.708709 0 0)
(0.708693 0 0)
(0.708678 0 0)
(0.708662 0 0)
(0.708646 0 0)
(0.70863 0 0)
(0.708614 0 0)
(0.708598 0 0)
(0.708582 0 0)
(0.708566 0 0)
(0.708549 0 0)
(0.708533 0 0)
(0.708516 0 0)
(0.708499 0 0)
(0.708482 0 0)
(0.708465 0 0)
(0.708448 0 0)
(0.708431 0 0)
(0.708414 0 0)
(0.708396 0 0)
(0.708379 0 0)
(0.708361 0 0)
(0.708343 0 0)
(0.708326 0 0)
(0.708308 0 0)
(0.70829 0 0)
(0.708272 0 0)
(0.708253 0 0)
(0.708235 0 0)
(0.708217 0 0)
(0.708198 0 0)
(0.70818 0 0)
(0.708161 0 0)
(0.708142 0 0)
(0.708124 0 0)
(0.708105 0 0)
(0.708086 0 0)
(0.708067 0 0)
(0.708047 0 0)
(0.708028 0 0)
(0.708009 0 0)
(0.707989 0 0)
(0.70797 0 0)
(0.70795 0 0)
(0.707931 0 0)
(0.707911 0 0)
(0.707891 0 0)
(0.707871 0 0)
(0.707851 0 0)
(0.707831 0 0)
(0.707811 0 0)
(0.707791 0 0)
(0.707771 0 0)
(0.70775 0 0)
(0.70773 0 0)
(0.707709 0 0)
(0.707689 0 0)
(0.707668 0 0)
(0.707647 0 0)
(0.707627 0 0)
(0.707606 0 0)
(0.707585 0 0)
(0.707564 0 0)
(0.707543 0 0)
(0.707521 0 0)
(0.7075 0 0)
(0.707479 0 0)
(0.707458 0 0)
(0.707436 0 0)
(0.707415 0 0)
(0.707393 0 0)
(0.707371 0 0)
(0.70735 0 0)
(0.707328 0 0)
(0.707306 0 0)
(0.707284 0 0)
(0.707262 0 0)
(0.70724 0 0)
(0.707218 0 0)
(0.707196 0 0)
(0.707174 0 0)
(0.707152 0 0)
(0.707129 0 0)
(0.707107 0 0)
(0.707084 0 0)
(0.707062 0 0)
(0.707039 0 0)
(0.707017 0 0)
(0.706994 0 0)
(0.706971 0 0)
(0.706948 0 0)
(0.706926 0 0)
(0.706903 0 0)
(0.70688 0 0)
(0.706857 0 0)
(0.706834 0 0)
(0.70681 0 0)
(0.706787 0 0)
(0.706764 0 0)
(0.706741 0 0)
(0.706717 0 0)
(0.706694 0 0)
(0.70667 0 0)
(0.706647 0 0)
(0.706623 0 0)
(0.7066 0 0)
(0.706576 0 0)
(0.706552 0 0)
(0.706528 0 0)
(0.706505 0 0)
(0.706481 0 0)
(0.706457 0 0)
(0.706433 0 0)
(0.706409 0 0)
(0.706385 0 0)
(0.70636 0 0)
(0.706336 0 0)
(0.706312 0 0)
(0.706288 0 0)
(0.706263 0 0)
(0.706239 0 0)
(0.706215 0 0)
(0.70619 0 0)
(0.706165 0 0)
(0.706141 0 0)
(0.706116 0 0)
(0.706092 0 0)
(0.706067 0 0)
(0.706042 0 0)
(0.706017 0 0)
(0.705992 0 0)
(0.705968 0 0)
(0.705943 0 0)
(0.705918 0 0)
(0.705893 0 0)
(0.705868 0 0)
(0.705842 0 0)
(0.705817 0 0)
(0.705792 0 0)
(0.705767 0 0)
(0.705741 0 0)
(0.705716 0 0)
(0.705691 0 0)
(0.705665 0 0)
(0.70564 0 0)
(0.705614 0 0)
(0.705589 0 0)
(0.705563 0 0)
(0.705538 0 0)
(0.705512 0 0)
(0.705486 0 0)
(0.70546 0 0)
(0.705435 0 0)
(0.705409 0 0)
(0.705383 0 0)
(0.705357 0 0)
(0.705331 0 0)
(0.705305 0 0)
(0.705279 0 0)
(0.705253 0 0)
(0.705227 0 0)
(0.705201 0 0)
(0.705175 0 0)
(0.705148 0 0)
(0.705122 0 0)
(0.705096 0 0)
(0.70507 0 0)
(0.705043 0 0)
(0.705017 0 0)
(0.70499 0 0)
(0.704964 0 0)
(0.704937 0 0)
(0.704911 0 0)
(0.704884 0 0)
(0.704858 0 0)
(0.704831 0 0)
(0.704804 0 0)
(0.704778 0 0)
(0.704751 0 0)
(0.704724 0 0)
(0.704697 0 0)
(0.70467 0 0)
(0.704643 0 0)
(0.704616 0 0)
(0.704589 0 0)
(0.704562 0 0)
(0.704535 0 0)
(0.704508 0 0)
(0.704481 0 0)
(0.704454 0 0)
(0.704427 0 0)
(0.7044 0 0)
(0.704373 0 0)
(0.704345 0 0)
(0.704318 0 0)
(0.704291 0 0)
(0.704263 0 0)
(0.704236 0 0)
(0.704209 0 0)
(0.704181 0 0)
(0.704154 0 0)
(0.704126 0 0)
(0.704098 0 0)
(0.704071 0 0)
(0.704043 0 0)
(0.704016 0 0)
(0.703988 0 0)
(0.70396 0 0)
(0.703933 0 0)
(0.703905 0 0)
(0.703877 0 0)
(0.703849 0 0)
(0.703821 0 0)
(0.703793 0 0)
(0.703766 0 0)
(0.703738 0 0)
(0.70371 0 0)
(0.703682 0 0)
(0.703654 0 0)
(0.703626 0 0)
(0.703597 0 0)
(0.703569 0 0)
(0.703541 0 0)
(0.703513 0 0)
(0.703485 0 0)
(0.703457 0 0)
(0.703428 0 0)
(0.7034 0 0)
(0.703372 0 0)
(0.703343 0 0)
(0.703315 0 0)
(0.703287 0 0)
(0.703258 0 0)
(0.70323 0 0)
(0.703201 0 0)
(0.703173 0 0)
(0.703144 0 0)
(0.703116 0 0)
(0.703087 0 0)
(0.703059 0 0)
(0.70303 0 0)
(0.703001 0 0)
(0.702973 0 0)
(0.702944 0 0)
(0.702915 0 0)
(0.702886 0 0)
(0.702858 0 0)
(0.702829 0 0)
(0.7028 0 0)
(0.702771 0 0)
(0.702742 0 0)
(0.702713 0 0)
(0.702684 0 0)
(0.702655 0 0)
(0.702626 0 0)
(0.702597 0 0)
(0.702568 0 0)
(0.702539 0 0)
(0.70251 0 0)
(0.702481 0 0)
(0.702452 0 0)
(0.702423 0 0)
(0.702394 0 0)
(0.702364 0 0)
(0.702335 0 0)
(0.702306 0 0)
(0.702277 0 0)
(0.702247 0 0)
(0.702218 0 0)
(0.702189 0 0)
(0.702159 0 0)
(0.70213 0 0)
(0.702101 0 0)
(0.702071 0 0)
(0.702042 0 0)
(0.702012 0 0)
(0.701983 0 0)
(0.701953 0 0)
(0.701924 0 0)
(0.701894 0 0)
(0.701864 0 0)
(0.701835 0 0)
(0.701805 0 0)
(0.701775 0 0)
(0.701746 0 0)
(0.701716 0 0)
(0.701686 0 0)
(0.701657 0 0)
(0.701627 0 0)
(0.701597 0 0)
(0.701567 0 0)
(0.701537 0 0)
(0.701508 0 0)
(0.701478 0 0)
(0.701448 0 0)
(0.701418 0 0)
(0.701388 0 0)
(0.701358 0 0)
(0.701328 0 0)
(0.701298 0 0)
(0.701268 0 0)
(0.701238 0 0)
(0.701208 0 0)
(0.701178 0 0)
(0.701148 0 0)
(0.701117 0 0)
(0.701087 0 0)
(0.701057 0 0)
(0.701027 0 0)
(0.700997 0 0)
(0.700966 0 0)
(0.700936 0 0)
(0.700906 0 0)
(0.700876 0 0)
(0.700845 0 0)
(0.700815 0 0)
(0.700785 0 0)
(0.700754 0 0)
(0.700724 0 0)
(0.700693 0 0)
(0.700663 0 0)
(0.700633 0 0)
(0.700602 0 0)
(0.700572 0 0)
(0.700541 0 0)
(0.700511 0 0)
(0.70048 0 0)
(0.700449 0 0)
(0.700419 0 0)
(0.700388 0 0)
(0.700358 0 0)
(0.700327 0 0)
(0.700296 0 0)
(0.700266 0 0)
(0.700235 0 0)
(0.700204 0 0)
(0.700173 0 0)
(0.700143 0 0)
(0.700112 0 0)
(0.700081 0 0)
(0.70005 0 0)
(0.700019 0 0)
(0.699989 0 0)
(0.699958 0 0)
(0.699927 0 0)
(0.699896 0 0)
(0.699865 0 0)
(0.699834 0 0)
(0.699803 0 0)
(0.699772 0 0)
(0.699741 0 0)
(0.69971 0 0)
(0.699679 0 0)
(0.699648 0 0)
(0.699617 0 0)
(0.699586 0 0)
(0.699555 0 0)
(0.699524 0 0)
(0.699493 0 0)
(0.699461 0 0)
(0.69943 0 0)
(0.699399 0 0)
(0.699368 0 0)
(0.699337 0 0)
(0.699305 0 0)
(0.699274 0 0)
(0.699243 0 0)
(0.699212 0 0)
(0.69918 0 0)
(0.699149 0 0)
(0.699118 0 0)
(0.699086 0 0)
(0.699055 0 0)
(0.699023 0 0)
(0.698992 0 0)
(0.698961 0 0)
(0.698929 0 0)
(0.698898 0 0)
(0.698866 0 0)
(0.698835 0 0)
(0.698803 0 0)
(0.698772 0 0)
(0.69874 0 0)
(0.698709 0 0)
(0.698677 0 0)
(0.698645 0 0)
(0.698614 0 0)
(0.698582 0 0)
(0.698551 0 0)
(0.698519 0 0)
(0.698487 0 0)
(0.698456 0 0)
(0.698424 0 0)
(0.698392 0 0)
(0.69836 0 0)
(0.698329 0 0)
(0.698297 0 0)
(0.698265 0 0)
(0.698233 0 0)
(0.698202 0 0)
(0.69817 0 0)
(0.698138 0 0)
(0.698106 0 0)
(0.698074 0 0)
(0.698042 0 0)
(0.69801 0 0)
(0.697978 0 0)
(0.697946 0 0)
(0.697914 0 0)
(0.697882 0 0)
(0.69785 0 0)
(0.697818 0 0)
(0.697786 0 0)
(0.697754 0 0)
(0.697722 0 0)
(0.69769 0 0)
(0.697658 0 0)
(0.697626 0 0)
(0.697594 0 0)
(0.697562 0 0)
(0.69753 0 0)
(0.697498 0 0)
(0.697465 0 0)
(0.697433 0 0)
(0.697401 0 0)
(0.697369 0 0)
(0.697336 0 0)
(0.697304 0 0)
(0.697272 0 0)
(0.69724 0 0)
(0.697207 0 0)
(0.697175 0 0)
(0.697143 0 0)
(0.69711 0 0)
(0.697078 0 0)
(0.697046 0 0)
(0.697013 0 0)
(0.696981 0 0)
(0.696948 0 0)
(0.696916 0 0)
(0.696884 0 0)
(0.696851 0 0)
(0.696819 0 0)
(0.696786 0 0)
(0.696754 0 0)
(0.696721 0 0)
(0.696688 0 0)
(0.696656 0 0)
(0.696623 0 0)
(0.696591 0 0)
(0.696558 0 0)
(0.696526 0 0)
(0.696493 0 0)
(0.69646 0 0)
(0.696428 0 0)
(0.696395 0 0)
(0.696362 0 0)
(0.696329 0 0)
(0.696297 0 0)
(0.696264 0 0)
(0.696231 0 0)
(0.696198 0 0)
(0.696166 0 0)
(0.696133 0 0)
(0.6961 0 0)
(0.696067 0 0)
(0.696034 0 0)
(0.696001 0 0)
(0.695969 0 0)
(0.695936 0 0)
(0.695903 0 0)
(0.69587 0 0)
(0.695837 0 0)
(0.695804 0 0)
(0.695771 0 0)
(0.695738 0 0)
(0.695705 0 0)
(0.695672 0 0)
(0.695639 0 0)
(0.695606 0 0)
(0.695573 0 0)
(0.69554 0 0)
(0.695507 0 0)
(0.695474 0 0)
(0.69544 0 0)
(0.695407 0 0)
(0.695374 0 0)
(0.695341 0 0)
(0.695308 0 0)
(0.695275 0 0)
(0.695241 0 0)
(0.695208 0 0)
(0.695175 0 0)
(0.695142 0 0)
(0.695108 0 0)
(0.695075 0 0)
(0.695042 0 0)
(0.695008 0 0)
(0.694975 0 0)
(0.694942 0 0)
(0.694908 0 0)
(0.694875 0 0)
(0.694841 0 0)
(0.694808 0 0)
(0.694774 0 0)
(0.694741 0 0)
(0.694707 0 0)
(0.694674 0 0)
(0.69464 0 0)
(0.694607 0 0)
(0.694573 0 0)
(0.69454 0 0)
(0.694506 0 0)
(0.694472 0 0)
(0.694439 0 0)
(0.694405 0 0)
(0.694371 0 0)
(0.694338 0 0)
(0.694304 0 0)
(0.69427 0 0)
(0.694237 0 0)
(0.694203 0 0)
(0.694169 0 0)
(0.694135 0 0)
(0.694101 0 0)
(0.694068 0 0)
(0.694034 0 0)
(0.694 0 0)
(0.693966 0 0)
(0.693932 0 0)
(0.693898 0 0)
(0.693864 0 0)
(0.69383 0 0)
(0.693796 0 0)
(0.693762 0 0)
(0.693728 0 0)
(0.693694 0 0)
(0.69366 0 0)
(0.693626 0 0)
(0.693592 0 0)
(0.693557 0 0)
(0.693523 0 0)
(0.693489 0 0)
(0.693455 0 0)
(0.693421 0 0)
(0.693386 0 0)
(0.693352 0 0)
(0.693318 0 0)
(0.693283 0 0)
(0.693249 0 0)
(0.693214 0 0)
(0.69318 0 0)
(0.693146 0 0)
(0.693111 0 0)
(0.693076 0 0)
(0.693042 0 0)
(0.693007 0 0)
(0.692973 0 0)
(0.692938 0 0)
(0.692903 0 0)
(0.692869 0 0)
(0.692834 0 0)
(0.692799 0 0)
(0.692764 0 0)
(0.69273 0 0)
(0.692695 0 0)
(0.69266 0 0)
(0.692625 0 0)
(0.69259 0 0)
(0.692555 0 0)
(0.69252 0 0)
(0.692485 0 0)
(0.692449 0 0)
(0.692414 0 0)
(0.692379 0 0)
(0.692344 0 0)
(0.692308 0 0)
(0.692273 0 0)
(0.692238 0 0)
(0.692202 0 0)
(0.692167 0 0)
(0.692131 0 0)
(0.692095 0 0)
(0.69206 0 0)
(0.692024 0 0)
(0.691988 0 0)
(0.691952 0 0)
(0.691916 0 0)
(0.69188 0 0)
(0.691844 0 0)
(0.691808 0 0)
(0.691772 0 0)
(0.691736 0 0)
(0.691699 0 0)
(0.691663 0 0)
(0.691626 0 0)
(0.69159 0 0)
(0.691553 0 0)
(0.691516 0 0)
(0.691479 0 0)
(0.691442 0 0)
(0.691405 0 0)
(0.691368 0 0)
(0.691331 0 0)
(0.691293 0 0)
(0.691256 0 0)
(0.691218 0 0)
(0.69118 0 0)
(0.691142 0 0)
(0.691104 0 0)
(0.691066 0 0)
(0.691027 0 0)
(0.690989 0 0)
(0.69095 0 0)
(0.690911 0 0)
(0.690872 0 0)
(0.690832 0 0)
(0.690792 0 0)
(0.690753 0 0)
(0.690712 0 0)
(0.690672 0 0)
(0.690631 0 0)
(0.69059 0 0)
(0.690549 0 0)
(0.690507 0 0)
(0.690465 0 0)
(0.690423 0 0)
(0.69038 0 0)
(0.690337 0 0)
(0.690293 0 0)
(0.690249 0 0)
(0.690204 0 0)
(0.690159 0 0)
(0.690113 0 0)
(0.690066 0 0)
(0.690019 0 0)
(0.68997 0 0)
(0.689921 0 0)
(0.689871 0 0)
(0.68982 0 0)
(0.689768 0 0)
(0.689715 0 0)
(0.68966 0 0)
(0.689604 0 0)
(0.689546 0 0)
(0.689486 0 0)
(0.689424 0 0)
(0.68936 0 0)
(0.689294 0 0)
(0.689225 0 0)
(0.689152 0 0)
(0.689076 0 0)
(0.688996 0 0)
(0.688911 0 0)
(0.688821 0 0)
(0.688724 0 0)
(0.68862 0 0)
(0.688507 0 0)
(0.688384 0 0)
(0.688248 0 0)
(0.688097 0 0)
(0.687928 0 0)
(0.687735 0 0)
(0.687513 0 0)
(0.687252 0 0)
(0.68694 0 0)
(0.686557 0 0)
(0.686075 0 0)
(0.685445 0 0)
(0.684581 0 0)
(0.683317 0 0)
(0.681292 0 0)
(0.677592 0 0)
(0.667169 0 0)
(0.655818 0 0)
(0.647067 0 0)
(0.634213 0 0)
(0.617976 0 0)
(0.60051 0 0)
(0.585085 0 0)
(0.5756 0 0)
(0.57517 0 0)
(0.584039 0 0)
(0.59858 0 0)
(0.613096 0 0)
(0.623191 0 0)
(0.627489 0 0)
(0.626906 0 0)
(0.623172 0 0)
(0.617926 0 0)
(0.612453 0 0)
(0.607701 0 0)
(0.604324 0 0)
(0.602682 0 0)
(0.602802 0 0)
(0.604371 0 0)
(0.606808 0 0)
(0.609424 0 0)
(0.611615 0 0)
(0.612999 0 0)
(0.613463 0 0)
(0.613122 0 0)
(0.612227 0 0)
(0.611084 0 0)
(0.609977 0 0)
(0.609125 0 0)
(0.60865 0 0)
(0.608577 0 0)
(0.608845 0 0)
(0.609333 0 0)
(0.609898 0 0)
(0.61041 0 0)
(0.610774 0 0)
(0.610948 0 0)
(0.610935 0 0)
(0.610779 0 0)
(0.61054 0 0)
(0.610285 0 0)
(0.610067 0 0)
(0.609923 0 0)
(0.609868 0 0)
(0.609894 0 0)
(0.609979 0 0)
(0.610094 0 0)
(0.610209 0 0)
(0.610301 0 0)
(0.610356 0 0)
(0.610369 0 0)
(0.610348 0 0)
(0.610303 0 0)
(0.610249 0 0)
(0.610198 0 0)
(0.61016 0 0)
(0.610139 0 0)
(0.610137 0 0)
(0.61015 0 0)
(0.610173 0 0)
(0.610197 0 0)
(0.610219 0 0)
(0.610234 0 0)
(0.61024 0 0)
(0.610238 0 0)
(0.61023 0 0)
(0.610218 0 0)
(0.610206 0 0)
(0.610196 0 0)
(0.610189 0 0)
(0.610185 0 0)
(0.610185 0 0)
(0.610187 0 0)
(0.61019 0 0)
(0.610193 0 0)
(0.610193 0 0)
(0.610192 0 0)
(0.610188 0 0)
(0.610182 0 0)
(0.610175 0 0)
(0.610166 0 0)
(0.610157 0 0)
(0.610149 0 0)
(0.61014 0 0)
(0.610132 0 0)
(0.610125 0 0)
(0.610118 0 0)
(0.610111 0 0)
(0.610105 0 0)
(0.610098 0 0)
(0.610092 0 0)
(0.610087 0 0)
(0.610082 0 0)
(0.610078 0 0)
(0.610076 0 0)
(0.610075 0 0)
(0.610076 0 0)
(0.610079 0 0)
(0.610083 0 0)
(0.610088 0 0)
(0.610094 0 0)
(0.610101 0 0)
(0.610109 0 0)
(0.610117 0 0)
(0.610126 0 0)
(0.610134 0 0)
(0.610142 0 0)
(0.61015 0 0)
(0.610158 0 0)
(0.610165 0 0)
(0.610171 0 0)
(0.610177 0 0)
(0.610182 0 0)
(0.610187 0 0)
(0.610191 0 0)
(0.610194 0 0)
(0.610197 0 0)
(0.610199 0 0)
(0.610201 0 0)
(0.610202 0 0)
(0.610203 0 0)
(0.610204 0 0)
(0.610204 0 0)
(0.610204 0 0)
(0.610204 0 0)
(0.610203 0 0)
(0.610202 0 0)
(0.610201 0 0)
(0.6102 0 0)
(0.610199 0 0)
(0.610197 0 0)
(0.610195 0 0)
(0.610192 0 0)
(0.61019 0 0)
(0.610187 0 0)
(0.610184 0 0)
(0.61018 0 0)
(0.610177 0 0)
(0.610173 0 0)
(0.610168 0 0)
(0.610164 0 0)
(0.610159 0 0)
(0.610155 0 0)
(0.61015 0 0)
(0.610145 0 0)
(0.61014 0 0)
(0.610135 0 0)
(0.610131 0 0)
(0.610126 0 0)
(0.610122 0 0)
(0.610118 0 0)
(0.610115 0 0)
(0.610112 0 0)
(0.61011 0 0)
(0.610108 0 0)
(0.610107 0 0)
(0.610107 0 0)
(0.610107 0 0)
(0.610108 0 0)
(0.610109 0 0)
(0.610112 0 0)
(0.610114 0 0)
(0.610117 0 0)
(0.610121 0 0)
(0.610125 0 0)
(0.610129 0 0)
(0.610134 0 0)
(0.610139 0 0)
(0.610143 0 0)
(0.610148 0 0)
(0.610153 0 0)
(0.610158 0 0)
(0.610163 0 0)
(0.610167 0 0)
(0.610171 0 0)
(0.610175 0 0)
(0.610178 0 0)
(0.610182 0 0)
(0.610185 0 0)
(0.610187 0 0)
(0.610189 0 0)
(0.610191 0 0)
(0.610192 0 0)
(0.610194 0 0)
(0.610194 0 0)
(0.610195 0 0)
(0.610195 0 0)
(0.610194 0 0)
(0.610194 0 0)
(0.610193 0 0)
(0.610192 0 0)
(0.61019 0 0)
(0.610189 0 0)
(0.610187 0 0)
(0.610184 0 0)
(0.610182 0 0)
(0.610179 0 0)
(0.610176 0 0)
(0.610173 0 0)
(0.61017 0 0)
(0.610167 0 0)
(0.610164 0 0)
(0.61016 0 0)
(0.610157 0 0)
(0.610153 0 0)
(0.61015 0 0)
(0.610146 0 0)
(0.610143 0 0)
(0.61014 0 0)
(0.610137 0 0)
(0.610134 0 0)
(0.610132 0 0)
(0.610129 0 0)
(0.610128 0 0)
(0.610126 0 0)
(0.610125 0 0)
(0.610124 0 0)
(0.610123 0 0)
(0.610123 0 0)
(0.610124 0 0)
(0.610124 0 0)
(0.610125 0 0)
(0.610127 0 0)
(0.610128 0 0)
(0.61013 0 0)
(0.610133 0 0)
(0.610135 0 0)
(0.610138 0 0)
(0.610141 0 0)
(0.610144 0 0)
(0.610147 0 0)
(0.610151 0 0)
(0.610154 0 0)
(0.610157 0 0)
(0.61016 0 0)
(0.610163 0 0)
(0.610166 0 0)
(0.610169 0 0)
(0.610172 0 0)
(0.610174 0 0)
(0.610177 0 0)
(0.610179 0 0)
(0.61018 0 0)
(0.610182 0 0)
(0.610183 0 0)
(0.610184 0 0)
)
;

boundaryField
{
    inlet
    {
        type            fractionalVelocity;
        U               1((1 0 0));
        fractionalFlow  Fa;
        value           uniform (0.709421 0 0);
    }
    outlet
    {
        type            zeroGradient;
    }
    emptyWalls
    {
        type            empty;
    }
}


// ************************************************************************* //
