/*--------------------------------*- C++ -*----------------------------------*\
  =========                 |
  \\      /  F ield         | OpenFOAM: The Open Source CFD Toolbox
   \\    /   O peration     | Website:  https://openfoam.org
    \\  /    A nd           | Version:  9
     \\/     M anipulation  |
\*---------------------------------------------------------------------------*/
FoamFile
{
    format      ascii;
    class       volScalarField;
    location    "15.5";
    object      Sb;
}
// * * * * * * * * * * * * * * * * * * * * * * * * * * * * * * * * * * * * * //

dimensions      [0 0 0 0 0 0 0];

internalField   nonuniform List<scalar> 
1000
(
0.499373
0.498988
0.498631
0.498287
0.497953
0.497624
0.4973
0.49698
0.496663
0.496349
0.496037
0.495728
0.495421
0.495116
0.494813
0.494512
0.494213
0.493915
0.493619
0.493325
0.493032
0.49274
0.49245
0.492162
0.491875
0.491589
0.491304
0.491021
0.490739
0.490458
0.490179
0.489901
0.489624
0.489348
0.489073
0.4888
0.488527
0.488256
0.487986
0.487717
0.487449
0.487182
0.486916
0.486651
0.486387
0.486124
0.485863
0.485602
0.485342
0.485083
0.484826
0.484569
0.484313
0.484058
0.483804
0.483551
0.483299
0.483048
0.482797
0.482548
0.482299
0.482052
0.481805
0.481559
0.481314
0.48107
0.480826
0.480584
0.480342
0.480101
0.479861
0.479622
0.479384
0.479146
0.478909
0.478673
0.478438
0.478203
0.47797
0.477737
0.477504
0.477273
0.477042
0.476812
0.476583
0.476355
0.476127
0.4759
0.475673
0.475448
0.475223
0.474999
0.474775
0.474552
0.47433
0.474108
0.473888
0.473668
0.473448
0.473229
0.473011
0.472794
0.472577
0.472361
0.472145
0.47193
0.471716
0.471502
0.471289
0.471077
0.470865
0.470654
0.470443
0.470233
0.470024
0.469815
0.469606
0.469399
0.469192
0.468985
0.468779
0.468574
0.468369
0.468165
0.467962
0.467759
0.467556
0.467354
0.467153
0.466952
0.466752
0.466552
0.466353
0.466154
0.465956
0.465758
0.465561
0.465364
0.465168
0.464973
0.464778
0.464583
0.464389
0.464196
0.464003
0.46381
0.463618
0.463426
0.463235
0.463045
0.462855
0.462665
0.462476
0.462287
0.462099
0.461911
0.461724
0.461537
0.461351
0.461165
0.46098
0.460795
0.46061
0.460426
0.460243
0.46006
0.459877
0.459695
0.459513
0.459331
0.45915
0.45897
0.45879
0.45861
0.458431
0.458252
0.458073
0.457895
0.457718
0.457541
0.457364
0.457188
0.457012
0.456836
0.456661
0.456486
0.456312
0.456138
0.455964
0.455791
0.455618
0.455446
0.455274
0.455102
0.454931
0.45476
0.45459
0.45442
0.45425
0.454081
0.453912
0.453743
0.453575
0.453407
0.45324
0.453072
0.452906
0.452739
0.452573
0.452407
0.452242
0.452077
0.451912
0.451748
0.451584
0.451421
0.451257
0.451094
0.450932
0.45077
0.450608
0.450446
0.450285
0.450124
0.449963
0.449803
0.449643
0.449484
0.449324
0.449165
0.449007
0.448849
0.448691
0.448533
0.448376
0.448219
0.448062
0.447905
0.447749
0.447594
0.447438
0.447283
0.447128
0.446974
0.446819
0.446665
0.446512
0.446358
0.446205
0.446053
0.4459
0.445748
0.445596
0.445444
0.445293
0.445142
0.444991
0.444841
0.444691
0.444541
0.444391
0.444242
0.444093
0.443944
0.443796
0.443648
0.4435
0.443352
0.443205
0.443058
0.442911
0.442764
0.442618
0.442472
0.442326
0.442181
0.442036
0.441891
0.441746
0.441601
0.441457
0.441313
0.44117
0.441026
0.440883
0.44074
0.440598
0.440455
0.440313
0.440171
0.44003
0.439888
0.439747
0.439606
0.439466
0.439325
0.439185
0.439045
0.438905
0.438766
0.438627
0.438488
0.438349
0.438211
0.438072
0.437934
0.437797
0.437659
0.437522
0.437385
0.437248
0.437111
0.436975
0.436839
0.436703
0.436567
0.436431
0.436296
0.436161
0.436026
0.435892
0.435757
0.435623
0.435489
0.435356
0.435222
0.435089
0.434956
0.434823
0.43469
0.434558
0.434426
0.434294
0.434162
0.43403
0.433899
0.433768
0.433637
0.433506
0.433375
0.433245
0.433115
0.432985
0.432855
0.432726
0.432597
0.432467
0.432339
0.43221
0.432081
0.431953
0.431825
0.431697
0.431569
0.431442
0.431314
0.431187
0.43106
0.430934
0.430807
0.430681
0.430554
0.430429
0.430303
0.430177
0.430052
0.429926
0.429801
0.429677
0.429552
0.429427
0.429303
0.429179
0.429055
0.428931
0.428808
0.428684
0.428561
0.428438
0.428315
0.428193
0.42807
0.427948
0.427826
0.427704
0.427582
0.42746
0.427339
0.427218
0.427096
0.426976
0.426855
0.426734
0.426614
0.426494
0.426374
0.426254
0.426134
0.426014
0.425895
0.425776
0.425657
0.425538
0.425419
0.425301
0.425182
0.425064
0.424946
0.424828
0.42471
0.424593
0.424475
0.424358
0.424241
0.424124
0.424007
0.42389
0.423774
0.423658
0.423542
0.423426
0.42331
0.423194
0.423078
0.422963
0.422848
0.422733
0.422618
0.422503
0.422389
0.422274
0.42216
0.422046
0.421932
0.421818
0.421704
0.42159
0.421477
0.421364
0.421251
0.421138
0.421025
0.420912
0.4208
0.420687
0.420575
0.420463
0.420351
0.420239
0.420127
0.420016
0.419905
0.419793
0.419682
0.419571
0.41946
0.41935
0.419239
0.419129
0.419018
0.418908
0.418798
0.418689
0.418579
0.418469
0.41836
0.41825
0.418141
0.418032
0.417923
0.417815
0.417706
0.417597
0.417489
0.417381
0.417273
0.417165
0.417057
0.416949
0.416842
0.416734
0.416627
0.41652
0.416412
0.416306
0.416199
0.416092
0.415985
0.415879
0.415773
0.415667
0.41556
0.415455
0.415349
0.415243
0.415138
0.415032
0.414927
0.414822
0.414717
0.414612
0.414507
0.414402
0.414297
0.414193
0.414089
0.413984
0.41388
0.413776
0.413673
0.413569
0.413465
0.413362
0.413258
0.413155
0.413052
0.412949
0.412846
0.412743
0.41264
0.412538
0.412435
0.412333
0.412231
0.412129
0.412027
0.411925
0.411823
0.411722
0.41162
0.411519
0.411417
0.411316
0.411215
0.411114
0.411013
0.410912
0.410812
0.410711
0.410611
0.41051
0.41041
0.41031
0.41021
0.41011
0.41001
0.409911
0.409811
0.409712
0.409612
0.409513
0.409414
0.409315
0.409216
0.409117
0.409018
0.40892
0.408821
0.408723
0.408625
0.408526
0.408428
0.40833
0.408232
0.408135
0.408037
0.407939
0.407842
0.407745
0.407647
0.40755
0.407453
0.407356
0.407259
0.407162
0.407066
0.406969
0.406873
0.406776
0.40668
0.406584
0.406488
0.406392
0.406296
0.4062
0.406104
0.406009
0.405913
0.405818
0.405722
0.405627
0.405532
0.405437
0.405342
0.405247
0.405153
0.405058
0.404963
0.404869
0.404774
0.40468
0.404586
0.404492
0.404398
0.404304
0.40421
0.404116
0.404023
0.403929
0.403836
0.403742
0.403649
0.403556
0.403463
0.40337
0.403277
0.403184
0.403091
0.402999
0.402906
0.402814
0.402721
0.402629
0.402537
0.402445
0.402353
0.402261
0.402169
0.402077
0.401985
0.401894
0.401802
0.401711
0.401619
0.401528
0.401437
0.401346
0.401255
0.401164
0.401073
0.400982
0.400892
0.400801
0.400711
0.40062
0.40053
0.40044
0.400349
0.400259
0.400169
0.400079
0.39999
0.3999
0.39981
0.399721
0.399631
0.399542
0.399452
0.399363
0.399274
0.399185
0.399096
0.399007
0.398918
0.398829
0.39874
0.398651
0.398563
0.398474
0.398386
0.398298
0.398209
0.398121
0.398033
0.397945
0.397857
0.397769
0.397681
0.397594
0.397506
0.397419
0.397331
0.397244
0.397156
0.397069
0.396982
0.396895
0.396808
0.396721
0.396634
0.396547
0.39646
0.396374
0.396287
0.3962
0.396114
0.396028
0.395941
0.395855
0.395769
0.395683
0.395597
0.395511
0.395425
0.395339
0.395253
0.395168
0.395082
0.394997
0.394911
0.394826
0.394741
0.394655
0.39457
0.394485
0.3944
0.394315
0.39423
0.394145
0.394061
0.393976
0.393891
0.393807
0.393722
0.393638
0.393554
0.393469
0.393385
0.393301
0.393217
0.393133
0.393049
0.392965
0.392881
0.392798
0.392714
0.39263
0.392547
0.392463
0.39238
0.392297
0.392213
0.39213
0.392047
0.391964
0.391881
0.391798
0.391715
0.391632
0.391549
0.391467
0.391384
0.391301
0.391219
0.391137
0.391054
0.390972
0.39089
0.390807
0.390725
0.390643
0.390561
0.390479
0.390397
0.390316
0.390234
0.390152
0.390071
0.389989
0.389908
0.389826
0.389745
0.389663
0.389582
0.389501
0.38942
0.389339
0.389258
0.389177
0.389096
0.389015
0.388934
0.388853
0.388773
0.388692
0.388612
0.388531
0.388451
0.38837
0.38829
0.38821
0.38813
0.388049
0.387969
0.387889
0.387809
0.387729
0.38765
0.38757
0.38749
0.38741
0.387331
0.387251
0.387172
0.387092
0.387013
0.386934
0.386854
0.386775
0.386696
0.386617
0.386538
0.386459
0.38638
0.386301
0.386222
0.386143
0.386064
0.385986
0.385907
0.385829
0.38575
0.385672
0.385593
0.385515
0.385437
0.385358
0.38528
0.385202
0.385124
0.385046
0.384968
0.38489
0.384812
0.384734
0.384656
0.384579
0.384501
0.384423
0.384346
0.384268
0.384191
0.384114
0.384036
0.383959
0.383882
0.383804
0.383727
0.38365
0.383573
0.383496
0.383419
0.383342
0.383265
0.383189
0.383112
0.383035
0.382958
0.382882
0.382805
0.382729
0.382652
0.382576
0.3825
0.382423
0.382347
0.382271
0.382195
0.382118
0.382042
0.381966
0.38189
0.381814
0.381739
0.381663
0.381587
0.381511
0.381435
0.38136
0.381284
0.381209
0.381133
0.381058
0.380982
0.380907
0.380832
0.380756
0.380681
0.380606
0.380531
0.380456
0.380381
0.380306
0.380231
0.380156
0.380081
0.380006
0.379931
0.379857
0.379782
0.379707
0.379633
0.379558
0.379484
0.379409
0.379335
0.37926
0.379186
0.379112
0.379037
0.378963
0.378889
0.378815
0.378741
0.378667
0.378593
0.378519
0.378445
0.378371
0.378297
0.378223
0.37815
0.378076
0.378002
0.377929
0.377855
0.377782
0.377708
0.377635
0.377561
0.377488
0.377415
0.377341
0.377268
0.377195
0.377122
0.377048
0.376975
0.376902
0.376829
0.376756
0.376683
0.37661
0.376538
0.376465
0.376392
0.376319
0.376247
0.376174
0.376101
0.376029
0.375956
0.375884
0.375811
0.375739
0.375666
0.375594
0.375522
0.375449
0.375377
0.375305
0.375233
0.375161
0.375088
0.375016
0.374944
0.374872
0.3748
0.374728
0.374657
0.374585
0.374513
0.374441
0.374369
0.374298
0.374226
0.374154
0.374083
0.374011
0.373939
0.373868
0.373796
0.373725
0.373654
0.373582
0.373511
0.37344
0.373368
0.373297
0.373226
0.373155
0.373083
0.373012
0.372941
0.37287
0.372799
0.372728
0.372657
0.372586
0.372515
)
;

boundaryField
{
    inlet
    {
        type            fixedValue;
        value           uniform 0.5;
    }
    outlet
    {
        type            zeroGradient;
    }
    emptyWalls
    {
        type            empty;
    }
}


// ************************************************************************* //
