/*--------------------------------*- C++ -*----------------------------------*\
  =========                 |
  \\      /  F ield         | OpenFOAM: The Open Source CFD Toolbox
   \\    /   O peration     | Website:  https://openfoam.org
    \\  /    A nd           | Version:  9
     \\/     M anipulation  |
\*---------------------------------------------------------------------------*/
FoamFile
{
    format      ascii;
    class       volScalarField;
    location    "82000";
    object      kra;
}
// * * * * * * * * * * * * * * * * * * * * * * * * * * * * * * * * * * * * * //

dimensions      [0 0 0 0 0 0 0];

internalField   nonuniform List<scalar> 
1000
(
0.000270001
0.00026989
0.000269786
0.000269683
0.00026958
0.000269477
0.000269373
0.00026927
0.000269167
0.000269064
0.000268961
0.000268858
0.000268755
0.000268652
0.000268549
0.000268446
0.000268343
0.000268241
0.000268138
0.000268035
0.000267933
0.00026783
0.000267727
0.000267625
0.000267523
0.00026742
0.000267318
0.000267216
0.000267113
0.000267011
0.000266909
0.000266807
0.000266705
0.000266603
0.000266501
0.000266399
0.000266297
0.000266195
0.000266093
0.000265991
0.000265889
0.000265788
0.000265686
0.000265584
0.000265483
0.000265381
0.000265279
0.000265178
0.000265076
0.000264975
0.000264874
0.000264772
0.000264671
0.000264569
0.000264468
0.000264367
0.000264266
0.000264164
0.000264063
0.000263962
0.000263861
0.00026376
0.000263659
0.000263557
0.000263456
0.000263355
0.000263254
0.000263153
0.000263052
0.000262951
0.000262851
0.00026275
0.000262649
0.000262548
0.000262447
0.000262346
0.000262245
0.000262145
0.000262044
0.000261943
0.000261842
0.000261742
0.000261641
0.00026154
0.00026144
0.000261339
0.000261238
0.000261138
0.000261037
0.000260936
0.000260836
0.000260735
0.000260634
0.000260534
0.000260433
0.000260333
0.000260232
0.000260132
0.000260031
0.00025993
0.00025983
0.000259729
0.000259629
0.000259528
0.000259428
0.000259327
0.000259227
0.000259126
0.000259026
0.000258925
0.000258824
0.000258724
0.000258623
0.000258523
0.000258422
0.000258322
0.000258221
0.00025812
0.00025802
0.000257919
0.000257819
0.000257718
0.000257617
0.000257517
0.000257416
0.000257315
0.000257215
0.000257114
0.000257013
0.000256912
0.000256812
0.000256711
0.00025661
0.000256509
0.000256408
0.000256308
0.000256207
0.000256106
0.000256005
0.000255904
0.000255803
0.000255702
0.000255601
0.0002555
0.000255399
0.000255297
0.000255196
0.000255095
0.000254994
0.000254892
0.000254791
0.00025469
0.000254588
0.000254487
0.000254385
0.000254284
0.000254182
0.00025408
0.000253978
0.000253877
0.000253775
0.000253673
0.000253571
0.000253469
0.000253366
0.000253264
0.000253162
0.000253059
0.000252957
0.000252854
0.000252751
0.000252648
0.000252546
0.000252442
0.000252339
0.000252236
0.000252132
0.000252028
0.000251924
0.00025182
0.000251716
0.000251611
0.000251506
0.000251401
0.000251295
0.00025119
0.000251083
0.000250976
0.000250869
0.000250761
0.000250652
0.000250542
0.000250432
0.00025032
0.000250206
0.00025009
0.000249972
0.00024985
0.000249724
0.00024959
0.000249446
0.000249284
0.000249093
0.000248847
0.000248487
0.000247844
0.000246281
0.000239939
0.000107683
2.95869e-08
1.44572e-22
8.47649e-52
7.48726e-111
1.52478e-229
0
0
0
0
0
0
0
0
0
0
0
0
0
0
0
0
0
0
0
0
0
0
0
0
0
0
0
0
0
0
0
0
0
0
0
0
0
0
0
0
0
0
0
0
0
0
0
0
0
0
0
0
0
0
0
0
0
0
0
0
0
0
0
0
0
0
0
0
0
0
0
0
0
0
0
0
0
0
0
0
0
0
0
0
0
0
0
0
0
0
0
0
0
0
0
0
0
0
0
0
0
0
0
0
0
0
0
0
0
0
0
0
0
0
0
0
0
0
0
0
0
0
0
0
0
0
0
0
0
0
0
0
0
0
0
0
0
0
0
0
0
0
0
0
0
0
0
0
0
0
0
0
0
0
0
0
0
0
0
0
0
0
0
0
0
0
0
0
0
0
0
0
0
0
0
0
0
0
0
0
0
0
0
0
0
0
0
0
0
0
0
0
0
0
0
0
0
0
0
0
0
0
0
0
0
0
0
0
0
0
0
0
0
0
0
0
0
0
0
0
0
0
0
0
0
0
0
0
0
0
0
0
0
0
0
0
0
0
0
0
0
0
0
0
0
0
0
0
0
0
0
0
0
0
0
0
0
0
0
0
0
0
0
0
0
0
0
0
0
0
0
0
0
0
0
0
0
0
0
0
0
0
0
0
0
0
0
0
0
0
0
0
0
0
0
0
0
0
0
0
0
0
0
0
0
0
0
0
0
0
0
0
0
0
0
0
0
0
0
0
0
0
0
0
0
0
0
0
0
0
0
0
0
0
0
0
0
0
0
0
0
0
0
0
0
0
0
0
0
0
0
0
0
0
0
0
0
0
0
0
0
0
0
0
0
0
0
0
0
0
0
0
0
0
0
0
0
0
0
0
0
0
0
0
0
0
0
0
0
0
0
0
0
0
0
0
0
0
0
0
0
0
0
0
0
0
0
0
0
0
0
0
0
0
0
0
0
0
0
0
0
0
0
0
0
0
0
0
0
0
0
0
0
0
0
0
0
0
0
0
0
0
0
0
0
0
0
0
0
0
0
0
0
0
0
0
0
0
0
0
0
0
0
0
0
0
0
0
0
0
0
0
0
0
0
0
0
0
0
0
0
0
0
0
0
0
0
0
0
0
0
0
0
0
0
0
0
0
0
0
0
0
0
0
0
0
0
0
0
0
0
0
0
0
0
0
0
0
0
0
0
0
0
0
0
0
0
0
0
0
0
0
0
0
0
0
0
0
0
0
0
0
0
0
0
0
0
0
0
0
0
0
0
0
0
0
0
0
0
0
0
0
0
0
0
0
0
0
0
0
0
0
0
0
0
0
0
0
0
0
0
0
0
0
0
0
0
0
0
0
0
0
0
0
0
0
0
0
0
0
0
0
0
0
0
0
0
0
0
0
0
0
0
0
0
0
0
0
0
0
0
0
0
0
0
0
0
0
0
0
0
0
0
0
0
0
0
0
0
0
0
0
0
0
0
0
0
0
0
0
0
0
0
0
0
0
0
0
0
0
0
0
0
0
0
0
0
0
0
0
0
0
0
0
0
0
0
0
0
0
0
0
0
0
0
0
0
0
0
0
0
0
0
0
0
0
0
0
0
0
0
0
0
0
0
0
0
0
0
0
0
0
0
0
0
0
0
0
0
0
0
0
0
0
0
0
0
0
0
0
0
0
0
0
0
0
0
0
0
0
0
0
0
0
0
0
0
0
0
0
0
0
0
0
0
0
0
0
0
0
0
0
0
0
0
0
0
0
0
0
0
0
0
0
0
0
0
0
0
0
0
0
0
0
0
0
)
;

boundaryField
{
    inlet
    {
        type            calculated;
        value           uniform 0.000270089;
    }
    outlet
    {
        type            calculated;
        value           uniform 0;
    }
    emptyWalls
    {
        type            empty;
    }
}


// ************************************************************************* //
