/*--------------------------------*- C++ -*----------------------------------*\
  =========                 |
  \\      /  F ield         | OpenFOAM: The Open Source CFD Toolbox
   \\    /   O peration     | Website:  https://openfoam.org
    \\  /    A nd           | Version:  9
     \\/     M anipulation  |
\*---------------------------------------------------------------------------*/
FoamFile
{
    format      ascii;
    class       volScalarField;
    location    "21000";
    object      krb;
}
// * * * * * * * * * * * * * * * * * * * * * * * * * * * * * * * * * * * * * //

dimensions      [0 0 0 0 0 0 0];

internalField   nonuniform List<scalar> 
1000
(
0.0975324
0.0973783
0.0972359
0.0970954
0.0969563
0.0968185
0.096682
0.096547
0.0964134
0.0962811
0.0961503
0.0960208
0.0958927
0.0957659
0.0956406
0.0955165
0.0953938
0.0952725
0.0951524
0.0950337
0.0949162
0.0948001
0.0946852
0.0945715
0.0944592
0.094348
0.0942381
0.0941294
0.094022
0.0939157
0.0938106
0.0937066
0.0936038
0.0935022
0.0934016
0.0933021
0.0932036
0.0931062
0.0930097
0.092914
0.0928192
0.0927251
0.0926315
0.0925382
0.0924447
0.0923506
0.0922547
0.0921546
0.0920457
0.0919132
0.0917312
0.091287
0.0897575
0.21839
0.452458
0.453751
0.453786
0.453787
0.453785
0.453786
0.453787
0.453788
0.453788
0.453789
0.45379
0.45379
0.453791
0.453792
0.453793
0.453794
0.453796
0.453797
0.453798
0.4538
0.453801
0.453801
0.453802
0.453803
0.453804
0.453805
0.453806
0.453808
0.45381
0.453813
0.453816
0.453818
0.45382
0.453822
0.453822
0.453823
0.453823
0.453824
0.453825
0.453827
0.453831
0.453835
0.453843
0.453887
0.454251
0.457435
0.480147
0.54989
0.595983
0.60057
0.600625
0.600625
0.600625
0.600625
0.600625
0.600625
0.600625
0.600625
0.600625
0.600625
0.600625
0.600625
0.600625
0.600625
0.600625
0.600625
0.600625
0.600625
0.600625
0.600625
0.600625
0.600625
0.600625
0.600625
0.600625
0.600625
0.600625
0.600625
0.600625
0.600625
0.600625
0.600625
0.600625
0.600625
0.600625
0.600625
0.600625
0.600625
0.600625
0.600625
0.600625
0.600625
0.600625
0.600625
0.600625
0.600625
0.600625
0.600625
0.600625
0.600625
0.600625
0.600625
0.600625
0.600625
0.600625
0.600625
0.600625
0.600625
0.600625
0.600625
0.600625
0.600625
0.600625
0.600625
0.600625
0.600625
0.600625
0.600625
0.600625
0.600625
0.600625
0.600625
0.600625
0.600625
0.600625
0.600625
0.600625
0.600625
0.600625
0.600625
0.600625
0.600625
0.600625
0.600625
0.600625
0.600625
0.600625
0.600625
0.600625
0.600625
0.600625
0.600625
0.600625
0.600625
0.600625
0.600625
0.600625
0.600625
0.600625
0.600625
0.600625
0.600625
0.600625
0.600625
0.600625
0.600625
0.600625
0.600625
0.600625
0.600625
0.600625
0.600625
0.600625
0.600625
0.600625
0.600625
0.600625
0.600625
0.600625
0.600625
0.600625
0.600625
0.600625
0.600625
0.600625
0.600625
0.600625
0.600625
0.600625
0.600625
0.600625
0.600625
0.600625
0.600625
0.600625
0.600625
0.600625
0.600625
0.600625
0.600625
0.600625
0.600625
0.600625
0.600625
0.600625
0.600625
0.600625
0.600625
0.600625
0.600625
0.600625
0.600625
0.600625
0.600625
0.600625
0.600625
0.600625
0.600625
0.600625
0.600625
0.600625
0.600625
0.600625
0.600625
0.600625
0.600625
0.600625
0.600625
0.600625
0.600625
0.600625
0.600625
0.600625
0.600625
0.600625
0.600625
0.600625
0.600625
0.600625
0.600625
0.600625
0.600625
0.600625
0.600625
0.600625
0.600625
0.600625
0.600625
0.600625
0.600625
0.600625
0.600625
0.600625
0.600625
0.600625
0.600625
0.600625
0.600625
0.600625
0.600625
0.600625
0.600625
0.600625
0.600625
0.600625
0.600625
0.600625
0.600625
0.600625
0.600625
0.600625
0.600625
0.600625
0.600625
0.600625
0.600625
0.600625
0.600625
0.600625
0.600625
0.600625
0.600625
0.600625
0.600625
0.600625
0.600625
0.600625
0.600625
0.600625
0.600625
0.600625
0.600625
0.600625
0.600625
0.600625
0.600625
0.600625
0.600625
0.600625
0.600625
0.600625
0.600625
0.600625
0.600625
0.600625
0.600625
0.600625
0.600625
0.600625
0.600625
0.600625
0.600625
0.600625
0.600625
0.600625
0.600625
0.600625
0.600625
0.600625
0.600625
0.600625
0.600625
0.600625
0.600625
0.600625
0.600625
0.600625
0.600625
0.600625
0.600625
0.600625
0.600625
0.600625
0.600625
0.600625
0.600625
0.600625
0.600625
0.600625
0.600625
0.600625
0.600625
0.600625
0.600625
0.600625
0.600625
0.600625
0.600625
0.600625
0.600625
0.600625
0.600625
0.600625
0.600625
0.600625
0.600625
0.600625
0.600625
0.600625
0.600625
0.600625
0.600625
0.600625
0.600625
0.600625
0.600625
0.600625
0.600625
0.600625
0.600625
0.600625
0.600625
0.600625
0.600625
0.600625
0.600625
0.600625
0.600625
0.600625
0.600625
0.600625
0.600625
0.600625
0.600625
0.600625
0.600625
0.600625
0.600625
0.600625
0.600625
0.600625
0.600625
0.600625
0.600625
0.600625
0.600625
0.600625
0.600625
0.600625
0.600625
0.600625
0.600625
0.600625
0.600625
0.600625
0.600625
0.600625
0.600625
0.600625
0.600625
0.600625
0.600625
0.600625
0.600625
0.600625
0.600625
0.600625
0.600625
0.600625
0.600625
0.600625
0.600625
0.600625
0.600625
0.600625
0.600625
0.600625
0.600625
0.600625
0.600625
0.600625
0.600625
0.600625
0.600625
0.600625
0.600625
0.600625
0.600625
0.600625
0.600625
0.600625
0.600625
0.600625
0.600625
0.600625
0.600625
0.600625
0.600625
0.600625
0.600625
0.600625
0.600625
0.600625
0.600625
0.600625
0.600625
0.600625
0.600625
0.600625
0.600625
0.600625
0.600625
0.600625
0.600625
0.600625
0.600625
0.600625
0.600625
0.600625
0.600625
0.600625
0.600625
0.600625
0.600625
0.600625
0.600625
0.600625
0.600625
0.600625
0.600625
0.600625
0.600625
0.600625
0.600625
0.600625
0.600625
0.600625
0.600625
0.600625
0.600625
0.600625
0.600625
0.600625
0.600625
0.600625
0.600625
0.600625
0.600625
0.600625
0.600625
0.600625
0.600625
0.600625
0.600625
0.600625
0.600625
0.600625
0.600625
0.600625
0.600625
0.600625
0.600625
0.600625
0.600625
0.600625
0.600625
0.600625
0.600625
0.600625
0.600625
0.600625
0.600625
0.600625
0.600625
0.600625
0.600625
0.600625
0.600625
0.600625
0.600625
0.600625
0.600625
0.600625
0.600625
0.600625
0.600625
0.600625
0.600625
0.600625
0.600625
0.600625
0.600625
0.600625
0.600625
0.600625
0.600625
0.600625
0.600625
0.600625
0.600625
0.600625
0.600625
0.600625
0.600625
0.600625
0.600625
0.600625
0.600625
0.600625
0.600625
0.600625
0.600625
0.600625
0.600625
0.600625
0.600625
0.600625
0.600625
0.600625
0.600625
0.600625
0.600625
0.600625
0.600625
0.600625
0.600625
0.600625
0.600625
0.600625
0.600625
0.600625
0.600625
0.600625
0.600625
0.600625
0.600625
0.600625
0.600625
0.600625
0.600625
0.600625
0.600625
0.600625
0.600625
0.600625
0.600625
0.600625
0.600625
0.600625
0.600625
0.600625
0.600625
0.600625
0.600625
0.600625
0.600625
0.600625
0.600625
0.600625
0.600625
0.600625
0.600625
0.600625
0.600625
0.600625
0.600625
0.600625
0.600625
0.600625
0.600625
0.600625
0.600625
0.600625
0.600625
0.600625
0.600625
0.600625
0.600625
0.600625
0.600625
0.600625
0.600625
0.600625
0.600625
0.600625
0.600625
0.600625
0.600625
0.600625
0.600625
0.600625
0.600625
0.600625
0.600625
0.600625
0.600625
0.600625
0.600625
0.600625
0.600625
0.600625
0.600625
0.600625
0.600625
0.600625
0.600625
0.600625
0.600625
0.600625
0.600625
0.600625
0.600625
0.600625
0.600625
0.600625
0.600625
0.600625
0.600625
0.600625
0.600625
0.600625
0.600625
0.600625
0.600625
0.600625
0.600625
0.600625
0.600625
0.600625
0.600625
0.600625
0.600625
0.600625
0.600625
0.600625
0.600625
0.600625
0.600625
0.600625
0.600625
0.600625
0.600625
0.600625
0.600625
0.600625
0.600625
0.600625
0.600625
0.600625
0.600625
0.600625
0.600625
0.600625
0.600625
0.600625
0.600625
0.600625
0.600625
0.600625
0.600625
0.600625
0.600625
0.600625
0.600625
0.600625
0.600625
0.600625
0.600625
0.600625
0.600625
0.600625
0.600625
0.600625
0.600625
0.600625
0.600625
0.600625
0.600625
0.600625
0.600625
0.600625
0.600625
0.600625
0.600625
0.600625
0.600625
0.600625
0.600625
0.600625
0.600625
0.600625
0.600625
0.600625
0.600625
0.600625
0.600625
0.600625
0.600625
0.600625
0.600625
0.600625
0.600625
0.600625
0.600625
0.600625
0.600625
0.600625
0.600625
0.600625
0.600625
0.600625
0.600625
0.600625
0.600625
0.600625
0.600625
0.600625
0.600625
0.600625
0.600625
0.600625
0.600625
0.600625
0.600625
0.600625
0.600625
0.600625
0.600625
0.600625
0.600625
0.600625
0.600625
0.600625
0.600625
0.600625
0.600625
0.600625
0.600625
0.600625
0.600625
0.600625
0.600625
0.600625
0.600625
0.600625
0.600625
0.600625
0.600625
0.600625
0.600625
0.600625
0.600625
0.600625
0.600625
0.600625
0.600625
0.600625
0.600625
0.600625
0.600625
0.600625
0.600625
0.600625
0.600625
0.600625
0.600625
0.600625
0.600625
0.600625
0.600625
0.600625
0.600625
0.600625
0.600625
0.600625
0.600625
0.600625
0.600625
0.600625
0.600625
0.600625
0.600625
0.600625
0.600625
0.600625
0.600625
0.600625
0.600625
0.600625
0.600625
0.600625
0.600625
0.600625
0.600625
0.600625
0.600625
0.600625
0.600625
0.600625
0.600625
0.600625
0.600625
0.600625
0.600625
0.600625
0.600625
0.600625
0.600625
0.600625
0.600625
0.600625
0.600625
0.600625
0.600625
0.600625
0.600625
0.600625
0.600625
0.600625
0.600625
0.600625
0.600625
0.600625
0.600625
0.600625
0.600625
0.600625
0.600625
0.600625
0.600625
0.600625
0.600625
0.600625
0.600625
0.600625
0.600625
0.600625
0.600625
0.600625
0.600625
0.600625
0.600625
0.600625
0.600625
0.600625
0.600625
0.600625
0.600625
0.600625
0.600625
0.600625
0.600625
0.600625
0.600625
0.600625
0.600625
0.600625
0.600625
0.600625
0.600625
0.600625
0.600625
0.600625
0.600625
0.600625
0.600625
0.600625
0.600625
0.600625
0.600625
0.600625
0.600625
0.600625
0.600625
0.600625
0.600625
0.600625
0.600625
0.600625
0.600625
0.600625
0.600625
0.600625
0.600625
0.600625
0.600625
0.600625
0.600625
0.600625
0.600625
0.600625
0.600625
0.600625
0.600625
0.600625
0.600625
0.600625
0.600625
0.600625
0.600625
0.600625
0.600625
0.600625
0.600625
0.600625
0.600625
)
;

boundaryField
{
    inlet
    {
        type            calculated;
        value           uniform 0.0976562;
    }
    outlet
    {
        type            calculated;
        value           uniform 0.600625;
    }
    emptyWalls
    {
        type            empty;
    }
}


// ************************************************************************* //
