/*--------------------------------*- C++ -*----------------------------------*\
  =========                 |
  \\      /  F ield         | OpenFOAM: The Open Source CFD Toolbox
   \\    /   O peration     | Website:  https://openfoam.org
    \\  /    A nd           | Version:  9
     \\/     M anipulation  |
\*---------------------------------------------------------------------------*/
FoamFile
{
    format      ascii;
    class       volScalarField;
    location    "21000";
    object      krc;
}
// * * * * * * * * * * * * * * * * * * * * * * * * * * * * * * * * * * * * * //

dimensions      [0 0 0 0 0 0 0];

internalField   nonuniform List<scalar> 
1000
(
4.03491e-07
2.05064e-06
4.72554e-06
8.47108e-06
1.32891e-05
1.91715e-05
2.61083e-05
3.40894e-05
4.31051e-05
5.31458e-05
6.42024e-05
7.6266e-05
8.93281e-05
0.000103381
0.000118415
0.000134425
0.000151403
0.000169341
0.000188234
0.000208076
0.00022886
0.000250581
0.000273236
0.000296818
0.000321326
0.000346755
0.000373103
0.000400368
0.000428548
0.000457645
0.000487659
0.000518592
0.000550447
0.000583232
0.000616953
0.000651621
0.000687253
0.000723868
0.000761492
0.000800163
0.000839932
0.000880867
0.000923072
0.000966697
0.00101198
0.00105931
0.0011094
0.00116371
0.00122553
0.00130347
0.00142454
0.00170919
0.00332155
0.0444378
0.106308
0.10653
0.106513
0.106513
0.106514
0.106513
0.106513
0.106512
0.106512
0.106512
0.106511
0.106511
0.106511
0.10651
0.10651
0.106509
0.106508
0.106508
0.106507
0.106507
0.106506
0.106506
0.106505
0.106505
0.106505
0.106504
0.106503
0.106503
0.106501
0.1065
0.106499
0.106497
0.106497
0.106496
0.106496
0.106495
0.106495
0.106495
0.106494
0.106493
0.106491
0.106489
0.106485
0.106464
0.106288
0.104756
0.094294
0.0667985
0.0519844
0.0506409
0.050625
0.050625
0.050625
0.050625
0.050625
0.050625
0.050625
0.050625
0.050625
0.050625
0.050625
0.050625
0.050625
0.050625
0.050625
0.050625
0.050625
0.050625
0.050625
0.050625
0.050625
0.050625
0.050625
0.050625
0.050625
0.050625
0.050625
0.050625
0.050625
0.050625
0.050625
0.050625
0.050625
0.050625
0.050625
0.050625
0.050625
0.050625
0.050625
0.050625
0.050625
0.050625
0.050625
0.050625
0.050625
0.050625
0.050625
0.050625
0.050625
0.050625
0.050625
0.050625
0.050625
0.050625
0.050625
0.050625
0.050625
0.050625
0.050625
0.050625
0.050625
0.050625
0.050625
0.050625
0.050625
0.050625
0.050625
0.050625
0.050625
0.050625
0.050625
0.050625
0.050625
0.050625
0.050625
0.050625
0.050625
0.050625
0.050625
0.050625
0.050625
0.050625
0.050625
0.050625
0.050625
0.050625
0.050625
0.050625
0.050625
0.050625
0.050625
0.050625
0.050625
0.050625
0.050625
0.050625
0.050625
0.050625
0.050625
0.050625
0.050625
0.050625
0.050625
0.050625
0.050625
0.050625
0.050625
0.050625
0.050625
0.050625
0.050625
0.050625
0.050625
0.050625
0.050625
0.050625
0.050625
0.050625
0.050625
0.050625
0.050625
0.050625
0.050625
0.050625
0.050625
0.050625
0.050625
0.050625
0.050625
0.050625
0.050625
0.050625
0.050625
0.050625
0.050625
0.050625
0.050625
0.050625
0.050625
0.050625
0.050625
0.050625
0.050625
0.050625
0.050625
0.050625
0.050625
0.050625
0.050625
0.050625
0.050625
0.050625
0.050625
0.050625
0.050625
0.050625
0.050625
0.050625
0.050625
0.050625
0.050625
0.050625
0.050625
0.050625
0.050625
0.050625
0.050625
0.050625
0.050625
0.050625
0.050625
0.050625
0.050625
0.050625
0.050625
0.050625
0.050625
0.050625
0.050625
0.050625
0.050625
0.050625
0.050625
0.050625
0.050625
0.050625
0.050625
0.050625
0.050625
0.050625
0.050625
0.050625
0.050625
0.050625
0.050625
0.050625
0.050625
0.050625
0.050625
0.050625
0.050625
0.050625
0.050625
0.050625
0.050625
0.050625
0.050625
0.050625
0.050625
0.050625
0.050625
0.050625
0.050625
0.050625
0.050625
0.050625
0.050625
0.050625
0.050625
0.050625
0.050625
0.050625
0.050625
0.050625
0.050625
0.050625
0.050625
0.050625
0.050625
0.050625
0.050625
0.050625
0.050625
0.050625
0.050625
0.050625
0.050625
0.050625
0.050625
0.050625
0.050625
0.050625
0.050625
0.050625
0.050625
0.050625
0.050625
0.050625
0.050625
0.050625
0.050625
0.050625
0.050625
0.050625
0.050625
0.050625
0.050625
0.050625
0.050625
0.050625
0.050625
0.050625
0.050625
0.050625
0.050625
0.050625
0.050625
0.050625
0.050625
0.050625
0.050625
0.050625
0.050625
0.050625
0.050625
0.050625
0.050625
0.050625
0.050625
0.050625
0.050625
0.050625
0.050625
0.050625
0.050625
0.050625
0.050625
0.050625
0.050625
0.050625
0.050625
0.050625
0.050625
0.050625
0.050625
0.050625
0.050625
0.050625
0.050625
0.050625
0.050625
0.050625
0.050625
0.050625
0.050625
0.050625
0.050625
0.050625
0.050625
0.050625
0.050625
0.050625
0.050625
0.050625
0.050625
0.050625
0.050625
0.050625
0.050625
0.050625
0.050625
0.050625
0.050625
0.050625
0.050625
0.050625
0.050625
0.050625
0.050625
0.050625
0.050625
0.050625
0.050625
0.050625
0.050625
0.050625
0.050625
0.050625
0.050625
0.050625
0.050625
0.050625
0.050625
0.050625
0.050625
0.050625
0.050625
0.050625
0.050625
0.050625
0.050625
0.050625
0.050625
0.050625
0.050625
0.050625
0.050625
0.050625
0.050625
0.050625
0.050625
0.050625
0.050625
0.050625
0.050625
0.050625
0.050625
0.050625
0.050625
0.050625
0.050625
0.050625
0.050625
0.050625
0.050625
0.050625
0.050625
0.050625
0.050625
0.050625
0.050625
0.050625
0.050625
0.050625
0.050625
0.050625
0.050625
0.050625
0.050625
0.050625
0.050625
0.050625
0.050625
0.050625
0.050625
0.050625
0.050625
0.050625
0.050625
0.050625
0.050625
0.050625
0.050625
0.050625
0.050625
0.050625
0.050625
0.050625
0.050625
0.050625
0.050625
0.050625
0.050625
0.050625
0.050625
0.050625
0.050625
0.050625
0.050625
0.050625
0.050625
0.050625
0.050625
0.050625
0.050625
0.050625
0.050625
0.050625
0.050625
0.050625
0.050625
0.050625
0.050625
0.050625
0.050625
0.050625
0.050625
0.050625
0.050625
0.050625
0.050625
0.050625
0.050625
0.050625
0.050625
0.050625
0.050625
0.050625
0.050625
0.050625
0.050625
0.050625
0.050625
0.050625
0.050625
0.050625
0.050625
0.050625
0.050625
0.050625
0.050625
0.050625
0.050625
0.050625
0.050625
0.050625
0.050625
0.050625
0.050625
0.050625
0.050625
0.050625
0.050625
0.050625
0.050625
0.050625
0.050625
0.050625
0.050625
0.050625
0.050625
0.050625
0.050625
0.050625
0.050625
0.050625
0.050625
0.050625
0.050625
0.050625
0.050625
0.050625
0.050625
0.050625
0.050625
0.050625
0.050625
0.050625
0.050625
0.050625
0.050625
0.050625
0.050625
0.050625
0.050625
0.050625
0.050625
0.050625
0.050625
0.050625
0.050625
0.050625
0.050625
0.050625
0.050625
0.050625
0.050625
0.050625
0.050625
0.050625
0.050625
0.050625
0.050625
0.050625
0.050625
0.050625
0.050625
0.050625
0.050625
0.050625
0.050625
0.050625
0.050625
0.050625
0.050625
0.050625
0.050625
0.050625
0.050625
0.050625
0.050625
0.050625
0.050625
0.050625
0.050625
0.050625
0.050625
0.050625
0.050625
0.050625
0.050625
0.050625
0.050625
0.050625
0.050625
0.050625
0.050625
0.050625
0.050625
0.050625
0.050625
0.050625
0.050625
0.050625
0.050625
0.050625
0.050625
0.050625
0.050625
0.050625
0.050625
0.050625
0.050625
0.050625
0.050625
0.050625
0.050625
0.050625
0.050625
0.050625
0.050625
0.050625
0.050625
0.050625
0.050625
0.050625
0.050625
0.050625
0.050625
0.050625
0.050625
0.050625
0.050625
0.050625
0.050625
0.050625
0.050625
0.050625
0.050625
0.050625
0.050625
0.050625
0.050625
0.050625
0.050625
0.050625
0.050625
0.050625
0.050625
0.050625
0.050625
0.050625
0.050625
0.050625
0.050625
0.050625
0.050625
0.050625
0.050625
0.050625
0.050625
0.050625
0.050625
0.050625
0.050625
0.050625
0.050625
0.050625
0.050625
0.050625
0.050625
0.050625
0.050625
0.050625
0.050625
0.050625
0.050625
0.050625
0.050625
0.050625
0.050625
0.050625
0.050625
0.050625
0.050625
0.050625
0.050625
0.050625
0.050625
0.050625
0.050625
0.050625
0.050625
0.050625
0.050625
0.050625
0.050625
0.050625
0.050625
0.050625
0.050625
0.050625
0.050625
0.050625
0.050625
0.050625
0.050625
0.050625
0.050625
0.050625
0.050625
0.050625
0.050625
0.050625
0.050625
0.050625
0.050625
0.050625
0.050625
0.050625
0.050625
0.050625
0.050625
0.050625
0.050625
0.050625
0.050625
0.050625
0.050625
0.050625
0.050625
0.050625
0.050625
0.050625
0.050625
0.050625
0.050625
0.050625
0.050625
0.050625
0.050625
0.050625
0.050625
0.050625
0.050625
0.050625
0.050625
0.050625
0.050625
0.050625
0.050625
0.050625
0.050625
0.050625
0.050625
0.050625
0.050625
0.050625
0.050625
0.050625
0.050625
0.050625
0.050625
0.050625
0.050625
0.050625
0.050625
0.050625
0.050625
0.050625
0.050625
0.050625
0.050625
0.050625
0.050625
0.050625
0.050625
0.050625
0.050625
0.050625
0.050625
0.050625
0.050625
0.050625
0.050625
0.050625
0.050625
0.050625
0.050625
0.050625
0.050625
0.050625
0.050625
0.050625
0.050625
0.050625
0.050625
0.050625
0.050625
0.050625
0.050625
0.050625
0.050625
0.050625
0.050625
0.050625
0.050625
0.050625
0.050625
0.050625
0.050625
0.050625
0.050625
0.050625
0.050625
0.050625
0.050625
0.050625
0.050625
0.050625
0.050625
0.050625
0.050625
0.050625
0.050625
0.050625
0.050625
0.050625
0.050625
0.050625
0.050625
0.050625
0.050625
0.050625
0.050625
0.050625
0.050625
0.050625
0.050625
0.050625
0.050625
0.050625
0.050625
0.050625
0.050625
0.050625
0.050625
0.050625
0.050625
0.050625
0.050625
0.050625
0.050625
0.050625
0.050625
0.050625
0.050625
0.050625
0.050625
0.050625
0.050625
0.050625
0.050625
0.050625
0.050625
0.050625
0.050625
0.050625
0.050625
0.050625
0.050625
0.050625
0.050625
0.050625
0.050625
0.050625
0.050625
0.050625
0.050625
0.050625
0.050625
0.050625
0.050625
0.050625
0.050625
0.050625
0.050625
0.050625
0.050625
0.050625
0.050625
0.050625
0.050625
0.050625
0.050625
0.050625
0.050625
0.050625
0.050625
0.050625
0.050625
0.050625
0.050625
0.050625
0.050625
0.050625
0.050625
0.050625
0.050625
0.050625
0.050625
0.050625
0.050625
0.050625
0.050625
0.050625
0.050625
0.050625
0.050625
0.050625
0.050625
0.050625
0.050625
0.050625
0.050625
0.050625
0.050625
0.050625
0.050625
0.050625
0.050625
0.050625
0.050625
0.050625
0.050625
0.050625
)
;

boundaryField
{
    inlet
    {
        type            calculated;
        value           uniform 0;
    }
    outlet
    {
        type            calculated;
        value           uniform 0.050625;
    }
    emptyWalls
    {
        type            empty;
    }
}


// ************************************************************************* //
