/*--------------------------------*- C++ -*----------------------------------*\
  =========                 |
  \\      /  F ield         | OpenFOAM: The Open Source CFD Toolbox
   \\    /   O peration     | Website:  https://openfoam.org
    \\  /    A nd           | Version:  9
     \\/     M anipulation  |
\*---------------------------------------------------------------------------*/
FoamFile
{
    format      ascii;
    class       volVectorField;
    location    "13.9";
    object      Uc;
}
// * * * * * * * * * * * * * * * * * * * * * * * * * * * * * * * * * * * * * //

dimensions      [0 0 0 0 0 0 0];

internalField   nonuniform List<vector> 
1000
(
(3.66352e-07 0 0)
(1.32223e-06 0 0)
(2.70675e-06 0 0)
(4.49315e-06 0 0)
(6.66644e-06 0 0)
(9.21611e-06 0 0)
(1.21339e-05 0 0)
(1.5413e-05 0 0)
(1.90474e-05 0 0)
(2.30316e-05 0 0)
(2.73608e-05 0 0)
(3.20303e-05 0 0)
(3.70359e-05 0 0)
(4.23734e-05 0 0)
(4.80389e-05 0 0)
(5.40287e-05 0 0)
(6.03392e-05 0 0)
(6.69668e-05 0 0)
(7.39081e-05 0 0)
(8.116e-05 0 0)
(8.87191e-05 0 0)
(9.65824e-05 0 0)
(0.000104747 0 0)
(0.000113209 0 0)
(0.000121967 0 0)
(0.000131017 0 0)
(0.000140357 0 0)
(0.000149983 0 0)
(0.000159894 0 0)
(0.000170086 0 0)
(0.000180557 0 0)
(0.000191305 0 0)
(0.000202326 0 0)
(0.000213619 0 0)
(0.000225181 0 0)
(0.000237009 0 0)
(0.000249102 0 0)
(0.000261456 0 0)
(0.000274071 0 0)
(0.000286943 0 0)
(0.00030007 0 0)
(0.00031345 0 0)
(0.000327081 0 0)
(0.000340961 0 0)
(0.000355088 0 0)
(0.00036946 0 0)
(0.000384075 0 0)
(0.00039893 0 0)
(0.000414024 0 0)
(0.000429355 0 0)
(0.000444921 0 0)
(0.00046072 0 0)
(0.00047675 0 0)
(0.000493009 0 0)
(0.000509497 0 0)
(0.00052621 0 0)
(0.000543147 0 0)
(0.000560306 0 0)
(0.000577686 0 0)
(0.000595285 0 0)
(0.000613102 0 0)
(0.000631133 0 0)
(0.000649379 0 0)
(0.000667838 0 0)
(0.000686507 0 0)
(0.000705385 0 0)
(0.000724471 0 0)
(0.000743763 0 0)
(0.000763259 0 0)
(0.000782959 0 0)
(0.000802861 0 0)
(0.000822962 0 0)
(0.000843263 0 0)
(0.00086376 0 0)
(0.000884454 0 0)
(0.000905342 0 0)
(0.000926424 0 0)
(0.000947697 0 0)
(0.00096916 0 0)
(0.000990813 0 0)
(0.00101265 0 0)
(0.00103468 0 0)
(0.00105689 0 0)
(0.00107929 0 0)
(0.00110187 0 0)
(0.00112463 0 0)
(0.00114757 0 0)
(0.00117069 0 0)
(0.00119399 0 0)
(0.00121746 0 0)
(0.00124111 0 0)
(0.00126494 0 0)
(0.00128893 0 0)
(0.0013131 0 0)
(0.00133744 0 0)
(0.00136195 0 0)
(0.00138663 0 0)
(0.00141148 0 0)
(0.00143649 0 0)
(0.00146167 0 0)
(0.00148701 0 0)
(0.00151252 0 0)
(0.00153819 0 0)
(0.00156402 0 0)
(0.00159001 0 0)
(0.00161616 0 0)
(0.00164246 0 0)
(0.00166893 0 0)
(0.00169555 0 0)
(0.00172233 0 0)
(0.00174926 0 0)
(0.00177634 0 0)
(0.00180358 0 0)
(0.00183097 0 0)
(0.00185851 0 0)
(0.0018862 0 0)
(0.00191404 0 0)
(0.00194202 0 0)
(0.00197016 0 0)
(0.00199844 0 0)
(0.00202686 0 0)
(0.00205543 0 0)
(0.00208415 0 0)
(0.002113 0 0)
(0.002142 0 0)
(0.00217114 0 0)
(0.00220042 0 0)
(0.00222984 0 0)
(0.0022594 0 0)
(0.0022891 0 0)
(0.00231893 0 0)
(0.0023489 0 0)
(0.00237901 0 0)
(0.00240925 0 0)
(0.00243963 0 0)
(0.00247013 0 0)
(0.00250078 0 0)
(0.00253155 0 0)
(0.00256245 0 0)
(0.00259349 0 0)
(0.00262466 0 0)
(0.00265595 0 0)
(0.00268737 0 0)
(0.00271892 0 0)
(0.0027506 0 0)
(0.00278241 0 0)
(0.00281434 0 0)
(0.00284639 0 0)
(0.00287857 0 0)
(0.00291087 0 0)
(0.0029433 0 0)
(0.00297585 0 0)
(0.00300852 0 0)
(0.00304131 0 0)
(0.00307422 0 0)
(0.00310725 0 0)
(0.0031404 0 0)
(0.00317367 0 0)
(0.00320706 0 0)
(0.00324056 0 0)
(0.00327419 0 0)
(0.00330792 0 0)
(0.00334178 0 0)
(0.00337575 0 0)
(0.00340983 0 0)
(0.00344403 0 0)
(0.00347834 0 0)
(0.00351276 0 0)
(0.00354729 0 0)
(0.00358194 0 0)
(0.0036167 0 0)
(0.00365157 0 0)
(0.00368655 0 0)
(0.00372164 0 0)
(0.00375683 0 0)
(0.00379214 0 0)
(0.00382755 0 0)
(0.00386307 0 0)
(0.0038987 0 0)
(0.00393444 0 0)
(0.00397028 0 0)
(0.00400622 0 0)
(0.00404227 0 0)
(0.00407843 0 0)
(0.00411469 0 0)
(0.00415105 0 0)
(0.00418751 0 0)
(0.00422408 0 0)
(0.00426075 0 0)
(0.00429752 0 0)
(0.00433439 0 0)
(0.00437136 0 0)
(0.00440844 0 0)
(0.00444561 0 0)
(0.00448288 0 0)
(0.00452025 0 0)
(0.00455772 0 0)
(0.00459529 0 0)
(0.00463295 0 0)
(0.00467071 0 0)
(0.00470857 0 0)
(0.00474652 0 0)
(0.00478457 0 0)
(0.00482272 0 0)
(0.00486096 0 0)
(0.00489929 0 0)
(0.00493772 0 0)
(0.00497624 0 0)
(0.00501486 0 0)
(0.00505356 0 0)
(0.00509236 0 0)
(0.00513126 0 0)
(0.00517024 0 0)
(0.00520931 0 0)
(0.00524848 0 0)
(0.00528774 0 0)
(0.00532708 0 0)
(0.00536652 0 0)
(0.00540605 0 0)
(0.00544566 0 0)
(0.00548536 0 0)
(0.00552516 0 0)
(0.00556503 0 0)
(0.005605 0 0)
(0.00564506 0 0)
(0.0056852 0 0)
(0.00572542 0 0)
(0.00576574 0 0)
(0.00580613 0 0)
(0.00584662 0 0)
(0.00588719 0 0)
(0.00592784 0 0)
(0.00596858 0 0)
(0.0060094 0 0)
(0.00605031 0 0)
(0.0060913 0 0)
(0.00613237 0 0)
(0.00617353 0 0)
(0.00621476 0 0)
(0.00625608 0 0)
(0.00629748 0 0)
(0.00633897 0 0)
(0.00638053 0 0)
(0.00642217 0 0)
(0.0064639 0 0)
(0.0065057 0 0)
(0.00654759 0 0)
(0.00658955 0 0)
(0.0066316 0 0)
(0.00667372 0 0)
(0.00671592 0 0)
(0.0067582 0 0)
(0.00680056 0 0)
(0.00684299 0 0)
(0.00688551 0 0)
(0.0069281 0 0)
(0.00697076 0 0)
(0.00701351 0 0)
(0.00705633 0 0)
(0.00709922 0 0)
(0.00714219 0 0)
(0.00718524 0 0)
(0.00722836 0 0)
(0.00727156 0 0)
(0.00731483 0 0)
(0.00735818 0 0)
(0.0074016 0 0)
(0.00744509 0 0)
(0.00748866 0 0)
(0.0075323 0 0)
(0.00757601 0 0)
(0.0076198 0 0)
(0.00766366 0 0)
(0.00770759 0 0)
(0.00775159 0 0)
(0.00779567 0 0)
(0.00783981 0 0)
(0.00788403 0 0)
(0.00792832 0 0)
(0.00797268 0 0)
(0.00801711 0 0)
(0.00806161 0 0)
(0.00810618 0 0)
(0.00815082 0 0)
(0.00819553 0 0)
(0.00824031 0 0)
(0.00828516 0 0)
(0.00833007 0 0)
(0.00837506 0 0)
(0.00842011 0 0)
(0.00846523 0 0)
(0.00851042 0 0)
(0.00855568 0 0)
(0.00860101 0 0)
(0.0086464 0 0)
(0.00869186 0 0)
(0.00873739 0 0)
(0.00878298 0 0)
(0.00882864 0 0)
(0.00887436 0 0)
(0.00892015 0 0)
(0.00896601 0 0)
(0.00901193 0 0)
(0.00905792 0 0)
(0.00910397 0 0)
(0.00915009 0 0)
(0.00919627 0 0)
(0.00924252 0 0)
(0.00928883 0 0)
(0.00933521 0 0)
(0.00938165 0 0)
(0.00942815 0 0)
(0.00947471 0 0)
(0.00952134 0 0)
(0.00956804 0 0)
(0.00961479 0 0)
(0.00966161 0 0)
(0.00970849 0 0)
(0.00975543 0 0)
(0.00980244 0 0)
(0.0098495 0 0)
(0.00989663 0 0)
(0.00994382 0 0)
(0.00999107 0 0)
(0.0100384 0 0)
(0.0100858 0 0)
(0.0101332 0 0)
(0.0101807 0 0)
(0.0102282 0 0)
(0.0102759 0 0)
(0.0103235 0 0)
(0.0103713 0 0)
(0.0104191 0 0)
(0.0104669 0 0)
(0.0105148 0 0)
(0.0105628 0 0)
(0.0106108 0 0)
(0.0106589 0 0)
(0.0107071 0 0)
(0.0107553 0 0)
(0.0108036 0 0)
(0.0108519 0 0)
(0.0109003 0 0)
(0.0109487 0 0)
(0.0109972 0 0)
(0.0110458 0 0)
(0.0110944 0 0)
(0.011143 0 0)
(0.0111918 0 0)
(0.0112405 0 0)
(0.0112894 0 0)
(0.0113383 0 0)
(0.0113872 0 0)
(0.0114362 0 0)
(0.0114853 0 0)
(0.0115344 0 0)
(0.0115836 0 0)
(0.0116328 0 0)
(0.0116821 0 0)
(0.0117315 0 0)
(0.0117809 0 0)
(0.0118303 0 0)
(0.0118798 0 0)
(0.0119294 0 0)
(0.011979 0 0)
(0.0120287 0 0)
(0.0120784 0 0)
(0.0121282 0 0)
(0.012178 0 0)
(0.0122279 0 0)
(0.0122779 0 0)
(0.0123279 0 0)
(0.0123779 0 0)
(0.012428 0 0)
(0.0124782 0 0)
(0.0125284 0 0)
(0.0125786 0 0)
(0.0126289 0 0)
(0.0126793 0 0)
(0.0127297 0 0)
(0.0127802 0 0)
(0.0128307 0 0)
(0.0128813 0 0)
(0.0129319 0 0)
(0.0129826 0 0)
(0.0130333 0 0)
(0.0130841 0 0)
(0.013135 0 0)
(0.0131858 0 0)
(0.0132368 0 0)
(0.0132878 0 0)
(0.0133388 0 0)
(0.0133899 0 0)
(0.013441 0 0)
(0.0134922 0 0)
(0.0135435 0 0)
(0.0135947 0 0)
(0.0136461 0 0)
(0.0136975 0 0)
(0.0137489 0 0)
(0.0138004 0 0)
(0.0138519 0 0)
(0.0139035 0 0)
(0.0139552 0 0)
(0.0140069 0 0)
(0.0140586 0 0)
(0.0141104 0 0)
(0.0141622 0 0)
(0.0142141 0 0)
(0.014266 0 0)
(0.014318 0 0)
(0.0143701 0 0)
(0.0144221 0 0)
(0.0144743 0 0)
(0.0145264 0 0)
(0.0145787 0 0)
(0.0146309 0 0)
(0.0146832 0 0)
(0.0147356 0 0)
(0.014788 0 0)
(0.0148405 0 0)
(0.014893 0 0)
(0.0149456 0 0)
(0.0149982 0 0)
(0.0150508 0 0)
(0.0151035 0 0)
(0.0151563 0 0)
(0.015209 0 0)
(0.0152619 0 0)
(0.0153148 0 0)
(0.0153677 0 0)
(0.0154207 0 0)
(0.0154737 0 0)
(0.0155268 0 0)
(0.0155799 0 0)
(0.0156331 0 0)
(0.0156863 0 0)
(0.0157395 0 0)
(0.0157928 0 0)
(0.0158462 0 0)
(0.0158995 0 0)
(0.015953 0 0)
(0.0160065 0 0)
(0.01606 0 0)
(0.0161136 0 0)
(0.0161672 0 0)
(0.0162208 0 0)
(0.0162745 0 0)
(0.0163283 0 0)
(0.0163821 0 0)
(0.0164359 0 0)
(0.0164898 0 0)
(0.0165437 0 0)
(0.0165977 0 0)
(0.0166517 0 0)
(0.0167058 0 0)
(0.0167599 0 0)
(0.0168141 0 0)
(0.0168683 0 0)
(0.0169225 0 0)
(0.0169768 0 0)
(0.0170311 0 0)
(0.0170855 0 0)
(0.0171399 0 0)
(0.0171943 0 0)
(0.0172488 0 0)
(0.0173034 0 0)
(0.017358 0 0)
(0.0174126 0 0)
(0.0174672 0 0)
(0.017522 0 0)
(0.0175767 0 0)
(0.0176315 0 0)
(0.0176864 0 0)
(0.0177412 0 0)
(0.0177962 0 0)
(0.0178511 0 0)
(0.0179061 0 0)
(0.0179612 0 0)
(0.0180163 0 0)
(0.0180714 0 0)
(0.0181266 0 0)
(0.0181818 0 0)
(0.0182371 0 0)
(0.0182924 0 0)
(0.0183477 0 0)
(0.0184031 0 0)
(0.0184586 0 0)
(0.018514 0 0)
(0.0185695 0 0)
(0.0186251 0 0)
(0.0186807 0 0)
(0.0187363 0 0)
(0.018792 0 0)
(0.0188477 0 0)
(0.0189035 0 0)
(0.0189593 0 0)
(0.0190151 0 0)
(0.019071 0 0)
(0.0191269 0 0)
(0.0191829 0 0)
(0.0192389 0 0)
(0.0192949 0 0)
(0.019351 0 0)
(0.0194071 0 0)
(0.0194633 0 0)
(0.0195195 0 0)
(0.0195757 0 0)
(0.019632 0 0)
(0.0196884 0 0)
(0.0197447 0 0)
(0.0198011 0 0)
(0.0198576 0 0)
(0.019914 0 0)
(0.0199706 0 0)
(0.0200271 0 0)
(0.0200837 0 0)
(0.0201404 0 0)
(0.0201971 0 0)
(0.0202538 0 0)
(0.0203105 0 0)
(0.0203673 0 0)
(0.0204242 0 0)
(0.0204811 0 0)
(0.020538 0 0)
(0.0205949 0 0)
(0.0206519 0 0)
(0.0207089 0 0)
(0.020766 0 0)
(0.0208231 0 0)
(0.0208803 0 0)
(0.0209375 0 0)
(0.0209947 0 0)
(0.021052 0 0)
(0.0211093 0 0)
(0.0211666 0 0)
(0.021224 0 0)
(0.0212814 0 0)
(0.0213388 0 0)
(0.0213963 0 0)
(0.0214539 0 0)
(0.0215114 0 0)
(0.0215691 0 0)
(0.0216267 0 0)
(0.0216844 0 0)
(0.0217421 0 0)
(0.0217999 0 0)
(0.0218577 0 0)
(0.0219155 0 0)
(0.0219734 0 0)
(0.0220313 0 0)
(0.0220892 0 0)
(0.0221472 0 0)
(0.0222052 0 0)
(0.0222633 0 0)
(0.0223214 0 0)
(0.0223795 0 0)
(0.0224377 0 0)
(0.0224959 0 0)
(0.0225541 0 0)
(0.0226124 0 0)
(0.0226707 0 0)
(0.0227291 0 0)
(0.0227875 0 0)
(0.0228459 0 0)
(0.0229044 0 0)
(0.0229629 0 0)
(0.0230214 0 0)
(0.02308 0 0)
(0.0231386 0 0)
(0.0231973 0 0)
(0.0232559 0 0)
(0.0233147 0 0)
(0.0233734 0 0)
(0.0234322 0 0)
(0.023491 0 0)
(0.0235499 0 0)
(0.0236088 0 0)
(0.0236678 0 0)
(0.0237267 0 0)
(0.0237857 0 0)
(0.0238448 0 0)
(0.0239039 0 0)
(0.023963 0 0)
(0.0240222 0 0)
(0.0240813 0 0)
(0.0241406 0 0)
(0.0241998 0 0)
(0.0242591 0 0)
(0.0243185 0 0)
(0.0243778 0 0)
(0.0244372 0 0)
(0.0244967 0 0)
(0.0245562 0 0)
(0.0246157 0 0)
(0.0246752 0 0)
(0.0247348 0 0)
(0.0247944 0 0)
(0.0248541 0 0)
(0.0249138 0 0)
(0.0249735 0 0)
(0.0250332 0 0)
(0.025093 0 0)
(0.0251529 0 0)
(0.0252127 0 0)
(0.0252726 0 0)
(0.0253326 0 0)
(0.0253925 0 0)
(0.0254525 0 0)
(0.0255126 0 0)
(0.0255727 0 0)
(0.0256328 0 0)
(0.0256929 0 0)
(0.0257531 0 0)
(0.0258133 0 0)
(0.0258735 0 0)
(0.0259338 0 0)
(0.0259941 0 0)
(0.0260545 0 0)
(0.0261149 0 0)
(0.0261753 0 0)
(0.0262358 0 0)
(0.0262963 0 0)
(0.0263568 0 0)
(0.0264173 0 0)
(0.0264779 0 0)
(0.0265386 0 0)
(0.0265992 0 0)
(0.0266599 0 0)
(0.0267206 0 0)
(0.0267814 0 0)
(0.0268422 0 0)
(0.026903 0 0)
(0.0269639 0 0)
(0.0270248 0 0)
(0.0270857 0 0)
(0.0271467 0 0)
(0.0272077 0 0)
(0.0272687 0 0)
(0.0273298 0 0)
(0.0273909 0 0)
(0.027452 0 0)
(0.0275132 0 0)
(0.0275744 0 0)
(0.0276357 0 0)
(0.0276969 0 0)
(0.0277582 0 0)
(0.0278196 0 0)
(0.027881 0 0)
(0.0279424 0 0)
(0.0280038 0 0)
(0.0280653 0 0)
(0.0281268 0 0)
(0.0281883 0 0)
(0.0282499 0 0)
(0.0283115 0 0)
(0.0283731 0 0)
(0.0284348 0 0)
(0.0284965 0 0)
(0.0285583 0 0)
(0.02862 0 0)
(0.0286819 0 0)
(0.0287437 0 0)
(0.0288056 0 0)
(0.0288675 0 0)
(0.0289294 0 0)
(0.0289914 0 0)
(0.0290534 0 0)
(0.0291154 0 0)
(0.0291775 0 0)
(0.0292396 0 0)
(0.0293018 0 0)
(0.0293639 0 0)
(0.0294261 0 0)
(0.0294884 0 0)
(0.0295506 0 0)
(0.029613 0 0)
(0.0296753 0 0)
(0.0297377 0 0)
(0.0298001 0 0)
(0.0298625 0 0)
(0.029925 0 0)
(0.0299875 0 0)
(0.03005 0 0)
(0.0301126 0 0)
(0.0301752 0 0)
(0.0302378 0 0)
(0.0303005 0 0)
(0.0303632 0 0)
(0.0304259 0 0)
(0.0304887 0 0)
(0.0305515 0 0)
(0.0306143 0 0)
(0.0306771 0 0)
(0.03074 0 0)
(0.030803 0 0)
(0.0308659 0 0)
(0.0309289 0 0)
(0.0309919 0 0)
(0.031055 0 0)
(0.0311181 0 0)
(0.0311812 0 0)
(0.0312444 0 0)
(0.0313075 0 0)
(0.0313708 0 0)
(0.031434 0 0)
(0.0314973 0 0)
(0.0315606 0 0)
(0.031624 0 0)
(0.0316873 0 0)
(0.0317508 0 0)
(0.0318142 0 0)
(0.0318777 0 0)
(0.0319412 0 0)
(0.0320047 0 0)
(0.0320683 0 0)
(0.0321319 0 0)
(0.0321956 0 0)
(0.0322592 0 0)
(0.0323229 0 0)
(0.0323867 0 0)
(0.0324504 0 0)
(0.0325142 0 0)
(0.0325781 0 0)
(0.0326419 0 0)
(0.0327058 0 0)
(0.0327698 0 0)
(0.0328337 0 0)
(0.0328977 0 0)
(0.0329617 0 0)
(0.0330258 0 0)
(0.0330899 0 0)
(0.033154 0 0)
(0.0332182 0 0)
(0.0332823 0 0)
(0.0333466 0 0)
(0.0334108 0 0)
(0.0334751 0 0)
(0.0335394 0 0)
(0.0336038 0 0)
(0.0336681 0 0)
(0.0337325 0 0)
(0.033797 0 0)
(0.0338615 0 0)
(0.033926 0 0)
(0.0339905 0 0)
(0.0340551 0 0)
(0.0341197 0 0)
(0.0341843 0 0)
(0.034249 0 0)
(0.0343137 0 0)
(0.0343784 0 0)
(0.0344432 0 0)
(0.034508 0 0)
(0.0345728 0 0)
(0.0346377 0 0)
(0.0347025 0 0)
(0.0347675 0 0)
(0.0348324 0 0)
(0.0348974 0 0)
(0.0349624 0 0)
(0.0350275 0 0)
(0.0350926 0 0)
(0.0351577 0 0)
(0.0352228 0 0)
(0.035288 0 0)
(0.0353532 0 0)
(0.0354185 0 0)
(0.0354837 0 0)
(0.035549 0 0)
(0.0356144 0 0)
(0.0356798 0 0)
(0.0357452 0 0)
(0.0358106 0 0)
(0.0358761 0 0)
(0.0359416 0 0)
(0.0360071 0 0)
(0.0360727 0 0)
(0.0361383 0 0)
(0.0362039 0 0)
(0.0362695 0 0)
(0.0363352 0 0)
(0.036401 0 0)
(0.0364667 0 0)
(0.0365325 0 0)
(0.0365983 0 0)
(0.0366642 0 0)
(0.0367301 0 0)
(0.036796 0 0)
(0.0368619 0 0)
(0.0369279 0 0)
(0.0369939 0 0)
(0.03706 0 0)
(0.0371261 0 0)
(0.0371922 0 0)
(0.0372583 0 0)
(0.0373245 0 0)
(0.0373907 0 0)
(0.0374569 0 0)
(0.0375232 0 0)
(0.0375895 0 0)
(0.0376559 0 0)
(0.0377222 0 0)
(0.0377886 0 0)
(0.0378551 0 0)
(0.0379215 0 0)
(0.037988 0 0)
(0.0380546 0 0)
(0.0381211 0 0)
(0.0381877 0 0)
(0.0382544 0 0)
(0.038321 0 0)
(0.0383877 0 0)
(0.0384544 0 0)
(0.0385212 0 0)
(0.038588 0 0)
(0.0386548 0 0)
(0.0387217 0 0)
(0.0387886 0 0)
(0.0388555 0 0)
(0.0389225 0 0)
(0.0389894 0 0)
(0.0390565 0 0)
(0.0391235 0 0)
(0.0391906 0 0)
(0.0392577 0 0)
(0.0393249 0 0)
(0.0393921 0 0)
(0.0394593 0 0)
(0.0395266 0 0)
(0.0395938 0 0)
(0.0396612 0 0)
(0.0397285 0 0)
(0.0397959 0 0)
(0.0398633 0 0)
(0.0399308 0 0)
(0.0399983 0 0)
(0.0400658 0 0)
(0.0401334 0 0)
(0.0402009 0 0)
(0.0402686 0 0)
(0.0403362 0 0)
(0.0404039 0 0)
(0.0404716 0 0)
(0.0405394 0 0)
(0.0406072 0 0)
(0.040675 0 0)
(0.0407429 0 0)
(0.0408108 0 0)
(0.0408787 0 0)
(0.0409467 0 0)
(0.0410147 0 0)
(0.0410827 0 0)
(0.0411507 0 0)
(0.0412188 0 0)
(0.041287 0 0)
(0.0413552 0 0)
(0.0414234 0 0)
(0.0414916 0 0)
(0.0415599 0 0)
(0.0416282 0 0)
(0.0416965 0 0)
(0.0417649 0 0)
(0.0418333 0 0)
(0.0419018 0 0)
(0.0419702 0 0)
(0.0420388 0 0)
(0.0421073 0 0)
(0.0421759 0 0)
(0.0422445 0 0)
(0.0423132 0 0)
(0.0423819 0 0)
(0.0424506 0 0)
(0.0425194 0 0)
(0.0425882 0 0)
(0.042657 0 0)
(0.0427259 0 0)
(0.0427948 0 0)
(0.0428638 0 0)
(0.0429327 0 0)
(0.0430018 0 0)
(0.0430708 0 0)
(0.0431399 0 0)
(0.0432091 0 0)
(0.0432782 0 0)
(0.0433474 0 0)
(0.0434167 0 0)
(0.043486 0 0)
(0.0435553 0 0)
(0.0436246 0 0)
(0.043694 0 0)
(0.0437635 0 0)
(0.0438329 0 0)
(0.0439025 0 0)
(0.043972 0 0)
(0.0440416 0 0)
(0.0441112 0 0)
(0.0441809 0 0)
(0.0442506 0 0)
(0.0443203 0 0)
(0.0443901 0 0)
(0.0444599 0 0)
(0.0445298 0 0)
(0.0445997 0 0)
(0.0446696 0 0)
(0.0447396 0 0)
(0.0448096 0 0)
(0.0448797 0 0)
(0.0449498 0 0)
(0.04502 0 0)
(0.0450901 0 0)
(0.0451604 0 0)
(0.0452306 0 0)
(0.045301 0 0)
(0.0453713 0 0)
(0.0454417 0 0)
(0.0455121 0 0)
(0.0455826 0 0)
(0.0456532 0 0)
(0.0457237 0 0)
(0.0457943 0 0)
(0.045865 0 0)
(0.0459357 0 0)
(0.0460064 0 0)
(0.0460772 0 0)
(0.0461481 0 0)
(0.046219 0 0)
(0.0462899 0 0)
(0.0463609 0 0)
(0.0464319 0 0)
(0.0465029 0 0)
(0.0465741 0 0)
(0.0466452 0 0)
(0.0467164 0 0)
(0.0467877 0 0)
(0.046859 0 0)
(0.0469304 0 0)
(0.0470018 0 0)
(0.0470732 0 0)
(0.0471447 0 0)
(0.0472163 0 0)
(0.0472879 0 0)
(0.0473596 0 0)
(0.0474313 0 0)
(0.047503 0 0)
(0.0475749 0 0)
(0.0476467 0 0)
(0.0477187 0 0)
(0.0477906 0 0)
(0.0478627 0 0)
(0.0479348 0 0)
(0.0480069 0 0)
(0.0480791 0 0)
(0.0481514 0 0)
(0.0482237 0 0)
(0.0482961 0 0)
(0.0483685 0 0)
(0.0484411 0 0)
(0.0485136 0 0)
(0.0485862 0 0)
(0.0486589 0 0)
(0.0487317 0 0)
(0.0488045 0 0)
(0.0488774 0 0)
(0.0489504 0 0)
(0.0490234 0 0)
(0.0490965 0 0)
(0.0491696 0 0)
(0.0492429 0 0)
(0.0493162 0 0)
(0.0493895 0 0)
(0.049463 0 0)
(0.0495365 0 0)
(0.0496101 0 0)
(0.0496838 0 0)
(0.0497575 0 0)
(0.0498313 0 0)
(0.0499053 0 0)
(0.0499793 0 0)
(0.0500533 0 0)
(0.0501275 0 0)
(0.0502018 0 0)
(0.0502761 0 0)
(0.0503505 0 0)
(0.0504251 0 0)
(0.0504997 0 0)
(0.0505744 0 0)
(0.0506492 0 0)
(0.0507241 0 0)
(0.0507992 0 0)
(0.0508743 0 0)
(0.0509495 0 0)
(0.0510248 0 0)
(0.0511003 0 0)
(0.0511759 0 0)
(0.0512515 0 0)
(0.0513273 0 0)
(0.0514033 0 0)
(0.0514793 0 0)
(0.0515555 0 0)
)
;

boundaryField
{
    inlet
    {
        type            fixedValue;
        value           uniform (0 0 0);
    }
    outlet
    {
        type            zeroGradient;
    }
    emptyWalls
    {
        type            empty;
    }
}


// ************************************************************************* //
