/*--------------------------------*- C++ -*----------------------------------*\
  =========                 |
  \\      /  F ield         | OpenFOAM: The Open Source CFD Toolbox
   \\    /   O peration     | Website:  https://openfoam.org
    \\  /    A nd           | Version:  9
     \\/     M anipulation  |
\*---------------------------------------------------------------------------*/
FoamFile
{
    format      ascii;
    class       volVectorField;
    location    "6.9";
    object      Ua;
}
// * * * * * * * * * * * * * * * * * * * * * * * * * * * * * * * * * * * * * //

dimensions      [0 0 0 0 0 0 0];

internalField   nonuniform List<vector> 
1000
(
(0.709421 0 0)
(0.709419 0 0)
(0.709417 0 0)
(0.709414 0 0)
(0.709411 0 0)
(0.709407 0 0)
(0.709403 0 0)
(0.709398 0 0)
(0.709393 0 0)
(0.709387 0 0)
(0.709381 0 0)
(0.709374 0 0)
(0.709367 0 0)
(0.70936 0 0)
(0.709352 0 0)
(0.709343 0 0)
(0.709334 0 0)
(0.709325 0 0)
(0.709315 0 0)
(0.709305 0 0)
(0.709295 0 0)
(0.709284 0 0)
(0.709273 0 0)
(0.709261 0 0)
(0.709249 0 0)
(0.709237 0 0)
(0.709225 0 0)
(0.709212 0 0)
(0.709198 0 0)
(0.709185 0 0)
(0.709171 0 0)
(0.709157 0 0)
(0.709142 0 0)
(0.709127 0 0)
(0.709112 0 0)
(0.709096 0 0)
(0.709081 0 0)
(0.709065 0 0)
(0.709048 0 0)
(0.709032 0 0)
(0.709015 0 0)
(0.708998 0 0)
(0.70898 0 0)
(0.708962 0 0)
(0.708944 0 0)
(0.708926 0 0)
(0.708908 0 0)
(0.708889 0 0)
(0.70887 0 0)
(0.708851 0 0)
(0.708831 0 0)
(0.708811 0 0)
(0.708792 0 0)
(0.708771 0 0)
(0.708751 0 0)
(0.70873 0 0)
(0.708709 0 0)
(0.708688 0 0)
(0.708667 0 0)
(0.708646 0 0)
(0.708624 0 0)
(0.708602 0 0)
(0.70858 0 0)
(0.708557 0 0)
(0.708535 0 0)
(0.708512 0 0)
(0.708489 0 0)
(0.708466 0 0)
(0.708443 0 0)
(0.708419 0 0)
(0.708396 0 0)
(0.708372 0 0)
(0.708348 0 0)
(0.708324 0 0)
(0.708299 0 0)
(0.708275 0 0)
(0.70825 0 0)
(0.708225 0 0)
(0.7082 0 0)
(0.708175 0 0)
(0.708149 0 0)
(0.708124 0 0)
(0.708098 0 0)
(0.708072 0 0)
(0.708046 0 0)
(0.70802 0 0)
(0.707993 0 0)
(0.707967 0 0)
(0.70794 0 0)
(0.707913 0 0)
(0.707886 0 0)
(0.707859 0 0)
(0.707832 0 0)
(0.707804 0 0)
(0.707777 0 0)
(0.707749 0 0)
(0.707721 0 0)
(0.707693 0 0)
(0.707665 0 0)
(0.707637 0 0)
(0.707608 0 0)
(0.70758 0 0)
(0.707551 0 0)
(0.707522 0 0)
(0.707494 0 0)
(0.707465 0 0)
(0.707435 0 0)
(0.707406 0 0)
(0.707377 0 0)
(0.707347 0 0)
(0.707317 0 0)
(0.707288 0 0)
(0.707258 0 0)
(0.707228 0 0)
(0.707198 0 0)
(0.707167 0 0)
(0.707137 0 0)
(0.707107 0 0)
(0.707076 0 0)
(0.707045 0 0)
(0.707014 0 0)
(0.706984 0 0)
(0.706953 0 0)
(0.706921 0 0)
(0.70689 0 0)
(0.706859 0 0)
(0.706827 0 0)
(0.706796 0 0)
(0.706764 0 0)
(0.706732 0 0)
(0.706701 0 0)
(0.706669 0 0)
(0.706637 0 0)
(0.706604 0 0)
(0.706572 0 0)
(0.70654 0 0)
(0.706507 0 0)
(0.706475 0 0)
(0.706442 0 0)
(0.706409 0 0)
(0.706377 0 0)
(0.706344 0 0)
(0.706311 0 0)
(0.706278 0 0)
(0.706244 0 0)
(0.706211 0 0)
(0.706178 0 0)
(0.706144 0 0)
(0.706111 0 0)
(0.706077 0 0)
(0.706043 0 0)
(0.70601 0 0)
(0.705976 0 0)
(0.705942 0 0)
(0.705908 0 0)
(0.705874 0 0)
(0.705839 0 0)
(0.705805 0 0)
(0.705771 0 0)
(0.705736 0 0)
(0.705702 0 0)
(0.705667 0 0)
(0.705633 0 0)
(0.705598 0 0)
(0.705563 0 0)
(0.705528 0 0)
(0.705493 0 0)
(0.705458 0 0)
(0.705423 0 0)
(0.705388 0 0)
(0.705352 0 0)
(0.705317 0 0)
(0.705282 0 0)
(0.705246 0 0)
(0.70521 0 0)
(0.705175 0 0)
(0.705139 0 0)
(0.705103 0 0)
(0.705067 0 0)
(0.705032 0 0)
(0.704996 0 0)
(0.70496 0 0)
(0.704923 0 0)
(0.704887 0 0)
(0.704851 0 0)
(0.704815 0 0)
(0.704778 0 0)
(0.704742 0 0)
(0.704705 0 0)
(0.704669 0 0)
(0.704632 0 0)
(0.704595 0 0)
(0.704559 0 0)
(0.704522 0 0)
(0.704485 0 0)
(0.704448 0 0)
(0.704411 0 0)
(0.704374 0 0)
(0.704337 0 0)
(0.704299 0 0)
(0.704262 0 0)
(0.704225 0 0)
(0.704187 0 0)
(0.70415 0 0)
(0.704113 0 0)
(0.704075 0 0)
(0.704037 0 0)
(0.704 0 0)
(0.703962 0 0)
(0.703924 0 0)
(0.703886 0 0)
(0.703848 0 0)
(0.703811 0 0)
(0.703773 0 0)
(0.703734 0 0)
(0.703696 0 0)
(0.703658 0 0)
(0.70362 0 0)
(0.703582 0 0)
(0.703543 0 0)
(0.703505 0 0)
(0.703467 0 0)
(0.703428 0 0)
(0.70339 0 0)
(0.703351 0 0)
(0.703312 0 0)
(0.703274 0 0)
(0.703235 0 0)
(0.703196 0 0)
(0.703157 0 0)
(0.703118 0 0)
(0.703079 0 0)
(0.70304 0 0)
(0.703001 0 0)
(0.702962 0 0)
(0.702923 0 0)
(0.702884 0 0)
(0.702845 0 0)
(0.702806 0 0)
(0.702766 0 0)
(0.702727 0 0)
(0.702687 0 0)
(0.702648 0 0)
(0.702608 0 0)
(0.702569 0 0)
(0.702529 0 0)
(0.70249 0 0)
(0.70245 0 0)
(0.70241 0 0)
(0.70237 0 0)
(0.702331 0 0)
(0.702291 0 0)
(0.702251 0 0)
(0.702211 0 0)
(0.702171 0 0)
(0.702131 0 0)
(0.702091 0 0)
(0.702051 0 0)
(0.70201 0 0)
(0.70197 0 0)
(0.70193 0 0)
(0.70189 0 0)
(0.701849 0 0)
(0.701809 0 0)
(0.701769 0 0)
(0.701728 0 0)
(0.701688 0 0)
(0.701647 0 0)
(0.701606 0 0)
(0.701566 0 0)
(0.701525 0 0)
(0.701484 0 0)
(0.701444 0 0)
(0.701403 0 0)
(0.701362 0 0)
(0.701321 0 0)
(0.70128 0 0)
(0.701239 0 0)
(0.701198 0 0)
(0.701157 0 0)
(0.701116 0 0)
(0.701075 0 0)
(0.701034 0 0)
(0.700993 0 0)
(0.700952 0 0)
(0.70091 0 0)
(0.700869 0 0)
(0.700828 0 0)
(0.700786 0 0)
(0.700745 0 0)
(0.700704 0 0)
(0.700662 0 0)
(0.700621 0 0)
(0.700579 0 0)
(0.700538 0 0)
(0.700496 0 0)
(0.700454 0 0)
(0.700413 0 0)
(0.700371 0 0)
(0.700329 0 0)
(0.700287 0 0)
(0.700245 0 0)
(0.700204 0 0)
(0.700162 0 0)
(0.70012 0 0)
(0.700078 0 0)
(0.700036 0 0)
(0.699994 0 0)
(0.699952 0 0)
(0.69991 0 0)
(0.699867 0 0)
(0.699825 0 0)
(0.699783 0 0)
(0.699741 0 0)
(0.699698 0 0)
(0.699656 0 0)
(0.699614 0 0)
(0.699571 0 0)
(0.699529 0 0)
(0.699487 0 0)
(0.699444 0 0)
(0.699402 0 0)
(0.699359 0 0)
(0.699316 0 0)
(0.699274 0 0)
(0.699231 0 0)
(0.699189 0 0)
(0.699146 0 0)
(0.699103 0 0)
(0.69906 0 0)
(0.699018 0 0)
(0.698975 0 0)
(0.698932 0 0)
(0.698889 0 0)
(0.698846 0 0)
(0.698803 0 0)
(0.69876 0 0)
(0.698717 0 0)
(0.698674 0 0)
(0.698631 0 0)
(0.698588 0 0)
(0.698545 0 0)
(0.698502 0 0)
(0.698458 0 0)
(0.698415 0 0)
(0.698372 0 0)
(0.698329 0 0)
(0.698285 0 0)
(0.698242 0 0)
(0.698198 0 0)
(0.698155 0 0)
(0.698112 0 0)
(0.698068 0 0)
(0.698025 0 0)
(0.697981 0 0)
(0.697937 0 0)
(0.697894 0 0)
(0.69785 0 0)
(0.697807 0 0)
(0.697763 0 0)
(0.697719 0 0)
(0.697675 0 0)
(0.697632 0 0)
(0.697588 0 0)
(0.697544 0 0)
(0.6975 0 0)
(0.697456 0 0)
(0.697412 0 0)
(0.697368 0 0)
(0.697324 0 0)
(0.69728 0 0)
(0.697236 0 0)
(0.697192 0 0)
(0.697148 0 0)
(0.697104 0 0)
(0.69706 0 0)
(0.697016 0 0)
(0.696971 0 0)
(0.696927 0 0)
(0.696883 0 0)
(0.696839 0 0)
(0.696794 0 0)
(0.69675 0 0)
(0.696705 0 0)
(0.696661 0 0)
(0.696617 0 0)
(0.696572 0 0)
(0.696528 0 0)
(0.696483 0 0)
(0.696438 0 0)
(0.696394 0 0)
(0.696349 0 0)
(0.696304 0 0)
(0.69626 0 0)
(0.696215 0 0)
(0.69617 0 0)
(0.696125 0 0)
(0.696081 0 0)
(0.696036 0 0)
(0.695991 0 0)
(0.695946 0 0)
(0.695901 0 0)
(0.695856 0 0)
(0.695811 0 0)
(0.695766 0 0)
(0.695721 0 0)
(0.695676 0 0)
(0.695631 0 0)
(0.695586 0 0)
(0.695541 0 0)
(0.695495 0 0)
(0.69545 0 0)
(0.695405 0 0)
(0.695359 0 0)
(0.695314 0 0)
(0.695269 0 0)
(0.695223 0 0)
(0.695178 0 0)
(0.695132 0 0)
(0.695087 0 0)
(0.695041 0 0)
(0.694996 0 0)
(0.69495 0 0)
(0.694905 0 0)
(0.694859 0 0)
(0.694813 0 0)
(0.694767 0 0)
(0.694722 0 0)
(0.694676 0 0)
(0.69463 0 0)
(0.694584 0 0)
(0.694538 0 0)
(0.694492 0 0)
(0.694446 0 0)
(0.6944 0 0)
(0.694354 0 0)
(0.694308 0 0)
(0.694262 0 0)
(0.694216 0 0)
(0.694169 0 0)
(0.694123 0 0)
(0.694077 0 0)
(0.694031 0 0)
(0.693984 0 0)
(0.693938 0 0)
(0.693891 0 0)
(0.693845 0 0)
(0.693798 0 0)
(0.693752 0 0)
(0.693705 0 0)
(0.693658 0 0)
(0.693611 0 0)
(0.693565 0 0)
(0.693518 0 0)
(0.693471 0 0)
(0.693424 0 0)
(0.693377 0 0)
(0.69333 0 0)
(0.693283 0 0)
(0.693236 0 0)
(0.693188 0 0)
(0.693141 0 0)
(0.693094 0 0)
(0.693046 0 0)
(0.692999 0 0)
(0.692951 0 0)
(0.692904 0 0)
(0.692856 0 0)
(0.692808 0 0)
(0.692761 0 0)
(0.692713 0 0)
(0.692665 0 0)
(0.692617 0 0)
(0.692569 0 0)
(0.69252 0 0)
(0.692472 0 0)
(0.692424 0 0)
(0.692375 0 0)
(0.692327 0 0)
(0.692278 0 0)
(0.692229 0 0)
(0.69218 0 0)
(0.692131 0 0)
(0.692082 0 0)
(0.692033 0 0)
(0.691984 0 0)
(0.691934 0 0)
(0.691884 0 0)
(0.691835 0 0)
(0.691785 0 0)
(0.691735 0 0)
(0.691685 0 0)
(0.691634 0 0)
(0.691584 0 0)
(0.691533 0 0)
(0.691482 0 0)
(0.691431 0 0)
(0.691379 0 0)
(0.691328 0 0)
(0.691276 0 0)
(0.691224 0 0)
(0.691171 0 0)
(0.691119 0 0)
(0.691066 0 0)
(0.691012 0 0)
(0.690959 0 0)
(0.690905 0 0)
(0.69085 0 0)
(0.690796 0 0)
(0.69074 0 0)
(0.690685 0 0)
(0.690628 0 0)
(0.690571 0 0)
(0.690514 0 0)
(0.690456 0 0)
(0.690397 0 0)
(0.690338 0 0)
(0.690278 0 0)
(0.690216 0 0)
(0.690154 0 0)
(0.690091 0 0)
(0.690027 0 0)
(0.689961 0 0)
(0.689894 0 0)
(0.689826 0 0)
(0.689756 0 0)
(0.689684 0 0)
(0.689609 0 0)
(0.689533 0 0)
(0.689454 0 0)
(0.689372 0 0)
(0.689286 0 0)
(0.689197 0 0)
(0.689104 0 0)
(0.689005 0 0)
(0.688901 0 0)
(0.68879 0 0)
(0.688671 0 0)
(0.688542 0 0)
(0.688403 0 0)
(0.68825 0 0)
(0.68808 0 0)
(0.687889 0 0)
(0.687673 0 0)
(0.687423 0 0)
(0.687129 0 0)
(0.686777 0 0)
(0.686342 0 0)
(0.685787 0 0)
(0.685051 0 0)
(0.684019 0 0)
(0.682455 0 0)
(0.679814 0 0)
(0.674587 0 0)
(0.59225 0 0)
(0.496151 0 0)
(0.50404 0 0)
(0.566303 0 0)
(0.622744 0 0)
(0.64665 0 0)
(0.649617 0 0)
(0.644348 0 0)
(0.636084 0 0)
(0.626605 0 0)
(0.616879 0 0)
(0.607859 0 0)
(0.60059 0 0)
(0.596058 0 0)
(0.594894 0 0)
(0.59705 0 0)
(0.60166 0 0)
(0.607257 0 0)
(0.612307 0 0)
(0.615732 0 0)
(0.617139 0 0)
(0.616723 0 0)
(0.615018 0 0)
(0.61267 0 0)
(0.610276 0 0)
(0.608305 0 0)
(0.607053 0 0)
(0.606627 0 0)
(0.606955 0 0)
(0.607824 0 0)
(0.608947 0 0)
(0.610037 0 0)
(0.610874 0 0)
(0.611335 0 0)
(0.611407 0 0)
(0.611158 0 0)
(0.610708 0 0)
(0.610189 0 0)
(0.609721 0 0)
(0.609388 0 0)
(0.60923 0 0)
(0.609243 0 0)
(0.609389 0 0)
(0.609612 0 0)
(0.60985 0 0)
(0.610051 0 0)
(0.610181 0 0)
(0.610229 0 0)
(0.610202 0 0)
(0.610121 0 0)
(0.610014 0 0)
(0.609909 0 0)
(0.609826 0 0)
(0.609777 0 0)
(0.609767 0 0)
(0.609788 0 0)
(0.60983 0 0)
(0.609881 0 0)
(0.609928 0 0)
(0.609962 0 0)
(0.609979 0 0)
(0.60998 0 0)
(0.609967 0 0)
(0.609947 0 0)
(0.609924 0 0)
(0.609905 0 0)
(0.609893 0 0)
(0.609889 0 0)
(0.609892 0 0)
(0.609901 0 0)
(0.609913 0 0)
(0.609926 0 0)
(0.609937 0 0)
(0.609945 0 0)
(0.60995 0 0)
(0.609953 0 0)
(0.609954 0 0)
(0.609955 0 0)
(0.609957 0 0)
(0.60996 0 0)
(0.609966 0 0)
(0.609974 0 0)
(0.609984 0 0)
(0.609994 0 0)
(0.610005 0 0)
(0.610016 0 0)
(0.610025 0 0)
(0.610033 0 0)
(0.610039 0 0)
(0.610044 0 0)
(0.610047 0 0)
(0.610049 0 0)
(0.610049 0 0)
(0.610048 0 0)
(0.610046 0 0)
(0.610043 0 0)
(0.610038 0 0)
(0.610033 0 0)
(0.610026 0 0)
(0.610018 0 0)
(0.610009 0 0)
(0.61 0 0)
(0.609991 0 0)
(0.609982 0 0)
(0.609973 0 0)
(0.609964 0 0)
(0.609956 0 0)
(0.609949 0 0)
(0.609942 0 0)
(0.609936 0 0)
(0.609931 0 0)
(0.609927 0 0)
(0.609923 0 0)
(0.60992 0 0)
(0.609917 0 0)
(0.609915 0 0)
(0.609913 0 0)
(0.609912 0 0)
(0.60991 0 0)
(0.609909 0 0)
(0.609909 0 0)
(0.609908 0 0)
(0.609908 0 0)
(0.609907 0 0)
(0.609907 0 0)
(0.609907 0 0)
(0.609907 0 0)
(0.609907 0 0)
(0.609907 0 0)
(0.609907 0 0)
(0.609907 0 0)
(0.609907 0 0)
(0.609907 0 0)
(0.609907 0 0)
(0.609907 0 0)
(0.609907 0 0)
(0.609907 0 0)
(0.609907 0 0)
(0.609907 0 0)
(0.609907 0 0)
(0.609907 0 0)
(0.609907 0 0)
(0.609907 0 0)
(0.609907 0 0)
(0.609907 0 0)
(0.609907 0 0)
(0.609907 0 0)
(0.609907 0 0)
(0.609907 0 0)
(0.609907 0 0)
(0.609907 0 0)
(0.609907 0 0)
(0.609907 0 0)
(0.609907 0 0)
(0.609908 0 0)
(0.609908 0 0)
(0.609908 0 0)
(0.609908 0 0)
(0.609908 0 0)
(0.609908 0 0)
(0.609908 0 0)
(0.609908 0 0)
(0.609908 0 0)
(0.609908 0 0)
(0.609908 0 0)
(0.609908 0 0)
(0.609908 0 0)
(0.609908 0 0)
(0.609908 0 0)
(0.609908 0 0)
(0.609908 0 0)
(0.609908 0 0)
(0.609908 0 0)
(0.609908 0 0)
(0.609908 0 0)
(0.609908 0 0)
(0.609908 0 0)
(0.609908 0 0)
(0.609908 0 0)
(0.609908 0 0)
(0.609908 0 0)
(0.609908 0 0)
(0.609909 0 0)
(0.609909 0 0)
(0.609909 0 0)
(0.609909 0 0)
(0.609909 0 0)
(0.609909 0 0)
(0.609909 0 0)
(0.609909 0 0)
(0.609909 0 0)
(0.609909 0 0)
(0.609909 0 0)
(0.609909 0 0)
(0.609909 0 0)
(0.609909 0 0)
(0.609909 0 0)
(0.609909 0 0)
(0.609909 0 0)
(0.609909 0 0)
(0.609909 0 0)
(0.609909 0 0)
(0.609909 0 0)
(0.609909 0 0)
(0.609909 0 0)
(0.609909 0 0)
(0.609909 0 0)
(0.609909 0 0)
(0.609909 0 0)
(0.609909 0 0)
(0.609909 0 0)
(0.609909 0 0)
(0.609909 0 0)
(0.609909 0 0)
(0.609909 0 0)
(0.60991 0 0)
(0.60991 0 0)
(0.60991 0 0)
(0.60991 0 0)
(0.60991 0 0)
(0.60991 0 0)
(0.60991 0 0)
(0.60991 0 0)
(0.60991 0 0)
(0.60991 0 0)
(0.60991 0 0)
(0.60991 0 0)
(0.60991 0 0)
(0.60991 0 0)
(0.60991 0 0)
(0.60991 0 0)
(0.60991 0 0)
(0.60991 0 0)
(0.60991 0 0)
(0.60991 0 0)
(0.60991 0 0)
(0.60991 0 0)
(0.60991 0 0)
(0.60991 0 0)
(0.60991 0 0)
(0.60991 0 0)
(0.60991 0 0)
(0.60991 0 0)
(0.60991 0 0)
(0.60991 0 0)
(0.60991 0 0)
(0.60991 0 0)
(0.60991 0 0)
(0.60991 0 0)
(0.609911 0 0)
(0.609911 0 0)
(0.609911 0 0)
(0.609911 0 0)
(0.609911 0 0)
(0.609911 0 0)
(0.609911 0 0)
(0.609911 0 0)
(0.609911 0 0)
(0.609911 0 0)
(0.609911 0 0)
(0.609911 0 0)
(0.609911 0 0)
(0.609911 0 0)
(0.609911 0 0)
(0.609911 0 0)
(0.609911 0 0)
(0.609911 0 0)
(0.609911 0 0)
(0.609911 0 0)
(0.609911 0 0)
(0.609911 0 0)
(0.609911 0 0)
(0.609911 0 0)
(0.609911 0 0)
(0.609911 0 0)
(0.609911 0 0)
(0.609911 0 0)
(0.609911 0 0)
(0.609911 0 0)
(0.609911 0 0)
(0.609911 0 0)
(0.609911 0 0)
(0.609911 0 0)
(0.609911 0 0)
(0.609911 0 0)
(0.609911 0 0)
(0.609911 0 0)
(0.609911 0 0)
(0.609911 0 0)
(0.609911 0 0)
(0.609911 0 0)
(0.609911 0 0)
(0.609912 0 0)
(0.609912 0 0)
(0.609912 0 0)
(0.609912 0 0)
(0.609912 0 0)
(0.609912 0 0)
(0.609912 0 0)
(0.609912 0 0)
(0.609912 0 0)
(0.609912 0 0)
(0.609912 0 0)
(0.609912 0 0)
(0.609912 0 0)
(0.609912 0 0)
(0.609912 0 0)
(0.609912 0 0)
(0.609912 0 0)
(0.609912 0 0)
(0.609912 0 0)
(0.609912 0 0)
(0.609912 0 0)
(0.609912 0 0)
(0.609912 0 0)
(0.609912 0 0)
(0.609912 0 0)
(0.609912 0 0)
(0.609912 0 0)
(0.609912 0 0)
(0.609912 0 0)
(0.609912 0 0)
(0.609912 0 0)
(0.609912 0 0)
(0.609912 0 0)
(0.609912 0 0)
(0.609912 0 0)
(0.609912 0 0)
(0.609912 0 0)
(0.609912 0 0)
(0.609912 0 0)
(0.609912 0 0)
(0.609912 0 0)
(0.609912 0 0)
(0.609912 0 0)
(0.609912 0 0)
(0.609912 0 0)
(0.609912 0 0)
(0.609912 0 0)
(0.609912 0 0)
(0.609912 0 0)
(0.609912 0 0)
(0.609912 0 0)
(0.609912 0 0)
(0.609912 0 0)
(0.609912 0 0)
(0.609912 0 0)
(0.609912 0 0)
(0.609911 0 0)
(0.609911 0 0)
(0.609911 0 0)
(0.609911 0 0)
(0.609911 0 0)
(0.609911 0 0)
(0.609911 0 0)
(0.609911 0 0)
(0.609911 0 0)
(0.609911 0 0)
(0.609911 0 0)
(0.609911 0 0)
(0.60991 0 0)
(0.60991 0 0)
(0.60991 0 0)
(0.60991 0 0)
(0.60991 0 0)
(0.60991 0 0)
(0.609909 0 0)
(0.609909 0 0)
(0.609909 0 0)
(0.609909 0 0)
(0.609908 0 0)
(0.609908 0 0)
(0.609908 0 0)
(0.609907 0 0)
(0.609907 0 0)
(0.609906 0 0)
(0.609906 0 0)
(0.609905 0 0)
(0.609905 0 0)
(0.609904 0 0)
(0.609903 0 0)
(0.609902 0 0)
(0.609902 0 0)
(0.609901 0 0)
(0.6099 0 0)
(0.609899 0 0)
(0.609898 0 0)
(0.609897 0 0)
(0.609896 0 0)
(0.609894 0 0)
(0.609893 0 0)
(0.609892 0 0)
(0.60989 0 0)
(0.609889 0 0)
(0.609887 0 0)
(0.609886 0 0)
(0.609884 0 0)
(0.609883 0 0)
(0.609881 0 0)
(0.609879 0 0)
(0.609877 0 0)
(0.609876 0 0)
(0.609874 0 0)
(0.609872 0 0)
(0.60987 0 0)
(0.609868 0 0)
(0.609867 0 0)
(0.609865 0 0)
(0.609863 0 0)
(0.609862 0 0)
(0.60986 0 0)
(0.609859 0 0)
(0.609857 0 0)
(0.609856 0 0)
(0.609855 0 0)
(0.609853 0 0)
(0.609852 0 0)
(0.609851 0 0)
(0.609851 0 0)
(0.60985 0 0)
(0.609849 0 0)
(0.609849 0 0)
(0.609849 0 0)
(0.609849 0 0)
(0.609849 0 0)
(0.609849 0 0)
(0.609849 0 0)
(0.60985 0 0)
(0.609851 0 0)
(0.609851 0 0)
(0.609852 0 0)
(0.609853 0 0)
(0.609854 0 0)
(0.609856 0 0)
(0.609857 0 0)
(0.609859 0 0)
(0.60986 0 0)
(0.609862 0 0)
(0.609864 0 0)
(0.609865 0 0)
(0.609867 0 0)
(0.609869 0 0)
(0.609871 0 0)
(0.609873 0 0)
(0.609875 0 0)
(0.609877 0 0)
)
;

boundaryField
{
    inlet
    {
        type            fractionalVelocity;
        U               1((1 0 0));
        fractionalFlow  Fa;
        value           uniform (0.709421 0 0);
    }
    outlet
    {
        type            zeroGradient;
    }
    emptyWalls
    {
        type            empty;
    }
}


// ************************************************************************* //
