/*--------------------------------*- C++ -*----------------------------------*\
  =========                 |
  \\      /  F ield         | OpenFOAM: The Open Source CFD Toolbox
   \\    /   O peration     | Website:  https://openfoam.org
    \\  /    A nd           | Version:  9
     \\/     M anipulation  |
\*---------------------------------------------------------------------------*/
FoamFile
{
    format      ascii;
    class       volScalarField;
    location    "2.3";
    object      p;
}
// * * * * * * * * * * * * * * * * * * * * * * * * * * * * * * * * * * * * * //

dimensions      [0 0 0 0 0 0 0];

internalField   nonuniform List<scalar> 
1000
(
3.08465e+13
3.08364e+13
3.08262e+13
3.08159e+13
3.08055e+13
3.0795e+13
3.07844e+13
3.07737e+13
3.07629e+13
3.0752e+13
3.0741e+13
3.073e+13
3.07188e+13
3.07076e+13
3.06963e+13
3.06848e+13
3.06733e+13
3.06618e+13
3.06501e+13
3.06384e+13
3.06265e+13
3.06146e+13
3.06027e+13
3.05906e+13
3.05785e+13
3.05662e+13
3.0554e+13
3.05416e+13
3.05291e+13
3.05166e+13
3.0504e+13
3.04914e+13
3.04786e+13
3.04658e+13
3.0453e+13
3.044e+13
3.0427e+13
3.04139e+13
3.04007e+13
3.03875e+13
3.03742e+13
3.03608e+13
3.03474e+13
3.03339e+13
3.03203e+13
3.03067e+13
3.0293e+13
3.02792e+13
3.02654e+13
3.02515e+13
3.02376e+13
3.02235e+13
3.02094e+13
3.01953e+13
3.01811e+13
3.01668e+13
3.01524e+13
3.0138e+13
3.01236e+13
3.0109e+13
3.00945e+13
3.00798e+13
3.00651e+13
3.00503e+13
3.00355e+13
3.00206e+13
3.00056e+13
2.99906e+13
2.99756e+13
2.99604e+13
2.99453e+13
2.993e+13
2.99147e+13
2.98993e+13
2.98839e+13
2.98684e+13
2.98529e+13
2.98373e+13
2.98217e+13
2.9806e+13
2.97902e+13
2.97744e+13
2.97585e+13
2.97426e+13
2.97266e+13
2.97106e+13
2.96945e+13
2.96783e+13
2.96621e+13
2.96459e+13
2.96295e+13
2.96132e+13
2.95968e+13
2.95803e+13
2.95638e+13
2.95472e+13
2.95305e+13
2.95139e+13
2.94971e+13
2.94803e+13
2.94635e+13
2.94466e+13
2.94296e+13
2.94126e+13
2.93956e+13
2.93785e+13
2.93613e+13
2.93441e+13
2.93268e+13
2.93095e+13
2.92922e+13
2.92747e+13
2.92573e+13
2.92398e+13
2.92222e+13
2.92046e+13
2.91869e+13
2.91692e+13
2.91514e+13
2.91336e+13
2.91157e+13
2.90978e+13
2.90798e+13
2.90618e+13
2.90438e+13
2.90256e+13
2.90075e+13
2.89893e+13
2.8971e+13
2.89527e+13
2.89343e+13
2.89159e+13
2.88974e+13
2.88789e+13
2.88604e+13
2.88418e+13
2.88231e+13
2.88044e+13
2.87857e+13
2.87668e+13
2.8748e+13
2.87291e+13
2.87102e+13
2.86912e+13
2.86721e+13
2.8653e+13
2.86339e+13
2.86147e+13
2.85955e+13
2.85762e+13
2.85568e+13
2.85375e+13
2.8518e+13
2.84986e+13
2.8479e+13
2.84594e+13
2.84398e+13
2.84201e+13
2.84004e+13
2.83806e+13
2.83608e+13
2.83409e+13
2.8321e+13
2.8301e+13
2.8281e+13
2.82609e+13
2.82408e+13
2.82206e+13
2.82004e+13
2.81801e+13
2.81597e+13
2.81393e+13
2.81188e+13
2.80983e+13
2.80777e+13
2.8057e+13
2.80363e+13
2.80155e+13
2.79946e+13
2.79736e+13
2.79525e+13
2.79314e+13
2.79101e+13
2.78887e+13
2.78671e+13
2.78452e+13
2.78232e+13
2.78007e+13
2.77777e+13
2.77537e+13
2.77277e+13
2.76869e+13
2.76338e+13
2.75884e+13
2.75479e+13
2.75087e+13
2.74692e+13
2.74292e+13
2.73884e+13
2.73468e+13
2.73044e+13
2.72613e+13
2.72176e+13
2.71735e+13
2.71295e+13
2.70856e+13
2.70422e+13
2.69993e+13
2.69568e+13
2.69145e+13
2.68723e+13
2.683e+13
2.67875e+13
2.67449e+13
2.6702e+13
2.6659e+13
2.66159e+13
2.65728e+13
2.65298e+13
2.64869e+13
2.6444e+13
2.64013e+13
2.63586e+13
2.63159e+13
2.62732e+13
2.62305e+13
2.61877e+13
2.61449e+13
2.6102e+13
2.60591e+13
2.60163e+13
2.59734e+13
2.59305e+13
2.58877e+13
2.58449e+13
2.5802e+13
2.57592e+13
2.57164e+13
2.56736e+13
2.56308e+13
2.5588e+13
2.55452e+13
2.55023e+13
2.54595e+13
2.54166e+13
2.53738e+13
2.5331e+13
2.52882e+13
2.52453e+13
2.52025e+13
2.51597e+13
2.51169e+13
2.5074e+13
2.50312e+13
2.49884e+13
2.49456e+13
2.49027e+13
2.48599e+13
2.48171e+13
2.47743e+13
2.47314e+13
2.46886e+13
2.46458e+13
2.4603e+13
2.45601e+13
2.45173e+13
2.44745e+13
2.44317e+13
2.43889e+13
2.4346e+13
2.43032e+13
2.42604e+13
2.42176e+13
2.41748e+13
2.4132e+13
2.40891e+13
2.40463e+13
2.40035e+13
2.39607e+13
2.39179e+13
2.38751e+13
2.38323e+13
2.37895e+13
2.37466e+13
2.37038e+13
2.3661e+13
2.36182e+13
2.35754e+13
2.35326e+13
2.34898e+13
2.34469e+13
2.34041e+13
2.33613e+13
2.33185e+13
2.32757e+13
2.32329e+13
2.319e+13
2.31472e+13
2.31044e+13
2.30616e+13
2.30188e+13
2.29759e+13
2.29331e+13
2.28903e+13
2.28475e+13
2.28047e+13
2.27618e+13
2.2719e+13
2.26762e+13
2.26334e+13
2.25905e+13
2.25477e+13
2.25049e+13
2.24621e+13
2.24193e+13
2.23764e+13
2.23336e+13
2.22908e+13
2.2248e+13
2.22052e+13
2.21623e+13
2.21195e+13
2.20767e+13
2.20339e+13
2.19911e+13
2.19483e+13
2.19054e+13
2.18626e+13
2.18198e+13
2.1777e+13
2.17342e+13
2.16913e+13
2.16485e+13
2.16057e+13
2.15629e+13
2.15201e+13
2.14773e+13
2.14344e+13
2.13916e+13
2.13488e+13
2.1306e+13
2.12632e+13
2.12204e+13
2.11775e+13
2.11347e+13
2.10919e+13
2.10491e+13
2.10063e+13
2.09635e+13
2.09206e+13
2.08778e+13
2.0835e+13
2.07922e+13
2.07494e+13
2.07066e+13
2.06637e+13
2.06209e+13
2.05781e+13
2.05353e+13
2.04925e+13
2.04496e+13
2.04067e+13
2.03639e+13
2.03261e+13
2.0302e+13
2.02806e+13
2.02591e+13
2.02377e+13
2.02162e+13
2.01947e+13
2.01733e+13
2.01518e+13
2.01304e+13
2.01089e+13
2.00875e+13
2.0066e+13
2.00446e+13
2.00231e+13
2.00016e+13
1.99802e+13
1.99587e+13
1.99373e+13
1.99158e+13
1.98944e+13
1.98729e+13
1.98515e+13
1.983e+13
1.98085e+13
1.97871e+13
1.97656e+13
1.97442e+13
1.97227e+13
1.97013e+13
1.96798e+13
1.96584e+13
1.96369e+13
1.96154e+13
1.9594e+13
1.95725e+13
1.95511e+13
1.95296e+13
1.95082e+13
1.94867e+13
1.94652e+13
1.94438e+13
1.94223e+13
1.94009e+13
1.93794e+13
1.9358e+13
1.93365e+13
1.9315e+13
1.92936e+13
1.92721e+13
1.92507e+13
1.92292e+13
1.92077e+13
1.91863e+13
1.91648e+13
1.91434e+13
1.91219e+13
1.91005e+13
1.9079e+13
1.90575e+13
1.90361e+13
1.90146e+13
1.89932e+13
1.89717e+13
1.89502e+13
1.89288e+13
1.89073e+13
1.88859e+13
1.88644e+13
1.8843e+13
1.88215e+13
1.88e+13
1.87786e+13
1.87571e+13
1.87357e+13
1.87142e+13
1.86928e+13
1.86713e+13
1.86498e+13
1.86284e+13
1.86069e+13
1.85855e+13
1.8564e+13
1.85426e+13
1.85211e+13
1.84996e+13
1.84782e+13
1.84567e+13
1.84353e+13
1.84138e+13
1.83923e+13
1.83709e+13
1.83494e+13
1.8328e+13
1.83065e+13
1.8285e+13
1.82636e+13
1.82421e+13
1.82207e+13
1.81992e+13
1.81778e+13
1.81563e+13
1.81348e+13
1.81134e+13
1.80919e+13
1.80705e+13
1.8049e+13
1.80275e+13
1.80061e+13
1.79846e+13
1.79632e+13
1.79417e+13
1.79202e+13
1.78988e+13
1.78773e+13
1.78559e+13
1.78344e+13
1.78129e+13
1.77913e+13
1.77582e+13
1.77239e+13
1.76896e+13
1.76553e+13
1.7621e+13
1.75866e+13
1.75523e+13
1.7518e+13
1.74837e+13
1.74494e+13
1.74151e+13
1.73807e+13
1.73464e+13
1.73121e+13
1.72778e+13
1.72435e+13
1.72092e+13
1.71749e+13
1.71405e+13
1.71062e+13
1.70719e+13
1.70376e+13
1.70033e+13
1.6969e+13
1.69346e+13
1.69003e+13
1.6866e+13
1.68317e+13
1.67974e+13
1.67631e+13
1.67288e+13
1.66944e+13
1.66601e+13
1.66258e+13
1.65915e+13
1.65572e+13
1.65229e+13
1.64885e+13
1.64542e+13
1.64199e+13
1.63856e+13
1.63513e+13
1.6317e+13
1.62827e+13
1.62483e+13
1.6214e+13
1.61797e+13
1.61454e+13
1.61111e+13
1.60768e+13
1.60424e+13
1.60081e+13
1.59738e+13
1.59395e+13
1.59052e+13
1.58709e+13
1.58366e+13
1.58022e+13
1.57679e+13
1.57336e+13
1.56993e+13
1.5665e+13
1.56307e+13
1.55963e+13
1.5562e+13
1.55277e+13
1.54934e+13
1.54591e+13
1.54248e+13
1.53905e+13
1.53561e+13
1.53218e+13
1.52875e+13
1.52532e+13
1.52189e+13
1.51846e+13
1.51502e+13
1.51159e+13
1.50816e+13
1.50473e+13
1.5013e+13
1.49787e+13
1.49444e+13
1.491e+13
1.48757e+13
1.48414e+13
1.48071e+13
1.47728e+13
1.47385e+13
1.47041e+13
1.46698e+13
1.46355e+13
1.46012e+13
1.45669e+13
1.45326e+13
1.44983e+13
1.44639e+13
1.44296e+13
1.43953e+13
1.4361e+13
1.43267e+13
1.42924e+13
1.4258e+13
1.42237e+13
1.41894e+13
1.41551e+13
1.41208e+13
1.40865e+13
1.40522e+13
1.40178e+13
1.39835e+13
1.39492e+13
1.39149e+13
1.38806e+13
1.38463e+13
1.38119e+13
1.37776e+13
1.37433e+13
1.3709e+13
1.36747e+13
1.36404e+13
1.36061e+13
1.35717e+13
1.35374e+13
1.35031e+13
1.34688e+13
1.34345e+13
1.34002e+13
1.33658e+13
1.33315e+13
1.32972e+13
1.32629e+13
1.32286e+13
1.31943e+13
1.316e+13
1.31256e+13
1.30913e+13
1.3057e+13
1.30227e+13
1.29884e+13
1.29541e+13
1.29197e+13
1.28854e+13
1.28511e+13
1.28168e+13
1.27825e+13
1.27482e+13
1.27139e+13
1.26795e+13
1.26452e+13
1.26109e+13
1.25766e+13
1.25423e+13
1.2508e+13
1.24736e+13
1.24393e+13
1.2405e+13
1.23707e+13
1.23364e+13
1.23021e+13
1.22678e+13
1.22334e+13
1.21991e+13
1.21648e+13
1.21305e+13
1.20962e+13
1.20619e+13
1.20275e+13
1.19932e+13
1.19589e+13
1.19246e+13
1.18903e+13
1.1856e+13
1.18217e+13
1.17873e+13
1.1753e+13
1.17187e+13
1.16844e+13
1.16501e+13
1.16158e+13
1.15814e+13
1.15471e+13
1.15128e+13
1.14785e+13
1.14442e+13
1.14099e+13
1.13756e+13
1.13412e+13
1.13069e+13
1.12726e+13
1.12383e+13
1.1204e+13
1.11697e+13
1.11353e+13
1.1101e+13
1.10667e+13
1.10324e+13
1.09981e+13
1.09638e+13
1.09295e+13
1.08951e+13
1.08608e+13
1.08265e+13
1.07922e+13
1.07579e+13
1.07236e+13
1.06892e+13
1.06549e+13
1.06206e+13
1.05863e+13
1.0552e+13
1.05177e+13
1.04834e+13
1.0449e+13
1.04147e+13
1.03804e+13
1.03461e+13
1.03118e+13
1.02775e+13
1.02431e+13
1.02088e+13
1.01745e+13
1.01402e+13
1.01059e+13
1.00716e+13
1.00373e+13
1.00029e+13
9.96862e+12
9.93431e+12
9.89999e+12
9.86568e+12
9.83136e+12
9.79705e+12
9.76273e+12
9.72842e+12
9.6941e+12
9.65978e+12
9.62547e+12
9.59115e+12
9.55684e+12
9.52252e+12
9.48821e+12
9.45389e+12
9.41958e+12
9.38526e+12
9.35095e+12
9.31663e+12
9.28232e+12
9.248e+12
9.21368e+12
9.17937e+12
9.14505e+12
9.11074e+12
9.07642e+12
9.04211e+12
9.00779e+12
8.97348e+12
8.93916e+12
8.90485e+12
8.87053e+12
8.83622e+12
8.8019e+12
8.76758e+12
8.73327e+12
8.69895e+12
8.66464e+12
8.63032e+12
8.59601e+12
8.56169e+12
8.52738e+12
8.49306e+12
8.45875e+12
8.42443e+12
8.39012e+12
8.3558e+12
8.32148e+12
8.28717e+12
8.25285e+12
8.21854e+12
8.18422e+12
8.14991e+12
8.11559e+12
8.08128e+12
8.04696e+12
8.01265e+12
7.97833e+12
7.94401e+12
7.9097e+12
7.87538e+12
7.84107e+12
7.80675e+12
7.77244e+12
7.73812e+12
7.70381e+12
7.66949e+12
7.63518e+12
7.60086e+12
7.56655e+12
7.53223e+12
7.49791e+12
7.4636e+12
7.42928e+12
7.39497e+12
7.36065e+12
7.32634e+12
7.29202e+12
7.25771e+12
7.22339e+12
7.18908e+12
7.15476e+12
7.12045e+12
7.08613e+12
7.05181e+12
7.0175e+12
6.98318e+12
6.94887e+12
6.91455e+12
6.88024e+12
6.84592e+12
6.81161e+12
6.77729e+12
6.74298e+12
6.70866e+12
6.67435e+12
6.64003e+12
6.60571e+12
6.5714e+12
6.53708e+12
6.50277e+12
6.46845e+12
6.43414e+12
6.39982e+12
6.36551e+12
6.33119e+12
6.29688e+12
6.26256e+12
6.22824e+12
6.19393e+12
6.15961e+12
6.1253e+12
6.09098e+12
6.05667e+12
6.02235e+12
5.98804e+12
5.95372e+12
5.91941e+12
5.88509e+12
5.85078e+12
5.81646e+12
5.78214e+12
5.74783e+12
5.71351e+12
5.6792e+12
5.64488e+12
5.61057e+12
5.57625e+12
5.54194e+12
5.50762e+12
5.47331e+12
5.43899e+12
5.40468e+12
5.37036e+12
5.33604e+12
5.30173e+12
5.26741e+12
5.2331e+12
5.19878e+12
5.16447e+12
5.13015e+12
5.09584e+12
5.06152e+12
5.02721e+12
4.99289e+12
4.95858e+12
4.92426e+12
4.88994e+12
4.85563e+12
4.82131e+12
4.787e+12
4.75268e+12
4.71837e+12
4.68405e+12
4.64974e+12
4.61542e+12
4.58111e+12
4.54679e+12
4.51247e+12
4.47816e+12
4.44384e+12
4.40953e+12
4.37521e+12
4.3409e+12
4.30658e+12
4.27227e+12
4.23795e+12
4.20364e+12
4.16932e+12
4.13501e+12
4.10069e+12
4.06637e+12
4.03206e+12
3.99774e+12
3.96343e+12
3.92911e+12
3.8948e+12
3.86048e+12
3.82617e+12
3.79185e+12
3.75754e+12
3.72322e+12
3.68891e+12
3.65459e+12
3.62027e+12
3.58596e+12
3.55164e+12
3.51733e+12
3.48301e+12
3.4487e+12
3.41438e+12
3.38007e+12
3.34575e+12
3.31144e+12
3.27712e+12
3.24281e+12
3.20849e+12
3.17417e+12
3.13986e+12
3.10554e+12
3.07123e+12
3.03691e+12
3.0026e+12
2.96828e+12
2.93397e+12
2.89965e+12
2.86534e+12
2.83102e+12
2.79671e+12
2.76239e+12
2.72807e+12
2.69376e+12
2.65944e+12
2.62513e+12
2.59081e+12
2.5565e+12
2.52218e+12
2.48787e+12
2.45355e+12
2.41924e+12
2.38492e+12
2.3506e+12
2.31629e+12
2.28197e+12
2.24766e+12
2.21334e+12
2.17903e+12
2.14471e+12
2.1104e+12
2.07608e+12
2.04177e+12
2.00745e+12
1.97314e+12
1.93882e+12
1.9045e+12
1.87019e+12
1.83587e+12
1.80156e+12
1.76724e+12
1.73293e+12
1.69861e+12
1.6643e+12
1.62998e+12
1.59567e+12
1.56135e+12
1.52704e+12
1.49272e+12
1.4584e+12
1.42409e+12
1.38977e+12
1.35546e+12
1.32114e+12
1.28683e+12
1.25251e+12
1.2182e+12
1.18388e+12
1.14957e+12
1.11525e+12
1.08094e+12
1.04662e+12
1.0123e+12
9.77989e+11
9.43673e+11
9.09358e+11
8.75043e+11
8.40727e+11
8.06412e+11
7.72096e+11
7.37781e+11
7.03466e+11
6.6915e+11
6.34835e+11
6.00519e+11
5.66204e+11
5.31889e+11
4.97573e+11
4.63258e+11
4.28942e+11
3.94627e+11
3.60312e+11
3.25996e+11
2.91681e+11
2.57365e+11
2.2305e+11
1.88735e+11
1.54419e+11
1.20104e+11
8.57885e+10
5.14731e+10
1.71577e+10
)
;

boundaryField
{
    inlet
    {
        type            darcyGradPressure_G;
        gradient        uniform 3.23949e+11;
        Mf              Mf;
        phi             phi;
        phiG            phiG;
        value           uniform 3.08514e+13;
    }
    outlet
    {
        type            fixedValue;
        value           uniform 0;
    }
    emptyWalls
    {
        type            empty;
    }
}


// ************************************************************************* //
