/*--------------------------------*- C++ -*----------------------------------*\
  =========                 |
  \\      /  F ield         | OpenFOAM: The Open Source CFD Toolbox
   \\    /   O peration     | Website:  https://openfoam.org
    \\  /    A nd           | Version:  9
     \\/     M anipulation  |
\*---------------------------------------------------------------------------*/
FoamFile
{
    format      ascii;
    class       volVectorField;
    location    "16000";
    object      Ua;
}
// * * * * * * * * * * * * * * * * * * * * * * * * * * * * * * * * * * * * * //

dimensions      [0 0 0 0 0 0 0];

internalField   nonuniform List<vector> 
100
(
(0 0 1.66017e-06)
(0 0 3.31807e-06)
(0 0 3.31807e-06)
(0 0 3.31807e-06)
(0 0 3.31807e-06)
(0 0 3.31807e-06)
(0 0 3.31807e-06)
(0 0 3.31807e-06)
(0 0 3.31807e-06)
(0 0 3.31807e-06)
(0 0 3.31807e-06)
(0 0 3.31807e-06)
(0 0 3.31807e-06)
(0 0 3.31807e-06)
(0 0 3.31807e-06)
(0 0 3.31807e-06)
(0 0 3.31807e-06)
(0 0 3.31807e-06)
(0 0 3.31807e-06)
(0 0 3.31807e-06)
(0 0 3.31807e-06)
(0 0 3.31807e-06)
(0 0 3.31807e-06)
(0 0 3.31807e-06)
(0 0 3.31807e-06)
(0 0 3.31807e-06)
(0 0 3.31807e-06)
(0 0 3.31807e-06)
(0 0 3.31807e-06)
(0 0 3.31807e-06)
(0 0 3.31807e-06)
(0 0 3.31807e-06)
(0 0 3.31807e-06)
(0 0 3.31807e-06)
(0 0 3.31807e-06)
(0 0 3.31807e-06)
(0 0 3.31807e-06)
(0 0 3.31807e-06)
(0 0 3.31807e-06)
(0 0 3.31807e-06)
(0 0 3.31807e-06)
(0 0 3.31807e-06)
(0 0 3.31807e-06)
(0 0 3.31807e-06)
(0 0 3.31807e-06)
(0 0 3.31807e-06)
(0 0 3.31807e-06)
(0 0 3.31807e-06)
(0 0 3.31807e-06)
(0 0 3.31807e-06)
(0 0 3.31807e-06)
(0 0 3.31807e-06)
(0 0 3.31807e-06)
(0 0 3.31807e-06)
(0 0 3.31807e-06)
(0 0 3.31807e-06)
(0 0 3.31807e-06)
(0 0 3.31807e-06)
(0 0 3.31807e-06)
(0 0 3.31807e-06)
(0 0 3.31807e-06)
(0 0 3.31807e-06)
(0 0 3.31807e-06)
(0 0 3.31807e-06)
(0 0 3.31807e-06)
(0 0 3.31807e-06)
(0 0 3.31807e-06)
(0 0 3.31807e-06)
(0 0 3.31807e-06)
(0 0 3.31807e-06)
(0 0 3.28196e-06)
(0 0 2.53149e-06)
(0 0 1.72917e-06)
(0 0 1.59652e-06)
(0 0 1.52127e-06)
(0 0 1.45901e-06)
(0 0 1.3981e-06)
(0 0 1.34872e-06)
(0 0 1.31937e-06)
(0 0 1.31008e-06)
(0 0 1.31628e-06)
(0 0 1.33272e-06)
(0 0 1.35512e-06)
(0 0 1.38007e-06)
(0 0 1.40473e-06)
(0 0 1.4266e-06)
(0 0 1.44354e-06)
(0 0 1.45399e-06)
(0 0 1.45721e-06)
(0 0 1.45344e-06)
(0 0 1.44392e-06)
(0 0 1.43064e-06)
(0 0 1.41597e-06)
(0 0 1.40224e-06)
(0 0 1.39131e-06)
(0 0 1.38434e-06)
(0 0 1.38174e-06)
(0 0 1.3832e-06)
(0 0 1.38792e-06)
(0 0 1.38576e-06)
)
;

boundaryField
{
    inlet
    {
        type            fixedValue;
        value           uniform (0 0 3.31807e-06);
    }
    outlet
    {
        type            zeroGradient;
    }
    emptyWalls
    {
        type            empty;
    }
}


// ************************************************************************* //
