/*--------------------------------*- C++ -*----------------------------------*\
  =========                 |
  \\      /  F ield         | OpenFOAM: The Open Source CFD Toolbox
   \\    /   O peration     | Website:  https://openfoam.org
    \\  /    A nd           | Version:  9
     \\/     M anipulation  |
\*---------------------------------------------------------------------------*/
FoamFile
{
    format      ascii;
    class       volVectorField;
    location    "11.4";
    object      Ub;
}
// * * * * * * * * * * * * * * * * * * * * * * * * * * * * * * * * * * * * * //

dimensions      [0 0 0 0 0 0 0];

internalField   nonuniform List<vector> 
1000
(
(0.290579 0 0)
(0.290578 0 0)
(0.290576 0 0)
(0.290575 0 0)
(0.290573 0 0)
(0.290571 0 0)
(0.290568 0 0)
(0.290565 0 0)
(0.290562 0 0)
(0.290558 0 0)
(0.290554 0 0)
(0.29055 0 0)
(0.290545 0 0)
(0.290541 0 0)
(0.290536 0 0)
(0.29053 0 0)
(0.290525 0 0)
(0.290519 0 0)
(0.290512 0 0)
(0.290506 0 0)
(0.290499 0 0)
(0.290492 0 0)
(0.290485 0 0)
(0.290477 0 0)
(0.290469 0 0)
(0.290461 0 0)
(0.290453 0 0)
(0.290444 0 0)
(0.290436 0 0)
(0.290427 0 0)
(0.290417 0 0)
(0.290408 0 0)
(0.290398 0 0)
(0.290388 0 0)
(0.290378 0 0)
(0.290367 0 0)
(0.290356 0 0)
(0.290345 0 0)
(0.290334 0 0)
(0.290323 0 0)
(0.290311 0 0)
(0.2903 0 0)
(0.290287 0 0)
(0.290275 0 0)
(0.290263 0 0)
(0.29025 0 0)
(0.290237 0 0)
(0.290224 0 0)
(0.290211 0 0)
(0.290197 0 0)
(0.290184 0 0)
(0.29017 0 0)
(0.290156 0 0)
(0.290141 0 0)
(0.290127 0 0)
(0.290112 0 0)
(0.290097 0 0)
(0.290082 0 0)
(0.290067 0 0)
(0.290052 0 0)
(0.290036 0 0)
(0.29002 0 0)
(0.290004 0 0)
(0.289988 0 0)
(0.289972 0 0)
(0.289955 0 0)
(0.289939 0 0)
(0.289922 0 0)
(0.289905 0 0)
(0.289888 0 0)
(0.28987 0 0)
(0.289853 0 0)
(0.289835 0 0)
(0.289817 0 0)
(0.289799 0 0)
(0.289781 0 0)
(0.289763 0 0)
(0.289744 0 0)
(0.289726 0 0)
(0.289707 0 0)
(0.289688 0 0)
(0.289669 0 0)
(0.289649 0 0)
(0.28963 0 0)
(0.28961 0 0)
(0.289591 0 0)
(0.289571 0 0)
(0.289551 0 0)
(0.289531 0 0)
(0.28951 0 0)
(0.28949 0 0)
(0.289469 0 0)
(0.289448 0 0)
(0.289427 0 0)
(0.289406 0 0)
(0.289385 0 0)
(0.289364 0 0)
(0.289342 0 0)
(0.289321 0 0)
(0.289299 0 0)
(0.289277 0 0)
(0.289255 0 0)
(0.289233 0 0)
(0.289211 0 0)
(0.289188 0 0)
(0.289166 0 0)
(0.289143 0 0)
(0.28912 0 0)
(0.289097 0 0)
(0.289074 0 0)
(0.289051 0 0)
(0.289028 0 0)
(0.289004 0 0)
(0.288981 0 0)
(0.288957 0 0)
(0.288933 0 0)
(0.288909 0 0)
(0.288885 0 0)
(0.288861 0 0)
(0.288837 0 0)
(0.288812 0 0)
(0.288788 0 0)
(0.288763 0 0)
(0.288738 0 0)
(0.288713 0 0)
(0.288688 0 0)
(0.288663 0 0)
(0.288638 0 0)
(0.288613 0 0)
(0.288587 0 0)
(0.288561 0 0)
(0.288536 0 0)
(0.28851 0 0)
(0.288484 0 0)
(0.288458 0 0)
(0.288432 0 0)
(0.288406 0 0)
(0.288379 0 0)
(0.288353 0 0)
(0.288326 0 0)
(0.2883 0 0)
(0.288273 0 0)
(0.288246 0 0)
(0.288219 0 0)
(0.288192 0 0)
(0.288165 0 0)
(0.288137 0 0)
(0.28811 0 0)
(0.288082 0 0)
(0.288055 0 0)
(0.288027 0 0)
(0.287999 0 0)
(0.287971 0 0)
(0.287943 0 0)
(0.287915 0 0)
(0.287887 0 0)
(0.287859 0 0)
(0.28783 0 0)
(0.287802 0 0)
(0.287773 0 0)
(0.287744 0 0)
(0.287716 0 0)
(0.287687 0 0)
(0.287658 0 0)
(0.287629 0 0)
(0.2876 0 0)
(0.28757 0 0)
(0.287541 0 0)
(0.287512 0 0)
(0.287482 0 0)
(0.287452 0 0)
(0.287423 0 0)
(0.287393 0 0)
(0.287363 0 0)
(0.287333 0 0)
(0.287303 0 0)
(0.287273 0 0)
(0.287242 0 0)
(0.287212 0 0)
(0.287182 0 0)
(0.287151 0 0)
(0.287121 0 0)
(0.28709 0 0)
(0.287059 0 0)
(0.287028 0 0)
(0.286997 0 0)
(0.286966 0 0)
(0.286935 0 0)
(0.286904 0 0)
(0.286873 0 0)
(0.286841 0 0)
(0.28681 0 0)
(0.286778 0 0)
(0.286747 0 0)
(0.286715 0 0)
(0.286683 0 0)
(0.286652 0 0)
(0.28662 0 0)
(0.286588 0 0)
(0.286555 0 0)
(0.286523 0 0)
(0.286491 0 0)
(0.286459 0 0)
(0.286426 0 0)
(0.286394 0 0)
(0.286361 0 0)
(0.286329 0 0)
(0.286296 0 0)
(0.286263 0 0)
(0.28623 0 0)
(0.286197 0 0)
(0.286164 0 0)
(0.286131 0 0)
(0.286098 0 0)
(0.286065 0 0)
(0.286031 0 0)
(0.285998 0 0)
(0.285965 0 0)
(0.285931 0 0)
(0.285897 0 0)
(0.285864 0 0)
(0.28583 0 0)
(0.285796 0 0)
(0.285762 0 0)
(0.285728 0 0)
(0.285694 0 0)
(0.28566 0 0)
(0.285626 0 0)
(0.285592 0 0)
(0.285557 0 0)
(0.285523 0 0)
(0.285488 0 0)
(0.285454 0 0)
(0.285419 0 0)
(0.285385 0 0)
(0.28535 0 0)
(0.285315 0 0)
(0.28528 0 0)
(0.285245 0 0)
(0.28521 0 0)
(0.285175 0 0)
(0.28514 0 0)
(0.285105 0 0)
(0.285069 0 0)
(0.285034 0 0)
(0.284998 0 0)
(0.284963 0 0)
(0.284927 0 0)
(0.284892 0 0)
(0.284856 0 0)
(0.28482 0 0)
(0.284785 0 0)
(0.284749 0 0)
(0.284713 0 0)
(0.284677 0 0)
(0.284641 0 0)
(0.284604 0 0)
(0.284568 0 0)
(0.284532 0 0)
(0.284496 0 0)
(0.284459 0 0)
(0.284423 0 0)
(0.284386 0 0)
(0.28435 0 0)
(0.284313 0 0)
(0.284276 0 0)
(0.284239 0 0)
(0.284203 0 0)
(0.284166 0 0)
(0.284129 0 0)
(0.284092 0 0)
(0.284055 0 0)
(0.284017 0 0)
(0.28398 0 0)
(0.283943 0 0)
(0.283906 0 0)
(0.283868 0 0)
(0.283831 0 0)
(0.283793 0 0)
(0.283756 0 0)
(0.283718 0 0)
(0.28368 0 0)
(0.283643 0 0)
(0.283605 0 0)
(0.283567 0 0)
(0.283529 0 0)
(0.283491 0 0)
(0.283453 0 0)
(0.283415 0 0)
(0.283377 0 0)
(0.283338 0 0)
(0.2833 0 0)
(0.283262 0 0)
(0.283224 0 0)
(0.283185 0 0)
(0.283147 0 0)
(0.283108 0 0)
(0.283069 0 0)
(0.283031 0 0)
(0.282992 0 0)
(0.282953 0 0)
(0.282914 0 0)
(0.282875 0 0)
(0.282837 0 0)
(0.282798 0 0)
(0.282758 0 0)
(0.282719 0 0)
(0.28268 0 0)
(0.282641 0 0)
(0.282602 0 0)
(0.282562 0 0)
(0.282523 0 0)
(0.282483 0 0)
(0.282444 0 0)
(0.282404 0 0)
(0.282365 0 0)
(0.282325 0 0)
(0.282285 0 0)
(0.282246 0 0)
(0.282206 0 0)
(0.282166 0 0)
(0.282126 0 0)
(0.282086 0 0)
(0.282046 0 0)
(0.282006 0 0)
(0.281966 0 0)
(0.281926 0 0)
(0.281885 0 0)
(0.281845 0 0)
(0.281805 0 0)
(0.281764 0 0)
(0.281724 0 0)
(0.281683 0 0)
(0.281643 0 0)
(0.281602 0 0)
(0.281562 0 0)
(0.281521 0 0)
(0.28148 0 0)
(0.281439 0 0)
(0.281398 0 0)
(0.281358 0 0)
(0.281317 0 0)
(0.281276 0 0)
(0.281234 0 0)
(0.281193 0 0)
(0.281152 0 0)
(0.281111 0 0)
(0.28107 0 0)
(0.281028 0 0)
(0.280987 0 0)
(0.280946 0 0)
(0.280904 0 0)
(0.280863 0 0)
(0.280821 0 0)
(0.28078 0 0)
(0.280738 0 0)
(0.280696 0 0)
(0.280654 0 0)
(0.280613 0 0)
(0.280571 0 0)
(0.280529 0 0)
(0.280487 0 0)
(0.280445 0 0)
(0.280403 0 0)
(0.280361 0 0)
(0.280319 0 0)
(0.280276 0 0)
(0.280234 0 0)
(0.280192 0 0)
(0.28015 0 0)
(0.280107 0 0)
(0.280065 0 0)
(0.280022 0 0)
(0.27998 0 0)
(0.279937 0 0)
(0.279895 0 0)
(0.279852 0 0)
(0.279809 0 0)
(0.279767 0 0)
(0.279724 0 0)
(0.279681 0 0)
(0.279638 0 0)
(0.279595 0 0)
(0.279552 0 0)
(0.279509 0 0)
(0.279466 0 0)
(0.279423 0 0)
(0.27938 0 0)
(0.279336 0 0)
(0.279293 0 0)
(0.27925 0 0)
(0.279206 0 0)
(0.279163 0 0)
(0.27912 0 0)
(0.279076 0 0)
(0.279033 0 0)
(0.278989 0 0)
(0.278945 0 0)
(0.278902 0 0)
(0.278858 0 0)
(0.278814 0 0)
(0.27877 0 0)
(0.278727 0 0)
(0.278683 0 0)
(0.278639 0 0)
(0.278595 0 0)
(0.278551 0 0)
(0.278507 0 0)
(0.278463 0 0)
(0.278418 0 0)
(0.278374 0 0)
(0.27833 0 0)
(0.278286 0 0)
(0.278241 0 0)
(0.278197 0 0)
(0.278153 0 0)
(0.278108 0 0)
(0.278064 0 0)
(0.278019 0 0)
(0.277974 0 0)
(0.27793 0 0)
(0.277885 0 0)
(0.27784 0 0)
(0.277796 0 0)
(0.277751 0 0)
(0.277706 0 0)
(0.277661 0 0)
(0.277616 0 0)
(0.277571 0 0)
(0.277526 0 0)
(0.277481 0 0)
(0.277436 0 0)
(0.277391 0 0)
(0.277346 0 0)
(0.2773 0 0)
(0.277255 0 0)
(0.27721 0 0)
(0.277164 0 0)
(0.277119 0 0)
(0.277073 0 0)
(0.277028 0 0)
(0.276982 0 0)
(0.276937 0 0)
(0.276891 0 0)
(0.276846 0 0)
(0.2768 0 0)
(0.276754 0 0)
(0.276708 0 0)
(0.276662 0 0)
(0.276617 0 0)
(0.276571 0 0)
(0.276525 0 0)
(0.276479 0 0)
(0.276433 0 0)
(0.276387 0 0)
(0.27634 0 0)
(0.276294 0 0)
(0.276248 0 0)
(0.276202 0 0)
(0.276156 0 0)
(0.276109 0 0)
(0.276063 0 0)
(0.276016 0 0)
(0.27597 0 0)
(0.275924 0 0)
(0.275877 0 0)
(0.27583 0 0)
(0.275784 0 0)
(0.275737 0 0)
(0.27569 0 0)
(0.275644 0 0)
(0.275597 0 0)
(0.27555 0 0)
(0.275503 0 0)
(0.275456 0 0)
(0.275409 0 0)
(0.275362 0 0)
(0.275315 0 0)
(0.275268 0 0)
(0.275221 0 0)
(0.275174 0 0)
(0.275127 0 0)
(0.27508 0 0)
(0.275032 0 0)
(0.274985 0 0)
(0.274938 0 0)
(0.27489 0 0)
(0.274843 0 0)
(0.274796 0 0)
(0.274748 0 0)
(0.274701 0 0)
(0.274653 0 0)
(0.274605 0 0)
(0.274558 0 0)
(0.27451 0 0)
(0.274462 0 0)
(0.274414 0 0)
(0.274367 0 0)
(0.274319 0 0)
(0.274271 0 0)
(0.274223 0 0)
(0.274175 0 0)
(0.274127 0 0)
(0.274079 0 0)
(0.274031 0 0)
(0.273983 0 0)
(0.273935 0 0)
(0.273886 0 0)
(0.273838 0 0)
(0.27379 0 0)
(0.273741 0 0)
(0.273693 0 0)
(0.273645 0 0)
(0.273596 0 0)
(0.273548 0 0)
(0.273499 0 0)
(0.273451 0 0)
(0.273402 0 0)
(0.273353 0 0)
(0.273305 0 0)
(0.273256 0 0)
(0.273207 0 0)
(0.273158 0 0)
(0.27311 0 0)
(0.273061 0 0)
(0.273012 0 0)
(0.272963 0 0)
(0.272914 0 0)
(0.272865 0 0)
(0.272816 0 0)
(0.272767 0 0)
(0.272718 0 0)
(0.272668 0 0)
(0.272619 0 0)
(0.27257 0 0)
(0.272521 0 0)
(0.272471 0 0)
(0.272422 0 0)
(0.272373 0 0)
(0.272323 0 0)
(0.272274 0 0)
(0.272224 0 0)
(0.272174 0 0)
(0.272125 0 0)
(0.272075 0 0)
(0.272026 0 0)
(0.271976 0 0)
(0.271926 0 0)
(0.271876 0 0)
(0.271826 0 0)
(0.271777 0 0)
(0.271727 0 0)
(0.271677 0 0)
(0.271627 0 0)
(0.271577 0 0)
(0.271527 0 0)
(0.271477 0 0)
(0.271426 0 0)
(0.271376 0 0)
(0.271326 0 0)
(0.271276 0 0)
(0.271225 0 0)
(0.271175 0 0)
(0.271125 0 0)
(0.271074 0 0)
(0.271024 0 0)
(0.270973 0 0)
(0.270923 0 0)
(0.270872 0 0)
(0.270822 0 0)
(0.270771 0 0)
(0.270721 0 0)
(0.27067 0 0)
(0.270619 0 0)
(0.270568 0 0)
(0.270517 0 0)
(0.270467 0 0)
(0.270416 0 0)
(0.270365 0 0)
(0.270314 0 0)
(0.270263 0 0)
(0.270212 0 0)
(0.270161 0 0)
(0.27011 0 0)
(0.270058 0 0)
(0.270007 0 0)
(0.269956 0 0)
(0.269905 0 0)
(0.269853 0 0)
(0.269802 0 0)
(0.269751 0 0)
(0.269699 0 0)
(0.269648 0 0)
(0.269596 0 0)
(0.269545 0 0)
(0.269493 0 0)
(0.269441 0 0)
(0.26939 0 0)
(0.269338 0 0)
(0.269286 0 0)
(0.269235 0 0)
(0.269183 0 0)
(0.269131 0 0)
(0.269079 0 0)
(0.269027 0 0)
(0.268975 0 0)
(0.268923 0 0)
(0.268871 0 0)
(0.268819 0 0)
(0.268767 0 0)
(0.268715 0 0)
(0.268663 0 0)
(0.26861 0 0)
(0.268558 0 0)
(0.268506 0 0)
(0.268454 0 0)
(0.268401 0 0)
(0.268349 0 0)
(0.268296 0 0)
(0.268244 0 0)
(0.268191 0 0)
(0.268139 0 0)
(0.268086 0 0)
(0.268034 0 0)
(0.267981 0 0)
(0.267928 0 0)
(0.267875 0 0)
(0.267823 0 0)
(0.26777 0 0)
(0.267717 0 0)
(0.267664 0 0)
(0.267611 0 0)
(0.267558 0 0)
(0.267505 0 0)
(0.267452 0 0)
(0.267399 0 0)
(0.267346 0 0)
(0.267293 0 0)
(0.267239 0 0)
(0.267186 0 0)
(0.267133 0 0)
(0.26708 0 0)
(0.267026 0 0)
(0.266973 0 0)
(0.266919 0 0)
(0.266866 0 0)
(0.266812 0 0)
(0.266759 0 0)
(0.266705 0 0)
(0.266652 0 0)
(0.266598 0 0)
(0.266544 0 0)
(0.26649 0 0)
(0.266437 0 0)
(0.266383 0 0)
(0.266329 0 0)
(0.266275 0 0)
(0.266221 0 0)
(0.266167 0 0)
(0.266113 0 0)
(0.266059 0 0)
(0.266005 0 0)
(0.265951 0 0)
(0.265897 0 0)
(0.265842 0 0)
(0.265788 0 0)
(0.265734 0 0)
(0.26568 0 0)
(0.265625 0 0)
(0.265571 0 0)
(0.265516 0 0)
(0.265462 0 0)
(0.265407 0 0)
(0.265353 0 0)
(0.265298 0 0)
(0.265243 0 0)
(0.265189 0 0)
(0.265134 0 0)
(0.265079 0 0)
(0.265024 0 0)
(0.26497 0 0)
(0.264915 0 0)
(0.26486 0 0)
(0.264805 0 0)
(0.26475 0 0)
(0.264695 0 0)
(0.26464 0 0)
(0.264584 0 0)
(0.264529 0 0)
(0.264474 0 0)
(0.264419 0 0)
(0.264363 0 0)
(0.264308 0 0)
(0.264253 0 0)
(0.264197 0 0)
(0.264142 0 0)
(0.264086 0 0)
(0.264031 0 0)
(0.263975 0 0)
(0.26392 0 0)
(0.263864 0 0)
(0.263808 0 0)
(0.263752 0 0)
(0.263697 0 0)
(0.263641 0 0)
(0.263585 0 0)
(0.263529 0 0)
(0.263473 0 0)
(0.263417 0 0)
(0.263361 0 0)
(0.263305 0 0)
(0.263249 0 0)
(0.263193 0 0)
(0.263136 0 0)
(0.26308 0 0)
(0.263024 0 0)
(0.262967 0 0)
(0.262911 0 0)
(0.262855 0 0)
(0.262798 0 0)
(0.262742 0 0)
(0.262685 0 0)
(0.262628 0 0)
(0.262572 0 0)
(0.262515 0 0)
(0.262458 0 0)
(0.262401 0 0)
(0.262345 0 0)
(0.262288 0 0)
(0.262231 0 0)
(0.262174 0 0)
(0.262117 0 0)
(0.26206 0 0)
(0.262002 0 0)
(0.261945 0 0)
(0.261888 0 0)
(0.261831 0 0)
(0.261773 0 0)
(0.261716 0 0)
(0.261659 0 0)
(0.261601 0 0)
(0.261544 0 0)
(0.261486 0 0)
(0.261428 0 0)
(0.261371 0 0)
(0.261313 0 0)
(0.261255 0 0)
(0.261198 0 0)
(0.26114 0 0)
(0.261082 0 0)
(0.261024 0 0)
(0.260966 0 0)
(0.260908 0 0)
(0.26085 0 0)
(0.260791 0 0)
(0.260733 0 0)
(0.260675 0 0)
(0.260616 0 0)
(0.260558 0 0)
(0.2605 0 0)
(0.260441 0 0)
(0.260383 0 0)
(0.260324 0 0)
(0.260265 0 0)
(0.260206 0 0)
(0.260148 0 0)
(0.260089 0 0)
(0.26003 0 0)
(0.259971 0 0)
(0.259912 0 0)
(0.259853 0 0)
(0.259794 0 0)
(0.259734 0 0)
(0.259675 0 0)
(0.259616 0 0)
(0.259556 0 0)
(0.259497 0 0)
(0.259437 0 0)
(0.259378 0 0)
(0.259318 0 0)
(0.259258 0 0)
(0.259198 0 0)
(0.259138 0 0)
(0.259079 0 0)
(0.259018 0 0)
(0.258958 0 0)
(0.258898 0 0)
(0.258838 0 0)
(0.258778 0 0)
(0.258717 0 0)
(0.258657 0 0)
(0.258596 0 0)
(0.258535 0 0)
(0.258475 0 0)
(0.258414 0 0)
(0.258353 0 0)
(0.258292 0 0)
(0.258231 0 0)
(0.25817 0 0)
(0.258108 0 0)
(0.258047 0 0)
(0.257985 0 0)
(0.257924 0 0)
(0.257862 0 0)
(0.2578 0 0)
(0.257738 0 0)
(0.257676 0 0)
(0.257614 0 0)
(0.257552 0 0)
(0.25749 0 0)
(0.257427 0 0)
(0.257365 0 0)
(0.257302 0 0)
(0.257239 0 0)
(0.257176 0 0)
(0.257113 0 0)
(0.25705 0 0)
(0.256987 0 0)
(0.256923 0 0)
(0.256859 0 0)
(0.256795 0 0)
(0.256732 0 0)
(0.256667 0 0)
(0.256603 0 0)
(0.256539 0 0)
(0.256474 0 0)
(0.256409 0 0)
(0.256344 0 0)
(0.256279 0 0)
(0.256213 0 0)
(0.256148 0 0)
(0.256082 0 0)
(0.256016 0 0)
(0.255949 0 0)
(0.255883 0 0)
(0.255816 0 0)
(0.255749 0 0)
(0.255681 0 0)
(0.255614 0 0)
(0.255546 0 0)
(0.255477 0 0)
(0.255409 0 0)
(0.25534 0 0)
(0.25527 0 0)
(0.255201 0 0)
(0.25513 0 0)
(0.25506 0 0)
(0.254989 0 0)
(0.254917 0 0)
(0.254846 0 0)
(0.254773 0 0)
(0.2547 0 0)
(0.254627 0 0)
(0.254553 0 0)
(0.254478 0 0)
(0.254403 0 0)
(0.254326 0 0)
(0.25425 0 0)
(0.254172 0 0)
(0.254094 0 0)
(0.254014 0 0)
(0.253934 0 0)
(0.253853 0 0)
(0.25377 0 0)
(0.253686 0 0)
(0.253602 0 0)
(0.253515 0 0)
(0.253428 0 0)
(0.253339 0 0)
(0.253248 0 0)
(0.253155 0 0)
(0.25306 0 0)
(0.252963 0 0)
(0.252864 0 0)
(0.252762 0 0)
(0.252657 0 0)
(0.25255 0 0)
(0.252438 0 0)
(0.252323 0 0)
(0.252204 0 0)
(0.252081 0 0)
(0.251952 0 0)
(0.251817 0 0)
(0.251676 0 0)
(0.251527 0 0)
(0.25137 0 0)
(0.251204 0 0)
(0.251026 0 0)
(0.250836 0 0)
(0.250631 0 0)
(0.250409 0 0)
(0.250166 0 0)
(0.249899 0 0)
(0.249603 0 0)
(0.249271 0 0)
(0.248894 0 0)
(0.248461 0 0)
(0.247956 0 0)
(0.247357 0 0)
(0.24663 0 0)
(0.245727 0 0)
(0.244568 0 0)
(0.243016 0 0)
(0.240823 0 0)
(0.237466 0 0)
(0.231652 0 0)
(0.219059 0 0)
(0.181254 0 0)
(0.148092 0 0)
(0.15138 0 0)
(0.166927 0 0)
(0.178117 0 0)
(0.179067 0 0)
(0.171636 0 0)
(0.161028 0 0)
(0.15221 0 0)
(0.147435 0 0)
(0.146341 0 0)
(0.147612 0 0)
(0.150092 0 0)
(0.153009 0 0)
(0.155849 0 0)
(0.158237 0 0)
(0.159887 0 0)
(0.160621 0 0)
(0.160419 0 0)
(0.159451 0 0)
(0.158045 0 0)
(0.156596 0 0)
(0.155436 0 0)
(0.154761 0 0)
(0.154604 0 0)
(0.154879 0 0)
(0.155432 0 0)
(0.156092 0 0)
(0.156708 0 0)
(0.157168 0 0)
(0.157413 0 0)
(0.157437 0 0)
(0.157277 0 0)
(0.157002 0 0)
(0.156692 0 0)
(0.156418 0 0)
(0.156228 0 0)
(0.156144 0 0)
(0.156159 0 0)
(0.15625 0 0)
(0.156381 0 0)
(0.156517 0 0)
(0.156629 0 0)
(0.156699 0 0)
(0.156721 0 0)
(0.156699 0 0)
(0.156646 0 0)
(0.156579 0 0)
(0.156512 0 0)
(0.156459 0 0)
(0.156426 0 0)
(0.156416 0 0)
(0.156423 0 0)
(0.156443 0 0)
(0.156467 0 0)
(0.156488 0 0)
(0.156503 0 0)
(0.156508 0 0)
(0.156505 0 0)
(0.156495 0 0)
(0.156482 0 0)
(0.156469 0 0)
(0.156459 0 0)
(0.156455 0 0)
(0.156456 0 0)
(0.156462 0 0)
(0.156471 0 0)
(0.156482 0 0)
(0.156494 0 0)
(0.156503 0 0)
(0.156511 0 0)
(0.156515 0 0)
(0.156518 0 0)
(0.156518 0 0)
(0.156517 0 0)
(0.156516 0 0)
(0.156515 0 0)
(0.156515 0 0)
(0.156516 0 0)
(0.156517 0 0)
(0.156518 0 0)
(0.15652 0 0)
(0.156521 0 0)
(0.156522 0 0)
(0.156522 0 0)
(0.156522 0 0)
(0.156521 0 0)
(0.15652 0 0)
(0.156519 0 0)
(0.156518 0 0)
(0.156517 0 0)
(0.156517 0 0)
(0.156516 0 0)
)
;

boundaryField
{
    inlet
    {
        type            fractionalVelocity;
        U               1((1 0 0));
        fractionalFlow  Fb;
        value           uniform (0.290579 0 0);
    }
    outlet
    {
        type            zeroGradient;
    }
    emptyWalls
    {
        type            empty;
    }
}


// ************************************************************************* //
