/*--------------------------------*- C++ -*----------------------------------*\
  =========                 |
  \\      /  F ield         | OpenFOAM: The Open Source CFD Toolbox
   \\    /   O peration     | Website:  https://openfoam.org
    \\  /    A nd           | Version:  9
     \\/     M anipulation  |
\*---------------------------------------------------------------------------*/
FoamFile
{
    format      ascii;
    class       volScalarField;
    location    "27000";
    object      Sb;
}
// * * * * * * * * * * * * * * * * * * * * * * * * * * * * * * * * * * * * * //

dimensions      [0 0 0 0 0 0 0];

internalField   nonuniform List<scalar> 
1000
(
0.312346
0.312153
0.311974
0.311798
0.311622
0.311448
0.311275
0.311104
0.310933
0.310764
0.310596
0.31043
0.310265
0.310101
0.309938
0.309777
0.309617
0.309458
0.309301
0.309145
0.30899
0.308836
0.308683
0.308532
0.308382
0.308233
0.308085
0.307939
0.307794
0.30765
0.307507
0.307365
0.307224
0.307085
0.306947
0.30681
0.306674
0.306539
0.306405
0.306272
0.306141
0.306011
0.305881
0.305753
0.305626
0.3055
0.305375
0.30525
0.305127
0.305005
0.304884
0.304763
0.304644
0.304525
0.304407
0.304289
0.304172
0.304054
0.303937
0.303818
0.303698
0.303575
0.303445
0.303302
0.303128
0.30288
0.30241
0.30015
0.374363
0.666302
0.673617
0.673616
0.673625
0.673626
0.673626
0.673626
0.673626
0.673627
0.673627
0.673627
0.673628
0.673628
0.673628
0.673629
0.673629
0.67363
0.67363
0.67363
0.673631
0.673631
0.673632
0.673632
0.673632
0.673633
0.673633
0.673634
0.673634
0.673635
0.673636
0.673636
0.673637
0.673637
0.673638
0.673638
0.673639
0.67364
0.67364
0.673641
0.673642
0.673642
0.673643
0.673644
0.673645
0.673646
0.673647
0.673648
0.673648
0.673649
0.67365
0.67365
0.673651
0.673653
0.673654
0.673655
0.673657
0.673661
0.673688
0.673925
0.676018
0.691129
0.738645
0.771394
0.774952
0.775
0.775
0.775
0.775
0.775
0.775
0.775
0.775
0.775
0.775
0.775
0.775
0.775
0.775
0.775
0.775
0.775
0.775
0.775
0.775
0.775
0.775
0.775
0.775
0.775
0.775
0.775
0.775
0.775
0.775
0.775
0.775
0.775
0.775
0.775
0.775
0.775
0.775
0.775
0.775
0.775
0.775
0.775
0.775
0.775
0.775
0.775
0.775
0.775
0.775
0.775
0.775
0.775
0.775
0.775
0.775
0.775
0.775
0.775
0.775
0.775
0.775
0.775
0.775
0.775
0.775
0.775
0.775
0.775
0.775
0.775
0.775
0.775
0.775
0.775
0.775
0.775
0.775
0.775
0.775
0.775
0.775
0.775
0.775
0.775
0.775
0.775
0.775
0.775
0.775
0.775
0.775
0.775
0.775
0.775
0.775
0.775
0.775
0.775
0.775
0.775
0.775
0.775
0.775
0.775
0.775
0.775
0.775
0.775
0.775
0.775
0.775
0.775
0.775
0.775
0.775
0.775
0.775
0.775
0.775
0.775
0.775
0.775
0.775
0.775
0.775
0.775
0.775
0.775
0.775
0.775
0.775
0.775
0.775
0.775
0.775
0.775
0.775
0.775
0.775
0.775
0.775
0.775
0.775
0.775
0.775
0.775
0.775
0.775
0.775
0.775
0.775
0.775
0.775
0.775
0.775
0.775
0.775
0.775
0.775
0.775
0.775
0.775
0.775
0.775
0.775
0.775
0.775
0.775
0.775
0.775
0.775
0.775
0.775
0.775
0.775
0.775
0.775
0.775
0.775
0.775
0.775
0.775
0.775
0.775
0.775
0.775
0.775
0.775
0.775
0.775
0.775
0.775
0.775
0.775
0.775
0.775
0.775
0.775
0.775
0.775
0.775
0.775
0.775
0.775
0.775
0.775
0.775
0.775
0.775
0.775
0.775
0.775
0.775
0.775
0.775
0.775
0.775
0.775
0.775
0.775
0.775
0.775
0.775
0.775
0.775
0.775
0.775
0.775
0.775
0.775
0.775
0.775
0.775
0.775
0.775
0.775
0.775
0.775
0.775
0.775
0.775
0.775
0.775
0.775
0.775
0.775
0.775
0.775
0.775
0.775
0.775
0.775
0.775
0.775
0.775
0.775
0.775
0.775
0.775
0.775
0.775
0.775
0.775
0.775
0.775
0.775
0.775
0.775
0.775
0.775
0.775
0.775
0.775
0.775
0.775
0.775
0.775
0.775
0.775
0.775
0.775
0.775
0.775
0.775
0.775
0.775
0.775
0.775
0.775
0.775
0.775
0.775
0.775
0.775
0.775
0.775
0.775
0.775
0.775
0.775
0.775
0.775
0.775
0.775
0.775
0.775
0.775
0.775
0.775
0.775
0.775
0.775
0.775
0.775
0.775
0.775
0.775
0.775
0.775
0.775
0.775
0.775
0.775
0.775
0.775
0.775
0.775
0.775
0.775
0.775
0.775
0.775
0.775
0.775
0.775
0.775
0.775
0.775
0.775
0.775
0.775
0.775
0.775
0.775
0.775
0.775
0.775
0.775
0.775
0.775
0.775
0.775
0.775
0.775
0.775
0.775
0.775
0.775
0.775
0.775
0.775
0.775
0.775
0.775
0.775
0.775
0.775
0.775
0.775
0.775
0.775
0.775
0.775
0.775
0.775
0.775
0.775
0.775
0.775
0.775
0.775
0.775
0.775
0.775
0.775
0.775
0.775
0.775
0.775
0.775
0.775
0.775
0.775
0.775
0.775
0.775
0.775
0.775
0.775
0.775
0.775
0.775
0.775
0.775
0.775
0.775
0.775
0.775
0.775
0.775
0.775
0.775
0.775
0.775
0.775
0.775
0.775
0.775
0.775
0.775
0.775
0.775
0.775
0.775
0.775
0.775
0.775
0.775
0.775
0.775
0.775
0.775
0.775
0.775
0.775
0.775
0.775
0.775
0.775
0.775
0.775
0.775
0.775
0.775
0.775
0.775
0.775
0.775
0.775
0.775
0.775
0.775
0.775
0.775
0.775
0.775
0.775
0.775
0.775
0.775
0.775
0.775
0.775
0.775
0.775
0.775
0.775
0.775
0.775
0.775
0.775
0.775
0.775
0.775
0.775
0.775
0.775
0.775
0.775
0.775
0.775
0.775
0.775
0.775
0.775
0.775
0.775
0.775
0.775
0.775
0.775
0.775
0.775
0.775
0.775
0.775
0.775
0.775
0.775
0.775
0.775
0.775
0.775
0.775
0.775
0.775
0.775
0.775
0.775
0.775
0.775
0.775
0.775
0.775
0.775
0.775
0.775
0.775
0.775
0.775
0.775
0.775
0.775
0.775
0.775
0.775
0.775
0.775
0.775
0.775
0.775
0.775
0.775
0.775
0.775
0.775
0.775
0.775
0.775
0.775
0.775
0.775
0.775
0.775
0.775
0.775
0.775
0.775
0.775
0.775
0.775
0.775
0.775
0.775
0.775
0.775
0.775
0.775
0.775
0.775
0.775
0.775
0.775
0.775
0.775
0.775
0.775
0.775
0.775
0.775
0.775
0.775
0.775
0.775
0.775
0.775
0.775
0.775
0.775
0.775
0.775
0.775
0.775
0.775
0.775
0.775
0.775
0.775
0.775
0.775
0.775
0.775
0.775
0.775
0.775
0.775
0.775
0.775
0.775
0.775
0.775
0.775
0.775
0.775
0.775
0.775
0.775
0.775
0.775
0.775
0.775
0.775
0.775
0.775
0.775
0.775
0.775
0.775
0.775
0.775
0.775
0.775
0.775
0.775
0.775
0.775
0.775
0.775
0.775
0.775
0.775
0.775
0.775
0.775
0.775
0.775
0.775
0.775
0.775
0.775
0.775
0.775
0.775
0.775
0.775
0.775
0.775
0.775
0.775
0.775
0.775
0.775
0.775
0.775
0.775
0.775
0.775
0.775
0.775
0.775
0.775
0.775
0.775
0.775
0.775
0.775
0.775
0.775
0.775
0.775
0.775
0.775
0.775
0.775
0.775
0.775
0.775
0.775
0.775
0.775
0.775
0.775
0.775
0.775
0.775
0.775
0.775
0.775
0.775
0.775
0.775
0.775
0.775
0.775
0.775
0.775
0.775
0.775
0.775
0.775
0.775
0.775
0.775
0.775
0.775
0.775
0.775
0.775
0.775
0.775
0.775
0.775
0.775
0.775
0.775
0.775
0.775
0.775
0.775
0.775
0.775
0.775
0.775
0.775
0.775
0.775
0.775
0.775
0.775
0.775
0.775
0.775
0.775
0.775
0.775
0.775
0.775
0.775
0.775
0.775
0.775
0.775
0.775
0.775
0.775
0.775
0.775
0.775
0.775
0.775
0.775
0.775
0.775
0.775
0.775
0.775
0.775
0.775
0.775
0.775
0.775
0.775
0.775
0.775
0.775
0.775
0.775
0.775
0.775
0.775
0.775
0.775
0.775
0.775
0.775
0.775
0.775
0.775
0.775
0.775
0.775
0.775
0.775
0.775
0.775
0.775
0.775
0.775
0.775
0.775
0.775
0.775
0.775
0.775
0.775
0.775
0.775
0.775
0.775
0.775
0.775
0.775
0.775
0.775
0.775
0.775
0.775
0.775
0.775
0.775
0.775
0.775
0.775
0.775
0.775
0.775
0.775
0.775
0.775
0.775
0.775
0.775
0.775
0.775
0.775
0.775
0.775
0.775
0.775
0.775
0.775
0.775
0.775
0.775
0.775
0.775
0.775
0.775
0.775
0.775
0.775
0.775
0.775
0.775
0.775
0.775
0.775
0.775
0.775
0.775
0.775
0.775
0.775
0.775
0.775
0.775
0.775
0.775
0.775
0.775
0.775
0.775
0.775
0.775
0.775
0.775
)
;

boundaryField
{
    inlet
    {
        type            fixedValue;
        value           uniform 0.3125;
    }
    outlet
    {
        type            zeroGradient;
    }
    emptyWalls
    {
        type            empty;
    }
}


// ************************************************************************* //
