/*--------------------------------*- C++ -*----------------------------------*\
  =========                 |
  \\      /  F ield         | OpenFOAM: The Open Source CFD Toolbox
   \\    /   O peration     | Website:  https://openfoam.org
    \\  /    A nd           | Version:  9
     \\/     M anipulation  |
\*---------------------------------------------------------------------------*/
FoamFile
{
    format      ascii;
    class       volScalarField;
    location    "17.6";
    object      Sb;
}
// * * * * * * * * * * * * * * * * * * * * * * * * * * * * * * * * * * * * * //

dimensions      [0 0 0 0 0 0 0];

internalField   nonuniform List<scalar> 
1000
(
0.499447
0.499106
0.498791
0.498488
0.498191
0.497901
0.497614
0.49733
0.497049
0.49677
0.496494
0.49622
0.495947
0.495676
0.495407
0.495139
0.494873
0.494608
0.494344
0.494082
0.493821
0.493561
0.493302
0.493045
0.492788
0.492533
0.492279
0.492025
0.491773
0.491522
0.491272
0.491023
0.490775
0.490527
0.490281
0.490036
0.489792
0.489548
0.489306
0.489064
0.488823
0.488583
0.488344
0.488106
0.487869
0.487632
0.487396
0.487162
0.486928
0.486694
0.486462
0.48623
0.485999
0.485769
0.48554
0.485311
0.485084
0.484857
0.48463
0.484405
0.48418
0.483956
0.483733
0.48351
0.483288
0.483067
0.482846
0.482626
0.482407
0.482189
0.481971
0.481754
0.481537
0.481322
0.481107
0.480892
0.480678
0.480465
0.480253
0.480041
0.479829
0.479619
0.479409
0.479199
0.478991
0.478782
0.478575
0.478368
0.478162
0.477956
0.477751
0.477546
0.477342
0.477139
0.476936
0.476733
0.476532
0.476331
0.47613
0.47593
0.47573
0.475532
0.475333
0.475135
0.474938
0.474741
0.474545
0.474349
0.474154
0.47396
0.473765
0.473572
0.473379
0.473186
0.472994
0.472803
0.472612
0.472421
0.472231
0.472041
0.471852
0.471664
0.471476
0.471288
0.471101
0.470914
0.470728
0.470542
0.470357
0.470172
0.469988
0.469804
0.469621
0.469438
0.469255
0.469073
0.468892
0.468711
0.46853
0.46835
0.46817
0.46799
0.467811
0.467633
0.467455
0.467277
0.4671
0.466923
0.466747
0.466571
0.466395
0.46622
0.466045
0.465871
0.465697
0.465524
0.465351
0.465178
0.465006
0.464834
0.464662
0.464491
0.46432
0.46415
0.46398
0.46381
0.463641
0.463472
0.463304
0.463136
0.462968
0.462801
0.462634
0.462468
0.462301
0.462136
0.46197
0.461805
0.46164
0.461476
0.461312
0.461148
0.460985
0.460822
0.46066
0.460497
0.460335
0.460174
0.460013
0.459852
0.459691
0.459531
0.459371
0.459212
0.459053
0.458894
0.458735
0.458577
0.458419
0.458262
0.458104
0.457948
0.457791
0.457635
0.457479
0.457323
0.457168
0.457013
0.456858
0.456704
0.45655
0.456396
0.456243
0.45609
0.455937
0.455785
0.455632
0.455481
0.455329
0.455178
0.455027
0.454876
0.454726
0.454576
0.454426
0.454276
0.454127
0.453978
0.453829
0.453681
0.453533
0.453385
0.453238
0.45309
0.452944
0.452797
0.45265
0.452504
0.452358
0.452213
0.452068
0.451923
0.451778
0.451633
0.451489
0.451345
0.451202
0.451058
0.450915
0.450772
0.450629
0.450487
0.450345
0.450203
0.450062
0.44992
0.449779
0.449638
0.449498
0.449357
0.449217
0.449078
0.448938
0.448799
0.44866
0.448521
0.448382
0.448244
0.448106
0.447968
0.44783
0.447693
0.447556
0.447419
0.447282
0.447146
0.44701
0.446874
0.446738
0.446603
0.446467
0.446332
0.446198
0.446063
0.445929
0.445795
0.445661
0.445527
0.445394
0.445261
0.445128
0.444995
0.444862
0.44473
0.444598
0.444466
0.444335
0.444203
0.444072
0.443941
0.44381
0.44368
0.443549
0.443419
0.443289
0.44316
0.44303
0.442901
0.442772
0.442643
0.442514
0.442386
0.442257
0.442129
0.442002
0.441874
0.441746
0.441619
0.441492
0.441365
0.441239
0.441112
0.440986
0.44086
0.440734
0.440609
0.440483
0.440358
0.440233
0.440108
0.439983
0.439859
0.439735
0.439611
0.439487
0.439363
0.439239
0.439116
0.438993
0.43887
0.438747
0.438625
0.438502
0.43838
0.438258
0.438136
0.438015
0.437893
0.437772
0.437651
0.43753
0.437409
0.437288
0.437168
0.437048
0.436928
0.436808
0.436688
0.436569
0.436449
0.43633
0.436211
0.436092
0.435974
0.435855
0.435737
0.435619
0.435501
0.435383
0.435265
0.435148
0.435031
0.434913
0.434796
0.43468
0.434563
0.434447
0.43433
0.434214
0.434098
0.433982
0.433867
0.433751
0.433636
0.433521
0.433406
0.433291
0.433176
0.433062
0.432947
0.432833
0.432719
0.432605
0.432492
0.432378
0.432265
0.432151
0.432038
0.431925
0.431812
0.4317
0.431587
0.431475
0.431363
0.431251
0.431139
0.431027
0.430915
0.430804
0.430693
0.430582
0.430471
0.43036
0.430249
0.430138
0.430028
0.429918
0.429808
0.429698
0.429588
0.429478
0.429369
0.429259
0.42915
0.429041
0.428932
0.428823
0.428714
0.428606
0.428497
0.428389
0.428281
0.428173
0.428065
0.427957
0.42785
0.427742
0.427635
0.427528
0.427421
0.427314
0.427207
0.4271
0.426994
0.426887
0.426781
0.426675
0.426569
0.426463
0.426358
0.426252
0.426146
0.426041
0.425936
0.425831
0.425726
0.425621
0.425517
0.425412
0.425308
0.425203
0.425099
0.424995
0.424891
0.424787
0.424684
0.42458
0.424477
0.424373
0.42427
0.424167
0.424064
0.423962
0.423859
0.423756
0.423654
0.423552
0.423449
0.423347
0.423245
0.423144
0.423042
0.42294
0.422839
0.422738
0.422636
0.422535
0.422434
0.422333
0.422233
0.422132
0.422032
0.421931
0.421831
0.421731
0.421631
0.421531
0.421431
0.421331
0.421232
0.421132
0.421033
0.420933
0.420834
0.420735
0.420636
0.420538
0.420439
0.42034
0.420242
0.420144
0.420045
0.419947
0.419849
0.419751
0.419653
0.419556
0.419458
0.419361
0.419263
0.419166
0.419069
0.418972
0.418875
0.418778
0.418681
0.418585
0.418488
0.418392
0.418295
0.418199
0.418103
0.418007
0.417911
0.417815
0.41772
0.417624
0.417529
0.417433
0.417338
0.417243
0.417148
0.417053
0.416958
0.416863
0.416768
0.416674
0.416579
0.416485
0.416391
0.416297
0.416203
0.416109
0.416015
0.415921
0.415827
0.415734
0.41564
0.415547
0.415454
0.41536
0.415267
0.415174
0.415081
0.414989
0.414896
0.414803
0.414711
0.414618
0.414526
0.414434
0.414342
0.41425
0.414158
0.414066
0.413974
0.413882
0.413791
0.413699
0.413608
0.413517
0.413425
0.413334
0.413243
0.413152
0.413062
0.412971
0.41288
0.41279
0.412699
0.412609
0.412518
0.412428
0.412338
0.412248
0.412158
0.412068
0.411978
0.411889
0.411799
0.41171
0.41162
0.411531
0.411442
0.411353
0.411263
0.411174
0.411086
0.410997
0.410908
0.410819
0.410731
0.410642
0.410554
0.410466
0.410377
0.410289
0.410201
0.410113
0.410025
0.409938
0.40985
0.409762
0.409675
0.409587
0.4095
0.409413
0.409325
0.409238
0.409151
0.409064
0.408977
0.408891
0.408804
0.408717
0.408631
0.408544
0.408458
0.408371
0.408285
0.408199
0.408113
0.408027
0.407941
0.407855
0.407769
0.407684
0.407598
0.407512
0.407427
0.407342
0.407256
0.407171
0.407086
0.407001
0.406916
0.406831
0.406746
0.406661
0.406577
0.406492
0.406407
0.406323
0.406239
0.406154
0.40607
0.405986
0.405902
0.405818
0.405734
0.40565
0.405566
0.405482
0.405399
0.405315
0.405232
0.405148
0.405065
0.404982
0.404898
0.404815
0.404732
0.404649
0.404566
0.404483
0.404401
0.404318
0.404235
0.404153
0.40407
0.403988
0.403905
0.403823
0.403741
0.403659
0.403577
0.403495
0.403413
0.403331
0.403249
0.403167
0.403086
0.403004
0.402923
0.402841
0.40276
0.402679
0.402597
0.402516
0.402435
0.402354
0.402273
0.402192
0.402111
0.40203
0.40195
0.401869
0.401789
0.401708
0.401628
0.401547
0.401467
0.401387
0.401306
0.401226
0.401146
0.401066
0.400986
0.400907
0.400827
0.400747
0.400667
0.400588
0.400508
0.400429
0.400349
0.40027
0.400191
0.400112
0.400032
0.399953
0.399874
0.399795
0.399716
0.399638
0.399559
0.39948
0.399401
0.399323
0.399244
0.399166
0.399087
0.399009
0.398931
0.398853
0.398775
0.398696
0.398618
0.39854
0.398463
0.398385
0.398307
0.398229
0.398151
0.398074
0.397996
0.397919
0.397841
0.397764
0.397687
0.397609
0.397532
0.397455
0.397378
0.397301
0.397224
0.397147
0.39707
0.396994
0.396917
0.39684
0.396764
0.396687
0.396611
0.396534
0.396458
0.396381
0.396305
0.396229
0.396153
0.396077
0.396001
0.395925
0.395849
0.395773
0.395697
0.395621
0.395546
0.39547
0.395394
0.395319
0.395243
0.395168
0.395093
0.395017
0.394942
0.394867
0.394792
0.394716
0.394641
0.394566
0.394492
0.394417
0.394342
0.394267
0.394192
0.394118
0.394043
0.393969
0.393894
0.39382
0.393745
0.393671
0.393597
0.393522
0.393448
0.393374
0.3933
0.393226
0.393152
0.393078
0.393004
0.39293
0.392856
0.392783
0.392709
0.392635
0.392562
0.392488
0.392415
0.392342
0.392268
0.392195
0.392122
0.392048
0.391975
0.391902
0.391829
0.391756
0.391683
0.39161
0.391537
0.391465
0.391392
0.391319
0.391246
0.391174
0.391101
0.391029
0.390956
0.390884
0.390812
0.390739
0.390667
0.390595
0.390523
0.39045
0.390378
0.390306
0.390234
0.390162
0.390091
0.390019
0.389947
0.389875
0.389803
0.389732
0.38966
0.389589
0.389517
0.389446
0.389374
0.389303
0.389232
0.38916
0.389089
0.389018
0.388947
0.388876
0.388805
0.388734
0.388663
0.388592
0.388521
0.38845
0.388379
0.388309
0.388238
0.388167
0.388097
0.388026
0.387956
0.387885
0.387815
0.387745
0.387674
0.387604
0.387534
0.387464
0.387393
0.387323
0.387253
0.387183
0.387113
0.387043
0.386974
0.386904
0.386834
0.386764
0.386694
0.386625
0.386555
0.386486
0.386416
0.386347
0.386277
0.386208
0.386138
0.386069
0.386
0.385931
0.385861
0.385792
0.385723
0.385654
0.385585
0.385516
0.385447
0.385378
0.385309
0.38524
0.385172
0.385103
0.385034
0.384966
0.384897
0.384828
0.38476
0.384691
0.384623
0.384555
0.384486
0.384418
0.38435
0.384281
0.384213
0.384145
0.384077
0.384009
0.383941
0.383873
0.383805
0.383737
0.383669
0.383601
0.383533
0.383465
0.383398
0.38333
0.383262
0.383195
0.383127
0.38306
0.382992
0.382925
0.382857
0.38279
0.382723
0.382655
0.382588
0.382521
0.382454
0.382386
0.382319
0.382252
0.382185
0.382118
0.382051
0.381984
0.381917
0.38185
0.381784
0.381717
0.38165
0.381583
0.381517
0.38145
0.381383
0.381317
0.38125
)
;

boundaryField
{
    inlet
    {
        type            fixedValue;
        value           uniform 0.5;
    }
    outlet
    {
        type            zeroGradient;
    }
    emptyWalls
    {
        type            empty;
    }
}


// ************************************************************************* //
