/*--------------------------------*- C++ -*----------------------------------*\
  =========                 |
  \\      /  F ield         | OpenFOAM: The Open Source CFD Toolbox
   \\    /   O peration     | Website:  https://openfoam.org
    \\  /    A nd           | Version:  9
     \\/     M anipulation  |
\*---------------------------------------------------------------------------*/
FoamFile
{
    format      ascii;
    class       volScalarField;
    location    "7.6";
    object      kra;
}
// * * * * * * * * * * * * * * * * * * * * * * * * * * * * * * * * * * * * * //

dimensions      [0 0 0 0 0 0 0];

internalField   nonuniform List<scalar> 
1000
(
0.0147001
0.0146436
0.0145916
0.014542
0.014494
0.0144471
0.0144012
0.0143561
0.0143118
0.0142681
0.0142251
0.0141826
0.0141407
0.0140993
0.0140584
0.0140179
0.013978
0.0139384
0.0138993
0.0138606
0.0138224
0.0137845
0.013747
0.0137098
0.0136731
0.0136367
0.0136006
0.0135649
0.0135295
0.0134945
0.0134598
0.0134253
0.0133912
0.0133574
0.0133239
0.0132907
0.0132578
0.0132251
0.0131928
0.0131607
0.0131289
0.0130973
0.013066
0.0130349
0.0130041
0.0129736
0.0129433
0.0129132
0.0128834
0.0128538
0.0128244
0.0127953
0.0127664
0.0127377
0.0127092
0.0126809
0.0126528
0.012625
0.0125973
0.0125699
0.0125426
0.0125156
0.0124887
0.012462
0.0124355
0.0124092
0.0123831
0.0123572
0.0123314
0.0123058
0.0122804
0.0122552
0.0122301
0.0122052
0.0121805
0.0121559
0.0121315
0.0121073
0.0120832
0.0120592
0.0120355
0.0120118
0.0119883
0.011965
0.0119418
0.0119188
0.0118959
0.0118731
0.0118505
0.011828
0.0118057
0.0117835
0.0117614
0.0117395
0.0117177
0.011696
0.0116744
0.011653
0.0116317
0.0116106
0.0115895
0.0115686
0.0115478
0.0115271
0.0115065
0.011486
0.0114657
0.0114455
0.0114254
0.0114054
0.0113855
0.0113657
0.011346
0.0113264
0.011307
0.0112876
0.0112684
0.0112492
0.0112302
0.0112112
0.0111924
0.0111736
0.011155
0.0111364
0.011118
0.0110996
0.0110814
0.0110632
0.0110451
0.0110271
0.0110092
0.0109914
0.0109737
0.0109561
0.0109385
0.0109211
0.0109037
0.0108864
0.0108692
0.0108521
0.0108351
0.0108182
0.0108013
0.0107845
0.0107678
0.0107512
0.0107346
0.0107182
0.0107018
0.0106855
0.0106692
0.0106531
0.010637
0.010621
0.010605
0.0105892
0.0105734
0.0105577
0.010542
0.0105264
0.0105109
0.0104955
0.0104801
0.0104648
0.0104496
0.0104344
0.0104193
0.0104043
0.0103893
0.0103744
0.0103596
0.0103448
0.0103301
0.0103155
0.0103009
0.0102864
0.0102719
0.0102575
0.0102432
0.0102289
0.0102147
0.0102005
0.0101864
0.0101724
0.0101584
0.0101445
0.0101306
0.0101168
0.010103
0.0100893
0.0100757
0.0100621
0.0100486
0.0100351
0.0100217
0.0100083
0.00999497
0.00998171
0.00996849
0.00995533
0.00994222
0.00992916
0.00991616
0.0099032
0.00989029
0.00987744
0.00986463
0.00985187
0.00983916
0.0098265
0.00981389
0.00980132
0.0097888
0.00977633
0.00976391
0.00975153
0.0097392
0.00972691
0.00971467
0.00970248
0.00969033
0.00967822
0.00966616
0.00965415
0.00964217
0.00963025
0.00961836
0.00960652
0.00959472
0.00958296
0.00957124
0.00955957
0.00954793
0.00953634
0.00952479
0.00951328
0.00950181
0.00949038
0.00947899
0.00946764
0.00945633
0.00944506
0.00943383
0.00942264
0.00941148
0.00940036
0.00938929
0.00937824
0.00936724
0.00935628
0.00934535
0.00933445
0.0093236
0.00931278
0.009302
0.00929125
0.00928054
0.00926986
0.00925922
0.00924861
0.00923804
0.00922751
0.009217
0.00920654
0.0091961
0.0091857
0.00917534
0.009165
0.00915471
0.00914444
0.00913421
0.009124
0.00911384
0.0091037
0.0090936
0.00908352
0.00907348
0.00906347
0.0090535
0.00904355
0.00903364
0.00902375
0.0090139
0.00900407
0.00899428
0.00898452
0.00897478
0.00896508
0.00895541
0.00894576
0.00893615
0.00892656
0.00891701
0.00890748
0.00889798
0.00888851
0.00887907
0.00886965
0.00886027
0.00885091
0.00884158
0.00883227
0.008823
0.00881375
0.00880453
0.00879533
0.00878617
0.00877703
0.00876791
0.00875882
0.00874976
0.00874073
0.00873172
0.00872273
0.00871377
0.00870484
0.00869594
0.00868705
0.0086782
0.00866937
0.00866056
0.00865178
0.00864302
0.00863429
0.00862558
0.0086169
0.00860824
0.0085996
0.00859099
0.0085824
0.00857384
0.0085653
0.00855678
0.00854828
0.00853981
0.00853137
0.00852294
0.00851454
0.00850616
0.0084978
0.00848947
0.00848115
0.00847286
0.0084646
0.00845635
0.00844813
0.00843993
0.00843175
0.00842359
0.00841545
0.00840733
0.00839924
0.00839117
0.00838311
0.00837508
0.00836707
0.00835908
0.00835111
0.00834316
0.00833524
0.00832733
0.00831944
0.00831157
0.00830373
0.0082959
0.00828809
0.0082803
0.00827254
0.00826479
0.00825706
0.00824935
0.00824166
0.00823399
0.00822633
0.0082187
0.00821109
0.00820349
0.00819592
0.00818836
0.00818082
0.0081733
0.00816579
0.00815831
0.00815084
0.0081434
0.00813597
0.00812856
0.00812116
0.00811378
0.00810643
0.00809909
0.00809176
0.00808446
0.00807717
0.0080699
0.00806264
0.0080554
0.00804818
0.00804098
0.0080338
0.00802663
0.00801947
0.00801234
0.00800522
0.00799812
0.00799103
0.00798396
0.0079769
0.00796987
0.00796284
0.00795584
0.00794885
0.00794188
0.00793492
0.00792797
0.00792105
0.00791414
0.00790724
0.00790036
0.0078935
0.00788665
0.00787981
0.00787299
0.00786619
0.0078594
0.00785262
0.00784586
0.00783912
0.00783239
0.00782567
0.00781897
0.00781228
0.00780561
0.00779895
0.00779231
0.00778568
0.00777907
0.00777246
0.00776588
0.0077593
0.00775274
0.0077462
0.00773966
0.00773315
0.00772664
0.00772015
0.00771367
0.00770721
0.00770075
0.00769432
0.00768789
0.00768148
0.00767508
0.00766869
0.00766232
0.00765596
0.00764961
0.00764327
0.00763695
0.00763064
0.00762434
0.00761806
0.00761178
0.00760552
0.00759927
0.00759303
0.00758681
0.00758059
0.00757439
0.0075682
0.00756202
0.00755586
0.0075497
0.00754356
0.00753742
0.0075313
0.00752519
0.00751909
0.007513
0.00750693
0.00750086
0.0074948
0.00748876
0.00748272
0.0074767
0.00747068
0.00746468
0.00745869
0.0074527
0.00744673
0.00744077
0.00743481
0.00742887
0.00742293
0.00741701
0.00741109
0.00740519
0.00739929
0.0073934
0.00738752
0.00738165
0.00737579
0.00736993
0.00736409
0.00735825
0.00735242
0.0073466
0.00734079
0.00733498
0.00732919
0.00732339
0.00731761
0.00731183
0.00730606
0.0073003
0.00729454
0.00728879
0.00728305
0.00727731
0.00727158
0.00726585
0.00726013
0.00725441
0.0072487
0.00724299
0.00723728
0.00723158
0.00722589
0.00722019
0.0072145
0.00720881
0.00720312
0.00719744
0.00719175
0.00718607
0.00718039
0.0071747
0.00716902
0.00716334
0.00715765
0.00715196
0.00714627
0.00714057
0.00713487
0.00712917
0.00712346
0.00711774
0.00711201
0.00710628
0.00710053
0.00709478
0.00708901
0.00708323
0.00707744
0.00707162
0.0070658
0.00705995
0.00705408
0.00704818
0.00704227
0.00703632
0.00703034
0.00702433
0.00701829
0.0070122
0.00700607
0.0069999
0.00699367
0.00698739
0.00698104
0.00697463
0.00696815
0.00696159
0.00695493
0.00694819
0.00694133
0.00693436
0.00692725
0.00692001
0.0069126
0.00690502
0.00689724
0.00688923
0.00688098
0.00687245
0.0068636
0.00685439
0.00684478
0.0068347
0.00682407
0.00681282
0.00680085
0.00678801
0.00677417
0.00675911
0.00674259
0.00672429
0.00670378
0.00668049
0.00665365
0.00662218
0.0065845
0.00653825
0.00647972
0.00640276
0.00629635
0.00613893
0.00588289
0.00540945
0.00344112
0.00221679
0.00210447
0.00236691
0.00283343
0.00319494
0.00333287
0.00332309
0.00324914
0.00315252
0.00305168
0.00295763
0.0028794
0.00282489
0.00279977
0.00280558
0.00283801
0.00288667
0.00293774
0.00297853
0.00300156
0.00300571
0.00299467
0.00297445
0.00295125
0.00293023
0.00291495
0.0029072
0.00290702
0.002913
0.00292275
0.00293351
0.00294286
0.00294914
0.00295171
0.00295087
0.00294755
0.002943
0.00293844
0.00293481
0.0029327
0.00293224
0.00293321
0.00293512
0.0029374
0.0029395
0.002941
0.0029417
0.00294159
0.00294084
0.0029397
0.00293844
0.00293732
0.00293649
0.00293605
0.00293597
0.00293618
0.00293656
0.00293698
0.00293734
0.00293758
0.00293768
0.00293763
0.0029375
0.00293733
0.00293718
0.00293708
0.00293706
0.00293712
0.00293725
0.00293744
0.00293764
0.00293783
0.002938
0.00293814
0.00293823
0.0029383
0.00293833
0.00293835
0.00293835
0.00293836
0.00293835
0.00293834
0.00293833
0.0029383
0.00293825
0.00293819
0.00293811
0.00293802
0.00293792
0.00293782
0.00293772
0.00293763
0.00293754
0.00293748
0.00293742
0.00293739
0.00293736
0.00293736
0.00293736
0.00293737
0.0029374
0.00293743
0.00293747
0.00293752
0.00293757
0.00293763
0.00293769
0.00293776
0.00293783
0.00293789
0.00293795
0.00293801
0.00293806
0.0029381
0.00293813
0.00293816
0.00293817
0.00293817
0.00293816
0.00293815
0.00293812
0.00293809
0.00293805
0.002938
0.00293795
0.0029379
0.00293785
0.0029378
0.00293775
0.0029377
0.00293766
0.00293763
0.0029376
0.00293758
0.00293756
0.00293756
0.00293756
0.00293757
0.00293759
0.00293761
0.00293764
0.00293767
0.00293771
0.00293774
0.00293778
0.00293782
0.00293786
0.00293789
0.00293792
0.00293795
0.00293797
0.00293799
0.002938
0.00293801
0.002938
0.002938
0.00293798
0.00293796
0.00293793
0.0029379
0.00293787
0.00293783
0.00293778
0.00293774
0.00293769
0.00293765
0.0029376
0.00293756
0.00293752
0.00293748
0.00293744
0.00293741
0.00293738
0.00293736
0.00293734
0.00293732
0.00293732
0.00293731
0.00293731
0.00293732
0.00293733
0.00293735
0.00293737
0.00293739
0.00293742
0.00293745
0.00293748
0.00293751
0.00293755
0.00293758
0.00293762
0.00293766
0.00293769
0.00293773
0.00293776
0.00293779
0.00293782
0.00293785
0.00293787
0.00293789
0.0029379
0.00293791
0.00293792
0.00293792
0.00293792
0.00293791
0.0029379
0.00293789
0.00293787
0.00293785
0.00293783
0.0029378
0.00293777
0.00293775
0.00293772
0.00293769
0.00293766
0.00293763
0.00293761
0.00293758
0.00293756
0.00293754
0.00293752
0.00293751
0.0029375
0.00293749
0.00293748
0.00293748
0.00293748
0.00293749
0.0029375
0.00293751
0.00293752
0.00293754
0.00293756
0.00293758
0.0029376
0.00293763
0.00293765
0.00293768
0.0029377
0.00293773
0.00293775
0.00293777
0.0029378
0.00293782
0.00293783
0.00293785
0.00293786
0.00293788
0.00293788
0.00293789
0.00293789
0.00293789
0.00293789
0.00293788
0.00293788
0.00293787
0.00293785
0.00293784
0.00293782
0.00293781
0.00293779
0.00293777
0.00293775
0.00293773
0.00293771
0.0029377
0.00293768
0.00293766
0.00293765
0.00293764
0.00293762
0.00293762
0.00293761
0.00293761
0.0029376
0.0029376
0.00293761
0.00293761
0.00293762
0.00293763
0.00293764
0.00293765
0.00293766
0.00293768
0.00293769
0.00293771
0.00293773
0.00293774
0.00293776
0.00293778
0.0029378
0.00293781
0.00293783
0.00293784
0.00293785
0.00293786
0.00293787
0.00293788
0.00293788
0.00293789
0.00293789
0.00293789
0.00293789
0.00293788
0.00293788
0.00293787
0.00293786
0.00293785
0.00293784
0.00293783
0.00293782
0.00293781
0.0029378
0.00293778
0.00293777
0.00293776
0.00293775
0.00293774
0.00293773
0.00293773
0.00293772
0.00293771
0.00293771
0.00293771
0.00293771
0.00293771
0.00293771
0.00293772
0.00293772
0.00293773
0.00293774
0.00293775
0.00293776
0.00293777
0.00293778
0.00293779
0.0029378
0.00293781
0.00293782
0.00293784
0.00293785
0.00293786
0.00293787
0.00293788
0.00293788
0.00293789
0.0029379
0.0029379
0.0029379
0.00293791
0.00293791
0.00293791
0.0029379
0.0029379
0.0029379
0.00293789
0.00293789
0.00293788
0.00293787
0.00293787
0.00293786
0.00293785
0.00293784
0.00293784
0.00293783
0.00293782
0.00293781
0.00293781
0.0029378
0.0029378
0.00293779
0.00293779
0.00293779
0.00293779
0.00293779
0.00293779
0.00293779
0.00293779
0.0029378
0.0029378
0.00293781
0.00293781
0.00293782
0.00293782
0.00293783
0.00293784
0.00293784
0.00293785
)
;

boundaryField
{
    inlet
    {
        type            calculated;
        value           uniform 0.0147929;
    }
    outlet
    {
        type            calculated;
        value           uniform 0.00293785;
    }
    emptyWalls
    {
        type            empty;
    }
}


// ************************************************************************* //
