/*--------------------------------*- C++ -*----------------------------------*\
  =========                 |
  \\      /  F ield         | OpenFOAM: The Open Source CFD Toolbox
   \\    /   O peration     | Website:  https://openfoam.org
    \\  /    A nd           | Version:  9
     \\/     M anipulation  |
\*---------------------------------------------------------------------------*/
FoamFile
{
    format      ascii;
    class       volVectorField;
    location    "1900";
    object      Uc;
}
// * * * * * * * * * * * * * * * * * * * * * * * * * * * * * * * * * * * * * //

dimensions      [0 0 0 0 0 0 0];

internalField   nonuniform List<vector> 
100
(
(0 0 2.524e-08)
(0 0 4.19264e-08)
(0 0 7.87278e-08)
(0 0 1.193e-07)
(0 0 1.60517e-07)
(0 0 2.01926e-07)
(0 0 2.42911e-07)
(0 0 2.83296e-07)
(0 0 3.2308e-07)
(0 0 3.62215e-07)
(0 0 4.00712e-07)
(0 0 4.38638e-07)
(0 0 4.76051e-07)
(0 0 5.12966e-07)
(0 0 5.49446e-07)
(0 0 5.85553e-07)
(0 0 6.21294e-07)
(0 0 6.56664e-07)
(0 0 6.91692e-07)
(0 0 7.26439e-07)
(0 0 7.6091e-07)
(0 0 7.95091e-07)
(0 0 8.28994e-07)
(0 0 8.62635e-07)
(0 0 8.96021e-07)
(0 0 9.29163e-07)
(0 0 9.62104e-07)
(0 0 9.9485e-07)
(0 0 1.0274e-06)
(0 0 1.05976e-06)
(0 0 1.09338e-06)
(0 0 1.13188e-06)
(0 0 1.1777e-06)
(0 0 1.22884e-06)
(0 0 1.281e-06)
(0 0 1.33177e-06)
(0 0 1.38118e-06)
(0 0 1.42992e-06)
(0 0 1.47853e-06)
(0 0 1.52727e-06)
(0 0 1.57627e-06)
(0 0 1.62558e-06)
(0 0 1.6752e-06)
(0 0 1.72512e-06)
(0 0 1.77534e-06)
(0 0 1.82578e-06)
(0 0 1.87629e-06)
(0 0 1.92615e-06)
(0 0 1.97262e-06)
(0 0 2.01098e-06)
(0 0 2.04056e-06)
(0 0 2.06531e-06)
(0 0 2.08855e-06)
(0 0 2.11221e-06)
(0 0 2.13724e-06)
(0 0 2.16395e-06)
(0 0 2.19219e-06)
(0 0 2.22162e-06)
(0 0 2.25182e-06)
(0 0 2.28244e-06)
(0 0 2.36041e-06)
(0 0 2.46648e-06)
(0 0 2.5462e-06)
(0 0 2.61852e-06)
(0 0 2.6906e-06)
(0 0 2.75662e-06)
(0 0 1.90477e-06)
(0 0 5.36975e-07)
(0 0 4.39802e-08)
(0 0 3.68104e-08)
(0 0 3.67365e-08)
(0 0 3.67358e-08)
(0 0 3.67358e-08)
(0 0 3.67358e-08)
(0 0 3.67358e-08)
(0 0 3.67358e-08)
(0 0 3.67358e-08)
(0 0 3.67358e-08)
(0 0 3.67358e-08)
(0 0 3.67358e-08)
(0 0 3.67358e-08)
(0 0 3.67358e-08)
(0 0 3.67358e-08)
(0 0 3.67358e-08)
(0 0 3.67358e-08)
(0 0 3.67358e-08)
(0 0 3.67358e-08)
(0 0 3.67358e-08)
(0 0 3.67358e-08)
(0 0 3.67358e-08)
(0 0 3.67358e-08)
(0 0 3.67358e-08)
(0 0 3.67358e-08)
(0 0 3.67358e-08)
(0 0 3.67358e-08)
(0 0 3.67358e-08)
(0 0 3.67358e-08)
(0 0 3.67358e-08)
(0 0 3.67358e-08)
(0 0 3.67358e-08)
)
;

boundaryField
{
    inlet
    {
        type            fixedValue;
        value           uniform (0 0 0);
    }
    outlet
    {
        type            zeroGradient;
    }
    emptyWalls
    {
        type            empty;
    }
}


// ************************************************************************* //
