/*--------------------------------*- C++ -*----------------------------------*\
  =========                 |
  \\      /  F ield         | OpenFOAM: The Open Source CFD Toolbox
   \\    /   O peration     | Website:  https://openfoam.org
    \\  /    A nd           | Version:  9
     \\/     M anipulation  |
\*---------------------------------------------------------------------------*/
FoamFile
{
    format      ascii;
    class       volScalarField;
    location    "1.1";
    object      Fcsw;
}
// * * * * * * * * * * * * * * * * * * * * * * * * * * * * * * * * * * * * * //

dimensions      [0 0 0 0 0 0 0];

internalField   nonuniform List<scalar> 
1000
(
0.0018517
0.00285272
0.00369715
0.00444339
0.00511626
0.00573023
0.00629508
0.00681805
0.00730473
0.00775964
0.00818647
0.00858832
0.00896783
0.00932726
0.00966856
0.00999345
0.0103034
0.0105998
0.0108837
0.0111563
0.0114185
0.0116711
0.0119149
0.0121505
0.0123787
0.0126
0.0128149
0.013024
0.0132276
0.0134261
0.0136201
0.0138097
0.0139954
0.0141775
0.0143563
0.014532
0.0147049
0.0148753
0.0150434
0.0152095
0.0153738
0.0155365
0.0156979
0.0158581
0.0160174
0.016176
0.0163341
0.016492
0.01665
0.0168082
0.0169669
0.0171265
0.0172872
0.0174494
0.0176134
0.0177796
0.0179485
0.0181206
0.0182964
0.0184767
0.018662
0.0188533
0.0190515
0.0192578
0.0194736
0.0197003
0.0199399
0.0201947
0.0204673
0.0207611
0.02108
0.0214292
0.0218147
0.0222444
0.0227282
0.0232786
0.0239121
0.0246503
0.0255217
0.0265652
0.0278344
0.0294044
0.0313839
0.0339333
0.037298
0.0418682
0.0482925
0.0577126
0.0722838
0.0964943
0.140958
0.235797
0.495709
1.51803
0.783465
0.203036
-0.18781
-0.291612
-0.251219
-0.16382
-0.053064
0.069341
0.165223
0.192876
0.151248
0.0776431
0.0091608
-0.0377142
-0.0619805
-0.0681073
-0.0609002
-0.0444844
-0.0228586
-0.000413824
0.0183212
0.0297336
0.0323235
0.0271442
0.0171239
0.00574943
-0.00408766
-0.0106466
-0.0133543
-0.012551
-0.00917178
-0.00444628
0.000373411
0.00425277
0.00655256
0.00710381
0.0061612
0.00425866
0.00202441
1.60997e-05
-0.00138552
-0.00201556
-0.00190815
-0.00124375
-0.000279924
0.000717948
0.00153352
0.00203503
0.00218589
0.00203248
0.00167611
0.00123878
0.000832035
0.000535079
0.000384996
0.000378214
0.000480359
0.000640488
0.000805777
0.000933477
0.000998188
0.00099385
0.000931122
0.000831685
0.000721338
0.000623657
0.000555463
0.000524661
0.000530403
0.000564961
0.000616335
0.000669956
0.00070568
0.000677267
0.000425425
-0.000668194
-0.00504873
-0.0224164
-0.0915922
-0.372478
-1.52229
-3.65908
-0.970258
-0.00588515
-0.000203551
0.000265488
0.000494295
0.000523935
0.000479775
0.000433692
0.000398039
0.000362226
0.000317985
0.000264958
0.000206948
0.000147934
9.05572e-05
3.62715e-05
-1.41517e-05
-6.03104e-05
-0.000102031
-0.000139262
-0.000171942
-0.000199895
-0.000222783
-0.000240144
-0.000251491
-0.000256438
-0.000254814
-0.000246749
-0.000232713
-0.000213507
-0.00019022
-0.000164153
-0.000136717
-0.000109329
-8.33054e-05
-5.97736e-05
-3.95975e-05
-2.33358e-05
-1.1229e-05
-3.21861e-06
1.00864e-06
1.95473e-06
2.33743e-07
-3.50684e-06
-8.65772e-06
-1.47046e-05
-2.12657e-05
-2.81089e-05
-3.51992e-05
-4.46421e-05
-0.000133451
-0.0031493
-0.115517
-6.12743
-14.9672
7.46341e-12
3.72624e-12
-7.45612e-12
-7.45977e-12
3.72988e-12
3.72624e-12
3.73353e-12
-3.72988e-12
7.45977e-12
-3.72988e-12
-3.64246e-15
3.64246e-15
3.72624e-12
3.64246e-15
-3.73353e-12
3.64246e-15
-0
-0
-3.73353e-12
3.73353e-12
7.45977e-12
3.72988e-12
-0
-7.45977e-12
-0
-3.64246e-15
-3.72624e-12
-3.72988e-12
7.45977e-12
1.11896e-11
-7.45977e-12
3.72624e-12
3.64246e-15
-3.64246e-15
-7.45612e-12
7.45612e-12
3.72988e-12
3.64246e-15
-3.64246e-15
-0
-3.72624e-12
3.72624e-12
3.73353e-12
-3.64246e-15
3.72988e-12
-1.1186e-11
-3.73353e-12
3.73353e-12
3.72988e-12
3.72624e-12
7.46341e-12
-7.46341e-12
3.64246e-15
-3.73353e-12
-0
-3.72624e-12
7.45612e-12
3.64246e-15
-1.11933e-11
3.72988e-12
-3.72624e-12
7.45612e-12
7.46341e-12
-7.46341e-12
-0
-3.72624e-12
7.45977e-12
-3.64246e-15
3.73353e-12
-7.46341e-12
3.64246e-15
-3.64246e-15
-7.45977e-12
3.72988e-12
3.64246e-15
-3.64246e-15
3.73353e-12
-7.46341e-12
3.64246e-15
7.45612e-12
3.64246e-15
-3.64246e-15
3.64246e-15
3.72624e-12
3.64246e-15
3.72624e-12
7.46341e-12
-7.45977e-12
3.72624e-12
3.72988e-12
-3.72624e-12
3.72624e-12
-7.45977e-12
7.46341e-12
3.72624e-12
3.64246e-15
-3.72988e-12
-3.64246e-15
3.72988e-12
-3.72624e-12
-7.46341e-12
3.64246e-15
-3.64246e-15
3.73353e-12
-7.46341e-12
3.72988e-12
-3.72624e-12
3.72624e-12
3.73353e-12
-0
3.72624e-12
3.73353e-12
-3.73353e-12
-0
-3.72624e-12
1.1186e-11
3.73353e-12
-7.45977e-12
3.72624e-12
-3.72988e-12
-7.45977e-12
3.73353e-12
-3.73353e-12
3.64246e-15
-7.46341e-12
-7.45612e-12
-0
-0
-0
3.72988e-12
-3.64246e-15
-7.45977e-12
3.72988e-12
1.11933e-11
-1.11896e-11
-3.73353e-12
3.73353e-12
-3.64246e-15
7.46341e-12
3.72624e-12
3.73353e-12
-0
7.45612e-12
3.64246e-15
-7.46341e-12
3.72988e-12
-3.72988e-12
-3.72988e-12
3.64246e-15
1.11896e-11
-3.72988e-12
-3.64246e-15
-0
-7.45612e-12
3.72624e-12
3.73353e-12
-3.64246e-15
3.73353e-12
3.72624e-12
3.72988e-12
-3.72624e-12
-3.64246e-15
3.64246e-15
-3.73353e-12
-3.72624e-12
-3.64246e-15
3.72988e-12
3.72988e-12
-3.72624e-12
-7.46341e-12
-3.72624e-12
3.72624e-12
7.46341e-12
-3.72988e-12
-3.72988e-12
3.72624e-12
-3.72988e-12
3.64246e-15
-1.11896e-11
7.45977e-12
-1.11933e-11
3.72988e-12
3.73353e-12
-3.64246e-15
3.64246e-15
-7.45977e-12
-3.64246e-15
7.45977e-12
-3.72624e-12
-7.45977e-12
-3.64246e-15
-3.72988e-12
1.11896e-11
7.46341e-12
-3.72988e-12
-3.64246e-15
1.11933e-11
-3.73353e-12
-7.45612e-12
7.45977e-12
-3.72988e-12
-3.73353e-12
3.64246e-15
-0
-3.73353e-12
-0
3.72988e-12
-7.45612e-12
-3.73353e-12
7.45977e-12
3.73353e-12
3.72624e-12
3.64246e-15
-1.11896e-11
-3.72988e-12
7.45612e-12
7.45977e-12
-7.45612e-12
3.72624e-12
3.73353e-12
-3.72988e-12
-3.73353e-12
3.64246e-15
-7.46341e-12
-0
3.64246e-15
-3.73353e-12
-3.72624e-12
-3.73353e-12
7.46341e-12
-3.72988e-12
-7.46341e-12
7.46341e-12
3.72624e-12
7.45977e-12
-7.45612e-12
3.72624e-12
3.64246e-15
-3.64246e-15
-0
3.64246e-15
-3.64246e-15
-0
3.64246e-15
-7.46341e-12
-3.72624e-12
-3.64246e-15
3.72988e-12
3.64246e-15
-3.73353e-12
1.11933e-11
-3.72988e-12
-3.72988e-12
3.72624e-12
3.72988e-12
1.11933e-11
-1.30546e-11
9.32107e-12
-1.86494e-12
1.86494e-12
-3.72624e-12
-1.86494e-12
-3.64246e-15
1.86494e-12
3.64246e-15
-3.64246e-15
-3.72988e-12
-1.8613e-12
-5.59482e-12
7.45612e-12
-0
3.64246e-15
-0
-3.73353e-12
-3.72988e-12
3.64246e-15
1.8613e-12
-1.8613e-12
-3.64246e-15
1.86494e-12
-0
1.86494e-12
3.73353e-12
-3.64246e-15
-3.72988e-12
1.86858e-12
-0
-5.59847e-12
3.73353e-12
3.72988e-12
3.72624e-12
3.64246e-15
-3.64246e-15
-3.72988e-12
3.64246e-15
-3.73353e-12
-3.72624e-12
-3.64246e-15
3.64246e-15
-0
-1.86858e-12
-5.59482e-12
1.86494e-12
-5.59118e-12
-1.86858e-12
-3.72988e-12
3.72988e-12
-3.72988e-12
-1.8613e-12
-3.64246e-15
-3.72624e-12
3.72988e-12
-3.72988e-12
3.72988e-12
-3.72988e-12
-5.59847e-12
3.72988e-12
-3.72988e-12
1.86494e-12
-3.72624e-12
-3.73353e-12
-1.86494e-12
-1.8613e-12
-3.72988e-12
-3.64246e-15
-3.72988e-12
3.72988e-12
-1.86494e-12
1.86858e-12
-3.73353e-12
-1.86494e-12
3.64246e-15
-1.86858e-12
-0
-3.72624e-12
-1.86858e-12
1.86858e-12
-1.86494e-12
3.72988e-12
-1.86858e-12
-1.86494e-12
1.86858e-12
-5.59847e-12
-5.59847e-12
-1.85766e-12
1.85766e-12
-5.58754e-12
-3.73717e-12
-0
-3.7226e-12
-1.87223e-12
-1.86494e-12
1.86494e-12
-5.59482e-12
7.28493e-15
-7.28493e-15
-7.45248e-12
-7.28493e-15
-3.72988e-12
3.72988e-12
-5.58754e-12
-7.28493e-15
-1.86494e-12
-1.86494e-12
-1.85766e-12
-5.60211e-12
3.72988e-12
-3.72988e-12
3.72988e-12
-5.58754e-12
-3.73717e-12
-5.58754e-12
-1.87223e-12
-5.59482e-12
-1.85766e-12
-5.59482e-12
3.7226e-12
-3.72988e-12
-0
-5.58754e-12
1.85766e-12
7.28493e-15
-1.87223e-12
-0
7.28493e-15
-1.86494e-12
-7.28493e-15
-1.86494e-12
-1.86494e-12
3.72988e-12
-1.85766e-12
-1.87223e-12
-5.59482e-12
3.72988e-12
-3.72988e-12
7.28493e-15
-3.73717e-12
-1.86494e-12
-0
-0
-1.85766e-12
-5.60211e-12
1.86494e-12
1.86494e-12
-3.72988e-12
-1.85766e-12
-3.73717e-12
3.72988e-12
-3.72988e-12
3.72988e-12
-3.7226e-12
-1.87223e-12
-3.72988e-12
-3.7226e-12
-3.73717e-12
-1.86494e-12
-1.85766e-12
-3.73717e-12
-1.85766e-12
-7.28493e-15
-3.7226e-12
5.59482e-12
-7.28493e-15
7.28493e-15
-5.60211e-12
-3.7226e-12
-7.28493e-15
-3.72988e-12
-1.85766e-12
-1.87223e-12
-1.85766e-12
-3.73717e-12
3.72988e-12
-3.72988e-12
-1.85766e-12
-1.87223e-12
-1.86494e-12
-1.86494e-12
-3.7226e-12
-3.73717e-12
3.73717e-12
1.86494e-12
3.7226e-12
1.87223e-12
-3.73717e-12
3.72988e-12
-5.58754e-12
1.86494e-12
-0
1.85766e-12
-0
-3.7226e-12
-1.87223e-12
3.72988e-12
-3.72988e-12
1.86494e-12
1.86494e-12
-3.72988e-12
-1.85766e-12
-7.28493e-15
-0
-0
-0
-3.7226e-12
-3.73717e-12
-1.86494e-12
1.86494e-12
1.86494e-12
-3.72988e-12
3.72988e-12
-3.72988e-12
-1.85766e-12
3.72988e-12
-5.60211e-12
-0
-3.7226e-12
-1.87223e-12
3.73717e-12
-3.73717e-12
-0
-0
-3.7226e-12
3.72988e-12
-3.73717e-12
-1.85766e-12
-7.28493e-15
-0
-3.7226e-12
-1.87223e-12
1.87223e-12
-1.87223e-12
3.72988e-12
-1.86494e-12
-1.86494e-12
1.87223e-12
-1.87223e-12
-1.85766e-12
-0
-7.28493e-15
7.28493e-15
-7.28493e-15
-1.85766e-12
1.86494e-12
-0
1.86494e-12
-1.86494e-12
-1.87223e-12
7.28493e-15
-1.86494e-12
1.86494e-12
-1.87223e-12
-1.86494e-12
1.86494e-12
-4.65507e-12
-7.28493e-15
-0
9.32471e-13
-9.32471e-13
-1.85766e-12
-9.32471e-13
9.25186e-13
-2.79741e-12
-1.85766e-12
1.86494e-12
1.85766e-12
-1.85766e-12
-1.87223e-12
-9.32471e-13
1.86494e-12
-1.85766e-12
-9.39756e-13
-9.25186e-13
-9.39756e-13
-1.86494e-12
-0
7.28493e-15
-1.87223e-12
9.39756e-13
-9.32471e-13
1.85766e-12
9.39756e-13
-9.32471e-13
2.79741e-12
-9.39756e-13
-9.25186e-13
9.25186e-13
-1.86494e-12
-2.79741e-12
9.32471e-13
-9.25186e-13
-0
-0
-1.87223e-12
1.86494e-12
7.28493e-15
-2.79741e-12
-1.87223e-12
-1.86494e-12
7.28493e-15
-0
1.85766e-12
9.32471e-13
-9.32471e-13
-1.86494e-12
-1.85766e-12
9.32471e-13
-9.39756e-13
9.32471e-13
-9.32471e-13
-0
-1.85766e-12
-9.39756e-13
9.32471e-13
-1.86494e-12
7.28493e-15
-1.87223e-12
-1.85766e-12
-1.87223e-12
1.86494e-12
-9.32471e-13
-0
-1.85766e-12
-7.28493e-15
-9.32471e-13
-0
-9.32471e-13
7.28493e-15
-9.39756e-13
7.28493e-15
9.32471e-13
-1.86494e-12
-2.8047e-12
-9.25186e-13
-1.87223e-12
2.8047e-12
-0
1.85766e-12
-9.32471e-13
-9.32471e-13
-2.79741e-12
9.39756e-13
-1.86494e-12
1.86494e-12
-9.32471e-13
9.32471e-13
-9.39756e-13
7.28493e-15
9.25186e-13
-1.86494e-12
7.28493e-15
9.32471e-13
-9.32471e-13
2.79741e-12
-2.8047e-12
1.86494e-12
-1.86494e-12
-1.86494e-12
-1.85766e-12
-7.28493e-15
9.39756e-13
-7.28493e-15
-1.86494e-12
-1.85766e-12
-9.32471e-13
2.79741e-12
9.25186e-13
-9.32471e-13
-1.85766e-12
1.86494e-12
-0
-7.28493e-15
-9.32471e-13
-0
-9.25186e-13
-9.39756e-13
-0
-0
-9.32471e-13
9.39756e-13
-0
-4.7352e-13
4.7352e-13
-4.66235e-13
-1.40599e-12
7.28493e-15
-1.86494e-12
-0
-4.7352e-13
7.28493e-15
-1.86494e-12
9.32471e-13
9.25186e-13
-9.25186e-13
4.5895e-13
-0
-9.32471e-13
-9.25186e-13
-4.7352e-13
-4.66235e-13
9.32471e-13
-1.86494e-12
4.7352e-13
-0
-9.39756e-13
-4.66235e-13
9.32471e-13
-4.66235e-13
7.28493e-15
-1.40599e-12
-9.25186e-13
-4.7352e-13
-1.39871e-12
4.7352e-13
-4.66235e-13
9.32471e-13
-4.7352e-13
-4.5895e-13
-0
-9.39756e-13
4.66235e-13
-1.86494e-12
-0
-4.5895e-13
-9.39756e-13
4.7352e-13
-0
-1.40599e-12
9.39756e-13
-0
4.5895e-13
-4.66235e-13
7.28493e-15
-0
-9.39756e-13
7.28493e-15
4.5895e-13
7.28493e-15
-0
4.66235e-13
-4.66235e-13
4.5895e-13
-4.5895e-13
-4.66235e-13
-4.7352e-13
4.7352e-13
9.32471e-13
-0
-2.33118e-13
2.25833e-13
-0
2.40403e-13
-2.40403e-13
-2.25833e-13
2.25833e-13
-4.66235e-13
2.33118e-13
2.40403e-13
-9.32471e-13
4.66235e-13
2.33118e-13
-9.39756e-13
4.66235e-13
-4.66235e-13
2.40403e-13
2.25833e-13
-9.32471e-13
7.28493e-15
-2.40403e-13
-6.99353e-13
2.40403e-13
-2.40403e-13
-2.25833e-13
4.5895e-13
-0
-4.66235e-13
2.40403e-13
-3.56961e-13
2.40403e-13
-4.7352e-13
-2.33118e-13
-1.09274e-13
-1.23844e-13
1.16559e-13
-4.66235e-13
-1.16559e-13
-0
7.28493e-15
-7.28493e-15
1.23844e-13
-7.28493e-15
-1.16559e-13
1.16559e-13
7.28493e-15
-0
5.82794e-14
-1.16559e-13
5.09945e-14
-5.82794e-14
-1.16559e-13
5.82794e-14
-1.67553e-13
-5.82794e-14
-6.55644e-14
-5.82794e-14
-3.64246e-14
4.37096e-14
-7.28493e-15
-7.28493e-15
7.28493e-15
)
;

boundaryField
{
    inlet
    {
        type            calculated;
        value           uniform 0.0018517;
    }
    outlet
    {
        type            calculated;
        value           uniform 7.28493e-15;
    }
    emptyWalls
    {
        type            empty;
    }
}


// ************************************************************************* //
