/*--------------------------------*- C++ -*----------------------------------*\
  =========                 |
  \\      /  F ield         | OpenFOAM: The Open Source CFD Toolbox
   \\    /   O peration     | Website:  https://openfoam.org
    \\  /    A nd           | Version:  9
     \\/     M anipulation  |
\*---------------------------------------------------------------------------*/
FoamFile
{
    format      ascii;
    class       surfaceScalarField;
    location    "8.8";
    object      phia;
}
// * * * * * * * * * * * * * * * * * * * * * * * * * * * * * * * * * * * * * //

dimensions      [0 2 0 0 0 0 0];

internalField   nonuniform List<scalar> 
999
(
0.70942
0.709419
0.709418
0.709416
0.709414
0.709411
0.709408
0.709405
0.709402
0.709398
0.709394
0.709389
0.709385
0.70938
0.709374
0.709369
0.709363
0.709357
0.709351
0.709344
0.709337
0.70933
0.709323
0.709315
0.709307
0.709299
0.709291
0.709282
0.709273
0.709264
0.709255
0.709246
0.709236
0.709226
0.709216
0.709206
0.709195
0.709184
0.709174
0.709162
0.709151
0.70914
0.709128
0.709116
0.709104
0.709092
0.709079
0.709067
0.709054
0.709041
0.709028
0.709015
0.709001
0.708987
0.708974
0.70896
0.708946
0.708931
0.708917
0.708902
0.708887
0.708873
0.708858
0.708842
0.708827
0.708811
0.708796
0.70878
0.708764
0.708748
0.708732
0.708716
0.708699
0.708682
0.708666
0.708649
0.708632
0.708615
0.708597
0.70858
0.708563
0.708545
0.708527
0.708509
0.708491
0.708473
0.708455
0.708437
0.708418
0.708399
0.708381
0.708362
0.708343
0.708324
0.708305
0.708286
0.708266
0.708247
0.708227
0.708208
0.708188
0.708168
0.708148
0.708128
0.708108
0.708087
0.708067
0.708047
0.708026
0.708005
0.707985
0.707964
0.707943
0.707922
0.707901
0.707879
0.707858
0.707837
0.707815
0.707793
0.707772
0.70775
0.707728
0.707706
0.707684
0.707662
0.70764
0.707618
0.707595
0.707573
0.70755
0.707528
0.707505
0.707482
0.70746
0.707437
0.707414
0.707391
0.707368
0.707344
0.707321
0.707298
0.707274
0.707251
0.707227
0.707204
0.70718
0.707156
0.707132
0.707108
0.707084
0.70706
0.707036
0.707012
0.706988
0.706963
0.706939
0.706914
0.70689
0.706865
0.706841
0.706816
0.706791
0.706766
0.706741
0.706716
0.706691
0.706666
0.706641
0.706616
0.706591
0.706565
0.70654
0.706514
0.706489
0.706463
0.706438
0.706412
0.706386
0.70636
0.706335
0.706309
0.706283
0.706257
0.706231
0.706204
0.706178
0.706152
0.706126
0.706099
0.706073
0.706046
0.70602
0.705993
0.705967
0.70594
0.705913
0.705887
0.70586
0.705833
0.705806
0.705779
0.705752
0.705725
0.705698
0.705671
0.705644
0.705616
0.705589
0.705562
0.705534
0.705507
0.705479
0.705452
0.705424
0.705397
0.705369
0.705341
0.705313
0.705286
0.705258
0.70523
0.705202
0.705174
0.705146
0.705118
0.70509
0.705062
0.705033
0.705005
0.704977
0.704949
0.70492
0.704892
0.704863
0.704835
0.704806
0.704778
0.704749
0.704721
0.704692
0.704663
0.704635
0.704606
0.704577
0.704548
0.704519
0.70449
0.704461
0.704432
0.704403
0.704374
0.704345
0.704316
0.704286
0.704257
0.704228
0.704199
0.704169
0.70414
0.70411
0.704081
0.704052
0.704022
0.703992
0.703963
0.703933
0.703904
0.703874
0.703844
0.703814
0.703785
0.703755
0.703725
0.703695
0.703665
0.703635
0.703605
0.703575
0.703545
0.703515
0.703485
0.703455
0.703424
0.703394
0.703364
0.703334
0.703303
0.703273
0.703243
0.703212
0.703182
0.703151
0.703121
0.70309
0.70306
0.703029
0.702998
0.702968
0.702937
0.702906
0.702876
0.702845
0.702814
0.702783
0.702752
0.702721
0.702691
0.70266
0.702629
0.702598
0.702567
0.702536
0.702504
0.702473
0.702442
0.702411
0.70238
0.702349
0.702317
0.702286
0.702255
0.702223
0.702192
0.702161
0.702129
0.702098
0.702066
0.702035
0.702003
0.701972
0.70194
0.701909
0.701877
0.701845
0.701814
0.701782
0.70175
0.701719
0.701687
0.701655
0.701623
0.701591
0.70156
0.701528
0.701496
0.701464
0.701432
0.7014
0.701368
0.701336
0.701304
0.701272
0.70124
0.701207
0.701175
0.701143
0.701111
0.701079
0.701046
0.701014
0.700982
0.70095
0.700917
0.700885
0.700852
0.70082
0.700788
0.700755
0.700723
0.70069
0.700658
0.700625
0.700593
0.70056
0.700527
0.700495
0.700462
0.700429
0.700397
0.700364
0.700331
0.700298
0.700266
0.700233
0.7002
0.700167
0.700134
0.700101
0.700069
0.700036
0.700003
0.69997
0.699937
0.699904
0.699871
0.699838
0.699805
0.699771
0.699738
0.699705
0.699672
0.699639
0.699606
0.699572
0.699539
0.699506
0.699473
0.699439
0.699406
0.699373
0.699339
0.699306
0.699273
0.699239
0.699206
0.699172
0.699139
0.699105
0.699072
0.699038
0.699005
0.698971
0.698938
0.698904
0.69887
0.698837
0.698803
0.698769
0.698736
0.698702
0.698668
0.698634
0.698601
0.698567
0.698533
0.698499
0.698465
0.698432
0.698398
0.698364
0.69833
0.698296
0.698262
0.698228
0.698194
0.69816
0.698126
0.698092
0.698058
0.698024
0.69799
0.697955
0.697921
0.697887
0.697853
0.697819
0.697785
0.69775
0.697716
0.697682
0.697648
0.697613
0.697579
0.697545
0.69751
0.697476
0.697441
0.697407
0.697373
0.697338
0.697304
0.697269
0.697235
0.6972
0.697166
0.697131
0.697097
0.697062
0.697027
0.696993
0.696958
0.696923
0.696889
0.696854
0.696819
0.696785
0.69675
0.696715
0.69668
0.696646
0.696611
0.696576
0.696541
0.696506
0.696471
0.696436
0.696402
0.696367
0.696332
0.696297
0.696262
0.696227
0.696192
0.696157
0.696122
0.696087
0.696051
0.696016
0.695981
0.695946
0.695911
0.695876
0.695841
0.695805
0.69577
0.695735
0.6957
0.695664
0.695629
0.695594
0.695558
0.695523
0.695488
0.695452
0.695417
0.695381
0.695346
0.69531
0.695275
0.695239
0.695204
0.695168
0.695133
0.695097
0.695062
0.695026
0.69499
0.694955
0.694919
0.694883
0.694848
0.694812
0.694776
0.69474
0.694705
0.694669
0.694633
0.694597
0.694561
0.694525
0.694489
0.694453
0.694417
0.694381
0.694345
0.694309
0.694273
0.694237
0.694201
0.694165
0.694129
0.694093
0.694057
0.69402
0.693984
0.693948
0.693912
0.693875
0.693839
0.693803
0.693766
0.69373
0.693694
0.693657
0.693621
0.693584
0.693548
0.693511
0.693474
0.693438
0.693401
0.693365
0.693328
0.693291
0.693254
0.693218
0.693181
0.693144
0.693107
0.69307
0.693033
0.692996
0.692959
0.692922
0.692885
0.692848
0.692811
0.692773
0.692736
0.692699
0.692661
0.692624
0.692587
0.692549
0.692512
0.692474
0.692437
0.692399
0.692361
0.692323
0.692286
0.692248
0.69221
0.692172
0.692134
0.692096
0.692057
0.692019
0.691981
0.691942
0.691904
0.691865
0.691827
0.691788
0.691749
0.69171
0.691671
0.691632
0.691593
0.691554
0.691514
0.691475
0.691435
0.691396
0.691356
0.691316
0.691275
0.691235
0.691195
0.691154
0.691113
0.691072
0.691031
0.69099
0.690948
0.690906
0.690864
0.690822
0.69078
0.690737
0.690694
0.69065
0.690607
0.690563
0.690518
0.690473
0.690428
0.690382
0.690336
0.690289
0.690242
0.690194
0.690145
0.690096
0.690046
0.689995
0.689943
0.68989
0.689836
0.689781
0.689725
0.689667
0.689608
0.689547
0.689483
0.689418
0.689351
0.68928
0.689207
0.68913
0.689049
0.688964
0.688874
0.688778
0.688674
0.688563
0.688441
0.688309
0.688162
0.687998
0.687812
0.6876
0.687352
0.687059
0.686705
0.686264
0.685697
0.684939
0.683866
0.68223
0.67945
0.673955
0.646105
0.630221
0.608102
0.584118
0.565117
0.558659
0.568562
0.590213
0.61278
0.627861
0.633751
0.632763
0.627803
0.621075
0.614075
0.607863
0.603231
0.600715
0.600495
0.602301
0.60544
0.608984
0.612056
0.614074
0.614838
0.614476
0.613316
0.611763
0.6102
0.608931
0.60814
0.607887
0.608116
0.608682
0.6094
0.610091
0.610619
0.61091
0.610959
0.61081
0.61054
0.610231
0.60996
0.609776
0.609703
0.609736
0.609849
0.610004
0.610163
0.610293
0.610374
0.6104
0.610377
0.610319
0.610245
0.610172
0.610113
0.610077
0.610064
0.610071
0.61009
0.610114
0.610133
0.610144
0.610143
0.610131
0.610111
0.610086
0.610062
0.610042
0.610028
0.610022
0.610022
0.610029
0.61004
0.610053
0.610067
0.61008
0.610092
0.610102
0.61011
0.610118
0.610125
0.610133
0.61014
0.610146
0.610153
0.610158
0.610162
0.610164
0.610165
0.610163
0.610161
0.610156
0.610151
0.610145
0.610138
0.610131
0.610124
0.610117
0.61011
0.610103
0.610097
0.610091
0.610086
0.610081
0.610077
0.610075
0.610073
0.610073
0.610074
0.610076
0.610079
0.610083
0.610087
0.610093
0.610098
0.610104
0.61011
0.610116
0.610121
0.610126
0.610131
0.610134
0.610137
0.610139
0.610141
0.610141
0.61014
0.610139
0.610137
0.610134
0.61013
0.610126
0.610122
0.610117
0.610112
0.610107
0.610102
0.610097
0.610093
0.610088
0.610084
0.610081
0.610077
0.610075
0.610073
0.610071
0.61007
0.610069
0.610069
0.610068
0.610069
0.610069
0.61007
0.61007
0.610071
0.610072
0.610073
0.610074
0.610075
0.610075
0.610076
0.610077
0.610078
0.610079
0.61008
0.610081
0.610082
0.610084
0.610085
0.610087
0.610089
0.610092
0.610094
0.610097
0.610099
0.610102
0.610105
0.610108
0.610111
0.610114
0.610116
0.610119
0.610121
0.610122
0.610124
0.610125
0.610126
0.610126
0.610126
0.610126
0.610125
0.610124
0.610123
0.610122
0.61012
0.610118
0.610116
0.610115
0.610113
0.610111
0.61011
0.610108
0.610107
0.610106
0.610105
0.610105
0.610104
0.610104
0.610105
0.610105
0.610106
0.610107
0.610108
0.610109
0.61011
0.610111
0.610113
0.610114
0.610115
0.610116
0.610117
0.610117
0.610117
0.610118
0.610117
0.610117
0.610117
0.610116
0.610115
0.610113
0.610112
0.61011
0.610108
0.610107
0.610104
0.610102
0.6101
0.610098
0.610096
0.610094
0.610092
0.61009
0.610088
0.610087
0.610085
0.610084
0.610083
0.610082
0.610081
0.61008
0.61008
0.610079
0.610079
0.610079
0.610079
0.61008
0.61008
0.61008
0.610081
0.610082
0.610083
0.610084
0.610085
0.610086
0.610087
0.610089
0.61009
0.610091
0.610093
0.610094
0.610096
0.610097
0.610099
0.610101
0.610102
0.610103
0.610105
0.610106
0.610107
0.610108
0.610109
0.61011
0.61011
0.610111
0.610111
0.610111
0.610111
0.610111
0.610111
0.61011
0.610109
0.610109
0.610108
0.610107
)
;

boundaryField
{
    inlet
    {
        type            calculated;
        value           uniform -0.709421;
    }
    outlet
    {
        type            calculated;
        value           uniform 0.610105;
    }
    emptyWalls
    {
        type            empty;
        value           nonuniform List<scalar> 0();
    }
}


// ************************************************************************* //
