/*--------------------------------*- C++ -*----------------------------------*\
  =========                 |
  \\      /  F ield         | OpenFOAM: The Open Source CFD Toolbox
   \\    /   O peration     | Website:  https://openfoam.org
    \\  /    A nd           | Version:  9
     \\/     M anipulation  |
\*---------------------------------------------------------------------------*/
FoamFile
{
    format      ascii;
    class       volVectorField;
    location    "8.8";
    object      Ub;
}
// * * * * * * * * * * * * * * * * * * * * * * * * * * * * * * * * * * * * * //

dimensions      [0 0 0 0 0 0 0];

internalField   nonuniform List<vector> 
1000
(
(0.290578 0 0)
(0.290577 0 0)
(0.290575 0 0)
(0.290572 0 0)
(0.290569 0 0)
(0.290565 0 0)
(0.290561 0 0)
(0.290556 0 0)
(0.29055 0 0)
(0.290545 0 0)
(0.290538 0 0)
(0.290531 0 0)
(0.290524 0 0)
(0.290516 0 0)
(0.290508 0 0)
(0.290499 0 0)
(0.29049 0 0)
(0.29048 0 0)
(0.29047 0 0)
(0.29046 0 0)
(0.290449 0 0)
(0.290438 0 0)
(0.290426 0 0)
(0.290414 0 0)
(0.290401 0 0)
(0.290388 0 0)
(0.290375 0 0)
(0.290361 0 0)
(0.290347 0 0)
(0.290333 0 0)
(0.290318 0 0)
(0.290303 0 0)
(0.290287 0 0)
(0.290271 0 0)
(0.290255 0 0)
(0.290238 0 0)
(0.290221 0 0)
(0.290204 0 0)
(0.290186 0 0)
(0.290168 0 0)
(0.29015 0 0)
(0.290131 0 0)
(0.290112 0 0)
(0.290093 0 0)
(0.290073 0 0)
(0.290053 0 0)
(0.290033 0 0)
(0.290013 0 0)
(0.289992 0 0)
(0.289971 0 0)
(0.289949 0 0)
(0.289928 0 0)
(0.289906 0 0)
(0.289883 0 0)
(0.289861 0 0)
(0.289838 0 0)
(0.289815 0 0)
(0.289791 0 0)
(0.289768 0 0)
(0.289744 0 0)
(0.28972 0 0)
(0.289695 0 0)
(0.28967 0 0)
(0.289645 0 0)
(0.28962 0 0)
(0.289595 0 0)
(0.289569 0 0)
(0.289543 0 0)
(0.289517 0 0)
(0.28949 0 0)
(0.289463 0 0)
(0.289436 0 0)
(0.289409 0 0)
(0.289382 0 0)
(0.289354 0 0)
(0.289326 0 0)
(0.289298 0 0)
(0.28927 0 0)
(0.289241 0 0)
(0.289212 0 0)
(0.289183 0 0)
(0.289154 0 0)
(0.289124 0 0)
(0.289095 0 0)
(0.289065 0 0)
(0.289035 0 0)
(0.289004 0 0)
(0.288974 0 0)
(0.288943 0 0)
(0.288912 0 0)
(0.288881 0 0)
(0.288849 0 0)
(0.288818 0 0)
(0.288786 0 0)
(0.288754 0 0)
(0.288722 0 0)
(0.28869 0 0)
(0.288657 0 0)
(0.288624 0 0)
(0.288591 0 0)
(0.288558 0 0)
(0.288525 0 0)
(0.288491 0 0)
(0.288458 0 0)
(0.288424 0 0)
(0.28839 0 0)
(0.288356 0 0)
(0.288321 0 0)
(0.288286 0 0)
(0.288252 0 0)
(0.288217 0 0)
(0.288182 0 0)
(0.288146 0 0)
(0.288111 0 0)
(0.288075 0 0)
(0.288039 0 0)
(0.288003 0 0)
(0.287967 0 0)
(0.287931 0 0)
(0.287894 0 0)
(0.287858 0 0)
(0.287821 0 0)
(0.287784 0 0)
(0.287747 0 0)
(0.28771 0 0)
(0.287672 0 0)
(0.287635 0 0)
(0.287597 0 0)
(0.287559 0 0)
(0.287521 0 0)
(0.287483 0 0)
(0.287444 0 0)
(0.287406 0 0)
(0.287367 0 0)
(0.287328 0 0)
(0.287289 0 0)
(0.28725 0 0)
(0.287211 0 0)
(0.287171 0 0)
(0.287132 0 0)
(0.287092 0 0)
(0.287052 0 0)
(0.287012 0 0)
(0.286972 0 0)
(0.286932 0 0)
(0.286891 0 0)
(0.286851 0 0)
(0.28681 0 0)
(0.286769 0 0)
(0.286728 0 0)
(0.286687 0 0)
(0.286646 0 0)
(0.286604 0 0)
(0.286563 0 0)
(0.286521 0 0)
(0.28648 0 0)
(0.286438 0 0)
(0.286396 0 0)
(0.286353 0 0)
(0.286311 0 0)
(0.286269 0 0)
(0.286226 0 0)
(0.286183 0 0)
(0.286141 0 0)
(0.286098 0 0)
(0.286054 0 0)
(0.286011 0 0)
(0.285968 0 0)
(0.285925 0 0)
(0.285881 0 0)
(0.285837 0 0)
(0.285793 0 0)
(0.285749 0 0)
(0.285705 0 0)
(0.285661 0 0)
(0.285617 0 0)
(0.285573 0 0)
(0.285528 0 0)
(0.285483 0 0)
(0.285439 0 0)
(0.285394 0 0)
(0.285349 0 0)
(0.285304 0 0)
(0.285258 0 0)
(0.285213 0 0)
(0.285167 0 0)
(0.285122 0 0)
(0.285076 0 0)
(0.28503 0 0)
(0.284984 0 0)
(0.284938 0 0)
(0.284892 0 0)
(0.284846 0 0)
(0.2848 0 0)
(0.284753 0 0)
(0.284707 0 0)
(0.28466 0 0)
(0.284613 0 0)
(0.284566 0 0)
(0.284519 0 0)
(0.284472 0 0)
(0.284425 0 0)
(0.284378 0 0)
(0.28433 0 0)
(0.284283 0 0)
(0.284235 0 0)
(0.284187 0 0)
(0.284139 0 0)
(0.284091 0 0)
(0.284043 0 0)
(0.283995 0 0)
(0.283947 0 0)
(0.283899 0 0)
(0.28385 0 0)
(0.283802 0 0)
(0.283753 0 0)
(0.283704 0 0)
(0.283655 0 0)
(0.283606 0 0)
(0.283557 0 0)
(0.283508 0 0)
(0.283459 0 0)
(0.283409 0 0)
(0.28336 0 0)
(0.28331 0 0)
(0.283261 0 0)
(0.283211 0 0)
(0.283161 0 0)
(0.283111 0 0)
(0.283061 0 0)
(0.283011 0 0)
(0.282961 0 0)
(0.282911 0 0)
(0.28286 0 0)
(0.28281 0 0)
(0.282759 0 0)
(0.282708 0 0)
(0.282658 0 0)
(0.282607 0 0)
(0.282556 0 0)
(0.282505 0 0)
(0.282454 0 0)
(0.282402 0 0)
(0.282351 0 0)
(0.2823 0 0)
(0.282248 0 0)
(0.282197 0 0)
(0.282145 0 0)
(0.282093 0 0)
(0.282041 0 0)
(0.281989 0 0)
(0.281937 0 0)
(0.281885 0 0)
(0.281833 0 0)
(0.281781 0 0)
(0.281728 0 0)
(0.281676 0 0)
(0.281623 0 0)
(0.281571 0 0)
(0.281518 0 0)
(0.281465 0 0)
(0.281412 0 0)
(0.281359 0 0)
(0.281306 0 0)
(0.281253 0 0)
(0.2812 0 0)
(0.281146 0 0)
(0.281093 0 0)
(0.28104 0 0)
(0.280986 0 0)
(0.280932 0 0)
(0.280879 0 0)
(0.280825 0 0)
(0.280771 0 0)
(0.280717 0 0)
(0.280663 0 0)
(0.280609 0 0)
(0.280554 0 0)
(0.2805 0 0)
(0.280446 0 0)
(0.280391 0 0)
(0.280337 0 0)
(0.280282 0 0)
(0.280227 0 0)
(0.280172 0 0)
(0.280118 0 0)
(0.280063 0 0)
(0.280008 0 0)
(0.279952 0 0)
(0.279897 0 0)
(0.279842 0 0)
(0.279787 0 0)
(0.279731 0 0)
(0.279676 0 0)
(0.27962 0 0)
(0.279564 0 0)
(0.279509 0 0)
(0.279453 0 0)
(0.279397 0 0)
(0.279341 0 0)
(0.279285 0 0)
(0.279229 0 0)
(0.279173 0 0)
(0.279116 0 0)
(0.27906 0 0)
(0.279003 0 0)
(0.278947 0 0)
(0.27889 0 0)
(0.278834 0 0)
(0.278777 0 0)
(0.27872 0 0)
(0.278663 0 0)
(0.278606 0 0)
(0.278549 0 0)
(0.278492 0 0)
(0.278435 0 0)
(0.278378 0 0)
(0.27832 0 0)
(0.278263 0 0)
(0.278205 0 0)
(0.278148 0 0)
(0.27809 0 0)
(0.278033 0 0)
(0.277975 0 0)
(0.277917 0 0)
(0.277859 0 0)
(0.277801 0 0)
(0.277743 0 0)
(0.277685 0 0)
(0.277627 0 0)
(0.277568 0 0)
(0.27751 0 0)
(0.277452 0 0)
(0.277393 0 0)
(0.277334 0 0)
(0.277276 0 0)
(0.277217 0 0)
(0.277158 0 0)
(0.277099 0 0)
(0.277041 0 0)
(0.276982 0 0)
(0.276922 0 0)
(0.276863 0 0)
(0.276804 0 0)
(0.276745 0 0)
(0.276685 0 0)
(0.276626 0 0)
(0.276567 0 0)
(0.276507 0 0)
(0.276447 0 0)
(0.276388 0 0)
(0.276328 0 0)
(0.276268 0 0)
(0.276208 0 0)
(0.276148 0 0)
(0.276088 0 0)
(0.276028 0 0)
(0.275968 0 0)
(0.275908 0 0)
(0.275847 0 0)
(0.275787 0 0)
(0.275726 0 0)
(0.275666 0 0)
(0.275605 0 0)
(0.275545 0 0)
(0.275484 0 0)
(0.275423 0 0)
(0.275362 0 0)
(0.275301 0 0)
(0.27524 0 0)
(0.275179 0 0)
(0.275118 0 0)
(0.275057 0 0)
(0.274995 0 0)
(0.274934 0 0)
(0.274873 0 0)
(0.274811 0 0)
(0.27475 0 0)
(0.274688 0 0)
(0.274626 0 0)
(0.274565 0 0)
(0.274503 0 0)
(0.274441 0 0)
(0.274379 0 0)
(0.274317 0 0)
(0.274255 0 0)
(0.274193 0 0)
(0.274131 0 0)
(0.274068 0 0)
(0.274006 0 0)
(0.273943 0 0)
(0.273881 0 0)
(0.273818 0 0)
(0.273756 0 0)
(0.273693 0 0)
(0.27363 0 0)
(0.273568 0 0)
(0.273505 0 0)
(0.273442 0 0)
(0.273379 0 0)
(0.273316 0 0)
(0.273253 0 0)
(0.273189 0 0)
(0.273126 0 0)
(0.273063 0 0)
(0.272999 0 0)
(0.272936 0 0)
(0.272872 0 0)
(0.272809 0 0)
(0.272745 0 0)
(0.272681 0 0)
(0.272618 0 0)
(0.272554 0 0)
(0.27249 0 0)
(0.272426 0 0)
(0.272362 0 0)
(0.272298 0 0)
(0.272233 0 0)
(0.272169 0 0)
(0.272105 0 0)
(0.272041 0 0)
(0.271976 0 0)
(0.271912 0 0)
(0.271847 0 0)
(0.271782 0 0)
(0.271718 0 0)
(0.271653 0 0)
(0.271588 0 0)
(0.271523 0 0)
(0.271458 0 0)
(0.271393 0 0)
(0.271328 0 0)
(0.271263 0 0)
(0.271198 0 0)
(0.271133 0 0)
(0.271067 0 0)
(0.271002 0 0)
(0.270936 0 0)
(0.270871 0 0)
(0.270805 0 0)
(0.270739 0 0)
(0.270674 0 0)
(0.270608 0 0)
(0.270542 0 0)
(0.270476 0 0)
(0.27041 0 0)
(0.270344 0 0)
(0.270278 0 0)
(0.270212 0 0)
(0.270146 0 0)
(0.270079 0 0)
(0.270013 0 0)
(0.269947 0 0)
(0.26988 0 0)
(0.269813 0 0)
(0.269747 0 0)
(0.26968 0 0)
(0.269613 0 0)
(0.269547 0 0)
(0.26948 0 0)
(0.269413 0 0)
(0.269346 0 0)
(0.269279 0 0)
(0.269212 0 0)
(0.269144 0 0)
(0.269077 0 0)
(0.26901 0 0)
(0.268942 0 0)
(0.268875 0 0)
(0.268807 0 0)
(0.26874 0 0)
(0.268672 0 0)
(0.268604 0 0)
(0.268537 0 0)
(0.268469 0 0)
(0.268401 0 0)
(0.268333 0 0)
(0.268265 0 0)
(0.268197 0 0)
(0.268129 0 0)
(0.26806 0 0)
(0.267992 0 0)
(0.267924 0 0)
(0.267855 0 0)
(0.267787 0 0)
(0.267718 0 0)
(0.26765 0 0)
(0.267581 0 0)
(0.267512 0 0)
(0.267443 0 0)
(0.267374 0 0)
(0.267306 0 0)
(0.267236 0 0)
(0.267167 0 0)
(0.267098 0 0)
(0.267029 0 0)
(0.26696 0 0)
(0.26689 0 0)
(0.266821 0 0)
(0.266752 0 0)
(0.266682 0 0)
(0.266612 0 0)
(0.266543 0 0)
(0.266473 0 0)
(0.266403 0 0)
(0.266333 0 0)
(0.266263 0 0)
(0.266193 0 0)
(0.266123 0 0)
(0.266053 0 0)
(0.265983 0 0)
(0.265913 0 0)
(0.265842 0 0)
(0.265772 0 0)
(0.265701 0 0)
(0.265631 0 0)
(0.26556 0 0)
(0.26549 0 0)
(0.265419 0 0)
(0.265348 0 0)
(0.265277 0 0)
(0.265206 0 0)
(0.265135 0 0)
(0.265064 0 0)
(0.264993 0 0)
(0.264922 0 0)
(0.26485 0 0)
(0.264779 0 0)
(0.264708 0 0)
(0.264636 0 0)
(0.264564 0 0)
(0.264493 0 0)
(0.264421 0 0)
(0.264349 0 0)
(0.264277 0 0)
(0.264205 0 0)
(0.264133 0 0)
(0.264061 0 0)
(0.263989 0 0)
(0.263917 0 0)
(0.263845 0 0)
(0.263772 0 0)
(0.2637 0 0)
(0.263627 0 0)
(0.263555 0 0)
(0.263482 0 0)
(0.263409 0 0)
(0.263337 0 0)
(0.263264 0 0)
(0.263191 0 0)
(0.263118 0 0)
(0.263044 0 0)
(0.262971 0 0)
(0.262898 0 0)
(0.262825 0 0)
(0.262751 0 0)
(0.262678 0 0)
(0.262604 0 0)
(0.26253 0 0)
(0.262457 0 0)
(0.262383 0 0)
(0.262309 0 0)
(0.262235 0 0)
(0.262161 0 0)
(0.262087 0 0)
(0.262012 0 0)
(0.261938 0 0)
(0.261864 0 0)
(0.261789 0 0)
(0.261715 0 0)
(0.26164 0 0)
(0.261565 0 0)
(0.26149 0 0)
(0.261416 0 0)
(0.26134 0 0)
(0.261265 0 0)
(0.26119 0 0)
(0.261115 0 0)
(0.261039 0 0)
(0.260964 0 0)
(0.260888 0 0)
(0.260813 0 0)
(0.260737 0 0)
(0.260661 0 0)
(0.260585 0 0)
(0.260509 0 0)
(0.260433 0 0)
(0.260357 0 0)
(0.26028 0 0)
(0.260204 0 0)
(0.260127 0 0)
(0.260051 0 0)
(0.259974 0 0)
(0.259897 0 0)
(0.25982 0 0)
(0.259743 0 0)
(0.259665 0 0)
(0.259588 0 0)
(0.259511 0 0)
(0.259433 0 0)
(0.259355 0 0)
(0.259277 0 0)
(0.259199 0 0)
(0.259121 0 0)
(0.259043 0 0)
(0.258965 0 0)
(0.258886 0 0)
(0.258807 0 0)
(0.258729 0 0)
(0.25865 0 0)
(0.258571 0 0)
(0.258491 0 0)
(0.258412 0 0)
(0.258332 0 0)
(0.258253 0 0)
(0.258173 0 0)
(0.258093 0 0)
(0.258012 0 0)
(0.257932 0 0)
(0.257851 0 0)
(0.257771 0 0)
(0.25769 0 0)
(0.257608 0 0)
(0.257527 0 0)
(0.257445 0 0)
(0.257363 0 0)
(0.257281 0 0)
(0.257199 0 0)
(0.257116 0 0)
(0.257034 0 0)
(0.256951 0 0)
(0.256867 0 0)
(0.256784 0 0)
(0.2567 0 0)
(0.256615 0 0)
(0.256531 0 0)
(0.256446 0 0)
(0.256361 0 0)
(0.256275 0 0)
(0.256189 0 0)
(0.256103 0 0)
(0.256016 0 0)
(0.255929 0 0)
(0.255842 0 0)
(0.255754 0 0)
(0.255665 0 0)
(0.255576 0 0)
(0.255486 0 0)
(0.255396 0 0)
(0.255305 0 0)
(0.255214 0 0)
(0.255122 0 0)
(0.255029 0 0)
(0.254936 0 0)
(0.254842 0 0)
(0.254746 0 0)
(0.25465 0 0)
(0.254553 0 0)
(0.254456 0 0)
(0.254356 0 0)
(0.254256 0 0)
(0.254155 0 0)
(0.254052 0 0)
(0.253948 0 0)
(0.253842 0 0)
(0.253734 0 0)
(0.253625 0 0)
(0.253514 0 0)
(0.253401 0 0)
(0.253285 0 0)
(0.253167 0 0)
(0.253046 0 0)
(0.252921 0 0)
(0.252794 0 0)
(0.252663 0 0)
(0.252528 0 0)
(0.252388 0 0)
(0.252243 0 0)
(0.252092 0 0)
(0.251935 0 0)
(0.25177 0 0)
(0.251598 0 0)
(0.251416 0 0)
(0.251223 0 0)
(0.251017 0 0)
(0.250797 0 0)
(0.25056 0 0)
(0.250303 0 0)
(0.250021 0 0)
(0.249711 0 0)
(0.249365 0 0)
(0.248975 0 0)
(0.24853 0 0)
(0.248014 0 0)
(0.247405 0 0)
(0.246671 0 0)
(0.245764 0 0)
(0.244606 0 0)
(0.243066 0 0)
(0.240904 0 0)
(0.237621 0 0)
(0.232003 0 0)
(0.220075 0 0)
(0.184402 0 0)
(0.149487 0 0)
(0.145942 0 0)
(0.157213 0 0)
(0.169527 0 0)
(0.175841 0 0)
(0.174863 0 0)
(0.168282 0 0)
(0.15954 0 0)
(0.152219 0 0)
(0.148152 0 0)
(0.147205 0 0)
(0.14837 0 0)
(0.150656 0 0)
(0.153338 0 0)
(0.155918 0 0)
(0.158033 0 0)
(0.159426 0 0)
(0.159958 0 0)
(0.159647 0 0)
(0.15868 0 0)
(0.157374 0 0)
(0.156081 0 0)
(0.155086 0 0)
(0.154541 0 0)
(0.15446 0 0)
(0.154755 0 0)
(0.155282 0 0)
(0.155888 0 0)
(0.156439 0 0)
(0.156839 0 0)
(0.157041 0 0)
(0.157045 0 0)
(0.156888 0 0)
(0.156637 0 0)
(0.156362 0 0)
(0.156124 0 0)
(0.155965 0 0)
(0.1559 0 0)
(0.15592 0 0)
(0.156003 0 0)
(0.156117 0 0)
(0.156232 0 0)
(0.156321 0 0)
(0.156371 0 0)
(0.156379 0 0)
(0.15635 0 0)
(0.156297 0 0)
(0.156235 0 0)
(0.156177 0 0)
(0.156134 0 0)
(0.156112 0 0)
(0.15611 0 0)
(0.156124 0 0)
(0.156149 0 0)
(0.156176 0 0)
(0.156201 0 0)
(0.156218 0 0)
(0.156227 0 0)
(0.156227 0 0)
(0.156221 0 0)
(0.156212 0 0)
(0.156203 0 0)
(0.156197 0 0)
(0.156194 0 0)
(0.156196 0 0)
(0.156202 0 0)
(0.15621 0 0)
(0.156218 0 0)
(0.156226 0 0)
(0.156232 0 0)
(0.156235 0 0)
(0.156236 0 0)
(0.156233 0 0)
(0.156229 0 0)
(0.156223 0 0)
(0.156217 0 0)
(0.156211 0 0)
(0.156205 0 0)
(0.1562 0 0)
(0.156195 0 0)
(0.156191 0 0)
(0.156187 0 0)
(0.156183 0 0)
(0.15618 0 0)
(0.156176 0 0)
(0.156173 0 0)
(0.156169 0 0)
(0.156167 0 0)
(0.156165 0 0)
(0.156163 0 0)
(0.156162 0 0)
(0.156162 0 0)
(0.156162 0 0)
(0.156163 0 0)
(0.156164 0 0)
(0.156165 0 0)
(0.156167 0 0)
(0.156168 0 0)
(0.156169 0 0)
(0.156171 0 0)
(0.156172 0 0)
(0.156173 0 0)
(0.156174 0 0)
(0.156174 0 0)
(0.156175 0 0)
(0.156175 0 0)
(0.156175 0 0)
(0.156174 0 0)
(0.156173 0 0)
(0.156172 0 0)
(0.156171 0 0)
(0.156169 0 0)
(0.156166 0 0)
(0.156164 0 0)
(0.156161 0 0)
(0.156158 0 0)
(0.156155 0 0)
(0.156152 0 0)
(0.15615 0 0)
(0.156147 0 0)
(0.156144 0 0)
(0.156142 0 0)
(0.15614 0 0)
(0.156139 0 0)
(0.156138 0 0)
(0.156137 0 0)
(0.156136 0 0)
(0.156136 0 0)
(0.156136 0 0)
(0.156137 0 0)
(0.156138 0 0)
(0.156139 0 0)
(0.15614 0 0)
(0.156141 0 0)
(0.156143 0 0)
(0.156145 0 0)
(0.156146 0 0)
(0.156148 0 0)
(0.15615 0 0)
(0.156151 0 0)
(0.156153 0 0)
(0.156154 0 0)
(0.156155 0 0)
(0.156156 0 0)
(0.156157 0 0)
(0.156157 0 0)
(0.156158 0 0)
(0.156158 0 0)
(0.156158 0 0)
(0.156157 0 0)
(0.156157 0 0)
(0.156156 0 0)
(0.156155 0 0)
(0.156154 0 0)
(0.156153 0 0)
(0.156152 0 0)
(0.15615 0 0)
(0.156149 0 0)
(0.156148 0 0)
(0.156146 0 0)
(0.156145 0 0)
(0.156144 0 0)
(0.156142 0 0)
(0.156141 0 0)
(0.156139 0 0)
(0.156137 0 0)
(0.156136 0 0)
(0.156134 0 0)
(0.156132 0 0)
(0.15613 0 0)
(0.156128 0 0)
(0.156126 0 0)
(0.156124 0 0)
(0.156121 0 0)
(0.156119 0 0)
(0.156117 0 0)
(0.156114 0 0)
(0.156112 0 0)
(0.15611 0 0)
(0.156107 0 0)
(0.156105 0 0)
(0.156103 0 0)
(0.1561 0 0)
(0.156098 0 0)
(0.156096 0 0)
(0.156095 0 0)
(0.156093 0 0)
(0.156091 0 0)
(0.15609 0 0)
(0.156089 0 0)
(0.156088 0 0)
(0.156087 0 0)
(0.156086 0 0)
(0.156086 0 0)
(0.156085 0 0)
(0.156085 0 0)
(0.156084 0 0)
(0.156084 0 0)
(0.156084 0 0)
(0.156083 0 0)
(0.156083 0 0)
(0.156083 0 0)
(0.156082 0 0)
(0.156082 0 0)
(0.156081 0 0)
(0.15608 0 0)
(0.15608 0 0)
(0.156079 0 0)
(0.156078 0 0)
(0.156077 0 0)
(0.156076 0 0)
(0.156075 0 0)
(0.156074 0 0)
(0.156072 0 0)
(0.156071 0 0)
(0.15607 0 0)
(0.156069 0 0)
(0.156067 0 0)
(0.156066 0 0)
(0.156065 0 0)
(0.156063 0 0)
(0.156062 0 0)
(0.156061 0 0)
(0.15606 0 0)
(0.156059 0 0)
(0.156058 0 0)
(0.156058 0 0)
(0.156057 0 0)
(0.156056 0 0)
(0.156056 0 0)
(0.156055 0 0)
(0.156055 0 0)
(0.156055 0 0)
(0.156055 0 0)
(0.156054 0 0)
(0.156054 0 0)
(0.156054 0 0)
(0.156054 0 0)
(0.156054 0 0)
(0.156054 0 0)
(0.156054 0 0)
(0.156054 0 0)
(0.156053 0 0)
(0.156053 0 0)
(0.156053 0 0)
(0.156052 0 0)
(0.156052 0 0)
(0.156052 0 0)
(0.156051 0 0)
(0.15605 0 0)
(0.15605 0 0)
(0.156049 0 0)
(0.156048 0 0)
(0.156047 0 0)
(0.156046 0 0)
(0.156045 0 0)
(0.156044 0 0)
(0.156043 0 0)
(0.156042 0 0)
(0.156041 0 0)
(0.156039 0 0)
(0.156038 0 0)
(0.156037 0 0)
(0.156035 0 0)
(0.156034 0 0)
(0.156032 0 0)
(0.156031 0 0)
(0.156029 0 0)
(0.156028 0 0)
(0.156026 0 0)
(0.156024 0 0)
(0.156023 0 0)
(0.156021 0 0)
(0.15602 0 0)
(0.156018 0 0)
(0.156016 0 0)
(0.156015 0 0)
(0.156013 0 0)
(0.156012 0 0)
(0.15601 0 0)
(0.156009 0 0)
(0.156007 0 0)
(0.156006 0 0)
(0.156005 0 0)
(0.156003 0 0)
(0.156002 0 0)
(0.156001 0 0)
(0.156 0 0)
(0.155999 0 0)
(0.155998 0 0)
(0.155997 0 0)
(0.155996 0 0)
(0.155995 0 0)
(0.155995 0 0)
(0.155994 0 0)
(0.155993 0 0)
)
;

boundaryField
{
    inlet
    {
        type            fractionalVelocity;
        U               1((1 0 0));
        fractionalFlow  Fb;
        value           uniform (0.290579 0 0);
    }
    outlet
    {
        type            zeroGradient;
    }
    emptyWalls
    {
        type            empty;
    }
}


// ************************************************************************* //
