/*--------------------------------*- C++ -*----------------------------------*\
  =========                 |
  \\      /  F ield         | OpenFOAM: The Open Source CFD Toolbox
   \\    /   O peration     | Website:  https://openfoam.org
    \\  /    A nd           | Version:  9
     \\/     M anipulation  |
\*---------------------------------------------------------------------------*/
FoamFile
{
    format      ascii;
    class       volScalarField;
    location    "5.8";
    object      krb;
}
// * * * * * * * * * * * * * * * * * * * * * * * * * * * * * * * * * * * * * //

dimensions      [0 0 0 0 0 0 0];

internalField   nonuniform List<scalar> 
1000
(
0.300486
0.298987
0.297612
0.296302
0.295036
0.293804
0.2926
0.29142
0.290262
0.289124
0.288004
0.286902
0.285815
0.284744
0.283688
0.282646
0.281617
0.280602
0.279599
0.278608
0.277629
0.276662
0.275706
0.274761
0.273826
0.272902
0.271988
0.271084
0.270189
0.269303
0.268427
0.26756
0.266702
0.265852
0.265011
0.264177
0.263352
0.262535
0.261726
0.260924
0.26013
0.259343
0.258563
0.25779
0.257025
0.256266
0.255513
0.254768
0.254028
0.253295
0.252569
0.251848
0.251134
0.250425
0.249723
0.249026
0.248334
0.247648
0.246968
0.246293
0.245624
0.244959
0.2443
0.243646
0.242997
0.242352
0.241713
0.241078
0.240448
0.239823
0.239202
0.238586
0.237974
0.237367
0.236764
0.236165
0.23557
0.23498
0.234393
0.233811
0.233232
0.232658
0.232087
0.23152
0.230957
0.230398
0.229842
0.22929
0.228742
0.228197
0.227655
0.227117
0.226583
0.226052
0.225524
0.224999
0.224478
0.22396
0.223445
0.222933
0.222424
0.221918
0.221416
0.220916
0.220419
0.219925
0.219434
0.218946
0.218461
0.217978
0.217499
0.217021
0.216547
0.216075
0.215606
0.21514
0.214676
0.214215
0.213756
0.2133
0.212846
0.212394
0.211945
0.211499
0.211054
0.210613
0.210173
0.209736
0.209301
0.208868
0.208437
0.208009
0.207583
0.207159
0.206737
0.206317
0.2059
0.205484
0.20507
0.204659
0.204249
0.203842
0.203436
0.203033
0.202631
0.202231
0.201834
0.201438
0.201044
0.200651
0.200261
0.199872
0.199486
0.199101
0.198717
0.198336
0.197956
0.197578
0.197202
0.196827
0.196454
0.196083
0.195713
0.195345
0.194979
0.194614
0.194251
0.193889
0.193529
0.19317
0.192813
0.192458
0.192104
0.191751
0.1914
0.19105
0.190702
0.190356
0.19001
0.189666
0.189324
0.188983
0.188643
0.188305
0.187968
0.187632
0.187298
0.186965
0.186634
0.186303
0.185974
0.185647
0.18532
0.184995
0.184671
0.184348
0.184027
0.183707
0.183388
0.18307
0.182753
0.182438
0.182124
0.181811
0.181499
0.181188
0.180878
0.18057
0.180263
0.179956
0.179651
0.179347
0.179044
0.178743
0.178442
0.178142
0.177843
0.177546
0.177249
0.176954
0.176659
0.176366
0.176074
0.175782
0.175492
0.175202
0.174914
0.174626
0.17434
0.174054
0.17377
0.173486
0.173204
0.172922
0.172641
0.172361
0.172082
0.171804
0.171527
0.171251
0.170976
0.170701
0.170428
0.170155
0.169883
0.169612
0.169342
0.169073
0.168804
0.168537
0.16827
0.168004
0.167739
0.167475
0.167211
0.166949
0.166687
0.166426
0.166165
0.165906
0.165647
0.165389
0.165132
0.164876
0.16462
0.164365
0.164111
0.163858
0.163605
0.163353
0.163102
0.162851
0.162602
0.162353
0.162104
0.161857
0.16161
0.161363
0.161118
0.160873
0.160629
0.160385
0.160143
0.1599
0.159659
0.159418
0.159178
0.158939
0.1587
0.158461
0.158224
0.157987
0.157751
0.157515
0.15728
0.157045
0.156812
0.156578
0.156346
0.156114
0.155882
0.155652
0.155421
0.155192
0.154963
0.154734
0.154506
0.154279
0.154052
0.153826
0.1536
0.153375
0.153151
0.152927
0.152703
0.15248
0.152258
0.152036
0.151815
0.151594
0.151374
0.151154
0.150935
0.150716
0.150498
0.150281
0.150063
0.149847
0.14963
0.149415
0.1492
0.148985
0.148771
0.148557
0.148344
0.148131
0.147918
0.147707
0.147495
0.147284
0.147074
0.146863
0.146654
0.146445
0.146236
0.146028
0.14582
0.145612
0.145405
0.145198
0.144992
0.144786
0.144581
0.144376
0.144171
0.143967
0.143763
0.14356
0.143357
0.143154
0.142952
0.14275
0.142548
0.142347
0.142146
0.141945
0.141745
0.141545
0.141346
0.141146
0.140947
0.140749
0.140551
0.140353
0.140155
0.139958
0.13976
0.139564
0.139367
0.139171
0.138975
0.138779
0.138583
0.138388
0.138193
0.137998
0.137803
0.137609
0.137415
0.13722
0.137026
0.136833
0.136639
0.136446
0.136252
0.136059
0.135866
0.135672
0.135479
0.135286
0.135093
0.1349
0.134707
0.134514
0.134321
0.134128
0.133935
0.133741
0.133548
0.133354
0.13316
0.132965
0.132771
0.132576
0.132381
0.132185
0.131989
0.131792
0.131594
0.131396
0.131198
0.130998
0.130797
0.130596
0.130393
0.130189
0.129984
0.129778
0.12957
0.12936
0.129148
0.128934
0.128717
0.128498
0.128276
0.128051
0.127822
0.127589
0.127352
0.12711
0.126862
0.126608
0.126346
0.126077
0.125799
0.12551
0.125209
0.124894
0.124563
0.124213
0.123841
0.123443
0.123014
0.122547
0.122034
0.121463
0.12082
0.120086
0.11923
0.118214
0.116975
0.115416
0.113378
0.11057
0.106418
0.099606
0.0863352
0.0532137
0.0350706
0.0361267
0.0380366
0.0389234
0.038858
0.0383304
0.0376934
0.0371818
0.0369087
0.0368562
0.0369475
0.0371107
0.0372956
0.0374695
0.0376094
0.0376996
0.0377316
0.0377072
0.0376388
0.0375482
0.0374593
0.0373919
0.0373562
0.0373525
0.0373739
0.0374104
0.0374513
0.0374876
0.0375132
0.0375253
0.0375241
0.0375125
0.0374951
0.0374765
0.0374609
0.0374508
0.0374471
0.0374492
0.0374551
0.037463
0.0374705
0.0374762
0.0374793
0.0374795
0.0374774
0.0374738
0.0374698
0.0374663
0.0374639
0.0374629
0.0374632
0.0374646
0.0374665
0.0374685
0.0374702
0.0374712
0.0374715
0.0374712
0.0374703
0.0374691
0.0374678
0.0374666
0.0374656
0.0374647
0.0374641
0.0374635
0.037463
0.0374625
0.0374618
0.0374611
0.0374602
0.0374593
0.0374584
0.0374575
0.0374567
0.0374559
0.0374553
0.0374548
0.0374543
0.0374539
0.0374536
0.0374533
0.037453
0.0374527
0.0374523
0.037452
0.0374518
0.0374515
0.0374512
0.037451
0.0374507
0.0374505
0.0374502
0.0374499
0.0374497
0.0374493
0.037449
0.0374487
0.0374483
0.0374479
0.0374475
0.0374472
0.0374468
0.0374464
0.0374461
0.0374458
0.0374455
0.0374452
0.0374449
0.0374447
0.0374444
0.0374442
0.037444
0.0374437
0.0374435
0.0374432
0.0374429
0.0374427
0.0374424
0.037442
0.0374417
0.0374413
0.0374409
0.0374405
0.03744
0.0374396
0.0374391
0.0374386
0.0374382
0.0374377
0.0374372
0.0374367
0.0374363
0.0374358
0.0374354
0.0374349
0.0374345
0.037434
0.0374336
0.0374332
0.0374328
0.0374324
0.037432
0.0374315
0.0374311
0.0374307
0.0374303
0.0374299
0.0374294
0.037429
0.0374286
0.0374281
0.0374277
0.0374273
0.0374268
0.0374264
0.037426
0.0374255
0.0374251
0.0374247
0.0374243
0.0374238
0.0374234
0.037423
0.0374226
0.0374222
0.0374217
0.0374213
0.0374209
0.0374204
0.03742
0.0374196
0.0374191
0.0374187
0.0374183
0.0374178
0.0374174
0.037417
0.0374165
0.0374161
0.0374157
0.0374153
0.0374149
0.0374145
0.0374141
0.0374138
0.0374134
0.0374131
0.0374127
0.0374124
0.0374121
0.0374118
0.0374115
0.0374112
0.0374109
0.0374106
0.0374103
0.03741
0.0374097
0.0374094
0.037409
0.0374087
0.0374084
0.037408
0.0374076
0.0374072
0.0374068
0.0374064
0.037406
0.0374055
0.037405
0.0374045
0.037404
0.0374034
0.0374029
0.0374023
0.0374017
0.0374011
0.0374005
0.0373998
0.0373992
0.0373985
0.0373978
0.0373972
0.0373965
0.0373959
0.0373952
0.0373945
0.0373939
0.0373932
0.0373926
0.037392
0.0373914
0.0373908
0.0373902
0.0373897
0.0373891
0.0373886
0.0373881
0.0373876
0.0373871
0.0373866
0.0373862
0.0373857
0.0373853
0.0373849
0.0373845
0.0373841
0.0373837
0.0373833
0.0373829
0.0373825
0.0373821
0.0373818
0.0373814
0.037381
0.0373806
0.0373802
0.0373798
0.0373794
0.037379
0.0373786
0.0373782
0.0373778
0.0373774
0.037377
0.0373765
0.0373761
0.0373756
0.0373752
0.0373747
0.0373743
0.0373738
0.0373733
0.0373729
0.0373724
0.0373719
0.0373714
0.0373709
0.0373704
0.03737
0.0373695
0.037369
0.0373685
0.037368
0.0373675
0.037367
0.0373665
0.0373661
0.0373656
0.0373651
0.0373646
0.0373641
0.0373636
0.0373632
0.0373627
0.0373622
0.0373617
0.0373612
0.0373607
0.0373602
0.0373597
0.0373592
0.0373587
0.0373582
0.0373577
0.0373572
0.0373567
0.0373561
0.0373556
0.0373551
0.0373546
0.037354
0.0373535
0.0373529
0.0373523
0.0373516
0.0373503
0.0373449
0.0373173
0.0371627
0.036295
0.0316664
0.0144829
0.000532531
6.99073e-08
2.16284e-16
0
0
0
0
0
0
0
0
0
0
0
0
0
0
0
0
0
0
0
0
0
0
0
0
0
0
0
0
0
0
0
0
0
0
0
0
0
0
0
0
0
0
0
0
0
0
0
0
0
0
0
0
0
0
0
0
0
0
0
0
0
0
0
0
0
0
0
0
0
0
0
0
0
0
0
0
0
0
0
0
0
0
0
0
0
0
0
0
0
0
0
0
0
0
0
0
0
0
0
0
0
0
0
0
0
0
0
0
0
0
0
0
0
0
0
0
0
0
0
0
0
0
0
0
0
0
0
0
0
0
0
0
0
0
0
0
0
0
0
0
0
0
0
0
0
0
0
0
0
0
0
0
0
0
0
0
0
0
0
0
0
0
0
0
0
0
0
0
0
0
0
0
0
0
0
0
0
0
0
0
0
0
0
0
0
0
0
0
0
0
0
0
0
0
0
0
0
0
0
0
0
0
0
0
0
)
;

boundaryField
{
    inlet
    {
        type            calculated;
        value           uniform 0.302959;
    }
    outlet
    {
        type            calculated;
        value           uniform 0;
    }
    emptyWalls
    {
        type            empty;
    }
}


// ************************************************************************* //
