/*--------------------------------*- C++ -*----------------------------------*\
  =========                 |
  \\      /  F ield         | OpenFOAM: The Open Source CFD Toolbox
   \\    /   O peration     | Website:  https://openfoam.org
    \\  /    A nd           | Version:  9
     \\/     M anipulation  |
\*---------------------------------------------------------------------------*/
FoamFile
{
    format      ascii;
    class       volVectorField;
    location    "725";
    object      Ua;
}
// * * * * * * * * * * * * * * * * * * * * * * * * * * * * * * * * * * * * * //

dimensions      [0 0 0 0 0 0 0];

internalField   nonuniform List<vector> 
100
(
(0 0 2.03428e-08)
(0 0 2.1881e-08)
(0 0 2.38151e-08)
(0 0 2.48992e-08)
(0 0 2.66645e-08)
(0 0 2.9056e-08)
(0 0 3.18509e-08)
(0 0 3.49182e-08)
(0 0 3.81539e-08)
(0 0 4.14642e-08)
(0 0 4.47862e-08)
(0 0 4.81131e-08)
(0 0 5.14167e-08)
(0 0 5.46797e-08)
(0 0 5.79199e-08)
(0 0 6.11377e-08)
(0 0 6.4322e-08)
(0 0 6.74747e-08)
(0 0 7.05998e-08)
(0 0 7.36952e-08)
(0 0 7.67696e-08)
(0 0 7.98215e-08)
(0 0 8.28435e-08)
(0 0 8.58397e-08)
(0 0 8.88144e-08)
(0 0 9.17577e-08)
(0 0 9.46624e-08)
(0 0 9.75198e-08)
(0 0 1.00293e-07)
(0 0 1.02797e-07)
(0 0 5.20361e-08)
(0 0 6.53994e-11)
(0 0 1.68129e-24)
(0 0 5.56785e-25)
(0 0 1.72212e-26)
(0 0 1.40142e-27)
(0 0 1.31327e-27)
(0 0 1.31235e-27)
(0 0 1.31234e-27)
(0 0 1.31234e-27)
(0 0 1.31234e-27)
(0 0 1.31234e-27)
(0 0 1.31234e-27)
(0 0 1.31234e-27)
(0 0 1.31234e-27)
(0 0 1.31234e-27)
(0 0 1.31234e-27)
(0 0 1.31234e-27)
(0 0 1.31234e-27)
(0 0 1.31234e-27)
(0 0 1.31234e-27)
(0 0 1.31234e-27)
(0 0 1.31234e-27)
(0 0 1.31234e-27)
(0 0 1.31234e-27)
(0 0 1.31234e-27)
(0 0 1.31234e-27)
(0 0 1.31234e-27)
(0 0 1.31234e-27)
(0 0 1.31234e-27)
(0 0 1.31234e-27)
(0 0 1.31234e-27)
(0 0 1.31234e-27)
(0 0 1.31234e-27)
(0 0 1.31234e-27)
(0 0 1.31234e-27)
(0 0 1.31234e-27)
(0 0 1.31234e-27)
(0 0 1.31234e-27)
(0 0 1.31234e-27)
(0 0 1.31234e-27)
(0 0 1.31234e-27)
(0 0 1.31234e-27)
(0 0 1.31234e-27)
(0 0 1.31234e-27)
(0 0 1.31234e-27)
(0 0 1.31234e-27)
(0 0 1.31234e-27)
(0 0 1.31234e-27)
(0 0 1.31234e-27)
(0 0 1.31234e-27)
(0 0 1.31234e-27)
(0 0 1.31234e-27)
(0 0 1.31234e-27)
(0 0 1.31234e-27)
(0 0 1.31234e-27)
(0 0 1.31234e-27)
(0 0 1.31234e-27)
(0 0 1.31234e-27)
(0 0 1.31234e-27)
(0 0 1.31234e-27)
(0 0 1.31234e-27)
(0 0 1.31234e-27)
(0 0 1.31234e-27)
(0 0 1.31234e-27)
(0 0 1.31234e-27)
(0 0 1.31234e-27)
(0 0 1.31234e-27)
(0 0 1.31234e-27)
(0 0 1.31234e-27)
)
;

boundaryField
{
    inlet
    {
        type            prescribedFracFlowVelocity;
        U               1((0 0 1.61572e-05));
        fractionalFlow  0;
        value           uniform (0 0 0);
    }
    outlet
    {
        type            zeroGradient;
    }
    emptyWalls
    {
        type            empty;
    }
}


// ************************************************************************* //
