/*--------------------------------*- C++ -*----------------------------------*\
  =========                 |
  \\      /  F ield         | OpenFOAM: The Open Source CFD Toolbox
   \\    /   O peration     | Website:  https://openfoam.org
    \\  /    A nd           | Version:  9
     \\/     M anipulation  |
\*---------------------------------------------------------------------------*/
FoamFile
{
    format      ascii;
    class       surfaceScalarField;
    location    "12.6";
    object      phic;
}
// * * * * * * * * * * * * * * * * * * * * * * * * * * * * * * * * * * * * * //

dimensions      [0 2 0 0 0 0 0];

internalField   nonuniform List<scalar> 
999
(
8.87693e-07
2.31539e-06
4.23967e-06
6.63822e-06
9.49614e-06
1.2802e-05
1.65466e-05
2.07218e-05
2.53203e-05
3.03357e-05
3.57619e-05
4.15932e-05
4.78243e-05
5.44499e-05
6.14651e-05
6.88653e-05
7.6646e-05
8.48025e-05
9.33308e-05
0.000102227
0.000111486
0.000121105
0.000131079
0.000141406
0.00015208
0.0001631
0.00017446
0.000186158
0.00019819
0.000210553
0.000223244
0.000236259
0.000249596
0.000263251
0.00027722
0.000291502
0.000306094
0.000320992
0.000336193
0.000351695
0.000367495
0.00038359
0.000399978
0.000416655
0.00043362
0.00045087
0.000468403
0.000486215
0.000504305
0.000522669
0.000541307
0.000560214
0.00057939
0.000598832
0.000618537
0.000638503
0.000658729
0.000679212
0.000699949
0.00072094
0.000742181
0.000763671
0.000785408
0.00080739
0.000829614
0.00085208
0.000874784
0.000897726
0.000920903
0.000944313
0.000967955
0.000991827
0.00101593
0.00104025
0.0010648
0.00108958
0.00111457
0.00113979
0.00116522
0.00119087
0.00121674
0.00124282
0.00126911
0.0012956
0.00132231
0.00134923
0.00137635
0.00140368
0.0014312
0.00145893
0.00148686
0.00151499
0.00154332
0.00157184
0.00160055
0.00162946
0.00165856
0.00168785
0.00171733
0.001747
0.00177686
0.0018069
0.00183712
0.00186753
0.00189812
0.00192889
0.00195983
0.00199096
0.00202227
0.00205375
0.0020854
0.00211723
0.00214923
0.0021814
0.00221374
0.00224626
0.00227894
0.00231178
0.0023448
0.00237798
0.00241132
0.00244482
0.00247849
0.00251232
0.00254631
0.00258046
0.00261477
0.00264923
0.00268385
0.00271862
0.00275355
0.00278864
0.00282387
0.00285926
0.0028948
0.00293049
0.00296632
0.00300231
0.00303844
0.00307472
0.00311115
0.00314772
0.00318443
0.00322129
0.00325829
0.00329543
0.00333271
0.00337014
0.0034077
0.0034454
0.00348324
0.00352121
0.00355932
0.00359757
0.00363595
0.00367447
0.00371312
0.0037519
0.00379081
0.00382986
0.00386903
0.00390834
0.00394777
0.00398734
0.00402703
0.00406685
0.00410679
0.00414686
0.00418706
0.00422738
0.00426782
0.00430839
0.00434908
0.00438989
0.00443083
0.00447188
0.00451306
0.00455435
0.00459576
0.0046373
0.00467895
0.00472071
0.0047626
0.0048046
0.00484671
0.00488894
0.00493129
0.00497375
0.00501632
0.00505901
0.00510181
0.00514472
0.00518774
0.00523087
0.00527411
0.00531746
0.00536092
0.00540449
0.00544817
0.00549196
0.00553585
0.00557985
0.00562396
0.00566817
0.00571249
0.00575691
0.00580143
0.00584606
0.0058908
0.00593564
0.00598057
0.00602562
0.00607076
0.006116
0.00616135
0.00620679
0.00625234
0.00629798
0.00634372
0.00638957
0.00643551
0.00648154
0.00652768
0.00657391
0.00662024
0.00666666
0.00671318
0.0067598
0.00680651
0.00685332
0.00690021
0.00694721
0.00699429
0.00704147
0.00708874
0.00713611
0.00718356
0.00723111
0.00727875
0.00732648
0.0073743
0.00742221
0.00747021
0.0075183
0.00756647
0.00761474
0.0076631
0.00771154
0.00776007
0.00780869
0.00785739
0.00790618
0.00795506
0.00800402
0.00805307
0.0081022
0.00815142
0.00820072
0.00825011
0.00829958
0.00834914
0.00839878
0.0084485
0.0084983
0.00854819
0.00859816
0.00864821
0.00869834
0.00874856
0.00879885
0.00884923
0.00889968
0.00895022
0.00900083
0.00905153
0.0091023
0.00915316
0.00920409
0.0092551
0.00930619
0.00935735
0.0094086
0.00945992
0.00951132
0.00956279
0.00961435
0.00966597
0.00971768
0.00976946
0.00982131
0.00987324
0.00992525
0.00997733
0.0100295
0.0100817
0.010134
0.0101864
0.0102388
0.0102914
0.010344
0.0103966
0.0104494
0.0105022
0.0105551
0.010608
0.0106611
0.0107142
0.0107673
0.0108206
0.0108739
0.0109273
0.0109807
0.0110343
0.0110878
0.0111415
0.0111952
0.0112491
0.0113029
0.0113569
0.0114109
0.0114649
0.0115191
0.0115733
0.0116276
0.0116819
0.0117364
0.0117908
0.0118454
0.0119
0.0119547
0.0120094
0.0120643
0.0121191
0.0121741
0.0122291
0.0122842
0.0123393
0.0123945
0.0124498
0.0125051
0.0125605
0.012616
0.0126715
0.0127271
0.0127828
0.0128385
0.0128943
0.0129501
0.0130061
0.013062
0.0131181
0.0131742
0.0132303
0.0132865
0.0133428
0.0133992
0.0134556
0.0135121
0.0135686
0.0136252
0.0136818
0.0137386
0.0137953
0.0138522
0.0139091
0.013966
0.014023
0.0140801
0.0141373
0.0141944
0.0142517
0.014309
0.0143664
0.0144238
0.0144813
0.0145389
0.0145965
0.0146541
0.0147119
0.0147696
0.0148275
0.0148854
0.0149433
0.0150014
0.0150594
0.0151176
0.0151757
0.015234
0.0152923
0.0153506
0.0154091
0.0154675
0.0155261
0.0155846
0.0156433
0.015702
0.0157607
0.0158195
0.0158784
0.0159373
0.0159963
0.0160553
0.0161144
0.0161735
0.0162327
0.0162919
0.0163512
0.0164106
0.01647
0.0165295
0.016589
0.0166486
0.0167082
0.0167679
0.0168276
0.0168874
0.0169472
0.0170071
0.017067
0.017127
0.0171871
0.0172472
0.0173074
0.0173676
0.0174278
0.0174881
0.0175485
0.0176089
0.0176694
0.0177299
0.0177905
0.0178511
0.0179118
0.0179725
0.0180333
0.0180941
0.018155
0.0182159
0.0182769
0.0183379
0.018399
0.0184602
0.0185213
0.0185826
0.0186439
0.0187052
0.0187666
0.018828
0.0188895
0.018951
0.0190126
0.0190743
0.0191359
0.0191977
0.0192595
0.0193213
0.0193832
0.0194451
0.0195071
0.0195691
0.0196312
0.0196933
0.0197555
0.0198177
0.01988
0.0199423
0.0200047
0.0200671
0.0201296
0.0201921
0.0202546
0.0203172
0.0203799
0.0204426
0.0205054
0.0205682
0.020631
0.0206939
0.0207568
0.0208198
0.0208829
0.0209459
0.0210091
0.0210723
0.0211355
0.0211987
0.0212621
0.0213254
0.0213888
0.0214523
0.0215158
0.0215793
0.0216429
0.0217066
0.0217703
0.021834
0.0218978
0.0219616
0.0220255
0.0220894
0.0221534
0.0222174
0.0222814
0.0223455
0.0224097
0.0224739
0.0225381
0.0226024
0.0226667
0.0227311
0.0227955
0.0228599
0.0229245
0.022989
0.0230536
0.0231182
0.0231829
0.0232476
0.0233124
0.0233772
0.0234421
0.023507
0.023572
0.023637
0.023702
0.0237671
0.0238322
0.0238974
0.0239626
0.0240278
0.0240931
0.0241585
0.0242239
0.0242893
0.0243548
0.0244203
0.0244859
0.0245515
0.0246171
0.0246828
0.0247486
0.0248143
0.0248802
0.024946
0.0250119
0.0250779
0.0251439
0.0252099
0.025276
0.0253421
0.0254083
0.0254745
0.0255407
0.025607
0.0256734
0.0257397
0.0258062
0.0258726
0.0259391
0.0260057
0.0260723
0.0261389
0.0262056
0.0262723
0.0263391
0.0264059
0.0264727
0.0265396
0.0266065
0.0266735
0.0267405
0.0268075
0.0268746
0.0269418
0.0270089
0.0270761
0.0271434
0.0272107
0.027278
0.0273454
0.0274129
0.0274803
0.0275478
0.0276154
0.027683
0.0277506
0.0278183
0.027886
0.0279537
0.0280215
0.0280894
0.0281572
0.0282252
0.0282931
0.0283611
0.0284292
0.0284972
0.0285654
0.0286335
0.0287017
0.02877
0.0288383
0.0289066
0.0289749
0.0290433
0.0291118
0.0291803
0.0292488
0.0293174
0.029386
0.0294546
0.0295233
0.029592
0.0296608
0.0297296
0.0297985
0.0298674
0.0299363
0.0300053
0.0300743
0.0301433
0.0302124
0.0302815
0.0303507
0.0304199
0.0304892
0.0305585
0.0306278
0.0306972
0.0307666
0.030836
0.0309055
0.030975
0.0310446
0.0311142
0.0311839
0.0312536
0.0313233
0.0313931
0.0314629
0.0315327
0.0316026
0.0316725
0.0317425
0.0318125
0.0318825
0.0319526
0.0320227
0.0320929
0.0321631
0.0322334
0.0323036
0.032374
0.0324443
0.0325147
0.0325852
0.0326556
0.0327262
0.0327967
0.0328673
0.0329379
0.0330086
0.0330793
0.0331501
0.0332209
0.0332917
0.0333626
0.0334335
0.0335045
0.0335754
0.0336465
0.0337175
0.0337886
0.0338598
0.033931
0.0340022
0.0340735
0.0341448
0.0342161
0.0342875
0.0343589
0.0344304
0.0345019
0.0345734
0.034645
0.0347166
0.0347883
0.03486
0.0349317
0.0350035
0.0350753
0.0351472
0.0352191
0.035291
0.035363
0.035435
0.035507
0.0355791
0.0356512
0.0357234
0.0357956
0.0358679
0.0359402
0.0360125
0.0360849
0.0361573
0.0362297
0.0363022
0.0363747
0.0364473
0.0365199
0.0365925
0.0366652
0.0367379
0.0368107
0.0368835
0.0369563
0.0370292
0.0371021
0.0371751
0.0372481
0.0373211
0.0373942
0.0374673
0.0375405
0.0376137
0.0376869
0.0377602
0.0378335
0.0379069
0.0379802
0.0380537
0.0381272
0.0382007
0.0382742
0.0383478
0.0384215
0.0384951
0.0385689
0.0386426
0.0387164
0.0387903
0.0388641
0.0389381
0.039012
0.039086
0.0391601
0.0392342
0.0393083
0.0393824
0.0394566
0.0395309
0.0396052
0.0396795
0.0397539
0.0398283
0.0399027
0.0399772
0.0400518
0.0401263
0.040201
0.0402756
0.0403503
0.0404251
0.0404998
0.0405747
0.0406495
0.0407244
0.0407994
0.0408744
0.0409494
0.0410245
0.0410996
0.0411748
0.04125
0.0413252
0.0414005
0.0414759
0.0415512
0.0416267
0.0417021
0.0417776
0.0418532
0.0419288
0.0420044
0.0420801
0.0421558
0.0422316
0.0423074
0.0423833
0.0424592
0.0425351
0.0426111
0.0426871
0.0427632
0.0428394
0.0429155
0.0429917
0.043068
0.0431443
0.0432207
0.0432971
0.0433735
0.04345
0.0435266
0.0436031
0.0436798
0.0437565
0.0438332
0.04391
0.0439868
0.0440637
0.0441406
0.0442176
0.0442946
0.0443717
0.0444488
0.044526
0.0446032
0.0446804
0.0447578
0.0448351
0.0449125
0.04499
0.0450675
0.0451451
0.0452228
0.0453004
0.0453782
0.045456
0.0455338
0.0456117
0.0456896
0.0457676
0.0458457
0.0459238
0.046002
0.0460802
0.0461585
0.0462368
0.0463152
0.0463937
0.0464722
0.0465508
0.0466294
0.0467081
0.0467869
0.0468657
0.0469446
0.0470235
0.0471025
0.0471816
0.0472607
0.0473399
0.0474192
0.0474985
0.0475779
0.0476574
0.0477369
0.0478165
0.0478962
0.047976
0.0480558
0.0481357
0.0482157
0.0482957
0.0483758
0.048456
0.0485363
0.0486166
0.0486971
0.0487776
0.0488582
0.0489389
0.0490196
0.0491005
0.0491814
0.0492625
0.0493436
0.0494248
0.0495061
0.0495876
0.0496691
0.0497507
0.0498324
0.0499142
0.0499961
0.0500781
0.0501603
0.0502425
0.0503249
0.0504074
0.05049
0.0505727
0.0506555
0.0507385
0.0508216
0.0509048
0.0509882
0.0510717
0.0511554
0.0512392
0.0513232
0.0514073
0.0514916
0.051576
0.0516606
0.0517454
0.0518303
0.0519155
0.0520008
0.0520863
0.0521721
0.052258
0.0523442
0.0524305
0.0525171
0.052604
0.0526911
0.0527784
0.052866
0.0529539
0.053042
0.0531304
0.0532192
0.0533082
0.0533976
0.0534874
0.0535774
0.0536679
0.0537587
0.0538499
0.0539416
0.0540337
0.0541262
0.0542193
0.0543128
0.0544068
0.0545014
0.0545966
0.0546924
0.0547888
0.0548859
0.0549837
0.0550822
0.0551815
0.0552817
0.0553827
0.0554847
0.0555876
0.0556916
0.0557967
0.055903
0.0560105
0.0561194
0.0562297
0.0563415
0.056455
0.0565702
0.0566874
0.0568065
0.0569278
0.0570515
0.0571778
0.0573068
0.0574388
0.0575741
0.0577129
0.0578557
0.0580027
0.0581544
0.0583113
0.058474
0.0586429
0.058819
0.0590029
0.0591957
0.0593985
0.0596126
0.0598395
0.0600811
0.0603396
0.0606177
0.0609186
0.0612463
0.0616059
0.0620036
0.0624475
0.0629481
0.0635193
0.0641798
0.0649557
0.065884
0.0670195
0.0684463
0.0703007
0.0728186
0.0764453
0.0821257
)
;

boundaryField
{
    inlet
    {
        type            calculated;
        value           uniform 0;
    }
    outlet
    {
        type            calculated;
        value           uniform 0.0922605;
    }
    emptyWalls
    {
        type            empty;
        value           nonuniform List<scalar> 0();
    }
}


// ************************************************************************* //
