/*--------------------------------*- C++ -*----------------------------------*\
  =========                 |
  \\      /  F ield         | OpenFOAM: The Open Source CFD Toolbox
   \\    /   O peration     | Website:  https://openfoam.org
    \\  /    A nd           | Version:  9
     \\/     M anipulation  |
\*---------------------------------------------------------------------------*/
FoamFile
{
    format      ascii;
    class       volScalarField;
    location    "5.2";
    object      p;
}
// * * * * * * * * * * * * * * * * * * * * * * * * * * * * * * * * * * * * * //

dimensions      [0 0 0 0 0 0 0];

internalField   nonuniform List<scalar> 
1000
(
2.7598e+13
2.7588e+13
2.7578e+13
2.75679e+13
2.75578e+13
2.75476e+13
2.75374e+13
2.75271e+13
2.75168e+13
2.75065e+13
2.74961e+13
2.74857e+13
2.74752e+13
2.74647e+13
2.74541e+13
2.74435e+13
2.74328e+13
2.74221e+13
2.74114e+13
2.74006e+13
2.73898e+13
2.7379e+13
2.73681e+13
2.73571e+13
2.73461e+13
2.73351e+13
2.73241e+13
2.7313e+13
2.73018e+13
2.72907e+13
2.72795e+13
2.72682e+13
2.72569e+13
2.72456e+13
2.72342e+13
2.72228e+13
2.72114e+13
2.71999e+13
2.71884e+13
2.71769e+13
2.71653e+13
2.71537e+13
2.7142e+13
2.71303e+13
2.71186e+13
2.71068e+13
2.7095e+13
2.70832e+13
2.70713e+13
2.70594e+13
2.70474e+13
2.70355e+13
2.70234e+13
2.70114e+13
2.69993e+13
2.69872e+13
2.6975e+13
2.69629e+13
2.69506e+13
2.69384e+13
2.69261e+13
2.69138e+13
2.69014e+13
2.6889e+13
2.68766e+13
2.68642e+13
2.68517e+13
2.68392e+13
2.68266e+13
2.6814e+13
2.68014e+13
2.67888e+13
2.67761e+13
2.67634e+13
2.67506e+13
2.67378e+13
2.6725e+13
2.67122e+13
2.66993e+13
2.66864e+13
2.66735e+13
2.66605e+13
2.66475e+13
2.66345e+13
2.66214e+13
2.66083e+13
2.65952e+13
2.6582e+13
2.65689e+13
2.65556e+13
2.65424e+13
2.65291e+13
2.65158e+13
2.65025e+13
2.64891e+13
2.64757e+13
2.64623e+13
2.64488e+13
2.64353e+13
2.64218e+13
2.64083e+13
2.63947e+13
2.63811e+13
2.63675e+13
2.63538e+13
2.63401e+13
2.63264e+13
2.63126e+13
2.62989e+13
2.6285e+13
2.62712e+13
2.62573e+13
2.62434e+13
2.62295e+13
2.62156e+13
2.62016e+13
2.61876e+13
2.61735e+13
2.61595e+13
2.61454e+13
2.61312e+13
2.61171e+13
2.61029e+13
2.60887e+13
2.60745e+13
2.60602e+13
2.60459e+13
2.60316e+13
2.60172e+13
2.60029e+13
2.59885e+13
2.5974e+13
2.59596e+13
2.59451e+13
2.59306e+13
2.5916e+13
2.59015e+13
2.58869e+13
2.58723e+13
2.58576e+13
2.58429e+13
2.58282e+13
2.58135e+13
2.57988e+13
2.5784e+13
2.57692e+13
2.57543e+13
2.57395e+13
2.57246e+13
2.57097e+13
2.56947e+13
2.56798e+13
2.56648e+13
2.56498e+13
2.56347e+13
2.56196e+13
2.56045e+13
2.55894e+13
2.55743e+13
2.55591e+13
2.55439e+13
2.55287e+13
2.55134e+13
2.54981e+13
2.54828e+13
2.54675e+13
2.54521e+13
2.54368e+13
2.54213e+13
2.54059e+13
2.53905e+13
2.5375e+13
2.53595e+13
2.53439e+13
2.53284e+13
2.53128e+13
2.52972e+13
2.52815e+13
2.52659e+13
2.52502e+13
2.52345e+13
2.52188e+13
2.5203e+13
2.51872e+13
2.51714e+13
2.51556e+13
2.51397e+13
2.51238e+13
2.51079e+13
2.5092e+13
2.5076e+13
2.50601e+13
2.50441e+13
2.5028e+13
2.5012e+13
2.49959e+13
2.49798e+13
2.49637e+13
2.49475e+13
2.49313e+13
2.49151e+13
2.48989e+13
2.48827e+13
2.48664e+13
2.48501e+13
2.48338e+13
2.48174e+13
2.48011e+13
2.47847e+13
2.47683e+13
2.47518e+13
2.47354e+13
2.47189e+13
2.47024e+13
2.46858e+13
2.46693e+13
2.46527e+13
2.46361e+13
2.46195e+13
2.46028e+13
2.45861e+13
2.45694e+13
2.45527e+13
2.4536e+13
2.45192e+13
2.45024e+13
2.44856e+13
2.44688e+13
2.44519e+13
2.4435e+13
2.44181e+13
2.44012e+13
2.43842e+13
2.43673e+13
2.43503e+13
2.43332e+13
2.43162e+13
2.42991e+13
2.4282e+13
2.42649e+13
2.42478e+13
2.42306e+13
2.42134e+13
2.41962e+13
2.4179e+13
2.41618e+13
2.41445e+13
2.41272e+13
2.41099e+13
2.40925e+13
2.40752e+13
2.40578e+13
2.40404e+13
2.4023e+13
2.40055e+13
2.3988e+13
2.39705e+13
2.3953e+13
2.39355e+13
2.39179e+13
2.39003e+13
2.38827e+13
2.38651e+13
2.38474e+13
2.38298e+13
2.38121e+13
2.37943e+13
2.37766e+13
2.37588e+13
2.37411e+13
2.37232e+13
2.37054e+13
2.36876e+13
2.36697e+13
2.36518e+13
2.36339e+13
2.36159e+13
2.3598e+13
2.358e+13
2.3562e+13
2.3544e+13
2.35259e+13
2.35079e+13
2.34898e+13
2.34717e+13
2.34535e+13
2.34354e+13
2.34172e+13
2.3399e+13
2.33808e+13
2.33625e+13
2.33443e+13
2.3326e+13
2.33077e+13
2.32893e+13
2.3271e+13
2.32526e+13
2.32342e+13
2.32158e+13
2.31974e+13
2.31789e+13
2.31604e+13
2.31419e+13
2.31234e+13
2.31049e+13
2.30863e+13
2.30677e+13
2.30491e+13
2.30305e+13
2.30119e+13
2.29932e+13
2.29745e+13
2.29558e+13
2.29371e+13
2.29183e+13
2.28995e+13
2.28807e+13
2.28619e+13
2.28431e+13
2.28242e+13
2.28053e+13
2.27864e+13
2.27675e+13
2.27486e+13
2.27296e+13
2.27106e+13
2.26916e+13
2.26726e+13
2.26535e+13
2.26345e+13
2.26154e+13
2.25963e+13
2.25771e+13
2.2558e+13
2.25388e+13
2.25196e+13
2.25004e+13
2.24812e+13
2.24619e+13
2.24426e+13
2.24233e+13
2.2404e+13
2.23847e+13
2.23653e+13
2.23459e+13
2.23265e+13
2.23071e+13
2.22876e+13
2.22682e+13
2.22487e+13
2.22292e+13
2.22096e+13
2.21901e+13
2.21705e+13
2.21509e+13
2.21313e+13
2.21117e+13
2.2092e+13
2.20724e+13
2.20527e+13
2.20329e+13
2.20132e+13
2.19934e+13
2.19736e+13
2.19538e+13
2.1934e+13
2.19142e+13
2.18943e+13
2.18744e+13
2.18545e+13
2.18346e+13
2.18146e+13
2.17946e+13
2.17746e+13
2.17546e+13
2.17346e+13
2.17145e+13
2.16944e+13
2.16743e+13
2.16542e+13
2.1634e+13
2.16138e+13
2.15936e+13
2.15734e+13
2.15532e+13
2.15329e+13
2.15126e+13
2.14923e+13
2.14719e+13
2.14516e+13
2.14312e+13
2.14108e+13
2.13903e+13
2.13698e+13
2.13493e+13
2.13288e+13
2.13082e+13
2.12876e+13
2.1267e+13
2.12464e+13
2.12257e+13
2.1205e+13
2.11842e+13
2.11634e+13
2.11426e+13
2.11217e+13
2.11008e+13
2.10798e+13
2.10587e+13
2.10376e+13
2.10165e+13
2.09952e+13
2.09738e+13
2.09524e+13
2.09307e+13
2.09089e+13
2.08869e+13
2.08645e+13
2.08416e+13
2.08177e+13
2.07919e+13
2.07544e+13
2.07021e+13
2.06529e+13
2.06093e+13
2.05689e+13
2.05294e+13
2.04897e+13
2.04494e+13
2.04083e+13
2.03665e+13
2.03239e+13
2.02807e+13
2.02369e+13
2.0193e+13
2.0149e+13
2.01054e+13
2.00622e+13
2.00194e+13
1.9977e+13
1.99348e+13
1.98926e+13
1.98503e+13
1.98078e+13
1.97652e+13
1.97224e+13
1.96794e+13
1.96364e+13
1.95934e+13
1.95504e+13
1.95075e+13
1.94647e+13
1.9422e+13
1.93794e+13
1.93367e+13
1.92941e+13
1.92514e+13
1.92087e+13
1.91659e+13
1.91231e+13
1.90803e+13
1.90375e+13
1.89946e+13
1.89518e+13
1.8909e+13
1.88663e+13
1.88235e+13
1.87808e+13
1.8738e+13
1.86952e+13
1.86525e+13
1.86097e+13
1.85669e+13
1.85241e+13
1.84813e+13
1.84386e+13
1.83958e+13
1.8353e+13
1.83102e+13
1.82674e+13
1.82247e+13
1.81819e+13
1.81391e+13
1.80964e+13
1.80536e+13
1.80108e+13
1.7968e+13
1.79253e+13
1.78825e+13
1.78397e+13
1.77969e+13
1.77542e+13
1.77114e+13
1.76686e+13
1.76259e+13
1.75831e+13
1.75403e+13
1.74976e+13
1.74548e+13
1.7412e+13
1.73693e+13
1.73265e+13
1.72838e+13
1.7241e+13
1.71982e+13
1.71555e+13
1.71127e+13
1.70699e+13
1.70272e+13
1.69844e+13
1.69416e+13
1.68988e+13
1.68561e+13
1.68133e+13
1.67705e+13
1.67278e+13
1.6685e+13
1.66422e+13
1.65994e+13
1.65567e+13
1.65139e+13
1.64711e+13
1.64283e+13
1.63856e+13
1.63428e+13
1.63e+13
1.62572e+13
1.62145e+13
1.61717e+13
1.61289e+13
1.60861e+13
1.60434e+13
1.60006e+13
1.59578e+13
1.59151e+13
1.58723e+13
1.58295e+13
1.57867e+13
1.5744e+13
1.57012e+13
1.56584e+13
1.56157e+13
1.55729e+13
1.55301e+13
1.54874e+13
1.54446e+13
1.54018e+13
1.53591e+13
1.53163e+13
1.52735e+13
1.52308e+13
1.5188e+13
1.51452e+13
1.51025e+13
1.50597e+13
1.50169e+13
1.49742e+13
1.49314e+13
1.48886e+13
1.48459e+13
1.48031e+13
1.47603e+13
1.47176e+13
1.46748e+13
1.4632e+13
1.45892e+13
1.45465e+13
1.45037e+13
1.44609e+13
1.44182e+13
1.43754e+13
1.43326e+13
1.42898e+13
1.42471e+13
1.42043e+13
1.41615e+13
1.41187e+13
1.4076e+13
1.40332e+13
1.39904e+13
1.39477e+13
1.39049e+13
1.38621e+13
1.38193e+13
1.37766e+13
1.37338e+13
1.3691e+13
1.36483e+13
1.36055e+13
1.35627e+13
1.352e+13
1.34772e+13
1.34344e+13
1.33917e+13
1.33489e+13
1.33061e+13
1.32634e+13
1.32206e+13
1.31778e+13
1.31351e+13
1.30923e+13
1.30495e+13
1.30068e+13
1.2964e+13
1.29212e+13
1.28785e+13
1.28357e+13
1.27929e+13
1.27502e+13
1.27074e+13
1.26646e+13
1.26219e+13
1.25791e+13
1.25363e+13
1.24936e+13
1.24508e+13
1.2408e+13
1.23652e+13
1.23225e+13
1.22797e+13
1.22369e+13
1.21942e+13
1.21514e+13
1.21086e+13
1.20658e+13
1.20231e+13
1.19803e+13
1.19375e+13
1.18948e+13
1.1852e+13
1.18092e+13
1.17664e+13
1.17237e+13
1.16809e+13
1.16381e+13
1.15954e+13
1.15526e+13
1.15098e+13
1.1467e+13
1.14243e+13
1.13815e+13
1.13387e+13
1.1296e+13
1.12532e+13
1.12104e+13
1.11677e+13
1.11249e+13
1.10821e+13
1.10394e+13
1.09966e+13
1.09538e+13
1.09111e+13
1.08683e+13
1.08255e+13
1.07828e+13
1.074e+13
1.06972e+13
1.06545e+13
1.06117e+13
1.05689e+13
1.05262e+13
1.04834e+13
1.04406e+13
1.03979e+13
1.03551e+13
1.03123e+13
1.02696e+13
1.02268e+13
1.0184e+13
1.01413e+13
1.00985e+13
1.00557e+13
1.0013e+13
9.97019e+12
9.92743e+12
9.88466e+12
9.84189e+12
9.79912e+12
9.75635e+12
9.71358e+12
9.67082e+12
9.62805e+12
9.58528e+12
9.54251e+12
9.49974e+12
9.45697e+12
9.4142e+12
9.37143e+12
9.32866e+12
9.28589e+12
9.24312e+12
9.20034e+12
9.15757e+12
9.1148e+12
9.07203e+12
9.02926e+12
8.98649e+12
8.94372e+12
8.90095e+12
8.85818e+12
8.81541e+12
8.77264e+12
8.72987e+12
8.6871e+12
8.64432e+12
8.60155e+12
8.55878e+12
8.51601e+12
8.47324e+12
8.43047e+12
8.3877e+12
8.34493e+12
8.30216e+12
8.25939e+12
8.21662e+12
8.17386e+12
8.13109e+12
8.08832e+12
8.04555e+12
8.00278e+12
7.96001e+12
7.91724e+12
7.87448e+12
7.83171e+12
7.78894e+12
7.74617e+12
7.70341e+12
7.66064e+12
7.61787e+12
7.57511e+12
7.53234e+12
7.48958e+12
7.44681e+12
7.40404e+12
7.36128e+12
7.31851e+12
7.27575e+12
7.23298e+12
7.19022e+12
7.14745e+12
7.10469e+12
7.06193e+12
7.01916e+12
6.9764e+12
6.93363e+12
6.89087e+12
6.84811e+12
6.80534e+12
6.76258e+12
6.71981e+12
6.67705e+12
6.63429e+12
6.59152e+12
6.54876e+12
6.50599e+12
6.46323e+12
6.42046e+12
6.3777e+12
6.33493e+12
6.29217e+12
6.2494e+12
6.20664e+12
6.16387e+12
6.12111e+12
6.07834e+12
6.03558e+12
5.99281e+12
5.95004e+12
5.90728e+12
5.86451e+12
5.82174e+12
5.77898e+12
5.73621e+12
5.69344e+12
5.65068e+12
5.60791e+12
5.56514e+12
5.52237e+12
5.47961e+12
5.43684e+12
5.39407e+12
5.3513e+12
5.30853e+12
5.26577e+12
5.223e+12
5.18023e+12
5.13746e+12
5.09469e+12
5.05193e+12
5.00916e+12
4.96639e+12
4.92362e+12
4.88085e+12
4.83808e+12
4.79532e+12
4.75255e+12
4.70978e+12
4.66701e+12
4.62424e+12
4.58148e+12
4.53871e+12
4.49594e+12
4.45317e+12
4.4104e+12
4.36764e+12
4.32487e+12
4.2821e+12
4.23933e+12
4.19656e+12
4.15378e+12
4.11096e+12
4.06807e+12
4.02646e+12
3.99693e+12
3.97516e+12
3.95373e+12
3.9323e+12
3.91087e+12
3.88944e+12
3.86801e+12
3.84658e+12
3.82515e+12
3.80372e+12
3.78229e+12
3.76086e+12
3.73943e+12
3.718e+12
3.69658e+12
3.67515e+12
3.65372e+12
3.63229e+12
3.61086e+12
3.58943e+12
3.568e+12
3.54657e+12
3.52514e+12
3.50371e+12
3.48228e+12
3.46085e+12
3.43942e+12
3.41799e+12
3.39656e+12
3.37514e+12
3.35371e+12
3.33228e+12
3.31085e+12
3.28942e+12
3.26799e+12
3.24656e+12
3.22513e+12
3.2037e+12
3.18227e+12
3.16084e+12
3.13941e+12
3.11798e+12
3.09655e+12
3.07513e+12
3.0537e+12
3.03227e+12
3.01084e+12
2.98941e+12
2.96798e+12
2.94655e+12
2.92512e+12
2.90369e+12
2.88226e+12
2.86083e+12
2.8394e+12
2.81797e+12
2.79655e+12
2.77512e+12
2.75369e+12
2.73226e+12
2.71083e+12
2.6894e+12
2.66797e+12
2.64654e+12
2.62511e+12
2.60368e+12
2.58225e+12
2.56082e+12
2.53939e+12
2.51797e+12
2.49654e+12
2.47511e+12
2.45368e+12
2.43225e+12
2.41082e+12
2.38939e+12
2.36796e+12
2.34653e+12
2.3251e+12
2.30367e+12
2.28224e+12
2.26082e+12
2.23939e+12
2.21796e+12
2.19653e+12
2.1751e+12
2.15367e+12
2.13224e+12
2.11081e+12
2.08938e+12
2.06795e+12
2.04652e+12
2.02509e+12
2.00367e+12
1.98224e+12
1.96081e+12
1.93938e+12
1.91795e+12
1.89652e+12
1.87509e+12
1.85366e+12
1.83223e+12
1.8108e+12
1.78937e+12
1.76794e+12
1.74652e+12
1.72509e+12
1.70366e+12
1.68223e+12
1.6608e+12
1.63937e+12
1.61794e+12
1.59651e+12
1.57508e+12
1.55365e+12
1.53222e+12
1.5108e+12
1.48937e+12
1.46794e+12
1.44651e+12
1.42508e+12
1.40365e+12
1.38222e+12
1.36079e+12
1.33936e+12
1.31793e+12
1.2965e+12
1.27508e+12
1.25365e+12
1.23222e+12
1.21079e+12
1.18936e+12
1.16793e+12
1.1465e+12
1.12507e+12
1.10364e+12
1.08221e+12
1.06078e+12
1.03935e+12
1.01793e+12
9.96496e+11
9.75067e+11
9.53637e+11
9.32208e+11
9.10779e+11
8.89349e+11
8.6792e+11
8.46491e+11
8.25061e+11
8.03632e+11
7.82203e+11
7.60773e+11
7.39344e+11
7.17914e+11
6.96484e+11
6.75055e+11
6.53625e+11
6.32196e+11
6.10766e+11
5.89336e+11
5.67906e+11
5.46476e+11
5.25046e+11
5.03616e+11
4.82186e+11
4.60756e+11
4.39326e+11
4.17896e+11
3.96466e+11
3.75036e+11
3.53605e+11
3.32175e+11
3.10745e+11
2.89314e+11
2.67884e+11
2.46453e+11
2.25023e+11
2.03592e+11
1.82161e+11
1.60731e+11
1.393e+11
1.17869e+11
9.64385e+10
7.50077e+10
5.35769e+10
3.21462e+10
1.07154e+10
)
;

boundaryField
{
    inlet
    {
        type            darcyGradPressure_G;
        gradient        uniform 3.23949e+11;
        Mf              Mf;
        phi             phi;
        phiG            phiG;
        value           uniform 2.76029e+13;
    }
    outlet
    {
        type            fixedValue;
        value           uniform 0;
    }
    emptyWalls
    {
        type            empty;
    }
}


// ************************************************************************* //
