/*--------------------------------*- C++ -*----------------------------------*\
  =========                 |
  \\      /  F ield         | OpenFOAM: The Open Source CFD Toolbox
   \\    /   O peration     | Website:  https://openfoam.org
    \\  /    A nd           | Version:  9
     \\/     M anipulation  |
\*---------------------------------------------------------------------------*/
FoamFile
{
    format      ascii;
    class       volScalarField;
    location    "19.9";
    object      AcumCoeff_csw;
}
// * * * * * * * * * * * * * * * * * * * * * * * * * * * * * * * * * * * * * //

dimensions      [0 0 0 0 0 0 0];

internalField   nonuniform List<scalar> 
1000
(
0.149853
0.149762
0.149679
0.149598
0.149519
0.149441
0.149365
0.149289
0.149214
0.14914
0.149066
0.148993
0.14892
0.148848
0.148776
0.148704
0.148633
0.148562
0.148491
0.148421
0.148351
0.148281
0.148212
0.148142
0.148074
0.148005
0.147937
0.147869
0.147801
0.147733
0.147666
0.147599
0.147532
0.147465
0.147399
0.147333
0.147267
0.147201
0.147136
0.147071
0.147006
0.146941
0.146876
0.146812
0.146748
0.146684
0.14662
0.146556
0.146493
0.14643
0.146367
0.146304
0.146242
0.146179
0.146117
0.146055
0.145993
0.145932
0.14587
0.145809
0.145748
0.145687
0.145626
0.145566
0.145505
0.145445
0.145385
0.145325
0.145266
0.145206
0.145147
0.145088
0.145029
0.14497
0.144911
0.144853
0.144795
0.144736
0.144678
0.14462
0.144563
0.144505
0.144448
0.144391
0.144334
0.144277
0.14422
0.144163
0.144107
0.144051
0.143994
0.143938
0.143882
0.143827
0.143771
0.143716
0.14366
0.143605
0.14355
0.143495
0.143441
0.143386
0.143332
0.143277
0.143223
0.143169
0.143115
0.143061
0.143008
0.142954
0.142901
0.142848
0.142795
0.142742
0.142689
0.142636
0.142583
0.142531
0.142479
0.142426
0.142374
0.142322
0.142271
0.142219
0.142167
0.142116
0.142064
0.142013
0.141962
0.141911
0.14186
0.14181
0.141759
0.141708
0.141658
0.141608
0.141558
0.141508
0.141458
0.141408
0.141358
0.141308
0.141259
0.14121
0.14116
0.141111
0.141062
0.141013
0.140964
0.140916
0.140867
0.140818
0.14077
0.140722
0.140674
0.140625
0.140578
0.14053
0.140482
0.140434
0.140387
0.140339
0.140292
0.140245
0.140197
0.14015
0.140103
0.140056
0.14001
0.139963
0.139916
0.13987
0.139824
0.139777
0.139731
0.139685
0.139639
0.139593
0.139547
0.139502
0.139456
0.13941
0.139365
0.13932
0.139274
0.139229
0.139184
0.139139
0.139094
0.139049
0.139005
0.13896
0.138916
0.138871
0.138827
0.138783
0.138738
0.138694
0.13865
0.138606
0.138562
0.138519
0.138475
0.138431
0.138388
0.138345
0.138301
0.138258
0.138215
0.138172
0.138129
0.138086
0.138043
0.138
0.137957
0.137915
0.137872
0.13783
0.137788
0.137745
0.137703
0.137661
0.137619
0.137577
0.137535
0.137493
0.137451
0.13741
0.137368
0.137327
0.137285
0.137244
0.137203
0.137161
0.13712
0.137079
0.137038
0.136997
0.136956
0.136916
0.136875
0.136834
0.136794
0.136753
0.136713
0.136672
0.136632
0.136592
0.136552
0.136512
0.136472
0.136432
0.136392
0.136352
0.136312
0.136273
0.136233
0.136194
0.136154
0.136115
0.136076
0.136036
0.135997
0.135958
0.135919
0.13588
0.135841
0.135802
0.135763
0.135725
0.135686
0.135647
0.135609
0.13557
0.135532
0.135494
0.135455
0.135417
0.135379
0.135341
0.135303
0.135265
0.135227
0.135189
0.135151
0.135114
0.135076
0.135038
0.135001
0.134963
0.134926
0.134889
0.134851
0.134814
0.134777
0.13474
0.134703
0.134666
0.134629
0.134592
0.134555
0.134518
0.134482
0.134445
0.134408
0.134372
0.134335
0.134299
0.134262
0.134226
0.13419
0.134154
0.134118
0.134081
0.134045
0.134009
0.133973
0.133938
0.133902
0.133866
0.13383
0.133795
0.133759
0.133723
0.133688
0.133653
0.133617
0.133582
0.133546
0.133511
0.133476
0.133441
0.133406
0.133371
0.133336
0.133301
0.133266
0.133231
0.133196
0.133162
0.133127
0.133092
0.133058
0.133023
0.132989
0.132954
0.13292
0.132886
0.132851
0.132817
0.132783
0.132749
0.132715
0.132681
0.132647
0.132613
0.132579
0.132545
0.132511
0.132478
0.132444
0.13241
0.132377
0.132343
0.13231
0.132276
0.132243
0.132209
0.132176
0.132143
0.132109
0.132076
0.132043
0.13201
0.131977
0.131944
0.131911
0.131878
0.131845
0.131812
0.13178
0.131747
0.131714
0.131682
0.131649
0.131616
0.131584
0.131551
0.131519
0.131487
0.131454
0.131422
0.13139
0.131357
0.131325
0.131293
0.131261
0.131229
0.131197
0.131165
0.131133
0.131101
0.131069
0.131038
0.131006
0.130974
0.130942
0.130911
0.130879
0.130848
0.130816
0.130785
0.130753
0.130722
0.130691
0.130659
0.130628
0.130597
0.130566
0.130534
0.130503
0.130472
0.130441
0.13041
0.130379
0.130348
0.130317
0.130287
0.130256
0.130225
0.130194
0.130164
0.130133
0.130102
0.130072
0.130041
0.130011
0.12998
0.12995
0.129919
0.129889
0.129859
0.129829
0.129798
0.129768
0.129738
0.129708
0.129678
0.129648
0.129618
0.129588
0.129558
0.129528
0.129498
0.129468
0.129438
0.129409
0.129379
0.129349
0.129319
0.12929
0.12926
0.129231
0.129201
0.129172
0.129142
0.129113
0.129083
0.129054
0.129025
0.128995
0.128966
0.128937
0.128908
0.128879
0.12885
0.12882
0.128791
0.128762
0.128733
0.128705
0.128676
0.128647
0.128618
0.128589
0.12856
0.128532
0.128503
0.128474
0.128445
0.128417
0.128388
0.12836
0.128331
0.128303
0.128274
0.128246
0.128217
0.128189
0.128161
0.128132
0.128104
0.128076
0.128048
0.12802
0.127991
0.127963
0.127935
0.127907
0.127879
0.127851
0.127823
0.127795
0.127767
0.12774
0.127712
0.127684
0.127656
0.127628
0.127601
0.127573
0.127545
0.127518
0.12749
0.127463
0.127435
0.127408
0.12738
0.127353
0.127325
0.127298
0.127271
0.127243
0.127216
0.127189
0.127161
0.127134
0.127107
0.12708
0.127053
0.127026
0.126999
0.126971
0.126944
0.126917
0.126891
0.126864
0.126837
0.12681
0.126783
0.126756
0.126729
0.126703
0.126676
0.126649
0.126622
0.126596
0.126569
0.126543
0.126516
0.126489
0.126463
0.126436
0.12641
0.126384
0.126357
0.126331
0.126304
0.126278
0.126252
0.126225
0.126199
0.126173
0.126147
0.126121
0.126094
0.126068
0.126042
0.126016
0.12599
0.125964
0.125938
0.125912
0.125886
0.12586
0.125834
0.125809
0.125783
0.125757
0.125731
0.125705
0.12568
0.125654
0.125628
0.125603
0.125577
0.125551
0.125526
0.1255
0.125475
0.125449
0.125424
0.125398
0.125373
0.125347
0.125322
0.125297
0.125271
0.125246
0.125221
0.125195
0.12517
0.125145
0.12512
0.125094
0.125069
0.125044
0.125019
0.124994
0.124969
0.124944
0.124919
0.124894
0.124869
0.124844
0.124819
0.124794
0.124769
0.124744
0.12472
0.124695
0.12467
0.124645
0.124621
0.124596
0.124571
0.124547
0.124522
0.124497
0.124473
0.124448
0.124424
0.124399
0.124374
0.12435
0.124326
0.124301
0.124277
0.124252
0.124228
0.124204
0.124179
0.124155
0.124131
0.124106
0.124082
0.124058
0.124034
0.124009
0.123985
0.123961
0.123937
0.123913
0.123889
0.123865
0.123841
0.123817
0.123793
0.123769
0.123745
0.123721
0.123697
0.123673
0.123649
0.123625
0.123602
0.123578
0.123554
0.12353
0.123507
0.123483
0.123459
0.123435
0.123412
0.123388
0.123365
0.123341
0.123317
0.123294
0.12327
0.123247
0.123223
0.1232
0.123176
0.123153
0.123129
0.123106
0.123083
0.123059
0.123036
0.123013
0.122989
0.122966
0.122943
0.12292
0.122896
0.122873
0.12285
0.122827
0.122804
0.122781
0.122757
0.122734
0.122711
0.122688
0.122665
0.122642
0.122619
0.122596
0.122573
0.12255
0.122527
0.122505
0.122482
0.122459
0.122436
0.122413
0.12239
0.122368
0.122345
0.122322
0.122299
0.122277
0.122254
0.122231
0.122209
0.122186
0.122163
0.122141
0.122118
0.122096
0.122073
0.12205
0.122028
0.122005
0.121983
0.121961
0.121938
0.121916
0.121893
0.121871
0.121848
0.121826
0.121804
0.121781
0.121759
0.121737
0.121715
0.121692
0.12167
0.121648
0.121626
0.121604
0.121581
0.121559
0.121537
0.121515
0.121493
0.121471
0.121449
0.121427
0.121405
0.121383
0.121361
0.121339
0.121317
0.121295
0.121273
0.121251
0.121229
0.121207
0.121185
0.121164
0.121142
0.12112
0.121098
0.121076
0.121055
0.121033
0.121011
0.120989
0.120968
0.120946
0.120924
0.120903
0.120881
0.120859
0.120838
0.120816
0.120795
0.120773
0.120752
0.12073
0.120709
0.120687
0.120666
0.120644
0.120623
0.120601
0.12058
0.120559
0.120537
0.120516
0.120494
0.120473
0.120452
0.120431
0.120409
0.120388
0.120367
0.120345
0.120324
0.120303
0.120282
0.120261
0.12024
0.120218
0.120197
0.120176
0.120155
0.120134
0.120113
0.120092
0.120071
0.12005
0.120029
0.120008
0.119987
0.119966
0.119945
0.119924
0.119903
0.119882
0.119861
0.11984
0.119819
0.119799
0.119778
0.119757
0.119736
0.119715
0.119695
0.119674
0.119653
0.119632
0.119612
0.119591
0.11957
0.11955
0.119529
0.119508
0.119488
0.119467
0.119446
0.119426
0.119405
0.119385
0.119364
0.119344
0.119323
0.119303
0.119282
0.119262
0.119241
0.119221
0.1192
0.11918
0.119159
0.119139
0.119119
0.119098
0.119078
0.119058
0.119037
0.119017
0.118997
0.118976
0.118956
0.118936
0.118915
0.118895
0.118875
0.118855
0.118835
0.118814
0.118794
0.118774
0.118754
0.118734
0.118714
0.118694
0.118674
0.118653
0.118633
0.118613
0.118593
0.118573
0.118553
0.118533
0.118513
0.118493
0.118473
0.118453
0.118434
0.118414
0.118394
0.118374
0.118354
0.118334
0.118314
0.118294
0.118274
0.118255
0.118235
0.118215
0.118195
0.118176
0.118156
0.118136
0.118116
0.118097
0.118077
0.118057
0.118037
0.118018
0.117998
0.117979
0.117959
0.117939
0.11792
0.1179
0.11788
0.117861
0.117841
0.117822
0.117802
0.117783
0.117763
0.117744
0.117724
0.117705
0.117685
0.117666
0.117646
0.117627
0.117608
0.117588
0.117569
0.117549
0.11753
0.117511
0.117491
0.117472
0.117453
0.117433
0.117414
0.117395
0.117376
0.117356
0.117337
0.117318
0.117299
0.117279
0.11726
0.117241
0.117222
0.117203
0.117183
0.117164
0.117145
0.117126
0.117107
0.117088
0.117069
0.11705
0.117031
0.117011
0.116992
0.116973
0.116954
0.116935
0.116916
0.116897
0.116878
0.116859
0.11684
0.116821
0.116803
0.116784
0.116765
)
;

boundaryField
{
    inlet
    {
        type            calculated;
        value           uniform 0.15;
    }
    outlet
    {
        type            calculated;
        value           uniform 0.116765;
    }
    emptyWalls
    {
        type            empty;
    }
}


// ************************************************************************* //
