/*--------------------------------*- C++ -*----------------------------------*\
  =========                 |
  \\      /  F ield         | OpenFOAM: The Open Source CFD Toolbox
   \\    /   O peration     | Website:  https://openfoam.org
    \\  /    A nd           | Version:  9
     \\/     M anipulation  |
\*---------------------------------------------------------------------------*/
FoamFile
{
    format      ascii;
    class       volScalarField;
    location    "19.9";
    object      Sa;
}
// * * * * * * * * * * * * * * * * * * * * * * * * * * * * * * * * * * * * * //

dimensions      [0 0 0 0 0 0 0];

internalField   nonuniform List<scalar> 
1000
(
0.499694
0.499505
0.499331
0.499162
0.498998
0.498837
0.498678
0.498521
0.498365
0.498211
0.498057
0.497905
0.497754
0.497603
0.497454
0.497305
0.497157
0.49701
0.496864
0.496718
0.496573
0.496428
0.496285
0.496141
0.495999
0.495857
0.495716
0.495575
0.495434
0.495295
0.495156
0.495017
0.494879
0.494741
0.494604
0.494467
0.494331
0.494196
0.494061
0.493926
0.493792
0.493658
0.493525
0.493392
0.49326
0.493128
0.492997
0.492866
0.492736
0.492606
0.492476
0.492347
0.492218
0.49209
0.491962
0.491834
0.491707
0.491581
0.491454
0.491329
0.491203
0.491078
0.490953
0.490829
0.490705
0.490582
0.490459
0.490336
0.490214
0.490092
0.48997
0.489849
0.489728
0.489608
0.489487
0.489368
0.489248
0.489129
0.489011
0.488892
0.488774
0.488657
0.488539
0.488422
0.488306
0.488189
0.488073
0.487958
0.487843
0.487728
0.487613
0.487499
0.487385
0.487271
0.487158
0.487045
0.486932
0.48682
0.486708
0.486596
0.486484
0.486373
0.486262
0.486152
0.486042
0.485932
0.485822
0.485713
0.485604
0.485495
0.485386
0.485278
0.48517
0.485063
0.484955
0.484848
0.484742
0.484635
0.484529
0.484423
0.484318
0.484212
0.484107
0.484002
0.483898
0.483793
0.483689
0.483586
0.483482
0.483379
0.483276
0.483173
0.483071
0.482969
0.482867
0.482765
0.482664
0.482563
0.482462
0.482361
0.482261
0.48216
0.48206
0.481961
0.481861
0.481762
0.481663
0.481565
0.481466
0.481368
0.48127
0.481172
0.481075
0.480977
0.48088
0.480783
0.480687
0.48059
0.480494
0.480398
0.480303
0.480207
0.480112
0.480017
0.479922
0.479827
0.479733
0.479639
0.479545
0.479451
0.479358
0.479265
0.479171
0.479079
0.478986
0.478893
0.478801
0.478709
0.478617
0.478526
0.478434
0.478343
0.478252
0.478161
0.478071
0.47798
0.47789
0.4778
0.47771
0.477621
0.477531
0.477442
0.477353
0.477264
0.477176
0.477087
0.476999
0.476911
0.476823
0.476735
0.476648
0.476561
0.476473
0.476386
0.4763
0.476213
0.476127
0.476041
0.475955
0.475869
0.475783
0.475698
0.475612
0.475527
0.475442
0.475357
0.475273
0.475188
0.475104
0.47502
0.474936
0.474852
0.474769
0.474685
0.474602
0.474519
0.474436
0.474353
0.474271
0.474189
0.474106
0.474024
0.473942
0.473861
0.473779
0.473698
0.473616
0.473535
0.473454
0.473374
0.473293
0.473213
0.473132
0.473052
0.472972
0.472892
0.472813
0.472733
0.472654
0.472575
0.472496
0.472417
0.472338
0.472259
0.472181
0.472103
0.472024
0.471946
0.471869
0.471791
0.471713
0.471636
0.471559
0.471482
0.471405
0.471328
0.471251
0.471174
0.471098
0.471022
0.470946
0.47087
0.470794
0.470718
0.470643
0.470567
0.470492
0.470417
0.470342
0.470267
0.470192
0.470118
0.470043
0.469969
0.469895
0.469821
0.469747
0.469673
0.469599
0.469526
0.469452
0.469379
0.469306
0.469233
0.46916
0.469087
0.469015
0.468942
0.46887
0.468798
0.468725
0.468653
0.468582
0.46851
0.468438
0.468367
0.468295
0.468224
0.468153
0.468082
0.468011
0.467941
0.46787
0.467799
0.467729
0.467659
0.467589
0.467519
0.467449
0.467379
0.467309
0.46724
0.46717
0.467101
0.467032
0.466963
0.466894
0.466825
0.466756
0.466688
0.466619
0.466551
0.466482
0.466414
0.466346
0.466278
0.466211
0.466143
0.466075
0.466008
0.46594
0.465873
0.465806
0.465739
0.465672
0.465605
0.465538
0.465472
0.465405
0.465339
0.465273
0.465206
0.46514
0.465074
0.465009
0.464943
0.464877
0.464812
0.464746
0.464681
0.464616
0.46455
0.464485
0.464421
0.464356
0.464291
0.464226
0.464162
0.464097
0.464033
0.463969
0.463905
0.463841
0.463777
0.463713
0.463649
0.463586
0.463522
0.463459
0.463395
0.463332
0.463269
0.463206
0.463143
0.46308
0.463018
0.462955
0.462892
0.46283
0.462767
0.462705
0.462643
0.462581
0.462519
0.462457
0.462395
0.462334
0.462272
0.46221
0.462149
0.462088
0.462026
0.461965
0.461904
0.461843
0.461782
0.461722
0.461661
0.4616
0.46154
0.461479
0.461419
0.461359
0.461298
0.461238
0.461178
0.461118
0.461059
0.460999
0.460939
0.46088
0.46082
0.460761
0.460701
0.460642
0.460583
0.460524
0.460465
0.460406
0.460347
0.460289
0.46023
0.460172
0.460113
0.460055
0.459996
0.459938
0.45988
0.459822
0.459764
0.459706
0.459648
0.459591
0.459533
0.459475
0.459418
0.45936
0.459303
0.459246
0.459189
0.459132
0.459075
0.459018
0.458961
0.458904
0.458847
0.458791
0.458734
0.458678
0.458621
0.458565
0.458509
0.458453
0.458397
0.458341
0.458285
0.458229
0.458173
0.458117
0.458062
0.458006
0.457951
0.457895
0.45784
0.457785
0.45773
0.457675
0.457619
0.457565
0.45751
0.457455
0.4574
0.457345
0.457291
0.457236
0.457182
0.457128
0.457073
0.457019
0.456965
0.456911
0.456857
0.456803
0.456749
0.456695
0.456641
0.456588
0.456534
0.456481
0.456427
0.456374
0.45632
0.456267
0.456214
0.456161
0.456108
0.456055
0.456002
0.455949
0.455896
0.455844
0.455791
0.455738
0.455686
0.455634
0.455581
0.455529
0.455477
0.455424
0.455372
0.45532
0.455268
0.455216
0.455165
0.455113
0.455061
0.455009
0.454958
0.454906
0.454855
0.454804
0.454752
0.454701
0.45465
0.454599
0.454548
0.454497
0.454446
0.454395
0.454344
0.454293
0.454242
0.454192
0.454141
0.454091
0.45404
0.45399
0.45394
0.453889
0.453839
0.453789
0.453739
0.453689
0.453639
0.453589
0.453539
0.453489
0.45344
0.45339
0.45334
0.453291
0.453241
0.453192
0.453143
0.453093
0.453044
0.452995
0.452946
0.452897
0.452848
0.452799
0.45275
0.452701
0.452652
0.452604
0.452555
0.452506
0.452458
0.452409
0.452361
0.452312
0.452264
0.452216
0.452168
0.452119
0.452071
0.452023
0.451975
0.451927
0.45188
0.451832
0.451784
0.451736
0.451689
0.451641
0.451594
0.451546
0.451499
0.451451
0.451404
0.451357
0.451309
0.451262
0.451215
0.451168
0.451121
0.451074
0.451027
0.45098
0.450934
0.450887
0.45084
0.450794
0.450747
0.4507
0.450654
0.450608
0.450561
0.450515
0.450469
0.450422
0.450376
0.45033
0.450284
0.450238
0.450192
0.450146
0.4501
0.450055
0.450009
0.449963
0.449918
0.449872
0.449826
0.449781
0.449735
0.44969
0.449645
0.449599
0.449554
0.449509
0.449464
0.449419
0.449374
0.449329
0.449284
0.449239
0.449194
0.449149
0.449104
0.44906
0.449015
0.44897
0.448926
0.448881
0.448837
0.448792
0.448748
0.448704
0.448659
0.448615
0.448571
0.448527
0.448483
0.448439
0.448395
0.448351
0.448307
0.448263
0.448219
0.448175
0.448132
0.448088
0.448044
0.448001
0.447957
0.447914
0.44787
0.447827
0.447784
0.44774
0.447697
0.447654
0.447611
0.447567
0.447524
0.447481
0.447438
0.447395
0.447353
0.44731
0.447267
0.447224
0.447181
0.447139
0.447096
0.447053
0.447011
0.446968
0.446926
0.446883
0.446841
0.446799
0.446756
0.446714
0.446672
0.44663
0.446588
0.446546
0.446504
0.446462
0.44642
0.446378
0.446336
0.446294
0.446252
0.446211
0.446169
0.446127
0.446086
0.446044
0.446003
0.445961
0.44592
0.445878
0.445837
0.445796
0.445754
0.445713
0.445672
0.445631
0.44559
0.445548
0.445507
0.445466
0.445425
0.445385
0.445344
0.445303
0.445262
0.445221
0.445181
0.44514
0.445099
0.445059
0.445018
0.444978
0.444937
0.444897
0.444856
0.444816
0.444776
0.444735
0.444695
0.444655
0.444615
0.444575
0.444535
0.444495
0.444455
0.444415
0.444375
0.444335
0.444295
0.444255
0.444215
0.444176
0.444136
0.444096
0.444057
0.444017
0.443977
0.443938
0.443898
0.443859
0.44382
0.44378
0.443741
0.443702
0.443662
0.443623
0.443584
0.443545
0.443506
0.443467
0.443428
0.443389
0.44335
0.443311
0.443272
0.443233
0.443194
0.443155
0.443117
0.443078
0.443039
0.443001
0.442962
0.442924
0.442885
0.442847
0.442808
0.44277
0.442731
0.442693
0.442655
0.442616
0.442578
0.44254
0.442502
0.442464
0.442425
0.442387
0.442349
0.442311
0.442273
0.442236
0.442198
0.44216
0.442122
0.442084
0.442046
0.442009
0.441971
0.441933
0.441896
0.441858
0.441821
0.441783
0.441746
0.441708
0.441671
0.441633
0.441596
0.441559
0.441521
0.441484
0.441447
0.44141
0.441373
0.441335
0.441298
0.441261
0.441224
0.441187
0.44115
0.441113
0.441077
0.44104
0.441003
0.440966
0.440929
0.440893
0.440856
0.440819
0.440783
0.440746
0.440709
0.440673
0.440636
0.4406
0.440564
0.440527
0.440491
0.440454
0.440418
0.440382
0.440346
0.440309
0.440273
0.440237
0.440201
0.440165
0.440129
0.440093
0.440057
0.440021
0.439985
0.439949
0.439913
0.439877
0.439841
0.439806
0.43977
0.439734
0.439698
0.439663
0.439627
0.439592
0.439556
0.43952
0.439485
0.439449
0.439414
0.439379
0.439343
0.439308
0.439273
0.439237
0.439202
0.439167
0.439132
0.439096
0.439061
0.439026
0.438991
0.438956
0.438921
0.438886
0.438851
0.438816
0.438781
0.438746
0.438711
0.438676
0.438642
0.438607
0.438572
0.438537
0.438503
0.438468
0.438433
0.438399
0.438364
0.43833
0.438295
0.438261
0.438226
0.438192
0.438157
0.438123
0.438089
0.438054
0.43802
0.437986
0.437952
0.437917
0.437883
0.437849
0.437815
0.437781
0.437747
0.437713
0.437679
0.437645
0.437611
0.437577
0.437543
0.437509
0.437475
0.437441
0.437408
0.437374
0.43734
0.437306
0.437273
0.437239
0.437205
0.437172
0.437138
0.437105
0.437071
0.437038
0.437004
0.436971
0.436937
0.436904
0.436871
0.436837
0.436804
0.436771
0.436737
0.436704
0.436671
0.436638
0.436605
0.436572
0.436538
0.436505
0.436472
0.436439
0.436406
0.436373
0.43634
0.436307
0.436275
0.436242
0.436209
0.436176
0.436143
0.43611
0.436078
0.436045
0.436012
0.43598
0.435947
0.435914
0.435882
0.435849
0.435817
)
;

boundaryField
{
    inlet
    {
        type            fixedValue;
        value           uniform 0.5;
    }
    outlet
    {
        type            zeroGradient;
    }
    emptyWalls
    {
        type            empty;
    }
}


// ************************************************************************* //
