/*--------------------------------*- C++ -*----------------------------------*\
  =========                 |
  \\      /  F ield         | OpenFOAM: The Open Source CFD Toolbox
   \\    /   O peration     | Website:  https://openfoam.org
    \\  /    A nd           | Version:  9
     \\/     M anipulation  |
\*---------------------------------------------------------------------------*/
FoamFile
{
    format      ascii;
    class       volVectorField;
    location    "4000";
    object      Ub;
}
// * * * * * * * * * * * * * * * * * * * * * * * * * * * * * * * * * * * * * //

dimensions      [0 0 0 0 0 0 0];

internalField   nonuniform List<vector> 
1000
(
(1.23966e-05 0 0)
(1.23962e-05 0 0)
(1.23955e-05 0 0)
(1.23946e-05 0 0)
(1.23934e-05 0 0)
(1.2392e-05 0 0)
(1.23904e-05 0 0)
(1.23883e-05 0 0)
(1.23836e-05 0 0)
(1.24076e-05 0 0)
(1.28799e-05 0 0)
(1.33313e-05 0 0)
(1.33384e-05 0 0)
(1.33379e-05 0 0)
(1.33333e-05 0 0)
(1.33289e-05 0 0)
(1.3329e-05 0 0)
(1.33541e-05 0 0)
(1.34903e-05 0 0)
(1.37016e-05 0 0)
(1.381e-05 0 0)
(1.38197e-05 0 0)
(1.38198e-05 0 0)
(1.38198e-05 0 0)
(1.38198e-05 0 0)
(1.38198e-05 0 0)
(1.38198e-05 0 0)
(1.38198e-05 0 0)
(1.38198e-05 0 0)
(1.38198e-05 0 0)
(1.38198e-05 0 0)
(1.38198e-05 0 0)
(1.38198e-05 0 0)
(1.38198e-05 0 0)
(1.38198e-05 0 0)
(1.38198e-05 0 0)
(1.38198e-05 0 0)
(1.38198e-05 0 0)
(1.38198e-05 0 0)
(1.38198e-05 0 0)
(1.38198e-05 0 0)
(1.38198e-05 0 0)
(1.38198e-05 0 0)
(1.38198e-05 0 0)
(1.38198e-05 0 0)
(1.38198e-05 0 0)
(1.38198e-05 0 0)
(1.38198e-05 0 0)
(1.38198e-05 0 0)
(1.38198e-05 0 0)
(1.38198e-05 0 0)
(1.38198e-05 0 0)
(1.38198e-05 0 0)
(1.38198e-05 0 0)
(1.38198e-05 0 0)
(1.38198e-05 0 0)
(1.38198e-05 0 0)
(1.38198e-05 0 0)
(1.38198e-05 0 0)
(1.38198e-05 0 0)
(1.38198e-05 0 0)
(1.38198e-05 0 0)
(1.38198e-05 0 0)
(1.38198e-05 0 0)
(1.38198e-05 0 0)
(1.38198e-05 0 0)
(1.38198e-05 0 0)
(1.38198e-05 0 0)
(1.38198e-05 0 0)
(1.38198e-05 0 0)
(1.38198e-05 0 0)
(1.38198e-05 0 0)
(1.38198e-05 0 0)
(1.38198e-05 0 0)
(1.38198e-05 0 0)
(1.38198e-05 0 0)
(1.38198e-05 0 0)
(1.38198e-05 0 0)
(1.38198e-05 0 0)
(1.38198e-05 0 0)
(1.38198e-05 0 0)
(1.38198e-05 0 0)
(1.38198e-05 0 0)
(1.38198e-05 0 0)
(1.38198e-05 0 0)
(1.38198e-05 0 0)
(1.38198e-05 0 0)
(1.38198e-05 0 0)
(1.38198e-05 0 0)
(1.38198e-05 0 0)
(1.38198e-05 0 0)
(1.38198e-05 0 0)
(1.38198e-05 0 0)
(1.38198e-05 0 0)
(1.38198e-05 0 0)
(1.38198e-05 0 0)
(1.38198e-05 0 0)
(1.38198e-05 0 0)
(1.38198e-05 0 0)
(1.38198e-05 0 0)
(1.38198e-05 0 0)
(1.38198e-05 0 0)
(1.38198e-05 0 0)
(1.38198e-05 0 0)
(1.38198e-05 0 0)
(1.38198e-05 0 0)
(1.38198e-05 0 0)
(1.38198e-05 0 0)
(1.38198e-05 0 0)
(1.38198e-05 0 0)
(1.38198e-05 0 0)
(1.38198e-05 0 0)
(1.38198e-05 0 0)
(1.38198e-05 0 0)
(1.38198e-05 0 0)
(1.38198e-05 0 0)
(1.38198e-05 0 0)
(1.38198e-05 0 0)
(1.38198e-05 0 0)
(1.38198e-05 0 0)
(1.38198e-05 0 0)
(1.38198e-05 0 0)
(1.38198e-05 0 0)
(1.38198e-05 0 0)
(1.38198e-05 0 0)
(1.38198e-05 0 0)
(1.38198e-05 0 0)
(1.38198e-05 0 0)
(1.38198e-05 0 0)
(1.38198e-05 0 0)
(1.38198e-05 0 0)
(1.38198e-05 0 0)
(1.38198e-05 0 0)
(1.38198e-05 0 0)
(1.38198e-05 0 0)
(1.38198e-05 0 0)
(1.38198e-05 0 0)
(1.38198e-05 0 0)
(1.38198e-05 0 0)
(1.38198e-05 0 0)
(1.38198e-05 0 0)
(1.38198e-05 0 0)
(1.38198e-05 0 0)
(1.38198e-05 0 0)
(1.38198e-05 0 0)
(1.38198e-05 0 0)
(1.38198e-05 0 0)
(1.38198e-05 0 0)
(1.38198e-05 0 0)
(1.38198e-05 0 0)
(1.38198e-05 0 0)
(1.38198e-05 0 0)
(1.38198e-05 0 0)
(1.38198e-05 0 0)
(1.38198e-05 0 0)
(1.38198e-05 0 0)
(1.38198e-05 0 0)
(1.38198e-05 0 0)
(1.38198e-05 0 0)
(1.38198e-05 0 0)
(1.38198e-05 0 0)
(1.38198e-05 0 0)
(1.38198e-05 0 0)
(1.38198e-05 0 0)
(1.38198e-05 0 0)
(1.38198e-05 0 0)
(1.38198e-05 0 0)
(1.38198e-05 0 0)
(1.38198e-05 0 0)
(1.38198e-05 0 0)
(1.38198e-05 0 0)
(1.38198e-05 0 0)
(1.38198e-05 0 0)
(1.38198e-05 0 0)
(1.38198e-05 0 0)
(1.38198e-05 0 0)
(1.38198e-05 0 0)
(1.38198e-05 0 0)
(1.38198e-05 0 0)
(1.38198e-05 0 0)
(1.38198e-05 0 0)
(1.38198e-05 0 0)
(1.38198e-05 0 0)
(1.38198e-05 0 0)
(1.38198e-05 0 0)
(1.38198e-05 0 0)
(1.38198e-05 0 0)
(1.38198e-05 0 0)
(1.38198e-05 0 0)
(1.38198e-05 0 0)
(1.38198e-05 0 0)
(1.38198e-05 0 0)
(1.38198e-05 0 0)
(1.38198e-05 0 0)
(1.38198e-05 0 0)
(1.38198e-05 0 0)
(1.38198e-05 0 0)
(1.38198e-05 0 0)
(1.38198e-05 0 0)
(1.38198e-05 0 0)
(1.38198e-05 0 0)
(1.38198e-05 0 0)
(1.38198e-05 0 0)
(1.38198e-05 0 0)
(1.38198e-05 0 0)
(1.38198e-05 0 0)
(1.38198e-05 0 0)
(1.38198e-05 0 0)
(1.38198e-05 0 0)
(1.38198e-05 0 0)
(1.38198e-05 0 0)
(1.38198e-05 0 0)
(1.38198e-05 0 0)
(1.38198e-05 0 0)
(1.38198e-05 0 0)
(1.38198e-05 0 0)
(1.38198e-05 0 0)
(1.38198e-05 0 0)
(1.38198e-05 0 0)
(1.38198e-05 0 0)
(1.38198e-05 0 0)
(1.38198e-05 0 0)
(1.38198e-05 0 0)
(1.38198e-05 0 0)
(1.38198e-05 0 0)
(1.38198e-05 0 0)
(1.38198e-05 0 0)
(1.38198e-05 0 0)
(1.38198e-05 0 0)
(1.38198e-05 0 0)
(1.38198e-05 0 0)
(1.38198e-05 0 0)
(1.38198e-05 0 0)
(1.38198e-05 0 0)
(1.38198e-05 0 0)
(1.38198e-05 0 0)
(1.38198e-05 0 0)
(1.38198e-05 0 0)
(1.38198e-05 0 0)
(1.38198e-05 0 0)
(1.38198e-05 0 0)
(1.38198e-05 0 0)
(1.38198e-05 0 0)
(1.38198e-05 0 0)
(1.38198e-05 0 0)
(1.38198e-05 0 0)
(1.38198e-05 0 0)
(1.38198e-05 0 0)
(1.38198e-05 0 0)
(1.38198e-05 0 0)
(1.38198e-05 0 0)
(1.38198e-05 0 0)
(1.38198e-05 0 0)
(1.38198e-05 0 0)
(1.38198e-05 0 0)
(1.38198e-05 0 0)
(1.38198e-05 0 0)
(1.38198e-05 0 0)
(1.38198e-05 0 0)
(1.38198e-05 0 0)
(1.38198e-05 0 0)
(1.38198e-05 0 0)
(1.38198e-05 0 0)
(1.38198e-05 0 0)
(1.38198e-05 0 0)
(1.38198e-05 0 0)
(1.38198e-05 0 0)
(1.38198e-05 0 0)
(1.38198e-05 0 0)
(1.38198e-05 0 0)
(1.38198e-05 0 0)
(1.38198e-05 0 0)
(1.38198e-05 0 0)
(1.38198e-05 0 0)
(1.38198e-05 0 0)
(1.38198e-05 0 0)
(1.38198e-05 0 0)
(1.38198e-05 0 0)
(1.38198e-05 0 0)
(1.38198e-05 0 0)
(1.38198e-05 0 0)
(1.38198e-05 0 0)
(1.38198e-05 0 0)
(1.38198e-05 0 0)
(1.38198e-05 0 0)
(1.38198e-05 0 0)
(1.38198e-05 0 0)
(1.38198e-05 0 0)
(1.38198e-05 0 0)
(1.38198e-05 0 0)
(1.38198e-05 0 0)
(1.38198e-05 0 0)
(1.38198e-05 0 0)
(1.38198e-05 0 0)
(1.38198e-05 0 0)
(1.38198e-05 0 0)
(1.38198e-05 0 0)
(1.38198e-05 0 0)
(1.38198e-05 0 0)
(1.38198e-05 0 0)
(1.38198e-05 0 0)
(1.38198e-05 0 0)
(1.38198e-05 0 0)
(1.38198e-05 0 0)
(1.38198e-05 0 0)
(1.38198e-05 0 0)
(1.38198e-05 0 0)
(1.38198e-05 0 0)
(1.38198e-05 0 0)
(1.38198e-05 0 0)
(1.38198e-05 0 0)
(1.38198e-05 0 0)
(1.38198e-05 0 0)
(1.38198e-05 0 0)
(1.38198e-05 0 0)
(1.38198e-05 0 0)
(1.38198e-05 0 0)
(1.38198e-05 0 0)
(1.38198e-05 0 0)
(1.38198e-05 0 0)
(1.38198e-05 0 0)
(1.38198e-05 0 0)
(1.38198e-05 0 0)
(1.38198e-05 0 0)
(1.38198e-05 0 0)
(1.38198e-05 0 0)
(1.38198e-05 0 0)
(1.38198e-05 0 0)
(1.38198e-05 0 0)
(1.38198e-05 0 0)
(1.38198e-05 0 0)
(1.38198e-05 0 0)
(1.38198e-05 0 0)
(1.38198e-05 0 0)
(1.38198e-05 0 0)
(1.38198e-05 0 0)
(1.38198e-05 0 0)
(1.38198e-05 0 0)
(1.38198e-05 0 0)
(1.38198e-05 0 0)
(1.38198e-05 0 0)
(1.38198e-05 0 0)
(1.38198e-05 0 0)
(1.38198e-05 0 0)
(1.38198e-05 0 0)
(1.38198e-05 0 0)
(1.38198e-05 0 0)
(1.38198e-05 0 0)
(1.38198e-05 0 0)
(1.38198e-05 0 0)
(1.38198e-05 0 0)
(1.38198e-05 0 0)
(1.38198e-05 0 0)
(1.38198e-05 0 0)
(1.38198e-05 0 0)
(1.38198e-05 0 0)
(1.38198e-05 0 0)
(1.38198e-05 0 0)
(1.38198e-05 0 0)
(1.38198e-05 0 0)
(1.38198e-05 0 0)
(1.38198e-05 0 0)
(1.38198e-05 0 0)
(1.38198e-05 0 0)
(1.38198e-05 0 0)
(1.38198e-05 0 0)
(1.38198e-05 0 0)
(1.38198e-05 0 0)
(1.38198e-05 0 0)
(1.38198e-05 0 0)
(1.38198e-05 0 0)
(1.38198e-05 0 0)
(1.38198e-05 0 0)
(1.38198e-05 0 0)
(1.38198e-05 0 0)
(1.38198e-05 0 0)
(1.38198e-05 0 0)
(1.38198e-05 0 0)
(1.38198e-05 0 0)
(1.38198e-05 0 0)
(1.38198e-05 0 0)
(1.38198e-05 0 0)
(1.38198e-05 0 0)
(1.38198e-05 0 0)
(1.38198e-05 0 0)
(1.38198e-05 0 0)
(1.38198e-05 0 0)
(1.38198e-05 0 0)
(1.38198e-05 0 0)
(1.38198e-05 0 0)
(1.38198e-05 0 0)
(1.38198e-05 0 0)
(1.38198e-05 0 0)
(1.38198e-05 0 0)
(1.38198e-05 0 0)
(1.38198e-05 0 0)
(1.38198e-05 0 0)
(1.38198e-05 0 0)
(1.38198e-05 0 0)
(1.38198e-05 0 0)
(1.38198e-05 0 0)
(1.38198e-05 0 0)
(1.38198e-05 0 0)
(1.38198e-05 0 0)
(1.38198e-05 0 0)
(1.38198e-05 0 0)
(1.38198e-05 0 0)
(1.38198e-05 0 0)
(1.38198e-05 0 0)
(1.38198e-05 0 0)
(1.38198e-05 0 0)
(1.38198e-05 0 0)
(1.38198e-05 0 0)
(1.38198e-05 0 0)
(1.38198e-05 0 0)
(1.38198e-05 0 0)
(1.38198e-05 0 0)
(1.38198e-05 0 0)
(1.38198e-05 0 0)
(1.38198e-05 0 0)
(1.38198e-05 0 0)
(1.38198e-05 0 0)
(1.38198e-05 0 0)
(1.38198e-05 0 0)
(1.38198e-05 0 0)
(1.38198e-05 0 0)
(1.38198e-05 0 0)
(1.38198e-05 0 0)
(1.38198e-05 0 0)
(1.38198e-05 0 0)
(1.38198e-05 0 0)
(1.38198e-05 0 0)
(1.38198e-05 0 0)
(1.38198e-05 0 0)
(1.38198e-05 0 0)
(1.38198e-05 0 0)
(1.38198e-05 0 0)
(1.38198e-05 0 0)
(1.38198e-05 0 0)
(1.38198e-05 0 0)
(1.38198e-05 0 0)
(1.38198e-05 0 0)
(1.38198e-05 0 0)
(1.38198e-05 0 0)
(1.38198e-05 0 0)
(1.38198e-05 0 0)
(1.38198e-05 0 0)
(1.38198e-05 0 0)
(1.38198e-05 0 0)
(1.38198e-05 0 0)
(1.38198e-05 0 0)
(1.38198e-05 0 0)
(1.38198e-05 0 0)
(1.38198e-05 0 0)
(1.38198e-05 0 0)
(1.38198e-05 0 0)
(1.38198e-05 0 0)
(1.38198e-05 0 0)
(1.38198e-05 0 0)
(1.38198e-05 0 0)
(1.38198e-05 0 0)
(1.38198e-05 0 0)
(1.38198e-05 0 0)
(1.38198e-05 0 0)
(1.38198e-05 0 0)
(1.38198e-05 0 0)
(1.38198e-05 0 0)
(1.38198e-05 0 0)
(1.38198e-05 0 0)
(1.38198e-05 0 0)
(1.38198e-05 0 0)
(1.38198e-05 0 0)
(1.38198e-05 0 0)
(1.38198e-05 0 0)
(1.38198e-05 0 0)
(1.38198e-05 0 0)
(1.38198e-05 0 0)
(1.38198e-05 0 0)
(1.38198e-05 0 0)
(1.38198e-05 0 0)
(1.38198e-05 0 0)
(1.38198e-05 0 0)
(1.38198e-05 0 0)
(1.38198e-05 0 0)
(1.38198e-05 0 0)
(1.38198e-05 0 0)
(1.38198e-05 0 0)
(1.38198e-05 0 0)
(1.38198e-05 0 0)
(1.38198e-05 0 0)
(1.38198e-05 0 0)
(1.38198e-05 0 0)
(1.38198e-05 0 0)
(1.38198e-05 0 0)
(1.38198e-05 0 0)
(1.38198e-05 0 0)
(1.38198e-05 0 0)
(1.38198e-05 0 0)
(1.38198e-05 0 0)
(1.38198e-05 0 0)
(1.38198e-05 0 0)
(1.38198e-05 0 0)
(1.38198e-05 0 0)
(1.38198e-05 0 0)
(1.38198e-05 0 0)
(1.38198e-05 0 0)
(1.38198e-05 0 0)
(1.38198e-05 0 0)
(1.38198e-05 0 0)
(1.38198e-05 0 0)
(1.38198e-05 0 0)
(1.38198e-05 0 0)
(1.38198e-05 0 0)
(1.38198e-05 0 0)
(1.38198e-05 0 0)
(1.38198e-05 0 0)
(1.38198e-05 0 0)
(1.38198e-05 0 0)
(1.38198e-05 0 0)
(1.38198e-05 0 0)
(1.38198e-05 0 0)
(1.38198e-05 0 0)
(1.38198e-05 0 0)
(1.38198e-05 0 0)
(1.38198e-05 0 0)
(1.38198e-05 0 0)
(1.38198e-05 0 0)
(1.38198e-05 0 0)
(1.38198e-05 0 0)
(1.38198e-05 0 0)
(1.38198e-05 0 0)
(1.38198e-05 0 0)
(1.38198e-05 0 0)
(1.38198e-05 0 0)
(1.38198e-05 0 0)
(1.38198e-05 0 0)
(1.38198e-05 0 0)
(1.38198e-05 0 0)
(1.38198e-05 0 0)
(1.38198e-05 0 0)
(1.38198e-05 0 0)
(1.38198e-05 0 0)
(1.38198e-05 0 0)
(1.38198e-05 0 0)
(1.38198e-05 0 0)
(1.38198e-05 0 0)
(1.38198e-05 0 0)
(1.38198e-05 0 0)
(1.38198e-05 0 0)
(1.38198e-05 0 0)
(1.38198e-05 0 0)
(1.38198e-05 0 0)
(1.38198e-05 0 0)
(1.38198e-05 0 0)
(1.38198e-05 0 0)
(1.38198e-05 0 0)
(1.38198e-05 0 0)
(1.38198e-05 0 0)
(1.38198e-05 0 0)
(1.38198e-05 0 0)
(1.38198e-05 0 0)
(1.38198e-05 0 0)
(1.38198e-05 0 0)
(1.38198e-05 0 0)
(1.38198e-05 0 0)
(1.38198e-05 0 0)
(1.38198e-05 0 0)
(1.38198e-05 0 0)
(1.38198e-05 0 0)
(1.38198e-05 0 0)
(1.38198e-05 0 0)
(1.38198e-05 0 0)
(1.38198e-05 0 0)
(1.38198e-05 0 0)
(1.38198e-05 0 0)
(1.38198e-05 0 0)
(1.38198e-05 0 0)
(1.38198e-05 0 0)
(1.38198e-05 0 0)
(1.38198e-05 0 0)
(1.38198e-05 0 0)
(1.38198e-05 0 0)
(1.38198e-05 0 0)
(1.38198e-05 0 0)
(1.38198e-05 0 0)
(1.38198e-05 0 0)
(1.38198e-05 0 0)
(1.38198e-05 0 0)
(1.38198e-05 0 0)
(1.38198e-05 0 0)
(1.38198e-05 0 0)
(1.38198e-05 0 0)
(1.38198e-05 0 0)
(1.38198e-05 0 0)
(1.38198e-05 0 0)
(1.38198e-05 0 0)
(1.38198e-05 0 0)
(1.38198e-05 0 0)
(1.38198e-05 0 0)
(1.38198e-05 0 0)
(1.38198e-05 0 0)
(1.38198e-05 0 0)
(1.38198e-05 0 0)
(1.38198e-05 0 0)
(1.38198e-05 0 0)
(1.38198e-05 0 0)
(1.38198e-05 0 0)
(1.38198e-05 0 0)
(1.38198e-05 0 0)
(1.38198e-05 0 0)
(1.38198e-05 0 0)
(1.38198e-05 0 0)
(1.38198e-05 0 0)
(1.38198e-05 0 0)
(1.38198e-05 0 0)
(1.38198e-05 0 0)
(1.38198e-05 0 0)
(1.38198e-05 0 0)
(1.38198e-05 0 0)
(1.38198e-05 0 0)
(1.38198e-05 0 0)
(1.38198e-05 0 0)
(1.38198e-05 0 0)
(1.38198e-05 0 0)
(1.38198e-05 0 0)
(1.38198e-05 0 0)
(1.38198e-05 0 0)
(1.38198e-05 0 0)
(1.38198e-05 0 0)
(1.38198e-05 0 0)
(1.38198e-05 0 0)
(1.38198e-05 0 0)
(1.38198e-05 0 0)
(1.38198e-05 0 0)
(1.38198e-05 0 0)
(1.38198e-05 0 0)
(1.38198e-05 0 0)
(1.38198e-05 0 0)
(1.38198e-05 0 0)
(1.38198e-05 0 0)
(1.38198e-05 0 0)
(1.38198e-05 0 0)
(1.38198e-05 0 0)
(1.38198e-05 0 0)
(1.38198e-05 0 0)
(1.38198e-05 0 0)
(1.38198e-05 0 0)
(1.38198e-05 0 0)
(1.38198e-05 0 0)
(1.38198e-05 0 0)
(1.38198e-05 0 0)
(1.38198e-05 0 0)
(1.38198e-05 0 0)
(1.38198e-05 0 0)
(1.38198e-05 0 0)
(1.38198e-05 0 0)
(1.38198e-05 0 0)
(1.38198e-05 0 0)
(1.38198e-05 0 0)
(1.38198e-05 0 0)
(1.38198e-05 0 0)
(1.38198e-05 0 0)
(1.38198e-05 0 0)
(1.38198e-05 0 0)
(1.38198e-05 0 0)
(1.38198e-05 0 0)
(1.38198e-05 0 0)
(1.38198e-05 0 0)
(1.38198e-05 0 0)
(1.38198e-05 0 0)
(1.38198e-05 0 0)
(1.38198e-05 0 0)
(1.38198e-05 0 0)
(1.38198e-05 0 0)
(1.38198e-05 0 0)
(1.38198e-05 0 0)
(1.38198e-05 0 0)
(1.38198e-05 0 0)
(1.38198e-05 0 0)
(1.38198e-05 0 0)
(1.38198e-05 0 0)
(1.38198e-05 0 0)
(1.38198e-05 0 0)
(1.38198e-05 0 0)
(1.38198e-05 0 0)
(1.38198e-05 0 0)
(1.38198e-05 0 0)
(1.38198e-05 0 0)
(1.38198e-05 0 0)
(1.38198e-05 0 0)
(1.38198e-05 0 0)
(1.38198e-05 0 0)
(1.38198e-05 0 0)
(1.38198e-05 0 0)
(1.38198e-05 0 0)
(1.38198e-05 0 0)
(1.38198e-05 0 0)
(1.38198e-05 0 0)
(1.38198e-05 0 0)
(1.38198e-05 0 0)
(1.38198e-05 0 0)
(1.38198e-05 0 0)
(1.38198e-05 0 0)
(1.38198e-05 0 0)
(1.38198e-05 0 0)
(1.38198e-05 0 0)
(1.38198e-05 0 0)
(1.38198e-05 0 0)
(1.38198e-05 0 0)
(1.38198e-05 0 0)
(1.38198e-05 0 0)
(1.38198e-05 0 0)
(1.38198e-05 0 0)
(1.38198e-05 0 0)
(1.38198e-05 0 0)
(1.38198e-05 0 0)
(1.38198e-05 0 0)
(1.38198e-05 0 0)
(1.38198e-05 0 0)
(1.38198e-05 0 0)
(1.38198e-05 0 0)
(1.38198e-05 0 0)
(1.38198e-05 0 0)
(1.38198e-05 0 0)
(1.38198e-05 0 0)
(1.38198e-05 0 0)
(1.38198e-05 0 0)
(1.38198e-05 0 0)
(1.38198e-05 0 0)
(1.38198e-05 0 0)
(1.38198e-05 0 0)
(1.38198e-05 0 0)
(1.38198e-05 0 0)
(1.38198e-05 0 0)
(1.38198e-05 0 0)
(1.38198e-05 0 0)
(1.38198e-05 0 0)
(1.38198e-05 0 0)
(1.38198e-05 0 0)
(1.38198e-05 0 0)
(1.38198e-05 0 0)
(1.38198e-05 0 0)
(1.38198e-05 0 0)
(1.38198e-05 0 0)
(1.38198e-05 0 0)
(1.38198e-05 0 0)
(1.38198e-05 0 0)
(1.38198e-05 0 0)
(1.38198e-05 0 0)
(1.38198e-05 0 0)
(1.38198e-05 0 0)
(1.38198e-05 0 0)
(1.38198e-05 0 0)
(1.38198e-05 0 0)
(1.38198e-05 0 0)
(1.38198e-05 0 0)
(1.38198e-05 0 0)
(1.38198e-05 0 0)
(1.38198e-05 0 0)
(1.38198e-05 0 0)
(1.38198e-05 0 0)
(1.38198e-05 0 0)
(1.38198e-05 0 0)
(1.38198e-05 0 0)
(1.38198e-05 0 0)
(1.38198e-05 0 0)
(1.38198e-05 0 0)
(1.38198e-05 0 0)
(1.38198e-05 0 0)
(1.38198e-05 0 0)
(1.38198e-05 0 0)
(1.38198e-05 0 0)
(1.38198e-05 0 0)
(1.38198e-05 0 0)
(1.38198e-05 0 0)
(1.38198e-05 0 0)
(1.38198e-05 0 0)
(1.38198e-05 0 0)
(1.38198e-05 0 0)
(1.38198e-05 0 0)
(1.38198e-05 0 0)
(1.38198e-05 0 0)
(1.38198e-05 0 0)
(1.38198e-05 0 0)
(1.38198e-05 0 0)
(1.38198e-05 0 0)
(1.38198e-05 0 0)
(1.38198e-05 0 0)
(1.38198e-05 0 0)
(1.38198e-05 0 0)
(1.38198e-05 0 0)
(1.38198e-05 0 0)
(1.38198e-05 0 0)
(1.38198e-05 0 0)
(1.38198e-05 0 0)
(1.38198e-05 0 0)
(1.38198e-05 0 0)
(1.38198e-05 0 0)
(1.38198e-05 0 0)
(1.38198e-05 0 0)
(1.38198e-05 0 0)
(1.38198e-05 0 0)
(1.38198e-05 0 0)
(1.38198e-05 0 0)
(1.38198e-05 0 0)
(1.38198e-05 0 0)
(1.38198e-05 0 0)
(1.38198e-05 0 0)
(1.38198e-05 0 0)
(1.38198e-05 0 0)
(1.38198e-05 0 0)
(1.38198e-05 0 0)
(1.38198e-05 0 0)
(1.38198e-05 0 0)
(1.38198e-05 0 0)
(1.38198e-05 0 0)
(1.38198e-05 0 0)
(1.38198e-05 0 0)
(1.38198e-05 0 0)
(1.38198e-05 0 0)
(1.38198e-05 0 0)
(1.38198e-05 0 0)
(1.38198e-05 0 0)
(1.38198e-05 0 0)
(1.38198e-05 0 0)
(1.38198e-05 0 0)
(1.38198e-05 0 0)
(1.38198e-05 0 0)
(1.38198e-05 0 0)
(1.38198e-05 0 0)
(1.38198e-05 0 0)
(1.38198e-05 0 0)
(1.38198e-05 0 0)
(1.38198e-05 0 0)
(1.38198e-05 0 0)
(1.38198e-05 0 0)
(1.38198e-05 0 0)
(1.38198e-05 0 0)
(1.38198e-05 0 0)
(1.38198e-05 0 0)
(1.38198e-05 0 0)
(1.38198e-05 0 0)
(1.38198e-05 0 0)
(1.38198e-05 0 0)
(1.38198e-05 0 0)
(1.38198e-05 0 0)
(1.38198e-05 0 0)
(1.38198e-05 0 0)
(1.38198e-05 0 0)
(1.38198e-05 0 0)
(1.38198e-05 0 0)
(1.38198e-05 0 0)
(1.38198e-05 0 0)
(1.38198e-05 0 0)
(1.38198e-05 0 0)
(1.38198e-05 0 0)
(1.38198e-05 0 0)
(1.38198e-05 0 0)
(1.38198e-05 0 0)
(1.38198e-05 0 0)
(1.38198e-05 0 0)
(1.38198e-05 0 0)
(1.38198e-05 0 0)
(1.38198e-05 0 0)
(1.38198e-05 0 0)
(1.38198e-05 0 0)
(1.38198e-05 0 0)
(1.38198e-05 0 0)
(1.38198e-05 0 0)
(1.38198e-05 0 0)
(1.38198e-05 0 0)
(1.38198e-05 0 0)
(1.38198e-05 0 0)
(1.38198e-05 0 0)
(1.38198e-05 0 0)
(1.38198e-05 0 0)
(1.38198e-05 0 0)
(1.38198e-05 0 0)
(1.38198e-05 0 0)
(1.38198e-05 0 0)
(1.38198e-05 0 0)
(1.38198e-05 0 0)
(1.38198e-05 0 0)
(1.38198e-05 0 0)
(1.38198e-05 0 0)
(1.38198e-05 0 0)
(1.38198e-05 0 0)
(1.38198e-05 0 0)
(1.38198e-05 0 0)
(1.38198e-05 0 0)
(1.38198e-05 0 0)
(1.38198e-05 0 0)
(1.38198e-05 0 0)
(1.38198e-05 0 0)
(1.38198e-05 0 0)
(1.38198e-05 0 0)
(1.38198e-05 0 0)
(1.38198e-05 0 0)
(1.38198e-05 0 0)
(1.38198e-05 0 0)
(1.38198e-05 0 0)
(1.38198e-05 0 0)
(1.38198e-05 0 0)
(1.38198e-05 0 0)
(1.38198e-05 0 0)
(1.38198e-05 0 0)
(1.38198e-05 0 0)
(1.38198e-05 0 0)
(1.38198e-05 0 0)
(1.38198e-05 0 0)
(1.38198e-05 0 0)
(1.38198e-05 0 0)
(1.38198e-05 0 0)
(1.38198e-05 0 0)
(1.38198e-05 0 0)
(1.38198e-05 0 0)
(1.38198e-05 0 0)
(1.38198e-05 0 0)
(1.38198e-05 0 0)
(1.38198e-05 0 0)
(1.38198e-05 0 0)
(1.38198e-05 0 0)
(1.38198e-05 0 0)
(1.38198e-05 0 0)
(1.38198e-05 0 0)
(1.38198e-05 0 0)
(1.38198e-05 0 0)
(1.38198e-05 0 0)
(1.38198e-05 0 0)
(1.38198e-05 0 0)
(1.38198e-05 0 0)
(1.38198e-05 0 0)
(1.38198e-05 0 0)
(1.38198e-05 0 0)
(1.38198e-05 0 0)
(1.38198e-05 0 0)
(1.38198e-05 0 0)
(1.38198e-05 0 0)
(1.38198e-05 0 0)
(1.38198e-05 0 0)
(1.38198e-05 0 0)
(1.38198e-05 0 0)
(1.38198e-05 0 0)
(1.38198e-05 0 0)
(1.38198e-05 0 0)
(1.38198e-05 0 0)
(1.38198e-05 0 0)
(1.38198e-05 0 0)
(1.38198e-05 0 0)
(1.38198e-05 0 0)
(1.38198e-05 0 0)
(1.38198e-05 0 0)
(1.38198e-05 0 0)
(1.38198e-05 0 0)
(1.38198e-05 0 0)
(1.38198e-05 0 0)
(1.38198e-05 0 0)
(1.38198e-05 0 0)
(1.38198e-05 0 0)
(1.38198e-05 0 0)
(1.38198e-05 0 0)
(1.38198e-05 0 0)
(1.38198e-05 0 0)
(1.38198e-05 0 0)
(1.38198e-05 0 0)
(1.38198e-05 0 0)
(1.38198e-05 0 0)
(1.38198e-05 0 0)
(1.38198e-05 0 0)
(1.38198e-05 0 0)
(1.38198e-05 0 0)
(1.38198e-05 0 0)
(1.38198e-05 0 0)
(1.38198e-05 0 0)
(1.38198e-05 0 0)
(1.38198e-05 0 0)
(1.38198e-05 0 0)
(1.38198e-05 0 0)
(1.38198e-05 0 0)
(1.38198e-05 0 0)
(1.38198e-05 0 0)
(1.38198e-05 0 0)
(1.38198e-05 0 0)
(1.38198e-05 0 0)
(1.38198e-05 0 0)
(1.38198e-05 0 0)
(1.38198e-05 0 0)
(1.38198e-05 0 0)
(1.38198e-05 0 0)
(1.38198e-05 0 0)
(1.38198e-05 0 0)
(1.38198e-05 0 0)
(1.38198e-05 0 0)
(1.38198e-05 0 0)
(1.38198e-05 0 0)
(1.38198e-05 0 0)
(1.38198e-05 0 0)
(1.38198e-05 0 0)
(1.38198e-05 0 0)
(1.38198e-05 0 0)
)
;

boundaryField
{
    inlet
    {
        type            fractionalVelocity;
        U               1((1.4111e-05 0 0));
        fractionalFlow  Fb;
        value           uniform (1.23967e-05 0 0);
    }
    outlet
    {
        type            zeroGradient;
    }
    emptyWalls
    {
        type            empty;
    }
}


// ************************************************************************* //
