/*--------------------------------*- C++ -*----------------------------------*\
  =========                 |
  \\      /  F ield         | OpenFOAM: The Open Source CFD Toolbox
   \\    /   O peration     | Website:  https://openfoam.org
    \\  /    A nd           | Version:  9
     \\/     M anipulation  |
\*---------------------------------------------------------------------------*/
FoamFile
{
    format      ascii;
    class       volVectorField;
    location    "475";
    object      Ua;
}
// * * * * * * * * * * * * * * * * * * * * * * * * * * * * * * * * * * * * * //

dimensions      [0 0 0 0 0 0 0];

internalField   nonuniform List<vector> 
100
(
(0 0 1.60925e-05)
(0 0 1.60648e-05)
(0 0 1.60142e-05)
(0 0 1.5973e-05)
(0 0 1.59398e-05)
(0 0 1.59127e-05)
(0 0 1.58897e-05)
(0 0 1.58694e-05)
(0 0 1.58506e-05)
(0 0 1.58327e-05)
(0 0 1.58153e-05)
(0 0 1.57982e-05)
(0 0 1.57812e-05)
(0 0 1.57643e-05)
(0 0 1.57473e-05)
(0 0 1.57302e-05)
(0 0 1.57129e-05)
(0 0 1.56951e-05)
(0 0 1.56767e-05)
(0 0 1.56574e-05)
(0 0 1.56367e-05)
(0 0 1.56136e-05)
(0 0 1.55864e-05)
(0 0 1.55517e-05)
(0 0 1.54994e-05)
(0 0 1.53872e-05)
(0 0 7.69057e-06)
(0 0 3.68911e-08)
(0 0 2.19716e-26)
(0 0 1.31245e-27)
(0 0 1.31234e-27)
(0 0 1.31234e-27)
(0 0 1.31234e-27)
(0 0 1.31234e-27)
(0 0 1.31234e-27)
(0 0 1.31234e-27)
(0 0 1.31234e-27)
(0 0 1.31234e-27)
(0 0 1.31234e-27)
(0 0 1.31234e-27)
(0 0 1.31234e-27)
(0 0 1.31234e-27)
(0 0 1.31234e-27)
(0 0 1.31234e-27)
(0 0 1.31234e-27)
(0 0 1.31234e-27)
(0 0 1.31234e-27)
(0 0 1.31234e-27)
(0 0 1.31234e-27)
(0 0 1.31234e-27)
(0 0 1.31234e-27)
(0 0 1.31234e-27)
(0 0 1.31234e-27)
(0 0 1.31234e-27)
(0 0 1.31234e-27)
(0 0 1.31234e-27)
(0 0 1.31234e-27)
(0 0 1.31234e-27)
(0 0 1.31234e-27)
(0 0 1.31234e-27)
(0 0 1.31234e-27)
(0 0 1.31234e-27)
(0 0 1.31234e-27)
(0 0 1.31234e-27)
(0 0 1.31234e-27)
(0 0 1.31234e-27)
(0 0 1.31234e-27)
(0 0 1.31234e-27)
(0 0 1.31234e-27)
(0 0 1.31234e-27)
(0 0 1.31234e-27)
(0 0 1.31234e-27)
(0 0 1.31234e-27)
(0 0 1.31234e-27)
(0 0 1.31234e-27)
(0 0 1.31234e-27)
(0 0 1.31234e-27)
(0 0 1.31234e-27)
(0 0 1.31234e-27)
(0 0 1.31234e-27)
(0 0 1.31234e-27)
(0 0 1.31234e-27)
(0 0 1.31234e-27)
(0 0 1.31234e-27)
(0 0 1.31234e-27)
(0 0 1.31234e-27)
(0 0 1.31234e-27)
(0 0 1.31234e-27)
(0 0 1.31234e-27)
(0 0 1.31234e-27)
(0 0 1.31234e-27)
(0 0 1.31234e-27)
(0 0 1.31234e-27)
(0 0 1.31234e-27)
(0 0 1.31234e-27)
(0 0 1.31234e-27)
(0 0 1.31234e-27)
(0 0 1.31234e-27)
(0 0 1.31234e-27)
(0 0 1.31234e-27)
)
;

boundaryField
{
    inlet
    {
        type            prescribedFracFlowVelocity;
        U               1((0 0 1.61572e-05));
        fractionalFlow  1;
        value           uniform (0 0 1.61572e-05);
    }
    outlet
    {
        type            zeroGradient;
    }
    emptyWalls
    {
        type            empty;
    }
}


// ************************************************************************* //
