/*--------------------------------*- C++ -*----------------------------------*\
  =========                 |
  \\      /  F ield         | OpenFOAM: The Open Source CFD Toolbox
   \\    /   O peration     | Website:  https://openfoam.org
    \\  /    A nd           | Version:  9
     \\/     M anipulation  |
\*---------------------------------------------------------------------------*/
FoamFile
{
    format      ascii;
    class       volScalarField;
    location    "16.6";
    object      p;
}
// * * * * * * * * * * * * * * * * * * * * * * * * * * * * * * * * * * * * * //

dimensions      [0 0 0 0 0 0 0];

internalField   nonuniform List<scalar> 
1000
(
1.48519e+13
1.4842e+13
1.48321e+13
1.48221e+13
1.48122e+13
1.48022e+13
1.47922e+13
1.47822e+13
1.47722e+13
1.47622e+13
1.47522e+13
1.47421e+13
1.4732e+13
1.47219e+13
1.47118e+13
1.47017e+13
1.46916e+13
1.46814e+13
1.46713e+13
1.46611e+13
1.46509e+13
1.46407e+13
1.46305e+13
1.46203e+13
1.461e+13
1.45998e+13
1.45895e+13
1.45792e+13
1.45689e+13
1.45586e+13
1.45482e+13
1.45379e+13
1.45276e+13
1.45172e+13
1.45068e+13
1.44964e+13
1.4486e+13
1.44756e+13
1.44651e+13
1.44547e+13
1.44442e+13
1.44337e+13
1.44232e+13
1.44127e+13
1.44022e+13
1.43917e+13
1.43811e+13
1.43706e+13
1.436e+13
1.43494e+13
1.43388e+13
1.43282e+13
1.43176e+13
1.4307e+13
1.42963e+13
1.42856e+13
1.4275e+13
1.42643e+13
1.42536e+13
1.42429e+13
1.42321e+13
1.42214e+13
1.42106e+13
1.41999e+13
1.41891e+13
1.41783e+13
1.41675e+13
1.41567e+13
1.41459e+13
1.4135e+13
1.41242e+13
1.41133e+13
1.41024e+13
1.40915e+13
1.40806e+13
1.40697e+13
1.40588e+13
1.40478e+13
1.40369e+13
1.40259e+13
1.40149e+13
1.40039e+13
1.39929e+13
1.39819e+13
1.39709e+13
1.39598e+13
1.39488e+13
1.39377e+13
1.39266e+13
1.39155e+13
1.39044e+13
1.38933e+13
1.38822e+13
1.3871e+13
1.38599e+13
1.38487e+13
1.38375e+13
1.38263e+13
1.38151e+13
1.38039e+13
1.37927e+13
1.37815e+13
1.37702e+13
1.3759e+13
1.37477e+13
1.37364e+13
1.37251e+13
1.37138e+13
1.37025e+13
1.36911e+13
1.36798e+13
1.36684e+13
1.36571e+13
1.36457e+13
1.36343e+13
1.36229e+13
1.36115e+13
1.36001e+13
1.35886e+13
1.35772e+13
1.35657e+13
1.35542e+13
1.35427e+13
1.35312e+13
1.35197e+13
1.35082e+13
1.34967e+13
1.34851e+13
1.34736e+13
1.3462e+13
1.34504e+13
1.34388e+13
1.34272e+13
1.34156e+13
1.3404e+13
1.33924e+13
1.33807e+13
1.33691e+13
1.33574e+13
1.33457e+13
1.3334e+13
1.33223e+13
1.33106e+13
1.32989e+13
1.32871e+13
1.32754e+13
1.32636e+13
1.32519e+13
1.32401e+13
1.32283e+13
1.32165e+13
1.32047e+13
1.31928e+13
1.3181e+13
1.31692e+13
1.31573e+13
1.31454e+13
1.31335e+13
1.31217e+13
1.31097e+13
1.30978e+13
1.30859e+13
1.3074e+13
1.3062e+13
1.30501e+13
1.30381e+13
1.30261e+13
1.30141e+13
1.30021e+13
1.29901e+13
1.29781e+13
1.2966e+13
1.2954e+13
1.29419e+13
1.29299e+13
1.29178e+13
1.29057e+13
1.28936e+13
1.28815e+13
1.28694e+13
1.28572e+13
1.28451e+13
1.28329e+13
1.28208e+13
1.28086e+13
1.27964e+13
1.27842e+13
1.2772e+13
1.27598e+13
1.27475e+13
1.27353e+13
1.2723e+13
1.27108e+13
1.26985e+13
1.26862e+13
1.26739e+13
1.26616e+13
1.26493e+13
1.2637e+13
1.26247e+13
1.26123e+13
1.26e+13
1.25876e+13
1.25752e+13
1.25628e+13
1.25504e+13
1.2538e+13
1.25256e+13
1.25132e+13
1.25007e+13
1.24883e+13
1.24758e+13
1.24633e+13
1.24509e+13
1.24384e+13
1.24259e+13
1.24134e+13
1.24008e+13
1.23883e+13
1.23758e+13
1.23632e+13
1.23506e+13
1.23381e+13
1.23255e+13
1.23129e+13
1.23003e+13
1.22877e+13
1.2275e+13
1.22624e+13
1.22498e+13
1.22371e+13
1.22244e+13
1.22118e+13
1.21991e+13
1.21864e+13
1.21737e+13
1.2161e+13
1.21482e+13
1.21355e+13
1.21228e+13
1.211e+13
1.20972e+13
1.20845e+13
1.20717e+13
1.20589e+13
1.20461e+13
1.20332e+13
1.20204e+13
1.20076e+13
1.19947e+13
1.19819e+13
1.1969e+13
1.19561e+13
1.19432e+13
1.19304e+13
1.19174e+13
1.19045e+13
1.18916e+13
1.18787e+13
1.18657e+13
1.18528e+13
1.18398e+13
1.18268e+13
1.18138e+13
1.18008e+13
1.17878e+13
1.17748e+13
1.17618e+13
1.17488e+13
1.17357e+13
1.17227e+13
1.17096e+13
1.16965e+13
1.16834e+13
1.16704e+13
1.16573e+13
1.16441e+13
1.1631e+13
1.16179e+13
1.16047e+13
1.15916e+13
1.15784e+13
1.15653e+13
1.15521e+13
1.15389e+13
1.15257e+13
1.15125e+13
1.14993e+13
1.1486e+13
1.14728e+13
1.14596e+13
1.14463e+13
1.1433e+13
1.14198e+13
1.14065e+13
1.13932e+13
1.13799e+13
1.13666e+13
1.13532e+13
1.13399e+13
1.13266e+13
1.13132e+13
1.12999e+13
1.12865e+13
1.12731e+13
1.12597e+13
1.12463e+13
1.12329e+13
1.12195e+13
1.12061e+13
1.11926e+13
1.11792e+13
1.11657e+13
1.11523e+13
1.11388e+13
1.11253e+13
1.11118e+13
1.10983e+13
1.10848e+13
1.10713e+13
1.10577e+13
1.10442e+13
1.10307e+13
1.10171e+13
1.10035e+13
1.099e+13
1.09764e+13
1.09628e+13
1.09492e+13
1.09356e+13
1.09219e+13
1.09083e+13
1.08947e+13
1.0881e+13
1.08673e+13
1.08537e+13
1.084e+13
1.08263e+13
1.08126e+13
1.07989e+13
1.07852e+13
1.07715e+13
1.07577e+13
1.0744e+13
1.07302e+13
1.07165e+13
1.07027e+13
1.06889e+13
1.06751e+13
1.06613e+13
1.06475e+13
1.06337e+13
1.06199e+13
1.06061e+13
1.05922e+13
1.05784e+13
1.05645e+13
1.05506e+13
1.05368e+13
1.05229e+13
1.0509e+13
1.04951e+13
1.04812e+13
1.04672e+13
1.04533e+13
1.04394e+13
1.04254e+13
1.04115e+13
1.03975e+13
1.03835e+13
1.03695e+13
1.03555e+13
1.03415e+13
1.03275e+13
1.03135e+13
1.02995e+13
1.02854e+13
1.02714e+13
1.02573e+13
1.02432e+13
1.02292e+13
1.02151e+13
1.0201e+13
1.01869e+13
1.01728e+13
1.01587e+13
1.01445e+13
1.01304e+13
1.01162e+13
1.01021e+13
1.00879e+13
1.00738e+13
1.00596e+13
1.00454e+13
1.00312e+13
1.0017e+13
1.00028e+13
9.98854e+12
9.9743e+12
9.96006e+12
9.94581e+12
9.93155e+12
9.91728e+12
9.903e+12
9.88872e+12
9.87442e+12
9.86012e+12
9.84581e+12
9.83149e+12
9.81716e+12
9.80282e+12
9.78847e+12
9.77411e+12
9.75975e+12
9.74538e+12
9.73099e+12
9.7166e+12
9.7022e+12
9.6878e+12
9.67338e+12
9.65896e+12
9.64452e+12
9.63008e+12
9.61563e+12
9.60117e+12
9.5867e+12
9.57223e+12
9.55774e+12
9.54325e+12
9.52874e+12
9.51423e+12
9.49971e+12
9.48519e+12
9.47065e+12
9.45611e+12
9.44155e+12
9.42699e+12
9.41242e+12
9.39784e+12
9.38325e+12
9.36866e+12
9.35405e+12
9.33944e+12
9.32482e+12
9.31019e+12
9.29555e+12
9.2809e+12
9.26625e+12
9.25158e+12
9.23691e+12
9.22223e+12
9.20754e+12
9.19285e+12
9.17814e+12
9.16343e+12
9.1487e+12
9.13397e+12
9.11923e+12
9.10448e+12
9.08973e+12
9.07496e+12
9.06019e+12
9.04541e+12
9.03062e+12
9.01582e+12
9.00101e+12
8.9862e+12
8.97138e+12
8.95655e+12
8.94171e+12
8.92686e+12
8.912e+12
8.89714e+12
8.88226e+12
8.86738e+12
8.85249e+12
8.83759e+12
8.82269e+12
8.80777e+12
8.79285e+12
8.77792e+12
8.76298e+12
8.74803e+12
8.73308e+12
8.71811e+12
8.70314e+12
8.68816e+12
8.67317e+12
8.65817e+12
8.64317e+12
8.62815e+12
8.61313e+12
8.5981e+12
8.58306e+12
8.56802e+12
8.55296e+12
8.5379e+12
8.52283e+12
8.50775e+12
8.49266e+12
8.47757e+12
8.46246e+12
8.44735e+12
8.43223e+12
8.4171e+12
8.40197e+12
8.38682e+12
8.37167e+12
8.35651e+12
8.34134e+12
8.32616e+12
8.31098e+12
8.29579e+12
8.28059e+12
8.26538e+12
8.25016e+12
8.23493e+12
8.2197e+12
8.20446e+12
8.18921e+12
8.17395e+12
8.15868e+12
8.14341e+12
8.12813e+12
8.11284e+12
8.09754e+12
8.08223e+12
8.06692e+12
8.0516e+12
8.03627e+12
8.02093e+12
8.00558e+12
7.99023e+12
7.97487e+12
7.9595e+12
7.94412e+12
7.92873e+12
7.91334e+12
7.89794e+12
7.88253e+12
7.86711e+12
7.85168e+12
7.83625e+12
7.82081e+12
7.80536e+12
7.7899e+12
7.77443e+12
7.75896e+12
7.74348e+12
7.72799e+12
7.71249e+12
7.69698e+12
7.68147e+12
7.66595e+12
7.65042e+12
7.63488e+12
7.61934e+12
7.60378e+12
7.58822e+12
7.57265e+12
7.55708e+12
7.54149e+12
7.5259e+12
7.5103e+12
7.49469e+12
7.47908e+12
7.46345e+12
7.44782e+12
7.43218e+12
7.41653e+12
7.40088e+12
7.38522e+12
7.36955e+12
7.35387e+12
7.33818e+12
7.32249e+12
7.30678e+12
7.29107e+12
7.27536e+12
7.25963e+12
7.2439e+12
7.22816e+12
7.21241e+12
7.19665e+12
7.18089e+12
7.16511e+12
7.14933e+12
7.13355e+12
7.11775e+12
7.10195e+12
7.08614e+12
7.07032e+12
7.05449e+12
7.03866e+12
7.02281e+12
7.00696e+12
6.99111e+12
6.97524e+12
6.95937e+12
6.94349e+12
6.9276e+12
6.9117e+12
6.8958e+12
6.87989e+12
6.86397e+12
6.84804e+12
6.83211e+12
6.81616e+12
6.80021e+12
6.78426e+12
6.76829e+12
6.75232e+12
6.73634e+12
6.72035e+12
6.70435e+12
6.68835e+12
6.67234e+12
6.65632e+12
6.64029e+12
6.62426e+12
6.60822e+12
6.59217e+12
6.57611e+12
6.56005e+12
6.54398e+12
6.5279e+12
6.51181e+12
6.49571e+12
6.47961e+12
6.4635e+12
6.44738e+12
6.43126e+12
6.41512e+12
6.39898e+12
6.38283e+12
6.36668e+12
6.35052e+12
6.33434e+12
6.31817e+12
6.30198e+12
6.28579e+12
6.26959e+12
6.25338e+12
6.23716e+12
6.22094e+12
6.20471e+12
6.18847e+12
6.17222e+12
6.15597e+12
6.13971e+12
6.12344e+12
6.10716e+12
6.09088e+12
6.07459e+12
6.05829e+12
6.04198e+12
6.02567e+12
6.00934e+12
5.99302e+12
5.97668e+12
5.96034e+12
5.94398e+12
5.92763e+12
5.91126e+12
5.89489e+12
5.8785e+12
5.86212e+12
5.84572e+12
5.82932e+12
5.81291e+12
5.79649e+12
5.78006e+12
5.76363e+12
5.74719e+12
5.73074e+12
5.71428e+12
5.69782e+12
5.68135e+12
5.66487e+12
5.64839e+12
5.63189e+12
5.61539e+12
5.59889e+12
5.58237e+12
5.56585e+12
5.54932e+12
5.53278e+12
5.51624e+12
5.49969e+12
5.48313e+12
5.46656e+12
5.44999e+12
5.43341e+12
5.41682e+12
5.40022e+12
5.38362e+12
5.36701e+12
5.35039e+12
5.33376e+12
5.31713e+12
5.30049e+12
5.28384e+12
5.26719e+12
5.25053e+12
5.23386e+12
5.21718e+12
5.2005e+12
5.18381e+12
5.16711e+12
5.1504e+12
5.13369e+12
5.11697e+12
5.10024e+12
5.0835e+12
5.06676e+12
5.05001e+12
5.03325e+12
5.01649e+12
4.99972e+12
4.98294e+12
4.96615e+12
4.94936e+12
4.93256e+12
4.91575e+12
4.89894e+12
4.88211e+12
4.86528e+12
4.84845e+12
4.8316e+12
4.81475e+12
4.79789e+12
4.78103e+12
4.76415e+12
4.74727e+12
4.73039e+12
4.71349e+12
4.69659e+12
4.67968e+12
4.66276e+12
4.64584e+12
4.62891e+12
4.61197e+12
4.59503e+12
4.57807e+12
4.56111e+12
4.54415e+12
4.52717e+12
4.51019e+12
4.4932e+12
4.47621e+12
4.4592e+12
4.44219e+12
4.42518e+12
4.40815e+12
4.39112e+12
4.37408e+12
4.35704e+12
4.33998e+12
4.32292e+12
4.30586e+12
4.28878e+12
4.2717e+12
4.25461e+12
4.23752e+12
4.22041e+12
4.2033e+12
4.18619e+12
4.16906e+12
4.15193e+12
4.13479e+12
4.11765e+12
4.10049e+12
4.08333e+12
4.06617e+12
4.04899e+12
4.03181e+12
4.01462e+12
3.99743e+12
3.98023e+12
3.96302e+12
3.9458e+12
3.92858e+12
3.91134e+12
3.89411e+12
3.87686e+12
3.85961e+12
3.84235e+12
3.82508e+12
3.80781e+12
3.79053e+12
3.77324e+12
3.75595e+12
3.73865e+12
3.72134e+12
3.70402e+12
3.6867e+12
3.66937e+12
3.65203e+12
3.63469e+12
3.61734e+12
3.59998e+12
3.58262e+12
3.56525e+12
3.54787e+12
3.53048e+12
3.51309e+12
3.49569e+12
3.47828e+12
3.46087e+12
3.44345e+12
3.42602e+12
3.40858e+12
3.39114e+12
3.37369e+12
3.35624e+12
3.33877e+12
3.3213e+12
3.30383e+12
3.28634e+12
3.26885e+12
3.25136e+12
3.23385e+12
3.21634e+12
3.19882e+12
3.18129e+12
3.16376e+12
3.14622e+12
3.12868e+12
3.11112e+12
3.09356e+12
3.07599e+12
3.05842e+12
3.04084e+12
3.02325e+12
3.00566e+12
2.98805e+12
2.97044e+12
2.95283e+12
2.93521e+12
2.91758e+12
2.89994e+12
2.8823e+12
2.86465e+12
2.84699e+12
2.82932e+12
2.81165e+12
2.79397e+12
2.77629e+12
2.7586e+12
2.7409e+12
2.72319e+12
2.70548e+12
2.68776e+12
2.67003e+12
2.6523e+12
2.63456e+12
2.61681e+12
2.59906e+12
2.5813e+12
2.56353e+12
2.54576e+12
2.52798e+12
2.51019e+12
2.49239e+12
2.47459e+12
2.45678e+12
2.43897e+12
2.42114e+12
2.40331e+12
2.38548e+12
2.36763e+12
2.34978e+12
2.33193e+12
2.31406e+12
2.29619e+12
2.27832e+12
2.26043e+12
2.24254e+12
2.22464e+12
2.20674e+12
2.18883e+12
2.17091e+12
2.15299e+12
2.13505e+12
2.11711e+12
2.09917e+12
2.08122e+12
2.06326e+12
2.04529e+12
2.02732e+12
2.00934e+12
1.99135e+12
1.97336e+12
1.95536e+12
1.93735e+12
1.91934e+12
1.90132e+12
1.88329e+12
1.86526e+12
1.84722e+12
1.82917e+12
1.81112e+12
1.79306e+12
1.77499e+12
1.75692e+12
1.73884e+12
1.72075e+12
1.70265e+12
1.68455e+12
1.66644e+12
1.64833e+12
1.63021e+12
1.61208e+12
1.59394e+12
1.5758e+12
1.55765e+12
1.5395e+12
1.52134e+12
1.50317e+12
1.48499e+12
1.46681e+12
1.44862e+12
1.43043e+12
1.41222e+12
1.39402e+12
1.3758e+12
1.35758e+12
1.33935e+12
1.32111e+12
1.30287e+12
1.28462e+12
1.26636e+12
1.2481e+12
1.22983e+12
1.21156e+12
1.19327e+12
1.17498e+12
1.15669e+12
1.13838e+12
1.12008e+12
1.10176e+12
1.08344e+12
1.06511e+12
1.04677e+12
1.02843e+12
1.01008e+12
9.91722e+11
9.73359e+11
9.5499e+11
9.36614e+11
9.18231e+11
8.99841e+11
8.81445e+11
8.63042e+11
8.44633e+11
8.26217e+11
8.07794e+11
7.89364e+11
7.70928e+11
7.52486e+11
7.34036e+11
7.1558e+11
6.97118e+11
6.78649e+11
6.60173e+11
6.4169e+11
6.23201e+11
6.04705e+11
5.86203e+11
5.67694e+11
5.49179e+11
5.30656e+11
5.12128e+11
4.93592e+11
4.7505e+11
4.56501e+11
4.37946e+11
4.19384e+11
4.00816e+11
3.82241e+11
3.63659e+11
3.45071e+11
3.26476e+11
3.07875e+11
2.89267e+11
2.70652e+11
2.52031e+11
2.33403e+11
2.14769e+11
1.96128e+11
1.7748e+11
1.58826e+11
1.40165e+11
1.21498e+11
1.02824e+11
8.41438e+10
6.54569e+10
4.67633e+10
2.80633e+10
9.3566e+09
)
;

boundaryField
{
    inlet
    {
        type            darcyGradPressure_G;
        gradient        uniform 3.23949e+11;
        Mf              Mf;
        phi             phi;
        phiG            phiG;
        value           uniform 1.48568e+13;
    }
    outlet
    {
        type            fixedValue;
        value           uniform 0;
    }
    emptyWalls
    {
        type            empty;
    }
}


// ************************************************************************* //
