/*--------------------------------*- C++ -*----------------------------------*\
  =========                 |
  \\      /  F ield         | OpenFOAM: The Open Source CFD Toolbox
   \\    /   O peration     | Website:  https://openfoam.org
    \\  /    A nd           | Version:  9
     \\/     M anipulation  |
\*---------------------------------------------------------------------------*/
FoamFile
{
    format      ascii;
    class       surfaceScalarField;
    location    "16.6";
    object      phib;
}
// * * * * * * * * * * * * * * * * * * * * * * * * * * * * * * * * * * * * * //

dimensions      [0 2 0 0 0 0 0];

internalField   nonuniform List<scalar> 
999
(
0.290579
0.290578
0.290577
0.290577
0.290575
0.290574
0.290573
0.290571
0.29057
0.290568
0.290566
0.290564
0.290562
0.290559
0.290557
0.290554
0.290551
0.290548
0.290545
0.290542
0.290538
0.290535
0.290531
0.290527
0.290523
0.290519
0.290515
0.290511
0.290506
0.290502
0.290497
0.290492
0.290487
0.290482
0.290477
0.290471
0.290466
0.29046
0.290455
0.290449
0.290443
0.290437
0.290431
0.290425
0.290418
0.290412
0.290405
0.290398
0.290391
0.290384
0.290377
0.29037
0.290363
0.290356
0.290348
0.29034
0.290333
0.290325
0.290317
0.290309
0.290301
0.290293
0.290284
0.290276
0.290267
0.290259
0.29025
0.290241
0.290232
0.290223
0.290214
0.290205
0.290196
0.290186
0.290177
0.290167
0.290158
0.290148
0.290138
0.290128
0.290118
0.290108
0.290098
0.290087
0.290077
0.290066
0.290056
0.290045
0.290034
0.290024
0.290013
0.290002
0.289991
0.289979
0.289968
0.289957
0.289945
0.289934
0.289922
0.289911
0.289899
0.289887
0.289875
0.289863
0.289851
0.289839
0.289827
0.289814
0.289802
0.28979
0.289777
0.289765
0.289752
0.289739
0.289726
0.289713
0.2897
0.289687
0.289674
0.289661
0.289648
0.289634
0.289621
0.289607
0.289594
0.28958
0.289567
0.289553
0.289539
0.289525
0.289511
0.289497
0.289483
0.289469
0.289454
0.28944
0.289426
0.289411
0.289397
0.289382
0.289367
0.289353
0.289338
0.289323
0.289308
0.289293
0.289278
0.289263
0.289248
0.289233
0.289217
0.289202
0.289187
0.289171
0.289156
0.28914
0.289124
0.289109
0.289093
0.289077
0.289061
0.289045
0.289029
0.289013
0.288997
0.28898
0.288964
0.288948
0.288932
0.288915
0.288899
0.288882
0.288865
0.288849
0.288832
0.288815
0.288798
0.288781
0.288765
0.288747
0.28873
0.288713
0.288696
0.288679
0.288662
0.288644
0.288627
0.288609
0.288592
0.288574
0.288557
0.288539
0.288521
0.288504
0.288486
0.288468
0.28845
0.288432
0.288414
0.288396
0.288378
0.28836
0.288341
0.288323
0.288305
0.288287
0.288268
0.28825
0.288231
0.288213
0.288194
0.288175
0.288156
0.288138
0.288119
0.2881
0.288081
0.288062
0.288043
0.288024
0.288005
0.287986
0.287967
0.287947
0.287928
0.287909
0.287889
0.28787
0.28785
0.287831
0.287811
0.287792
0.287772
0.287752
0.287733
0.287713
0.287693
0.287673
0.287653
0.287633
0.287613
0.287593
0.287573
0.287553
0.287533
0.287512
0.287492
0.287472
0.287452
0.287431
0.287411
0.28739
0.28737
0.287349
0.287328
0.287308
0.287287
0.287266
0.287246
0.287225
0.287204
0.287183
0.287162
0.287141
0.28712
0.287099
0.287078
0.287057
0.287035
0.287014
0.286993
0.286972
0.28695
0.286929
0.286907
0.286886
0.286865
0.286843
0.286821
0.2868
0.286778
0.286756
0.286735
0.286713
0.286691
0.286669
0.286647
0.286625
0.286603
0.286581
0.286559
0.286537
0.286515
0.286493
0.286471
0.286449
0.286426
0.286404
0.286382
0.286359
0.286337
0.286314
0.286292
0.286269
0.286247
0.286224
0.286202
0.286179
0.286156
0.286133
0.286111
0.286088
0.286065
0.286042
0.286019
0.285996
0.285973
0.28595
0.285927
0.285904
0.285881
0.285858
0.285835
0.285811
0.285788
0.285765
0.285742
0.285718
0.285695
0.285671
0.285648
0.285624
0.285601
0.285577
0.285554
0.28553
0.285506
0.285483
0.285459
0.285435
0.285411
0.285388
0.285364
0.28534
0.285316
0.285292
0.285268
0.285244
0.28522
0.285196
0.285172
0.285148
0.285123
0.285099
0.285075
0.285051
0.285026
0.285002
0.284978
0.284953
0.284929
0.284904
0.28488
0.284855
0.284831
0.284806
0.284781
0.284757
0.284732
0.284707
0.284683
0.284658
0.284633
0.284608
0.284583
0.284559
0.284534
0.284509
0.284484
0.284459
0.284434
0.284409
0.284383
0.284358
0.284333
0.284308
0.284283
0.284257
0.284232
0.284207
0.284182
0.284156
0.284131
0.284105
0.28408
0.284054
0.284029
0.284003
0.283978
0.283952
0.283927
0.283901
0.283875
0.28385
0.283824
0.283798
0.283772
0.283746
0.283721
0.283695
0.283669
0.283643
0.283617
0.283591
0.283565
0.283539
0.283513
0.283487
0.283461
0.283434
0.283408
0.283382
0.283356
0.28333
0.283303
0.283277
0.283251
0.283224
0.283198
0.283171
0.283145
0.283118
0.283092
0.283065
0.283039
0.283012
0.282986
0.282959
0.282932
0.282906
0.282879
0.282852
0.282825
0.282799
0.282772
0.282745
0.282718
0.282691
0.282664
0.282637
0.28261
0.282583
0.282556
0.282529
0.282502
0.282475
0.282448
0.282421
0.282394
0.282366
0.282339
0.282312
0.282285
0.282257
0.28223
0.282203
0.282175
0.282148
0.28212
0.282093
0.282066
0.282038
0.282011
0.281983
0.281955
0.281928
0.2819
0.281872
0.281845
0.281817
0.281789
0.281762
0.281734
0.281706
0.281678
0.28165
0.281623
0.281595
0.281567
0.281539
0.281511
0.281483
0.281455
0.281427
0.281399
0.281371
0.281342
0.281314
0.281286
0.281258
0.28123
0.281202
0.281173
0.281145
0.281117
0.281088
0.28106
0.281032
0.281003
0.280975
0.280946
0.280918
0.280889
0.280861
0.280832
0.280804
0.280775
0.280747
0.280718
0.280689
0.280661
0.280632
0.280603
0.280575
0.280546
0.280517
0.280488
0.280459
0.280431
0.280402
0.280373
0.280344
0.280315
0.280286
0.280257
0.280228
0.280199
0.28017
0.280141
0.280112
0.280082
0.280053
0.280024
0.279995
0.279966
0.279937
0.279907
0.279878
0.279849
0.279819
0.27979
0.279761
0.279731
0.279702
0.279672
0.279643
0.279614
0.279584
0.279554
0.279525
0.279495
0.279466
0.279436
0.279407
0.279377
0.279347
0.279318
0.279288
0.279258
0.279228
0.279199
0.279169
0.279139
0.279109
0.279079
0.279049
0.279019
0.27899
0.27896
0.27893
0.2789
0.27887
0.27884
0.278809
0.278779
0.278749
0.278719
0.278689
0.278659
0.278629
0.278599
0.278568
0.278538
0.278508
0.278477
0.278447
0.278417
0.278387
0.278356
0.278326
0.278295
0.278265
0.278234
0.278204
0.278174
0.278143
0.278112
0.278082
0.278051
0.278021
0.27799
0.277959
0.277929
0.277898
0.277867
0.277837
0.277806
0.277775
0.277744
0.277714
0.277683
0.277652
0.277621
0.27759
0.277559
0.277528
0.277498
0.277467
0.277436
0.277405
0.277374
0.277343
0.277311
0.27728
0.277249
0.277218
0.277187
0.277156
0.277125
0.277093
0.277062
0.277031
0.277
0.276968
0.276937
0.276906
0.276875
0.276843
0.276812
0.27678
0.276749
0.276718
0.276686
0.276655
0.276623
0.276592
0.27656
0.276529
0.276497
0.276465
0.276434
0.276402
0.27637
0.276339
0.276307
0.276275
0.276244
0.276212
0.27618
0.276148
0.276117
0.276085
0.276053
0.276021
0.275989
0.275957
0.275925
0.275893
0.275861
0.275829
0.275797
0.275765
0.275733
0.275701
0.275669
0.275637
0.275605
0.275573
0.275541
0.275509
0.275476
0.275444
0.275412
0.27538
0.275348
0.275315
0.275283
0.275251
0.275218
0.275186
0.275154
0.275121
0.275089
0.275056
0.275024
0.274991
0.274959
0.274926
0.274894
0.274861
0.274829
0.274796
0.274764
0.274731
0.274698
0.274666
0.274633
0.2746
0.274568
0.274535
0.274502
0.274469
0.274436
0.274404
0.274371
0.274338
0.274305
0.274272
0.274239
0.274206
0.274174
0.274141
0.274108
0.274075
0.274042
0.274009
0.273976
0.273942
0.273909
0.273876
0.273843
0.27381
0.273777
0.273744
0.27371
0.273677
0.273644
0.273611
0.273578
0.273544
0.273511
0.273478
0.273444
0.273411
0.273378
0.273344
0.273311
0.273277
0.273244
0.27321
0.273177
0.273143
0.27311
0.273076
0.273043
0.273009
0.272976
0.272942
0.272908
0.272875
0.272841
0.272807
0.272774
0.27274
0.272706
0.272672
0.272639
0.272605
0.272571
0.272537
0.272503
0.27247
0.272436
0.272402
0.272368
0.272334
0.2723
0.272266
0.272232
0.272198
0.272164
0.27213
0.272096
0.272062
0.272028
0.271994
0.271959
0.271925
0.271891
0.271857
0.271823
0.271788
0.271754
0.27172
0.271686
0.271651
0.271617
0.271583
0.271548
0.271514
0.27148
0.271445
0.271411
0.271376
0.271342
0.271307
0.271273
0.271238
0.271204
0.271169
0.271135
0.2711
0.271066
0.271031
0.270996
0.270962
0.270927
0.270892
0.270858
0.270823
0.270788
0.270753
0.270719
0.270684
0.270649
0.270614
0.270579
0.270545
0.27051
0.270475
0.27044
0.270405
0.27037
0.270335
0.2703
0.270265
0.27023
0.270195
0.27016
0.270125
0.27009
0.270055
0.27002
0.269984
0.269949
0.269914
0.269879
0.269844
0.269808
0.269773
0.269738
0.269703
0.269667
0.269632
0.269597
0.269561
0.269526
0.269491
0.269455
0.26942
0.269384
0.269349
0.269313
0.269278
0.269242
0.269207
0.269171
0.269136
0.2691
0.269064
0.269029
0.268993
0.268958
0.268922
0.268886
0.26885
0.268815
0.268779
0.268743
0.268707
0.268672
0.268636
0.2686
0.268564
0.268528
0.268492
0.268456
0.268421
0.268385
0.268349
0.268313
0.268277
0.268241
0.268205
0.268169
0.268133
0.268097
0.26806
0.268024
0.267988
0.267952
0.267916
0.26788
0.267843
0.267807
0.267771
0.267735
0.267698
0.267662
0.267626
0.26759
0.267553
0.267517
0.26748
0.267444
0.267408
0.267371
0.267335
0.267298
0.267262
0.267225
0.267189
0.267152
0.267116
0.267079
0.267043
0.267006
0.266969
0.266933
0.266896
0.266859
0.266823
0.266786
0.266749
0.266712
0.266676
0.266639
0.266602
0.266565
0.266528
0.266492
0.266455
0.266418
0.266381
0.266344
0.266307
0.26627
0.266233
0.266196
0.266159
0.266122
0.266085
0.266048
0.266011
0.265974
0.265937
0.265899
0.265862
0.265825
0.265788
0.265751
0.265713
0.265676
0.265639
0.265602
0.265564
0.265527
0.26549
0.265452
0.265415
0.265378
0.26534
0.265303
0.265265
0.265228
0.26519
0.265153
0.265115
0.265078
0.26504
0.265003
0.264965
0.264927
0.26489
0.264852
0.264814
0.264777
0.264739
0.264701
)
;

boundaryField
{
    inlet
    {
        type            calculated;
        value           uniform -0.290579;
    }
    outlet
    {
        type            calculated;
        value           uniform 0.264664;
    }
    emptyWalls
    {
        type            empty;
        value           nonuniform List<scalar> 0();
    }
}


// ************************************************************************* //
