/*--------------------------------*- C++ -*----------------------------------*\
  =========                 |
  \\      /  F ield         | OpenFOAM: The Open Source CFD Toolbox
   \\    /   O peration     | Website:  https://openfoam.org
    \\  /    A nd           | Version:  9
     \\/     M anipulation  |
\*---------------------------------------------------------------------------*/
FoamFile
{
    format      ascii;
    class       volScalarField;
    location    "0.5";
    object      krc;
}
// * * * * * * * * * * * * * * * * * * * * * * * * * * * * * * * * * * * * * //

dimensions      [0 0 0 0 0 0 0];

internalField   nonuniform List<scalar> 
1000
(
0.00140515
0.00334452
0.00564338
0.00819838
0.0109409
0.0138227
0.0168086
0.0198727
0.0229952
0.026161
0.0293587
0.0325792
0.0358158
0.039063
0.042317
0.0455746
0.0488337
0.052093
0.0553515
0.058609
0.0618656
0.0651222
0.0683797
0.07164
0.0749053
0.0781785
0.0814634
0.0847647
0.0880886
0.0914427
0.0948371
0.0982852
0.101805
0.10542
0.109164
0.113087
0.11726
0.121794
0.126869
0.132795
0.140145
0.150106
0.165564
0.195559
0.286833
0.238345
0.242299
0.241641
0.242503
0.242916
0.240757
0.236718
0.232988
0.230949
0.230608
0.231368
0.232649
0.234055
0.235329
0.236302
0.236872
0.237006
0.236761
0.236271
0.235712
0.23525
0.23499
0.234964
0.235137
0.235439
0.235793
0.236127
0.236391
0.236558
0.236611
0.236509
0.236046
0.234351
0.227965
0.203195
0.11408
0.00728321
2.06517e-06
2.47906e-14
6.46297e-22
1.23751e-25
0
7.60939e-29
7.29822e-22
7.27878e-22
8.33482e-22
0
0
0
0
3.00239e-24
7.38141e-26
8.92714e-22
0
0
0
2.09684e-26
3.8616e-26
3.82429e-26
0
0
4.8777e-24
1.06533e-21
9.40079e-22
4.15366e-26
1.79731e-25
2.2564e-24
2.22412e-24
1.93012e-27
5.74319e-26
4.90927e-26
1.08731e-21
0
2.41096e-26
9.69068e-22
0
0
9.77202e-22
3.42583e-26
9.54137e-22
9.15154e-22
6.93335e-27
6.56099e-26
9.24042e-22
1.00229e-21
0
9.0998e-22
0
2.98887e-25
2.93897e-24
4.56211e-24
6.30356e-26
0
1.13934e-26
2.11756e-24
3.63017e-24
4.51009e-26
0
2.20052e-24
2.96186e-24
9.75399e-25
0
3.8367e-26
7.17579e-25
1.16419e-24
1.56714e-24
8.31121e-22
9.36737e-22
0
0
4.78705e-24
0
5.14154e-25
1.47196e-25
2.663e-24
3.38778e-24
0
8.99252e-25
4.46909e-24
3.88657e-26
4.4383e-24
0
2.80787e-25
3.354e-24
6.47999e-26
4.09889e-24
2.52053e-26
4.57575e-25
9.75775e-22
8.1041e-24
0
6.01509e-27
1.41308e-24
6.83072e-25
9.74784e-22
7.50455e-22
2.56606e-28
1.8376e-24
6.1661e-25
3.49606e-24
0
0
6.55043e-24
0
3.25711e-24
7.38839e-22
1.09409e-24
0
2.79444e-25
1.36079e-24
6.3995e-26
7.30806e-27
6.95679e-26
3.86739e-25
9.18208e-22
7.15708e-22
1.30585e-24
5.10875e-24
0
0
0
9.71291e-26
8.97792e-22
5.07127e-27
0
7.17084e-22
8.19965e-22
5.01029e-24
3.72997e-24
1.07921e-26
1.05301e-26
9.8797e-25
8.76177e-22
7.35423e-25
0
0
1.05008e-24
3.98917e-24
1.50425e-24
0
0
0
3.9311e-24
2.5798e-24
0
8.70553e-22
0
0
8.51194e-22
6.71258e-22
0
0
4.73031e-24
2.56251e-24
8.78616e-27
1.2161e-24
1.06509e-24
1.06851e-25
4.12848e-24
0
4.55805e-24
1.39037e-25
1.01326e-25
1.59827e-24
0
1.47714e-24
0
0
0
6.23106e-22
7.91067e-22
6.21601e-25
3.71528e-24
0
0
0
7.62469e-26
4.35582e-24
1.73862e-25
0
9.54832e-25
0
4.0854e-27
2.5598e-27
0
1.06024e-25
0
1.62202e-26
1.22205e-26
0
2.65536e-25
6.04185e-22
1.85423e-25
0
0
0
0
6.52975e-22
0
3.54844e-24
2.32312e-26
1.02071e-26
0
0
7.44454e-22
4.64583e-26
5.88853e-28
0
0
2.87623e-24
3.00972e-25
0
1.19416e-26
0
4.35582e-24
6.49268e-22
0
4.44368e-25
0
1.56317e-24
0
1.8515e-25
7.78316e-26
0
3.41938e-24
0
6.11388e-26
0
0
6.66622e-24
0
0
0
0
3.10997e-24
0
4.59723e-25
0
3.04462e-25
2.58694e-24
0
0
4.22697e-22
6.51974e-25
0
4.3346e-22
5.83715e-22
0
1.37861e-24
3.95125e-24
0
0
0
1.1683e-24
0
0
0
0
6.11286e-22
0
5.41358e-26
0
0
5.80417e-26
0
2.07055e-25
2.58286e-24
3.98835e-22
5.85617e-22
0
5.71927e-22
6.09749e-22
0
7.32979e-26
0
3.53176e-25
0
2.58592e-24
0
0
5.6408e-22
3.88088e-22
3.54366e-24
0
0
0
0
1.82301e-24
0
4.51009e-26
5.24422e-22
0
2.13792e-24
3.55821e-25
0
1.34346e-25
0
1.02938e-24
0
4.9687e-22
1.51673e-24
0
4.06172e-24
0
6.51233e-26
7.88972e-26
0
4.90295e-24
0
3.34413e-26
5.10152e-22
0
0
0
9.97165e-26
3.39087e-22
5.04646e-25
0
0
0
0
0
0
3.39075e-22
4.46031e-22
0
1.34455e-24
0
0
0
0
4.6663e-22
0
0
1.23718e-24
3.01554e-22
4.67507e-22
2.6244e-27
0
0
0
0
0
2.01606e-25
7.19999e-27
0
1.85423e-25
3.60285e-22
4.13048e-22
0
0
1.64212e-25
0
4.1279e-22
3.11965e-22
0
0
0
1.66793e-25
3.19575e-22
4.62746e-22
1.56e-24
0
1.54838e-25
0
5.63048e-24
4.21159e-22
3.30071e-22
9.20565e-26
2.93533e-22
1.99746e-24
4.61446e-25
0
2.75434e-25
0
2.05616e-24
0
4.61845e-22
0
0
0
0
5.72269e-24
2.17566e-28
0
0
2.89406e-22
4.27051e-22
1.00793e-26
0
4.29086e-22
0
4.14855e-22
0
4.77529e-25
3.49368e-24
0
2.08996e-24
0
5.16431e-25
0
0
3.98012e-22
0
1.58605e-25
0
2.57608e-22
4.0655e-22
0
1.63956e-25
2.86119e-24
0
2.66093e-24
2.28705e-22
3.62516e-22
0
7.25122e-25
2.76015e-24
0
3.52559e-22
7.60939e-29
4.16485e-25
2.77492e-24
0
1.35931e-24
0
2.0619e-25
1.56159e-24
0
6.71066e-25
0
5.95864e-25
0
3.6576e-22
1.3182e-24
0
0
2.03136e-22
2.43119e-24
0
1.55088e-25
2.48846e-22
2.18413e-22
1.73862e-25
1.81078e-25
6.20836e-26
0
2.11853e-22
3.82429e-26
2.94991e-22
2.83287e-22
0
0
5.39245e-27
2.80815e-22
3.29788e-26
0
0
2.68426e-26
7.24416e-26
7.97907e-26
2.24873e-22
0
1.44913e-26
1.02744e-25
2.61277e-22
2.25826e-22
1.93391e-22
1.74657e-25
5.48603e-27
2.59036e-22
0
0
5.6279e-27
1.02135e-25
1.14233e-25
2.15815e-22
0
2.56916e-22
1.72875e-26
2.56266e-22
0
4.49033e-25
0
0
4.02681e-25
0
2.48756e-22
1.80469e-22
2.40628e-22
1.0173e-25
1.95434e-22
2.47038e-22
1.67648e-22
2.77862e-26
2.36796e-22
1.93232e-22
4.18604e-28
0
2.32587e-22
3.03762e-25
1.8863e-22
2.22265e-22
1.71805e-22
5.5622e-26
3.68996e-27
1.83558e-22
9.36028e-26
1.59655e-22
3.79951e-26
2.20151e-22
1.7904e-22
7.29548e-26
0
4.37637e-26
2.14205e-22
1.75122e-22
2.10922e-22
1.52616e-22
2.07143e-22
2.09478e-22
2.05894e-22
0
1.51747e-22
2.77862e-26
2.04422e-22
1.28823e-25
0
0
1.99266e-22
1.09985e-25
2.01719e-22
0
1.37366e-22
3.12733e-26
6.77394e-26
1.13804e-25
1.49559e-22
1.39291e-22
1.34419e-26
9.63399e-26
1.49886e-25
1.54274e-22
1.36504e-22
3.37902e-26
1.64635e-26
1.85973e-22
1.48652e-22
0
1.01629e-27
6.20836e-26
1.7727e-22
1.44406e-22
0
6.85675e-26
7.97336e-27
1.78099e-22
1.36497e-22
1.21599e-22
1.72238e-22
1.72846e-22
1.68207e-22
1.35343e-22
1.13309e-22
1.72588e-22
6.94007e-26
1.67936e-22
0
0
1.61205e-22
1.66803e-22
1.58878e-22
0
1.1073e-22
1.55553e-22
1.5351e-22
1.61262e-22
1.19642e-22
0
8.5814e-26
1.54636e-22
1.51473e-22
1.23052e-22
1.0109e-22
1.49249e-22
1.48243e-22
2.1906e-25
0
0
4.67322e-26
2.13162e-25
2.98318e-26
1.18859e-22
0
0
1.36447e-25
1.02135e-25
1.07641e-22
9.03619e-23
4.1021e-26
5.57717e-26
3.18368e-26
0
0
1.34474e-22
1.31372e-22
0
3.21204e-28
0
1.23143e-22
1.28573e-22
4.86719e-26
0
0
6.20836e-26
4.75996e-27
0
1.21991e-22
0
1.21473e-22
1.24159e-22
0
1.2139e-22
7.67011e-23
1.15985e-22
8.32319e-26
8.91778e-23
1.32221e-26
0
8.84356e-26
1.15917e-22
8.79776e-23
8.03292e-26
7.11653e-23
1.09127e-22
1.07648e-22
0
1.55011e-26
6.20836e-26
6.78649e-23
1.21197e-25
7.65456e-23
1.04875e-22
1.47213e-26
0
2.10604e-26
0
8.71199e-26
9.77232e-26
0
1.1682e-25
0
9.69736e-23
9.59269e-23
0
0
0
9.32308e-23
9.08269e-23
5.49379e-23
8.88845e-23
3.32675e-28
2.17098e-26
3.79951e-26
5.17777e-23
6.49615e-26
0
8.73895e-23
1.4915e-25
0
0
6.07453e-23
8.17888e-23
8.19556e-26
0
8.40592e-23
0
4.52205e-23
5.60674e-23
4.45024e-23
3.4848e-26
0
4.29919e-23
0
0
0
0
0
0
0
1.07059e-25
0
3.59406e-23
2.77334e-28
3.61577e-23
9.65369e-26
0
0
0
0
8.76825e-26
4.41771e-23
3.34045e-23
4.30668e-23
0
1.02744e-25
0
0
0
2.98558e-23
1.02744e-25
0
2.76151e-23
0
0
6.77394e-26
5.70599e-23
5.66533e-23
0
2.56735e-23
8.4518e-26
5.51261e-23
5.4104e-23
3.45061e-23
0
8.60867e-27
5.68254e-26
2.18763e-25
3.14574e-23
0
4.79262e-23
9.03322e-26
4.79526e-23
0
0
2.70509e-26
4.737e-23
4.63495e-23
0
1.89364e-23
0
9.0714e-26
0
2.527e-23
1.9233e-23
4.16793e-23
2.24437e-25
7.29548e-26
0
0
0
3.12733e-26
3.92501e-23
0
1.34218e-23
1.3951e-25
0
1.39747e-25
0
1.47574e-23
0
3.55348e-23
3.4745e-23
0
0
3.50448e-23
1.4046e-25
3.40752e-23
1.82851e-23
0
0
1.52651e-26
3.069e-23
1.71398e-23
0
1.05611e-25
2.8448e-23
3.4141e-26
0
9.23551e-24
2.77352e-23
7.26125e-26
0
3.68294e-28
8.47857e-24
1.89961e-26
2.58796e-24
2.4174e-29
0
8.61023e-24
1.28493e-23
1.65617e-23
8.78616e-27
1.52909e-23
0
1.4048e-24
0
0
0
4.92106e-25
0
1.48648e-23
8.81622e-24
8.98562e-28
7.18452e-28
0
1.17439e-23
0
0
2.81578e-23
0
4.75996e-27
7.97336e-27
1.94548e-25
2.51585e-23
5.14395e-28
2.34634e-23
8.75792e-24
0
7.18452e-28
0
2.51999e-23
3.87845e-24
0
2.06377e-23
0
6.65804e-24
5.91242e-24
1.19437e-25
4.91216e-25
0
4.67282e-27
1.86203e-23
0
4.80383e-27
0
4.27674e-24
0
1.08935e-25
1.64251e-23
0
6.95185e-25
0
0
4.18604e-28
0
9.12536e-25
8.14135e-25
9.53578e-26
1.47038e-23
0
0
0
0
7.52864e-28
0
0
7.35557e-28
0
7.35557e-28
1.2326e-30
0
0
0
0
0
7.35557e-28
3.32675e-28
0
0
1.2326e-30
7.35557e-28
0
0
7.52864e-28
0
7.35557e-28
7.52864e-28
0
3.44347e-28
2.03756e-30
0
7.52864e-28
0
7.52864e-28
1.2326e-30
3.8057e-28
7.35557e-28
0
1.34051e-28
1.2326e-30
0
0
0
0
0
7.2698e-30
0
0
0
0
0
0
0
0
0
0
0
0
0
0
0
0
0
0
)
;

boundaryField
{
    inlet
    {
        type            calculated;
        value           uniform 0;
    }
    outlet
    {
        type            calculated;
        value           uniform 0;
    }
    emptyWalls
    {
        type            empty;
    }
}


// ************************************************************************* //
