/*--------------------------------*- C++ -*----------------------------------*\
  =========                 |
  \\      /  F ield         | OpenFOAM: The Open Source CFD Toolbox
   \\    /   O peration     | Website:  https://openfoam.org
    \\  /    A nd           | Version:  9
     \\/     M anipulation  |
\*---------------------------------------------------------------------------*/
FoamFile
{
    format      ascii;
    class       volScalarField;
    location    "15";
    object      krb;
}
// * * * * * * * * * * * * * * * * * * * * * * * * * * * * * * * * * * * * * //

dimensions      [0 0 0 0 0 0 0];

internalField   nonuniform List<scalar> 
1000
(
0.301978
0.301377
0.300821
0.300286
0.299765
0.299254
0.298751
0.298254
0.297763
0.297277
0.296795
0.296318
0.295844
0.295373
0.294907
0.294443
0.293983
0.293525
0.293071
0.292619
0.29217
0.291724
0.29128
0.290839
0.2904
0.289964
0.28953
0.289099
0.28867
0.288243
0.287818
0.287396
0.286975
0.286557
0.286141
0.285727
0.285316
0.284906
0.284498
0.284092
0.283688
0.283286
0.282886
0.282488
0.282092
0.281698
0.281305
0.280914
0.280526
0.280138
0.279753
0.279369
0.278987
0.278607
0.278229
0.277852
0.277477
0.277103
0.276731
0.276361
0.275992
0.275625
0.275259
0.274895
0.274533
0.274172
0.273812
0.273454
0.273098
0.272743
0.272389
0.272037
0.271687
0.271338
0.27099
0.270643
0.270298
0.269955
0.269613
0.269272
0.268932
0.268594
0.268257
0.267921
0.267587
0.267254
0.266923
0.266592
0.266263
0.265935
0.265608
0.265283
0.264959
0.264636
0.264314
0.263994
0.263674
0.263356
0.263039
0.262723
0.262409
0.262095
0.261783
0.261471
0.261161
0.260852
0.260544
0.260238
0.259932
0.259627
0.259324
0.259021
0.25872
0.258419
0.25812
0.257822
0.257524
0.257228
0.256933
0.256639
0.256346
0.256053
0.255762
0.255472
0.255183
0.254895
0.254607
0.254321
0.254036
0.253751
0.253468
0.253185
0.252904
0.252623
0.252343
0.252064
0.251786
0.251509
0.251233
0.250958
0.250683
0.25041
0.250137
0.249865
0.249594
0.249324
0.249055
0.248787
0.248519
0.248253
0.247987
0.247722
0.247458
0.247194
0.246932
0.24667
0.246409
0.246149
0.245889
0.245631
0.245373
0.245116
0.244859
0.244604
0.244349
0.244095
0.243842
0.24359
0.243338
0.243087
0.242837
0.242587
0.242338
0.24209
0.241843
0.241596
0.24135
0.241105
0.240861
0.240617
0.240374
0.240131
0.23989
0.239649
0.239408
0.239169
0.23893
0.238691
0.238454
0.238217
0.23798
0.237745
0.23751
0.237275
0.237042
0.236808
0.236576
0.236344
0.236113
0.235882
0.235653
0.235423
0.235195
0.234967
0.234739
0.234512
0.234286
0.23406
0.233835
0.233611
0.233387
0.233164
0.232941
0.232719
0.232498
0.232277
0.232056
0.231836
0.231617
0.231399
0.231181
0.230963
0.230746
0.23053
0.230314
0.230099
0.229884
0.22967
0.229456
0.229243
0.22903
0.228818
0.228607
0.228396
0.228185
0.227975
0.227766
0.227557
0.227349
0.227141
0.226933
0.226726
0.22652
0.226314
0.226109
0.225904
0.2257
0.225496
0.225293
0.22509
0.224887
0.224685
0.224484
0.224283
0.224083
0.223883
0.223683
0.223484
0.223286
0.223088
0.22289
0.222693
0.222496
0.2223
0.222104
0.221909
0.221714
0.221519
0.221325
0.221132
0.220939
0.220746
0.220554
0.220362
0.220171
0.21998
0.21979
0.2196
0.21941
0.219221
0.219032
0.218844
0.218656
0.218468
0.218281
0.218095
0.217908
0.217723
0.217537
0.217352
0.217168
0.216983
0.2168
0.216616
0.216433
0.216251
0.216068
0.215887
0.215705
0.215524
0.215344
0.215163
0.214984
0.214804
0.214625
0.214446
0.214268
0.21409
0.213913
0.213735
0.213559
0.213382
0.213206
0.21303
0.212855
0.21268
0.212506
0.212331
0.212157
0.211984
0.211811
0.211638
0.211466
0.211294
0.211122
0.21095
0.210779
0.210609
0.210438
0.210268
0.210099
0.20993
0.209761
0.209592
0.209424
0.209256
0.209088
0.208921
0.208754
0.208587
0.208421
0.208255
0.20809
0.207924
0.207759
0.207595
0.20743
0.207267
0.207103
0.20694
0.206777
0.206614
0.206451
0.206289
0.206128
0.205966
0.205805
0.205644
0.205484
0.205324
0.205164
0.205004
0.204845
0.204686
0.204527
0.204369
0.204211
0.204053
0.203895
0.203738
0.203581
0.203425
0.203268
0.203112
0.202957
0.202801
0.202646
0.202491
0.202337
0.202183
0.202029
0.201875
0.201721
0.201568
0.201415
0.201263
0.201111
0.200958
0.200807
0.200655
0.200504
0.200353
0.200202
0.200052
0.199902
0.199752
0.199603
0.199453
0.199304
0.199155
0.199007
0.198859
0.198711
0.198563
0.198416
0.198268
0.198121
0.197975
0.197828
0.197682
0.197536
0.197391
0.197245
0.1971
0.196955
0.196811
0.196666
0.196522
0.196378
0.196234
0.196091
0.195948
0.195805
0.195662
0.19552
0.195378
0.195236
0.195094
0.194953
0.194811
0.194671
0.19453
0.194389
0.194249
0.194109
0.193969
0.19383
0.19369
0.193551
0.193412
0.193274
0.193135
0.192997
0.192859
0.192722
0.192584
0.192447
0.19231
0.192173
0.192036
0.1919
0.191764
0.191628
0.191492
0.191357
0.191222
0.191086
0.190952
0.190817
0.190683
0.190549
0.190415
0.190281
0.190147
0.190014
0.189881
0.189748
0.189615
0.189483
0.189351
0.189219
0.189087
0.188955
0.188824
0.188693
0.188561
0.188431
0.1883
0.18817
0.18804
0.18791
0.18778
0.18765
0.187521
0.187392
0.187263
0.187134
0.187005
0.186877
0.186749
0.186621
0.186493
0.186365
0.186238
0.186111
0.185984
0.185857
0.18573
0.185604
0.185477
0.185351
0.185226
0.1851
0.184974
0.184849
0.184724
0.184599
0.184474
0.18435
0.184225
0.184101
0.183977
0.183853
0.18373
0.183606
0.183483
0.18336
0.183237
0.183114
0.182992
0.182869
0.182747
0.182625
0.182503
0.182382
0.18226
0.182139
0.182018
0.181897
0.181776
0.181655
0.181535
0.181415
0.181295
0.181175
0.181055
0.180935
0.180816
0.180697
0.180578
0.180459
0.18034
0.180221
0.180103
0.179985
0.179867
0.179749
0.179631
0.179514
0.179396
0.179279
0.179162
0.179045
0.178928
0.178812
0.178695
0.178579
0.178463
0.178347
0.178231
0.178116
0.178
0.177885
0.17777
0.177655
0.17754
0.177425
0.177311
0.177196
0.177082
0.176968
0.176854
0.176741
0.176627
0.176514
0.1764
0.176287
0.176174
0.176061
0.175949
0.175836
0.175724
0.175612
0.175499
0.175388
0.175276
0.175164
0.175053
0.174941
0.17483
0.174719
0.174608
0.174498
0.174387
0.174276
0.174166
0.174056
0.173946
0.173836
0.173726
0.173617
0.173507
0.173398
0.173289
0.17318
0.173071
0.172962
0.172854
0.172745
0.172637
0.172529
0.172421
0.172313
0.172205
0.172097
0.17199
0.171882
0.171775
0.171668
0.171561
0.171454
0.171348
0.171241
0.171135
0.171028
0.170922
0.170816
0.17071
0.170605
0.170499
0.170394
0.170288
0.170183
0.170078
0.169973
0.169868
0.169763
0.169659
0.169554
0.16945
0.169346
0.169242
0.169138
0.169034
0.16893
0.168827
0.168723
0.16862
0.168517
0.168414
0.168311
0.168208
0.168106
0.168003
0.167901
0.167798
0.167696
0.167594
0.167492
0.16739
0.167289
0.167187
0.167086
0.166984
0.166883
0.166782
0.166681
0.16658
0.166479
0.166379
0.166278
0.166178
0.166078
0.165978
0.165877
0.165778
0.165678
0.165578
0.165479
0.165379
0.16528
0.165181
0.165081
0.164983
0.164884
0.164785
0.164686
0.164588
0.164489
0.164391
0.164293
0.164195
0.164097
0.163999
0.163901
0.163804
0.163706
0.163609
0.163511
0.163414
0.163317
0.16322
0.163123
0.163027
0.16293
0.162833
0.162737
0.162641
0.162544
0.162448
0.162352
0.162257
0.162161
0.162065
0.16197
0.161874
0.161779
0.161683
0.161588
0.161493
0.161398
0.161304
0.161209
0.161114
0.16102
0.160925
0.160831
0.160737
0.160643
0.160549
0.160455
0.160361
0.160267
0.160174
0.16008
0.159987
0.159894
0.1598
0.159707
0.159614
0.159521
0.159429
0.159336
0.159243
0.159151
0.159058
0.158966
0.158874
0.158782
0.15869
0.158598
0.158506
0.158414
0.158323
0.158231
0.15814
0.158048
0.157957
0.157866
0.157775
0.157684
0.157593
0.157502
0.157412
0.157321
0.157231
0.15714
0.15705
0.15696
0.15687
0.15678
0.15669
0.1566
0.15651
0.156421
0.156331
0.156242
0.156152
0.156063
0.155974
0.155885
0.155796
0.155707
0.155618
0.155529
0.155441
0.155352
0.155264
0.155175
0.155087
0.154999
0.154911
0.154822
0.154735
0.154647
0.154559
0.154471
0.154384
0.154296
0.154209
0.154121
0.154034
0.153947
0.15386
0.153773
0.153686
0.153599
0.153512
0.153426
0.153339
0.153253
0.153166
0.15308
0.152994
0.152908
0.152822
0.152736
0.15265
0.152564
0.152478
0.152392
0.152307
0.152221
0.152136
0.152051
0.151965
0.15188
0.151795
0.15171
0.151625
0.15154
0.151456
0.151371
0.151286
0.151202
0.151117
0.151033
0.150949
0.150865
0.15078
0.150696
0.150612
0.150529
0.150445
0.150361
0.150277
0.150194
0.15011
0.150027
0.149943
0.14986
0.149777
0.149694
0.149611
0.149528
0.149445
0.149362
0.149279
0.149197
0.149114
0.149032
0.148949
0.148867
0.148784
0.148702
0.14862
0.148538
0.148456
0.148374
0.148292
0.14821
0.148129
0.148047
0.147965
0.147884
0.147802
0.147721
0.14764
0.147559
0.147477
0.147396
0.147315
0.147234
0.147154
0.147073
0.146992
0.146911
0.146831
0.14675
0.14667
0.14659
0.146509
0.146429
0.146349
0.146269
0.146189
0.146109
0.146029
0.145949
0.145869
0.14579
0.14571
0.14563
0.145551
0.145471
0.145392
0.145313
0.145234
0.145154
0.145075
0.144996
0.144917
0.144838
0.14476
0.144681
0.144602
0.144523
0.144445
0.144366
0.144288
0.144209
0.144131
0.144053
0.143975
0.143897
0.143819
0.14374
0.143663
0.143585
0.143507
0.143429
0.143351
0.143274
0.143196
0.143119
0.143041
0.142964
0.142886
0.142809
0.142732
0.142655
0.142578
0.142501
0.142424
0.142347
0.14227
0.142193
0.142116
0.14204
0.141963
0.141886
0.14181
0.141733
0.141657
0.141581
0.141504
0.141428
0.141352
0.141276
0.1412
0.141124
0.141048
0.140972
0.140896
0.14082
0.140745
0.140669
0.140593
0.140518
0.140442
0.140367
0.140291
0.140216
0.140141
0.140065
0.13999
0.139915
0.13984
0.139765
0.13969
0.139615
0.13954
0.139465
0.13939
0.139316
0.139241
0.139166
0.139092
0.139017
0.138942
0.138868
0.138794
0.138719
0.138645
0.138571
0.138496
0.138422
0.138348
0.138274
0.1382
)
;

boundaryField
{
    inlet
    {
        type            calculated;
        value           uniform 0.302959;
    }
    outlet
    {
        type            calculated;
        value           uniform 0.1382;
    }
    emptyWalls
    {
        type            empty;
    }
}


// ************************************************************************* //
