/*--------------------------------*- C++ -*----------------------------------*\
  =========                 |
  \\      /  F ield         | OpenFOAM: The Open Source CFD Toolbox
   \\    /   O peration     | Website:  https://openfoam.org
    \\  /    A nd           | Version:  9
     \\/     M anipulation  |
\*---------------------------------------------------------------------------*/
FoamFile
{
    format      ascii;
    class       volScalarField;
    location    "11.5";
    object      Sa;
}
// * * * * * * * * * * * * * * * * * * * * * * * * * * * * * * * * * * * * * //

dimensions      [0 0 0 0 0 0 0];

internalField   nonuniform List<scalar> 
1000
(
0.499475
0.499154
0.498856
0.498571
0.498293
0.498021
0.497754
0.497489
0.497228
0.49697
0.496715
0.496462
0.496211
0.495962
0.495715
0.49547
0.495227
0.494986
0.494746
0.494508
0.494272
0.494037
0.493804
0.493572
0.493342
0.493113
0.492886
0.49266
0.492435
0.492212
0.49199
0.491769
0.491549
0.491331
0.491114
0.490898
0.490684
0.49047
0.490258
0.490047
0.489837
0.489628
0.48942
0.489214
0.489008
0.488804
0.4886
0.488398
0.488196
0.487996
0.487796
0.487598
0.487401
0.487204
0.487009
0.486814
0.486621
0.486428
0.486236
0.486045
0.485855
0.485666
0.485478
0.485291
0.485105
0.484919
0.484734
0.484551
0.484367
0.484185
0.484004
0.483823
0.483644
0.483465
0.483286
0.483109
0.482932
0.482756
0.482581
0.482407
0.482233
0.482061
0.481888
0.481717
0.481546
0.481376
0.481207
0.481038
0.480871
0.480703
0.480537
0.480371
0.480206
0.480041
0.479878
0.479714
0.479552
0.47939
0.479229
0.479068
0.478908
0.478749
0.47859
0.478432
0.478275
0.478118
0.477961
0.477806
0.477651
0.477496
0.477342
0.477189
0.477036
0.476884
0.476732
0.476581
0.47643
0.47628
0.476131
0.475982
0.475834
0.475686
0.475539
0.475392
0.475246
0.4751
0.474955
0.47481
0.474666
0.474522
0.474379
0.474236
0.474094
0.473952
0.473811
0.47367
0.47353
0.47339
0.473251
0.473112
0.472974
0.472836
0.472699
0.472562
0.472425
0.472289
0.472154
0.472018
0.471884
0.471749
0.471616
0.471482
0.471349
0.471217
0.471085
0.470953
0.470822
0.470691
0.47056
0.47043
0.470301
0.470172
0.470043
0.469914
0.469786
0.469659
0.469532
0.469405
0.469278
0.469152
0.469027
0.468901
0.468777
0.468652
0.468528
0.468404
0.468281
0.468158
0.468035
0.467913
0.467791
0.467669
0.467548
0.467427
0.467307
0.467187
0.467067
0.466947
0.466828
0.46671
0.466591
0.466473
0.466355
0.466238
0.466121
0.466004
0.465888
0.465772
0.465656
0.465541
0.465426
0.465311
0.465196
0.465082
0.464968
0.464855
0.464742
0.464629
0.464516
0.464404
0.464292
0.46418
0.464069
0.463958
0.463847
0.463737
0.463627
0.463517
0.463407
0.463298
0.463189
0.46308
0.462972
0.462863
0.462756
0.462648
0.462541
0.462434
0.462327
0.462221
0.462114
0.462008
0.461903
0.461797
0.461692
0.461587
0.461483
0.461379
0.461275
0.461171
0.461067
0.460964
0.460861
0.460758
0.460656
0.460554
0.460452
0.46035
0.460248
0.460147
0.460046
0.459945
0.459845
0.459745
0.459645
0.459545
0.459445
0.459346
0.459247
0.459148
0.45905
0.458951
0.458853
0.458755
0.458658
0.45856
0.458463
0.458366
0.458269
0.458173
0.458077
0.457981
0.457885
0.457789
0.457694
0.457599
0.457504
0.457409
0.457315
0.45722
0.457126
0.457032
0.456939
0.456845
0.456752
0.456659
0.456566
0.456474
0.456381
0.456289
0.456197
0.456105
0.456014
0.455922
0.455831
0.45574
0.455649
0.455559
0.455469
0.455378
0.455288
0.455199
0.455109
0.45502
0.45493
0.454841
0.454753
0.454664
0.454576
0.454487
0.454399
0.454311
0.454224
0.454136
0.454049
0.453962
0.453875
0.453788
0.453702
0.453615
0.453529
0.453443
0.453357
0.453271
0.453186
0.4531
0.453015
0.45293
0.452846
0.452761
0.452676
0.452592
0.452508
0.452424
0.45234
0.452257
0.452173
0.45209
0.452007
0.451924
0.451841
0.451759
0.451676
0.451594
0.451512
0.45143
0.451348
0.451266
0.451185
0.451104
0.451023
0.450942
0.450861
0.45078
0.4507
0.450619
0.450539
0.450459
0.450379
0.450299
0.45022
0.45014
0.450061
0.449982
0.449903
0.449824
0.449745
0.449667
0.449589
0.44951
0.449432
0.449354
0.449276
0.449199
0.449121
0.449044
0.448967
0.44889
0.448813
0.448736
0.448659
0.448583
0.448507
0.44843
0.448354
0.448278
0.448202
0.448127
0.448051
0.447976
0.447901
0.447826
0.447751
0.447676
0.447601
0.447526
0.447452
0.447378
0.447304
0.447229
0.447156
0.447082
0.447008
0.446935
0.446861
0.446788
0.446715
0.446642
0.446569
0.446496
0.446424
0.446351
0.446279
0.446206
0.446134
0.446062
0.445991
0.445919
0.445847
0.445776
0.445704
0.445633
0.445562
0.445491
0.44542
0.445349
0.445279
0.445208
0.445138
0.445067
0.444997
0.444927
0.444857
0.444787
0.444718
0.444648
0.444579
0.444509
0.44444
0.444371
0.444302
0.444233
0.444164
0.444096
0.444027
0.443959
0.44389
0.443822
0.443754
0.443686
0.443618
0.44355
0.443483
0.443415
0.443348
0.44328
0.443213
0.443146
0.443079
0.443012
0.442945
0.442879
0.442812
0.442746
0.442679
0.442613
0.442547
0.442481
0.442415
0.442349
0.442283
0.442218
0.442152
0.442087
0.442021
0.441956
0.441891
0.441826
0.441761
0.441696
0.441631
0.441567
0.441502
0.441438
0.441373
0.441309
0.441245
0.441181
0.441117
0.441053
0.440989
0.440926
0.440862
0.440799
0.440735
0.440672
0.440609
0.440546
0.440483
0.44042
0.440357
0.440295
0.440232
0.44017
0.440107
0.440045
0.439983
0.43992
0.439858
0.439796
0.439735
0.439673
0.439611
0.43955
0.439488
0.439427
0.439365
0.439304
0.439243
0.439182
0.439121
0.43906
0.438999
0.438939
0.438878
0.438817
0.438757
0.438697
0.438636
0.438576
0.438516
0.438456
0.438396
0.438336
0.438277
0.438217
0.438157
0.438098
0.438038
0.437979
0.43792
0.437861
0.437801
0.437742
0.437684
0.437625
0.437566
0.437507
0.437449
0.43739
0.437332
0.437273
0.437215
0.437157
0.437099
0.437041
0.436983
0.436925
0.436867
0.436809
0.436752
0.436694
0.436637
0.436579
0.436522
0.436465
0.436408
0.43635
0.436293
0.436236
0.43618
0.436123
0.436066
0.436009
0.435953
0.435896
0.43584
0.435784
0.435727
0.435671
0.435615
0.435559
0.435503
0.435447
0.435391
0.435336
0.43528
0.435224
0.435169
0.435113
0.435058
0.435003
0.434947
0.434892
0.434837
0.434782
0.434727
0.434672
0.434617
0.434563
0.434508
0.434453
0.434399
0.434344
0.43429
0.434236
0.434181
0.434127
0.434073
0.434019
0.433965
0.433911
0.433857
0.433803
0.43375
0.433696
0.433642
0.433589
0.433535
0.433482
0.433429
0.433375
0.433322
0.433269
0.433216
0.433163
0.43311
0.433057
0.433004
0.432951
0.432899
0.432846
0.432794
0.432741
0.432689
0.432636
0.432584
0.432532
0.43248
0.432427
0.432375
0.432323
0.432272
0.43222
0.432168
0.432116
0.432064
0.432013
0.431961
0.43191
0.431858
0.431807
0.431756
0.431704
0.431653
0.431602
0.431551
0.4315
0.431449
0.431398
0.431347
0.431296
0.431246
0.431195
0.431144
0.431094
0.431043
0.430993
0.430942
0.430892
0.430842
0.430792
0.430741
0.430691
0.430641
0.430591
0.430541
0.430491
0.430442
0.430392
0.430342
0.430292
0.430243
0.430193
0.430144
0.430094
0.430045
0.429996
0.429946
0.429897
0.429848
0.429799
0.42975
0.429701
0.429652
0.429603
0.429554
0.429505
0.429456
0.429408
0.429359
0.42931
0.429262
0.429213
0.429165
0.429116
0.429068
0.42902
0.428971
0.428923
0.428875
0.428827
0.428779
0.428731
0.428683
0.428635
0.428587
0.428539
0.428491
0.428444
0.428396
0.428348
0.428301
0.428253
0.428206
0.428158
0.428111
0.428064
0.428016
0.427969
0.427922
0.427875
0.427828
0.42778
0.427733
0.427686
0.427639
0.427593
0.427546
0.427499
0.427452
0.427405
0.427359
0.427312
0.427265
0.427219
0.427172
0.427126
0.427079
0.427033
0.426986
0.42694
0.426894
0.426848
0.426801
0.426755
0.426709
0.426663
0.426617
0.426571
0.426525
0.426479
0.426433
0.426387
0.426341
0.426295
0.42625
0.426204
0.426158
0.426112
0.426067
0.426021
0.425976
0.42593
0.425885
0.425839
0.425794
0.425748
0.425703
0.425657
0.425612
0.425567
0.425521
0.425476
0.425431
0.425386
0.425341
0.425295
0.42525
0.425205
0.42516
0.425115
0.42507
0.425025
0.42498
0.424935
0.42489
0.424845
0.4248
0.424755
0.42471
0.424665
0.42462
0.424575
0.42453
0.424486
0.424441
0.424396
0.424351
0.424306
0.424261
0.424216
0.424171
0.424127
0.424082
0.424037
0.423992
0.423947
0.423902
0.423857
0.423812
0.423767
0.423722
0.423678
0.423632
0.423587
0.423542
0.423497
0.423452
0.423407
0.423362
0.423317
0.423271
0.423226
0.42318
0.423135
0.423089
0.423044
0.422998
0.422952
0.422906
0.422861
0.422814
0.422768
0.422722
0.422676
0.422629
0.422583
0.422536
0.422489
0.422442
0.422395
0.422347
0.4223
0.422252
0.422204
0.422155
0.422107
0.422058
0.422009
0.42196
0.42191
0.42186
0.42181
0.421759
0.421708
0.421656
0.421604
0.421551
0.421498
0.421444
0.42139
0.421335
0.421279
0.421222
0.421165
0.421106
0.421047
0.420986
0.420924
0.420861
0.420797
0.420731
0.420663
0.420593
0.420521
0.420447
0.42037
0.42029
0.420207
0.42012
0.420029
0.419934
0.419833
0.419727
0.419613
0.419492
0.419361
0.41922
0.419065
0.418896
0.418707
0.418497
0.418258
0.417985
0.417666
0.41729
0.416835
0.416271
0.415553
0.4146
0.413271
0.411287
0.408016
0.401813
0.377401
0.305703
0.302731
0.302535
0.305355
0.309373
0.312316
0.313496
0.313449
0.312801
0.311913
0.310974
0.310099
0.309379
0.308894
0.308695
0.30879
0.309125
0.309593
0.310064
0.310427
0.310622
0.310646
0.310534
0.310342
0.310126
0.309932
0.309794
0.309726
0.30973
0.30979
0.309883
0.309984
0.31007
0.310127
0.310149
0.31014
0.310108
0.310065
0.310023
0.309989
0.30997
0.309966
0.309976
0.309994
0.310016
0.310035
0.310049
0.310055
0.310054
0.310047
0.310036
0.310024
0.310013
0.310005
0.310001
0.31
0.310002
0.310005
0.310009
0.310012
0.310014
0.310015
0.310014
0.310013
0.310011
0.310009
0.310007
0.310007
0.310007
0.310007
0.310008
0.310009
0.31001
0.310011
0.310012
0.310012
0.310013
0.310013
0.310013
0.310013
0.310014
0.310015
0.310016
0.310017
)
;

boundaryField
{
    inlet
    {
        type            fixedValue;
        value           uniform 0.5;
    }
    outlet
    {
        type            zeroGradient;
    }
    emptyWalls
    {
        type            empty;
    }
}


// ************************************************************************* //
