/*--------------------------------*- C++ -*----------------------------------*\
  =========                 |
  \\      /  F ield         | OpenFOAM: The Open Source CFD Toolbox
   \\    /   O peration     | Website:  https://openfoam.org
    \\  /    A nd           | Version:  9
     \\/     M anipulation  |
\*---------------------------------------------------------------------------*/
FoamFile
{
    format      ascii;
    class       volVectorField;
    location    "16.1";
    object      Ua;
}
// * * * * * * * * * * * * * * * * * * * * * * * * * * * * * * * * * * * * * //

dimensions      [0 0 0 0 0 0 0];

internalField   nonuniform List<vector> 
1000
(
(0.709421 0 0)
(0.709421 0 0)
(0.70942 0 0)
(0.70942 0 0)
(0.709419 0 0)
(0.709418 0 0)
(0.709418 0 0)
(0.709417 0 0)
(0.709416 0 0)
(0.709414 0 0)
(0.709413 0 0)
(0.709412 0 0)
(0.70941 0 0)
(0.709409 0 0)
(0.709407 0 0)
(0.709406 0 0)
(0.709404 0 0)
(0.709402 0 0)
(0.7094 0 0)
(0.709398 0 0)
(0.709395 0 0)
(0.709393 0 0)
(0.709391 0 0)
(0.709388 0 0)
(0.709386 0 0)
(0.709383 0 0)
(0.70938 0 0)
(0.709378 0 0)
(0.709375 0 0)
(0.709372 0 0)
(0.709369 0 0)
(0.709366 0 0)
(0.709362 0 0)
(0.709359 0 0)
(0.709356 0 0)
(0.709352 0 0)
(0.709349 0 0)
(0.709345 0 0)
(0.709341 0 0)
(0.709338 0 0)
(0.709334 0 0)
(0.70933 0 0)
(0.709326 0 0)
(0.709322 0 0)
(0.709318 0 0)
(0.709314 0 0)
(0.709309 0 0)
(0.709305 0 0)
(0.709301 0 0)
(0.709296 0 0)
(0.709292 0 0)
(0.709287 0 0)
(0.709282 0 0)
(0.709277 0 0)
(0.709273 0 0)
(0.709268 0 0)
(0.709263 0 0)
(0.709258 0 0)
(0.709253 0 0)
(0.709247 0 0)
(0.709242 0 0)
(0.709237 0 0)
(0.709232 0 0)
(0.709226 0 0)
(0.709221 0 0)
(0.709215 0 0)
(0.70921 0 0)
(0.709204 0 0)
(0.709198 0 0)
(0.709192 0 0)
(0.709186 0 0)
(0.709181 0 0)
(0.709175 0 0)
(0.709169 0 0)
(0.709162 0 0)
(0.709156 0 0)
(0.70915 0 0)
(0.709144 0 0)
(0.709138 0 0)
(0.709131 0 0)
(0.709125 0 0)
(0.709118 0 0)
(0.709112 0 0)
(0.709105 0 0)
(0.709098 0 0)
(0.709092 0 0)
(0.709085 0 0)
(0.709078 0 0)
(0.709071 0 0)
(0.709064 0 0)
(0.709057 0 0)
(0.70905 0 0)
(0.709043 0 0)
(0.709036 0 0)
(0.709029 0 0)
(0.709022 0 0)
(0.709014 0 0)
(0.709007 0 0)
(0.709 0 0)
(0.708992 0 0)
(0.708985 0 0)
(0.708977 0 0)
(0.70897 0 0)
(0.708962 0 0)
(0.708954 0 0)
(0.708947 0 0)
(0.708939 0 0)
(0.708931 0 0)
(0.708923 0 0)
(0.708915 0 0)
(0.708907 0 0)
(0.708899 0 0)
(0.708891 0 0)
(0.708883 0 0)
(0.708875 0 0)
(0.708867 0 0)
(0.708858 0 0)
(0.70885 0 0)
(0.708842 0 0)
(0.708833 0 0)
(0.708825 0 0)
(0.708816 0 0)
(0.708808 0 0)
(0.708799 0 0)
(0.708791 0 0)
(0.708782 0 0)
(0.708774 0 0)
(0.708765 0 0)
(0.708756 0 0)
(0.708747 0 0)
(0.708738 0 0)
(0.70873 0 0)
(0.708721 0 0)
(0.708712 0 0)
(0.708703 0 0)
(0.708694 0 0)
(0.708684 0 0)
(0.708675 0 0)
(0.708666 0 0)
(0.708657 0 0)
(0.708648 0 0)
(0.708638 0 0)
(0.708629 0 0)
(0.70862 0 0)
(0.70861 0 0)
(0.708601 0 0)
(0.708591 0 0)
(0.708582 0 0)
(0.708572 0 0)
(0.708563 0 0)
(0.708553 0 0)
(0.708543 0 0)
(0.708534 0 0)
(0.708524 0 0)
(0.708514 0 0)
(0.708504 0 0)
(0.708495 0 0)
(0.708485 0 0)
(0.708475 0 0)
(0.708465 0 0)
(0.708455 0 0)
(0.708445 0 0)
(0.708435 0 0)
(0.708425 0 0)
(0.708415 0 0)
(0.708404 0 0)
(0.708394 0 0)
(0.708384 0 0)
(0.708374 0 0)
(0.708363 0 0)
(0.708353 0 0)
(0.708343 0 0)
(0.708332 0 0)
(0.708322 0 0)
(0.708312 0 0)
(0.708301 0 0)
(0.70829 0 0)
(0.70828 0 0)
(0.708269 0 0)
(0.708259 0 0)
(0.708248 0 0)
(0.708237 0 0)
(0.708227 0 0)
(0.708216 0 0)
(0.708205 0 0)
(0.708194 0 0)
(0.708184 0 0)
(0.708173 0 0)
(0.708162 0 0)
(0.708151 0 0)
(0.70814 0 0)
(0.708129 0 0)
(0.708118 0 0)
(0.708107 0 0)
(0.708096 0 0)
(0.708085 0 0)
(0.708073 0 0)
(0.708062 0 0)
(0.708051 0 0)
(0.70804 0 0)
(0.708029 0 0)
(0.708017 0 0)
(0.708006 0 0)
(0.707995 0 0)
(0.707983 0 0)
(0.707972 0 0)
(0.70796 0 0)
(0.707949 0 0)
(0.707938 0 0)
(0.707926 0 0)
(0.707914 0 0)
(0.707903 0 0)
(0.707891 0 0)
(0.70788 0 0)
(0.707868 0 0)
(0.707856 0 0)
(0.707845 0 0)
(0.707833 0 0)
(0.707821 0 0)
(0.707809 0 0)
(0.707798 0 0)
(0.707786 0 0)
(0.707774 0 0)
(0.707762 0 0)
(0.70775 0 0)
(0.707738 0 0)
(0.707726 0 0)
(0.707714 0 0)
(0.707702 0 0)
(0.70769 0 0)
(0.707678 0 0)
(0.707666 0 0)
(0.707654 0 0)
(0.707642 0 0)
(0.70763 0 0)
(0.707618 0 0)
(0.707605 0 0)
(0.707593 0 0)
(0.707581 0 0)
(0.707569 0 0)
(0.707556 0 0)
(0.707544 0 0)
(0.707532 0 0)
(0.707519 0 0)
(0.707507 0 0)
(0.707494 0 0)
(0.707482 0 0)
(0.707469 0 0)
(0.707457 0 0)
(0.707444 0 0)
(0.707432 0 0)
(0.707419 0 0)
(0.707407 0 0)
(0.707394 0 0)
(0.707382 0 0)
(0.707369 0 0)
(0.707356 0 0)
(0.707344 0 0)
(0.707331 0 0)
(0.707318 0 0)
(0.707305 0 0)
(0.707293 0 0)
(0.70728 0 0)
(0.707267 0 0)
(0.707254 0 0)
(0.707241 0 0)
(0.707228 0 0)
(0.707215 0 0)
(0.707202 0 0)
(0.707189 0 0)
(0.707176 0 0)
(0.707163 0 0)
(0.70715 0 0)
(0.707137 0 0)
(0.707124 0 0)
(0.707111 0 0)
(0.707098 0 0)
(0.707085 0 0)
(0.707072 0 0)
(0.707059 0 0)
(0.707046 0 0)
(0.707032 0 0)
(0.707019 0 0)
(0.707006 0 0)
(0.706993 0 0)
(0.706979 0 0)
(0.706966 0 0)
(0.706953 0 0)
(0.706939 0 0)
(0.706926 0 0)
(0.706913 0 0)
(0.706899 0 0)
(0.706886 0 0)
(0.706872 0 0)
(0.706859 0 0)
(0.706845 0 0)
(0.706832 0 0)
(0.706818 0 0)
(0.706805 0 0)
(0.706791 0 0)
(0.706778 0 0)
(0.706764 0 0)
(0.70675 0 0)
(0.706737 0 0)
(0.706723 0 0)
(0.706709 0 0)
(0.706696 0 0)
(0.706682 0 0)
(0.706668 0 0)
(0.706655 0 0)
(0.706641 0 0)
(0.706627 0 0)
(0.706613 0 0)
(0.706599 0 0)
(0.706586 0 0)
(0.706572 0 0)
(0.706558 0 0)
(0.706544 0 0)
(0.70653 0 0)
(0.706516 0 0)
(0.706502 0 0)
(0.706488 0 0)
(0.706474 0 0)
(0.70646 0 0)
(0.706446 0 0)
(0.706432 0 0)
(0.706418 0 0)
(0.706404 0 0)
(0.70639 0 0)
(0.706376 0 0)
(0.706362 0 0)
(0.706348 0 0)
(0.706334 0 0)
(0.706319 0 0)
(0.706305 0 0)
(0.706291 0 0)
(0.706277 0 0)
(0.706263 0 0)
(0.706248 0 0)
(0.706234 0 0)
(0.70622 0 0)
(0.706206 0 0)
(0.706191 0 0)
(0.706177 0 0)
(0.706163 0 0)
(0.706148 0 0)
(0.706134 0 0)
(0.706119 0 0)
(0.706105 0 0)
(0.706091 0 0)
(0.706076 0 0)
(0.706062 0 0)
(0.706047 0 0)
(0.706033 0 0)
(0.706018 0 0)
(0.706004 0 0)
(0.705989 0 0)
(0.705975 0 0)
(0.70596 0 0)
(0.705946 0 0)
(0.705931 0 0)
(0.705916 0 0)
(0.705902 0 0)
(0.705887 0 0)
(0.705873 0 0)
(0.705858 0 0)
(0.705843 0 0)
(0.705828 0 0)
(0.705814 0 0)
(0.705799 0 0)
(0.705784 0 0)
(0.70577 0 0)
(0.705755 0 0)
(0.70574 0 0)
(0.705725 0 0)
(0.70571 0 0)
(0.705696 0 0)
(0.705681 0 0)
(0.705666 0 0)
(0.705651 0 0)
(0.705636 0 0)
(0.705621 0 0)
(0.705606 0 0)
(0.705591 0 0)
(0.705576 0 0)
(0.705561 0 0)
(0.705547 0 0)
(0.705532 0 0)
(0.705517 0 0)
(0.705502 0 0)
(0.705487 0 0)
(0.705471 0 0)
(0.705456 0 0)
(0.705441 0 0)
(0.705426 0 0)
(0.705411 0 0)
(0.705396 0 0)
(0.705381 0 0)
(0.705366 0 0)
(0.705351 0 0)
(0.705336 0 0)
(0.70532 0 0)
(0.705305 0 0)
(0.70529 0 0)
(0.705275 0 0)
(0.70526 0 0)
(0.705244 0 0)
(0.705229 0 0)
(0.705214 0 0)
(0.705199 0 0)
(0.705183 0 0)
(0.705168 0 0)
(0.705153 0 0)
(0.705137 0 0)
(0.705122 0 0)
(0.705107 0 0)
(0.705091 0 0)
(0.705076 0 0)
(0.705061 0 0)
(0.705045 0 0)
(0.70503 0 0)
(0.705014 0 0)
(0.704999 0 0)
(0.704983 0 0)
(0.704968 0 0)
(0.704952 0 0)
(0.704937 0 0)
(0.704921 0 0)
(0.704906 0 0)
(0.70489 0 0)
(0.704875 0 0)
(0.704859 0 0)
(0.704844 0 0)
(0.704828 0 0)
(0.704813 0 0)
(0.704797 0 0)
(0.704781 0 0)
(0.704766 0 0)
(0.70475 0 0)
(0.704734 0 0)
(0.704719 0 0)
(0.704703 0 0)
(0.704687 0 0)
(0.704672 0 0)
(0.704656 0 0)
(0.70464 0 0)
(0.704625 0 0)
(0.704609 0 0)
(0.704593 0 0)
(0.704577 0 0)
(0.704562 0 0)
(0.704546 0 0)
(0.70453 0 0)
(0.704514 0 0)
(0.704498 0 0)
(0.704483 0 0)
(0.704467 0 0)
(0.704451 0 0)
(0.704435 0 0)
(0.704419 0 0)
(0.704403 0 0)
(0.704387 0 0)
(0.704371 0 0)
(0.704356 0 0)
(0.70434 0 0)
(0.704324 0 0)
(0.704308 0 0)
(0.704292 0 0)
(0.704276 0 0)
(0.70426 0 0)
(0.704244 0 0)
(0.704228 0 0)
(0.704212 0 0)
(0.704196 0 0)
(0.70418 0 0)
(0.704164 0 0)
(0.704148 0 0)
(0.704132 0 0)
(0.704115 0 0)
(0.704099 0 0)
(0.704083 0 0)
(0.704067 0 0)
(0.704051 0 0)
(0.704035 0 0)
(0.704019 0 0)
(0.704003 0 0)
(0.703986 0 0)
(0.70397 0 0)
(0.703954 0 0)
(0.703938 0 0)
(0.703922 0 0)
(0.703905 0 0)
(0.703889 0 0)
(0.703873 0 0)
(0.703857 0 0)
(0.703841 0 0)
(0.703824 0 0)
(0.703808 0 0)
(0.703792 0 0)
(0.703775 0 0)
(0.703759 0 0)
(0.703743 0 0)
(0.703726 0 0)
(0.70371 0 0)
(0.703694 0 0)
(0.703677 0 0)
(0.703661 0 0)
(0.703645 0 0)
(0.703628 0 0)
(0.703612 0 0)
(0.703596 0 0)
(0.703579 0 0)
(0.703563 0 0)
(0.703546 0 0)
(0.70353 0 0)
(0.703513 0 0)
(0.703497 0 0)
(0.70348 0 0)
(0.703464 0 0)
(0.703447 0 0)
(0.703431 0 0)
(0.703414 0 0)
(0.703398 0 0)
(0.703381 0 0)
(0.703365 0 0)
(0.703348 0 0)
(0.703332 0 0)
(0.703315 0 0)
(0.703299 0 0)
(0.703282 0 0)
(0.703265 0 0)
(0.703249 0 0)
(0.703232 0 0)
(0.703216 0 0)
(0.703199 0 0)
(0.703182 0 0)
(0.703166 0 0)
(0.703149 0 0)
(0.703132 0 0)
(0.703116 0 0)
(0.703099 0 0)
(0.703082 0 0)
(0.703066 0 0)
(0.703049 0 0)
(0.703032 0 0)
(0.703015 0 0)
(0.702999 0 0)
(0.702982 0 0)
(0.702965 0 0)
(0.702948 0 0)
(0.702932 0 0)
(0.702915 0 0)
(0.702898 0 0)
(0.702881 0 0)
(0.702865 0 0)
(0.702848 0 0)
(0.702831 0 0)
(0.702814 0 0)
(0.702797 0 0)
(0.70278 0 0)
(0.702764 0 0)
(0.702747 0 0)
(0.70273 0 0)
(0.702713 0 0)
(0.702696 0 0)
(0.702679 0 0)
(0.702662 0 0)
(0.702645 0 0)
(0.702628 0 0)
(0.702611 0 0)
(0.702594 0 0)
(0.702578 0 0)
(0.702561 0 0)
(0.702544 0 0)
(0.702527 0 0)
(0.70251 0 0)
(0.702493 0 0)
(0.702476 0 0)
(0.702459 0 0)
(0.702442 0 0)
(0.702425 0 0)
(0.702408 0 0)
(0.702391 0 0)
(0.702373 0 0)
(0.702356 0 0)
(0.702339 0 0)
(0.702322 0 0)
(0.702305 0 0)
(0.702288 0 0)
(0.702271 0 0)
(0.702254 0 0)
(0.702237 0 0)
(0.70222 0 0)
(0.702203 0 0)
(0.702185 0 0)
(0.702168 0 0)
(0.702151 0 0)
(0.702134 0 0)
(0.702117 0 0)
(0.7021 0 0)
(0.702082 0 0)
(0.702065 0 0)
(0.702048 0 0)
(0.702031 0 0)
(0.702014 0 0)
(0.701996 0 0)
(0.701979 0 0)
(0.701962 0 0)
(0.701945 0 0)
(0.701927 0 0)
(0.70191 0 0)
(0.701893 0 0)
(0.701876 0 0)
(0.701858 0 0)
(0.701841 0 0)
(0.701824 0 0)
(0.701806 0 0)
(0.701789 0 0)
(0.701772 0 0)
(0.701755 0 0)
(0.701737 0 0)
(0.70172 0 0)
(0.701702 0 0)
(0.701685 0 0)
(0.701668 0 0)
(0.70165 0 0)
(0.701633 0 0)
(0.701616 0 0)
(0.701598 0 0)
(0.701581 0 0)
(0.701563 0 0)
(0.701546 0 0)
(0.701529 0 0)
(0.701511 0 0)
(0.701494 0 0)
(0.701476 0 0)
(0.701459 0 0)
(0.701441 0 0)
(0.701424 0 0)
(0.701406 0 0)
(0.701389 0 0)
(0.701371 0 0)
(0.701354 0 0)
(0.701336 0 0)
(0.701319 0 0)
(0.701301 0 0)
(0.701284 0 0)
(0.701266 0 0)
(0.701249 0 0)
(0.701231 0 0)
(0.701214 0 0)
(0.701196 0 0)
(0.701179 0 0)
(0.701161 0 0)
(0.701143 0 0)
(0.701126 0 0)
(0.701108 0 0)
(0.701091 0 0)
(0.701073 0 0)
(0.701055 0 0)
(0.701038 0 0)
(0.70102 0 0)
(0.701003 0 0)
(0.700985 0 0)
(0.700967 0 0)
(0.70095 0 0)
(0.700932 0 0)
(0.700914 0 0)
(0.700897 0 0)
(0.700879 0 0)
(0.700861 0 0)
(0.700844 0 0)
(0.700826 0 0)
(0.700808 0 0)
(0.70079 0 0)
(0.700773 0 0)
(0.700755 0 0)
(0.700737 0 0)
(0.70072 0 0)
(0.700702 0 0)
(0.700684 0 0)
(0.700666 0 0)
(0.700648 0 0)
(0.700631 0 0)
(0.700613 0 0)
(0.700595 0 0)
(0.700577 0 0)
(0.70056 0 0)
(0.700542 0 0)
(0.700524 0 0)
(0.700506 0 0)
(0.700488 0 0)
(0.70047 0 0)
(0.700453 0 0)
(0.700435 0 0)
(0.700417 0 0)
(0.700399 0 0)
(0.700381 0 0)
(0.700363 0 0)
(0.700345 0 0)
(0.700328 0 0)
(0.70031 0 0)
(0.700292 0 0)
(0.700274 0 0)
(0.700256 0 0)
(0.700238 0 0)
(0.70022 0 0)
(0.700202 0 0)
(0.700184 0 0)
(0.700166 0 0)
(0.700148 0 0)
(0.70013 0 0)
(0.700112 0 0)
(0.700095 0 0)
(0.700077 0 0)
(0.700059 0 0)
(0.700041 0 0)
(0.700023 0 0)
(0.700005 0 0)
(0.699987 0 0)
(0.699969 0 0)
(0.699951 0 0)
(0.699933 0 0)
(0.699915 0 0)
(0.699896 0 0)
(0.699878 0 0)
(0.69986 0 0)
(0.699842 0 0)
(0.699824 0 0)
(0.699806 0 0)
(0.699788 0 0)
(0.69977 0 0)
(0.699752 0 0)
(0.699734 0 0)
(0.699716 0 0)
(0.699698 0 0)
(0.69968 0 0)
(0.699662 0 0)
(0.699643 0 0)
(0.699625 0 0)
(0.699607 0 0)
(0.699589 0 0)
(0.699571 0 0)
(0.699553 0 0)
(0.699535 0 0)
(0.699516 0 0)
(0.699498 0 0)
(0.69948 0 0)
(0.699462 0 0)
(0.699444 0 0)
(0.699426 0 0)
(0.699407 0 0)
(0.699389 0 0)
(0.699371 0 0)
(0.699353 0 0)
(0.699335 0 0)
(0.699316 0 0)
(0.699298 0 0)
(0.69928 0 0)
(0.699262 0 0)
(0.699243 0 0)
(0.699225 0 0)
(0.699207 0 0)
(0.699189 0 0)
(0.69917 0 0)
(0.699152 0 0)
(0.699134 0 0)
(0.699115 0 0)
(0.699097 0 0)
(0.699079 0 0)
(0.699061 0 0)
(0.699042 0 0)
(0.699024 0 0)
(0.699006 0 0)
(0.698987 0 0)
(0.698969 0 0)
(0.698951 0 0)
(0.698932 0 0)
(0.698914 0 0)
(0.698896 0 0)
(0.698877 0 0)
(0.698859 0 0)
(0.698841 0 0)
(0.698822 0 0)
(0.698804 0 0)
(0.698785 0 0)
(0.698767 0 0)
(0.698749 0 0)
(0.69873 0 0)
(0.698712 0 0)
(0.698693 0 0)
(0.698675 0 0)
(0.698657 0 0)
(0.698638 0 0)
(0.69862 0 0)
(0.698601 0 0)
(0.698583 0 0)
(0.698564 0 0)
(0.698546 0 0)
(0.698527 0 0)
(0.698509 0 0)
(0.69849 0 0)
(0.698472 0 0)
(0.698454 0 0)
(0.698435 0 0)
(0.698417 0 0)
(0.698398 0 0)
(0.69838 0 0)
(0.698361 0 0)
(0.698343 0 0)
(0.698324 0 0)
(0.698305 0 0)
(0.698287 0 0)
(0.698268 0 0)
(0.69825 0 0)
(0.698231 0 0)
(0.698213 0 0)
(0.698194 0 0)
(0.698176 0 0)
(0.698157 0 0)
(0.698139 0 0)
(0.69812 0 0)
(0.698101 0 0)
(0.698083 0 0)
(0.698064 0 0)
(0.698046 0 0)
(0.698027 0 0)
(0.698008 0 0)
(0.69799 0 0)
(0.697971 0 0)
(0.697952 0 0)
(0.697934 0 0)
(0.697915 0 0)
(0.697897 0 0)
(0.697878 0 0)
(0.697859 0 0)
(0.697841 0 0)
(0.697822 0 0)
(0.697803 0 0)
(0.697785 0 0)
(0.697766 0 0)
(0.697747 0 0)
(0.697729 0 0)
(0.69771 0 0)
(0.697691 0 0)
(0.697672 0 0)
(0.697654 0 0)
(0.697635 0 0)
(0.697616 0 0)
(0.697598 0 0)
(0.697579 0 0)
(0.69756 0 0)
(0.697541 0 0)
(0.697523 0 0)
(0.697504 0 0)
(0.697485 0 0)
(0.697466 0 0)
(0.697448 0 0)
(0.697429 0 0)
(0.69741 0 0)
(0.697391 0 0)
(0.697373 0 0)
(0.697354 0 0)
(0.697335 0 0)
(0.697316 0 0)
(0.697297 0 0)
(0.697279 0 0)
(0.69726 0 0)
(0.697241 0 0)
(0.697222 0 0)
(0.697203 0 0)
(0.697184 0 0)
(0.697166 0 0)
(0.697147 0 0)
(0.697128 0 0)
(0.697109 0 0)
(0.69709 0 0)
(0.697071 0 0)
(0.697052 0 0)
(0.697034 0 0)
(0.697015 0 0)
(0.696996 0 0)
(0.696977 0 0)
(0.696958 0 0)
(0.696939 0 0)
(0.69692 0 0)
(0.696901 0 0)
(0.696882 0 0)
(0.696863 0 0)
(0.696845 0 0)
(0.696826 0 0)
(0.696807 0 0)
(0.696788 0 0)
(0.696769 0 0)
(0.69675 0 0)
(0.696731 0 0)
(0.696712 0 0)
(0.696693 0 0)
(0.696674 0 0)
(0.696655 0 0)
(0.696636 0 0)
(0.696617 0 0)
(0.696598 0 0)
(0.696579 0 0)
(0.69656 0 0)
(0.696541 0 0)
(0.696522 0 0)
(0.696503 0 0)
(0.696484 0 0)
(0.696465 0 0)
(0.696446 0 0)
(0.696427 0 0)
(0.696408 0 0)
(0.696389 0 0)
(0.69637 0 0)
(0.696351 0 0)
(0.696332 0 0)
(0.696313 0 0)
(0.696294 0 0)
(0.696275 0 0)
(0.696256 0 0)
(0.696236 0 0)
(0.696217 0 0)
(0.696198 0 0)
(0.696179 0 0)
(0.69616 0 0)
(0.696141 0 0)
(0.696122 0 0)
(0.696103 0 0)
(0.696084 0 0)
(0.696065 0 0)
(0.696045 0 0)
(0.696026 0 0)
(0.696007 0 0)
(0.695988 0 0)
(0.695969 0 0)
(0.69595 0 0)
(0.695931 0 0)
(0.695911 0 0)
(0.695892 0 0)
(0.695873 0 0)
(0.695854 0 0)
(0.695835 0 0)
(0.695815 0 0)
(0.695796 0 0)
(0.695777 0 0)
(0.695758 0 0)
(0.695739 0 0)
(0.695719 0 0)
(0.6957 0 0)
(0.695681 0 0)
(0.695662 0 0)
(0.695643 0 0)
(0.695623 0 0)
(0.695604 0 0)
(0.695585 0 0)
(0.695566 0 0)
(0.695546 0 0)
(0.695527 0 0)
(0.695508 0 0)
(0.695489 0 0)
(0.695469 0 0)
(0.69545 0 0)
(0.695431 0 0)
(0.695411 0 0)
(0.695392 0 0)
(0.695373 0 0)
(0.695354 0 0)
(0.695334 0 0)
(0.695315 0 0)
(0.695296 0 0)
(0.695276 0 0)
(0.695257 0 0)
(0.695238 0 0)
(0.695218 0 0)
(0.695199 0 0)
(0.69518 0 0)
(0.69516 0 0)
(0.695141 0 0)
(0.695122 0 0)
(0.695102 0 0)
(0.695083 0 0)
(0.695063 0 0)
(0.695044 0 0)
(0.695025 0 0)
(0.695005 0 0)
(0.694986 0 0)
(0.694966 0 0)
(0.694947 0 0)
(0.694928 0 0)
(0.694908 0 0)
(0.694889 0 0)
(0.694869 0 0)
(0.69485 0 0)
(0.69483 0 0)
(0.694811 0 0)
(0.694792 0 0)
(0.694772 0 0)
(0.694753 0 0)
(0.694733 0 0)
)
;

boundaryField
{
    inlet
    {
        type            fractionalVelocity;
        U               1((1 0 0));
        fractionalFlow  Fa;
        value           uniform (0.709421 0 0);
    }
    outlet
    {
        type            zeroGradient;
    }
    emptyWalls
    {
        type            empty;
    }
}


// ************************************************************************* //
