/*--------------------------------*- C++ -*----------------------------------*\
  =========                 |
  \\      /  F ield         | OpenFOAM: The Open Source CFD Toolbox
   \\    /   O peration     | Website:  https://openfoam.org
    \\  /    A nd           | Version:  9
     \\/     M anipulation  |
\*---------------------------------------------------------------------------*/
FoamFile
{
    format      ascii;
    class       volScalarField;
    location    "2.6";
    object      Sb;
}
// * * * * * * * * * * * * * * * * * * * * * * * * * * * * * * * * * * * * * //

dimensions      [0 0 0 0 0 0 0];

internalField   nonuniform List<scalar> 
1000
(
0.496488
0.494389
0.492485
0.490688
0.488968
0.487308
0.4857
0.484137
0.482614
0.481128
0.479676
0.478256
0.476866
0.475504
0.474168
0.472858
0.471572
0.470309
0.469067
0.467847
0.466647
0.465467
0.464305
0.463162
0.462035
0.460926
0.459832
0.458755
0.457692
0.456644
0.455611
0.454591
0.453584
0.452591
0.45161
0.450641
0.449684
0.448739
0.447805
0.446882
0.445969
0.445067
0.444175
0.443293
0.442421
0.441558
0.440704
0.439859
0.439022
0.438195
0.437375
0.436564
0.43576
0.434964
0.434176
0.433395
0.432622
0.431855
0.431096
0.430343
0.429597
0.428858
0.428125
0.427398
0.426677
0.425962
0.425254
0.424551
0.423853
0.423161
0.422475
0.421794
0.421118
0.420447
0.419782
0.419121
0.418465
0.417814
0.417168
0.416526
0.415889
0.415256
0.414628
0.414004
0.413384
0.412768
0.412157
0.411549
0.410945
0.410345
0.409749
0.409157
0.408569
0.407984
0.407402
0.406824
0.40625
0.405679
0.405111
0.404547
0.403986
0.403428
0.402873
0.402321
0.401772
0.401227
0.400684
0.400144
0.399607
0.399073
0.398541
0.398012
0.397486
0.396963
0.396442
0.395924
0.395408
0.394895
0.394384
0.393875
0.393369
0.392865
0.392364
0.391865
0.391368
0.390873
0.39038
0.389889
0.389401
0.388914
0.38843
0.387948
0.387467
0.386988
0.386512
0.386037
0.385563
0.385092
0.384622
0.384155
0.383688
0.383224
0.382761
0.382299
0.381839
0.381381
0.380924
0.380468
0.380014
0.379562
0.37911
0.37866
0.378211
0.377763
0.377317
0.376871
0.376427
0.375983
0.375541
0.375099
0.374658
0.374219
0.373779
0.373341
0.372903
0.372466
0.372029
0.371592
0.371156
0.37072
0.370284
0.369848
0.369412
0.368975
0.368538
0.368101
0.367663
0.367223
0.366783
0.366341
0.365898
0.365453
0.365005
0.364555
0.364101
0.363644
0.363183
0.362716
0.362245
0.361766
0.36128
0.360786
0.360281
0.359764
0.359234
0.358687
0.35812
0.35753
0.356912
0.356259
0.355565
0.354818
0.354006
0.35311
0.352105
0.350954
0.349604
0.34797
0.345917
0.343206
0.339383
0.333454
0.322801
0.297748
0.235584
0.226977
0.222255
0.2209
0.221156
0.2218
0.222401
0.222913
0.22335
0.223689
0.223878
0.223878
0.223696
0.223396
0.223073
0.222818
0.22268
0.222661
0.222732
0.222853
0.222989
0.22311
0.223196
0.223238
0.223235
0.223197
0.223138
0.223074
0.223019
0.222984
0.222969
0.222974
0.222992
0.223016
0.223039
0.223055
0.223063
0.223061
0.223052
0.223037
0.223022
0.223008
0.222998
0.222993
0.222992
0.222994
0.222998
0.223002
0.223005
0.223006
0.223005
0.223003
0.222999
0.222995
0.22299
0.222987
0.222984
0.222982
0.222981
0.22298
0.22298
0.222979
0.222978
0.222976
0.222975
0.222973
0.222971
0.222969
0.222967
0.222965
0.222964
0.222962
0.222961
0.22296
0.222958
0.222957
0.222955
0.222953
0.222951
0.222948
0.222945
0.222943
0.22294
0.222937
0.222934
0.22293
0.222927
0.222924
0.222921
0.222918
0.222914
0.222911
0.222908
0.222905
0.222902
0.222899
0.222896
0.222893
0.22289
0.222888
0.222885
0.222883
0.222881
0.222879
0.222876
0.222874
0.222872
0.22287
0.222868
0.222866
0.222864
0.222862
0.22286
0.222858
0.222856
0.222853
0.222851
0.222849
0.222847
0.222844
0.222842
0.222839
0.222837
0.222834
0.222832
0.222829
0.222826
0.222824
0.222821
0.222818
0.222816
0.222813
0.222809
0.222801
0.222767
0.222581
0.221531
0.215613
0.186409
0.122775
0.100488
0.1
0.1
0.1
0.1
0.1
0.1
0.1
0.1
0.1
0.1
0.1
0.1
0.1
0.1
0.1
0.1
0.1
0.1
0.1
0.1
0.1
0.1
0.1
0.1
0.1
0.1
0.1
0.1
0.1
0.1
0.1
0.1
0.1
0.1
0.1
0.1
0.1
0.1
0.1
0.1
0.1
0.1
0.1
0.1
0.1
0.1
0.1
0.1
0.1
0.1
0.1
0.1
0.1
0.1
0.1
0.1
0.1
0.1
0.1
0.1
0.1
0.1
0.1
0.1
0.1
0.1
0.1
0.1
0.1
0.1
0.1
0.1
0.1
0.1
0.1
0.1
0.1
0.1
0.1
0.1
0.1
0.1
0.1
0.1
0.1
0.1
0.1
0.1
0.1
0.1
0.1
0.1
0.1
0.1
0.1
0.1
0.1
0.1
0.1
0.1
0.1
0.1
0.1
0.1
0.1
0.1
0.1
0.1
0.1
0.1
0.1
0.1
0.1
0.1
0.1
0.1
0.1
0.1
0.1
0.1
0.1
0.1
0.1
0.1
0.1
0.1
0.1
0.1
0.1
0.1
0.1
0.1
0.1
0.1
0.1
0.1
0.1
0.1
0.1
0.1
0.1
0.1
0.1
0.1
0.1
0.1
0.1
0.1
0.1
0.1
0.1
0.1
0.1
0.1
0.1
0.1
0.1
0.1
0.1
0.1
0.1
0.1
0.1
0.1
0.1
0.1
0.1
0.1
0.1
0.1
0.1
0.1
0.1
0.1
0.1
0.1
0.1
0.1
0.1
0.1
0.1
0.1
0.1
0.1
0.1
0.1
0.1
0.1
0.1
0.1
0.1
0.1
0.1
0.1
0.1
0.1
0.1
0.1
0.1
0.1
0.1
0.1
0.1
0.1
0.1
0.1
0.1
0.1
0.1
0.1
0.1
0.1
0.1
0.1
0.1
0.1
0.1
0.1
0.1
0.1
0.1
0.1
0.1
0.1
0.1
0.1
0.1
0.1
0.1
0.1
0.1
0.1
0.1
0.1
0.1
0.1
0.1
0.1
0.1
0.1
0.1
0.1
0.1
0.1
0.1
0.1
0.1
0.1
0.1
0.1
0.1
0.1
0.1
0.1
0.1
0.1
0.1
0.1
0.1
0.1
0.1
0.1
0.1
0.1
0.1
0.1
0.1
0.1
0.1
0.1
0.1
0.1
0.1
0.1
0.1
0.1
0.1
0.1
0.1
0.1
0.1
0.1
0.1
0.1
0.1
0.1
0.1
0.1
0.1
0.1
0.1
0.1
0.1
0.1
0.1
0.1
0.1
0.1
0.1
0.1
0.1
0.1
0.1
0.1
0.1
0.1
0.1
0.1
0.1
0.1
0.1
0.1
0.1
0.1
0.1
0.1
0.1
0.1
0.1
0.1
0.1
0.1
0.1
0.1
0.1
0.1
0.1
0.1
0.1
0.1
0.1
0.1
0.1
0.1
0.1
0.1
0.1
0.1
0.1
0.1
0.1
0.1
0.1
0.1
0.1
0.1
0.1
0.1
0.1
0.1
0.1
0.1
0.1
0.1
0.1
0.1
0.1
0.1
0.1
0.1
0.1
0.1
0.1
0.1
0.1
0.1
0.1
0.1
0.1
0.1
0.1
0.1
0.1
0.1
0.1
0.1
0.1
0.1
0.1
0.1
0.1
0.1
0.1
0.1
0.1
0.1
0.1
0.1
0.1
0.1
0.1
0.1
0.1
0.1
0.1
0.1
0.1
0.1
0.1
0.1
0.1
0.1
0.1
0.1
0.1
0.1
0.1
0.1
0.1
0.1
0.1
0.1
0.1
0.1
0.1
0.1
0.1
0.1
0.1
0.1
0.1
0.1
0.1
0.1
0.1
0.1
0.1
0.1
0.1
0.1
0.1
0.1
0.1
0.1
0.1
0.1
0.1
0.1
0.1
0.1
0.1
0.1
0.1
0.1
0.1
0.1
0.1
0.1
0.1
0.1
0.1
0.1
0.1
0.1
0.1
0.1
0.1
0.1
0.1
0.1
0.1
0.1
0.1
0.1
0.1
0.1
0.1
0.1
0.1
0.1
0.1
0.1
0.1
0.1
0.1
0.1
0.1
0.1
0.1
0.1
0.1
0.1
0.1
0.1
0.1
0.1
0.1
0.1
0.1
0.1
0.1
0.1
0.1
0.1
0.1
0.1
0.1
0.1
0.1
0.1
0.1
0.1
0.1
0.1
0.1
0.1
0.1
0.1
0.1
0.1
0.1
0.1
0.1
0.1
0.1
0.1
0.1
0.1
0.1
0.1
0.1
0.1
0.1
0.1
0.1
0.1
0.1
0.1
0.1
0.1
0.1
0.1
0.1
0.1
0.1
0.1
0.1
0.1
0.1
0.1
0.1
0.1
0.1
0.1
0.1
0.1
0.1
0.1
0.1
0.1
0.1
0.1
0.1
0.1
0.1
0.1
0.1
0.1
0.1
0.1
0.1
0.1
0.1
0.1
0.1
0.1
0.1
0.1
0.1
0.1
0.1
0.1
0.1
0.1
0.1
0.1
0.1
0.1
0.1
0.1
0.1
0.1
0.1
0.1
0.1
0.1
0.1
0.1
0.1
0.1
0.1
0.1
0.1
0.1
0.1
0.1
0.1
0.1
0.1
0.1
0.1
0.1
0.1
0.1
0.1
0.1
0.1
0.1
0.1
0.1
0.1
0.1
0.1
0.1
0.1
0.1
0.1
0.1
0.1
0.1
0.1
0.1
0.1
0.1
0.1
0.1
0.1
0.1
0.1
0.1
0.1
0.1
0.1
0.1
0.1
0.1
0.1
0.1
0.1
0.1
0.1
0.1
0.1
0.1
0.1
)
;

boundaryField
{
    inlet
    {
        type            fixedValue;
        value           uniform 0.5;
    }
    outlet
    {
        type            zeroGradient;
    }
    emptyWalls
    {
        type            empty;
    }
}


// ************************************************************************* //
