/*--------------------------------*- C++ -*----------------------------------*\
  =========                 |
  \\      /  F ield         | OpenFOAM: The Open Source CFD Toolbox
   \\    /   O peration     | Website:  https://openfoam.org
    \\  /    A nd           | Version:  9
     \\/     M anipulation  |
\*---------------------------------------------------------------------------*/
FoamFile
{
    format      ascii;
    class       volScalarField;
    location    "7.5";
    object      AcumCoeff_csw;
}
// * * * * * * * * * * * * * * * * * * * * * * * * * * * * * * * * * * * * * //

dimensions      [0 0 0 0 0 0 0];

internalField   nonuniform List<scalar> 
1000
(
0.149617
0.149384
0.149169
0.148962
0.148762
0.148567
0.148375
0.148186
0.148
0.147816
0.147634
0.147455
0.147278
0.147102
0.146928
0.146756
0.146585
0.146416
0.146249
0.146083
0.145918
0.145755
0.145594
0.145433
0.145274
0.145116
0.144959
0.144804
0.144649
0.144496
0.144344
0.144193
0.144043
0.143895
0.143747
0.1436
0.143455
0.14331
0.143166
0.143023
0.142882
0.142741
0.142601
0.142462
0.142324
0.142187
0.14205
0.141915
0.14178
0.141646
0.141513
0.141381
0.14125
0.141119
0.140989
0.14086
0.140732
0.140604
0.140477
0.140351
0.140226
0.140101
0.139977
0.139854
0.139731
0.139609
0.139488
0.139367
0.139247
0.139128
0.139009
0.138891
0.138774
0.138657
0.13854
0.138425
0.13831
0.138195
0.138081
0.137968
0.137855
0.137743
0.137631
0.13752
0.137409
0.137299
0.13719
0.137081
0.136972
0.136864
0.136757
0.13665
0.136543
0.136437
0.136332
0.136227
0.136122
0.136018
0.135915
0.135811
0.135709
0.135606
0.135505
0.135403
0.135302
0.135202
0.135102
0.135002
0.134903
0.134804
0.134706
0.134608
0.13451
0.134413
0.134316
0.13422
0.134124
0.134028
0.133933
0.133838
0.133744
0.13365
0.133556
0.133463
0.13337
0.133277
0.133185
0.133093
0.133001
0.13291
0.132819
0.132729
0.132639
0.132549
0.132459
0.13237
0.132281
0.132193
0.132104
0.132017
0.131929
0.131842
0.131755
0.131668
0.131582
0.131496
0.13141
0.131325
0.13124
0.131155
0.13107
0.130986
0.130902
0.130819
0.130735
0.130652
0.130569
0.130487
0.130404
0.130322
0.130241
0.130159
0.130078
0.129997
0.129917
0.129836
0.129756
0.129676
0.129597
0.129517
0.129438
0.129359
0.129281
0.129202
0.129124
0.129046
0.128968
0.128891
0.128814
0.128737
0.12866
0.128584
0.128507
0.128431
0.128356
0.12828
0.128205
0.12813
0.128055
0.12798
0.127906
0.127831
0.127757
0.127684
0.12761
0.127537
0.127463
0.12739
0.127318
0.127245
0.127173
0.1271
0.127028
0.126957
0.126885
0.126814
0.126743
0.126672
0.126601
0.12653
0.12646
0.12639
0.12632
0.12625
0.12618
0.126111
0.126041
0.125972
0.125903
0.125835
0.125766
0.125698
0.125629
0.125561
0.125493
0.125426
0.125358
0.125291
0.125224
0.125157
0.12509
0.125023
0.124957
0.12489
0.124824
0.124758
0.124692
0.124626
0.124561
0.124495
0.12443
0.124365
0.1243
0.124235
0.124171
0.124106
0.124042
0.123978
0.123914
0.12385
0.123786
0.123723
0.123659
0.123596
0.123533
0.12347
0.123407
0.123345
0.123282
0.12322
0.123157
0.123095
0.123033
0.122971
0.12291
0.122848
0.122787
0.122725
0.122664
0.122603
0.122542
0.122481
0.122421
0.12236
0.1223
0.12224
0.122179
0.122119
0.12206
0.122
0.12194
0.121881
0.121821
0.121762
0.121703
0.121644
0.121585
0.121526
0.121468
0.121409
0.121351
0.121292
0.121234
0.121176
0.121118
0.12106
0.121003
0.120945
0.120887
0.12083
0.120773
0.120716
0.120659
0.120602
0.120545
0.120488
0.120432
0.120375
0.120319
0.120262
0.120206
0.12015
0.120094
0.120038
0.119983
0.119927
0.119871
0.119816
0.119761
0.119705
0.11965
0.119595
0.11954
0.119485
0.119431
0.119376
0.119321
0.119267
0.119213
0.119158
0.119104
0.11905
0.118996
0.118942
0.118888
0.118835
0.118781
0.118728
0.118674
0.118621
0.118568
0.118515
0.118461
0.118409
0.118356
0.118303
0.11825
0.118198
0.118145
0.118093
0.11804
0.117988
0.117936
0.117884
0.117832
0.11778
0.117728
0.117676
0.117625
0.117573
0.117521
0.11747
0.117419
0.117367
0.117316
0.117265
0.117214
0.117163
0.117112
0.117062
0.117011
0.11696
0.11691
0.116859
0.116809
0.116758
0.116708
0.116658
0.116608
0.116558
0.116508
0.116458
0.116408
0.116359
0.116309
0.116259
0.11621
0.11616
0.116111
0.116062
0.116013
0.115963
0.115914
0.115865
0.115816
0.115767
0.115719
0.11567
0.115621
0.115573
0.115524
0.115476
0.115427
0.115379
0.115331
0.115282
0.115234
0.115186
0.115138
0.11509
0.115042
0.114994
0.114947
0.114899
0.114851
0.114804
0.114756
0.114709
0.114661
0.114614
0.114567
0.114519
0.114472
0.114425
0.114378
0.114331
0.114284
0.114237
0.114191
0.114144
0.114097
0.11405
0.114004
0.113957
0.113911
0.113864
0.113818
0.113772
0.113725
0.113679
0.113633
0.113587
0.113541
0.113495
0.113449
0.113403
0.113357
0.113311
0.113265
0.11322
0.113174
0.113128
0.113083
0.113037
0.112992
0.112946
0.112901
0.112856
0.11281
0.112765
0.11272
0.112675
0.11263
0.112585
0.11254
0.112495
0.11245
0.112405
0.11236
0.112315
0.11227
0.112226
0.112181
0.112136
0.112092
0.112047
0.112002
0.111958
0.111913
0.111869
0.111824
0.11178
0.111736
0.111691
0.111647
0.111603
0.111559
0.111514
0.11147
0.111426
0.111382
0.111338
0.111294
0.11125
0.111206
0.111162
0.111118
0.111074
0.11103
0.110986
0.110942
0.110898
0.110854
0.11081
0.110766
0.110722
0.110679
0.110635
0.110591
0.110547
0.110503
0.11046
0.110416
0.110372
0.110328
0.110284
0.11024
0.110197
0.110153
0.110109
0.110065
0.110021
0.109977
0.109933
0.109889
0.109845
0.109801
0.109757
0.109713
0.109669
0.109625
0.10958
0.109536
0.109491
0.109447
0.109402
0.109358
0.109313
0.109268
0.109223
0.109178
0.109133
0.109088
0.109042
0.108997
0.108951
0.108905
0.108859
0.108813
0.108766
0.10872
0.108673
0.108625
0.108578
0.10853
0.108482
0.108433
0.108384
0.108335
0.108285
0.108235
0.108184
0.108133
0.10808
0.108028
0.107974
0.10792
0.107864
0.107808
0.107751
0.107692
0.107632
0.107571
0.107508
0.107442
0.107375
0.107306
0.107234
0.107159
0.10708
0.106997
0.10691
0.106818
0.10672
0.106614
0.1065
0.106375
0.106238
0.106086
0.105915
0.10572
0.105495
0.10523
0.10491
0.104515
0.10401
0.103337
0.102389
0.100944
0.0984554
0.0931579
0.0772387
0.0657692
0.0674534
0.0682157
0.0679569
0.0673896
0.0669723
0.066791
0.0667705
0.0668307
0.0669257
0.0670315
0.0671334
0.0672197
0.0672805
0.0673092
0.0673038
0.0672694
0.0672174
0.0671625
0.067118
0.067092
0.0670859
0.0670961
0.0671167
0.0671411
0.0671635
0.0671801
0.0671886
0.0671889
0.0671825
0.0671719
0.0671601
0.0671499
0.0671429
0.06714
0.0671408
0.0671445
0.0671497
0.0671551
0.0671595
0.0671624
0.0671634
0.0671629
0.0671612
0.0671589
0.0671567
0.067155
0.067154
0.0671539
0.0671544
0.0671553
0.0671563
0.0671572
0.0671578
0.0671579
0.0671576
0.067157
0.0671563
0.0671554
0.0671546
0.067154
0.0671535
0.0671531
0.0671529
0.0671528
0.0671527
0.0671527
0.0671525
0.0671524
0.0671522
0.0671521
0.0671519
0.0671519
0.0671518
0.0671519
0.0671519
0.0671521
0.0671522
0.0671523
0.0671524
0.0671525
0.0671525
0.0671525
0.0671525
0.0671524
0.0671524
0.0671523
0.0671522
0.067152
0.0671519
0.0671518
0.0671517
0.0671515
0.0671514
0.0671512
0.067151
0.0671508
0.0671507
0.0671505
0.0671503
0.0671501
0.0671499
0.0671497
0.0671495
0.0671493
0.0671491
0.0671489
0.0671486
0.0671484
0.0671482
0.0671479
0.0671477
0.0671475
0.0671472
0.067147
0.0671468
0.0671465
0.0671463
0.0671461
0.0671459
0.0671458
0.0671456
0.0671455
0.0671453
0.0671452
0.0671452
0.0671451
0.0671451
0.0671451
0.0671451
0.0671451
0.0671451
0.0671452
0.0671452
0.0671453
0.0671454
0.0671455
0.0671455
0.0671456
0.0671457
0.0671458
0.0671459
0.0671459
0.067146
0.067146
0.067146
0.067146
0.067146
0.0671459
0.0671459
0.0671458
0.0671456
0.0671455
0.0671453
0.0671451
0.0671449
0.0671447
0.0671444
0.0671441
0.0671438
0.0671435
0.0671432
0.0671429
0.0671426
0.0671422
0.0671419
0.0671416
0.0671412
0.0671409
0.0671406
0.0671403
0.06714
0.0671397
0.0671394
0.0671392
0.0671389
0.0671387
0.0671384
0.0671382
0.067138
0.0671378
0.0671376
0.0671375
0.0671373
0.0671372
0.067137
0.0671369
0.0671368
0.0671367
0.0671366
0.0671365
0.0671364
0.0671364
0.0671363
0.0671362
0.0671362
0.0671361
0.0671361
0.067136
0.067136
0.0671359
0.0671359
0.0671358
0.0671357
0.0671357
0.0671356
0.0671355
0.0671354
0.0671353
0.0671352
0.0671351
0.067135
0.0671349
0.0671347
0.0671346
0.0671344
0.0671343
0.0671341
0.067134
0.0671338
0.0671336
0.0671334
0.0671333
0.0671331
0.0671329
0.0671327
0.0671326
0.0671324
0.0671322
0.067132
0.0671319
0.0671317
0.0671316
0.0671314
0.0671313
0.0671311
0.067131
0.0671309
0.0671307
0.0671306
0.0671305
0.0671303
0.0671302
0.0671301
0.06713
0.0671298
0.0671297
0.0671296
0.0671294
0.0671293
0.0671292
0.067129
0.0671289
0.0671288
0.0671286
0.0671285
0.0671283
0.0671282
0.067128
0.0671279
0.0671277
0.0671275
0.0671274
0.0671272
0.067127
0.0671269
0.0671267
0.0671265
0.0671264
0.0671262
0.067126
0.0671259
0.0671257
0.0671256
0.0671254
0.0671252
0.0671251
0.0671249
0.0671248
0.0671246
0.0671245
0.0671243
0.0671242
0.067124
0.0671239
0.0671237
0.0671236
0.0671234
0.0671233
0.0671232
0.067123
0.0671229
0.0671228
0.0671226
0.0671225
0.0671224
0.0671222
0.0671221
0.067122
0.0671218
0.0671217
0.0671215
0.0671214
0.0671213
0.0671211
0.067121
0.0671208
0.0671207
0.0671205
0.0671204
0.0671202
0.0671201
0.0671199
0.0671198
0.0671196
0.0671195
0.0671193
0.0671191
0.067119
0.0671188
0.0671187
0.0671185
0.0671183
0.0671181
0.067118
0.0671178
0.0671176
0.0671175
0.0671173
0.0671171
0.0671169
0.0671168
0.0671166
0.0671164
0.0671162
0.067116
0.0671158
0.0671157
0.0671155
0.0671153
0.0671151
0.0671149
0.0671147
0.0671145
0.0671144
0.0671142
0.067114
0.0671138
0.0671136
0.0671134
0.0671133
0.0671131
0.0671129
0.0671127
0.0671125
0.0671124
0.0671122
0.067112
0.0671119
0.0671117
0.0671115
0.0671114
0.0671112
0.067111
0.0671109
0.0671107
0.0671106
0.0671104
0.0671103
0.0671101
0.06711
0.0671098
0.0671097
0.0671095
0.0671094
0.0671092
0.0671091
0.0671089
0.0671088
0.0671086
0.0671085
0.0671083
0.0671082
0.0671081
0.0671079
0.0671078
0.0671076
0.0671075
0.0671073
0.0671072
0.067107
0.0671068
0.0671067
0.0671065
0.0671064
0.0671062
0.0671061
0.0671059
)
;

boundaryField
{
    inlet
    {
        type            calculated;
        value           uniform 0.15;
    }
    outlet
    {
        type            calculated;
        value           uniform 0.0671059;
    }
    emptyWalls
    {
        type            empty;
    }
}


// ************************************************************************* //
