/*--------------------------------*- C++ -*----------------------------------*\
  =========                 |
  \\      /  F ield         | OpenFOAM: The Open Source CFD Toolbox
   \\    /   O peration     | Website:  https://openfoam.org
    \\  /    A nd           | Version:  9
     \\/     M anipulation  |
\*---------------------------------------------------------------------------*/
FoamFile
{
    format      ascii;
    class       volScalarField;
    location    "7.5";
    object      Sb;
}
// * * * * * * * * * * * * * * * * * * * * * * * * * * * * * * * * * * * * * //

dimensions      [0 0 0 0 0 0 0];

internalField   nonuniform List<scalar> 
1000
(
0.498724
0.497946
0.497229
0.496542
0.495875
0.495223
0.494583
0.493953
0.493332
0.49272
0.492115
0.491517
0.490925
0.49034
0.48976
0.489186
0.488618
0.488055
0.487497
0.486943
0.486395
0.485851
0.485312
0.484777
0.484246
0.48372
0.483197
0.482679
0.482164
0.481654
0.481147
0.480644
0.480144
0.479649
0.479156
0.478667
0.478182
0.477699
0.477221
0.476745
0.476272
0.475803
0.475337
0.474873
0.474413
0.473955
0.473501
0.473049
0.4726
0.472154
0.471711
0.47127
0.470832
0.470397
0.469964
0.469534
0.469106
0.468681
0.468258
0.467837
0.467419
0.467004
0.46659
0.466179
0.465771
0.465364
0.46496
0.464558
0.464158
0.46376
0.463364
0.46297
0.462579
0.462189
0.461802
0.461416
0.461032
0.460651
0.460271
0.459893
0.459517
0.459143
0.458771
0.4584
0.458031
0.457665
0.457299
0.456936
0.456574
0.456214
0.455856
0.455499
0.455144
0.454791
0.454439
0.454089
0.453741
0.453394
0.453048
0.452704
0.452362
0.452021
0.451682
0.451344
0.451007
0.450673
0.450339
0.450007
0.449676
0.449347
0.449019
0.448692
0.448367
0.448043
0.447721
0.447399
0.447079
0.446761
0.446443
0.446127
0.445812
0.445499
0.445186
0.444875
0.444565
0.444257
0.443949
0.443643
0.443338
0.443034
0.442731
0.442429
0.442128
0.441829
0.441531
0.441233
0.440937
0.440642
0.440348
0.440055
0.439763
0.439473
0.439183
0.438894
0.438606
0.43832
0.438034
0.437749
0.437466
0.437183
0.436901
0.43662
0.436341
0.436062
0.435784
0.435507
0.435231
0.434956
0.434681
0.434408
0.434136
0.433864
0.433594
0.433324
0.433055
0.432787
0.43252
0.432254
0.431988
0.431724
0.43146
0.431197
0.430935
0.430674
0.430413
0.430154
0.429895
0.429637
0.42938
0.429123
0.428867
0.428612
0.428358
0.428105
0.427852
0.4276
0.427349
0.427099
0.426849
0.4266
0.426352
0.426105
0.425858
0.425612
0.425366
0.425122
0.424878
0.424634
0.424392
0.42415
0.423909
0.423668
0.423428
0.423189
0.42295
0.422713
0.422475
0.422239
0.422003
0.421767
0.421533
0.421299
0.421065
0.420832
0.4206
0.420369
0.420138
0.419907
0.419678
0.419448
0.41922
0.418992
0.418764
0.418538
0.418311
0.418086
0.417861
0.417636
0.417412
0.417189
0.416966
0.416744
0.416522
0.416301
0.41608
0.41586
0.41564
0.415421
0.415203
0.414985
0.414767
0.414551
0.414334
0.414118
0.413903
0.413688
0.413474
0.41326
0.413047
0.412834
0.412621
0.412409
0.412198
0.411987
0.411777
0.411567
0.411357
0.411148
0.41094
0.410732
0.410524
0.410317
0.410111
0.409904
0.409699
0.409493
0.409289
0.409084
0.40888
0.408677
0.408474
0.408271
0.408069
0.407867
0.407666
0.407465
0.407265
0.407065
0.406865
0.406666
0.406467
0.406269
0.406071
0.405873
0.405676
0.40548
0.405283
0.405087
0.404892
0.404697
0.404502
0.404308
0.404114
0.40392
0.403727
0.403534
0.403342
0.40315
0.402958
0.402767
0.402576
0.402386
0.402195
0.402006
0.401816
0.401627
0.401438
0.40125
0.401062
0.400875
0.400687
0.4005
0.400314
0.400128
0.399942
0.399756
0.399571
0.399386
0.399202
0.399018
0.398834
0.39865
0.398467
0.398284
0.398102
0.39792
0.397738
0.397556
0.397375
0.397194
0.397014
0.396834
0.396654
0.396474
0.396295
0.396116
0.395937
0.395759
0.395581
0.395403
0.395226
0.395048
0.394872
0.394695
0.394519
0.394343
0.394167
0.393992
0.393817
0.393642
0.393468
0.393293
0.39312
0.392946
0.392773
0.392599
0.392427
0.392254
0.392082
0.39191
0.391738
0.391567
0.391396
0.391225
0.391054
0.390884
0.390714
0.390544
0.390375
0.390205
0.390036
0.389867
0.389699
0.389531
0.389363
0.389195
0.389027
0.38886
0.388693
0.388527
0.38836
0.388194
0.388028
0.387862
0.387697
0.387531
0.387366
0.387201
0.387037
0.386873
0.386708
0.386545
0.386381
0.386218
0.386054
0.385892
0.385729
0.385566
0.385404
0.385242
0.38508
0.384919
0.384757
0.384596
0.384435
0.384274
0.384114
0.383954
0.383794
0.383634
0.383474
0.383315
0.383155
0.382996
0.382838
0.382679
0.382521
0.382362
0.382204
0.382047
0.381889
0.381732
0.381574
0.381417
0.38126
0.381104
0.380947
0.380791
0.380635
0.380479
0.380323
0.380168
0.380013
0.379858
0.379703
0.379548
0.379393
0.379239
0.379085
0.37893
0.378777
0.378623
0.378469
0.378316
0.378163
0.37801
0.377857
0.377704
0.377552
0.377399
0.377247
0.377095
0.376943
0.376791
0.37664
0.376488
0.376337
0.376186
0.376035
0.375884
0.375733
0.375583
0.375432
0.375282
0.375132
0.374982
0.374832
0.374683
0.374533
0.374384
0.374234
0.374085
0.373936
0.373787
0.373638
0.37349
0.373341
0.373193
0.373044
0.372896
0.372748
0.3726
0.372452
0.372304
0.372157
0.372009
0.371862
0.371714
0.371567
0.37142
0.371273
0.371126
0.370979
0.370832
0.370685
0.370539
0.370392
0.370245
0.370099
0.369953
0.369806
0.36966
0.369514
0.369367
0.369221
0.369075
0.368929
0.368783
0.368637
0.368491
0.368345
0.368199
0.368052
0.367906
0.36776
0.367614
0.367468
0.367322
0.367176
0.36703
0.366883
0.366737
0.366591
0.366444
0.366297
0.366151
0.366004
0.365857
0.36571
0.365563
0.365415
0.365267
0.36512
0.364972
0.364823
0.364675
0.364526
0.364377
0.364227
0.364078
0.363928
0.363777
0.363626
0.363475
0.363323
0.36317
0.363017
0.362864
0.362709
0.362554
0.362398
0.362242
0.362084
0.361926
0.361766
0.361606
0.361444
0.361281
0.361116
0.36095
0.360783
0.360613
0.360442
0.360268
0.360092
0.359914
0.359732
0.359548
0.359361
0.359169
0.358974
0.358774
0.358569
0.358358
0.358142
0.357918
0.357686
0.357446
0.357195
0.356933
0.356658
0.356368
0.35606
0.355732
0.355379
0.354998
0.354583
0.354127
0.35362
0.35305
0.352401
0.35165
0.350765
0.349699
0.348382
0.346698
0.344456
0.341296
0.336479
0.328185
0.310526
0.257462
0.219231
0.224845
0.227386
0.226523
0.224632
0.223241
0.222637
0.222568
0.222769
0.223086
0.223438
0.223778
0.224066
0.224268
0.224364
0.224346
0.224231
0.224058
0.223875
0.223727
0.22364
0.22362
0.223654
0.223722
0.223804
0.223878
0.223934
0.223962
0.223963
0.223942
0.223906
0.223867
0.223833
0.22381
0.2238
0.223803
0.223815
0.223832
0.22385
0.223865
0.223875
0.223878
0.223876
0.223871
0.223863
0.223856
0.22385
0.223847
0.223846
0.223848
0.223851
0.223854
0.223857
0.223859
0.22386
0.223859
0.223857
0.223854
0.223851
0.223849
0.223847
0.223845
0.223844
0.223843
0.223843
0.223842
0.223842
0.223842
0.223841
0.223841
0.22384
0.22384
0.22384
0.223839
0.22384
0.22384
0.22384
0.223841
0.223841
0.223841
0.223842
0.223842
0.223842
0.223842
0.223841
0.223841
0.223841
0.223841
0.22384
0.22384
0.223839
0.223839
0.223838
0.223838
0.223837
0.223837
0.223836
0.223836
0.223835
0.223834
0.223834
0.223833
0.223832
0.223832
0.223831
0.22383
0.22383
0.223829
0.223828
0.223827
0.223826
0.223826
0.223825
0.223824
0.223823
0.223823
0.223822
0.223821
0.22382
0.22382
0.223819
0.223819
0.223818
0.223818
0.223817
0.223817
0.223817
0.223817
0.223817
0.223817
0.223817
0.223817
0.223817
0.223817
0.223818
0.223818
0.223818
0.223818
0.223819
0.223819
0.223819
0.22382
0.22382
0.22382
0.22382
0.22382
0.22382
0.22382
0.22382
0.22382
0.223819
0.223819
0.223818
0.223818
0.223817
0.223816
0.223816
0.223815
0.223814
0.223813
0.223812
0.223811
0.22381
0.223809
0.223807
0.223806
0.223805
0.223804
0.223803
0.223802
0.223801
0.2238
0.223799
0.223798
0.223797
0.223796
0.223796
0.223795
0.223794
0.223793
0.223793
0.223792
0.223792
0.223791
0.223791
0.22379
0.22379
0.223789
0.223789
0.223789
0.223788
0.223788
0.223788
0.223788
0.223787
0.223787
0.223787
0.223787
0.223787
0.223787
0.223786
0.223786
0.223786
0.223786
0.223786
0.223785
0.223785
0.223785
0.223784
0.223784
0.223784
0.223783
0.223783
0.223782
0.223782
0.223781
0.223781
0.22378
0.22378
0.223779
0.223779
0.223778
0.223778
0.223777
0.223776
0.223776
0.223775
0.223775
0.223774
0.223773
0.223773
0.223772
0.223772
0.223771
0.223771
0.22377
0.22377
0.22377
0.223769
0.223769
0.223768
0.223768
0.223767
0.223767
0.223767
0.223766
0.223766
0.223765
0.223765
0.223764
0.223764
0.223763
0.223763
0.223763
0.223762
0.223762
0.223761
0.223761
0.22376
0.22376
0.223759
0.223758
0.223758
0.223757
0.223757
0.223756
0.223756
0.223755
0.223755
0.223754
0.223753
0.223753
0.223752
0.223752
0.223751
0.223751
0.22375
0.22375
0.223749
0.223749
0.223748
0.223748
0.223747
0.223747
0.223746
0.223746
0.223745
0.223745
0.223744
0.223744
0.223743
0.223743
0.223743
0.223742
0.223742
0.223741
0.223741
0.22374
0.22374
0.223739
0.223739
0.223738
0.223738
0.223738
0.223737
0.223737
0.223736
0.223736
0.223735
0.223735
0.223734
0.223734
0.223733
0.223733
0.223732
0.223732
0.223731
0.22373
0.22373
0.223729
0.223729
0.223728
0.223728
0.223727
0.223727
0.223726
0.223725
0.223725
0.223724
0.223724
0.223723
0.223723
0.223722
0.223721
0.223721
0.22372
0.223719
0.223719
0.223718
0.223718
0.223717
0.223716
0.223716
0.223715
0.223715
0.223714
0.223713
0.223713
0.223712
0.223711
0.223711
0.22371
0.22371
0.223709
0.223708
0.223708
0.223707
0.223707
0.223706
0.223706
0.223705
0.223705
0.223704
0.223703
0.223703
0.223702
0.223702
0.223701
0.223701
0.2237
0.2237
0.223699
0.223699
0.223698
0.223698
0.223697
0.223697
0.223696
0.223696
0.223695
0.223695
0.223694
0.223694
0.223694
0.223693
0.223693
0.223692
0.223692
0.223691
0.223691
0.22369
0.223689
0.223689
0.223688
0.223688
0.223687
0.223687
0.223686
)
;

boundaryField
{
    inlet
    {
        type            fixedValue;
        value           uniform 0.5;
    }
    outlet
    {
        type            zeroGradient;
    }
    emptyWalls
    {
        type            empty;
    }
}


// ************************************************************************* //
