/*--------------------------------*- C++ -*----------------------------------*\
  =========                 |
  \\      /  F ield         | OpenFOAM: The Open Source CFD Toolbox
   \\    /   O peration     | Website:  https://openfoam.org
    \\  /    A nd           | Version:  9
     \\/     M anipulation  |
\*---------------------------------------------------------------------------*/
FoamFile
{
    format      ascii;
    class       surfaceScalarField;
    location    "34000";
    object      phic;
}
// * * * * * * * * * * * * * * * * * * * * * * * * * * * * * * * * * * * * * //

dimensions      [0 2 0 0 0 0 0];

internalField   nonuniform List<scalar> 
999
(
1.15183e-15
3.74755e-15
7.68655e-15
1.29585e-14
1.95591e-14
2.74841e-14
3.67287e-14
4.7288e-14
5.9157e-14
7.23309e-14
8.68046e-14
1.02573e-13
1.19632e-13
1.37976e-13
1.57601e-13
1.78502e-13
2.00675e-13
2.24116e-13
2.48819e-13
2.74781e-13
3.01999e-13
3.30467e-13
3.60182e-13
3.91141e-13
4.23339e-13
4.56774e-13
4.91442e-13
5.27339e-13
5.64463e-13
6.0281e-13
6.42378e-13
6.83164e-13
7.25165e-13
7.68378e-13
8.12803e-13
8.58435e-13
9.05274e-13
9.53317e-13
1.00256e-12
1.05301e-12
1.10466e-12
1.1575e-12
1.21155e-12
1.26679e-12
1.32323e-12
1.38087e-12
1.4397e-12
1.49973e-12
1.56096e-12
1.62339e-12
1.68702e-12
1.75185e-12
1.81789e-12
1.88514e-12
1.9536e-12
2.02329e-12
2.09419e-12
2.16633e-12
2.23971e-12
2.31434e-12
2.39022e-12
2.46739e-12
2.54584e-12
2.62561e-12
2.70671e-12
2.78917e-12
2.87304e-12
2.95834e-12
3.04514e-12
3.13351e-12
3.22352e-12
3.31531e-12
3.40901e-12
3.50485e-12
3.6031e-12
3.7042e-12
3.80881e-12
3.91799e-12
4.03359e-12
4.15912e-12
4.30179e-12
4.47802e-12
4.73057e-12
5.19695e-12
6.52968e-12
1.4889e-11
7.48112e-11
7.82404e-11
7.8238e-11
7.82255e-11
7.82252e-11
7.82262e-11
7.82262e-11
7.82259e-11
7.82257e-11
7.82256e-11
7.82255e-11
7.82254e-11
7.82252e-11
7.82251e-11
7.8225e-11
7.82248e-11
7.82247e-11
7.82245e-11
7.82244e-11
7.82242e-11
7.8224e-11
7.82239e-11
7.82237e-11
7.82236e-11
7.82234e-11
7.82232e-11
7.8223e-11
7.82228e-11
7.82227e-11
7.82225e-11
7.82223e-11
7.82221e-11
7.82219e-11
7.82217e-11
7.82215e-11
7.82213e-11
7.82211e-11
7.82208e-11
7.82206e-11
7.82204e-11
7.82202e-11
7.82199e-11
7.82197e-11
7.82194e-11
7.82192e-11
7.82189e-11
7.82186e-11
7.82184e-11
7.82181e-11
7.82178e-11
7.82175e-11
7.82172e-11
7.82169e-11
7.82166e-11
7.82163e-11
7.8216e-11
7.82156e-11
7.82153e-11
7.82149e-11
7.82145e-11
7.82141e-11
7.82138e-11
7.82134e-11
7.8213e-11
7.82126e-11
7.82122e-11
7.82118e-11
7.82114e-11
7.82109e-11
7.82104e-11
7.82099e-11
7.82094e-11
7.82084e-11
7.82037e-11
7.81644e-11
7.78104e-11
7.4787e-11
5.77517e-11
3.34874e-11
2.91956e-11
2.91209e-11
2.91208e-11
2.91208e-11
2.91208e-11
2.91208e-11
2.91208e-11
2.91208e-11
2.91208e-11
2.91208e-11
2.91208e-11
2.91208e-11
2.91208e-11
2.91208e-11
2.91208e-11
2.91208e-11
2.91208e-11
2.91208e-11
2.91208e-11
2.91208e-11
2.91208e-11
2.91208e-11
2.91208e-11
2.91208e-11
2.91208e-11
2.91208e-11
2.91208e-11
2.91208e-11
2.91208e-11
2.91208e-11
2.91208e-11
2.91208e-11
2.91208e-11
2.91208e-11
2.91208e-11
2.91208e-11
2.91208e-11
2.91208e-11
2.91208e-11
2.91208e-11
2.91208e-11
2.91208e-11
2.91208e-11
2.91208e-11
2.91208e-11
2.91208e-11
2.91208e-11
2.91208e-11
2.91208e-11
2.91208e-11
2.91208e-11
2.91208e-11
2.91208e-11
2.91208e-11
2.91208e-11
2.91208e-11
2.91208e-11
2.91208e-11
2.91208e-11
2.91208e-11
2.91208e-11
2.91208e-11
2.91208e-11
2.91208e-11
2.91208e-11
2.91208e-11
2.91208e-11
2.91208e-11
2.91208e-11
2.91208e-11
2.91208e-11
2.91208e-11
2.91208e-11
2.91208e-11
2.91208e-11
2.91208e-11
2.91208e-11
2.91208e-11
2.91208e-11
2.91208e-11
2.91208e-11
2.91208e-11
2.91208e-11
2.91208e-11
2.91208e-11
2.91208e-11
2.91208e-11
2.91208e-11
2.91208e-11
2.91208e-11
2.91208e-11
2.91208e-11
2.91208e-11
2.91208e-11
2.91208e-11
2.91208e-11
2.91208e-11
2.91208e-11
2.91208e-11
2.91208e-11
2.91208e-11
2.91208e-11
2.91208e-11
2.91208e-11
2.91208e-11
2.91208e-11
2.91208e-11
2.91208e-11
2.91208e-11
2.91208e-11
2.91208e-11
2.91208e-11
2.91208e-11
2.91208e-11
2.91208e-11
2.91208e-11
2.91208e-11
2.91208e-11
2.91208e-11
2.91208e-11
2.91208e-11
2.91208e-11
2.91208e-11
2.91208e-11
2.91208e-11
2.91208e-11
2.91208e-11
2.91208e-11
2.91208e-11
2.91208e-11
2.91208e-11
2.91208e-11
2.91208e-11
2.91208e-11
2.91208e-11
2.91208e-11
2.91208e-11
2.91208e-11
2.91208e-11
2.91208e-11
2.91208e-11
2.91208e-11
2.91208e-11
2.91208e-11
2.91208e-11
2.91208e-11
2.91208e-11
2.91208e-11
2.91208e-11
2.91208e-11
2.91208e-11
2.91208e-11
2.91208e-11
2.91208e-11
2.91208e-11
2.91208e-11
2.91208e-11
2.91208e-11
2.91208e-11
2.91208e-11
2.91208e-11
2.91208e-11
2.91208e-11
2.91208e-11
2.91208e-11
2.91208e-11
2.91208e-11
2.91208e-11
2.91208e-11
2.91208e-11
2.91208e-11
2.91208e-11
2.91208e-11
2.91208e-11
2.91208e-11
2.91208e-11
2.91208e-11
2.91208e-11
2.91208e-11
2.91208e-11
2.91208e-11
2.91208e-11
2.91208e-11
2.91208e-11
2.91208e-11
2.91208e-11
2.91208e-11
2.91208e-11
2.91208e-11
2.91208e-11
2.91208e-11
2.91208e-11
2.91208e-11
2.91208e-11
2.91208e-11
2.91208e-11
2.91208e-11
2.91208e-11
2.91208e-11
2.91208e-11
2.91208e-11
2.91208e-11
2.91208e-11
2.91208e-11
2.91208e-11
2.91208e-11
2.91208e-11
2.91208e-11
2.91208e-11
2.91208e-11
2.91208e-11
2.91208e-11
2.91208e-11
2.91208e-11
2.91208e-11
2.91208e-11
2.91208e-11
2.91208e-11
2.91208e-11
2.91208e-11
2.91208e-11
2.91208e-11
2.91208e-11
2.91208e-11
2.91208e-11
2.91208e-11
2.91208e-11
2.91208e-11
2.91208e-11
2.91208e-11
2.91208e-11
2.91208e-11
2.91208e-11
2.91208e-11
2.91208e-11
2.91208e-11
2.91208e-11
2.91208e-11
2.91208e-11
2.91208e-11
2.91208e-11
2.91208e-11
2.91208e-11
2.91208e-11
2.91208e-11
2.91208e-11
2.91208e-11
2.91208e-11
2.91208e-11
2.91208e-11
2.91208e-11
2.91208e-11
2.91208e-11
2.91208e-11
2.91208e-11
2.91208e-11
2.91208e-11
2.91208e-11
2.91208e-11
2.91208e-11
2.91208e-11
2.91208e-11
2.91208e-11
2.91208e-11
2.91208e-11
2.91208e-11
2.91208e-11
2.91208e-11
2.91208e-11
2.91208e-11
2.91208e-11
2.91208e-11
2.91208e-11
2.91208e-11
2.91208e-11
2.91208e-11
2.91208e-11
2.91208e-11
2.91208e-11
2.91208e-11
2.91208e-11
2.91208e-11
2.91208e-11
2.91208e-11
2.91208e-11
2.91208e-11
2.91208e-11
2.91208e-11
2.91208e-11
2.91208e-11
2.91208e-11
2.91208e-11
2.91208e-11
2.91208e-11
2.91208e-11
2.91208e-11
2.91208e-11
2.91208e-11
2.91208e-11
2.91208e-11
2.91208e-11
2.91208e-11
2.91208e-11
2.91208e-11
2.91208e-11
2.91208e-11
2.91208e-11
2.91208e-11
2.91208e-11
2.91208e-11
2.91208e-11
2.91208e-11
2.91208e-11
2.91208e-11
2.91208e-11
2.91208e-11
2.91208e-11
2.91208e-11
2.91208e-11
2.91208e-11
2.91208e-11
2.91208e-11
2.91208e-11
2.91208e-11
2.91208e-11
2.91208e-11
2.91208e-11
2.91208e-11
2.91208e-11
2.91208e-11
2.91208e-11
2.91208e-11
2.91208e-11
2.91208e-11
2.91208e-11
2.91208e-11
2.91208e-11
2.91208e-11
2.91208e-11
2.91208e-11
2.91208e-11
2.91208e-11
2.91208e-11
2.91208e-11
2.91208e-11
2.91208e-11
2.91208e-11
2.91208e-11
2.91208e-11
2.91208e-11
2.91208e-11
2.91208e-11
2.91208e-11
2.91208e-11
2.91208e-11
2.91208e-11
2.91208e-11
2.91208e-11
2.91208e-11
2.91208e-11
2.91208e-11
2.91208e-11
2.91208e-11
2.91208e-11
2.91208e-11
2.91208e-11
2.91208e-11
2.91208e-11
2.91208e-11
2.91208e-11
2.91208e-11
2.91208e-11
2.91208e-11
2.91208e-11
2.91208e-11
2.91208e-11
2.91208e-11
2.91208e-11
2.91208e-11
2.91208e-11
2.91208e-11
2.91208e-11
2.91208e-11
2.91208e-11
2.91208e-11
2.91208e-11
2.91208e-11
2.91208e-11
2.91208e-11
2.91208e-11
2.91208e-11
2.91208e-11
2.91208e-11
2.91208e-11
2.91208e-11
2.91208e-11
2.91208e-11
2.91208e-11
2.91208e-11
2.91208e-11
2.91208e-11
2.91208e-11
2.91208e-11
2.91208e-11
2.91208e-11
2.91208e-11
2.91208e-11
2.91208e-11
2.91208e-11
2.91208e-11
2.91208e-11
2.91208e-11
2.91208e-11
2.91208e-11
2.91208e-11
2.91208e-11
2.91208e-11
2.91208e-11
2.91208e-11
2.91208e-11
2.91208e-11
2.91208e-11
2.91208e-11
2.91208e-11
2.91208e-11
2.91208e-11
2.91208e-11
2.91208e-11
2.91208e-11
2.91208e-11
2.91208e-11
2.91208e-11
2.91208e-11
2.91208e-11
2.91208e-11
2.91208e-11
2.91208e-11
2.91208e-11
2.91208e-11
2.91208e-11
2.91208e-11
2.91208e-11
2.91208e-11
2.91208e-11
2.91208e-11
2.91208e-11
2.91208e-11
2.91208e-11
2.91208e-11
2.91208e-11
2.91208e-11
2.91208e-11
2.91208e-11
2.91208e-11
2.91208e-11
2.91208e-11
2.91208e-11
2.91208e-11
2.91208e-11
2.91208e-11
2.91208e-11
2.91208e-11
2.91208e-11
2.91208e-11
2.91208e-11
2.91208e-11
2.91208e-11
2.91208e-11
2.91208e-11
2.91208e-11
2.91208e-11
2.91208e-11
2.91208e-11
2.91208e-11
2.91208e-11
2.91208e-11
2.91208e-11
2.91208e-11
2.91208e-11
2.91208e-11
2.91208e-11
2.91208e-11
2.91208e-11
2.91208e-11
2.91208e-11
2.91208e-11
2.91208e-11
2.91208e-11
2.91208e-11
2.91208e-11
2.91208e-11
2.91208e-11
2.91208e-11
2.91208e-11
2.91208e-11
2.91208e-11
2.91208e-11
2.91208e-11
2.91208e-11
2.91208e-11
2.91208e-11
2.91208e-11
2.91208e-11
2.91208e-11
2.91208e-11
2.91208e-11
2.91208e-11
2.91208e-11
2.91208e-11
2.91208e-11
2.91208e-11
2.91208e-11
2.91208e-11
2.91208e-11
2.91208e-11
2.91208e-11
2.91208e-11
2.91208e-11
2.91208e-11
2.91208e-11
2.91208e-11
2.91208e-11
2.91208e-11
2.91208e-11
2.91208e-11
2.91208e-11
2.91208e-11
2.91208e-11
2.91208e-11
2.91208e-11
2.91208e-11
2.91208e-11
2.91208e-11
2.91208e-11
2.91208e-11
2.91208e-11
2.91208e-11
2.91208e-11
2.91208e-11
2.91208e-11
2.91208e-11
2.91208e-11
2.91208e-11
2.91208e-11
2.91208e-11
2.91208e-11
2.91208e-11
2.91208e-11
2.91208e-11
2.91208e-11
2.91208e-11
2.91208e-11
2.91208e-11
2.91208e-11
2.91208e-11
2.91208e-11
2.91208e-11
2.91208e-11
2.91208e-11
2.91208e-11
2.91208e-11
2.91208e-11
2.91208e-11
2.91208e-11
2.91208e-11
2.91208e-11
2.91208e-11
2.91208e-11
2.91208e-11
2.91208e-11
2.91208e-11
2.91208e-11
2.91208e-11
2.91208e-11
2.91208e-11
2.91208e-11
2.91208e-11
2.91208e-11
2.91208e-11
2.91208e-11
2.91208e-11
2.91208e-11
2.91208e-11
2.91208e-11
2.91208e-11
2.91208e-11
2.91208e-11
2.91208e-11
2.91208e-11
2.91208e-11
2.91208e-11
2.91208e-11
2.91208e-11
2.91208e-11
2.91208e-11
2.91208e-11
2.91208e-11
2.91208e-11
2.91208e-11
2.91208e-11
2.91208e-11
2.91208e-11
2.91208e-11
2.91208e-11
2.91208e-11
2.91208e-11
2.91208e-11
2.91208e-11
2.91208e-11
2.91208e-11
2.91208e-11
2.91208e-11
2.91208e-11
2.91208e-11
2.91208e-11
2.91208e-11
2.91208e-11
2.91208e-11
2.91208e-11
2.91208e-11
2.91208e-11
2.91208e-11
2.91208e-11
2.91208e-11
2.91208e-11
2.91208e-11
2.91208e-11
2.91208e-11
2.91208e-11
2.91208e-11
2.91208e-11
2.91208e-11
2.91208e-11
2.91208e-11
2.91208e-11
2.91208e-11
2.91208e-11
2.91208e-11
2.91208e-11
2.91208e-11
2.91208e-11
2.91208e-11
2.91208e-11
2.91208e-11
2.91208e-11
2.91208e-11
2.91208e-11
2.91208e-11
2.91208e-11
2.91208e-11
2.91208e-11
2.91208e-11
2.91208e-11
2.91208e-11
2.91208e-11
2.91208e-11
2.91208e-11
2.91208e-11
2.91208e-11
2.91208e-11
2.91208e-11
2.91208e-11
2.91208e-11
2.91208e-11
2.91208e-11
2.91208e-11
2.91208e-11
2.91208e-11
2.91208e-11
2.91208e-11
2.91208e-11
2.91208e-11
2.91208e-11
2.91208e-11
2.91208e-11
2.91208e-11
2.91208e-11
2.91208e-11
2.91208e-11
2.91208e-11
2.91208e-11
2.91208e-11
2.91208e-11
2.91208e-11
2.91208e-11
2.91208e-11
2.91208e-11
2.91208e-11
2.91208e-11
2.91208e-11
2.91208e-11
2.91208e-11
2.91208e-11
2.91208e-11
2.91208e-11
2.91208e-11
2.91208e-11
2.91208e-11
2.91208e-11
2.91208e-11
2.91208e-11
2.91208e-11
2.91208e-11
2.91208e-11
2.91208e-11
2.91208e-11
2.91208e-11
2.91208e-11
2.91208e-11
2.91208e-11
2.91208e-11
2.91208e-11
2.91208e-11
2.91208e-11
2.91208e-11
2.91208e-11
2.91208e-11
2.91208e-11
2.91208e-11
2.91208e-11
2.91208e-11
2.91208e-11
2.91208e-11
2.91208e-11
2.91208e-11
2.91208e-11
2.91208e-11
2.91208e-11
2.91208e-11
2.91208e-11
2.91208e-11
2.91208e-11
2.91208e-11
2.91208e-11
2.91208e-11
2.91208e-11
2.91208e-11
2.91208e-11
2.91208e-11
2.91208e-11
2.91208e-11
2.91208e-11
2.91208e-11
2.91208e-11
2.91208e-11
2.91208e-11
2.91208e-11
2.91208e-11
2.91208e-11
2.91208e-11
2.91208e-11
2.91208e-11
2.91208e-11
2.91208e-11
2.91208e-11
2.91208e-11
2.91208e-11
2.91208e-11
2.91208e-11
2.91208e-11
2.91208e-11
2.91208e-11
2.91208e-11
2.91208e-11
2.91208e-11
2.91208e-11
2.91208e-11
2.91208e-11
2.91208e-11
2.91208e-11
2.91208e-11
2.91208e-11
2.91208e-11
2.91208e-11
2.91208e-11
2.91208e-11
2.91208e-11
2.91208e-11
2.91208e-11
2.91208e-11
2.91208e-11
2.91208e-11
2.91208e-11
2.91208e-11
2.91208e-11
2.91208e-11
2.91208e-11
2.91208e-11
2.91208e-11
2.91208e-11
2.91208e-11
2.91208e-11
2.91208e-11
2.91208e-11
2.91208e-11
2.91208e-11
2.91208e-11
2.91208e-11
2.91208e-11
2.91208e-11
2.91208e-11
2.91208e-11
2.91208e-11
2.91208e-11
2.91208e-11
2.91208e-11
2.91208e-11
2.91208e-11
2.91208e-11
2.91208e-11
2.91208e-11
2.91208e-11
2.91208e-11
2.91208e-11
2.91208e-11
2.91208e-11
2.91208e-11
2.91208e-11
2.91208e-11
2.91208e-11
2.91208e-11
2.91208e-11
2.91208e-11
2.91208e-11
2.91208e-11
2.91208e-11
2.91208e-11
2.91208e-11
2.91208e-11
2.91208e-11
2.91208e-11
2.91208e-11
2.91208e-11
2.91208e-11
)
;

boundaryField
{
    inlet
    {
        type            calculated;
        value           uniform 0;
    }
    outlet
    {
        type            calculated;
        value           uniform 2.91208e-11;
    }
    emptyWalls
    {
        type            empty;
        value           nonuniform List<scalar> 0();
    }
}


// ************************************************************************* //
