/*--------------------------------*- C++ -*----------------------------------*\
  =========                 |
  \\      /  F ield         | OpenFOAM: The Open Source CFD Toolbox
   \\    /   O peration     | Website:  https://openfoam.org
    \\  /    A nd           | Version:  9
     \\/     M anipulation  |
\*---------------------------------------------------------------------------*/
FoamFile
{
    format      ascii;
    class       volVectorField;
    location    "2150";
    object      Ua;
}
// * * * * * * * * * * * * * * * * * * * * * * * * * * * * * * * * * * * * * //

dimensions      [0 0 0 0 0 0 0];

internalField   nonuniform List<vector> 
100
(
(0 0 1.61358e-05)
(0 0 1.61242e-05)
(0 0 1.60994e-05)
(0 0 1.60722e-05)
(0 0 1.60435e-05)
(0 0 1.60141e-05)
(0 0 1.59841e-05)
(0 0 1.59541e-05)
(0 0 1.59242e-05)
(0 0 1.58947e-05)
(0 0 1.58655e-05)
(0 0 1.58368e-05)
(0 0 1.58084e-05)
(0 0 1.57804e-05)
(0 0 1.57528e-05)
(0 0 1.57255e-05)
(0 0 1.56984e-05)
(0 0 1.56715e-05)
(0 0 1.56449e-05)
(0 0 1.56186e-05)
(0 0 1.55923e-05)
(0 0 1.55662e-05)
(0 0 1.55403e-05)
(0 0 1.55145e-05)
(0 0 1.54889e-05)
(0 0 1.54634e-05)
(0 0 1.5438e-05)
(0 0 1.54126e-05)
(0 0 1.53873e-05)
(0 0 1.5362e-05)
(0 0 1.5335e-05)
(0 0 1.53003e-05)
(0 0 1.52486e-05)
(0 0 1.5172e-05)
(0 0 1.50698e-05)
(0 0 1.49486e-05)
(0 0 1.48167e-05)
(0 0 1.46799e-05)
(0 0 1.45409e-05)
(0 0 1.44001e-05)
(0 0 1.42571e-05)
(0 0 1.41106e-05)
(0 0 1.3959e-05)
(0 0 1.37997e-05)
(0 0 1.36278e-05)
(0 0 1.3435e-05)
(0 0 1.32079e-05)
(0 0 1.29325e-05)
(0 0 1.26298e-05)
(0 0 1.2122e-05)
(0 0 5.9471e-06)
(0 0 8.62587e-08)
(0 0 4.58942e-08)
(0 0 5.14663e-08)
(0 0 5.88129e-08)
(0 0 6.47746e-08)
(0 0 6.92182e-08)
(0 0 7.24147e-08)
(0 0 7.47154e-08)
(0 0 7.64362e-08)
(0 0 4.81319e-08)
(0 0 9.53885e-09)
(0 0 1.70451e-14)
(0 0 5.57659e-25)
(0 0 5.88274e-25)
(0 0 6.19741e-25)
(0 0 6.52013e-25)
(0 0 6.85022e-25)
(0 0 6.98542e-25)
(0 0 3.64252e-25)
(0 0 1.73345e-26)
(0 0 1.43491e-27)
(0 0 1.31408e-27)
(0 0 1.31236e-27)
(0 0 1.31234e-27)
(0 0 1.31234e-27)
(0 0 1.31234e-27)
(0 0 1.31234e-27)
(0 0 1.31234e-27)
(0 0 1.31234e-27)
(0 0 1.31234e-27)
(0 0 1.31234e-27)
(0 0 1.31234e-27)
(0 0 1.31234e-27)
(0 0 1.31234e-27)
(0 0 1.31234e-27)
(0 0 1.31234e-27)
(0 0 1.31234e-27)
(0 0 1.31234e-27)
(0 0 1.31234e-27)
(0 0 1.31234e-27)
(0 0 1.31234e-27)
(0 0 1.31234e-27)
(0 0 1.31234e-27)
(0 0 1.31234e-27)
(0 0 1.31234e-27)
(0 0 1.31234e-27)
(0 0 1.31234e-27)
(0 0 1.31234e-27)
(0 0 1.31234e-27)
)
;

boundaryField
{
    inlet
    {
        type            prescribedFracFlowVelocity;
        U               1((0 0 1.61572e-05));
        fractionalFlow  1;
        value           uniform (0 0 1.61572e-05);
    }
    outlet
    {
        type            zeroGradient;
    }
    emptyWalls
    {
        type            empty;
    }
}


// ************************************************************************* //
