/*--------------------------------*- C++ -*----------------------------------*\
  =========                 |
  \\      /  F ield         | OpenFOAM: The Open Source CFD Toolbox
   \\    /   O peration     | Website:  https://openfoam.org
    \\  /    A nd           | Version:  9
     \\/     M anipulation  |
\*---------------------------------------------------------------------------*/
FoamFile
{
    format      ascii;
    class       volScalarField;
    location    "14.1";
    object      AcumCoeff_csw;
}
// * * * * * * * * * * * * * * * * * * * * * * * * * * * * * * * * * * * * * //

dimensions      [0 0 0 0 0 0 0];

internalField   nonuniform List<scalar> 
1000
(
0.149793
0.149667
0.149549
0.149437
0.149327
0.149219
0.149112
0.149007
0.148903
0.1488
0.148698
0.148597
0.148496
0.148396
0.148297
0.148199
0.148101
0.148004
0.147907
0.147811
0.147715
0.14762
0.147525
0.147431
0.147337
0.147244
0.147151
0.147059
0.146967
0.146876
0.146785
0.146694
0.146604
0.146515
0.146425
0.146336
0.146248
0.14616
0.146072
0.145985
0.145898
0.145811
0.145725
0.145639
0.145554
0.145469
0.145384
0.145299
0.145215
0.145132
0.145048
0.144965
0.144882
0.1448
0.144718
0.144636
0.144555
0.144473
0.144393
0.144312
0.144232
0.144152
0.144072
0.143993
0.143914
0.143835
0.143757
0.143679
0.143601
0.143523
0.143446
0.143369
0.143292
0.143216
0.14314
0.143064
0.142988
0.142913
0.142837
0.142763
0.142688
0.142614
0.14254
0.142466
0.142392
0.142319
0.142246
0.142173
0.1421
0.142028
0.141956
0.141884
0.141812
0.141741
0.14167
0.141599
0.141528
0.141457
0.141387
0.141317
0.141247
0.141178
0.141108
0.141039
0.14097
0.140901
0.140833
0.140765
0.140697
0.140629
0.140561
0.140494
0.140426
0.140359
0.140292
0.140226
0.140159
0.140093
0.140027
0.139961
0.139895
0.13983
0.139765
0.139699
0.139635
0.13957
0.139505
0.139441
0.139377
0.139313
0.139249
0.139185
0.139122
0.139059
0.138996
0.138933
0.13887
0.138807
0.138745
0.138683
0.138621
0.138559
0.138497
0.138436
0.138374
0.138313
0.138252
0.138191
0.138131
0.13807
0.13801
0.137949
0.137889
0.137829
0.13777
0.13771
0.137651
0.137591
0.137532
0.137473
0.137414
0.137356
0.137297
0.137239
0.137181
0.137123
0.137065
0.137007
0.136949
0.136892
0.136834
0.136777
0.13672
0.136663
0.136606
0.13655
0.136493
0.136437
0.136381
0.136325
0.136269
0.136213
0.136157
0.136102
0.136046
0.135991
0.135936
0.135881
0.135826
0.135771
0.135716
0.135662
0.135608
0.135553
0.135499
0.135445
0.135391
0.135338
0.135284
0.13523
0.135177
0.135124
0.135071
0.135018
0.134965
0.134912
0.134859
0.134807
0.134754
0.134702
0.13465
0.134598
0.134546
0.134494
0.134442
0.134391
0.134339
0.134288
0.134236
0.134185
0.134134
0.134083
0.134032
0.133982
0.133931
0.13388
0.13383
0.13378
0.13373
0.133679
0.133629
0.13358
0.13353
0.13348
0.133431
0.133381
0.133332
0.133283
0.133233
0.133184
0.133135
0.133086
0.133038
0.132989
0.132941
0.132892
0.132844
0.132795
0.132747
0.132699
0.132651
0.132603
0.132556
0.132508
0.13246
0.132413
0.132365
0.132318
0.132271
0.132224
0.132177
0.13213
0.132083
0.132036
0.131989
0.131943
0.131896
0.13185
0.131804
0.131757
0.131711
0.131665
0.131619
0.131573
0.131528
0.131482
0.131436
0.131391
0.131345
0.1313
0.131255
0.131209
0.131164
0.131119
0.131074
0.131029
0.130985
0.13094
0.130895
0.130851
0.130806
0.130762
0.130718
0.130673
0.130629
0.130585
0.130541
0.130497
0.130454
0.13041
0.130366
0.130323
0.130279
0.130236
0.130192
0.130149
0.130106
0.130063
0.13002
0.129977
0.129934
0.129891
0.129848
0.129805
0.129763
0.12972
0.129678
0.129635
0.129593
0.129551
0.129508
0.129466
0.129424
0.129382
0.12934
0.129299
0.129257
0.129215
0.129174
0.129132
0.129091
0.129049
0.129008
0.128966
0.128925
0.128884
0.128843
0.128802
0.128761
0.12872
0.128679
0.128639
0.128598
0.128557
0.128517
0.128476
0.128436
0.128396
0.128355
0.128315
0.128275
0.128235
0.128195
0.128155
0.128115
0.128075
0.128035
0.127995
0.127956
0.127916
0.127877
0.127837
0.127798
0.127758
0.127719
0.12768
0.127641
0.127602
0.127562
0.127523
0.127485
0.127446
0.127407
0.127368
0.127329
0.127291
0.127252
0.127214
0.127175
0.127137
0.127098
0.12706
0.127022
0.126984
0.126945
0.126907
0.126869
0.126831
0.126793
0.126756
0.126718
0.12668
0.126642
0.126605
0.126567
0.12653
0.126492
0.126455
0.126417
0.12638
0.126343
0.126306
0.126268
0.126231
0.126194
0.126157
0.12612
0.126083
0.126047
0.12601
0.125973
0.125936
0.1259
0.125863
0.125827
0.12579
0.125754
0.125717
0.125681
0.125645
0.125608
0.125572
0.125536
0.1255
0.125464
0.125428
0.125392
0.125356
0.12532
0.125285
0.125249
0.125213
0.125177
0.125142
0.125106
0.125071
0.125035
0.125
0.124965
0.124929
0.124894
0.124859
0.124824
0.124788
0.124753
0.124718
0.124683
0.124648
0.124613
0.124579
0.124544
0.124509
0.124474
0.12444
0.124405
0.12437
0.124336
0.124301
0.124267
0.124232
0.124198
0.124164
0.124129
0.124095
0.124061
0.124027
0.123993
0.123959
0.123925
0.123891
0.123857
0.123823
0.123789
0.123755
0.123721
0.123688
0.123654
0.12362
0.123587
0.123553
0.123519
0.123486
0.123453
0.123419
0.123386
0.123352
0.123319
0.123286
0.123253
0.12322
0.123186
0.123153
0.12312
0.123087
0.123054
0.123021
0.122988
0.122956
0.122923
0.12289
0.122857
0.122825
0.122792
0.122759
0.122727
0.122694
0.122662
0.122629
0.122597
0.122564
0.122532
0.1225
0.122467
0.122435
0.122403
0.122371
0.122339
0.122307
0.122274
0.122242
0.12221
0.122179
0.122147
0.122115
0.122083
0.122051
0.122019
0.121988
0.121956
0.121924
0.121893
0.121861
0.121829
0.121798
0.121766
0.121735
0.121703
0.121672
0.121641
0.121609
0.121578
0.121547
0.121516
0.121484
0.121453
0.121422
0.121391
0.12136
0.121329
0.121298
0.121267
0.121236
0.121205
0.121174
0.121144
0.121113
0.121082
0.121051
0.121021
0.12099
0.120959
0.120929
0.120898
0.120868
0.120837
0.120807
0.120776
0.120746
0.120716
0.120685
0.120655
0.120625
0.120594
0.120564
0.120534
0.120504
0.120474
0.120444
0.120414
0.120384
0.120354
0.120324
0.120294
0.120264
0.120234
0.120204
0.120174
0.120145
0.120115
0.120085
0.120055
0.120026
0.119996
0.119966
0.119937
0.119907
0.119878
0.119848
0.119819
0.119789
0.11976
0.119731
0.119701
0.119672
0.119643
0.119614
0.119584
0.119555
0.119526
0.119497
0.119468
0.119439
0.11941
0.11938
0.119351
0.119323
0.119294
0.119265
0.119236
0.119207
0.119178
0.119149
0.11912
0.119092
0.119063
0.119034
0.119006
0.118977
0.118948
0.11892
0.118891
0.118863
0.118834
0.118806
0.118777
0.118749
0.11872
0.118692
0.118664
0.118635
0.118607
0.118579
0.11855
0.118522
0.118494
0.118466
0.118438
0.118409
0.118381
0.118353
0.118325
0.118297
0.118269
0.118241
0.118213
0.118185
0.118157
0.11813
0.118102
0.118074
0.118046
0.118018
0.117991
0.117963
0.117935
0.117907
0.11788
0.117852
0.117825
0.117797
0.117769
0.117742
0.117714
0.117687
0.117659
0.117632
0.117605
0.117577
0.11755
0.117522
0.117495
0.117468
0.117441
0.117413
0.117386
0.117359
0.117332
0.117305
0.117277
0.11725
0.117223
0.117196
0.117169
0.117142
0.117115
0.117088
0.117061
0.117034
0.117007
0.11698
0.116954
0.116927
0.1169
0.116873
0.116846
0.116819
0.116793
0.116766
0.116739
0.116713
0.116686
0.116659
0.116633
0.116606
0.11658
0.116553
0.116527
0.1165
0.116474
0.116447
0.116421
0.116394
0.116368
0.116341
0.116315
0.116289
0.116262
0.116236
0.11621
0.116184
0.116157
0.116131
0.116105
0.116079
0.116053
0.116027
0.116
0.115974
0.115948
0.115922
0.115896
0.11587
0.115844
0.115818
0.115792
0.115766
0.11574
0.115715
0.115689
0.115663
0.115637
0.115611
0.115585
0.11556
0.115534
0.115508
0.115482
0.115457
0.115431
0.115405
0.11538
0.115354
0.115328
0.115303
0.115277
0.115252
0.115226
0.115201
0.115175
0.11515
0.115124
0.115099
0.115073
0.115048
0.115023
0.114997
0.114972
0.114947
0.114921
0.114896
0.114871
0.114845
0.11482
0.114795
0.11477
0.114745
0.114719
0.114694
0.114669
0.114644
0.114619
0.114594
0.114569
0.114544
0.114519
0.114494
0.114469
0.114444
0.114419
0.114394
0.114369
0.114344
0.114319
0.114294
0.114269
0.114244
0.11422
0.114195
0.11417
0.114145
0.11412
0.114096
0.114071
0.114046
0.114022
0.113997
0.113972
0.113948
0.113923
0.113898
0.113874
0.113849
0.113825
0.1138
0.113775
0.113751
0.113726
0.113702
0.113677
0.113653
0.113629
0.113604
0.11358
0.113555
0.113531
0.113507
0.113482
0.113458
0.113434
0.113409
0.113385
0.113361
0.113336
0.113312
0.113288
0.113264
0.113239
0.113215
0.113191
0.113167
0.113143
0.113119
0.113095
0.11307
0.113046
0.113022
0.112998
0.112974
0.11295
0.112926
0.112902
0.112878
0.112854
0.11283
0.112806
0.112782
0.112758
0.112734
0.112711
0.112687
0.112663
0.112639
0.112615
0.112591
0.112567
0.112544
0.11252
0.112496
0.112472
0.112448
0.112425
0.112401
0.112377
0.112354
0.11233
0.112306
0.112283
0.112259
0.112235
0.112212
0.112188
0.112164
0.112141
0.112117
0.112094
0.11207
0.112047
0.112023
0.112
0.111976
0.111953
0.111929
0.111906
0.111882
0.111859
0.111835
0.111812
0.111788
0.111765
0.111742
0.111718
0.111695
0.111671
0.111648
0.111625
0.111601
0.111578
0.111555
0.111531
0.111508
0.111485
0.111462
0.111438
0.111415
0.111392
0.111369
0.111345
0.111322
0.111299
0.111276
0.111252
0.111229
0.111206
0.111183
0.11116
0.111137
0.111114
0.11109
0.111067
0.111044
0.111021
0.110998
0.110975
0.110952
0.110929
0.110906
0.110883
0.11086
0.110836
0.110813
0.11079
0.110767
0.110744
0.110721
0.110698
0.110675
0.110652
0.110629
0.110606
0.110583
0.11056
0.110537
0.110514
0.110491
0.110469
0.110446
0.110423
0.1104
0.110377
0.110354
0.110331
0.110308
0.110285
0.110262
0.110239
0.110216
0.110193
0.11017
0.110147
0.110125
0.110102
0.110079
0.110056
0.110033
0.11001
0.109987
0.109964
0.109941
0.109918
0.109895
0.109872
0.109849
0.109827
0.109804
0.109781
0.109758
0.109735
0.109712
0.109689
0.109666
)
;

boundaryField
{
    inlet
    {
        type            calculated;
        value           uniform 0.15;
    }
    outlet
    {
        type            calculated;
        value           uniform 0.109666;
    }
    emptyWalls
    {
        type            empty;
    }
}


// ************************************************************************* //
