/*--------------------------------*- C++ -*----------------------------------*\
  =========                 |
  \\      /  F ield         | OpenFOAM: The Open Source CFD Toolbox
   \\    /   O peration     | Website:  https://openfoam.org
    \\  /    A nd           | Version:  9
     \\/     M anipulation  |
\*---------------------------------------------------------------------------*/
FoamFile
{
    format      ascii;
    class       volScalarField;
    location    "14.1";
    object      p;
}
// * * * * * * * * * * * * * * * * * * * * * * * * * * * * * * * * * * * * * //

dimensions      [0 0 0 0 0 0 0];

internalField   nonuniform List<scalar> 
1000
(
1.55217e+13
1.55117e+13
1.55018e+13
1.54919e+13
1.54819e+13
1.54719e+13
1.54619e+13
1.54519e+13
1.54418e+13
1.54318e+13
1.54217e+13
1.54116e+13
1.54015e+13
1.53914e+13
1.53813e+13
1.53711e+13
1.53609e+13
1.53507e+13
1.53405e+13
1.53303e+13
1.532e+13
1.53098e+13
1.52995e+13
1.52892e+13
1.52789e+13
1.52686e+13
1.52582e+13
1.52479e+13
1.52375e+13
1.52271e+13
1.52167e+13
1.52063e+13
1.51959e+13
1.51854e+13
1.51749e+13
1.51645e+13
1.5154e+13
1.51434e+13
1.51329e+13
1.51224e+13
1.51118e+13
1.51012e+13
1.50906e+13
1.508e+13
1.50694e+13
1.50588e+13
1.50481e+13
1.50374e+13
1.50267e+13
1.5016e+13
1.50053e+13
1.49946e+13
1.49838e+13
1.49731e+13
1.49623e+13
1.49515e+13
1.49407e+13
1.49299e+13
1.4919e+13
1.49082e+13
1.48973e+13
1.48864e+13
1.48755e+13
1.48646e+13
1.48537e+13
1.48428e+13
1.48318e+13
1.48208e+13
1.48098e+13
1.47988e+13
1.47878e+13
1.47768e+13
1.47658e+13
1.47547e+13
1.47436e+13
1.47325e+13
1.47214e+13
1.47103e+13
1.46992e+13
1.46881e+13
1.46769e+13
1.46657e+13
1.46545e+13
1.46433e+13
1.46321e+13
1.46209e+13
1.46096e+13
1.45984e+13
1.45871e+13
1.45758e+13
1.45645e+13
1.45532e+13
1.45419e+13
1.45305e+13
1.45192e+13
1.45078e+13
1.44964e+13
1.4485e+13
1.44736e+13
1.44622e+13
1.44508e+13
1.44393e+13
1.44278e+13
1.44164e+13
1.44049e+13
1.43934e+13
1.43818e+13
1.43703e+13
1.43587e+13
1.43472e+13
1.43356e+13
1.4324e+13
1.43124e+13
1.43008e+13
1.42892e+13
1.42775e+13
1.42659e+13
1.42542e+13
1.42425e+13
1.42308e+13
1.42191e+13
1.42074e+13
1.41957e+13
1.41839e+13
1.41721e+13
1.41604e+13
1.41486e+13
1.41368e+13
1.4125e+13
1.41131e+13
1.41013e+13
1.40894e+13
1.40776e+13
1.40657e+13
1.40538e+13
1.40419e+13
1.403e+13
1.4018e+13
1.40061e+13
1.39941e+13
1.39822e+13
1.39702e+13
1.39582e+13
1.39462e+13
1.39341e+13
1.39221e+13
1.39101e+13
1.3898e+13
1.38859e+13
1.38738e+13
1.38617e+13
1.38496e+13
1.38375e+13
1.38254e+13
1.38132e+13
1.3801e+13
1.37889e+13
1.37767e+13
1.37645e+13
1.37523e+13
1.374e+13
1.37278e+13
1.37155e+13
1.37033e+13
1.3691e+13
1.36787e+13
1.36664e+13
1.36541e+13
1.36418e+13
1.36294e+13
1.36171e+13
1.36047e+13
1.35924e+13
1.358e+13
1.35676e+13
1.35552e+13
1.35427e+13
1.35303e+13
1.35178e+13
1.35054e+13
1.34929e+13
1.34804e+13
1.34679e+13
1.34554e+13
1.34429e+13
1.34304e+13
1.34178e+13
1.34053e+13
1.33927e+13
1.33801e+13
1.33675e+13
1.33549e+13
1.33423e+13
1.33297e+13
1.3317e+13
1.33044e+13
1.32917e+13
1.3279e+13
1.32663e+13
1.32536e+13
1.32409e+13
1.32282e+13
1.32154e+13
1.32027e+13
1.31899e+13
1.31772e+13
1.31644e+13
1.31516e+13
1.31388e+13
1.3126e+13
1.31131e+13
1.31003e+13
1.30874e+13
1.30746e+13
1.30617e+13
1.30488e+13
1.30359e+13
1.3023e+13
1.301e+13
1.29971e+13
1.29842e+13
1.29712e+13
1.29582e+13
1.29452e+13
1.29323e+13
1.29192e+13
1.29062e+13
1.28932e+13
1.28802e+13
1.28671e+13
1.2854e+13
1.2841e+13
1.28279e+13
1.28148e+13
1.28017e+13
1.27885e+13
1.27754e+13
1.27623e+13
1.27491e+13
1.2736e+13
1.27228e+13
1.27096e+13
1.26964e+13
1.26832e+13
1.26699e+13
1.26567e+13
1.26435e+13
1.26302e+13
1.26169e+13
1.26037e+13
1.25904e+13
1.25771e+13
1.25638e+13
1.25504e+13
1.25371e+13
1.25238e+13
1.25104e+13
1.2497e+13
1.24836e+13
1.24703e+13
1.24568e+13
1.24434e+13
1.243e+13
1.24166e+13
1.24031e+13
1.23897e+13
1.23762e+13
1.23627e+13
1.23492e+13
1.23357e+13
1.23222e+13
1.23087e+13
1.22952e+13
1.22816e+13
1.22681e+13
1.22545e+13
1.22409e+13
1.22273e+13
1.22137e+13
1.22001e+13
1.21865e+13
1.21729e+13
1.21592e+13
1.21456e+13
1.21319e+13
1.21182e+13
1.21045e+13
1.20908e+13
1.20771e+13
1.20634e+13
1.20497e+13
1.20359e+13
1.20222e+13
1.20084e+13
1.19946e+13
1.19809e+13
1.19671e+13
1.19533e+13
1.19394e+13
1.19256e+13
1.19118e+13
1.18979e+13
1.18841e+13
1.18702e+13
1.18563e+13
1.18424e+13
1.18285e+13
1.18146e+13
1.18007e+13
1.17868e+13
1.17728e+13
1.17589e+13
1.17449e+13
1.17309e+13
1.17169e+13
1.17029e+13
1.16889e+13
1.16749e+13
1.16609e+13
1.16469e+13
1.16328e+13
1.16187e+13
1.16047e+13
1.15906e+13
1.15765e+13
1.15624e+13
1.15483e+13
1.15342e+13
1.152e+13
1.15059e+13
1.14917e+13
1.14776e+13
1.14634e+13
1.14492e+13
1.1435e+13
1.14208e+13
1.14066e+13
1.13924e+13
1.13782e+13
1.13639e+13
1.13496e+13
1.13354e+13
1.13211e+13
1.13068e+13
1.12925e+13
1.12782e+13
1.12639e+13
1.12496e+13
1.12352e+13
1.12209e+13
1.12065e+13
1.11922e+13
1.11778e+13
1.11634e+13
1.1149e+13
1.11346e+13
1.11202e+13
1.11057e+13
1.10913e+13
1.10768e+13
1.10624e+13
1.10479e+13
1.10334e+13
1.10189e+13
1.10044e+13
1.09899e+13
1.09754e+13
1.09609e+13
1.09463e+13
1.09318e+13
1.09172e+13
1.09027e+13
1.08881e+13
1.08735e+13
1.08589e+13
1.08443e+13
1.08297e+13
1.0815e+13
1.08004e+13
1.07857e+13
1.07711e+13
1.07564e+13
1.07417e+13
1.0727e+13
1.07123e+13
1.06976e+13
1.06829e+13
1.06682e+13
1.06534e+13
1.06387e+13
1.06239e+13
1.06091e+13
1.05944e+13
1.05796e+13
1.05648e+13
1.055e+13
1.05352e+13
1.05203e+13
1.05055e+13
1.04906e+13
1.04758e+13
1.04609e+13
1.0446e+13
1.04311e+13
1.04162e+13
1.04013e+13
1.03864e+13
1.03715e+13
1.03566e+13
1.03416e+13
1.03267e+13
1.03117e+13
1.02967e+13
1.02817e+13
1.02667e+13
1.02517e+13
1.02367e+13
1.02217e+13
1.02067e+13
1.01916e+13
1.01766e+13
1.01615e+13
1.01464e+13
1.01314e+13
1.01163e+13
1.01012e+13
1.00861e+13
1.00709e+13
1.00558e+13
1.00407e+13
1.00255e+13
1.00104e+13
9.9952e+12
9.98002e+12
9.96483e+12
9.94964e+12
9.93443e+12
9.91922e+12
9.90399e+12
9.88876e+12
9.87351e+12
9.85826e+12
9.843e+12
9.82773e+12
9.81244e+12
9.79715e+12
9.78185e+12
9.76654e+12
9.75122e+12
9.73589e+12
9.72055e+12
9.70521e+12
9.68985e+12
9.67448e+12
9.65911e+12
9.64372e+12
9.62833e+12
9.61292e+12
9.59751e+12
9.58208e+12
9.56665e+12
9.55121e+12
9.53576e+12
9.5203e+12
9.50483e+12
9.48935e+12
9.47386e+12
9.45836e+12
9.44285e+12
9.42734e+12
9.41181e+12
9.39628e+12
9.38073e+12
9.36518e+12
9.34961e+12
9.33404e+12
9.31846e+12
9.30287e+12
9.28727e+12
9.27166e+12
9.25604e+12
9.24041e+12
9.22477e+12
9.20913e+12
9.19347e+12
9.17781e+12
9.16213e+12
9.14645e+12
9.13076e+12
9.11505e+12
9.09934e+12
9.08362e+12
9.06789e+12
9.05216e+12
9.03641e+12
9.02065e+12
9.00489e+12
8.98911e+12
8.97333e+12
8.95753e+12
8.94173e+12
8.92592e+12
8.9101e+12
8.89427e+12
8.87843e+12
8.86258e+12
8.84672e+12
8.83086e+12
8.81498e+12
8.7991e+12
8.7832e+12
8.7673e+12
8.75139e+12
8.73547e+12
8.71954e+12
8.7036e+12
8.68765e+12
8.67169e+12
8.65573e+12
8.63975e+12
8.62377e+12
8.60777e+12
8.59177e+12
8.57576e+12
8.55974e+12
8.54371e+12
8.52767e+12
8.51163e+12
8.49557e+12
8.47951e+12
8.46343e+12
8.44735e+12
8.43126e+12
8.41516e+12
8.39905e+12
8.38293e+12
8.3668e+12
8.35066e+12
8.33452e+12
8.31836e+12
8.3022e+12
8.28603e+12
8.26985e+12
8.25366e+12
8.23746e+12
8.22125e+12
8.20503e+12
8.18881e+12
8.17257e+12
8.15633e+12
8.14008e+12
8.12382e+12
8.10755e+12
8.09127e+12
8.07498e+12
8.05868e+12
8.04238e+12
8.02606e+12
8.00974e+12
7.99341e+12
7.97707e+12
7.96072e+12
7.94436e+12
7.928e+12
7.91162e+12
7.89524e+12
7.87884e+12
7.86244e+12
7.84603e+12
7.82961e+12
7.81318e+12
7.79674e+12
7.7803e+12
7.76384e+12
7.74738e+12
7.73091e+12
7.71443e+12
7.69794e+12
7.68144e+12
7.66493e+12
7.64842e+12
7.63189e+12
7.61536e+12
7.59882e+12
7.58227e+12
7.56571e+12
7.54914e+12
7.53257e+12
7.51598e+12
7.49939e+12
7.48278e+12
7.46617e+12
7.44955e+12
7.43293e+12
7.41629e+12
7.39964e+12
7.38299e+12
7.36633e+12
7.34965e+12
7.33297e+12
7.31628e+12
7.29959e+12
7.28288e+12
7.26617e+12
7.24944e+12
7.23271e+12
7.21597e+12
7.19922e+12
7.18246e+12
7.1657e+12
7.14892e+12
7.13214e+12
7.11535e+12
7.09855e+12
7.08174e+12
7.06492e+12
7.0481e+12
7.03126e+12
7.01442e+12
6.99757e+12
6.98071e+12
6.96384e+12
6.94696e+12
6.93008e+12
6.91318e+12
6.89628e+12
6.87937e+12
6.86245e+12
6.84552e+12
6.82858e+12
6.81164e+12
6.79468e+12
6.77772e+12
6.76075e+12
6.74377e+12
6.72679e+12
6.70979e+12
6.69279e+12
6.67577e+12
6.65875e+12
6.64172e+12
6.62468e+12
6.60764e+12
6.59058e+12
6.57352e+12
6.55645e+12
6.53937e+12
6.52228e+12
6.50518e+12
6.48808e+12
6.47096e+12
6.45384e+12
6.43671e+12
6.41957e+12
6.40242e+12
6.38527e+12
6.3681e+12
6.35093e+12
6.33375e+12
6.31656e+12
6.29936e+12
6.28216e+12
6.26494e+12
6.24772e+12
6.23049e+12
6.21325e+12
6.196e+12
6.17875e+12
6.16148e+12
6.14421e+12
6.12693e+12
6.10964e+12
6.09234e+12
6.07504e+12
6.05772e+12
6.0404e+12
6.02307e+12
6.00573e+12
5.98838e+12
5.97103e+12
5.95366e+12
5.93629e+12
5.91891e+12
5.90152e+12
5.88413e+12
5.86672e+12
5.84931e+12
5.83189e+12
5.81446e+12
5.79702e+12
5.77957e+12
5.76212e+12
5.74465e+12
5.72718e+12
5.7097e+12
5.69222e+12
5.67472e+12
5.65722e+12
5.63971e+12
5.62218e+12
5.60466e+12
5.58712e+12
5.56958e+12
5.55202e+12
5.53446e+12
5.51689e+12
5.49931e+12
5.48173e+12
5.46413e+12
5.44653e+12
5.42892e+12
5.4113e+12
5.39368e+12
5.37604e+12
5.3584e+12
5.34075e+12
5.32309e+12
5.30542e+12
5.28775e+12
5.27006e+12
5.25237e+12
5.23467e+12
5.21696e+12
5.19925e+12
5.18152e+12
5.16379e+12
5.14605e+12
5.1283e+12
5.11055e+12
5.09278e+12
5.07501e+12
5.05723e+12
5.03944e+12
5.02164e+12
5.00384e+12
4.98602e+12
4.9682e+12
4.95037e+12
4.93254e+12
4.91469e+12
4.89684e+12
4.87898e+12
4.86111e+12
4.84323e+12
4.82534e+12
4.80745e+12
4.78955e+12
4.77164e+12
4.75372e+12
4.73579e+12
4.71786e+12
4.69992e+12
4.68197e+12
4.66401e+12
4.64605e+12
4.62807e+12
4.61009e+12
4.5921e+12
4.5741e+12
4.5561e+12
4.53808e+12
4.52006e+12
4.50203e+12
4.48399e+12
4.46595e+12
4.44789e+12
4.42983e+12
4.41176e+12
4.39369e+12
4.3756e+12
4.35751e+12
4.3394e+12
4.3213e+12
4.30318e+12
4.28505e+12
4.26692e+12
4.24878e+12
4.23063e+12
4.21247e+12
4.19431e+12
4.17613e+12
4.15795e+12
4.13976e+12
4.12157e+12
4.10336e+12
4.08515e+12
4.06693e+12
4.0487e+12
4.03047e+12
4.01222e+12
3.99397e+12
3.97571e+12
3.95744e+12
3.93917e+12
3.92088e+12
3.90259e+12
3.88429e+12
3.86598e+12
3.84767e+12
3.82935e+12
3.81102e+12
3.79268e+12
3.77433e+12
3.75598e+12
3.73761e+12
3.71924e+12
3.70087e+12
3.68248e+12
3.66409e+12
3.64569e+12
3.62728e+12
3.60886e+12
3.59043e+12
3.572e+12
3.55356e+12
3.53511e+12
3.51666e+12
3.49819e+12
3.47972e+12
3.46124e+12
3.44275e+12
3.42426e+12
3.40576e+12
3.38724e+12
3.36873e+12
3.3502e+12
3.33167e+12
3.31312e+12
3.29457e+12
3.27602e+12
3.25745e+12
3.23888e+12
3.2203e+12
3.20171e+12
3.18311e+12
3.16451e+12
3.1459e+12
3.12728e+12
3.10865e+12
3.09001e+12
3.07137e+12
3.05272e+12
3.03406e+12
3.01539e+12
2.99672e+12
2.97804e+12
2.95935e+12
2.94065e+12
2.92195e+12
2.90323e+12
2.88451e+12
2.86579e+12
2.84705e+12
2.82831e+12
2.80956e+12
2.7908e+12
2.77203e+12
2.75326e+12
2.73447e+12
2.71568e+12
2.69689e+12
2.67808e+12
2.65927e+12
2.64045e+12
2.62162e+12
2.60278e+12
2.58394e+12
2.56509e+12
2.54623e+12
2.52736e+12
2.50849e+12
2.48961e+12
2.47072e+12
2.45182e+12
2.43291e+12
2.414e+12
2.39508e+12
2.37615e+12
2.35722e+12
2.33827e+12
2.31932e+12
2.30036e+12
2.2814e+12
2.26242e+12
2.24344e+12
2.22445e+12
2.20545e+12
2.18645e+12
2.16744e+12
2.14842e+12
2.12939e+12
2.11036e+12
2.09131e+12
2.07226e+12
2.0532e+12
2.03414e+12
2.01506e+12
1.99598e+12
1.9769e+12
1.9578e+12
1.9387e+12
1.91958e+12
1.90046e+12
1.88134e+12
1.8622e+12
1.84306e+12
1.82391e+12
1.80476e+12
1.78559e+12
1.76642e+12
1.74724e+12
1.72805e+12
1.70886e+12
1.68965e+12
1.67044e+12
1.65123e+12
1.632e+12
1.61277e+12
1.59353e+12
1.57428e+12
1.55502e+12
1.53576e+12
1.51649e+12
1.49721e+12
1.47792e+12
1.45863e+12
1.43933e+12
1.42002e+12
1.4007e+12
1.38138e+12
1.36205e+12
1.34271e+12
1.32336e+12
1.30401e+12
1.28465e+12
1.26528e+12
1.2459e+12
1.22652e+12
1.20712e+12
1.18773e+12
1.16832e+12
1.1489e+12
1.12948e+12
1.11005e+12
1.09061e+12
1.07117e+12
1.05172e+12
1.03226e+12
1.01279e+12
9.93314e+11
9.73832e+11
9.54341e+11
9.34844e+11
9.15338e+11
8.95826e+11
8.76305e+11
8.56777e+11
8.37242e+11
8.17699e+11
7.98148e+11
7.7859e+11
7.59024e+11
7.39451e+11
7.1987e+11
7.00282e+11
6.80686e+11
6.61083e+11
6.41472e+11
6.21853e+11
6.02227e+11
5.82594e+11
5.62953e+11
5.43304e+11
5.23648e+11
5.03984e+11
4.84313e+11
4.64634e+11
4.44947e+11
4.25253e+11
4.05552e+11
3.85842e+11
3.66126e+11
3.46401e+11
3.2667e+11
3.0693e+11
2.87183e+11
2.67429e+11
2.47667e+11
2.27897e+11
2.0812e+11
1.88335e+11
1.68543e+11
1.48743e+11
1.28935e+11
1.0912e+11
8.92973e+10
6.94669e+10
4.9629e+10
2.97835e+10
9.93037e+09
)
;

boundaryField
{
    inlet
    {
        type            darcyGradPressure_G;
        gradient        uniform 3.23949e+11;
        Mf              Mf;
        phi             phi;
        phiG            phiG;
        value           uniform 1.55266e+13;
    }
    outlet
    {
        type            fixedValue;
        value           uniform 0;
    }
    emptyWalls
    {
        type            empty;
    }
}


// ************************************************************************* //
