/*--------------------------------*- C++ -*----------------------------------*\
  =========                 |
  \\      /  F ield         | OpenFOAM: The Open Source CFD Toolbox
   \\    /   O peration     | Website:  https://openfoam.org
    \\  /    A nd           | Version:  9
     \\/     M anipulation  |
\*---------------------------------------------------------------------------*/
FoamFile
{
    format      ascii;
    class       surfaceScalarField;
    location    "15.7";
    object      phia;
}
// * * * * * * * * * * * * * * * * * * * * * * * * * * * * * * * * * * * * * //

dimensions      [0 2 0 0 0 0 0];

internalField   nonuniform List<scalar> 
999
(
0.709421
0.709421
0.70942
0.709419
0.709419
0.709418
0.709417
0.709416
0.709415
0.709414
0.709412
0.709411
0.709409
0.709407
0.709406
0.709404
0.709402
0.7094
0.709398
0.709395
0.709393
0.709391
0.709388
0.709385
0.709383
0.70938
0.709377
0.709374
0.709371
0.709368
0.709365
0.709361
0.709358
0.709354
0.709351
0.709347
0.709343
0.70934
0.709336
0.709332
0.709328
0.709323
0.709319
0.709315
0.709311
0.709306
0.709302
0.709297
0.709292
0.709288
0.709283
0.709278
0.709273
0.709268
0.709263
0.709258
0.709253
0.709247
0.709242
0.709236
0.709231
0.709225
0.70922
0.709214
0.709208
0.709202
0.709196
0.709191
0.709185
0.709178
0.709172
0.709166
0.70916
0.709153
0.709147
0.709141
0.709134
0.709128
0.709121
0.709114
0.709107
0.709101
0.709094
0.709087
0.70908
0.709073
0.709066
0.709059
0.709051
0.709044
0.709037
0.709029
0.709022
0.709014
0.709007
0.708999
0.708992
0.708984
0.708976
0.708969
0.708961
0.708953
0.708945
0.708937
0.708929
0.708921
0.708913
0.708904
0.708896
0.708888
0.70888
0.708871
0.708863
0.708854
0.708846
0.708837
0.708829
0.70882
0.708811
0.708802
0.708794
0.708785
0.708776
0.708767
0.708758
0.708749
0.70874
0.708731
0.708722
0.708712
0.708703
0.708694
0.708685
0.708675
0.708666
0.708656
0.708647
0.708637
0.708628
0.708618
0.708608
0.708599
0.708589
0.708579
0.708569
0.70856
0.70855
0.70854
0.70853
0.70852
0.70851
0.7085
0.70849
0.708479
0.708469
0.708459
0.708449
0.708438
0.708428
0.708418
0.708407
0.708397
0.708386
0.708376
0.708365
0.708355
0.708344
0.708333
0.708323
0.708312
0.708301
0.70829
0.70828
0.708269
0.708258
0.708247
0.708236
0.708225
0.708214
0.708203
0.708192
0.708181
0.70817
0.708158
0.708147
0.708136
0.708125
0.708113
0.708102
0.708091
0.708079
0.708068
0.708056
0.708045
0.708033
0.708022
0.70801
0.707998
0.707987
0.707975
0.707963
0.707952
0.70794
0.707928
0.707916
0.707904
0.707892
0.707881
0.707869
0.707857
0.707845
0.707833
0.707821
0.707808
0.707796
0.707784
0.707772
0.70776
0.707748
0.707735
0.707723
0.707711
0.707698
0.707686
0.707674
0.707661
0.707649
0.707636
0.707624
0.707611
0.707599
0.707586
0.707574
0.707561
0.707548
0.707536
0.707523
0.70751
0.707498
0.707485
0.707472
0.707459
0.707447
0.707434
0.707421
0.707408
0.707395
0.707382
0.707369
0.707356
0.707343
0.70733
0.707317
0.707304
0.707291
0.707277
0.707264
0.707251
0.707238
0.707225
0.707211
0.707198
0.707185
0.707172
0.707158
0.707145
0.707131
0.707118
0.707105
0.707091
0.707078
0.707064
0.707051
0.707037
0.707024
0.70701
0.706996
0.706983
0.706969
0.706955
0.706942
0.706928
0.706914
0.706901
0.706887
0.706873
0.706859
0.706845
0.706831
0.706818
0.706804
0.70679
0.706776
0.706762
0.706748
0.706734
0.70672
0.706706
0.706692
0.706678
0.706664
0.70665
0.706636
0.706621
0.706607
0.706593
0.706579
0.706565
0.70655
0.706536
0.706522
0.706508
0.706493
0.706479
0.706465
0.70645
0.706436
0.706421
0.706407
0.706393
0.706378
0.706364
0.706349
0.706335
0.70632
0.706306
0.706291
0.706276
0.706262
0.706247
0.706233
0.706218
0.706203
0.706189
0.706174
0.706159
0.706144
0.70613
0.706115
0.7061
0.706085
0.706071
0.706056
0.706041
0.706026
0.706011
0.705996
0.705981
0.705966
0.705951
0.705936
0.705922
0.705907
0.705892
0.705876
0.705861
0.705846
0.705831
0.705816
0.705801
0.705786
0.705771
0.705756
0.705741
0.705725
0.70571
0.705695
0.70568
0.705665
0.705649
0.705634
0.705619
0.705603
0.705588
0.705573
0.705557
0.705542
0.705527
0.705511
0.705496
0.705481
0.705465
0.70545
0.705434
0.705419
0.705403
0.705388
0.705372
0.705357
0.705341
0.705326
0.70531
0.705294
0.705279
0.705263
0.705248
0.705232
0.705216
0.705201
0.705185
0.705169
0.705154
0.705138
0.705122
0.705106
0.705091
0.705075
0.705059
0.705043
0.705027
0.705012
0.704996
0.70498
0.704964
0.704948
0.704932
0.704916
0.7049
0.704885
0.704869
0.704853
0.704837
0.704821
0.704805
0.704789
0.704773
0.704757
0.704741
0.704725
0.704708
0.704692
0.704676
0.70466
0.704644
0.704628
0.704612
0.704596
0.704579
0.704563
0.704547
0.704531
0.704515
0.704498
0.704482
0.704466
0.70445
0.704433
0.704417
0.704401
0.704385
0.704368
0.704352
0.704336
0.704319
0.704303
0.704286
0.70427
0.704254
0.704237
0.704221
0.704204
0.704188
0.704172
0.704155
0.704139
0.704122
0.704106
0.704089
0.704073
0.704056
0.704039
0.704023
0.704006
0.70399
0.703973
0.703957
0.70394
0.703923
0.703907
0.70389
0.703873
0.703857
0.70384
0.703823
0.703807
0.70379
0.703773
0.703757
0.70374
0.703723
0.703706
0.70369
0.703673
0.703656
0.703639
0.703622
0.703606
0.703589
0.703572
0.703555
0.703538
0.703521
0.703504
0.703488
0.703471
0.703454
0.703437
0.70342
0.703403
0.703386
0.703369
0.703352
0.703335
0.703318
0.703301
0.703284
0.703267
0.70325
0.703233
0.703216
0.703199
0.703182
0.703165
0.703148
0.703131
0.703114
0.703096
0.703079
0.703062
0.703045
0.703028
0.703011
0.702994
0.702976
0.702959
0.702942
0.702925
0.702908
0.70289
0.702873
0.702856
0.702839
0.702821
0.702804
0.702787
0.70277
0.702752
0.702735
0.702718
0.7027
0.702683
0.702666
0.702648
0.702631
0.702614
0.702596
0.702579
0.702561
0.702544
0.702527
0.702509
0.702492
0.702474
0.702457
0.702439
0.702422
0.702404
0.702387
0.702369
0.702352
0.702334
0.702317
0.702299
0.702282
0.702264
0.702247
0.702229
0.702212
0.702194
0.702177
0.702159
0.702141
0.702124
0.702106
0.702089
0.702071
0.702053
0.702036
0.702018
0.702
0.701983
0.701965
0.701947
0.70193
0.701912
0.701894
0.701876
0.701859
0.701841
0.701823
0.701805
0.701788
0.70177
0.701752
0.701734
0.701717
0.701699
0.701681
0.701663
0.701645
0.701628
0.70161
0.701592
0.701574
0.701556
0.701538
0.70152
0.701503
0.701485
0.701467
0.701449
0.701431
0.701413
0.701395
0.701377
0.701359
0.701341
0.701323
0.701305
0.701287
0.701269
0.701251
0.701233
0.701215
0.701197
0.701179
0.701161
0.701143
0.701125
0.701107
0.701089
0.701071
0.701053
0.701035
0.701017
0.700999
0.700981
0.700963
0.700945
0.700926
0.700908
0.70089
0.700872
0.700854
0.700836
0.700818
0.700799
0.700781
0.700763
0.700745
0.700727
0.700709
0.70069
0.700672
0.700654
0.700636
0.700617
0.700599
0.700581
0.700563
0.700544
0.700526
0.700508
0.70049
0.700471
0.700453
0.700435
0.700416
0.700398
0.70038
0.700361
0.700343
0.700325
0.700306
0.700288
0.70027
0.700251
0.700233
0.700215
0.700196
0.700178
0.700159
0.700141
0.700123
0.700104
0.700086
0.700067
0.700049
0.70003
0.700012
0.699993
0.699975
0.699957
0.699938
0.69992
0.699901
0.699883
0.699864
0.699846
0.699827
0.699808
0.69979
0.699771
0.699753
0.699734
0.699716
0.699697
0.699679
0.69966
0.699641
0.699623
0.699604
0.699586
0.699567
0.699548
0.69953
0.699511
0.699493
0.699474
0.699455
0.699437
0.699418
0.699399
0.699381
0.699362
0.699343
0.699325
0.699306
0.699287
0.699269
0.69925
0.699231
0.699212
0.699194
0.699175
0.699156
0.699138
0.699119
0.6991
0.699081
0.699062
0.699044
0.699025
0.699006
0.698987
0.698969
0.69895
0.698931
0.698912
0.698893
0.698874
0.698856
0.698837
0.698818
0.698799
0.69878
0.698761
0.698743
0.698724
0.698705
0.698686
0.698667
0.698648
0.698629
0.69861
0.698591
0.698572
0.698554
0.698535
0.698516
0.698497
0.698478
0.698459
0.69844
0.698421
0.698402
0.698383
0.698364
0.698345
0.698326
0.698307
0.698288
0.698269
0.69825
0.698231
0.698212
0.698193
0.698174
0.698155
0.698136
0.698117
0.698098
0.698079
0.698059
0.69804
0.698021
0.698002
0.697983
0.697964
0.697945
0.697926
0.697907
0.697888
0.697868
0.697849
0.69783
0.697811
0.697792
0.697773
0.697754
0.697734
0.697715
0.697696
0.697677
0.697658
0.697639
0.697619
0.6976
0.697581
0.697562
0.697543
0.697523
0.697504
0.697485
0.697466
0.697446
0.697427
0.697408
0.697389
0.697369
0.69735
0.697331
0.697312
0.697292
0.697273
0.697254
0.697234
0.697215
0.697196
0.697176
0.697157
0.697138
0.697118
0.697099
0.69708
0.69706
0.697041
0.697022
0.697002
0.696983
0.696964
0.696944
0.696925
0.696905
0.696886
0.696867
0.696847
0.696828
0.696808
0.696789
0.69677
0.69675
0.696731
0.696711
0.696692
0.696672
0.696653
0.696633
0.696614
0.696595
0.696575
0.696556
0.696536
0.696517
0.696497
0.696478
0.696458
0.696439
0.696419
0.6964
0.69638
0.69636
0.696341
0.696321
0.696302
0.696282
0.696263
0.696243
0.696224
0.696204
0.696184
0.696165
0.696145
0.696126
0.696106
0.696086
0.696067
0.696047
0.696028
0.696008
0.695988
0.695969
0.695949
0.695929
0.69591
0.69589
0.69587
0.695851
0.695831
0.695811
0.695792
0.695772
0.695752
0.695733
0.695713
0.695693
0.695674
0.695654
0.695634
0.695614
0.695595
0.695575
0.695555
0.695535
0.695516
0.695496
0.695476
0.695456
0.695437
0.695417
0.695397
0.695377
0.695358
0.695338
0.695318
0.695298
0.695278
0.695258
0.695239
0.695219
0.695199
0.695179
0.695159
0.695139
0.69512
0.6951
0.69508
0.69506
0.69504
0.69502
0.695
0.69498
0.694961
0.694941
0.694921
0.694901
0.694881
0.694861
0.694841
0.694821
0.694801
0.694781
0.694761
0.694741
0.694721
0.694701
0.694681
0.694661
0.694641
0.694621
0.694601
0.694581
0.694561
0.694541
0.694521
0.694501
0.694481
0.694461
0.694441
0.694421
0.694401
0.694381
0.694361
0.694341
0.694321
0.694301
0.694281
0.694261
0.694241
)
;

boundaryField
{
    inlet
    {
        type            calculated;
        value           uniform -0.709421;
    }
    outlet
    {
        type            calculated;
        value           uniform 0.69422;
    }
    emptyWalls
    {
        type            empty;
        value           nonuniform List<scalar> 0();
    }
}


// ************************************************************************* //
