/*--------------------------------*- C++ -*----------------------------------*\
  =========                 |
  \\      /  F ield         | OpenFOAM: The Open Source CFD Toolbox
   \\    /   O peration     | Website:  https://openfoam.org
    \\  /    A nd           | Version:  9
     \\/     M anipulation  |
\*---------------------------------------------------------------------------*/
FoamFile
{
    format      ascii;
    class       volVectorField;
    location    "15.7";
    object      Ua;
}
// * * * * * * * * * * * * * * * * * * * * * * * * * * * * * * * * * * * * * //

dimensions      [0 0 0 0 0 0 0];

internalField   nonuniform List<vector> 
1000
(
(0.709421 0 0)
(0.709421 0 0)
(0.70942 0 0)
(0.70942 0 0)
(0.709419 0 0)
(0.709418 0 0)
(0.709417 0 0)
(0.709416 0 0)
(0.709415 0 0)
(0.709414 0 0)
(0.709413 0 0)
(0.709411 0 0)
(0.70941 0 0)
(0.709408 0 0)
(0.709407 0 0)
(0.709405 0 0)
(0.709403 0 0)
(0.709401 0 0)
(0.709399 0 0)
(0.709396 0 0)
(0.709394 0 0)
(0.709392 0 0)
(0.709389 0 0)
(0.709387 0 0)
(0.709384 0 0)
(0.709381 0 0)
(0.709378 0 0)
(0.709375 0 0)
(0.709372 0 0)
(0.709369 0 0)
(0.709366 0 0)
(0.709363 0 0)
(0.70936 0 0)
(0.709356 0 0)
(0.709353 0 0)
(0.709349 0 0)
(0.709345 0 0)
(0.709341 0 0)
(0.709338 0 0)
(0.709334 0 0)
(0.70933 0 0)
(0.709326 0 0)
(0.709321 0 0)
(0.709317 0 0)
(0.709313 0 0)
(0.709308 0 0)
(0.709304 0 0)
(0.709299 0 0)
(0.709295 0 0)
(0.70929 0 0)
(0.709285 0 0)
(0.70928 0 0)
(0.709276 0 0)
(0.709271 0 0)
(0.709265 0 0)
(0.70926 0 0)
(0.709255 0 0)
(0.70925 0 0)
(0.709245 0 0)
(0.709239 0 0)
(0.709234 0 0)
(0.709228 0 0)
(0.709223 0 0)
(0.709217 0 0)
(0.709211 0 0)
(0.709205 0 0)
(0.709199 0 0)
(0.709194 0 0)
(0.709188 0 0)
(0.709181 0 0)
(0.709175 0 0)
(0.709169 0 0)
(0.709163 0 0)
(0.709157 0 0)
(0.70915 0 0)
(0.709144 0 0)
(0.709137 0 0)
(0.709131 0 0)
(0.709124 0 0)
(0.709118 0 0)
(0.709111 0 0)
(0.709104 0 0)
(0.709097 0 0)
(0.70909 0 0)
(0.709083 0 0)
(0.709076 0 0)
(0.709069 0 0)
(0.709062 0 0)
(0.709055 0 0)
(0.709048 0 0)
(0.70904 0 0)
(0.709033 0 0)
(0.709026 0 0)
(0.709018 0 0)
(0.709011 0 0)
(0.709003 0 0)
(0.708996 0 0)
(0.708988 0 0)
(0.70898 0 0)
(0.708972 0 0)
(0.708965 0 0)
(0.708957 0 0)
(0.708949 0 0)
(0.708941 0 0)
(0.708933 0 0)
(0.708925 0 0)
(0.708917 0 0)
(0.708908 0 0)
(0.7089 0 0)
(0.708892 0 0)
(0.708884 0 0)
(0.708875 0 0)
(0.708867 0 0)
(0.708858 0 0)
(0.70885 0 0)
(0.708841 0 0)
(0.708833 0 0)
(0.708824 0 0)
(0.708815 0 0)
(0.708807 0 0)
(0.708798 0 0)
(0.708789 0 0)
(0.70878 0 0)
(0.708771 0 0)
(0.708762 0 0)
(0.708753 0 0)
(0.708744 0 0)
(0.708735 0 0)
(0.708726 0 0)
(0.708717 0 0)
(0.708708 0 0)
(0.708699 0 0)
(0.708689 0 0)
(0.70868 0 0)
(0.70867 0 0)
(0.708661 0 0)
(0.708652 0 0)
(0.708642 0 0)
(0.708633 0 0)
(0.708623 0 0)
(0.708613 0 0)
(0.708604 0 0)
(0.708594 0 0)
(0.708584 0 0)
(0.708574 0 0)
(0.708565 0 0)
(0.708555 0 0)
(0.708545 0 0)
(0.708535 0 0)
(0.708525 0 0)
(0.708515 0 0)
(0.708505 0 0)
(0.708495 0 0)
(0.708485 0 0)
(0.708474 0 0)
(0.708464 0 0)
(0.708454 0 0)
(0.708444 0 0)
(0.708433 0 0)
(0.708423 0 0)
(0.708413 0 0)
(0.708402 0 0)
(0.708392 0 0)
(0.708381 0 0)
(0.708371 0 0)
(0.70836 0 0)
(0.708349 0 0)
(0.708339 0 0)
(0.708328 0 0)
(0.708317 0 0)
(0.708307 0 0)
(0.708296 0 0)
(0.708285 0 0)
(0.708274 0 0)
(0.708263 0 0)
(0.708252 0 0)
(0.708241 0 0)
(0.70823 0 0)
(0.708219 0 0)
(0.708208 0 0)
(0.708197 0 0)
(0.708186 0 0)
(0.708175 0 0)
(0.708164 0 0)
(0.708153 0 0)
(0.708141 0 0)
(0.70813 0 0)
(0.708119 0 0)
(0.708108 0 0)
(0.708096 0 0)
(0.708085 0 0)
(0.708073 0 0)
(0.708062 0 0)
(0.70805 0 0)
(0.708039 0 0)
(0.708027 0 0)
(0.708016 0 0)
(0.708004 0 0)
(0.707993 0 0)
(0.707981 0 0)
(0.707969 0 0)
(0.707957 0 0)
(0.707946 0 0)
(0.707934 0 0)
(0.707922 0 0)
(0.70791 0 0)
(0.707898 0 0)
(0.707886 0 0)
(0.707875 0 0)
(0.707863 0 0)
(0.707851 0 0)
(0.707839 0 0)
(0.707827 0 0)
(0.707814 0 0)
(0.707802 0 0)
(0.70779 0 0)
(0.707778 0 0)
(0.707766 0 0)
(0.707754 0 0)
(0.707741 0 0)
(0.707729 0 0)
(0.707717 0 0)
(0.707705 0 0)
(0.707692 0 0)
(0.70768 0 0)
(0.707668 0 0)
(0.707655 0 0)
(0.707643 0 0)
(0.70763 0 0)
(0.707618 0 0)
(0.707605 0 0)
(0.707593 0 0)
(0.70758 0 0)
(0.707567 0 0)
(0.707555 0 0)
(0.707542 0 0)
(0.707529 0 0)
(0.707517 0 0)
(0.707504 0 0)
(0.707491 0 0)
(0.707479 0 0)
(0.707466 0 0)
(0.707453 0 0)
(0.70744 0 0)
(0.707427 0 0)
(0.707414 0 0)
(0.707401 0 0)
(0.707388 0 0)
(0.707375 0 0)
(0.707362 0 0)
(0.707349 0 0)
(0.707336 0 0)
(0.707323 0 0)
(0.70731 0 0)
(0.707297 0 0)
(0.707284 0 0)
(0.707271 0 0)
(0.707258 0 0)
(0.707245 0 0)
(0.707231 0 0)
(0.707218 0 0)
(0.707205 0 0)
(0.707191 0 0)
(0.707178 0 0)
(0.707165 0 0)
(0.707151 0 0)
(0.707138 0 0)
(0.707125 0 0)
(0.707111 0 0)
(0.707098 0 0)
(0.707084 0 0)
(0.707071 0 0)
(0.707057 0 0)
(0.707044 0 0)
(0.70703 0 0)
(0.707017 0 0)
(0.707003 0 0)
(0.70699 0 0)
(0.706976 0 0)
(0.706962 0 0)
(0.706949 0 0)
(0.706935 0 0)
(0.706921 0 0)
(0.706907 0 0)
(0.706894 0 0)
(0.70688 0 0)
(0.706866 0 0)
(0.706852 0 0)
(0.706838 0 0)
(0.706825 0 0)
(0.706811 0 0)
(0.706797 0 0)
(0.706783 0 0)
(0.706769 0 0)
(0.706755 0 0)
(0.706741 0 0)
(0.706727 0 0)
(0.706713 0 0)
(0.706699 0 0)
(0.706685 0 0)
(0.706671 0 0)
(0.706657 0 0)
(0.706643 0 0)
(0.706628 0 0)
(0.706614 0 0)
(0.7066 0 0)
(0.706586 0 0)
(0.706572 0 0)
(0.706557 0 0)
(0.706543 0 0)
(0.706529 0 0)
(0.706515 0 0)
(0.7065 0 0)
(0.706486 0 0)
(0.706472 0 0)
(0.706457 0 0)
(0.706443 0 0)
(0.706429 0 0)
(0.706414 0 0)
(0.7064 0 0)
(0.706385 0 0)
(0.706371 0 0)
(0.706356 0 0)
(0.706342 0 0)
(0.706327 0 0)
(0.706313 0 0)
(0.706298 0 0)
(0.706284 0 0)
(0.706269 0 0)
(0.706255 0 0)
(0.70624 0 0)
(0.706225 0 0)
(0.706211 0 0)
(0.706196 0 0)
(0.706181 0 0)
(0.706167 0 0)
(0.706152 0 0)
(0.706137 0 0)
(0.706122 0 0)
(0.706108 0 0)
(0.706093 0 0)
(0.706078 0 0)
(0.706063 0 0)
(0.706048 0 0)
(0.706033 0 0)
(0.706019 0 0)
(0.706004 0 0)
(0.705989 0 0)
(0.705974 0 0)
(0.705959 0 0)
(0.705944 0 0)
(0.705929 0 0)
(0.705914 0 0)
(0.705899 0 0)
(0.705884 0 0)
(0.705869 0 0)
(0.705854 0 0)
(0.705839 0 0)
(0.705824 0 0)
(0.705809 0 0)
(0.705794 0 0)
(0.705778 0 0)
(0.705763 0 0)
(0.705748 0 0)
(0.705733 0 0)
(0.705718 0 0)
(0.705703 0 0)
(0.705687 0 0)
(0.705672 0 0)
(0.705657 0 0)
(0.705642 0 0)
(0.705626 0 0)
(0.705611 0 0)
(0.705596 0 0)
(0.70558 0 0)
(0.705565 0 0)
(0.70555 0 0)
(0.705534 0 0)
(0.705519 0 0)
(0.705504 0 0)
(0.705488 0 0)
(0.705473 0 0)
(0.705457 0 0)
(0.705442 0 0)
(0.705426 0 0)
(0.705411 0 0)
(0.705395 0 0)
(0.70538 0 0)
(0.705364 0 0)
(0.705349 0 0)
(0.705333 0 0)
(0.705318 0 0)
(0.705302 0 0)
(0.705287 0 0)
(0.705271 0 0)
(0.705255 0 0)
(0.70524 0 0)
(0.705224 0 0)
(0.705208 0 0)
(0.705193 0 0)
(0.705177 0 0)
(0.705161 0 0)
(0.705146 0 0)
(0.70513 0 0)
(0.705114 0 0)
(0.705098 0 0)
(0.705083 0 0)
(0.705067 0 0)
(0.705051 0 0)
(0.705035 0 0)
(0.70502 0 0)
(0.705004 0 0)
(0.704988 0 0)
(0.704972 0 0)
(0.704956 0 0)
(0.70494 0 0)
(0.704924 0 0)
(0.704908 0 0)
(0.704892 0 0)
(0.704877 0 0)
(0.704861 0 0)
(0.704845 0 0)
(0.704829 0 0)
(0.704813 0 0)
(0.704797 0 0)
(0.704781 0 0)
(0.704765 0 0)
(0.704749 0 0)
(0.704733 0 0)
(0.704716 0 0)
(0.7047 0 0)
(0.704684 0 0)
(0.704668 0 0)
(0.704652 0 0)
(0.704636 0 0)
(0.70462 0 0)
(0.704604 0 0)
(0.704588 0 0)
(0.704571 0 0)
(0.704555 0 0)
(0.704539 0 0)
(0.704523 0 0)
(0.704507 0 0)
(0.70449 0 0)
(0.704474 0 0)
(0.704458 0 0)
(0.704442 0 0)
(0.704425 0 0)
(0.704409 0 0)
(0.704393 0 0)
(0.704376 0 0)
(0.70436 0 0)
(0.704344 0 0)
(0.704327 0 0)
(0.704311 0 0)
(0.704295 0 0)
(0.704278 0 0)
(0.704262 0 0)
(0.704245 0 0)
(0.704229 0 0)
(0.704213 0 0)
(0.704196 0 0)
(0.70418 0 0)
(0.704163 0 0)
(0.704147 0 0)
(0.70413 0 0)
(0.704114 0 0)
(0.704097 0 0)
(0.704081 0 0)
(0.704064 0 0)
(0.704048 0 0)
(0.704031 0 0)
(0.704015 0 0)
(0.703998 0 0)
(0.703981 0 0)
(0.703965 0 0)
(0.703948 0 0)
(0.703932 0 0)
(0.703915 0 0)
(0.703898 0 0)
(0.703882 0 0)
(0.703865 0 0)
(0.703848 0 0)
(0.703832 0 0)
(0.703815 0 0)
(0.703798 0 0)
(0.703782 0 0)
(0.703765 0 0)
(0.703748 0 0)
(0.703731 0 0)
(0.703715 0 0)
(0.703698 0 0)
(0.703681 0 0)
(0.703664 0 0)
(0.703648 0 0)
(0.703631 0 0)
(0.703614 0 0)
(0.703597 0 0)
(0.70358 0 0)
(0.703563 0 0)
(0.703547 0 0)
(0.70353 0 0)
(0.703513 0 0)
(0.703496 0 0)
(0.703479 0 0)
(0.703462 0 0)
(0.703445 0 0)
(0.703428 0 0)
(0.703411 0 0)
(0.703394 0 0)
(0.703378 0 0)
(0.703361 0 0)
(0.703344 0 0)
(0.703327 0 0)
(0.70331 0 0)
(0.703293 0 0)
(0.703276 0 0)
(0.703259 0 0)
(0.703242 0 0)
(0.703225 0 0)
(0.703207 0 0)
(0.70319 0 0)
(0.703173 0 0)
(0.703156 0 0)
(0.703139 0 0)
(0.703122 0 0)
(0.703105 0 0)
(0.703088 0 0)
(0.703071 0 0)
(0.703054 0 0)
(0.703036 0 0)
(0.703019 0 0)
(0.703002 0 0)
(0.702985 0 0)
(0.702968 0 0)
(0.702951 0 0)
(0.702933 0 0)
(0.702916 0 0)
(0.702899 0 0)
(0.702882 0 0)
(0.702864 0 0)
(0.702847 0 0)
(0.70283 0 0)
(0.702813 0 0)
(0.702795 0 0)
(0.702778 0 0)
(0.702761 0 0)
(0.702744 0 0)
(0.702726 0 0)
(0.702709 0 0)
(0.702692 0 0)
(0.702674 0 0)
(0.702657 0 0)
(0.70264 0 0)
(0.702622 0 0)
(0.702605 0 0)
(0.702587 0 0)
(0.70257 0 0)
(0.702553 0 0)
(0.702535 0 0)
(0.702518 0 0)
(0.7025 0 0)
(0.702483 0 0)
(0.702466 0 0)
(0.702448 0 0)
(0.702431 0 0)
(0.702413 0 0)
(0.702396 0 0)
(0.702378 0 0)
(0.702361 0 0)
(0.702343 0 0)
(0.702326 0 0)
(0.702308 0 0)
(0.702291 0 0)
(0.702273 0 0)
(0.702256 0 0)
(0.702238 0 0)
(0.70222 0 0)
(0.702203 0 0)
(0.702185 0 0)
(0.702168 0 0)
(0.70215 0 0)
(0.702133 0 0)
(0.702115 0 0)
(0.702097 0 0)
(0.70208 0 0)
(0.702062 0 0)
(0.702044 0 0)
(0.702027 0 0)
(0.702009 0 0)
(0.701991 0 0)
(0.701974 0 0)
(0.701956 0 0)
(0.701938 0 0)
(0.701921 0 0)
(0.701903 0 0)
(0.701885 0 0)
(0.701868 0 0)
(0.70185 0 0)
(0.701832 0 0)
(0.701814 0 0)
(0.701797 0 0)
(0.701779 0 0)
(0.701761 0 0)
(0.701743 0 0)
(0.701726 0 0)
(0.701708 0 0)
(0.70169 0 0)
(0.701672 0 0)
(0.701654 0 0)
(0.701636 0 0)
(0.701619 0 0)
(0.701601 0 0)
(0.701583 0 0)
(0.701565 0 0)
(0.701547 0 0)
(0.701529 0 0)
(0.701512 0 0)
(0.701494 0 0)
(0.701476 0 0)
(0.701458 0 0)
(0.70144 0 0)
(0.701422 0 0)
(0.701404 0 0)
(0.701386 0 0)
(0.701368 0 0)
(0.70135 0 0)
(0.701332 0 0)
(0.701314 0 0)
(0.701296 0 0)
(0.701278 0 0)
(0.70126 0 0)
(0.701242 0 0)
(0.701224 0 0)
(0.701206 0 0)
(0.701188 0 0)
(0.70117 0 0)
(0.701152 0 0)
(0.701134 0 0)
(0.701116 0 0)
(0.701098 0 0)
(0.70108 0 0)
(0.701062 0 0)
(0.701044 0 0)
(0.701026 0 0)
(0.701008 0 0)
(0.70099 0 0)
(0.700972 0 0)
(0.700954 0 0)
(0.700936 0 0)
(0.700917 0 0)
(0.700899 0 0)
(0.700881 0 0)
(0.700863 0 0)
(0.700845 0 0)
(0.700827 0 0)
(0.700809 0 0)
(0.70079 0 0)
(0.700772 0 0)
(0.700754 0 0)
(0.700736 0 0)
(0.700718 0 0)
(0.700699 0 0)
(0.700681 0 0)
(0.700663 0 0)
(0.700645 0 0)
(0.700627 0 0)
(0.700608 0 0)
(0.70059 0 0)
(0.700572 0 0)
(0.700554 0 0)
(0.700535 0 0)
(0.700517 0 0)
(0.700499 0 0)
(0.70048 0 0)
(0.700462 0 0)
(0.700444 0 0)
(0.700426 0 0)
(0.700407 0 0)
(0.700389 0 0)
(0.700371 0 0)
(0.700352 0 0)
(0.700334 0 0)
(0.700316 0 0)
(0.700297 0 0)
(0.700279 0 0)
(0.70026 0 0)
(0.700242 0 0)
(0.700224 0 0)
(0.700205 0 0)
(0.700187 0 0)
(0.700169 0 0)
(0.70015 0 0)
(0.700132 0 0)
(0.700113 0 0)
(0.700095 0 0)
(0.700076 0 0)
(0.700058 0 0)
(0.70004 0 0)
(0.700021 0 0)
(0.700003 0 0)
(0.699984 0 0)
(0.699966 0 0)
(0.699947 0 0)
(0.699929 0 0)
(0.69991 0 0)
(0.699892 0 0)
(0.699873 0 0)
(0.699855 0 0)
(0.699836 0 0)
(0.699818 0 0)
(0.699799 0 0)
(0.699781 0 0)
(0.699762 0 0)
(0.699744 0 0)
(0.699725 0 0)
(0.699706 0 0)
(0.699688 0 0)
(0.699669 0 0)
(0.699651 0 0)
(0.699632 0 0)
(0.699614 0 0)
(0.699595 0 0)
(0.699576 0 0)
(0.699558 0 0)
(0.699539 0 0)
(0.699521 0 0)
(0.699502 0 0)
(0.699483 0 0)
(0.699465 0 0)
(0.699446 0 0)
(0.699427 0 0)
(0.699409 0 0)
(0.69939 0 0)
(0.699371 0 0)
(0.699353 0 0)
(0.699334 0 0)
(0.699315 0 0)
(0.699297 0 0)
(0.699278 0 0)
(0.699259 0 0)
(0.699241 0 0)
(0.699222 0 0)
(0.699203 0 0)
(0.699184 0 0)
(0.699166 0 0)
(0.699147 0 0)
(0.699128 0 0)
(0.699109 0 0)
(0.699091 0 0)
(0.699072 0 0)
(0.699053 0 0)
(0.699034 0 0)
(0.699016 0 0)
(0.698997 0 0)
(0.698978 0 0)
(0.698959 0 0)
(0.69894 0 0)
(0.698922 0 0)
(0.698903 0 0)
(0.698884 0 0)
(0.698865 0 0)
(0.698846 0 0)
(0.698827 0 0)
(0.698809 0 0)
(0.69879 0 0)
(0.698771 0 0)
(0.698752 0 0)
(0.698733 0 0)
(0.698714 0 0)
(0.698695 0 0)
(0.698676 0 0)
(0.698658 0 0)
(0.698639 0 0)
(0.69862 0 0)
(0.698601 0 0)
(0.698582 0 0)
(0.698563 0 0)
(0.698544 0 0)
(0.698525 0 0)
(0.698506 0 0)
(0.698487 0 0)
(0.698468 0 0)
(0.698449 0 0)
(0.69843 0 0)
(0.698411 0 0)
(0.698392 0 0)
(0.698373 0 0)
(0.698354 0 0)
(0.698335 0 0)
(0.698316 0 0)
(0.698297 0 0)
(0.698278 0 0)
(0.698259 0 0)
(0.69824 0 0)
(0.698221 0 0)
(0.698202 0 0)
(0.698183 0 0)
(0.698164 0 0)
(0.698145 0 0)
(0.698126 0 0)
(0.698107 0 0)
(0.698088 0 0)
(0.698069 0 0)
(0.69805 0 0)
(0.698031 0 0)
(0.698012 0 0)
(0.697993 0 0)
(0.697974 0 0)
(0.697955 0 0)
(0.697935 0 0)
(0.697916 0 0)
(0.697897 0 0)
(0.697878 0 0)
(0.697859 0 0)
(0.69784 0 0)
(0.697821 0 0)
(0.697802 0 0)
(0.697782 0 0)
(0.697763 0 0)
(0.697744 0 0)
(0.697725 0 0)
(0.697706 0 0)
(0.697687 0 0)
(0.697667 0 0)
(0.697648 0 0)
(0.697629 0 0)
(0.69761 0 0)
(0.697591 0 0)
(0.697571 0 0)
(0.697552 0 0)
(0.697533 0 0)
(0.697514 0 0)
(0.697494 0 0)
(0.697475 0 0)
(0.697456 0 0)
(0.697437 0 0)
(0.697418 0 0)
(0.697398 0 0)
(0.697379 0 0)
(0.69736 0 0)
(0.69734 0 0)
(0.697321 0 0)
(0.697302 0 0)
(0.697283 0 0)
(0.697263 0 0)
(0.697244 0 0)
(0.697225 0 0)
(0.697205 0 0)
(0.697186 0 0)
(0.697167 0 0)
(0.697147 0 0)
(0.697128 0 0)
(0.697109 0 0)
(0.697089 0 0)
(0.69707 0 0)
(0.697051 0 0)
(0.697031 0 0)
(0.697012 0 0)
(0.696993 0 0)
(0.696973 0 0)
(0.696954 0 0)
(0.696935 0 0)
(0.696915 0 0)
(0.696896 0 0)
(0.696876 0 0)
(0.696857 0 0)
(0.696838 0 0)
(0.696818 0 0)
(0.696799 0 0)
(0.696779 0 0)
(0.69676 0 0)
(0.69674 0 0)
(0.696721 0 0)
(0.696702 0 0)
(0.696682 0 0)
(0.696663 0 0)
(0.696643 0 0)
(0.696624 0 0)
(0.696604 0 0)
(0.696585 0 0)
(0.696565 0 0)
(0.696546 0 0)
(0.696526 0 0)
(0.696507 0 0)
(0.696487 0 0)
(0.696468 0 0)
(0.696448 0 0)
(0.696429 0 0)
(0.696409 0 0)
(0.69639 0 0)
(0.69637 0 0)
(0.696351 0 0)
(0.696331 0 0)
(0.696312 0 0)
(0.696292 0 0)
(0.696273 0 0)
(0.696253 0 0)
(0.696233 0 0)
(0.696214 0 0)
(0.696194 0 0)
(0.696175 0 0)
(0.696155 0 0)
(0.696135 0 0)
(0.696116 0 0)
(0.696096 0 0)
(0.696077 0 0)
(0.696057 0 0)
(0.696037 0 0)
(0.696018 0 0)
(0.695998 0 0)
(0.695979 0 0)
(0.695959 0 0)
(0.695939 0 0)
(0.69592 0 0)
(0.6959 0 0)
(0.69588 0 0)
(0.695861 0 0)
(0.695841 0 0)
(0.695821 0 0)
(0.695802 0 0)
(0.695782 0 0)
(0.695762 0 0)
(0.695743 0 0)
(0.695723 0 0)
(0.695703 0 0)
(0.695683 0 0)
(0.695664 0 0)
(0.695644 0 0)
(0.695624 0 0)
(0.695605 0 0)
(0.695585 0 0)
(0.695565 0 0)
(0.695545 0 0)
(0.695526 0 0)
(0.695506 0 0)
(0.695486 0 0)
(0.695466 0 0)
(0.695447 0 0)
(0.695427 0 0)
(0.695407 0 0)
(0.695387 0 0)
(0.695367 0 0)
(0.695348 0 0)
(0.695328 0 0)
(0.695308 0 0)
(0.695288 0 0)
(0.695268 0 0)
(0.695249 0 0)
(0.695229 0 0)
(0.695209 0 0)
(0.695189 0 0)
(0.695169 0 0)
(0.695149 0 0)
(0.69513 0 0)
(0.69511 0 0)
(0.69509 0 0)
(0.69507 0 0)
(0.69505 0 0)
(0.69503 0 0)
(0.69501 0 0)
(0.69499 0 0)
(0.69497 0 0)
(0.694951 0 0)
(0.694931 0 0)
(0.694911 0 0)
(0.694891 0 0)
(0.694871 0 0)
(0.694851 0 0)
(0.694831 0 0)
(0.694811 0 0)
(0.694791 0 0)
(0.694771 0 0)
(0.694751 0 0)
(0.694731 0 0)
(0.694711 0 0)
(0.694691 0 0)
(0.694671 0 0)
(0.694651 0 0)
(0.694631 0 0)
(0.694611 0 0)
(0.694591 0 0)
(0.694571 0 0)
(0.694551 0 0)
(0.694531 0 0)
(0.694511 0 0)
(0.694491 0 0)
(0.694471 0 0)
(0.694451 0 0)
(0.694431 0 0)
(0.694411 0 0)
(0.694391 0 0)
(0.694371 0 0)
(0.694351 0 0)
(0.694331 0 0)
(0.694311 0 0)
(0.694291 0 0)
(0.694271 0 0)
(0.694251 0 0)
(0.694231 0 0)
)
;

boundaryField
{
    inlet
    {
        type            fractionalVelocity;
        U               1((1 0 0));
        fractionalFlow  Fa;
        value           uniform (0.709421 0 0);
    }
    outlet
    {
        type            zeroGradient;
    }
    emptyWalls
    {
        type            empty;
    }
}


// ************************************************************************* //
