/*--------------------------------*- C++ -*----------------------------------*\
  =========                 |
  \\      /  F ield         | OpenFOAM: The Open Source CFD Toolbox
   \\    /   O peration     | Website:  https://openfoam.org
    \\  /    A nd           | Version:  9
     \\/     M anipulation  |
\*---------------------------------------------------------------------------*/
FoamFile
{
    format      ascii;
    class       volScalarField;
    location    "2.5";
    object      Fa;
}
// * * * * * * * * * * * * * * * * * * * * * * * * * * * * * * * * * * * * * //

dimensions      [0 0 0 0 0 0 0];

internalField   nonuniform List<scalar> 
1000
(
0.709413
0.709401
0.709385
0.709366
0.709343
0.709316
0.709287
0.709256
0.709221
0.709184
0.709144
0.709103
0.709059
0.709012
0.708964
0.708914
0.708862
0.708808
0.708752
0.708695
0.708636
0.708576
0.708513
0.70845
0.708385
0.708319
0.708251
0.708182
0.708112
0.70804
0.707968
0.707894
0.707819
0.707743
0.707666
0.707588
0.707509
0.707429
0.707348
0.707266
0.707183
0.707099
0.707015
0.706929
0.706843
0.706756
0.706668
0.70658
0.706491
0.706401
0.70631
0.706219
0.706127
0.706034
0.705941
0.705847
0.705752
0.705657
0.705561
0.705465
0.705368
0.70527
0.705172
0.705073
0.704974
0.704875
0.704774
0.704674
0.704572
0.704471
0.704369
0.704266
0.704163
0.70406
0.703956
0.703851
0.703746
0.703641
0.703535
0.703429
0.703323
0.703216
0.703109
0.703001
0.702893
0.702785
0.702676
0.702567
0.702457
0.702347
0.702237
0.702127
0.702016
0.701905
0.701793
0.701681
0.701569
0.701456
0.701344
0.70123
0.701117
0.701003
0.700889
0.700775
0.70066
0.700545
0.70043
0.700314
0.700198
0.700082
0.699966
0.699849
0.699732
0.699615
0.699498
0.69938
0.699262
0.699143
0.699025
0.698906
0.698787
0.698667
0.698548
0.698428
0.698308
0.698187
0.698066
0.697945
0.697824
0.697703
0.697581
0.697459
0.697336
0.697214
0.697091
0.696968
0.696845
0.696721
0.696597
0.696473
0.696348
0.696223
0.696098
0.695973
0.695847
0.695721
0.695595
0.695468
0.695341
0.695214
0.695087
0.694959
0.69483
0.694702
0.694572
0.694443
0.694313
0.694183
0.694052
0.693921
0.693789
0.693656
0.693524
0.69339
0.693256
0.693122
0.692986
0.69285
0.692713
0.692575
0.692437
0.692297
0.692156
0.692014
0.691871
0.691726
0.69158
0.691432
0.691283
0.691131
0.690977
0.69082
0.69066
0.690496
0.690329
0.690158
0.689981
0.689798
0.689608
0.689409
0.689201
0.68898
0.688745
0.688491
0.688214
0.687908
0.687564
0.687169
0.686704
0.686139
0.685427
0.684484
0.68315
0.681086
0.677461
0.669806
0.378412
0.516232
0.632374
0.657069
0.655685
0.649219
0.640761
0.630912
0.620319
0.609914
0.600876
0.594473
0.591744
0.593055
0.597741
0.604182
0.610421
0.614938
0.617076
0.616971
0.615226
0.612597
0.609798
0.6074
0.605779
0.605098
0.605312
0.606199
0.607437
0.608689
0.609683
0.610266
0.610408
0.610179
0.609713
0.609161
0.608658
0.608303
0.608141
0.608167
0.60834
0.608593
0.608856
0.609071
0.609201
0.609235
0.609184
0.609074
0.608937
0.608805
0.608702
0.608641
0.608625
0.608648
0.608696
0.608755
0.608812
0.608857
0.608885
0.608898
0.608897
0.60889
0.608881
0.608876
0.608877
0.608885
0.608898
0.608914
0.608931
0.608945
0.608954
0.608958
0.608956
0.60895
0.60894
0.608929
0.608918
0.608908
0.608899
0.60889
0.608883
0.608876
0.608869
0.608861
0.608853
0.608846
0.608838
0.608831
0.608824
0.60882
0.608817
0.608815
0.608815
0.608817
0.60882
0.608823
0.608827
0.608831
0.608835
0.608839
0.608842
0.608844
0.608845
0.608846
0.608846
0.608846
0.608844
0.608843
0.608841
0.608839
0.608836
0.608834
0.608832
0.60883
0.608829
0.608829
0.608828
0.608829
0.608829
0.608831
0.608832
0.608834
0.608835
0.608837
0.608838
0.60884
0.608841
0.608841
0.608842
0.608842
0.608841
0.608841
0.60884
0.608839
0.608838
0.608836
0.608835
0.608834
0.608833
0.608832
0.608831
0.608831
0.60883
0.60883
0.60883
0.608829
0.608829
0.608828
0.608827
0.608826
0.608825
0.608824
0.608822
0.60882
0.608817
0.608815
0.608812
0.608809
0.608805
0.608802
0.608799
0.608796
0.608793
0.60879
0.608788
0.608786
0.608784
0.608783
0.608782
0.608782
0.608782
0.608783
0.608784
0.608785
0.608787
0.608789
0.608791
0.608794
0.608796
0.608799
0.608801
0.608803
0.608802
0.608794
0.608756
0.608651
0.609221
0.624078
0.646805
0.647713
0.647729
0.647729
0.647724
0.647719
0.647716
0.647714
0.647713
0.647711
0.64771
0.647709
0.647709
0.647709
0.647709
0.64771
0.647711
0.647712
0.647713
0.647714
0.647714
0.647715
0.647715
0.647714
0.647713
0.647712
0.64771
0.647708
0.647705
0.647702
0.647698
0.647695
0.647691
0.647687
0.647684
0.64768
0.647677
0.647674
0.647671
0.647669
0.647667
0.647665
0.647664
0.647664
0.647664
0.647664
0.647665
0.647667
0.647668
0.64767
0.647673
0.647675
0.647678
0.647681
0.647684
0.647687
0.647689
0.647692
0.647694
0.647697
0.647698
0.6477
0.647701
0.647702
0.647702
0.647702
0.647702
0.647701
0.6477
0.647698
0.647696
0.647694
0.647691
0.647689
0.647686
0.647683
0.64768
0.647677
0.647674
0.647671
0.647668
0.647665
0.647662
0.647659
0.647657
0.647654
0.647652
0.64765
0.647648
0.647647
0.647645
0.647644
0.647643
0.647642
0.647641
0.64764
0.64764
0.647639
0.647639
0.647639
0.647638
0.647638
0.647638
0.647638
0.647638
0.647638
0.647638
0.647638
0.647638
0.647638
0.647638
0.647638
0.647638
0.647638
0.647639
0.647639
0.647639
0.647639
0.647639
0.647639
0.647639
0.647639
0.647639
0.647639
0.647639
0.647639
0.647634
0.647478
0.641719
0.269975
0
0
0
0
0
0
0
0
0
0
0
0
0
0
0
0
0
0
0
0
0
0
0
0
0
0
0
0
0
0
0
0
0
0
0
0
0
0
0
0
0
0
0
0
0
0
0
0
0
0
0
0
0
0
0
0
0
0
0
0
0
0
0
0
0
0
0
0
0
0
0
0
0
0
0
0
0
0
0
0
0
0
0
0
0
0
0
0
0
0
0
0
0
0
0
0
0
0
0
0
0
0
0
0
0
0
0
0
0
0
0
0
0
0
0
0
0
0
0
0
0
0
0
0
0
0
0
0
0
0
0
0
0
0
0
0
0
0
0
0
0
0
0
0
0
0
0
0
0
0
0
0
0
0
0
0
0
0
0
0
0
0
0
0
0
0
0
0
0
0
0
0
0
0
0
0
0
0
0
0
0
0
0
0
0
0
0
0
0
0
0
0
0
0
0
0
0
0
0
0
0
0
0
0
0
0
0
0
0
0
0
0
0
0
0
0
0
0
0
0
0
0
0
0
0
0
0
0
0
0
0
0
0
0
0
0
0
0
0
0
0
0
0
0
0
0
0
0
0
0
0
0
0
0
0
0
0
0
0
0
0
0
0
0
0
0
0
0
0
0
0
0
0
0
0
0
0
0
0
0
0
0
0
0
0
0
0
0
0
0
0
0
0
0
0
0
0
0
0
0
0
0
0
0
0
0
0
0
0
0
0
0
0
0
0
0
0
0
0
0
0
0
0
0
0
0
0
0
0
0
0
0
0
0
0
0
0
0
0
0
0
0
0
0
0
0
0
0
0
0
0
0
0
0
0
0
0
0
0
0
0
0
0
0
0
0
0
0
0
0
0
0
0
0
0
0
0
0
0
0
0
0
0
0
0
0
0
0
0
0
0
0
0
0
0
0
0
0
0
0
0
0
0
0
0
0
0
0
0
0
0
0
0
0
0
0
0
0
0
0
0
0
0
0
0
0
0
0
0
0
0
0
0
0
0
0
0
0
0
0
0
0
0
0
0
0
0
0
0
0
0
0
0
0
0
0
0
0
0
0
0
0
0
0
0
0
0
0
0
0
0
0
0
0
0
0
)
;

boundaryField
{
    inlet
    {
        type            calculated;
        value           uniform 0.709421;
    }
    outlet
    {
        type            calculated;
        value           uniform 0;
    }
    emptyWalls
    {
        type            empty;
    }
}


// ************************************************************************* //
