/*--------------------------------*- C++ -*----------------------------------*\
  =========                 |
  \\      /  F ield         | OpenFOAM: The Open Source CFD Toolbox
   \\    /   O peration     | Website:  https://openfoam.org
    \\  /    A nd           | Version:  9
     \\/     M anipulation  |
\*---------------------------------------------------------------------------*/
FoamFile
{
    format      ascii;
    class       volScalarField;
    location    "17.7";
    object      p;
}
// * * * * * * * * * * * * * * * * * * * * * * * * * * * * * * * * * * * * * //

dimensions      [0 0 0 0 0 0 0];

internalField   nonuniform List<scalar> 
1000
(
1.46079e+13
1.4598e+13
1.45881e+13
1.45782e+13
1.45682e+13
1.45583e+13
1.45483e+13
1.45383e+13
1.45283e+13
1.45183e+13
1.45082e+13
1.44982e+13
1.44881e+13
1.4478e+13
1.4468e+13
1.44579e+13
1.44477e+13
1.44376e+13
1.44275e+13
1.44173e+13
1.44071e+13
1.4397e+13
1.43868e+13
1.43766e+13
1.43663e+13
1.43561e+13
1.43458e+13
1.43356e+13
1.43253e+13
1.4315e+13
1.43047e+13
1.42944e+13
1.42841e+13
1.42737e+13
1.42634e+13
1.4253e+13
1.42426e+13
1.42322e+13
1.42218e+13
1.42114e+13
1.4201e+13
1.41906e+13
1.41801e+13
1.41696e+13
1.41592e+13
1.41487e+13
1.41382e+13
1.41276e+13
1.41171e+13
1.41066e+13
1.4096e+13
1.40854e+13
1.40749e+13
1.40643e+13
1.40537e+13
1.40431e+13
1.40324e+13
1.40218e+13
1.40111e+13
1.40005e+13
1.39898e+13
1.39791e+13
1.39684e+13
1.39577e+13
1.3947e+13
1.39362e+13
1.39255e+13
1.39147e+13
1.39039e+13
1.38931e+13
1.38823e+13
1.38715e+13
1.38607e+13
1.38499e+13
1.3839e+13
1.38282e+13
1.38173e+13
1.38064e+13
1.37955e+13
1.37846e+13
1.37737e+13
1.37628e+13
1.37518e+13
1.37409e+13
1.37299e+13
1.37189e+13
1.3708e+13
1.3697e+13
1.36859e+13
1.36749e+13
1.36639e+13
1.36528e+13
1.36418e+13
1.36307e+13
1.36196e+13
1.36085e+13
1.35974e+13
1.35863e+13
1.35752e+13
1.35641e+13
1.35529e+13
1.35418e+13
1.35306e+13
1.35194e+13
1.35082e+13
1.3497e+13
1.34858e+13
1.34746e+13
1.34633e+13
1.34521e+13
1.34408e+13
1.34295e+13
1.34182e+13
1.3407e+13
1.33956e+13
1.33843e+13
1.3373e+13
1.33617e+13
1.33503e+13
1.33389e+13
1.33276e+13
1.33162e+13
1.33048e+13
1.32934e+13
1.3282e+13
1.32705e+13
1.32591e+13
1.32477e+13
1.32362e+13
1.32247e+13
1.32132e+13
1.32017e+13
1.31902e+13
1.31787e+13
1.31672e+13
1.31557e+13
1.31441e+13
1.31326e+13
1.3121e+13
1.31094e+13
1.30978e+13
1.30862e+13
1.30746e+13
1.3063e+13
1.30513e+13
1.30397e+13
1.3028e+13
1.30164e+13
1.30047e+13
1.2993e+13
1.29813e+13
1.29696e+13
1.29579e+13
1.29462e+13
1.29344e+13
1.29227e+13
1.29109e+13
1.28991e+13
1.28873e+13
1.28756e+13
1.28638e+13
1.28519e+13
1.28401e+13
1.28283e+13
1.28164e+13
1.28046e+13
1.27927e+13
1.27808e+13
1.2769e+13
1.27571e+13
1.27451e+13
1.27332e+13
1.27213e+13
1.27094e+13
1.26974e+13
1.26855e+13
1.26735e+13
1.26615e+13
1.26495e+13
1.26375e+13
1.26255e+13
1.26135e+13
1.26015e+13
1.25894e+13
1.25774e+13
1.25653e+13
1.25532e+13
1.25411e+13
1.25291e+13
1.2517e+13
1.25048e+13
1.24927e+13
1.24806e+13
1.24684e+13
1.24563e+13
1.24441e+13
1.2432e+13
1.24198e+13
1.24076e+13
1.23954e+13
1.23832e+13
1.23709e+13
1.23587e+13
1.23465e+13
1.23342e+13
1.2322e+13
1.23097e+13
1.22974e+13
1.22851e+13
1.22728e+13
1.22605e+13
1.22482e+13
1.22358e+13
1.22235e+13
1.22111e+13
1.21988e+13
1.21864e+13
1.2174e+13
1.21616e+13
1.21492e+13
1.21368e+13
1.21244e+13
1.2112e+13
1.20995e+13
1.20871e+13
1.20746e+13
1.20622e+13
1.20497e+13
1.20372e+13
1.20247e+13
1.20122e+13
1.19997e+13
1.19871e+13
1.19746e+13
1.19621e+13
1.19495e+13
1.19369e+13
1.19244e+13
1.19118e+13
1.18992e+13
1.18866e+13
1.1874e+13
1.18614e+13
1.18487e+13
1.18361e+13
1.18234e+13
1.18108e+13
1.17981e+13
1.17854e+13
1.17727e+13
1.176e+13
1.17473e+13
1.17346e+13
1.17219e+13
1.17091e+13
1.16964e+13
1.16836e+13
1.16709e+13
1.16581e+13
1.16453e+13
1.16325e+13
1.16197e+13
1.16069e+13
1.15941e+13
1.15812e+13
1.15684e+13
1.15556e+13
1.15427e+13
1.15298e+13
1.1517e+13
1.15041e+13
1.14912e+13
1.14783e+13
1.14654e+13
1.14524e+13
1.14395e+13
1.14266e+13
1.14136e+13
1.14006e+13
1.13877e+13
1.13747e+13
1.13617e+13
1.13487e+13
1.13357e+13
1.13227e+13
1.13097e+13
1.12966e+13
1.12836e+13
1.12705e+13
1.12575e+13
1.12444e+13
1.12313e+13
1.12182e+13
1.12051e+13
1.1192e+13
1.11789e+13
1.11658e+13
1.11526e+13
1.11395e+13
1.11263e+13
1.11132e+13
1.11e+13
1.10868e+13
1.10736e+13
1.10604e+13
1.10472e+13
1.1034e+13
1.10208e+13
1.10076e+13
1.09943e+13
1.09811e+13
1.09678e+13
1.09545e+13
1.09413e+13
1.0928e+13
1.09147e+13
1.09014e+13
1.08881e+13
1.08747e+13
1.08614e+13
1.08481e+13
1.08347e+13
1.08213e+13
1.0808e+13
1.07946e+13
1.07812e+13
1.07678e+13
1.07544e+13
1.0741e+13
1.07276e+13
1.07142e+13
1.07007e+13
1.06873e+13
1.06738e+13
1.06603e+13
1.06469e+13
1.06334e+13
1.06199e+13
1.06064e+13
1.05929e+13
1.05794e+13
1.05658e+13
1.05523e+13
1.05388e+13
1.05252e+13
1.05117e+13
1.04981e+13
1.04845e+13
1.04709e+13
1.04573e+13
1.04437e+13
1.04301e+13
1.04165e+13
1.04029e+13
1.03892e+13
1.03756e+13
1.03619e+13
1.03482e+13
1.03346e+13
1.03209e+13
1.03072e+13
1.02935e+13
1.02798e+13
1.02661e+13
1.02523e+13
1.02386e+13
1.02249e+13
1.02111e+13
1.01974e+13
1.01836e+13
1.01698e+13
1.0156e+13
1.01422e+13
1.01284e+13
1.01146e+13
1.01008e+13
1.0087e+13
1.00731e+13
1.00593e+13
1.00454e+13
1.00316e+13
1.00177e+13
1.00038e+13
9.98994e+12
9.97604e+12
9.96214e+12
9.94822e+12
9.9343e+12
9.92037e+12
9.90644e+12
9.89249e+12
9.87854e+12
9.86457e+12
9.8506e+12
9.83662e+12
9.82263e+12
9.80864e+12
9.79463e+12
9.78062e+12
9.7666e+12
9.75257e+12
9.73853e+12
9.72448e+12
9.71042e+12
9.69636e+12
9.68229e+12
9.66821e+12
9.65412e+12
9.64002e+12
9.62592e+12
9.61181e+12
9.59768e+12
9.58355e+12
9.56942e+12
9.55527e+12
9.54112e+12
9.52695e+12
9.51278e+12
9.4986e+12
9.48441e+12
9.47022e+12
9.45601e+12
9.4418e+12
9.42758e+12
9.41335e+12
9.39911e+12
9.38487e+12
9.37062e+12
9.35635e+12
9.34208e+12
9.32781e+12
9.31352e+12
9.29923e+12
9.28492e+12
9.27061e+12
9.25629e+12
9.24197e+12
9.22763e+12
9.21329e+12
9.19894e+12
9.18458e+12
9.17021e+12
9.15584e+12
9.14145e+12
9.12706e+12
9.11266e+12
9.09825e+12
9.08384e+12
9.06941e+12
9.05498e+12
9.04054e+12
9.02609e+12
9.01163e+12
8.99717e+12
8.9827e+12
8.96822e+12
8.95373e+12
8.93923e+12
8.92473e+12
8.91021e+12
8.89569e+12
8.88116e+12
8.86663e+12
8.85208e+12
8.83753e+12
8.82297e+12
8.8084e+12
8.79382e+12
8.77924e+12
8.76465e+12
8.75005e+12
8.73544e+12
8.72082e+12
8.7062e+12
8.69156e+12
8.67692e+12
8.66228e+12
8.64762e+12
8.63296e+12
8.61828e+12
8.6036e+12
8.58892e+12
8.57422e+12
8.55952e+12
8.54481e+12
8.53009e+12
8.51536e+12
8.50062e+12
8.48588e+12
8.47113e+12
8.45637e+12
8.4416e+12
8.42683e+12
8.41205e+12
8.39726e+12
8.38246e+12
8.36765e+12
8.35284e+12
8.33802e+12
8.32319e+12
8.30835e+12
8.29351e+12
8.27865e+12
8.26379e+12
8.24893e+12
8.23405e+12
8.21917e+12
8.20427e+12
8.18937e+12
8.17447e+12
8.15955e+12
8.14463e+12
8.1297e+12
8.11476e+12
8.09981e+12
8.08486e+12
8.0699e+12
8.05493e+12
8.03995e+12
8.02497e+12
8.00998e+12
7.99498e+12
7.97997e+12
7.96495e+12
7.94993e+12
7.9349e+12
7.91986e+12
7.90481e+12
7.88976e+12
7.8747e+12
7.85963e+12
7.84455e+12
7.82947e+12
7.81437e+12
7.79927e+12
7.78417e+12
7.76905e+12
7.75393e+12
7.7388e+12
7.72366e+12
7.70851e+12
7.69336e+12
7.6782e+12
7.66303e+12
7.64786e+12
7.63267e+12
7.61748e+12
7.60228e+12
7.58707e+12
7.57186e+12
7.55664e+12
7.54141e+12
7.52617e+12
7.51093e+12
7.49567e+12
7.48041e+12
7.46515e+12
7.44987e+12
7.43459e+12
7.4193e+12
7.404e+12
7.3887e+12
7.37339e+12
7.35807e+12
7.34274e+12
7.3274e+12
7.31206e+12
7.29671e+12
7.28135e+12
7.26599e+12
7.25061e+12
7.23523e+12
7.21985e+12
7.20445e+12
7.18905e+12
7.17364e+12
7.15822e+12
7.1428e+12
7.12736e+12
7.11192e+12
7.09648e+12
7.08102e+12
7.06556e+12
7.05009e+12
7.03461e+12
7.01913e+12
7.00363e+12
6.98813e+12
6.97263e+12
6.95711e+12
6.94159e+12
6.92606e+12
6.91053e+12
6.89498e+12
6.87943e+12
6.86387e+12
6.8483e+12
6.83273e+12
6.81715e+12
6.80156e+12
6.78597e+12
6.77036e+12
6.75475e+12
6.73913e+12
6.72351e+12
6.70788e+12
6.69224e+12
6.67659e+12
6.66093e+12
6.64527e+12
6.6296e+12
6.61393e+12
6.59824e+12
6.58255e+12
6.56685e+12
6.55114e+12
6.53543e+12
6.51971e+12
6.50398e+12
6.48825e+12
6.4725e+12
6.45675e+12
6.441e+12
6.42523e+12
6.40946e+12
6.39368e+12
6.3779e+12
6.3621e+12
6.3463e+12
6.33049e+12
6.31468e+12
6.29885e+12
6.28302e+12
6.26719e+12
6.25134e+12
6.23549e+12
6.21963e+12
6.20377e+12
6.18789e+12
6.17201e+12
6.15612e+12
6.14023e+12
6.12433e+12
6.10842e+12
6.0925e+12
6.07658e+12
6.06064e+12
6.04471e+12
6.02876e+12
6.01281e+12
5.99685e+12
5.98088e+12
5.96491e+12
5.94892e+12
5.93294e+12
5.91694e+12
5.90094e+12
5.88493e+12
5.86891e+12
5.85288e+12
5.83685e+12
5.82081e+12
5.80477e+12
5.78871e+12
5.77265e+12
5.75659e+12
5.74051e+12
5.72443e+12
5.70834e+12
5.69224e+12
5.67614e+12
5.66003e+12
5.64391e+12
5.62779e+12
5.61166e+12
5.59552e+12
5.57937e+12
5.56322e+12
5.54706e+12
5.53089e+12
5.51472e+12
5.49854e+12
5.48235e+12
5.46615e+12
5.44995e+12
5.43374e+12
5.41752e+12
5.4013e+12
5.38507e+12
5.36883e+12
5.35258e+12
5.33633e+12
5.32007e+12
5.30381e+12
5.28753e+12
5.27125e+12
5.25497e+12
5.23867e+12
5.22237e+12
5.20606e+12
5.18975e+12
5.17342e+12
5.15709e+12
5.14076e+12
5.12441e+12
5.10806e+12
5.09171e+12
5.07534e+12
5.05897e+12
5.04259e+12
5.02621e+12
5.00981e+12
4.99341e+12
4.97701e+12
4.96059e+12
4.94417e+12
4.92775e+12
4.91131e+12
4.89487e+12
4.87842e+12
4.86197e+12
4.84551e+12
4.82904e+12
4.81256e+12
4.79608e+12
4.77959e+12
4.76309e+12
4.74659e+12
4.73008e+12
4.71356e+12
4.69703e+12
4.6805e+12
4.66396e+12
4.64742e+12
4.63086e+12
4.61431e+12
4.59774e+12
4.58117e+12
4.56459e+12
4.548e+12
4.5314e+12
4.5148e+12
4.4982e+12
4.48158e+12
4.46496e+12
4.44833e+12
4.4317e+12
4.41505e+12
4.39841e+12
4.38175e+12
4.36509e+12
4.34842e+12
4.33174e+12
4.31506e+12
4.29837e+12
4.28167e+12
4.26497e+12
4.24826e+12
4.23154e+12
4.21481e+12
4.19808e+12
4.18134e+12
4.1646e+12
4.14785e+12
4.13109e+12
4.11432e+12
4.09755e+12
4.08077e+12
4.06399e+12
4.04719e+12
4.03039e+12
4.01359e+12
3.99677e+12
3.97995e+12
3.96313e+12
3.94629e+12
3.92945e+12
3.91261e+12
3.89575e+12
3.87889e+12
3.86202e+12
3.84515e+12
3.82827e+12
3.81138e+12
3.79449e+12
3.77759e+12
3.76068e+12
3.74376e+12
3.72684e+12
3.70991e+12
3.69298e+12
3.67604e+12
3.65909e+12
3.64213e+12
3.62517e+12
3.6082e+12
3.59122e+12
3.57424e+12
3.55725e+12
3.54026e+12
3.52325e+12
3.50624e+12
3.48923e+12
3.47221e+12
3.45518e+12
3.43814e+12
3.4211e+12
3.40405e+12
3.38699e+12
3.36993e+12
3.35286e+12
3.33578e+12
3.3187e+12
3.30161e+12
3.28451e+12
3.26741e+12
3.2503e+12
3.23318e+12
3.21606e+12
3.19893e+12
3.18179e+12
3.16465e+12
3.1475e+12
3.13034e+12
3.11318e+12
3.09601e+12
3.07883e+12
3.06165e+12
3.04446e+12
3.02726e+12
3.01006e+12
2.99285e+12
2.97563e+12
2.95841e+12
2.94118e+12
2.92394e+12
2.9067e+12
2.88945e+12
2.87219e+12
2.85493e+12
2.83766e+12
2.82039e+12
2.8031e+12
2.78581e+12
2.76852e+12
2.75121e+12
2.73391e+12
2.71659e+12
2.69927e+12
2.68194e+12
2.6646e+12
2.64726e+12
2.62991e+12
2.61255e+12
2.59519e+12
2.57782e+12
2.56045e+12
2.54307e+12
2.52568e+12
2.50828e+12
2.49088e+12
2.47347e+12
2.45606e+12
2.43864e+12
2.42121e+12
2.40378e+12
2.38633e+12
2.36889e+12
2.35143e+12
2.33397e+12
2.31651e+12
2.29903e+12
2.28155e+12
2.26406e+12
2.24657e+12
2.22907e+12
2.21156e+12
2.19405e+12
2.17653e+12
2.15901e+12
2.14147e+12
2.12393e+12
2.10639e+12
2.08884e+12
2.07128e+12
2.05371e+12
2.03614e+12
2.01856e+12
2.00098e+12
1.98339e+12
1.96579e+12
1.94819e+12
1.93057e+12
1.91296e+12
1.89533e+12
1.8777e+12
1.86007e+12
1.84242e+12
1.82477e+12
1.80712e+12
1.78946e+12
1.77179e+12
1.75411e+12
1.73643e+12
1.71874e+12
1.70105e+12
1.68334e+12
1.66564e+12
1.64792e+12
1.6302e+12
1.61247e+12
1.59474e+12
1.577e+12
1.55925e+12
1.5415e+12
1.52374e+12
1.50597e+12
1.4882e+12
1.47042e+12
1.45264e+12
1.43485e+12
1.41705e+12
1.39924e+12
1.38143e+12
1.36361e+12
1.34579e+12
1.32796e+12
1.31012e+12
1.29228e+12
1.27443e+12
1.25658e+12
1.23871e+12
1.22084e+12
1.20297e+12
1.18509e+12
1.1672e+12
1.14931e+12
1.1314e+12
1.1135e+12
1.09558e+12
1.07766e+12
1.05974e+12
1.0418e+12
1.02387e+12
1.00592e+12
9.87968e+11
9.7001e+11
9.52045e+11
9.34074e+11
9.16097e+11
8.98113e+11
8.80123e+11
8.62127e+11
8.44124e+11
8.26115e+11
8.08099e+11
7.90077e+11
7.72049e+11
7.54014e+11
7.35973e+11
7.17926e+11
6.99872e+11
6.81812e+11
6.63746e+11
6.45673e+11
6.27594e+11
6.09509e+11
5.91417e+11
5.73319e+11
5.55215e+11
5.37104e+11
5.18987e+11
5.00864e+11
4.82734e+11
4.64598e+11
4.46456e+11
4.28307e+11
4.10152e+11
3.91991e+11
3.73823e+11
3.55649e+11
3.37469e+11
3.19283e+11
3.0109e+11
2.82891e+11
2.64685e+11
2.46474e+11
2.28256e+11
2.10032e+11
1.91801e+11
1.73564e+11
1.55321e+11
1.37072e+11
1.18816e+11
1.00554e+11
8.22856e+10
6.40111e+10
4.57303e+10
2.74432e+10
9.14981e+09
)
;

boundaryField
{
    inlet
    {
        type            darcyGradPressure_G;
        gradient        uniform 3.23949e+11;
        Mf              Mf;
        phi             phi;
        phiG            phiG;
        value           uniform 1.46129e+13;
    }
    outlet
    {
        type            fixedValue;
        value           uniform 0;
    }
    emptyWalls
    {
        type            empty;
    }
}


// ************************************************************************* //
