/*--------------------------------*- C++ -*----------------------------------*\
  =========                 |
  \\      /  F ield         | OpenFOAM: The Open Source CFD Toolbox
   \\    /   O peration     | Website:  https://openfoam.org
    \\  /    A nd           | Version:  9
     \\/     M anipulation  |
\*---------------------------------------------------------------------------*/
FoamFile
{
    format      ascii;
    class       volScalarField;
    location    "17";
    object      p;
}
// * * * * * * * * * * * * * * * * * * * * * * * * * * * * * * * * * * * * * //

dimensions      [0 0 0 0 0 0 0];

internalField   nonuniform List<scalar> 
1000
(
1.47605e+13
1.47506e+13
1.47407e+13
1.47308e+13
1.47208e+13
1.47108e+13
1.47009e+13
1.46909e+13
1.46809e+13
1.46708e+13
1.46608e+13
1.46507e+13
1.46407e+13
1.46306e+13
1.46205e+13
1.46104e+13
1.46002e+13
1.45901e+13
1.458e+13
1.45698e+13
1.45596e+13
1.45494e+13
1.45392e+13
1.4529e+13
1.45187e+13
1.45085e+13
1.44982e+13
1.44879e+13
1.44777e+13
1.44673e+13
1.4457e+13
1.44467e+13
1.44364e+13
1.4426e+13
1.44156e+13
1.44052e+13
1.43948e+13
1.43844e+13
1.4374e+13
1.43636e+13
1.43531e+13
1.43426e+13
1.43322e+13
1.43217e+13
1.43112e+13
1.43007e+13
1.42901e+13
1.42796e+13
1.4269e+13
1.42585e+13
1.42479e+13
1.42373e+13
1.42267e+13
1.42161e+13
1.42054e+13
1.41948e+13
1.41841e+13
1.41735e+13
1.41628e+13
1.41521e+13
1.41414e+13
1.41306e+13
1.41199e+13
1.41092e+13
1.40984e+13
1.40876e+13
1.40768e+13
1.4066e+13
1.40552e+13
1.40444e+13
1.40336e+13
1.40227e+13
1.40119e+13
1.4001e+13
1.39901e+13
1.39792e+13
1.39683e+13
1.39574e+13
1.39465e+13
1.39355e+13
1.39246e+13
1.39136e+13
1.39026e+13
1.38916e+13
1.38806e+13
1.38696e+13
1.38586e+13
1.38475e+13
1.38365e+13
1.38254e+13
1.38143e+13
1.38032e+13
1.37921e+13
1.3781e+13
1.37699e+13
1.37588e+13
1.37476e+13
1.37364e+13
1.37253e+13
1.37141e+13
1.37029e+13
1.36917e+13
1.36805e+13
1.36692e+13
1.3658e+13
1.36467e+13
1.36355e+13
1.36242e+13
1.36129e+13
1.36016e+13
1.35903e+13
1.3579e+13
1.35676e+13
1.35563e+13
1.35449e+13
1.35335e+13
1.35222e+13
1.35108e+13
1.34994e+13
1.34879e+13
1.34765e+13
1.34651e+13
1.34536e+13
1.34422e+13
1.34307e+13
1.34192e+13
1.34077e+13
1.33962e+13
1.33847e+13
1.33731e+13
1.33616e+13
1.335e+13
1.33385e+13
1.33269e+13
1.33153e+13
1.33037e+13
1.32921e+13
1.32805e+13
1.32689e+13
1.32572e+13
1.32456e+13
1.32339e+13
1.32222e+13
1.32105e+13
1.31988e+13
1.31871e+13
1.31754e+13
1.31637e+13
1.31519e+13
1.31402e+13
1.31284e+13
1.31166e+13
1.31048e+13
1.3093e+13
1.30812e+13
1.30694e+13
1.30576e+13
1.30457e+13
1.30339e+13
1.3022e+13
1.30102e+13
1.29983e+13
1.29864e+13
1.29745e+13
1.29626e+13
1.29506e+13
1.29387e+13
1.29267e+13
1.29148e+13
1.29028e+13
1.28908e+13
1.28788e+13
1.28668e+13
1.28548e+13
1.28428e+13
1.28308e+13
1.28187e+13
1.28067e+13
1.27946e+13
1.27825e+13
1.27704e+13
1.27583e+13
1.27462e+13
1.27341e+13
1.2722e+13
1.27098e+13
1.26977e+13
1.26855e+13
1.26734e+13
1.26612e+13
1.2649e+13
1.26368e+13
1.26246e+13
1.26123e+13
1.26001e+13
1.25879e+13
1.25756e+13
1.25633e+13
1.25511e+13
1.25388e+13
1.25265e+13
1.25142e+13
1.25019e+13
1.24895e+13
1.24772e+13
1.24649e+13
1.24525e+13
1.24401e+13
1.24277e+13
1.24154e+13
1.2403e+13
1.23906e+13
1.23781e+13
1.23657e+13
1.23533e+13
1.23408e+13
1.23284e+13
1.23159e+13
1.23034e+13
1.22909e+13
1.22784e+13
1.22659e+13
1.22534e+13
1.22409e+13
1.22283e+13
1.22158e+13
1.22032e+13
1.21906e+13
1.21781e+13
1.21655e+13
1.21529e+13
1.21403e+13
1.21276e+13
1.2115e+13
1.21024e+13
1.20897e+13
1.20771e+13
1.20644e+13
1.20517e+13
1.2039e+13
1.20263e+13
1.20136e+13
1.20009e+13
1.19882e+13
1.19754e+13
1.19627e+13
1.19499e+13
1.19371e+13
1.19244e+13
1.19116e+13
1.18988e+13
1.1886e+13
1.18732e+13
1.18603e+13
1.18475e+13
1.18346e+13
1.18218e+13
1.18089e+13
1.1796e+13
1.17832e+13
1.17703e+13
1.17574e+13
1.17445e+13
1.17315e+13
1.17186e+13
1.17056e+13
1.16927e+13
1.16797e+13
1.16668e+13
1.16538e+13
1.16408e+13
1.16278e+13
1.16148e+13
1.16018e+13
1.15887e+13
1.15757e+13
1.15626e+13
1.15496e+13
1.15365e+13
1.15234e+13
1.15104e+13
1.14973e+13
1.14842e+13
1.1471e+13
1.14579e+13
1.14448e+13
1.14316e+13
1.14185e+13
1.14053e+13
1.13921e+13
1.1379e+13
1.13658e+13
1.13526e+13
1.13394e+13
1.13261e+13
1.13129e+13
1.12997e+13
1.12864e+13
1.12732e+13
1.12599e+13
1.12466e+13
1.12334e+13
1.12201e+13
1.12068e+13
1.11934e+13
1.11801e+13
1.11668e+13
1.11535e+13
1.11401e+13
1.11267e+13
1.11134e+13
1.11e+13
1.10866e+13
1.10732e+13
1.10598e+13
1.10464e+13
1.1033e+13
1.10196e+13
1.10061e+13
1.09927e+13
1.09792e+13
1.09657e+13
1.09523e+13
1.09388e+13
1.09253e+13
1.09118e+13
1.08983e+13
1.08847e+13
1.08712e+13
1.08577e+13
1.08441e+13
1.08305e+13
1.0817e+13
1.08034e+13
1.07898e+13
1.07762e+13
1.07626e+13
1.0749e+13
1.07354e+13
1.07217e+13
1.07081e+13
1.06944e+13
1.06808e+13
1.06671e+13
1.06534e+13
1.06398e+13
1.06261e+13
1.06124e+13
1.05986e+13
1.05849e+13
1.05712e+13
1.05575e+13
1.05437e+13
1.05299e+13
1.05162e+13
1.05024e+13
1.04886e+13
1.04748e+13
1.0461e+13
1.04472e+13
1.04334e+13
1.04196e+13
1.04057e+13
1.03919e+13
1.0378e+13
1.03642e+13
1.03503e+13
1.03364e+13
1.03225e+13
1.03086e+13
1.02947e+13
1.02808e+13
1.02669e+13
1.02529e+13
1.0239e+13
1.0225e+13
1.02111e+13
1.01971e+13
1.01831e+13
1.01692e+13
1.01552e+13
1.01412e+13
1.01271e+13
1.01131e+13
1.00991e+13
1.0085e+13
1.0071e+13
1.00569e+13
1.00429e+13
1.00288e+13
1.00147e+13
1.00006e+13
9.98653e+12
9.97242e+12
9.95831e+12
9.94418e+12
9.93005e+12
9.9159e+12
9.90175e+12
9.88759e+12
9.87342e+12
9.85925e+12
9.84506e+12
9.83087e+12
9.81666e+12
9.80245e+12
9.78823e+12
9.774e+12
9.75977e+12
9.74552e+12
9.73127e+12
9.717e+12
9.70273e+12
9.68845e+12
9.67416e+12
9.65987e+12
9.64556e+12
9.63125e+12
9.61693e+12
9.6026e+12
9.58826e+12
9.57391e+12
9.55955e+12
9.54519e+12
9.53081e+12
9.51643e+12
9.50204e+12
9.48764e+12
9.47324e+12
9.45882e+12
9.4444e+12
9.42997e+12
9.41553e+12
9.40108e+12
9.38662e+12
9.37216e+12
9.35768e+12
9.3432e+12
9.32871e+12
9.31421e+12
9.2997e+12
9.28519e+12
9.27066e+12
9.25613e+12
9.24159e+12
9.22704e+12
9.21248e+12
9.19792e+12
9.18334e+12
9.16876e+12
9.15417e+12
9.13957e+12
9.12496e+12
9.11035e+12
9.09572e+12
9.08109e+12
9.06645e+12
9.0518e+12
9.03715e+12
9.02248e+12
9.00781e+12
8.99313e+12
8.97844e+12
8.96374e+12
8.94903e+12
8.93432e+12
8.91959e+12
8.90486e+12
8.89012e+12
8.87538e+12
8.86062e+12
8.84586e+12
8.83109e+12
8.81631e+12
8.80152e+12
8.78672e+12
8.77192e+12
8.7571e+12
8.74228e+12
8.72745e+12
8.71262e+12
8.69777e+12
8.68292e+12
8.66806e+12
8.65319e+12
8.63831e+12
8.62342e+12
8.60853e+12
8.59363e+12
8.57872e+12
8.5638e+12
8.54887e+12
8.53394e+12
8.519e+12
8.50405e+12
8.48909e+12
8.47412e+12
8.45915e+12
8.44416e+12
8.42917e+12
8.41417e+12
8.39917e+12
8.38415e+12
8.36913e+12
8.3541e+12
8.33906e+12
8.32401e+12
8.30896e+12
8.2939e+12
8.27882e+12
8.26375e+12
8.24866e+12
8.23356e+12
8.21846e+12
8.20335e+12
8.18823e+12
8.17311e+12
8.15797e+12
8.14283e+12
8.12768e+12
8.11252e+12
8.09735e+12
8.08218e+12
8.067e+12
8.05181e+12
8.03661e+12
8.0214e+12
8.00619e+12
7.99097e+12
7.97574e+12
7.9605e+12
7.94525e+12
7.93e+12
7.91474e+12
7.89947e+12
7.88419e+12
7.86891e+12
7.85362e+12
7.83832e+12
7.82301e+12
7.80769e+12
7.79237e+12
7.77703e+12
7.7617e+12
7.74635e+12
7.73099e+12
7.71563e+12
7.70026e+12
7.68488e+12
7.66949e+12
7.6541e+12
7.6387e+12
7.62329e+12
7.60787e+12
7.59244e+12
7.57701e+12
7.56157e+12
7.54612e+12
7.53066e+12
7.5152e+12
7.49973e+12
7.48425e+12
7.46876e+12
7.45326e+12
7.43776e+12
7.42225e+12
7.40673e+12
7.3912e+12
7.37567e+12
7.36013e+12
7.34458e+12
7.32902e+12
7.31346e+12
7.29788e+12
7.2823e+12
7.26672e+12
7.25112e+12
7.23552e+12
7.21991e+12
7.20429e+12
7.18866e+12
7.17303e+12
7.15739e+12
7.14174e+12
7.12608e+12
7.11041e+12
7.09474e+12
7.07906e+12
7.06338e+12
7.04768e+12
7.03198e+12
7.01627e+12
7.00055e+12
6.98482e+12
6.96909e+12
6.95335e+12
6.9376e+12
6.92184e+12
6.90608e+12
6.89031e+12
6.87453e+12
6.85874e+12
6.84295e+12
6.82715e+12
6.81134e+12
6.79552e+12
6.7797e+12
6.76387e+12
6.74803e+12
6.73218e+12
6.71633e+12
6.70046e+12
6.68459e+12
6.66872e+12
6.65283e+12
6.63694e+12
6.62104e+12
6.60513e+12
6.58922e+12
6.5733e+12
6.55737e+12
6.54143e+12
6.52548e+12
6.50953e+12
6.49357e+12
6.4776e+12
6.46163e+12
6.44565e+12
6.42966e+12
6.41366e+12
6.39766e+12
6.38164e+12
6.36562e+12
6.3496e+12
6.33356e+12
6.31752e+12
6.30147e+12
6.28541e+12
6.26935e+12
6.25328e+12
6.2372e+12
6.22111e+12
6.20502e+12
6.18892e+12
6.17281e+12
6.15669e+12
6.14057e+12
6.12444e+12
6.1083e+12
6.09215e+12
6.076e+12
6.05984e+12
6.04367e+12
6.0275e+12
6.01131e+12
5.99512e+12
5.97893e+12
5.96272e+12
5.94651e+12
5.93029e+12
5.91406e+12
5.89783e+12
5.88159e+12
5.86534e+12
5.84908e+12
5.83282e+12
5.81655e+12
5.80027e+12
5.78398e+12
5.76769e+12
5.75139e+12
5.73508e+12
5.71876e+12
5.70244e+12
5.68611e+12
5.66978e+12
5.65343e+12
5.63708e+12
5.62072e+12
5.60436e+12
5.58798e+12
5.5716e+12
5.55521e+12
5.53882e+12
5.52242e+12
5.50601e+12
5.48959e+12
5.47316e+12
5.45673e+12
5.44029e+12
5.42385e+12
5.40739e+12
5.39093e+12
5.37447e+12
5.35799e+12
5.34151e+12
5.32502e+12
5.30852e+12
5.29202e+12
5.27551e+12
5.25899e+12
5.24246e+12
5.22593e+12
5.20939e+12
5.19284e+12
5.17629e+12
5.15973e+12
5.14316e+12
5.12658e+12
5.11e+12
5.09341e+12
5.07681e+12
5.0602e+12
5.04359e+12
5.02697e+12
5.01035e+12
4.99371e+12
4.97707e+12
4.96042e+12
4.94377e+12
4.92711e+12
4.91044e+12
4.89376e+12
4.87708e+12
4.86039e+12
4.84369e+12
4.82698e+12
4.81027e+12
4.79355e+12
4.77682e+12
4.76009e+12
4.74335e+12
4.7266e+12
4.70985e+12
4.69309e+12
4.67632e+12
4.65954e+12
4.64276e+12
4.62597e+12
4.60917e+12
4.59236e+12
4.57555e+12
4.55873e+12
4.54191e+12
4.52507e+12
4.50823e+12
4.49139e+12
4.47453e+12
4.45767e+12
4.4408e+12
4.42393e+12
4.40705e+12
4.39016e+12
4.37326e+12
4.35636e+12
4.33945e+12
4.32253e+12
4.3056e+12
4.28867e+12
4.27173e+12
4.25479e+12
4.23783e+12
4.22087e+12
4.20391e+12
4.18693e+12
4.16995e+12
4.15296e+12
4.13597e+12
4.11897e+12
4.10196e+12
4.08494e+12
4.06792e+12
4.05089e+12
4.03385e+12
4.01681e+12
3.99976e+12
3.9827e+12
3.96563e+12
3.94856e+12
3.93148e+12
3.9144e+12
3.8973e+12
3.8802e+12
3.8631e+12
3.84598e+12
3.82886e+12
3.81174e+12
3.7946e+12
3.77746e+12
3.76031e+12
3.74316e+12
3.72599e+12
3.70882e+12
3.69165e+12
3.67446e+12
3.65727e+12
3.64008e+12
3.62287e+12
3.60566e+12
3.58844e+12
3.57122e+12
3.55399e+12
3.53675e+12
3.5195e+12
3.50225e+12
3.48499e+12
3.46773e+12
3.45045e+12
3.43317e+12
3.41589e+12
3.39859e+12
3.38129e+12
3.36398e+12
3.34667e+12
3.32935e+12
3.31202e+12
3.29469e+12
3.27734e+12
3.25999e+12
3.24264e+12
3.22528e+12
3.20791e+12
3.19053e+12
3.17315e+12
3.15576e+12
3.13836e+12
3.12096e+12
3.10355e+12
3.08613e+12
3.06871e+12
3.05128e+12
3.03384e+12
3.01639e+12
2.99894e+12
2.98148e+12
2.96402e+12
2.94655e+12
2.92907e+12
2.91158e+12
2.89409e+12
2.87659e+12
2.85908e+12
2.84157e+12
2.82405e+12
2.80653e+12
2.78899e+12
2.77145e+12
2.75391e+12
2.73635e+12
2.71879e+12
2.70123e+12
2.68365e+12
2.66607e+12
2.64848e+12
2.63089e+12
2.61329e+12
2.59568e+12
2.57807e+12
2.56044e+12
2.54282e+12
2.52518e+12
2.50754e+12
2.48989e+12
2.47224e+12
2.45458e+12
2.43691e+12
2.41923e+12
2.40155e+12
2.38386e+12
2.36617e+12
2.34846e+12
2.33075e+12
2.31304e+12
2.29532e+12
2.27759e+12
2.25985e+12
2.24211e+12
2.22436e+12
2.2066e+12
2.18884e+12
2.17107e+12
2.1533e+12
2.13551e+12
2.11772e+12
2.09993e+12
2.08212e+12
2.06431e+12
2.0465e+12
2.02868e+12
2.01085e+12
1.99301e+12
1.97517e+12
1.95732e+12
1.93946e+12
1.9216e+12
1.90373e+12
1.88585e+12
1.86797e+12
1.85008e+12
1.83218e+12
1.81428e+12
1.79637e+12
1.77845e+12
1.76053e+12
1.7426e+12
1.72466e+12
1.70672e+12
1.68877e+12
1.67082e+12
1.65285e+12
1.63488e+12
1.61691e+12
1.59892e+12
1.58093e+12
1.56294e+12
1.54494e+12
1.52693e+12
1.50891e+12
1.49089e+12
1.47286e+12
1.45482e+12
1.43678e+12
1.41873e+12
1.40068e+12
1.38261e+12
1.36454e+12
1.34647e+12
1.32839e+12
1.3103e+12
1.2922e+12
1.2741e+12
1.25599e+12
1.23788e+12
1.21976e+12
1.20163e+12
1.18349e+12
1.16535e+12
1.1472e+12
1.12905e+12
1.11089e+12
1.09272e+12
1.07455e+12
1.05637e+12
1.03818e+12
1.01999e+12
1.00179e+12
9.83578e+11
9.65365e+11
9.47145e+11
9.28918e+11
9.10685e+11
8.92445e+11
8.74199e+11
8.55946e+11
8.37687e+11
8.19421e+11
8.01148e+11
7.82869e+11
7.64584e+11
7.46292e+11
7.27993e+11
7.09688e+11
6.91377e+11
6.73059e+11
6.54734e+11
6.36403e+11
6.18065e+11
5.99721e+11
5.8137e+11
5.63013e+11
5.44649e+11
5.26279e+11
5.07902e+11
4.89519e+11
4.71129e+11
4.52733e+11
4.3433e+11
4.15921e+11
3.97505e+11
3.79083e+11
3.60654e+11
3.42219e+11
3.23777e+11
3.05329e+11
2.86875e+11
2.68414e+11
2.49946e+11
2.31472e+11
2.12991e+11
1.94504e+11
1.76011e+11
1.57511e+11
1.39005e+11
1.20492e+11
1.01972e+11
8.34467e+10
6.49144e+10
4.63758e+10
2.78306e+10
9.27902e+09
)
;

boundaryField
{
    inlet
    {
        type            darcyGradPressure_G;
        gradient        uniform 3.23949e+11;
        Mf              Mf;
        phi             phi;
        phiG            phiG;
        value           uniform 1.47655e+13;
    }
    outlet
    {
        type            fixedValue;
        value           uniform 0;
    }
    emptyWalls
    {
        type            empty;
    }
}


// ************************************************************************* //
