/*--------------------------------*- C++ -*----------------------------------*\
  =========                 |
  \\      /  F ield         | OpenFOAM: The Open Source CFD Toolbox
   \\    /   O peration     | Website:  https://openfoam.org
    \\  /    A nd           | Version:  9
     \\/     M anipulation  |
\*---------------------------------------------------------------------------*/
FoamFile
{
    format      ascii;
    class       volVectorField;
    location    "19.1";
    object      Uc;
}
// * * * * * * * * * * * * * * * * * * * * * * * * * * * * * * * * * * * * * //

dimensions      [0 0 0 0 0 0 0];

internalField   nonuniform List<vector> 
1000
(
(1.95816e-07 0 0)
(7.07192e-07 0 0)
(1.44888e-06 0 0)
(2.40715e-06 0 0)
(3.5745e-06 0 0)
(4.94581e-06 0 0)
(6.51716e-06 0 0)
(8.28533e-06 0 0)
(1.02476e-05 0 0)
(1.24014e-05 0 0)
(1.47446e-05 0 0)
(1.72751e-05 0 0)
(1.9991e-05 0 0)
(2.28904e-05 0 0)
(2.59717e-05 0 0)
(2.92333e-05 0 0)
(3.26734e-05 0 0)
(3.62906e-05 0 0)
(4.00833e-05 0 0)
(4.40502e-05 0 0)
(4.81898e-05 0 0)
(5.25008e-05 0 0)
(5.69818e-05 0 0)
(6.16315e-05 0 0)
(6.64486e-05 0 0)
(7.14318e-05 0 0)
(7.658e-05 0 0)
(8.18918e-05 0 0)
(8.73662e-05 0 0)
(9.30019e-05 0 0)
(9.87977e-05 0 0)
(0.000104753 0 0)
(0.000110865 0 0)
(0.000117135 0 0)
(0.00012356 0 0)
(0.00013014 0 0)
(0.000136874 0 0)
(0.00014376 0 0)
(0.000150797 0 0)
(0.000157985 0 0)
(0.000165323 0 0)
(0.000172808 0 0)
(0.000180442 0 0)
(0.000188222 0 0)
(0.000196147 0 0)
(0.000204217 0 0)
(0.000212431 0 0)
(0.000220788 0 0)
(0.000229286 0 0)
(0.000237925 0 0)
(0.000246705 0 0)
(0.000255623 0 0)
(0.00026468 0 0)
(0.000273874 0 0)
(0.000283205 0 0)
(0.000292671 0 0)
(0.000302273 0 0)
(0.000312008 0 0)
(0.000321877 0 0)
(0.000331878 0 0)
(0.000342011 0 0)
(0.000352274 0 0)
(0.000362668 0 0)
(0.00037319 0 0)
(0.000383842 0 0)
(0.00039462 0 0)
(0.000405526 0 0)
(0.000416558 0 0)
(0.000427716 0 0)
(0.000438998 0 0)
(0.000450405 0 0)
(0.000461934 0 0)
(0.000473587 0 0)
(0.000485361 0 0)
(0.000497256 0 0)
(0.000509272 0 0)
(0.000521407 0 0)
(0.000533662 0 0)
(0.000546035 0 0)
(0.000558526 0 0)
(0.000571133 0 0)
(0.000583858 0 0)
(0.000596698 0 0)
(0.000609653 0 0)
(0.000622723 0 0)
(0.000635907 0 0)
(0.000649204 0 0)
(0.000662614 0 0)
(0.000676136 0 0)
(0.000689769 0 0)
(0.000703513 0 0)
(0.000717367 0 0)
(0.000731331 0 0)
(0.000745404 0 0)
(0.000759585 0 0)
(0.000773875 0 0)
(0.000788271 0 0)
(0.000802774 0 0)
(0.000817384 0 0)
(0.000832099 0 0)
(0.000846919 0 0)
(0.000861844 0 0)
(0.000876873 0 0)
(0.000892005 0 0)
(0.00090724 0 0)
(0.000922577 0 0)
(0.000938017 0 0)
(0.000953557 0 0)
(0.000969199 0 0)
(0.000984941 0 0)
(0.00100078 0 0)
(0.00101672 0 0)
(0.00103276 0 0)
(0.0010489 0 0)
(0.00106514 0 0)
(0.00108147 0 0)
(0.0010979 0 0)
(0.00111443 0 0)
(0.00113105 0 0)
(0.00114777 0 0)
(0.00116458 0 0)
(0.00118148 0 0)
(0.00119849 0 0)
(0.00121558 0 0)
(0.00123277 0 0)
(0.00125005 0 0)
(0.00126742 0 0)
(0.00128488 0 0)
(0.00130244 0 0)
(0.00132009 0 0)
(0.00133782 0 0)
(0.00135565 0 0)
(0.00137357 0 0)
(0.00139157 0 0)
(0.00140967 0 0)
(0.00142785 0 0)
(0.00144612 0 0)
(0.00146448 0 0)
(0.00148292 0 0)
(0.00150146 0 0)
(0.00152007 0 0)
(0.00153878 0 0)
(0.00155757 0 0)
(0.00157644 0 0)
(0.0015954 0 0)
(0.00161445 0 0)
(0.00163358 0 0)
(0.00165279 0 0)
(0.00167208 0 0)
(0.00169146 0 0)
(0.00171092 0 0)
(0.00173046 0 0)
(0.00175009 0 0)
(0.00176979 0 0)
(0.00178958 0 0)
(0.00180944 0 0)
(0.00182939 0 0)
(0.00184942 0 0)
(0.00186953 0 0)
(0.00188971 0 0)
(0.00190998 0 0)
(0.00193032 0 0)
(0.00195074 0 0)
(0.00197124 0 0)
(0.00199182 0 0)
(0.00201247 0 0)
(0.0020332 0 0)
(0.00205401 0 0)
(0.00207489 0 0)
(0.00209585 0 0)
(0.00211689 0 0)
(0.002138 0 0)
(0.00215919 0 0)
(0.00218045 0 0)
(0.00220178 0 0)
(0.00222319 0 0)
(0.00224467 0 0)
(0.00226623 0 0)
(0.00228785 0 0)
(0.00230956 0 0)
(0.00233133 0 0)
(0.00235318 0 0)
(0.00237509 0 0)
(0.00239708 0 0)
(0.00241914 0 0)
(0.00244128 0 0)
(0.00246348 0 0)
(0.00248575 0 0)
(0.00250809 0 0)
(0.00253051 0 0)
(0.00255299 0 0)
(0.00257554 0 0)
(0.00259816 0 0)
(0.00262085 0 0)
(0.00264361 0 0)
(0.00266644 0 0)
(0.00268933 0 0)
(0.00271229 0 0)
(0.00273532 0 0)
(0.00275842 0 0)
(0.00278158 0 0)
(0.00280481 0 0)
(0.00282811 0 0)
(0.00285147 0 0)
(0.0028749 0 0)
(0.00289839 0 0)
(0.00292195 0 0)
(0.00294557 0 0)
(0.00296926 0 0)
(0.00299302 0 0)
(0.00301684 0 0)
(0.00304072 0 0)
(0.00306466 0 0)
(0.00308867 0 0)
(0.00311275 0 0)
(0.00313688 0 0)
(0.00316108 0 0)
(0.00318534 0 0)
(0.00320967 0 0)
(0.00323405 0 0)
(0.0032585 0 0)
(0.00328301 0 0)
(0.00330758 0 0)
(0.00333221 0 0)
(0.00335691 0 0)
(0.00338166 0 0)
(0.00340648 0 0)
(0.00343135 0 0)
(0.00345629 0 0)
(0.00348128 0 0)
(0.00350634 0 0)
(0.00353146 0 0)
(0.00355663 0 0)
(0.00358186 0 0)
(0.00360715 0 0)
(0.00363251 0 0)
(0.00365791 0 0)
(0.00368338 0 0)
(0.00370891 0 0)
(0.00373449 0 0)
(0.00376013 0 0)
(0.00378583 0 0)
(0.00381159 0 0)
(0.0038374 0 0)
(0.00386327 0 0)
(0.00388919 0 0)
(0.00391518 0 0)
(0.00394122 0 0)
(0.00396731 0 0)
(0.00399346 0 0)
(0.00401967 0 0)
(0.00404593 0 0)
(0.00407225 0 0)
(0.00409862 0 0)
(0.00412505 0 0)
(0.00415153 0 0)
(0.00417806 0 0)
(0.00420465 0 0)
(0.0042313 0 0)
(0.004258 0 0)
(0.00428475 0 0)
(0.00431156 0 0)
(0.00433842 0 0)
(0.00436533 0 0)
(0.0043923 0 0)
(0.00441931 0 0)
(0.00444639 0 0)
(0.00447351 0 0)
(0.00450069 0 0)
(0.00452791 0 0)
(0.0045552 0 0)
(0.00458253 0 0)
(0.00460991 0 0)
(0.00463735 0 0)
(0.00466483 0 0)
(0.00469237 0 0)
(0.00471996 0 0)
(0.0047476 0 0)
(0.00477529 0 0)
(0.00480303 0 0)
(0.00483083 0 0)
(0.00485867 0 0)
(0.00488656 0 0)
(0.0049145 0 0)
(0.00494249 0 0)
(0.00497053 0 0)
(0.00499862 0 0)
(0.00502676 0 0)
(0.00505495 0 0)
(0.00508319 0 0)
(0.00511148 0 0)
(0.00513981 0 0)
(0.0051682 0 0)
(0.00519663 0 0)
(0.00522511 0 0)
(0.00525364 0 0)
(0.00528221 0 0)
(0.00531084 0 0)
(0.00533951 0 0)
(0.00536823 0 0)
(0.00539699 0 0)
(0.00542581 0 0)
(0.00545467 0 0)
(0.00548358 0 0)
(0.00551253 0 0)
(0.00554153 0 0)
(0.00557058 0 0)
(0.00559967 0 0)
(0.00562881 0 0)
(0.005658 0 0)
(0.00568723 0 0)
(0.00571651 0 0)
(0.00574583 0 0)
(0.0057752 0 0)
(0.00580461 0 0)
(0.00583407 0 0)
(0.00586357 0 0)
(0.00589312 0 0)
(0.00592272 0 0)
(0.00595235 0 0)
(0.00598204 0 0)
(0.00601177 0 0)
(0.00604154 0 0)
(0.00607135 0 0)
(0.00610121 0 0)
(0.00613112 0 0)
(0.00616106 0 0)
(0.00619106 0 0)
(0.00622109 0 0)
(0.00625117 0 0)
(0.00628129 0 0)
(0.00631146 0 0)
(0.00634166 0 0)
(0.00637191 0 0)
(0.00640221 0 0)
(0.00643254 0 0)
(0.00646292 0 0)
(0.00649334 0 0)
(0.00652381 0 0)
(0.00655431 0 0)
(0.00658486 0 0)
(0.00661545 0 0)
(0.00664608 0 0)
(0.00667675 0 0)
(0.00670747 0 0)
(0.00673823 0 0)
(0.00676902 0 0)
(0.00679986 0 0)
(0.00683074 0 0)
(0.00686166 0 0)
(0.00689263 0 0)
(0.00692363 0 0)
(0.00695467 0 0)
(0.00698576 0 0)
(0.00701688 0 0)
(0.00704805 0 0)
(0.00707925 0 0)
(0.0071105 0 0)
(0.00714178 0 0)
(0.00717311 0 0)
(0.00720448 0 0)
(0.00723588 0 0)
(0.00726733 0 0)
(0.00729881 0 0)
(0.00733033 0 0)
(0.0073619 0 0)
(0.0073935 0 0)
(0.00742514 0 0)
(0.00745682 0 0)
(0.00748854 0 0)
(0.0075203 0 0)
(0.0075521 0 0)
(0.00758393 0 0)
(0.00761581 0 0)
(0.00764772 0 0)
(0.00767967 0 0)
(0.00771166 0 0)
(0.00774368 0 0)
(0.00777575 0 0)
(0.00780785 0 0)
(0.00783999 0 0)
(0.00787217 0 0)
(0.00790439 0 0)
(0.00793664 0 0)
(0.00796893 0 0)
(0.00800126 0 0)
(0.00803363 0 0)
(0.00806603 0 0)
(0.00809847 0 0)
(0.00813095 0 0)
(0.00816346 0 0)
(0.00819601 0 0)
(0.0082286 0 0)
(0.00826122 0 0)
(0.00829388 0 0)
(0.00832658 0 0)
(0.00835931 0 0)
(0.00839208 0 0)
(0.00842489 0 0)
(0.00845773 0 0)
(0.0084906 0 0)
(0.00852352 0 0)
(0.00855647 0 0)
(0.00858945 0 0)
(0.00862247 0 0)
(0.00865553 0 0)
(0.00868862 0 0)
(0.00872175 0 0)
(0.00875491 0 0)
(0.00878811 0 0)
(0.00882134 0 0)
(0.00885461 0 0)
(0.00888791 0 0)
(0.00892125 0 0)
(0.00895462 0 0)
(0.00898802 0 0)
(0.00902147 0 0)
(0.00905494 0 0)
(0.00908845 0 0)
(0.009122 0 0)
(0.00915558 0 0)
(0.00918919 0 0)
(0.00922284 0 0)
(0.00925652 0 0)
(0.00929023 0 0)
(0.00932398 0 0)
(0.00935776 0 0)
(0.00939158 0 0)
(0.00942543 0 0)
(0.00945932 0 0)
(0.00949323 0 0)
(0.00952718 0 0)
(0.00956117 0 0)
(0.00959519 0 0)
(0.00962924 0 0)
(0.00966332 0 0)
(0.00969744 0 0)
(0.00973159 0 0)
(0.00976577 0 0)
(0.00979999 0 0)
(0.00983424 0 0)
(0.00986852 0 0)
(0.00990283 0 0)
(0.00993718 0 0)
(0.00997156 0 0)
(0.010006 0 0)
(0.0100404 0 0)
(0.0100749 0 0)
(0.0101094 0 0)
(0.0101439 0 0)
(0.0101785 0 0)
(0.0102131 0 0)
(0.0102477 0 0)
(0.0102824 0 0)
(0.0103171 0 0)
(0.0103518 0 0)
(0.0103866 0 0)
(0.0104214 0 0)
(0.0104562 0 0)
(0.0104911 0 0)
(0.010526 0 0)
(0.0105609 0 0)
(0.0105958 0 0)
(0.0106308 0 0)
(0.0106658 0 0)
(0.0107009 0 0)
(0.010736 0 0)
(0.0107711 0 0)
(0.0108062 0 0)
(0.0108414 0 0)
(0.0108766 0 0)
(0.0109118 0 0)
(0.0109471 0 0)
(0.0109824 0 0)
(0.0110177 0 0)
(0.011053 0 0)
(0.0110884 0 0)
(0.0111238 0 0)
(0.0111593 0 0)
(0.0111947 0 0)
(0.0112302 0 0)
(0.0112658 0 0)
(0.0113013 0 0)
(0.0113369 0 0)
(0.0113725 0 0)
(0.0114082 0 0)
(0.0114439 0 0)
(0.0114796 0 0)
(0.0115153 0 0)
(0.0115511 0 0)
(0.0115869 0 0)
(0.0116227 0 0)
(0.0116586 0 0)
(0.0116945 0 0)
(0.0117304 0 0)
(0.0117663 0 0)
(0.0118023 0 0)
(0.0118383 0 0)
(0.0118743 0 0)
(0.0119104 0 0)
(0.0119465 0 0)
(0.0119826 0 0)
(0.0120188 0 0)
(0.0120549 0 0)
(0.0120912 0 0)
(0.0121274 0 0)
(0.0121636 0 0)
(0.0121999 0 0)
(0.0122363 0 0)
(0.0122726 0 0)
(0.012309 0 0)
(0.0123454 0 0)
(0.0123818 0 0)
(0.0124183 0 0)
(0.0124548 0 0)
(0.0124913 0 0)
(0.0125278 0 0)
(0.0125644 0 0)
(0.012601 0 0)
(0.0126376 0 0)
(0.0126743 0 0)
(0.012711 0 0)
(0.0127477 0 0)
(0.0127844 0 0)
(0.0128212 0 0)
(0.012858 0 0)
(0.0128948 0 0)
(0.0129317 0 0)
(0.0129686 0 0)
(0.0130055 0 0)
(0.0130424 0 0)
(0.0130793 0 0)
(0.0131163 0 0)
(0.0131534 0 0)
(0.0131904 0 0)
(0.0132275 0 0)
(0.0132646 0 0)
(0.0133017 0 0)
(0.0133388 0 0)
(0.013376 0 0)
(0.0134132 0 0)
(0.0134504 0 0)
(0.0134877 0 0)
(0.013525 0 0)
(0.0135623 0 0)
(0.0135996 0 0)
(0.013637 0 0)
(0.0136744 0 0)
(0.0137118 0 0)
(0.0137492 0 0)
(0.0137867 0 0)
(0.0138242 0 0)
(0.0138617 0 0)
(0.0138993 0 0)
(0.0139368 0 0)
(0.0139744 0 0)
(0.0140121 0 0)
(0.0140497 0 0)
(0.0140874 0 0)
(0.0141251 0 0)
(0.0141628 0 0)
(0.0142006 0 0)
(0.0142383 0 0)
(0.0142762 0 0)
(0.014314 0 0)
(0.0143518 0 0)
(0.0143897 0 0)
(0.0144276 0 0)
(0.0144656 0 0)
(0.0145035 0 0)
(0.0145415 0 0)
(0.0145795 0 0)
(0.0146176 0 0)
(0.0146556 0 0)
(0.0146937 0 0)
(0.0147318 0 0)
(0.01477 0 0)
(0.0148081 0 0)
(0.0148463 0 0)
(0.0148845 0 0)
(0.0149228 0 0)
(0.014961 0 0)
(0.0149993 0 0)
(0.0150376 0 0)
(0.015076 0 0)
(0.0151143 0 0)
(0.0151527 0 0)
(0.0151911 0 0)
(0.0152296 0 0)
(0.015268 0 0)
(0.0153065 0 0)
(0.015345 0 0)
(0.0153835 0 0)
(0.0154221 0 0)
(0.0154607 0 0)
(0.0154993 0 0)
(0.0155379 0 0)
(0.0155766 0 0)
(0.0156153 0 0)
(0.015654 0 0)
(0.0156927 0 0)
(0.0157315 0 0)
(0.0157702 0 0)
(0.015809 0 0)
(0.0158479 0 0)
(0.0158867 0 0)
(0.0159256 0 0)
(0.0159645 0 0)
(0.0160034 0 0)
(0.0160423 0 0)
(0.0160813 0 0)
(0.0161203 0 0)
(0.0161593 0 0)
(0.0161984 0 0)
(0.0162374 0 0)
(0.0162765 0 0)
(0.0163156 0 0)
(0.0163548 0 0)
(0.0163939 0 0)
(0.0164331 0 0)
(0.0164723 0 0)
(0.0165116 0 0)
(0.0165508 0 0)
(0.0165901 0 0)
(0.0166294 0 0)
(0.0166687 0 0)
(0.0167081 0 0)
(0.0167474 0 0)
(0.0167868 0 0)
(0.0168262 0 0)
(0.0168657 0 0)
(0.0169051 0 0)
(0.0169446 0 0)
(0.0169841 0 0)
(0.0170237 0 0)
(0.0170632 0 0)
(0.0171028 0 0)
(0.0171424 0 0)
(0.017182 0 0)
(0.0172217 0 0)
(0.0172613 0 0)
(0.017301 0 0)
(0.0173407 0 0)
(0.0173805 0 0)
(0.0174202 0 0)
(0.01746 0 0)
(0.0174998 0 0)
(0.0175397 0 0)
(0.0175795 0 0)
(0.0176194 0 0)
(0.0176593 0 0)
(0.0176992 0 0)
(0.0177391 0 0)
(0.0177791 0 0)
(0.0178191 0 0)
(0.0178591 0 0)
(0.0178991 0 0)
(0.0179392 0 0)
(0.0179793 0 0)
(0.0180194 0 0)
(0.0180595 0 0)
(0.0180996 0 0)
(0.0181398 0 0)
(0.01818 0 0)
(0.0182202 0 0)
(0.0182604 0 0)
(0.0183007 0 0)
(0.0183409 0 0)
(0.0183812 0 0)
(0.0184215 0 0)
(0.0184619 0 0)
(0.0185023 0 0)
(0.0185426 0 0)
(0.018583 0 0)
(0.0186235 0 0)
(0.0186639 0 0)
(0.0187044 0 0)
(0.0187449 0 0)
(0.0187854 0 0)
(0.0188259 0 0)
(0.0188665 0 0)
(0.0189071 0 0)
(0.0189477 0 0)
(0.0189883 0 0)
(0.0190289 0 0)
(0.0190696 0 0)
(0.0191103 0 0)
(0.019151 0 0)
(0.0191917 0 0)
(0.0192325 0 0)
(0.0192733 0 0)
(0.019314 0 0)
(0.0193549 0 0)
(0.0193957 0 0)
(0.0194366 0 0)
(0.0194774 0 0)
(0.0195183 0 0)
(0.0195593 0 0)
(0.0196002 0 0)
(0.0196412 0 0)
(0.0196822 0 0)
(0.0197232 0 0)
(0.0197642 0 0)
(0.0198052 0 0)
(0.0198463 0 0)
(0.0198874 0 0)
(0.0199285 0 0)
(0.0199696 0 0)
(0.0200108 0 0)
(0.020052 0 0)
(0.0200932 0 0)
(0.0201344 0 0)
(0.0201756 0 0)
(0.0202169 0 0)
(0.0202581 0 0)
(0.0202994 0 0)
(0.0203408 0 0)
(0.0203821 0 0)
(0.0204235 0 0)
(0.0204648 0 0)
(0.0205062 0 0)
(0.0205477 0 0)
(0.0205891 0 0)
(0.0206306 0 0)
(0.0206721 0 0)
(0.0207136 0 0)
(0.0207551 0 0)
(0.0207966 0 0)
(0.0208382 0 0)
(0.0208798 0 0)
(0.0209214 0 0)
(0.020963 0 0)
(0.0210047 0 0)
(0.0210463 0 0)
(0.021088 0 0)
(0.0211297 0 0)
(0.0211715 0 0)
(0.0212132 0 0)
(0.021255 0 0)
(0.0212968 0 0)
(0.0213386 0 0)
(0.0213804 0 0)
(0.0214223 0 0)
(0.0214641 0 0)
(0.021506 0 0)
(0.0215479 0 0)
(0.0215899 0 0)
(0.0216318 0 0)
(0.0216738 0 0)
(0.0217158 0 0)
(0.0217578 0 0)
(0.0217998 0 0)
(0.0218419 0 0)
(0.0218839 0 0)
(0.021926 0 0)
(0.0219681 0 0)
(0.0220102 0 0)
(0.0220524 0 0)
(0.0220946 0 0)
(0.0221368 0 0)
(0.022179 0 0)
(0.0222212 0 0)
(0.0222634 0 0)
(0.0223057 0 0)
(0.022348 0 0)
(0.0223903 0 0)
(0.0224326 0 0)
(0.022475 0 0)
(0.0225173 0 0)
(0.0225597 0 0)
(0.0226021 0 0)
(0.0226445 0 0)
(0.022687 0 0)
(0.0227295 0 0)
(0.0227719 0 0)
(0.0228144 0 0)
(0.022857 0 0)
(0.0228995 0 0)
(0.0229421 0 0)
(0.0229846 0 0)
(0.0230272 0 0)
(0.0230699 0 0)
(0.0231125 0 0)
(0.0231551 0 0)
(0.0231978 0 0)
(0.0232405 0 0)
(0.0232832 0 0)
(0.023326 0 0)
(0.0233687 0 0)
(0.0234115 0 0)
(0.0234543 0 0)
(0.0234971 0 0)
(0.0235399 0 0)
(0.0235828 0 0)
(0.0236256 0 0)
(0.0236685 0 0)
(0.0237114 0 0)
(0.0237543 0 0)
(0.0237973 0 0)
(0.0238403 0 0)
(0.0238832 0 0)
(0.0239262 0 0)
(0.0239693 0 0)
(0.0240123 0 0)
(0.0240553 0 0)
(0.0240984 0 0)
(0.0241415 0 0)
(0.0241846 0 0)
(0.0242278 0 0)
(0.0242709 0 0)
(0.0243141 0 0)
(0.0243573 0 0)
(0.0244005 0 0)
(0.0244437 0 0)
(0.024487 0 0)
(0.0245302 0 0)
(0.0245735 0 0)
(0.0246168 0 0)
(0.0246601 0 0)
(0.0247035 0 0)
(0.0247468 0 0)
(0.0247902 0 0)
(0.0248336 0 0)
(0.024877 0 0)
(0.0249204 0 0)
(0.0249639 0 0)
(0.0250074 0 0)
(0.0250508 0 0)
(0.0250944 0 0)
(0.0251379 0 0)
(0.0251814 0 0)
(0.025225 0 0)
(0.0252686 0 0)
(0.0253122 0 0)
(0.0253558 0 0)
(0.0253994 0 0)
(0.0254431 0 0)
(0.0254867 0 0)
(0.0255304 0 0)
(0.0255741 0 0)
(0.0256179 0 0)
(0.0256616 0 0)
(0.0257054 0 0)
(0.0257492 0 0)
(0.025793 0 0)
(0.0258368 0 0)
(0.0258806 0 0)
(0.0259245 0 0)
(0.0259683 0 0)
(0.0260122 0 0)
(0.0260562 0 0)
(0.0261001 0 0)
(0.026144 0 0)
(0.026188 0 0)
(0.026232 0 0)
(0.026276 0 0)
(0.02632 0 0)
(0.026364 0 0)
(0.0264081 0 0)
(0.0264522 0 0)
(0.0264963 0 0)
(0.0265404 0 0)
(0.0265845 0 0)
(0.0266286 0 0)
(0.0266728 0 0)
(0.026717 0 0)
(0.0267612 0 0)
(0.0268054 0 0)
(0.0268496 0 0)
(0.0268939 0 0)
(0.0269382 0 0)
(0.0269824 0 0)
(0.0270268 0 0)
(0.0270711 0 0)
(0.0271154 0 0)
(0.0271598 0 0)
(0.0272042 0 0)
(0.0272486 0 0)
(0.027293 0 0)
(0.0273374 0 0)
(0.0273819 0 0)
(0.0274263 0 0)
(0.0274708 0 0)
(0.0275153 0 0)
(0.0275598 0 0)
(0.0276044 0 0)
(0.0276489 0 0)
(0.0276935 0 0)
(0.0277381 0 0)
(0.0277827 0 0)
(0.0278273 0 0)
(0.027872 0 0)
(0.0279167 0 0)
(0.0279613 0 0)
(0.028006 0 0)
(0.0280507 0 0)
(0.0280955 0 0)
(0.0281402 0 0)
(0.028185 0 0)
(0.0282298 0 0)
(0.0282746 0 0)
(0.0283194 0 0)
(0.0283643 0 0)
(0.0284091 0 0)
(0.028454 0 0)
(0.0284989 0 0)
(0.0285438 0 0)
(0.0285887 0 0)
(0.0286337 0 0)
(0.0286786 0 0)
(0.0287236 0 0)
(0.0287686 0 0)
(0.0288136 0 0)
(0.0288587 0 0)
(0.0289037 0 0)
(0.0289488 0 0)
(0.0289939 0 0)
(0.029039 0 0)
(0.0290841 0 0)
(0.0291292 0 0)
(0.0291744 0 0)
(0.0292195 0 0)
(0.0292647 0 0)
(0.0293099 0 0)
(0.0293552 0 0)
(0.0294004 0 0)
(0.0294457 0 0)
(0.0294909 0 0)
(0.0295362 0 0)
(0.0295815 0 0)
(0.0296269 0 0)
(0.0296722 0 0)
(0.0297176 0 0)
(0.029763 0 0)
(0.0298084 0 0)
(0.0298538 0 0)
(0.0298992 0 0)
(0.0299447 0 0)
(0.0299901 0 0)
(0.0300356 0 0)
(0.0300811 0 0)
(0.0301266 0 0)
(0.0301722 0 0)
(0.0302177 0 0)
(0.0302633 0 0)
(0.0303089 0 0)
(0.0303545 0 0)
(0.0304001 0 0)
(0.0304457 0 0)
(0.0304914 0 0)
(0.0305371 0 0)
(0.0305827 0 0)
(0.0306285 0 0)
(0.0306742 0 0)
(0.0307199 0 0)
(0.0307657 0 0)
(0.0308115 0 0)
(0.0308572 0 0)
(0.0309031 0 0)
(0.0309489 0 0)
(0.0309947 0 0)
(0.0310406 0 0)
(0.0310865 0 0)
(0.0311324 0 0)
(0.0311783 0 0)
(0.0312242 0 0)
(0.0312701 0 0)
(0.0313161 0 0)
(0.0313621 0 0)
(0.0314081 0 0)
(0.0314541 0 0)
(0.0315001 0 0)
(0.0315462 0 0)
(0.0315922 0 0)
(0.0316383 0 0)
(0.0316844 0 0)
(0.0317305 0 0)
(0.0317767 0 0)
(0.0318228 0 0)
(0.031869 0 0)
(0.0319152 0 0)
(0.0319614 0 0)
(0.0320076 0 0)
(0.0320538 0 0)
(0.0321001 0 0)
(0.0321463 0 0)
(0.0321926 0 0)
(0.0322389 0 0)
(0.0322853 0 0)
(0.0323316 0 0)
(0.0323779 0 0)
(0.0324243 0 0)
(0.0324707 0 0)
(0.0325171 0 0)
(0.0325635 0 0)
(0.03261 0 0)
(0.0326564 0 0)
(0.0327029 0 0)
(0.0327494 0 0)
(0.0327959 0 0)
)
;

boundaryField
{
    inlet
    {
        type            fixedValue;
        value           uniform (0 0 0);
    }
    outlet
    {
        type            zeroGradient;
    }
    emptyWalls
    {
        type            empty;
    }
}


// ************************************************************************* //
