/*--------------------------------*- C++ -*----------------------------------*\
  =========                 |
  \\      /  F ield         | OpenFOAM: The Open Source CFD Toolbox
   \\    /   O peration     | Website:  https://openfoam.org
    \\  /    A nd           | Version:  9
     \\/     M anipulation  |
\*---------------------------------------------------------------------------*/
FoamFile
{
    format      ascii;
    class       volScalarField;
    location    "18.6";
    object      Sa;
}
// * * * * * * * * * * * * * * * * * * * * * * * * * * * * * * * * * * * * * //

dimensions      [0 0 0 0 0 0 0];

internalField   nonuniform List<scalar> 
1000
(
0.499673
0.499471
0.499285
0.499105
0.49893
0.498758
0.498588
0.49842
0.498254
0.49809
0.497926
0.497764
0.497603
0.497443
0.497283
0.497125
0.496968
0.496811
0.496655
0.4965
0.496346
0.496192
0.496039
0.495887
0.495736
0.495585
0.495435
0.495285
0.495136
0.494988
0.49484
0.494693
0.494546
0.494401
0.494255
0.49411
0.493966
0.493822
0.493679
0.493537
0.493395
0.493253
0.493112
0.492972
0.492832
0.492692
0.492553
0.492415
0.492277
0.492139
0.492002
0.491866
0.49173
0.491594
0.491459
0.491324
0.49119
0.491056
0.490923
0.49079
0.490658
0.490526
0.490394
0.490263
0.490133
0.490002
0.489873
0.489743
0.489614
0.489486
0.489358
0.48923
0.489103
0.488976
0.488849
0.488723
0.488597
0.488472
0.488347
0.488223
0.488099
0.487975
0.487851
0.487728
0.487606
0.487484
0.487362
0.48724
0.487119
0.486998
0.486878
0.486758
0.486638
0.486519
0.4864
0.486281
0.486163
0.486045
0.485927
0.48581
0.485693
0.485576
0.48546
0.485344
0.485229
0.485113
0.484998
0.484884
0.484769
0.484655
0.484542
0.484428
0.484315
0.484203
0.48409
0.483978
0.483867
0.483755
0.483644
0.483533
0.483422
0.483312
0.483202
0.483093
0.482983
0.482874
0.482765
0.482657
0.482549
0.482441
0.482333
0.482226
0.482119
0.482012
0.481906
0.481799
0.481693
0.481588
0.481482
0.481377
0.481272
0.481168
0.481063
0.480959
0.480856
0.480752
0.480649
0.480546
0.480443
0.480341
0.480238
0.480136
0.480035
0.479933
0.479832
0.479731
0.47963
0.47953
0.47943
0.47933
0.47923
0.47913
0.479031
0.478932
0.478833
0.478735
0.478637
0.478539
0.478441
0.478343
0.478246
0.478149
0.478052
0.477955
0.477859
0.477763
0.477667
0.477571
0.477475
0.47738
0.477285
0.47719
0.477095
0.477001
0.476907
0.476813
0.476719
0.476625
0.476532
0.476439
0.476346
0.476253
0.476161
0.476069
0.475976
0.475885
0.475793
0.475701
0.47561
0.475519
0.475428
0.475338
0.475247
0.475157
0.475067
0.474977
0.474887
0.474798
0.474708
0.474619
0.474531
0.474442
0.474353
0.474265
0.474177
0.474089
0.474001
0.473914
0.473826
0.473739
0.473652
0.473565
0.473479
0.473392
0.473306
0.47322
0.473134
0.473048
0.472963
0.472877
0.472792
0.472707
0.472622
0.472538
0.472453
0.472369
0.472285
0.472201
0.472117
0.472033
0.47195
0.471866
0.471783
0.4717
0.471618
0.471535
0.471453
0.47137
0.471288
0.471206
0.471124
0.471043
0.470961
0.47088
0.470799
0.470718
0.470637
0.470556
0.470476
0.470395
0.470315
0.470235
0.470155
0.470076
0.469996
0.469917
0.469837
0.469758
0.469679
0.4696
0.469522
0.469443
0.469365
0.469287
0.469209
0.469131
0.469053
0.468975
0.468898
0.468821
0.468743
0.468666
0.46859
0.468513
0.468436
0.46836
0.468283
0.468207
0.468131
0.468055
0.46798
0.467904
0.467828
0.467753
0.467678
0.467603
0.467528
0.467453
0.467378
0.467304
0.46723
0.467155
0.467081
0.467007
0.466933
0.46686
0.466786
0.466713
0.466639
0.466566
0.466493
0.46642
0.466347
0.466275
0.466202
0.46613
0.466057
0.465985
0.465913
0.465841
0.465769
0.465698
0.465626
0.465555
0.465484
0.465412
0.465341
0.46527
0.4652
0.465129
0.465058
0.464988
0.464918
0.464848
0.464777
0.464708
0.464638
0.464568
0.464498
0.464429
0.46436
0.46429
0.464221
0.464152
0.464083
0.464014
0.463946
0.463877
0.463809
0.46374
0.463672
0.463604
0.463536
0.463468
0.463401
0.463333
0.463265
0.463198
0.463131
0.463063
0.462996
0.462929
0.462862
0.462796
0.462729
0.462662
0.462596
0.46253
0.462463
0.462397
0.462331
0.462265
0.4622
0.462134
0.462068
0.462003
0.461937
0.461872
0.461807
0.461742
0.461677
0.461612
0.461547
0.461483
0.461418
0.461354
0.461289
0.461225
0.461161
0.461097
0.461033
0.460969
0.460905
0.460841
0.460778
0.460714
0.460651
0.460588
0.460524
0.460461
0.460398
0.460336
0.460273
0.46021
0.460147
0.460085
0.460023
0.45996
0.459898
0.459836
0.459774
0.459712
0.45965
0.459588
0.459527
0.459465
0.459404
0.459342
0.459281
0.45922
0.459158
0.459097
0.459037
0.458976
0.458915
0.458854
0.458794
0.458733
0.458673
0.458612
0.458552
0.458492
0.458432
0.458372
0.458312
0.458252
0.458193
0.458133
0.458074
0.458014
0.457955
0.457896
0.457836
0.457777
0.457718
0.457659
0.4576
0.457542
0.457483
0.457424
0.457366
0.457308
0.457249
0.457191
0.457133
0.457075
0.457017
0.456959
0.456901
0.456843
0.456785
0.456728
0.45667
0.456613
0.456555
0.456498
0.456441
0.456384
0.456327
0.45627
0.456213
0.456156
0.456099
0.456043
0.455986
0.455929
0.455873
0.455817
0.45576
0.455704
0.455648
0.455592
0.455536
0.45548
0.455424
0.455369
0.455313
0.455257
0.455202
0.455146
0.455091
0.455036
0.454981
0.454925
0.45487
0.454815
0.45476
0.454706
0.454651
0.454596
0.454541
0.454487
0.454432
0.454378
0.454324
0.454269
0.454215
0.454161
0.454107
0.454053
0.453999
0.453945
0.453891
0.453838
0.453784
0.453731
0.453677
0.453624
0.45357
0.453517
0.453464
0.453411
0.453357
0.453304
0.453251
0.453199
0.453146
0.453093
0.45304
0.452988
0.452935
0.452883
0.45283
0.452778
0.452726
0.452673
0.452621
0.452569
0.452517
0.452465
0.452413
0.452362
0.45231
0.452258
0.452206
0.452155
0.452103
0.452052
0.452001
0.451949
0.451898
0.451847
0.451796
0.451745
0.451694
0.451643
0.451592
0.451541
0.45149
0.45144
0.451389
0.451339
0.451288
0.451238
0.451187
0.451137
0.451087
0.451037
0.450986
0.450936
0.450886
0.450836
0.450787
0.450737
0.450687
0.450637
0.450588
0.450538
0.450489
0.450439
0.45039
0.45034
0.450291
0.450242
0.450193
0.450144
0.450094
0.450045
0.449997
0.449948
0.449899
0.44985
0.449801
0.449753
0.449704
0.449656
0.449607
0.449559
0.44951
0.449462
0.449414
0.449366
0.449317
0.449269
0.449221
0.449173
0.449125
0.449078
0.44903
0.448982
0.448934
0.448887
0.448839
0.448792
0.448744
0.448697
0.448649
0.448602
0.448555
0.448508
0.44846
0.448413
0.448366
0.448319
0.448272
0.448225
0.448179
0.448132
0.448085
0.448038
0.447992
0.447945
0.447899
0.447852
0.447806
0.44776
0.447713
0.447667
0.447621
0.447575
0.447529
0.447482
0.447436
0.447391
0.447345
0.447299
0.447253
0.447207
0.447162
0.447116
0.44707
0.447025
0.446979
0.446934
0.446888
0.446843
0.446798
0.446753
0.446707
0.446662
0.446617
0.446572
0.446527
0.446482
0.446437
0.446392
0.446348
0.446303
0.446258
0.446213
0.446169
0.446124
0.44608
0.446035
0.445991
0.445946
0.445902
0.445858
0.445814
0.445769
0.445725
0.445681
0.445637
0.445593
0.445549
0.445505
0.445462
0.445418
0.445374
0.44533
0.445287
0.445243
0.445199
0.445156
0.445112
0.445069
0.445025
0.444982
0.444939
0.444896
0.444852
0.444809
0.444766
0.444723
0.44468
0.444637
0.444594
0.444551
0.444508
0.444465
0.444423
0.44438
0.444337
0.444295
0.444252
0.444209
0.444167
0.444124
0.444082
0.44404
0.443997
0.443955
0.443913
0.443871
0.443828
0.443786
0.443744
0.443702
0.44366
0.443618
0.443576
0.443534
0.443493
0.443451
0.443409
0.443367
0.443326
0.443284
0.443242
0.443201
0.443159
0.443118
0.443077
0.443035
0.442994
0.442953
0.442911
0.44287
0.442829
0.442788
0.442747
0.442706
0.442665
0.442624
0.442583
0.442542
0.442501
0.44246
0.44242
0.442379
0.442338
0.442298
0.442257
0.442216
0.442176
0.442135
0.442095
0.442055
0.442014
0.441974
0.441934
0.441893
0.441853
0.441813
0.441773
0.441733
0.441693
0.441653
0.441613
0.441573
0.441533
0.441493
0.441453
0.441413
0.441374
0.441334
0.441294
0.441255
0.441215
0.441175
0.441136
0.441096
0.441057
0.441018
0.440978
0.440939
0.440899
0.44086
0.440821
0.440782
0.440743
0.440704
0.440664
0.440625
0.440586
0.440547
0.440508
0.44047
0.440431
0.440392
0.440353
0.440314
0.440276
0.440237
0.440198
0.44016
0.440121
0.440083
0.440044
0.440006
0.439967
0.439929
0.43989
0.439852
0.439814
0.439776
0.439737
0.439699
0.439661
0.439623
0.439585
0.439547
0.439509
0.439471
0.439433
0.439395
0.439357
0.439319
0.439281
0.439244
0.439206
0.439168
0.43913
0.439093
0.439055
0.439018
0.43898
0.438943
0.438905
0.438868
0.43883
0.438793
0.438756
0.438718
0.438681
0.438644
0.438607
0.438569
0.438532
0.438495
0.438458
0.438421
0.438384
0.438347
0.43831
0.438273
0.438236
0.438199
0.438163
0.438126
0.438089
0.438052
0.438016
0.437979
0.437942
0.437906
0.437869
0.437833
0.437796
0.43776
0.437723
0.437687
0.437651
0.437614
0.437578
0.437542
0.437505
0.437469
0.437433
0.437397
0.437361
0.437325
0.437289
0.437253
0.437217
0.437181
0.437145
0.437109
0.437073
0.437037
0.437001
0.436965
0.43693
0.436894
0.436858
0.436823
0.436787
0.436751
0.436716
0.43668
0.436645
0.436609
0.436574
0.436538
0.436503
0.436468
0.436432
0.436397
0.436362
0.436327
0.436291
0.436256
0.436221
0.436186
0.436151
0.436116
0.436081
0.436046
0.436011
0.435976
0.435941
0.435906
0.435871
0.435836
0.435801
0.435767
0.435732
0.435697
0.435662
0.435628
0.435593
0.435559
0.435524
0.435489
0.435455
0.43542
0.435386
0.435351
0.435317
0.435283
0.435248
0.435214
0.43518
0.435145
0.435111
0.435077
0.435043
0.435009
0.434974
0.43494
0.434906
0.434872
0.434838
0.434804
0.43477
0.434736
0.434702
0.434668
0.434635
0.434601
0.434567
0.434533
0.434499
0.434466
0.434432
0.434398
0.434365
0.434331
0.434297
0.434264
0.43423
0.434197
0.434163
0.43413
0.434096
0.434063
0.43403
0.433996
0.433963
0.43393
0.433896
0.433863
0.43383
0.433797
0.433763
0.43373
0.433697
0.433664
0.433631
0.433598
)
;

boundaryField
{
    inlet
    {
        type            fixedValue;
        value           uniform 0.5;
    }
    outlet
    {
        type            zeroGradient;
    }
    emptyWalls
    {
        type            empty;
    }
}


// ************************************************************************* //
