/*--------------------------------*- C++ -*----------------------------------*\
  =========                 |
  \\      /  F ield         | OpenFOAM: The Open Source CFD Toolbox
   \\    /   O peration     | Website:  https://openfoam.org
    \\  /    A nd           | Version:  9
     \\/     M anipulation  |
\*---------------------------------------------------------------------------*/
FoamFile
{
    format      ascii;
    class       volVectorField;
    location    "12.5";
    object      Ub;
}
// * * * * * * * * * * * * * * * * * * * * * * * * * * * * * * * * * * * * * //

dimensions      [0 0 0 0 0 0 0];

internalField   nonuniform List<vector> 
1000
(
(0.290579 0 0)
(0.290578 0 0)
(0.290577 0 0)
(0.290575 0 0)
(0.290574 0 0)
(0.290572 0 0)
(0.29057 0 0)
(0.290567 0 0)
(0.290564 0 0)
(0.290561 0 0)
(0.290558 0 0)
(0.290555 0 0)
(0.290551 0 0)
(0.290547 0 0)
(0.290543 0 0)
(0.290538 0 0)
(0.290533 0 0)
(0.290528 0 0)
(0.290523 0 0)
(0.290518 0 0)
(0.290512 0 0)
(0.290506 0 0)
(0.2905 0 0)
(0.290494 0 0)
(0.290487 0 0)
(0.29048 0 0)
(0.290473 0 0)
(0.290466 0 0)
(0.290458 0 0)
(0.290451 0 0)
(0.290443 0 0)
(0.290435 0 0)
(0.290427 0 0)
(0.290418 0 0)
(0.29041 0 0)
(0.290401 0 0)
(0.290392 0 0)
(0.290382 0 0)
(0.290373 0 0)
(0.290363 0 0)
(0.290353 0 0)
(0.290343 0 0)
(0.290333 0 0)
(0.290323 0 0)
(0.290312 0 0)
(0.290302 0 0)
(0.290291 0 0)
(0.290279 0 0)
(0.290268 0 0)
(0.290257 0 0)
(0.290245 0 0)
(0.290233 0 0)
(0.290221 0 0)
(0.290209 0 0)
(0.290197 0 0)
(0.290184 0 0)
(0.290172 0 0)
(0.290159 0 0)
(0.290146 0 0)
(0.290133 0 0)
(0.29012 0 0)
(0.290106 0 0)
(0.290093 0 0)
(0.290079 0 0)
(0.290065 0 0)
(0.290051 0 0)
(0.290037 0 0)
(0.290022 0 0)
(0.290008 0 0)
(0.289993 0 0)
(0.289978 0 0)
(0.289963 0 0)
(0.289948 0 0)
(0.289933 0 0)
(0.289917 0 0)
(0.289902 0 0)
(0.289886 0 0)
(0.28987 0 0)
(0.289854 0 0)
(0.289838 0 0)
(0.289822 0 0)
(0.289806 0 0)
(0.289789 0 0)
(0.289773 0 0)
(0.289756 0 0)
(0.289739 0 0)
(0.289722 0 0)
(0.289705 0 0)
(0.289687 0 0)
(0.28967 0 0)
(0.289652 0 0)
(0.289635 0 0)
(0.289617 0 0)
(0.289599 0 0)
(0.289581 0 0)
(0.289563 0 0)
(0.289544 0 0)
(0.289526 0 0)
(0.289507 0 0)
(0.289489 0 0)
(0.28947 0 0)
(0.289451 0 0)
(0.289432 0 0)
(0.289413 0 0)
(0.289393 0 0)
(0.289374 0 0)
(0.289355 0 0)
(0.289335 0 0)
(0.289315 0 0)
(0.289295 0 0)
(0.289275 0 0)
(0.289255 0 0)
(0.289235 0 0)
(0.289215 0 0)
(0.289194 0 0)
(0.289174 0 0)
(0.289153 0 0)
(0.289132 0 0)
(0.289112 0 0)
(0.289091 0 0)
(0.28907 0 0)
(0.289048 0 0)
(0.289027 0 0)
(0.289006 0 0)
(0.288984 0 0)
(0.288963 0 0)
(0.288941 0 0)
(0.288919 0 0)
(0.288897 0 0)
(0.288875 0 0)
(0.288853 0 0)
(0.288831 0 0)
(0.288809 0 0)
(0.288786 0 0)
(0.288764 0 0)
(0.288741 0 0)
(0.288719 0 0)
(0.288696 0 0)
(0.288673 0 0)
(0.28865 0 0)
(0.288627 0 0)
(0.288604 0 0)
(0.288581 0 0)
(0.288557 0 0)
(0.288534 0 0)
(0.28851 0 0)
(0.288487 0 0)
(0.288463 0 0)
(0.288439 0 0)
(0.288415 0 0)
(0.288391 0 0)
(0.288367 0 0)
(0.288343 0 0)
(0.288319 0 0)
(0.288294 0 0)
(0.28827 0 0)
(0.288245 0 0)
(0.288221 0 0)
(0.288196 0 0)
(0.288171 0 0)
(0.288147 0 0)
(0.288122 0 0)
(0.288097 0 0)
(0.288071 0 0)
(0.288046 0 0)
(0.288021 0 0)
(0.287996 0 0)
(0.28797 0 0)
(0.287945 0 0)
(0.287919 0 0)
(0.287893 0 0)
(0.287867 0 0)
(0.287842 0 0)
(0.287816 0 0)
(0.28779 0 0)
(0.287764 0 0)
(0.287737 0 0)
(0.287711 0 0)
(0.287685 0 0)
(0.287658 0 0)
(0.287632 0 0)
(0.287605 0 0)
(0.287579 0 0)
(0.287552 0 0)
(0.287525 0 0)
(0.287498 0 0)
(0.287471 0 0)
(0.287444 0 0)
(0.287417 0 0)
(0.28739 0 0)
(0.287363 0 0)
(0.287335 0 0)
(0.287308 0 0)
(0.28728 0 0)
(0.287253 0 0)
(0.287225 0 0)
(0.287198 0 0)
(0.28717 0 0)
(0.287142 0 0)
(0.287114 0 0)
(0.287086 0 0)
(0.287058 0 0)
(0.28703 0 0)
(0.287002 0 0)
(0.286973 0 0)
(0.286945 0 0)
(0.286917 0 0)
(0.286888 0 0)
(0.28686 0 0)
(0.286831 0 0)
(0.286802 0 0)
(0.286774 0 0)
(0.286745 0 0)
(0.286716 0 0)
(0.286687 0 0)
(0.286658 0 0)
(0.286629 0 0)
(0.2866 0 0)
(0.28657 0 0)
(0.286541 0 0)
(0.286512 0 0)
(0.286482 0 0)
(0.286453 0 0)
(0.286423 0 0)
(0.286394 0 0)
(0.286364 0 0)
(0.286334 0 0)
(0.286304 0 0)
(0.286275 0 0)
(0.286245 0 0)
(0.286215 0 0)
(0.286185 0 0)
(0.286154 0 0)
(0.286124 0 0)
(0.286094 0 0)
(0.286064 0 0)
(0.286033 0 0)
(0.286003 0 0)
(0.285972 0 0)
(0.285942 0 0)
(0.285911 0 0)
(0.28588 0 0)
(0.28585 0 0)
(0.285819 0 0)
(0.285788 0 0)
(0.285757 0 0)
(0.285726 0 0)
(0.285695 0 0)
(0.285664 0 0)
(0.285633 0 0)
(0.285602 0 0)
(0.28557 0 0)
(0.285539 0 0)
(0.285508 0 0)
(0.285476 0 0)
(0.285445 0 0)
(0.285413 0 0)
(0.285381 0 0)
(0.28535 0 0)
(0.285318 0 0)
(0.285286 0 0)
(0.285254 0 0)
(0.285222 0 0)
(0.28519 0 0)
(0.285158 0 0)
(0.285126 0 0)
(0.285094 0 0)
(0.285062 0 0)
(0.28503 0 0)
(0.284997 0 0)
(0.284965 0 0)
(0.284933 0 0)
(0.2849 0 0)
(0.284868 0 0)
(0.284835 0 0)
(0.284802 0 0)
(0.28477 0 0)
(0.284737 0 0)
(0.284704 0 0)
(0.284671 0 0)
(0.284638 0 0)
(0.284606 0 0)
(0.284572 0 0)
(0.284539 0 0)
(0.284506 0 0)
(0.284473 0 0)
(0.28444 0 0)
(0.284407 0 0)
(0.284373 0 0)
(0.28434 0 0)
(0.284307 0 0)
(0.284273 0 0)
(0.284239 0 0)
(0.284206 0 0)
(0.284172 0 0)
(0.284139 0 0)
(0.284105 0 0)
(0.284071 0 0)
(0.284037 0 0)
(0.284003 0 0)
(0.283969 0 0)
(0.283935 0 0)
(0.283901 0 0)
(0.283867 0 0)
(0.283833 0 0)
(0.283799 0 0)
(0.283765 0 0)
(0.28373 0 0)
(0.283696 0 0)
(0.283662 0 0)
(0.283627 0 0)
(0.283593 0 0)
(0.283558 0 0)
(0.283524 0 0)
(0.283489 0 0)
(0.283454 0 0)
(0.28342 0 0)
(0.283385 0 0)
(0.28335 0 0)
(0.283315 0 0)
(0.28328 0 0)
(0.283245 0 0)
(0.28321 0 0)
(0.283175 0 0)
(0.28314 0 0)
(0.283105 0 0)
(0.28307 0 0)
(0.283034 0 0)
(0.282999 0 0)
(0.282964 0 0)
(0.282928 0 0)
(0.282893 0 0)
(0.282857 0 0)
(0.282822 0 0)
(0.282786 0 0)
(0.282751 0 0)
(0.282715 0 0)
(0.282679 0 0)
(0.282643 0 0)
(0.282608 0 0)
(0.282572 0 0)
(0.282536 0 0)
(0.2825 0 0)
(0.282464 0 0)
(0.282428 0 0)
(0.282392 0 0)
(0.282356 0 0)
(0.28232 0 0)
(0.282283 0 0)
(0.282247 0 0)
(0.282211 0 0)
(0.282174 0 0)
(0.282138 0 0)
(0.282102 0 0)
(0.282065 0 0)
(0.282029 0 0)
(0.281992 0 0)
(0.281956 0 0)
(0.281919 0 0)
(0.281882 0 0)
(0.281845 0 0)
(0.281809 0 0)
(0.281772 0 0)
(0.281735 0 0)
(0.281698 0 0)
(0.281661 0 0)
(0.281624 0 0)
(0.281587 0 0)
(0.28155 0 0)
(0.281513 0 0)
(0.281476 0 0)
(0.281438 0 0)
(0.281401 0 0)
(0.281364 0 0)
(0.281327 0 0)
(0.281289 0 0)
(0.281252 0 0)
(0.281214 0 0)
(0.281177 0 0)
(0.281139 0 0)
(0.281102 0 0)
(0.281064 0 0)
(0.281026 0 0)
(0.280989 0 0)
(0.280951 0 0)
(0.280913 0 0)
(0.280875 0 0)
(0.280837 0 0)
(0.2808 0 0)
(0.280762 0 0)
(0.280724 0 0)
(0.280686 0 0)
(0.280647 0 0)
(0.280609 0 0)
(0.280571 0 0)
(0.280533 0 0)
(0.280495 0 0)
(0.280456 0 0)
(0.280418 0 0)
(0.28038 0 0)
(0.280341 0 0)
(0.280303 0 0)
(0.280264 0 0)
(0.280226 0 0)
(0.280187 0 0)
(0.280149 0 0)
(0.28011 0 0)
(0.280072 0 0)
(0.280033 0 0)
(0.279994 0 0)
(0.279955 0 0)
(0.279916 0 0)
(0.279878 0 0)
(0.279839 0 0)
(0.2798 0 0)
(0.279761 0 0)
(0.279722 0 0)
(0.279683 0 0)
(0.279644 0 0)
(0.279604 0 0)
(0.279565 0 0)
(0.279526 0 0)
(0.279487 0 0)
(0.279447 0 0)
(0.279408 0 0)
(0.279369 0 0)
(0.279329 0 0)
(0.27929 0 0)
(0.27925 0 0)
(0.279211 0 0)
(0.279171 0 0)
(0.279132 0 0)
(0.279092 0 0)
(0.279052 0 0)
(0.279013 0 0)
(0.278973 0 0)
(0.278933 0 0)
(0.278893 0 0)
(0.278853 0 0)
(0.278814 0 0)
(0.278774 0 0)
(0.278734 0 0)
(0.278694 0 0)
(0.278654 0 0)
(0.278613 0 0)
(0.278573 0 0)
(0.278533 0 0)
(0.278493 0 0)
(0.278453 0 0)
(0.278412 0 0)
(0.278372 0 0)
(0.278332 0 0)
(0.278291 0 0)
(0.278251 0 0)
(0.278211 0 0)
(0.27817 0 0)
(0.27813 0 0)
(0.278089 0 0)
(0.278048 0 0)
(0.278008 0 0)
(0.277967 0 0)
(0.277926 0 0)
(0.277886 0 0)
(0.277845 0 0)
(0.277804 0 0)
(0.277763 0 0)
(0.277722 0 0)
(0.277681 0 0)
(0.27764 0 0)
(0.277599 0 0)
(0.277558 0 0)
(0.277517 0 0)
(0.277476 0 0)
(0.277435 0 0)
(0.277394 0 0)
(0.277353 0 0)
(0.277312 0 0)
(0.27727 0 0)
(0.277229 0 0)
(0.277188 0 0)
(0.277146 0 0)
(0.277105 0 0)
(0.277063 0 0)
(0.277022 0 0)
(0.27698 0 0)
(0.276939 0 0)
(0.276897 0 0)
(0.276856 0 0)
(0.276814 0 0)
(0.276772 0 0)
(0.27673 0 0)
(0.276689 0 0)
(0.276647 0 0)
(0.276605 0 0)
(0.276563 0 0)
(0.276521 0 0)
(0.276479 0 0)
(0.276437 0 0)
(0.276395 0 0)
(0.276353 0 0)
(0.276311 0 0)
(0.276269 0 0)
(0.276227 0 0)
(0.276185 0 0)
(0.276143 0 0)
(0.2761 0 0)
(0.276058 0 0)
(0.276016 0 0)
(0.275973 0 0)
(0.275931 0 0)
(0.275889 0 0)
(0.275846 0 0)
(0.275804 0 0)
(0.275761 0 0)
(0.275719 0 0)
(0.275676 0 0)
(0.275633 0 0)
(0.275591 0 0)
(0.275548 0 0)
(0.275505 0 0)
(0.275463 0 0)
(0.27542 0 0)
(0.275377 0 0)
(0.275334 0 0)
(0.275291 0 0)
(0.275248 0 0)
(0.275205 0 0)
(0.275162 0 0)
(0.275119 0 0)
(0.275076 0 0)
(0.275033 0 0)
(0.27499 0 0)
(0.274947 0 0)
(0.274904 0 0)
(0.27486 0 0)
(0.274817 0 0)
(0.274774 0 0)
(0.274731 0 0)
(0.274687 0 0)
(0.274644 0 0)
(0.2746 0 0)
(0.274557 0 0)
(0.274513 0 0)
(0.27447 0 0)
(0.274426 0 0)
(0.274383 0 0)
(0.274339 0 0)
(0.274295 0 0)
(0.274252 0 0)
(0.274208 0 0)
(0.274164 0 0)
(0.274121 0 0)
(0.274077 0 0)
(0.274033 0 0)
(0.273989 0 0)
(0.273945 0 0)
(0.273901 0 0)
(0.273857 0 0)
(0.273813 0 0)
(0.273769 0 0)
(0.273725 0 0)
(0.273681 0 0)
(0.273637 0 0)
(0.273593 0 0)
(0.273548 0 0)
(0.273504 0 0)
(0.27346 0 0)
(0.273416 0 0)
(0.273371 0 0)
(0.273327 0 0)
(0.273282 0 0)
(0.273238 0 0)
(0.273194 0 0)
(0.273149 0 0)
(0.273104 0 0)
(0.27306 0 0)
(0.273015 0 0)
(0.272971 0 0)
(0.272926 0 0)
(0.272881 0 0)
(0.272837 0 0)
(0.272792 0 0)
(0.272747 0 0)
(0.272702 0 0)
(0.272657 0 0)
(0.272613 0 0)
(0.272568 0 0)
(0.272523 0 0)
(0.272478 0 0)
(0.272433 0 0)
(0.272388 0 0)
(0.272343 0 0)
(0.272297 0 0)
(0.272252 0 0)
(0.272207 0 0)
(0.272162 0 0)
(0.272117 0 0)
(0.272071 0 0)
(0.272026 0 0)
(0.271981 0 0)
(0.271935 0 0)
(0.27189 0 0)
(0.271845 0 0)
(0.271799 0 0)
(0.271754 0 0)
(0.271708 0 0)
(0.271663 0 0)
(0.271617 0 0)
(0.271571 0 0)
(0.271526 0 0)
(0.27148 0 0)
(0.271434 0 0)
(0.271389 0 0)
(0.271343 0 0)
(0.271297 0 0)
(0.271251 0 0)
(0.271205 0 0)
(0.271159 0 0)
(0.271114 0 0)
(0.271068 0 0)
(0.271022 0 0)
(0.270976 0 0)
(0.270929 0 0)
(0.270883 0 0)
(0.270837 0 0)
(0.270791 0 0)
(0.270745 0 0)
(0.270699 0 0)
(0.270652 0 0)
(0.270606 0 0)
(0.27056 0 0)
(0.270514 0 0)
(0.270467 0 0)
(0.270421 0 0)
(0.270374 0 0)
(0.270328 0 0)
(0.270281 0 0)
(0.270235 0 0)
(0.270188 0 0)
(0.270142 0 0)
(0.270095 0 0)
(0.270048 0 0)
(0.270002 0 0)
(0.269955 0 0)
(0.269908 0 0)
(0.269861 0 0)
(0.269815 0 0)
(0.269768 0 0)
(0.269721 0 0)
(0.269674 0 0)
(0.269627 0 0)
(0.26958 0 0)
(0.269533 0 0)
(0.269486 0 0)
(0.269439 0 0)
(0.269392 0 0)
(0.269345 0 0)
(0.269298 0 0)
(0.26925 0 0)
(0.269203 0 0)
(0.269156 0 0)
(0.269109 0 0)
(0.269061 0 0)
(0.269014 0 0)
(0.268967 0 0)
(0.268919 0 0)
(0.268872 0 0)
(0.268824 0 0)
(0.268777 0 0)
(0.268729 0 0)
(0.268682 0 0)
(0.268634 0 0)
(0.268586 0 0)
(0.268539 0 0)
(0.268491 0 0)
(0.268443 0 0)
(0.268396 0 0)
(0.268348 0 0)
(0.2683 0 0)
(0.268252 0 0)
(0.268204 0 0)
(0.268156 0 0)
(0.268108 0 0)
(0.26806 0 0)
(0.268012 0 0)
(0.267964 0 0)
(0.267916 0 0)
(0.267868 0 0)
(0.26782 0 0)
(0.267772 0 0)
(0.267724 0 0)
(0.267676 0 0)
(0.267627 0 0)
(0.267579 0 0)
(0.267531 0 0)
(0.267482 0 0)
(0.267434 0 0)
(0.267385 0 0)
(0.267337 0 0)
(0.267289 0 0)
(0.26724 0 0)
(0.267191 0 0)
(0.267143 0 0)
(0.267094 0 0)
(0.267046 0 0)
(0.266997 0 0)
(0.266948 0 0)
(0.2669 0 0)
(0.266851 0 0)
(0.266802 0 0)
(0.266753 0 0)
(0.266704 0 0)
(0.266655 0 0)
(0.266606 0 0)
(0.266557 0 0)
(0.266508 0 0)
(0.266459 0 0)
(0.26641 0 0)
(0.266361 0 0)
(0.266312 0 0)
(0.266263 0 0)
(0.266214 0 0)
(0.266165 0 0)
(0.266115 0 0)
(0.266066 0 0)
(0.266017 0 0)
(0.265967 0 0)
(0.265918 0 0)
(0.265869 0 0)
(0.265819 0 0)
(0.26577 0 0)
(0.26572 0 0)
(0.265671 0 0)
(0.265621 0 0)
(0.265571 0 0)
(0.265522 0 0)
(0.265472 0 0)
(0.265422 0 0)
(0.265373 0 0)
(0.265323 0 0)
(0.265273 0 0)
(0.265223 0 0)
(0.265173 0 0)
(0.265124 0 0)
(0.265074 0 0)
(0.265024 0 0)
(0.264974 0 0)
(0.264924 0 0)
(0.264874 0 0)
(0.264823 0 0)
(0.264773 0 0)
(0.264723 0 0)
(0.264673 0 0)
(0.264623 0 0)
(0.264572 0 0)
(0.264522 0 0)
(0.264472 0 0)
(0.264421 0 0)
(0.264371 0 0)
(0.264321 0 0)
(0.26427 0 0)
(0.26422 0 0)
(0.264169 0 0)
(0.264118 0 0)
(0.264068 0 0)
(0.264017 0 0)
(0.263967 0 0)
(0.263916 0 0)
(0.263865 0 0)
(0.263814 0 0)
(0.263763 0 0)
(0.263713 0 0)
(0.263662 0 0)
(0.263611 0 0)
(0.26356 0 0)
(0.263509 0 0)
(0.263458 0 0)
(0.263407 0 0)
(0.263356 0 0)
(0.263305 0 0)
(0.263253 0 0)
(0.263202 0 0)
(0.263151 0 0)
(0.2631 0 0)
(0.263048 0 0)
(0.262997 0 0)
(0.262946 0 0)
(0.262894 0 0)
(0.262843 0 0)
(0.262791 0 0)
(0.26274 0 0)
(0.262688 0 0)
(0.262637 0 0)
(0.262585 0 0)
(0.262533 0 0)
(0.262482 0 0)
(0.26243 0 0)
(0.262378 0 0)
(0.262326 0 0)
(0.262274 0 0)
(0.262222 0 0)
(0.262171 0 0)
(0.262119 0 0)
(0.262067 0 0)
(0.262014 0 0)
(0.261962 0 0)
(0.26191 0 0)
(0.261858 0 0)
(0.261806 0 0)
(0.261754 0 0)
(0.261701 0 0)
(0.261649 0 0)
(0.261597 0 0)
(0.261544 0 0)
(0.261492 0 0)
(0.261439 0 0)
(0.261387 0 0)
(0.261334 0 0)
(0.261282 0 0)
(0.261229 0 0)
(0.261176 0 0)
(0.261123 0 0)
(0.261071 0 0)
(0.261018 0 0)
(0.260965 0 0)
(0.260912 0 0)
(0.260859 0 0)
(0.260806 0 0)
(0.260753 0 0)
(0.2607 0 0)
(0.260647 0 0)
(0.260594 0 0)
(0.260541 0 0)
(0.260487 0 0)
(0.260434 0 0)
(0.260381 0 0)
(0.260327 0 0)
(0.260274 0 0)
(0.26022 0 0)
(0.260167 0 0)
(0.260113 0 0)
(0.26006 0 0)
(0.260006 0 0)
(0.259952 0 0)
(0.259898 0 0)
(0.259844 0 0)
(0.259791 0 0)
(0.259737 0 0)
(0.259683 0 0)
(0.259629 0 0)
(0.259575 0 0)
(0.25952 0 0)
(0.259466 0 0)
(0.259412 0 0)
(0.259358 0 0)
(0.259303 0 0)
(0.259249 0 0)
(0.259194 0 0)
(0.25914 0 0)
(0.259085 0 0)
(0.259031 0 0)
(0.258976 0 0)
(0.258921 0 0)
(0.258866 0 0)
(0.258811 0 0)
(0.258756 0 0)
(0.258701 0 0)
(0.258646 0 0)
(0.258591 0 0)
(0.258536 0 0)
(0.258481 0 0)
(0.258425 0 0)
(0.25837 0 0)
(0.258314 0 0)
(0.258259 0 0)
(0.258203 0 0)
(0.258147 0 0)
(0.258092 0 0)
(0.258036 0 0)
(0.25798 0 0)
(0.257924 0 0)
(0.257868 0 0)
(0.257811 0 0)
(0.257755 0 0)
(0.257699 0 0)
(0.257642 0 0)
(0.257586 0 0)
(0.257529 0 0)
(0.257472 0 0)
(0.257416 0 0)
(0.257359 0 0)
(0.257302 0 0)
(0.257245 0 0)
(0.257187 0 0)
(0.25713 0 0)
(0.257072 0 0)
(0.257015 0 0)
(0.256957 0 0)
(0.256899 0 0)
(0.256841 0 0)
(0.256783 0 0)
(0.256725 0 0)
(0.256667 0 0)
(0.256608 0 0)
(0.25655 0 0)
(0.256491 0 0)
(0.256432 0 0)
(0.256373 0 0)
(0.256314 0 0)
(0.256255 0 0)
(0.256195 0 0)
(0.256135 0 0)
(0.256075 0 0)
(0.256015 0 0)
(0.255955 0 0)
(0.255895 0 0)
(0.255834 0 0)
(0.255773 0 0)
(0.255712 0 0)
(0.25565 0 0)
(0.255589 0 0)
(0.255527 0 0)
(0.255465 0 0)
(0.255403 0 0)
(0.25534 0 0)
(0.255277 0 0)
(0.255214 0 0)
(0.25515 0 0)
(0.255086 0 0)
(0.255022 0 0)
(0.254957 0 0)
(0.254892 0 0)
(0.254826 0 0)
(0.254761 0 0)
(0.254694 0 0)
(0.254627 0 0)
(0.25456 0 0)
(0.254492 0 0)
(0.254424 0 0)
(0.254355 0 0)
(0.254285 0 0)
(0.254215 0 0)
(0.254144 0 0)
(0.254072 0 0)
(0.254 0 0)
(0.253926 0 0)
(0.253852 0 0)
(0.253777 0 0)
(0.253701 0 0)
(0.253623 0 0)
(0.253545 0 0)
(0.253465 0 0)
(0.253384 0 0)
(0.253302 0 0)
(0.253218 0 0)
(0.253132 0 0)
(0.253045 0 0)
(0.252955 0 0)
(0.252864 0 0)
(0.25277 0 0)
(0.252673 0 0)
(0.252574 0 0)
(0.252472 0 0)
(0.252366 0 0)
(0.252257 0 0)
(0.252144 0 0)
(0.252026 0 0)
(0.251903 0 0)
(0.251774 0 0)
(0.251639 0 0)
(0.251497 0 0)
(0.251346 0 0)
(0.251187 0 0)
(0.251016 0 0)
(0.250833 0 0)
(0.250637 0 0)
(0.250423 0 0)
(0.25019 0 0)
(0.249933 0 0)
(0.249647 0 0)
(0.249328 0 0)
(0.248966 0 0)
(0.24855 0 0)
(0.248066 0 0)
(0.247493 0 0)
(0.246801 0 0)
(0.245945 0 0)
(0.244852 0 0)
(0.243401 0 0)
(0.241376 0 0)
(0.238331 0 0)
(0.233215 0 0)
(0.222759 0 0)
(0.192372 0 0)
(0.157574 0 0)
(0.143479 0 0)
(0.14445 0 0)
(0.152782 0 0)
(0.161677 0 0)
(0.168167 0 0)
)
;

boundaryField
{
    inlet
    {
        type            fractionalVelocity;
        U               1((1 0 0));
        fractionalFlow  Fb;
        value           uniform (0.290579 0 0);
    }
    outlet
    {
        type            zeroGradient;
    }
    emptyWalls
    {
        type            empty;
    }
}


// ************************************************************************* //
