/*--------------------------------*- C++ -*----------------------------------*\
  =========                 |
  \\      /  F ield         | OpenFOAM: The Open Source CFD Toolbox
   \\    /   O peration     | Website:  https://openfoam.org
    \\  /    A nd           | Version:  9
     \\/     M anipulation  |
\*---------------------------------------------------------------------------*/
FoamFile
{
    format      ascii;
    class       surfaceScalarField;
    location    "7.9";
    object      phic;
}
// * * * * * * * * * * * * * * * * * * * * * * * * * * * * * * * * * * * * * //

dimensions      [0 2 0 0 0 0 0];

internalField   nonuniform List<scalar> 
999
(
2.21659e-06
5.76969e-06
1.05434e-05
1.64753e-05
2.35219e-05
3.16491e-05
4.0828e-05
5.10333e-05
6.22422e-05
7.44336e-05
8.75879e-05
0.000101687
0.000116713
0.000132649
0.000149479
0.000167189
0.000185763
0.000205188
0.000225449
0.000246533
0.000268428
0.00029112
0.000314599
0.000338851
0.000363866
0.000389633
0.00041614
0.000443377
0.000471334
0.0005
0.000529366
0.000559422
0.000590159
0.000621568
0.00065364
0.000686365
0.000719736
0.000753744
0.00078838
0.000823638
0.000859509
0.000895985
0.000933058
0.000970723
0.00100897
0.00104779
0.00108719
0.00112714
0.00116765
0.00120871
0.00125032
0.00129246
0.00133513
0.00137832
0.00142204
0.00146626
0.001511
0.00155623
0.00160196
0.00164818
0.00169489
0.00174207
0.00178973
0.00183786
0.00188646
0.00193551
0.00198502
0.00203498
0.00208539
0.00213624
0.00218752
0.00223924
0.00229138
0.00234395
0.00239694
0.00245035
0.00250416
0.00255839
0.00261301
0.00266804
0.00272346
0.00277928
0.00283548
0.00289207
0.00294905
0.00300639
0.00306412
0.00312221
0.00318067
0.0032395
0.00329869
0.00335824
0.00341814
0.00347839
0.00353899
0.00359994
0.00366123
0.00372286
0.00378483
0.00384713
0.00390976
0.00397272
0.00403601
0.00409962
0.00416355
0.0042278
0.00429237
0.00435724
0.00442243
0.00448793
0.00455373
0.00461983
0.00468624
0.00475294
0.00481994
0.00488723
0.00495482
0.00502269
0.00509085
0.00515929
0.00522802
0.00529703
0.00536632
0.00543588
0.00550572
0.00557583
0.00564622
0.00571687
0.00578778
0.00585897
0.00593041
0.00600212
0.00607409
0.00614631
0.00621879
0.00629152
0.00636451
0.00643774
0.00651123
0.00658496
0.00665894
0.00673316
0.00680762
0.00688233
0.00695727
0.00703245
0.00710787
0.00718352
0.0072594
0.00733552
0.00741187
0.00748844
0.00756524
0.00764227
0.00771952
0.007797
0.00787469
0.00795261
0.00803074
0.0081091
0.00818767
0.00826645
0.00834545
0.00842466
0.00850408
0.00858371
0.00866356
0.0087436
0.00882386
0.00890432
0.00898498
0.00906585
0.00914692
0.00922819
0.00930965
0.00939132
0.00947318
0.00955524
0.0096375
0.00971995
0.00980259
0.00988543
0.00996845
0.0100517
0.0101351
0.0102187
0.0103024
0.0103864
0.0104706
0.0105549
0.0106394
0.0107241
0.010809
0.010894
0.0109793
0.0110647
0.0111503
0.0112361
0.011322
0.0114082
0.0114945
0.0115809
0.0116676
0.0117544
0.0118414
0.0119285
0.0120159
0.0121034
0.012191
0.0122789
0.0123668
0.012455
0.0125433
0.0126318
0.0127205
0.0128093
0.0128983
0.0129874
0.0130767
0.0131662
0.0132558
0.0133456
0.0134355
0.0135256
0.0136158
0.0137062
0.0137968
0.0138875
0.0139784
0.0140694
0.0141606
0.0142519
0.0143434
0.014435
0.0145268
0.0146187
0.0147108
0.014803
0.0148954
0.0149879
0.0150805
0.0151733
0.0152663
0.0153594
0.0154526
0.015546
0.0156396
0.0157332
0.015827
0.015921
0.0160151
0.0161093
0.0162037
0.0162982
0.0163929
0.0164877
0.0165826
0.0166777
0.0167729
0.0168682
0.0169637
0.0170593
0.0171551
0.017251
0.017347
0.0174431
0.0175394
0.0176358
0.0177324
0.0178291
0.0179259
0.0180228
0.0181199
0.0182171
0.0183145
0.0184119
0.0185095
0.0186072
0.0187051
0.0188031
0.0189012
0.0189994
0.0190978
0.0191963
0.0192949
0.0193936
0.0194925
0.0195915
0.0196906
0.0197899
0.0198892
0.0199887
0.0200883
0.0201881
0.0202879
0.0203879
0.020488
0.0205882
0.0206886
0.020789
0.0208896
0.0209903
0.0210911
0.0211921
0.0212932
0.0213943
0.0214956
0.0215971
0.0216986
0.0218003
0.021902
0.0220039
0.0221059
0.0222081
0.0223103
0.0224127
0.0225151
0.0226177
0.0227204
0.0228233
0.0229262
0.0230292
0.0231324
0.0232357
0.0233391
0.0234426
0.0235462
0.0236499
0.0237538
0.0238577
0.0239618
0.024066
0.0241703
0.0242747
0.0243792
0.0244838
0.0245886
0.0246934
0.0247984
0.0249035
0.0250086
0.0251139
0.0252193
0.0253249
0.0254305
0.0255362
0.025642
0.025748
0.0258541
0.0259602
0.0260665
0.0261729
0.0262794
0.026386
0.0264927
0.0265995
0.0267064
0.0268134
0.0269206
0.0270278
0.0271352
0.0272426
0.0273502
0.0274579
0.0275656
0.0276735
0.0277815
0.0278896
0.0279978
0.0281061
0.0282145
0.028323
0.0284316
0.0285404
0.0286492
0.0287581
0.0288672
0.0289763
0.0290856
0.0291949
0.0293044
0.0294139
0.0295236
0.0296334
0.0297432
0.0298532
0.0299633
0.0300735
0.0301838
0.0302941
0.0304046
0.0305152
0.0306259
0.0307367
0.0308476
0.0309587
0.0310698
0.031181
0.0312923
0.0314037
0.0315152
0.0316269
0.0317386
0.0318504
0.0319624
0.0320744
0.0321865
0.0322988
0.0324111
0.0325236
0.0326361
0.0327488
0.0328615
0.0329744
0.0330873
0.0332004
0.0333136
0.0334268
0.0335402
0.0336537
0.0337672
0.0338809
0.0339947
0.0341086
0.0342225
0.0343366
0.0344508
0.0345651
0.0346795
0.034794
0.0349086
0.0350233
0.0351381
0.035253
0.035368
0.0354831
0.0355983
0.0357137
0.0358291
0.0359446
0.0360603
0.036176
0.0362918
0.0364078
0.0365238
0.03664
0.0367562
0.0368726
0.0369891
0.0371056
0.0372223
0.0373391
0.037456
0.037573
0.0376901
0.0378073
0.0379246
0.038042
0.0381595
0.0382772
0.0383949
0.0385127
0.0386307
0.0387488
0.0388669
0.0389852
0.0391036
0.0392221
0.0393407
0.0394594
0.0395782
0.0396972
0.0398162
0.0399354
0.0400547
0.040174
0.0402935
0.0404132
0.0405329
0.0406527
0.0407727
0.0408927
0.0410129
0.0411332
0.0412536
0.0413742
0.0414948
0.0416156
0.0417365
0.0418575
0.0419786
0.0420999
0.0422212
0.0423427
0.0424644
0.0425861
0.042708
0.04283
0.0429521
0.0430743
0.0431967
0.0433192
0.0434418
0.0435646
0.0436875
0.0438106
0.0439337
0.044057
0.0441805
0.0443041
0.0444278
0.0445517
0.0446757
0.0447998
0.0449241
0.0450486
0.0451732
0.0452979
0.0454228
0.0455479
0.0456731
0.0457985
0.045924
0.0460497
0.0461756
0.0463017
0.0464279
0.0465543
0.0466808
0.0468076
0.0469345
0.0470616
0.0471889
0.0473164
0.0474441
0.047572
0.0477001
0.0478284
0.0479569
0.0480856
0.0482146
0.0483438
0.0484732
0.0486028
0.0487327
0.0488629
0.0489933
0.0491239
0.0492549
0.0493861
0.0495176
0.0496494
0.0497815
0.0499138
0.0500466
0.0501796
0.050313
0.0504468
0.0505809
0.0507153
0.0508502
0.0509855
0.0511212
0.0512573
0.0513939
0.051531
0.0516685
0.0518066
0.0519452
0.0520844
0.0522241
0.0523645
0.0525055
0.0526471
0.0527895
0.0529326
0.0530765
0.0532212
0.0533667
0.0535132
0.0536606
0.0538091
0.0539586
0.0541093
0.0542612
0.0544145
0.054569
0.0547251
0.0548828
0.0550421
0.0552032
0.0553663
0.0555315
0.055699
0.0558689
0.0560415
0.0562169
0.0563954
0.0565774
0.0567631
0.0569529
0.0571471
0.0573463
0.057551
0.0577617
0.0579792
0.0582041
0.0584376
0.0586805
0.0589341
0.0592
0.0594799
0.0597757
0.0600902
0.0604262
0.0607876
0.0611791
0.0616064
0.0620772
0.0626009
0.0631905
0.0638629
0.0646416
0.0655599
0.0666661
0.0680336
0.0697794
0.0721008
0.0753595
0.0802925
0.0886476
0.10572
0.156129
0.185005
0.20439
0.21436
0.220968
0.228281
0.236771
0.244854
0.250432
0.25186
0.248698
0.24219
0.23481
0.228924
0.225715
0.225141
0.226505
0.228969
0.231795
0.234404
0.236381
0.237482
0.237644
0.236992
0.235802
0.23443
0.233208
0.232367
0.232003
0.232088
0.232507
0.233106
0.233731
0.234255
0.234598
0.234729
0.234666
0.234463
0.234191
0.233922
0.233711
0.23359
0.233565
0.233621
0.233731
0.233859
0.233977
0.234063
0.234104
0.234102
0.234065
0.234006
0.233942
0.233885
0.233845
0.233824
0.233821
0.233833
0.233851
0.233871
0.233886
0.233894
0.233895
0.233889
0.233879
0.233869
0.233861
0.233857
0.233859
0.233865
0.233876
0.233888
0.2339
0.23391
0.233918
0.233923
0.233925
0.233924
0.233922
0.233918
0.233914
0.233911
0.233908
0.233906
0.233905
0.233905
0.233905
0.233906
0.233907
0.233909
0.233912
0.233915
0.233918
0.233923
0.233928
0.233934
0.23394
0.233946
0.233952
0.233958
0.233964
0.233968
0.233973
0.233976
0.233979
0.233981
0.233982
0.233983
0.233983
0.233982
0.233981
0.23398
0.233978
0.233976
0.233974
0.233971
0.233969
0.233966
0.233964
0.233962
0.23396
0.233959
0.233958
0.233958
0.233958
0.233958
0.233959
0.233961
0.233963
0.233966
0.233969
0.233972
0.233975
0.233979
0.233983
0.233986
0.23399
0.233993
0.233996
0.233999
0.234001
0.234003
0.234005
0.234006
0.234007
0.234008
0.234008
0.234008
0.234007
0.234006
0.234005
0.234004
0.234003
0.234001
0.234
0.233998
0.233997
0.233995
0.233994
0.233993
0.233993
0.233992
0.233992
0.233992
0.233992
0.233992
0.233993
0.233993
0.233994
0.233995
0.233996
0.233998
0.233999
0.234001
0.234002
0.234004
0.234005
0.234007
0.234008
0.23401
0.234012
0.234014
0.234016
0.234018
0.23402
0.234022
0.234024
0.234026
0.234029
0.234032
0.234034
0.234037
0.23404
0.234043
0.234046
0.234048
0.234051
0.234054
0.234057
0.234059
0.234062
0.234064
0.234066
0.234068
0.234069
0.234071
0.234072
0.234073
0.234074
0.234074
0.234075
0.234075
0.234075
0.234075
0.234075
0.234074
0.234074
0.234074
0.234073
0.234073
0.234073
0.234073
0.234073
0.234073
0.234073
0.234073
0.234074
0.234074
0.234075
0.234076
0.234077
0.234078
0.234079
0.23408
0.234082
0.234083
0.234085
0.234086
0.234088
0.23409
0.234091
0.234093
0.234094
0.234096
0.234098
0.234099
0.234101
0.234102
0.234104
0.234106
0.234107
0.234109
0.23411
0.234112
0.234114
0.234116
0.234117
0.234119
0.234121
0.234123
0.234125
0.234127
0.234129
0.234131
0.234133
0.234135
0.234137
0.234139
0.234141
0.234143
0.234145
0.234147
0.234149
0.234151
0.234152
0.234154
0.234155
0.234157
0.234158
0.234159
0.23416
0.234161
0.234162
0.234162
0.234163
0.234163
0.234164
0.234164
0.234165
0.234165
0.234166
0.234166
0.234167
0.234167
0.234168
0.234168
0.234169
0.23417
0.234171
0.234171
0.234172
0.234173
0.234174
0.234176
0.234177
0.234178
0.234179
0.234181
0.234182
0.234184
0.234185
0.234186
0.234188
0.234189
0.234191
0.234192
0.234193
0.234195
0.234196
0.234197
0.234199
0.2342
0.234201
0.234202
0.234204
0.234205
0.234206
0.234207
0.234208
0.23421
0.234211
0.234212
0.234213
0.234214
0.234216
0.234217
0.234218
0.23422
0.234221
0.234222
0.234224
0.234225
0.234226
0.234228
0.234229
0.234231
0.234232
0.234234
0.234235
0.234237
0.234238
0.23424
0.234241
0.234243
0.234244
0.234246
0.234247
0.234248
0.23425
0.234251
0.234253
0.234254
0.234256
0.234257
0.234259
0.234261
0.234262
)
;

boundaryField
{
    inlet
    {
        type            calculated;
        value           uniform 0;
    }
    outlet
    {
        type            calculated;
        value           uniform 0.234264;
    }
    emptyWalls
    {
        type            empty;
        value           nonuniform List<scalar> 0();
    }
}


// ************************************************************************* //
