/*--------------------------------*- C++ -*----------------------------------*\
  =========                 |
  \\      /  F ield         | OpenFOAM: The Open Source CFD Toolbox
   \\    /   O peration     | Website:  https://openfoam.org
    \\  /    A nd           | Version:  9
     \\/     M anipulation  |
\*---------------------------------------------------------------------------*/
FoamFile
{
    format      ascii;
    class       volScalarField;
    location    "9.8";
    object      Sb;
}
// * * * * * * * * * * * * * * * * * * * * * * * * * * * * * * * * * * * * * //

dimensions      [0 0 0 0 0 0 0];

internalField   nonuniform List<scalar> 
1000
(
0.499018
0.498417
0.497861
0.497328
0.49681
0.496302
0.495803
0.495311
0.494824
0.494344
0.493868
0.493398
0.492931
0.492469
0.49201
0.491555
0.491104
0.490657
0.490212
0.489771
0.489333
0.488898
0.488466
0.488037
0.487611
0.487188
0.486767
0.486349
0.485934
0.485521
0.485111
0.484703
0.484298
0.483895
0.483495
0.483097
0.482701
0.482307
0.481916
0.481527
0.48114
0.480755
0.480372
0.479992
0.479613
0.479237
0.478862
0.47849
0.478119
0.47775
0.477384
0.477019
0.476656
0.476295
0.475935
0.475578
0.475222
0.474868
0.474516
0.474165
0.473816
0.473469
0.473123
0.47278
0.472437
0.472097
0.471758
0.47142
0.471084
0.47075
0.470417
0.470085
0.469756
0.469427
0.4691
0.468775
0.468451
0.468128
0.467807
0.467487
0.467168
0.466851
0.466535
0.466221
0.465908
0.465596
0.465286
0.464977
0.464669
0.464362
0.464057
0.463752
0.46345
0.463148
0.462847
0.462548
0.46225
0.461953
0.461657
0.461363
0.461069
0.460777
0.460486
0.460196
0.459907
0.459619
0.459332
0.459046
0.458762
0.458478
0.458196
0.457914
0.457634
0.457354
0.457076
0.456799
0.456522
0.456247
0.455973
0.455699
0.455427
0.455155
0.454885
0.454615
0.454347
0.454079
0.453812
0.453546
0.453281
0.453017
0.452754
0.452492
0.452231
0.45197
0.451711
0.451452
0.451194
0.450937
0.450681
0.450425
0.450171
0.449917
0.449664
0.449412
0.449161
0.448911
0.448661
0.448412
0.448164
0.447917
0.44767
0.447425
0.44718
0.446935
0.446692
0.446449
0.446207
0.445966
0.445726
0.445486
0.445247
0.445008
0.444771
0.444534
0.444298
0.444062
0.443827
0.443593
0.44336
0.443127
0.442895
0.442664
0.442433
0.442203
0.441973
0.441745
0.441517
0.441289
0.441062
0.440836
0.440611
0.440386
0.440161
0.439938
0.439715
0.439492
0.43927
0.439049
0.438829
0.438609
0.438389
0.43817
0.437952
0.437734
0.437517
0.437301
0.437085
0.436869
0.436655
0.43644
0.436227
0.436014
0.435801
0.435589
0.435378
0.435167
0.434956
0.434746
0.434537
0.434328
0.43412
0.433912
0.433705
0.433498
0.433292
0.433086
0.432881
0.432677
0.432472
0.432269
0.432066
0.431863
0.431661
0.431459
0.431258
0.431057
0.430857
0.430657
0.430458
0.430259
0.430061
0.429863
0.429666
0.429469
0.429272
0.429076
0.428881
0.428685
0.428491
0.428297
0.428103
0.427909
0.427717
0.427524
0.427332
0.427141
0.426949
0.426759
0.426568
0.426378
0.426189
0.426
0.425811
0.425623
0.425435
0.425248
0.425061
0.424875
0.424688
0.424503
0.424317
0.424132
0.423948
0.423764
0.42358
0.423396
0.423213
0.423031
0.422849
0.422667
0.422485
0.422304
0.422124
0.421943
0.421763
0.421584
0.421404
0.421226
0.421047
0.420869
0.420691
0.420514
0.420337
0.42016
0.419984
0.419808
0.419632
0.419457
0.419282
0.419108
0.418933
0.418759
0.418586
0.418413
0.41824
0.418067
0.417895
0.417723
0.417552
0.41738
0.41721
0.417039
0.416869
0.416699
0.416529
0.41636
0.416191
0.416023
0.415854
0.415686
0.415519
0.415351
0.415184
0.415017
0.414851
0.414685
0.414519
0.414353
0.414188
0.414023
0.413859
0.413694
0.41353
0.413367
0.413203
0.41304
0.412877
0.412715
0.412552
0.41239
0.412229
0.412067
0.411906
0.411745
0.411585
0.411425
0.411265
0.411105
0.410945
0.410786
0.410627
0.410469
0.41031
0.410152
0.409994
0.409837
0.40968
0.409522
0.409366
0.409209
0.409053
0.408897
0.408741
0.408586
0.408431
0.408276
0.408121
0.407967
0.407812
0.407659
0.407505
0.407351
0.407198
0.407045
0.406893
0.40674
0.406588
0.406436
0.406284
0.406133
0.405982
0.405831
0.40568
0.405529
0.405379
0.405229
0.405079
0.40493
0.40478
0.404631
0.404482
0.404334
0.404185
0.404037
0.403889
0.403742
0.403594
0.403447
0.4033
0.403153
0.403006
0.40286
0.402714
0.402568
0.402422
0.402276
0.402131
0.401986
0.401841
0.401696
0.401552
0.401408
0.401264
0.40112
0.400976
0.400833
0.40069
0.400547
0.400404
0.400261
0.400119
0.399977
0.399835
0.399693
0.399552
0.39941
0.399269
0.399128
0.398987
0.398847
0.398706
0.398566
0.398426
0.398286
0.398147
0.398007
0.397868
0.397729
0.39759
0.397452
0.397313
0.397175
0.397037
0.396899
0.396761
0.396624
0.396486
0.396349
0.396212
0.396075
0.395939
0.395802
0.395666
0.39553
0.395394
0.395258
0.395123
0.394988
0.394852
0.394717
0.394582
0.394448
0.394313
0.394179
0.394045
0.393911
0.393777
0.393643
0.39351
0.393377
0.393244
0.393111
0.392978
0.392845
0.392713
0.39258
0.392448
0.392316
0.392184
0.392053
0.391921
0.39179
0.391659
0.391528
0.391397
0.391266
0.391136
0.391005
0.390875
0.390745
0.390615
0.390485
0.390356
0.390226
0.390097
0.389968
0.389839
0.38971
0.389582
0.389453
0.389325
0.389196
0.389068
0.38894
0.388813
0.388685
0.388557
0.38843
0.388303
0.388176
0.388049
0.387922
0.387795
0.387669
0.387543
0.387416
0.38729
0.387164
0.387039
0.386913
0.386787
0.386662
0.386537
0.386412
0.386287
0.386162
0.386037
0.385913
0.385788
0.385664
0.38554
0.385416
0.385292
0.385168
0.385044
0.384921
0.384798
0.384674
0.384551
0.384428
0.384305
0.384183
0.38406
0.383937
0.383815
0.383693
0.383571
0.383449
0.383327
0.383205
0.383084
0.382962
0.382841
0.38272
0.382598
0.382477
0.382356
0.382236
0.382115
0.381995
0.381874
0.381754
0.381634
0.381514
0.381394
0.381274
0.381154
0.381034
0.380915
0.380796
0.380676
0.380557
0.380438
0.380319
0.3802
0.380082
0.379963
0.379844
0.379726
0.379608
0.37949
0.379372
0.379254
0.379136
0.379018
0.3789
0.378783
0.378665
0.378548
0.378431
0.378314
0.378197
0.37808
0.377963
0.377846
0.377729
0.377613
0.377497
0.37738
0.377264
0.377148
0.377032
0.376916
0.3768
0.376684
0.376568
0.376453
0.376337
0.376222
0.376107
0.375992
0.375876
0.375761
0.375646
0.375532
0.375417
0.375302
0.375188
0.375073
0.374959
0.374844
0.37473
0.374616
0.374502
0.374388
0.374274
0.37416
0.374046
0.373932
0.373819
0.373705
0.373592
0.373478
0.373365
0.373252
0.373139
0.373026
0.372913
0.3728
0.372687
0.372574
0.372461
0.372349
0.372236
0.372123
0.372011
0.371899
0.371786
0.371674
0.371562
0.371449
0.371337
0.371225
0.371113
0.371001
0.37089
0.370778
0.370666
0.370554
0.370442
0.370331
0.370219
0.370108
0.369996
0.369885
0.369773
0.369662
0.369551
0.369439
0.369328
0.369217
0.369106
0.368994
0.368883
0.368772
0.368661
0.36855
0.368439
0.368328
0.368217
0.368106
0.367995
0.367884
0.367773
0.367662
0.367551
0.36744
0.367329
0.367218
0.367107
0.366996
0.366885
0.366774
0.366663
0.366551
0.36644
0.366329
0.366218
0.366106
0.365995
0.365884
0.365772
0.365661
0.365549
0.365437
0.365325
0.365213
0.365101
0.364989
0.364877
0.364765
0.364652
0.36454
0.364427
0.364314
0.364201
0.364088
0.363974
0.36386
0.363746
0.363632
0.363518
0.363403
0.363288
0.363173
0.363057
0.362941
0.362825
0.362709
0.362591
0.362474
0.362356
0.362238
0.362119
0.361999
0.361879
0.361758
0.361637
0.361515
0.361392
0.361268
0.361144
0.361018
0.360892
0.360764
0.360635
0.360506
0.360374
0.360242
0.360107
0.359971
0.359834
0.359694
0.359552
0.359408
0.359262
0.359112
0.35896
0.358804
0.358645
0.358482
0.358315
0.358143
0.357965
0.357782
0.357592
0.357394
0.357189
0.356973
0.356748
0.35651
0.356258
0.355991
0.355705
0.355397
0.355064
0.3547
0.3543
0.353857
0.353359
0.352794
0.352143
0.351382
0.350476
0.34937
0.347985
0.346189
0.343751
0.340237
0.334704
0.32468
0.301179
0.238178
0.229401
0.223989
0.221984
0.221897
0.222427
0.223002
0.223511
0.223967
0.224361
0.224654
0.224796
0.224762
0.224568
0.224277
0.223979
0.223751
0.223631
0.22362
0.223689
0.223805
0.223933
0.224046
0.224127
0.224167
0.224165
0.224131
0.224077
0.224019
0.22397
0.22394
0.22393
0.223939
0.223961
0.22399
0.224017
0.224039
0.224051
0.224054
0.224048
0.224036
0.224022
0.224008
0.223998
0.223992
0.22399
0.223991
0.223995
0.224
0.224004
0.224007
0.224008
0.224007
0.224005
0.224002
0.224
0.223998
0.223996
0.223996
0.223997
0.223998
0.223999
0.224
0.224001
0.224002
0.224002
0.224001
0.224
0.224
0.223999
0.223998
0.223998
0.223998
0.223998
0.223998
0.223998
0.223999
0.223999
0.223999
0.223998
0.223998
0.223998
0.223997
0.223997
0.223997
0.223996
0.223996
0.223996
0.223996
0.223995
0.223995
0.223995
0.223994
0.223994
0.223994
0.223994
0.223993
0.223993
0.223993
0.223993
0.223993
0.223993
0.223993
0.223993
0.223992
0.223992
0.223992
0.223992
0.223992
0.223992
0.223992
0.223992
0.223992
0.223992
0.223992
0.223991
0.223991
0.223991
0.223991
0.22399
0.22399
0.223989
0.223989
0.223989
0.223988
0.223988
0.223987
0.223987
0.223986
0.223986
0.223985
0.223985
0.223984
0.223984
0.223983
0.223983
0.223982
0.223982
0.223981
0.223981
0.223981
0.22398
0.22398
0.223979
0.223979
0.223979
0.223978
0.223978
0.223977
0.223977
0.223977
0.223976
0.223976
0.223976
0.223976
0.223975
0.223975
0.223975
0.223974
0.223974
0.223974
0.223974
0.223973
0.223973
0.223973
0.223973
0.223972
0.223972
0.223972
0.223972
0.223971
0.223971
0.223971
0.223971
0.22397
0.22397
0.22397
0.22397
0.223969
0.223969
0.223969
0.223968
0.223968
0.223968
0.223967
0.223967
0.223967
0.223966
0.223966
0.223966
0.223965
0.223965
0.223965
0.223965
0.223964
0.223964
0.223964
0.223963
0.223963
0.223963
0.223962
0.223962
0.223962
0.223961
0.223961
0.223961
0.22396
0.22396
0.22396
0.22396
0.223959
0.223959
0.223959
0.223959
0.223958
0.223958
0.223958
0.223958
)
;

boundaryField
{
    inlet
    {
        type            fixedValue;
        value           uniform 0.5;
    }
    outlet
    {
        type            zeroGradient;
    }
    emptyWalls
    {
        type            empty;
    }
}


// ************************************************************************* //
