/*--------------------------------*- C++ -*----------------------------------*\
  =========                 |
  \\      /  F ield         | OpenFOAM: The Open Source CFD Toolbox
   \\    /   O peration     | Website:  https://openfoam.org
    \\  /    A nd           | Version:  9
     \\/     M anipulation  |
\*---------------------------------------------------------------------------*/
FoamFile
{
    format      ascii;
    class       surfaceScalarField;
    location    "19.9";
    object      phib;
}
// * * * * * * * * * * * * * * * * * * * * * * * * * * * * * * * * * * * * * //

dimensions      [0 2 0 0 0 0 0];

internalField   nonuniform List<scalar> 
999
(
0.290579
0.290578
0.290578
0.290577
0.290576
0.290576
0.290575
0.290574
0.290572
0.290571
0.29057
0.290568
0.290567
0.290565
0.290563
0.290561
0.290559
0.290557
0.290555
0.290553
0.29055
0.290548
0.290545
0.290542
0.29054
0.290537
0.290534
0.290531
0.290528
0.290524
0.290521
0.290517
0.290514
0.29051
0.290507
0.290503
0.290499
0.290495
0.290491
0.290487
0.290482
0.290478
0.290474
0.290469
0.290465
0.29046
0.290455
0.29045
0.290446
0.290441
0.290435
0.29043
0.290425
0.29042
0.290414
0.290409
0.290403
0.290398
0.290392
0.290386
0.29038
0.290374
0.290368
0.290362
0.290356
0.29035
0.290344
0.290337
0.290331
0.290324
0.290318
0.290311
0.290304
0.290297
0.290291
0.290284
0.290277
0.29027
0.290262
0.290255
0.290248
0.29024
0.290233
0.290226
0.290218
0.29021
0.290203
0.290195
0.290187
0.290179
0.290171
0.290163
0.290155
0.290147
0.290139
0.29013
0.290122
0.290114
0.290105
0.290097
0.290088
0.290079
0.290071
0.290062
0.290053
0.290044
0.290035
0.290026
0.290017
0.290008
0.289999
0.289989
0.28998
0.289971
0.289961
0.289952
0.289942
0.289933
0.289923
0.289913
0.289904
0.289894
0.289884
0.289874
0.289864
0.289854
0.289844
0.289834
0.289823
0.289813
0.289803
0.289792
0.289782
0.289771
0.289761
0.28975
0.28974
0.289729
0.289718
0.289707
0.289697
0.289686
0.289675
0.289664
0.289653
0.289642
0.28963
0.289619
0.289608
0.289597
0.289585
0.289574
0.289562
0.289551
0.289539
0.289528
0.289516
0.289504
0.289493
0.289481
0.289469
0.289457
0.289445
0.289433
0.289421
0.289409
0.289397
0.289385
0.289373
0.28936
0.289348
0.289336
0.289323
0.289311
0.289298
0.289286
0.289273
0.289261
0.289248
0.289235
0.289223
0.28921
0.289197
0.289184
0.289171
0.289158
0.289145
0.289132
0.289119
0.289106
0.289093
0.28908
0.289066
0.289053
0.28904
0.289026
0.289013
0.288999
0.288986
0.288972
0.288959
0.288945
0.288931
0.288918
0.288904
0.28889
0.288876
0.288863
0.288849
0.288835
0.288821
0.288807
0.288793
0.288778
0.288764
0.28875
0.288736
0.288722
0.288707
0.288693
0.288679
0.288664
0.28865
0.288635
0.288621
0.288606
0.288592
0.288577
0.288562
0.288548
0.288533
0.288518
0.288503
0.288488
0.288474
0.288459
0.288444
0.288429
0.288414
0.288399
0.288383
0.288368
0.288353
0.288338
0.288323
0.288307
0.288292
0.288277
0.288261
0.288246
0.28823
0.288215
0.288199
0.288184
0.288168
0.288153
0.288137
0.288121
0.288106
0.28809
0.288074
0.288058
0.288042
0.288026
0.288011
0.287995
0.287979
0.287963
0.287946
0.28793
0.287914
0.287898
0.287882
0.287866
0.287849
0.287833
0.287817
0.287801
0.287784
0.287768
0.287751
0.287735
0.287718
0.287702
0.287685
0.287669
0.287652
0.287635
0.287619
0.287602
0.287585
0.287568
0.287552
0.287535
0.287518
0.287501
0.287484
0.287467
0.28745
0.287433
0.287416
0.287399
0.287382
0.287365
0.287348
0.28733
0.287313
0.287296
0.287279
0.287261
0.287244
0.287227
0.287209
0.287192
0.287174
0.287157
0.287139
0.287122
0.287104
0.287087
0.287069
0.287051
0.287034
0.287016
0.286998
0.28698
0.286963
0.286945
0.286927
0.286909
0.286891
0.286873
0.286855
0.286837
0.286819
0.286801
0.286783
0.286765
0.286747
0.286729
0.286711
0.286693
0.286674
0.286656
0.286638
0.286619
0.286601
0.286583
0.286564
0.286546
0.286528
0.286509
0.286491
0.286472
0.286454
0.286435
0.286416
0.286398
0.286379
0.286361
0.286342
0.286323
0.286304
0.286286
0.286267
0.286248
0.286229
0.28621
0.286191
0.286172
0.286154
0.286135
0.286116
0.286097
0.286078
0.286058
0.286039
0.28602
0.286001
0.285982
0.285963
0.285944
0.285924
0.285905
0.285886
0.285866
0.285847
0.285828
0.285808
0.285789
0.28577
0.28575
0.285731
0.285711
0.285692
0.285672
0.285653
0.285633
0.285613
0.285594
0.285574
0.285554
0.285535
0.285515
0.285495
0.285475
0.285456
0.285436
0.285416
0.285396
0.285376
0.285356
0.285336
0.285316
0.285296
0.285276
0.285256
0.285236
0.285216
0.285196
0.285176
0.285156
0.285136
0.285116
0.285095
0.285075
0.285055
0.285035
0.285014
0.284994
0.284974
0.284953
0.284933
0.284913
0.284892
0.284872
0.284851
0.284831
0.28481
0.28479
0.284769
0.284749
0.284728
0.284707
0.284687
0.284666
0.284645
0.284625
0.284604
0.284583
0.284563
0.284542
0.284521
0.2845
0.284479
0.284458
0.284438
0.284417
0.284396
0.284375
0.284354
0.284333
0.284312
0.284291
0.28427
0.284249
0.284228
0.284206
0.284185
0.284164
0.284143
0.284122
0.284101
0.284079
0.284058
0.284037
0.284016
0.283994
0.283973
0.283952
0.28393
0.283909
0.283887
0.283866
0.283845
0.283823
0.283802
0.28378
0.283759
0.283737
0.283715
0.283694
0.283672
0.283651
0.283629
0.283607
0.283586
0.283564
0.283542
0.28352
0.283499
0.283477
0.283455
0.283433
0.283412
0.28339
0.283368
0.283346
0.283324
0.283302
0.28328
0.283258
0.283236
0.283214
0.283192
0.28317
0.283148
0.283126
0.283104
0.283082
0.28306
0.283037
0.283015
0.282993
0.282971
0.282949
0.282926
0.282904
0.282882
0.28286
0.282837
0.282815
0.282793
0.28277
0.282748
0.282725
0.282703
0.282681
0.282658
0.282636
0.282613
0.282591
0.282568
0.282545
0.282523
0.2825
0.282478
0.282455
0.282432
0.28241
0.282387
0.282364
0.282342
0.282319
0.282296
0.282274
0.282251
0.282228
0.282205
0.282182
0.282159
0.282137
0.282114
0.282091
0.282068
0.282045
0.282022
0.281999
0.281976
0.281953
0.28193
0.281907
0.281884
0.281861
0.281838
0.281815
0.281791
0.281768
0.281745
0.281722
0.281699
0.281676
0.281652
0.281629
0.281606
0.281583
0.281559
0.281536
0.281513
0.281489
0.281466
0.281443
0.281419
0.281396
0.281372
0.281349
0.281325
0.281302
0.281279
0.281255
0.281231
0.281208
0.281184
0.281161
0.281137
0.281114
0.28109
0.281066
0.281043
0.281019
0.280995
0.280972
0.280948
0.280924
0.2809
0.280877
0.280853
0.280829
0.280805
0.280781
0.280758
0.280734
0.28071
0.280686
0.280662
0.280638
0.280614
0.28059
0.280566
0.280542
0.280518
0.280494
0.28047
0.280446
0.280422
0.280398
0.280374
0.28035
0.280326
0.280301
0.280277
0.280253
0.280229
0.280205
0.28018
0.280156
0.280132
0.280108
0.280083
0.280059
0.280035
0.28001
0.279986
0.279962
0.279937
0.279913
0.279888
0.279864
0.27984
0.279815
0.279791
0.279766
0.279742
0.279717
0.279693
0.279668
0.279643
0.279619
0.279594
0.27957
0.279545
0.27952
0.279496
0.279471
0.279446
0.279422
0.279397
0.279372
0.279347
0.279323
0.279298
0.279273
0.279248
0.279224
0.279199
0.279174
0.279149
0.279124
0.279099
0.279074
0.279049
0.279024
0.278999
0.278974
0.278949
0.278924
0.278899
0.278874
0.278849
0.278824
0.278799
0.278774
0.278749
0.278724
0.278699
0.278674
0.278649
0.278623
0.278598
0.278573
0.278548
0.278523
0.278497
0.278472
0.278447
0.278421
0.278396
0.278371
0.278345
0.27832
0.278295
0.278269
0.278244
0.278219
0.278193
0.278168
0.278142
0.278117
0.278091
0.278066
0.27804
0.278015
0.277989
0.277964
0.277938
0.277913
0.277887
0.277861
0.277836
0.27781
0.277784
0.277759
0.277733
0.277707
0.277682
0.277656
0.27763
0.277605
0.277579
0.277553
0.277527
0.277501
0.277476
0.27745
0.277424
0.277398
0.277372
0.277346
0.27732
0.277295
0.277269
0.277243
0.277217
0.277191
0.277165
0.277139
0.277113
0.277087
0.277061
0.277035
0.277009
0.276982
0.276956
0.27693
0.276904
0.276878
0.276852
0.276826
0.2768
0.276773
0.276747
0.276721
0.276695
0.276668
0.276642
0.276616
0.27659
0.276563
0.276537
0.276511
0.276484
0.276458
0.276432
0.276405
0.276379
0.276352
0.276326
0.2763
0.276273
0.276247
0.27622
0.276194
0.276167
0.276141
0.276114
0.276088
0.276061
0.276035
0.276008
0.275981
0.275955
0.275928
0.275901
0.275875
0.275848
0.275822
0.275795
0.275768
0.275741
0.275715
0.275688
0.275661
0.275634
0.275608
0.275581
0.275554
0.275527
0.2755
0.275474
0.275447
0.27542
0.275393
0.275366
0.275339
0.275312
0.275285
0.275258
0.275231
0.275204
0.275177
0.27515
0.275123
0.275096
0.275069
0.275042
0.275015
0.274988
0.274961
0.274934
0.274907
0.27488
0.274852
0.274825
0.274798
0.274771
0.274744
0.274717
0.274689
0.274662
0.274635
0.274608
0.27458
0.274553
0.274526
0.274498
0.274471
0.274444
0.274416
0.274389
0.274362
0.274334
0.274307
0.274279
0.274252
0.274224
0.274197
0.27417
0.274142
0.274115
0.274087
0.27406
0.274032
0.274004
0.273977
0.273949
0.273922
0.273894
0.273866
0.273839
0.273811
0.273784
0.273756
0.273728
0.273701
0.273673
0.273645
0.273617
0.27359
0.273562
0.273534
0.273506
0.273479
0.273451
0.273423
0.273395
0.273367
0.273339
0.273312
0.273284
0.273256
0.273228
0.2732
0.273172
0.273144
0.273116
0.273088
0.27306
0.273032
0.273004
0.272976
0.272948
0.27292
0.272892
0.272864
0.272836
0.272808
0.27278
0.272752
0.272723
0.272695
0.272667
0.272639
0.272611
0.272583
0.272554
0.272526
0.272498
0.27247
0.272442
0.272413
0.272385
0.272357
0.272328
0.2723
0.272272
0.272243
0.272215
0.272187
0.272158
0.27213
0.272101
0.272073
0.272045
0.272016
0.271988
0.271959
0.271931
0.271902
0.271874
0.271845
0.271817
0.271788
0.27176
0.271731
0.271702
0.271674
0.271645
0.271617
0.271588
0.271559
0.271531
0.271502
0.271473
0.271445
0.271416
0.271387
0.271359
0.27133
0.271301
0.271272
0.271244
0.271215
0.271186
0.271157
0.271128
0.271099
0.271071
0.271042
0.271013
0.270984
0.270955
0.270926
0.270897
0.270868
0.270839
0.27081
0.270781
0.270752
0.270723
)
;

boundaryField
{
    inlet
    {
        type            calculated;
        value           uniform -0.290579;
    }
    outlet
    {
        type            calculated;
        value           uniform 0.270694;
    }
    emptyWalls
    {
        type            empty;
        value           nonuniform List<scalar> 0();
    }
}


// ************************************************************************* //
