/*--------------------------------*- C++ -*----------------------------------*\
  =========                 |
  \\      /  F ield         | OpenFOAM: The Open Source CFD Toolbox
   \\    /   O peration     | Website:  https://openfoam.org
    \\  /    A nd           | Version:  9
     \\/     M anipulation  |
\*---------------------------------------------------------------------------*/
FoamFile
{
    format      ascii;
    class       volScalarField;
    location    "12.3";
    object      AcumCoeff_csw;
}
// * * * * * * * * * * * * * * * * * * * * * * * * * * * * * * * * * * * * * //

dimensions      [0 0 0 0 0 0 0];

internalField   nonuniform List<scalar> 
1000
(
0.149764
0.149619
0.149485
0.149356
0.149231
0.149108
0.148987
0.148867
0.148749
0.148632
0.148516
0.148401
0.148287
0.148174
0.148062
0.147951
0.14784
0.14773
0.147621
0.147512
0.147404
0.147297
0.14719
0.147084
0.146978
0.146873
0.146769
0.146665
0.146562
0.14646
0.146357
0.146256
0.146155
0.146054
0.145954
0.145855
0.145756
0.145657
0.145559
0.145461
0.145364
0.145267
0.145171
0.145075
0.14498
0.144885
0.144791
0.144697
0.144603
0.14451
0.144417
0.144325
0.144233
0.144141
0.14405
0.143959
0.143869
0.143778
0.143689
0.1436
0.143511
0.143422
0.143334
0.143246
0.143159
0.143072
0.142985
0.142899
0.142812
0.142727
0.142641
0.142556
0.142472
0.142387
0.142303
0.14222
0.142136
0.142053
0.14197
0.141888
0.141806
0.141724
0.141643
0.141561
0.14148
0.1414
0.14132
0.141239
0.14116
0.14108
0.141001
0.140922
0.140844
0.140765
0.140687
0.14061
0.140532
0.140455
0.140378
0.140301
0.140225
0.140149
0.140073
0.139997
0.139922
0.139847
0.139772
0.139697
0.139623
0.139549
0.139475
0.139401
0.139328
0.139255
0.139182
0.139109
0.139037
0.138964
0.138892
0.138821
0.138749
0.138678
0.138607
0.138536
0.138465
0.138395
0.138325
0.138255
0.138185
0.138115
0.138046
0.137977
0.137908
0.137839
0.137771
0.137702
0.137634
0.137566
0.137499
0.137431
0.137364
0.137297
0.13723
0.137163
0.137097
0.137031
0.136964
0.136898
0.136833
0.136767
0.136702
0.136637
0.136572
0.136507
0.136442
0.136378
0.136314
0.136249
0.136186
0.136122
0.136058
0.135995
0.135932
0.135869
0.135806
0.135743
0.13568
0.135618
0.135556
0.135494
0.135432
0.13537
0.135309
0.135247
0.135186
0.135125
0.135064
0.135003
0.134943
0.134882
0.134822
0.134762
0.134702
0.134642
0.134583
0.134523
0.134464
0.134404
0.134345
0.134286
0.134228
0.134169
0.134111
0.134052
0.133994
0.133936
0.133878
0.13382
0.133763
0.133705
0.133648
0.133591
0.133534
0.133477
0.13342
0.133363
0.133307
0.13325
0.133194
0.133138
0.133082
0.133026
0.13297
0.132915
0.132859
0.132804
0.132749
0.132694
0.132639
0.132584
0.132529
0.132475
0.13242
0.132366
0.132311
0.132257
0.132203
0.13215
0.132096
0.132042
0.131989
0.131935
0.131882
0.131829
0.131776
0.131723
0.13167
0.131617
0.131565
0.131512
0.13146
0.131408
0.131356
0.131304
0.131252
0.1312
0.131148
0.131097
0.131045
0.130994
0.130943
0.130891
0.13084
0.130789
0.130739
0.130688
0.130637
0.130587
0.130536
0.130486
0.130436
0.130386
0.130336
0.130286
0.130236
0.130186
0.130137
0.130087
0.130038
0.129989
0.129939
0.12989
0.129841
0.129792
0.129743
0.129695
0.129646
0.129598
0.129549
0.129501
0.129453
0.129404
0.129356
0.129308
0.12926
0.129213
0.129165
0.129117
0.12907
0.129022
0.128975
0.128928
0.128881
0.128834
0.128787
0.12874
0.128693
0.128646
0.128599
0.128553
0.128506
0.12846
0.128414
0.128368
0.128321
0.128275
0.128229
0.128184
0.128138
0.128092
0.128046
0.128001
0.127955
0.12791
0.127865
0.127819
0.127774
0.127729
0.127684
0.127639
0.127594
0.12755
0.127505
0.12746
0.127416
0.127371
0.127327
0.127283
0.127239
0.127194
0.12715
0.127106
0.127062
0.127019
0.126975
0.126931
0.126887
0.126844
0.1268
0.126757
0.126714
0.12667
0.126627
0.126584
0.126541
0.126498
0.126455
0.126412
0.12637
0.126327
0.126284
0.126242
0.126199
0.126157
0.126115
0.126072
0.12603
0.125988
0.125946
0.125904
0.125862
0.12582
0.125778
0.125736
0.125695
0.125653
0.125612
0.12557
0.125529
0.125487
0.125446
0.125405
0.125364
0.125323
0.125282
0.125241
0.1252
0.125159
0.125118
0.125077
0.125037
0.124996
0.124956
0.124915
0.124875
0.124834
0.124794
0.124754
0.124714
0.124674
0.124633
0.124594
0.124554
0.124514
0.124474
0.124434
0.124394
0.124355
0.124315
0.124276
0.124236
0.124197
0.124157
0.124118
0.124079
0.12404
0.124001
0.123962
0.123923
0.123884
0.123845
0.123806
0.123767
0.123728
0.12369
0.123651
0.123612
0.123574
0.123535
0.123497
0.123459
0.12342
0.123382
0.123344
0.123306
0.123268
0.12323
0.123192
0.123154
0.123116
0.123078
0.12304
0.123002
0.122965
0.122927
0.12289
0.122852
0.122815
0.122777
0.12274
0.122702
0.122665
0.122628
0.122591
0.122554
0.122517
0.12248
0.122443
0.122406
0.122369
0.122332
0.122295
0.122258
0.122222
0.122185
0.122148
0.122112
0.122075
0.122039
0.122003
0.121966
0.12193
0.121894
0.121857
0.121821
0.121785
0.121749
0.121713
0.121677
0.121641
0.121605
0.121569
0.121533
0.121498
0.121462
0.121426
0.121391
0.121355
0.121319
0.121284
0.121249
0.121213
0.121178
0.121142
0.121107
0.121072
0.121037
0.121001
0.120966
0.120931
0.120896
0.120861
0.120826
0.120791
0.120757
0.120722
0.120687
0.120652
0.120618
0.120583
0.120548
0.120514
0.120479
0.120445
0.12041
0.120376
0.120341
0.120307
0.120273
0.120238
0.120204
0.12017
0.120136
0.120102
0.120068
0.120034
0.12
0.119966
0.119932
0.119898
0.119864
0.11983
0.119797
0.119763
0.119729
0.119696
0.119662
0.119629
0.119595
0.119562
0.119528
0.119495
0.119461
0.119428
0.119395
0.119361
0.119328
0.119295
0.119262
0.119229
0.119196
0.119163
0.11913
0.119097
0.119064
0.119031
0.118998
0.118965
0.118932
0.118899
0.118867
0.118834
0.118801
0.118769
0.118736
0.118704
0.118671
0.118639
0.118606
0.118574
0.118541
0.118509
0.118477
0.118444
0.118412
0.11838
0.118348
0.118315
0.118283
0.118251
0.118219
0.118187
0.118155
0.118123
0.118091
0.118059
0.118028
0.117996
0.117964
0.117932
0.1179
0.117869
0.117837
0.117805
0.117774
0.117742
0.117711
0.117679
0.117648
0.117616
0.117585
0.117553
0.117522
0.117491
0.117459
0.117428
0.117397
0.117366
0.117335
0.117303
0.117272
0.117241
0.11721
0.117179
0.117148
0.117117
0.117086
0.117055
0.117024
0.116994
0.116963
0.116932
0.116901
0.116871
0.11684
0.116809
0.116779
0.116748
0.116717
0.116687
0.116656
0.116626
0.116595
0.116565
0.116534
0.116504
0.116474
0.116443
0.116413
0.116383
0.116352
0.116322
0.116292
0.116262
0.116232
0.116201
0.116171
0.116141
0.116111
0.116081
0.116051
0.116021
0.115991
0.115961
0.115932
0.115902
0.115872
0.115842
0.115812
0.115783
0.115753
0.115723
0.115693
0.115664
0.115634
0.115605
0.115575
0.115545
0.115516
0.115486
0.115457
0.115427
0.115398
0.115369
0.115339
0.11531
0.115281
0.115251
0.115222
0.115193
0.115164
0.115134
0.115105
0.115076
0.115047
0.115018
0.114989
0.11496
0.114931
0.114902
0.114873
0.114844
0.114815
0.114786
0.114757
0.114728
0.114699
0.11467
0.114641
0.114613
0.114584
0.114555
0.114526
0.114498
0.114469
0.11444
0.114412
0.114383
0.114355
0.114326
0.114297
0.114269
0.11424
0.114212
0.114184
0.114155
0.114127
0.114098
0.11407
0.114042
0.114013
0.113985
0.113957
0.113928
0.1139
0.113872
0.113844
0.113816
0.113787
0.113759
0.113731
0.113703
0.113675
0.113647
0.113619
0.113591
0.113563
0.113535
0.113507
0.113479
0.113451
0.113423
0.113395
0.113367
0.11334
0.113312
0.113284
0.113256
0.113228
0.113201
0.113173
0.113145
0.113118
0.11309
0.113062
0.113035
0.113007
0.112979
0.112952
0.112924
0.112897
0.112869
0.112842
0.112814
0.112787
0.112759
0.112732
0.112704
0.112677
0.11265
0.112622
0.112595
0.112568
0.11254
0.112513
0.112486
0.112458
0.112431
0.112404
0.112377
0.112349
0.112322
0.112295
0.112268
0.112241
0.112214
0.112187
0.112159
0.112132
0.112105
0.112078
0.112051
0.112024
0.111997
0.11197
0.111943
0.111916
0.111889
0.111862
0.111836
0.111809
0.111782
0.111755
0.111728
0.111701
0.111674
0.111648
0.111621
0.111594
0.111567
0.11154
0.111514
0.111487
0.11146
0.111433
0.111407
0.11138
0.111353
0.111327
0.1113
0.111273
0.111247
0.11122
0.111194
0.111167
0.11114
0.111114
0.111087
0.111061
0.111034
0.111008
0.110981
0.110955
0.110928
0.110902
0.110875
0.110849
0.110822
0.110796
0.110769
0.110743
0.110716
0.11069
0.110663
0.110637
0.110611
0.110584
0.110558
0.110531
0.110505
0.110479
0.110452
0.110426
0.110399
0.110373
0.110347
0.11032
0.110294
0.110268
0.110241
0.110215
0.110188
0.110162
0.110136
0.110109
0.110083
0.110057
0.11003
0.110004
0.109978
0.109951
0.109925
0.109898
0.109872
0.109846
0.109819
0.109793
0.109766
0.10974
0.109713
0.109687
0.109661
0.109634
0.109608
0.109581
0.109555
0.109528
0.109502
0.109475
0.109448
0.109422
0.109395
0.109368
0.109342
0.109315
0.109288
0.109262
0.109235
0.109208
0.109181
0.109154
0.109127
0.1091
0.109073
0.109046
0.109019
0.108992
0.108965
0.108938
0.10891
0.108883
0.108856
0.108828
0.1088
0.108773
0.108745
0.108717
0.108689
0.108661
0.108633
0.108605
0.108577
0.108548
0.10852
0.108491
0.108462
0.108433
0.108404
0.108375
0.108346
0.108316
0.108286
0.108256
0.108226
0.108196
0.108165
0.108134
0.108103
0.108071
0.108039
0.108007
0.107975
0.107942
0.107908
0.107875
0.10784
0.107805
0.10777
0.107734
0.107697
0.10766
0.107622
0.107583
0.107543
0.107502
0.10746
0.107417
0.107372
0.107326
0.107278
0.107229
0.107177
0.107124
0.107067
0.107008
0.106945
0.106879
0.106809
0.106733
0.106652
0.106565
0.106469
0.106364
0.106248
0.106119
0.105973
0.105806
0.105613
0.105386
0.105113
0.104779
0.104358
0.103807
0.103054
0.101958
0.100208
0.0969681
0.0890643
0.0704478
0.0679763
0.0667752
0.0665486
0.0667215
0.0669514
0.0671416
0.0672935
0.0674137
0.0674924
0.0675142
0.0674732
0.0673826
0.067272
0.0671747
0.0671133
0.0670935
0.0671082
0.0671448
0.0671903
0.0672343
0.0672691
)
;

boundaryField
{
    inlet
    {
        type            calculated;
        value           uniform 0.15;
    }
    outlet
    {
        type            calculated;
        value           uniform 0.0672691;
    }
    emptyWalls
    {
        type            empty;
    }
}


// ************************************************************************* //
