/*--------------------------------*- C++ -*----------------------------------*\
  =========                 |
  \\      /  F ield         | OpenFOAM: The Open Source CFD Toolbox
   \\    /   O peration     | Website:  https://openfoam.org
    \\  /    A nd           | Version:  9
     \\/     M anipulation  |
\*---------------------------------------------------------------------------*/
FoamFile
{
    format      ascii;
    class       volScalarField;
    location    "12.3";
    object      Sc;
}
// * * * * * * * * * * * * * * * * * * * * * * * * * * * * * * * * * * * * * //

dimensions      [0 0 0 0 0 0 0];

internalField   nonuniform List<scalar> 
1000
(
0.00127883
0.00206276
0.00278803
0.00348475
0.00416337
0.00482888
0.00548407
0.0061307
0.00676992
0.00740257
0.00802928
0.00865051
0.00926664
0.00987796
0.0104847
0.0110871
0.0116854
0.0122796
0.01287
0.0134566
0.0140395
0.0146189
0.0151948
0.0157673
0.0163365
0.0169024
0.0174652
0.0180248
0.0185814
0.0191349
0.0196855
0.0202331
0.0207779
0.0213198
0.021859
0.0223954
0.0229291
0.0234601
0.0239885
0.0245142
0.0250374
0.025558
0.0260762
0.0265918
0.027105
0.0276158
0.0281242
0.0286302
0.0291339
0.0296352
0.0301343
0.0306311
0.0311257
0.031618
0.0321082
0.0325961
0.033082
0.0335656
0.0340472
0.0345267
0.0350042
0.0354796
0.0359529
0.0364243
0.0368937
0.0373611
0.0378265
0.0382901
0.0387517
0.0392114
0.0396692
0.0401252
0.0405793
0.0410316
0.0414821
0.0419308
0.0423777
0.0428228
0.0432662
0.0437079
0.0441478
0.044586
0.0450226
0.0454575
0.0458906
0.0463222
0.0467521
0.0471804
0.0476071
0.0480322
0.0484557
0.0488776
0.049298
0.0497168
0.0501341
0.0505499
0.0509642
0.051377
0.0517883
0.0521981
0.0526064
0.0530133
0.0534188
0.0538228
0.0542255
0.0546267
0.0550265
0.0554249
0.0558219
0.0562176
0.056612
0.0570049
0.0573966
0.0577869
0.0581759
0.0585636
0.05895
0.0593351
0.059719
0.0601015
0.0604828
0.0608629
0.0612417
0.0616193
0.0619956
0.0623707
0.0627447
0.0631174
0.0634889
0.0638592
0.0642284
0.0645964
0.0649633
0.0653289
0.0656935
0.0660569
0.0664192
0.0667803
0.0671404
0.0674993
0.0678571
0.0682139
0.0685695
0.0689241
0.0692776
0.0696301
0.0699814
0.0703318
0.0706811
0.0710293
0.0713765
0.0717227
0.0720679
0.0724121
0.0727553
0.0730974
0.0734386
0.0737788
0.074118
0.0744562
0.0747935
0.0751298
0.0754651
0.0757995
0.076133
0.0764655
0.0767971
0.0771277
0.0774575
0.0777863
0.0781142
0.0784412
0.0787673
0.0790925
0.0794168
0.0797402
0.0800628
0.0803845
0.0807053
0.0810252
0.0813443
0.0816625
0.0819799
0.0822964
0.0826121
0.082927
0.083241
0.0835542
0.0838666
0.0841782
0.0844889
0.0847989
0.085108
0.0854164
0.085724
0.0860307
0.0863367
0.0866419
0.0869463
0.08725
0.0875529
0.087855
0.0881564
0.088457
0.0887569
0.089056
0.0893543
0.089652
0.0899489
0.090245
0.0905405
0.0908352
0.0911292
0.0914225
0.091715
0.0920069
0.0922981
0.0925885
0.0928783
0.0931673
0.0934557
0.0937434
0.0940304
0.0943167
0.0946024
0.0948874
0.0951717
0.0954553
0.0957383
0.0960206
0.0963023
0.0965833
0.0968637
0.0971434
0.0974225
0.0977009
0.0979787
0.0982559
0.0985325
0.0988084
0.0990837
0.0993583
0.0996324
0.0999058
0.100179
0.100451
0.100723
0.100994
0.101264
0.101534
0.101803
0.102072
0.10234
0.102607
0.102874
0.10314
0.103406
0.103671
0.103936
0.1042
0.104463
0.104726
0.104988
0.10525
0.105511
0.105772
0.106032
0.106292
0.106551
0.106809
0.107067
0.107324
0.107581
0.107838
0.108093
0.108349
0.108603
0.108858
0.109111
0.109364
0.109617
0.109869
0.110121
0.110372
0.110622
0.110873
0.111122
0.111371
0.11162
0.111868
0.112116
0.112363
0.112609
0.112856
0.113101
0.113346
0.113591
0.113835
0.114079
0.114322
0.114565
0.114807
0.115049
0.115291
0.115532
0.115772
0.116012
0.116252
0.116491
0.116729
0.116967
0.117205
0.117442
0.117679
0.117916
0.118152
0.118387
0.118622
0.118857
0.119091
0.119325
0.119558
0.119791
0.120023
0.120255
0.120487
0.120718
0.120949
0.121179
0.121409
0.121639
0.121868
0.122096
0.122325
0.122552
0.12278
0.123007
0.123234
0.12346
0.123686
0.123911
0.124136
0.124361
0.124585
0.124809
0.125032
0.125255
0.125478
0.1257
0.125922
0.126144
0.126365
0.126586
0.126806
0.127026
0.127245
0.127465
0.127684
0.127902
0.12812
0.128338
0.128555
0.128772
0.128989
0.129205
0.129421
0.129637
0.129852
0.130067
0.130281
0.130495
0.130709
0.130922
0.131135
0.131348
0.131561
0.131773
0.131984
0.132196
0.132406
0.132617
0.132827
0.133037
0.133247
0.133456
0.133665
0.133874
0.134082
0.13429
0.134498
0.134705
0.134912
0.135118
0.135325
0.135531
0.135736
0.135941
0.136146
0.136351
0.136555
0.13676
0.136963
0.137167
0.13737
0.137572
0.137775
0.137977
0.138179
0.13838
0.138582
0.138782
0.138983
0.139183
0.139383
0.139583
0.139782
0.139981
0.14018
0.140379
0.140577
0.140775
0.140972
0.14117
0.141367
0.141563
0.14176
0.141956
0.142152
0.142347
0.142543
0.142738
0.142932
0.143127
0.143321
0.143515
0.143708
0.143901
0.144094
0.144287
0.144479
0.144672
0.144864
0.145055
0.145246
0.145438
0.145628
0.145819
0.146009
0.146199
0.146389
0.146578
0.146767
0.146956
0.147145
0.147333
0.147521
0.147709
0.147897
0.148084
0.148271
0.148458
0.148645
0.148831
0.149017
0.149203
0.149388
0.149573
0.149758
0.149943
0.150128
0.150312
0.150496
0.15068
0.150863
0.151047
0.15123
0.151412
0.151595
0.151777
0.151959
0.152141
0.152323
0.152504
0.152685
0.152866
0.153046
0.153227
0.153407
0.153587
0.153766
0.153946
0.154125
0.154304
0.154483
0.154661
0.154839
0.155017
0.155195
0.155373
0.15555
0.155727
0.155904
0.156081
0.156257
0.156433
0.156609
0.156785
0.156961
0.157136
0.157311
0.157486
0.157661
0.157835
0.158009
0.158183
0.158357
0.15853
0.158704
0.158877
0.15905
0.159223
0.159395
0.159567
0.159739
0.159911
0.160083
0.160254
0.160426
0.160597
0.160767
0.160938
0.161108
0.161278
0.161448
0.161618
0.161788
0.161957
0.162126
0.162295
0.162464
0.162633
0.162801
0.162969
0.163137
0.163305
0.163472
0.16364
0.163807
0.163974
0.164141
0.164307
0.164474
0.16464
0.164806
0.164972
0.165137
0.165303
0.165468
0.165633
0.165798
0.165962
0.166127
0.166291
0.166455
0.166619
0.166783
0.166946
0.16711
0.167273
0.167436
0.167599
0.167761
0.167924
0.168086
0.168248
0.16841
0.168572
0.168733
0.168895
0.169056
0.169217
0.169378
0.169538
0.169699
0.169859
0.170019
0.170179
0.170339
0.170498
0.170658
0.170817
0.170976
0.171135
0.171294
0.171452
0.17161
0.171769
0.171927
0.172085
0.172242
0.1724
0.172557
0.172714
0.172871
0.173028
0.173185
0.173341
0.173498
0.173654
0.17381
0.173966
0.174122
0.174277
0.174433
0.174588
0.174743
0.174898
0.175052
0.175207
0.175361
0.175516
0.17567
0.175824
0.175978
0.176131
0.176285
0.176438
0.176591
0.176744
0.176897
0.17705
0.177202
0.177355
0.177507
0.177659
0.177811
0.177963
0.178114
0.178266
0.178417
0.178568
0.178719
0.17887
0.179021
0.179172
0.179322
0.179472
0.179622
0.179772
0.179922
0.180072
0.180222
0.180371
0.18052
0.180669
0.180818
0.180967
0.181116
0.181264
0.181413
0.181561
0.181709
0.181857
0.182005
0.182153
0.1823
0.182448
0.182595
0.182742
0.182889
0.183036
0.183183
0.18333
0.183476
0.183622
0.183769
0.183915
0.184061
0.184206
0.184352
0.184498
0.184643
0.184788
0.184933
0.185078
0.185223
0.185368
0.185513
0.185657
0.185802
0.185946
0.18609
0.186234
0.186378
0.186521
0.186665
0.186808
0.186952
0.187095
0.187238
0.187381
0.187524
0.187667
0.187809
0.187952
0.188094
0.188236
0.188378
0.18852
0.188662
0.188804
0.188946
0.189087
0.189228
0.18937
0.189511
0.189652
0.189793
0.189933
0.190074
0.190215
0.190355
0.190495
0.190636
0.190776
0.190916
0.191056
0.191195
0.191335
0.191474
0.191614
0.191753
0.191892
0.192031
0.19217
0.192309
0.192448
0.192586
0.192725
0.192863
0.193002
0.19314
0.193278
0.193416
0.193554
0.193691
0.193829
0.193967
0.194104
0.194241
0.194379
0.194516
0.194653
0.19479
0.194926
0.195063
0.1952
0.195336
0.195473
0.195609
0.195745
0.195881
0.196017
0.196153
0.196289
0.196425
0.19656
0.196696
0.196831
0.196966
0.197102
0.197237
0.197372
0.197507
0.197642
0.197776
0.197911
0.198046
0.19818
0.198314
0.198449
0.198583
0.198717
0.198851
0.198985
0.199119
0.199253
0.199386
0.19952
0.199653
0.199787
0.19992
0.200053
0.200186
0.20032
0.200453
0.200585
0.200718
0.200851
0.200984
0.201116
0.201249
0.201381
0.201514
0.201646
0.201778
0.20191
0.202042
0.202174
0.202306
0.202438
0.20257
0.202702
0.202833
0.202965
0.203096
0.203228
0.203359
0.203491
0.203622
0.203753
0.203884
0.204015
0.204146
0.204277
0.204408
0.204539
0.20467
0.2048
0.204931
0.205062
0.205192
0.205323
0.205453
0.205584
0.205714
0.205844
0.205975
0.206105
0.206235
0.206365
0.206495
0.206625
0.206755
0.206885
0.207015
0.207145
0.207275
0.207405
0.207535
0.207665
0.207795
0.207925
0.208055
0.208184
0.208314
0.208444
0.208574
0.208704
0.208833
0.208963
0.209093
0.209223
0.209353
0.209482
0.209612
0.209742
0.209872
0.210002
0.210132
0.210262
0.210392
0.210522
0.210652
0.210782
0.210912
0.211043
0.211173
0.211304
0.211434
0.211565
0.211695
0.211826
0.211957
0.212088
0.212219
0.21235
0.212482
0.212613
0.212745
0.212877
0.213009
0.213141
0.213273
0.213406
0.213539
0.213672
0.213805
0.213938
0.214072
0.214206
0.214341
0.214475
0.21461
0.214745
0.214881
0.215017
0.215154
0.215291
0.215428
0.215566
0.215704
0.215843
0.215983
0.216123
0.216263
0.216405
0.216547
0.21669
0.216834
0.216978
0.217124
0.21727
0.217418
0.217566
0.217716
0.217867
0.218019
0.218173
0.218328
0.218485
0.218644
0.218805
0.218967
0.219132
0.219299
0.219469
0.219641
0.219816
0.219995
0.220177
0.220363
0.220552
0.220747
0.220946
0.22115
0.22136
0.221577
0.221801
0.222033
0.222274
0.222524
0.222785
0.223059
0.223346
0.22365
0.223971
0.224313
0.224678
0.225071
0.225495
0.225958
0.226465
0.227025
0.227651
0.228356
0.229161
0.230092
0.231186
0.232496
0.2341
0.236119
0.238748
0.242331
0.247518
0.255719
0.270622
0.305374
0.449023
0.457632
0.46211
0.46363
0.464091
0.464559
0.465253
0.466034
0.466715
0.467159
0.467286
0.467081
0.466619
0.466053
0.465555
0.465241
0.465141
0.465217
0.465405
0.465639
0.465864
0.466041
)
;

boundaryField
{
    inlet
    {
        type            calculated;
        value           uniform 0;
    }
    outlet
    {
        type            calculated;
        value           uniform 0.466041;
    }
    emptyWalls
    {
        type            empty;
    }
}


// ************************************************************************* //
