/*--------------------------------*- C++ -*----------------------------------*\
  =========                 |
  \\      /  F ield         | OpenFOAM: The Open Source CFD Toolbox
   \\    /   O peration     | Website:  https://openfoam.org
    \\  /    A nd           | Version:  9
     \\/     M anipulation  |
\*---------------------------------------------------------------------------*/
FoamFile
{
    format      ascii;
    class       volScalarField;
    location    "16.6";
    object      krc;
}
// * * * * * * * * * * * * * * * * * * * * * * * * * * * * * * * * * * * * * //

dimensions      [0 0 0 0 0 0 0];

internalField   nonuniform List<scalar> 
1000
(
2.1459e-06
5.59194e-06
1.02309e-05
1.60067e-05
2.28812e-05
3.08248e-05
3.9813e-05
4.98244e-05
6.08396e-05
7.28411e-05
8.58123e-05
9.97376e-05
0.000114602
0.000130392
0.000147094
0.000164694
0.00018318
0.000202539
0.00022276
0.000243831
0.000265741
0.000288478
0.000312031
0.000336391
0.000361546
0.000387486
0.000414202
0.000441684
0.000469922
0.000498906
0.000528628
0.000559078
0.000590247
0.000622127
0.000654709
0.000687984
0.000721945
0.000756582
0.000791888
0.000827856
0.000864476
0.000901741
0.000939645
0.000978178
0.00101733
0.00105711
0.00109749
0.00113847
0.00118005
0.00122221
0.00126496
0.00130828
0.00135216
0.00139661
0.00144162
0.00148717
0.00153327
0.0015799
0.00162706
0.00167475
0.00172296
0.00177168
0.0018209
0.00187063
0.00192085
0.00197157
0.00202277
0.00207445
0.00212661
0.00217923
0.00223232
0.00228587
0.00233988
0.00239433
0.00244923
0.00250457
0.00256034
0.00261655
0.00267318
0.00273023
0.0027877
0.00284558
0.00290387
0.00296256
0.00302166
0.00308115
0.00314103
0.0032013
0.00326195
0.00332298
0.00338438
0.00344616
0.0035083
0.00357081
0.00363368
0.0036969
0.00376048
0.00382441
0.00388868
0.00395329
0.00401824
0.00408353
0.00414914
0.00421509
0.00428136
0.00434795
0.00441486
0.00448208
0.00454962
0.00461746
0.00468561
0.00475406
0.00482281
0.00489186
0.0049612
0.00503083
0.00510075
0.00517095
0.00524144
0.0053122
0.00538324
0.00545455
0.00552614
0.00559799
0.00567011
0.00574249
0.00581513
0.00588803
0.00596118
0.00603458
0.00610824
0.00618214
0.00625629
0.00633068
0.00640531
0.00648018
0.00655529
0.00663063
0.0067062
0.006782
0.00685802
0.00693427
0.00701074
0.00708744
0.00716435
0.00724147
0.00731881
0.00739637
0.00747413
0.0075521
0.00763027
0.00770865
0.00778723
0.00786601
0.00794499
0.00802416
0.00810353
0.00818309
0.00826284
0.00834278
0.00842291
0.00850322
0.00858371
0.00866439
0.00874524
0.00882628
0.00890748
0.00898887
0.00907043
0.00915215
0.00923405
0.00931612
0.00939835
0.00948075
0.00956331
0.00964603
0.00972892
0.00981196
0.00989516
0.00997851
0.010062
0.0101457
0.0102295
0.0103135
0.0103976
0.0104818
0.0105662
0.0106508
0.0107355
0.0108203
0.0109053
0.0109904
0.0110756
0.011161
0.0112466
0.0113322
0.011418
0.0115039
0.01159
0.0116761
0.0117625
0.0118489
0.0119354
0.0120221
0.0121089
0.0121959
0.0122829
0.0123701
0.0124574
0.0125448
0.0126323
0.0127199
0.0128077
0.0128955
0.0129835
0.0130716
0.0131598
0.0132481
0.0133365
0.013425
0.0135136
0.0136023
0.0136912
0.0137801
0.0138691
0.0139583
0.0140475
0.0141368
0.0142262
0.0143158
0.0144054
0.0144951
0.0145849
0.0146748
0.0147648
0.0148549
0.0149451
0.0150354
0.0151257
0.0152162
0.0153067
0.0153973
0.015488
0.0155788
0.0156697
0.0157607
0.0158517
0.0159428
0.016034
0.0161253
0.0162167
0.0163081
0.0163996
0.0164912
0.0165829
0.0166747
0.0167665
0.0168584
0.0169504
0.0170424
0.0171345
0.0172267
0.017319
0.0174113
0.0175037
0.0175961
0.0176887
0.0177813
0.0178739
0.0179667
0.0180595
0.0181523
0.0182453
0.0183383
0.0184313
0.0185244
0.0186176
0.0187108
0.0188041
0.0188975
0.0189909
0.0190844
0.0191779
0.0192715
0.0193652
0.0194589
0.0195526
0.0196464
0.0197403
0.0198342
0.0199282
0.0200222
0.0201163
0.0202104
0.0203046
0.0203989
0.0204932
0.0205875
0.0206819
0.0207763
0.0208708
0.0209653
0.0210599
0.0211545
0.0212492
0.0213439
0.0214387
0.0215335
0.0216283
0.0217232
0.0218182
0.0219131
0.0220082
0.0221032
0.0221983
0.0222935
0.0223887
0.0224839
0.0225792
0.0226745
0.0227698
0.0228652
0.0229607
0.0230561
0.0231516
0.0232472
0.0233427
0.0234383
0.023534
0.0236297
0.0237254
0.0238211
0.0239169
0.0240128
0.0241086
0.0242045
0.0243004
0.0243964
0.0244924
0.0245884
0.0246844
0.0247805
0.0248766
0.0249727
0.0250689
0.0251651
0.0252613
0.0253576
0.0254539
0.0255502
0.0256465
0.0257429
0.0258393
0.0259357
0.0260322
0.0261287
0.0262252
0.0263217
0.0264182
0.0265148
0.0266114
0.026708
0.0268047
0.0269014
0.0269981
0.0270948
0.0271915
0.0272883
0.0273851
0.0274819
0.0275787
0.0276756
0.0277725
0.0278694
0.0279663
0.0280632
0.0281602
0.0282571
0.0283541
0.0284512
0.0285482
0.0286453
0.0287423
0.0288394
0.0289365
0.0290337
0.0291308
0.029228
0.0293251
0.0294223
0.0295195
0.0296168
0.029714
0.0298113
0.0299085
0.0300058
0.0301031
0.0302005
0.0302978
0.0303952
0.0304925
0.0305899
0.0306873
0.0307847
0.0308821
0.0309795
0.031077
0.0311744
0.0312719
0.0313694
0.0314669
0.0315644
0.0316619
0.0317594
0.031857
0.0319545
0.0320521
0.0321497
0.0322472
0.0323448
0.0324424
0.0325401
0.0326377
0.0327353
0.032833
0.0329306
0.0330283
0.0331259
0.0332236
0.0333213
0.033419
0.0335167
0.0336144
0.0337121
0.0338098
0.0339076
0.0340053
0.0341031
0.0342008
0.0342986
0.0343963
0.0344941
0.0345919
0.0346897
0.0347875
0.0348853
0.0349831
0.0350809
0.0351787
0.0352765
0.0353743
0.0354721
0.03557
0.0356678
0.0357657
0.0358635
0.0359614
0.0360592
0.0361571
0.0362549
0.0363528
0.0364507
0.0365485
0.0366464
0.0367443
0.0368422
0.03694
0.0370379
0.0371358
0.0372337
0.0373316
0.0374295
0.0375274
0.0376253
0.0377232
0.0378211
0.037919
0.0380169
0.0381148
0.0382127
0.0383106
0.0384085
0.0385064
0.0386043
0.0387022
0.0388001
0.038898
0.0389959
0.0390939
0.0391918
0.0392897
0.0393876
0.0394855
0.0395834
0.0396813
0.0397792
0.0398771
0.039975
0.0400729
0.0401708
0.0402687
0.0403666
0.0404645
0.0405624
0.0406603
0.0407582
0.0408561
0.040954
0.0410519
0.0411497
0.0412476
0.0413455
0.0414434
0.0415413
0.0416391
0.041737
0.0418349
0.0419327
0.0420306
0.0421284
0.0422263
0.0423241
0.042422
0.0425198
0.0426177
0.0427155
0.0428133
0.0429112
0.043009
0.0431068
0.0432046
0.0433024
0.0434002
0.0434981
0.0435959
0.0436936
0.0437914
0.0438892
0.043987
0.0440848
0.0441826
0.0442803
0.0443781
0.0444758
0.0445736
0.0446713
0.0447691
0.0448668
0.0449645
0.0450623
0.04516
0.0452577
0.0453554
0.0454531
0.0455508
0.0456485
0.0457462
0.0458439
0.0459415
0.0460392
0.0461369
0.0462345
0.0463322
0.0464298
0.0465275
0.0466251
0.0467227
0.0468203
0.0469179
0.0470155
0.0471131
0.0472107
0.0473083
0.0474059
0.0475035
0.047601
0.0476986
0.0477961
0.0478937
0.0479912
0.0480887
0.0481862
0.0482838
0.0483813
0.0484788
0.0485762
0.0486737
0.0487712
0.0488687
0.0489661
0.0490636
0.049161
0.0492584
0.0493559
0.0494533
0.0495507
0.0496481
0.0497455
0.0498429
0.0499403
0.0500376
0.050135
0.0502323
0.0503297
0.050427
0.0505244
0.0506217
0.050719
0.0508163
0.0509136
0.0510109
0.0511081
0.0512054
0.0513027
0.0513999
0.0514972
0.0515944
0.0516916
0.0517888
0.051886
0.0519832
0.0520804
0.0521776
0.0522748
0.0523719
0.0524691
0.0525662
0.0526634
0.0527605
0.0528576
0.0529547
0.0530518
0.0531489
0.0532459
0.053343
0.0534401
0.0535371
0.0536342
0.0537312
0.0538282
0.0539252
0.0540222
0.0541192
0.0542162
0.0543132
0.0544101
0.0545071
0.054604
0.0547009
0.0547979
0.0548948
0.0549917
0.0550886
0.0551854
0.0552823
0.0553792
0.055476
0.0555729
0.0556697
0.0557665
0.0558633
0.0559601
0.0560569
0.0561537
0.0562505
0.0563472
0.056444
0.0565407
0.0566374
0.0567342
0.0568309
0.0569276
0.0570242
0.0571209
0.0572176
0.0573142
0.0574109
0.0575075
0.0576041
0.0577008
0.0577974
0.0578939
0.0579905
0.0580871
0.0581837
0.0582802
0.0583767
0.0584733
0.0585698
0.0586663
0.0587628
0.0588593
0.0589558
0.0590522
0.0591487
0.0592451
0.0593415
0.059438
0.0595344
0.0596308
0.0597272
0.0598235
0.0599199
0.0600163
0.0601126
0.0602089
0.0603053
0.0604016
0.0604979
0.0605942
0.0606904
0.0607867
0.060883
0.0609792
0.0610754
0.0611717
0.0612679
0.0613641
0.0614603
0.0615565
0.0616526
0.0617488
0.0618449
0.0619411
0.0620372
0.0621333
0.0622294
0.0623255
0.0624216
0.0625176
0.0626137
0.0627098
0.0628058
0.0629018
0.0629978
0.0630938
0.0631898
0.0632858
0.0633818
0.0634777
0.0635737
0.0636696
0.0637655
0.0638614
0.0639573
0.0640532
0.0641491
0.064245
0.0643408
0.0644367
0.0645325
0.0646283
0.0647242
0.06482
0.0649157
0.0650115
0.0651073
0.0652031
0.0652988
0.0653945
0.0654903
0.065586
0.0656817
0.0657774
0.065873
0.0659687
0.0660644
0.06616
0.0662556
0.0663513
0.0664469
0.0665425
0.0666381
0.0667336
0.0668292
0.0669248
0.0670203
0.0671158
0.0672114
0.0673069
0.0674024
0.0674978
0.0675933
0.0676888
0.0677842
0.0678797
0.0679751
0.0680705
0.068166
0.0682614
0.0683567
0.0684521
0.0685475
0.0686428
0.0687382
0.0688335
0.0689288
0.0690241
0.0691194
0.0692147
0.06931
0.0694053
0.0695005
0.0695958
0.069691
0.0697862
0.0698814
0.0699766
0.0700718
0.070167
0.0702622
0.0703573
0.0704525
0.0705476
0.0706427
0.0707378
0.0708329
0.070928
0.0710231
0.0711182
0.0712132
0.0713083
0.0714033
0.0714983
0.0715934
0.0716884
0.0717834
0.0718783
0.0719733
0.0720683
0.0721632
0.0722581
0.0723531
0.072448
0.0725429
0.0726378
0.0727327
0.0728276
0.0729224
0.0730173
0.0731121
0.0732069
0.0733018
0.0733966
0.0734914
0.0735862
0.0736809
0.0737757
0.0738705
0.0739652
0.0740599
0.0741547
0.0742494
0.0743441
0.0744388
0.0745335
0.0746281
0.0747228
0.0748175
0.0749121
0.0750067
0.0751014
0.075196
0.0752906
0.0753852
0.0754797
0.0755743
0.0756689
0.0757634
0.075858
0.0759525
0.076047
0.0761415
0.076236
0.0763305
0.076425
0.0765194
0.0766139
0.0767083
0.0768028
0.0768972
0.0769916
0.077086
0.0771804
0.0772748
0.0773692
0.0774636
0.0775579
0.0776523
0.0777466
0.0778409
0.0779353
0.0780296
0.0781239
0.0782182
0.0783124
0.0784067
0.078501
0.0785952
0.0786895
0.0787837
0.0788779
0.0789721
0.0790663
0.0791605
0.0792547
0.0793489
0.0794431
0.0795372
0.0796314
0.0797255
0.0798196
0.0799137
0.0800079
0.080102
0.080196
0.0802901
0.0803842
0.0804783
0.0805723
0.0806664
0.0807604
0.0808544
0.0809484
0.0810425
0.0811365
0.0812304
0.0813244
0.0814184
0.0815124
0.0816063
0.0817003
0.0817942
0.0818881
0.0819821
0.082076
0.0821699
0.0822638
0.0823577
0.0824515
0.0825454
0.0826393
0.0827331
0.082827
0.0829208
0.0830146
0.0831084
0.0832023
0.0832961
0.0833899
0.0834836
0.0835774
0.0836712
0.083765
0.0838587
0.0839525
0.0840462
0.0841399
0.0842336
0.0843274
0.0844211
0.0845148
0.0846085
0.0847021
0.0847958
0.0848895
0.0849831
0.0850768
0.0851704
0.0852641
0.0853577
0.0854513
0.085545
0.0856386
0.0857322
0.0858258
0.0859194
0.0860129
0.0861065
0.0862001
0.0862936
0.0863872
0.0864807
0.0865743
0.0866678
0.0867613
0.0868549
0.0869484
0.0870419
0.0871354
0.0872289
0.0873224
0.0874158
0.0875093
0.0876028
0.0876962
0.0877897
0.0878831
0.0879766
0.08807
)
;

boundaryField
{
    inlet
    {
        type            calculated;
        value           uniform 0;
    }
    outlet
    {
        type            calculated;
        value           uniform 0.08807;
    }
    emptyWalls
    {
        type            empty;
    }
}


// ************************************************************************* //
