/*--------------------------------*- C++ -*----------------------------------*\
  =========                 |
  \\      /  F ield         | OpenFOAM: The Open Source CFD Toolbox
   \\    /   O peration     | Website:  https://openfoam.org
    \\  /    A nd           | Version:  9
     \\/     M anipulation  |
\*---------------------------------------------------------------------------*/
FoamFile
{
    format      ascii;
    class       volScalarField;
    location    "18.7";
    object      Fcsw;
}
// * * * * * * * * * * * * * * * * * * * * * * * * * * * * * * * * * * * * * //

dimensions      [0 0 0 0 0 0 0];

internalField   nonuniform List<scalar> 
1000
(
8.2394e-06
1.32784e-05
1.79314e-05
2.23932e-05
2.67312e-05
3.09777e-05
3.51511e-05
3.92626e-05
4.332e-05
4.73286e-05
5.12927e-05
5.52152e-05
5.90988e-05
6.29454e-05
6.67567e-05
7.05341e-05
7.42789e-05
7.79922e-05
8.16748e-05
8.53276e-05
8.89515e-05
9.2547e-05
9.61148e-05
9.96555e-05
0.00010317
0.000106658
0.00011012
0.000113558
0.00011697
0.000120359
0.000123723
0.000127064
0.000130382
0.000133676
0.000136949
0.000140199
0.000143427
0.000146633
0.000149818
0.000152982
0.000156125
0.000159248
0.00016235
0.000165433
0.000168495
0.000171538
0.000174562
0.000177566
0.000180552
0.000183519
0.000186467
0.000189397
0.000192309
0.000195204
0.00019808
0.000200939
0.000203781
0.000206606
0.000209413
0.000212204
0.000214979
0.000217737
0.000220479
0.000223204
0.000225914
0.000228608
0.000231286
0.000233949
0.000236597
0.00023923
0.000241847
0.00024445
0.000247038
0.000249611
0.00025217
0.000254715
0.000257246
0.000259762
0.000262265
0.000264754
0.00026723
0.000269691
0.00027214
0.000274575
0.000276997
0.000279407
0.000281803
0.000284186
0.000286557
0.000288916
0.000291262
0.000293595
0.000295917
0.000298226
0.000300523
0.000302809
0.000305083
0.000307345
0.000309595
0.000311834
0.000314062
0.000316278
0.000318483
0.000320677
0.00032286
0.000325032
0.000327194
0.000329344
0.000331484
0.000333614
0.000335733
0.000337842
0.00033994
0.000342028
0.000344106
0.000346175
0.000348233
0.000350281
0.00035232
0.000354349
0.000356368
0.000358378
0.000360378
0.000362369
0.00036435
0.000366322
0.000368286
0.00037024
0.000372185
0.000374121
0.000376048
0.000377966
0.000379876
0.000381777
0.000383669
0.000385553
0.000387429
0.000389296
0.000391154
0.000393004
0.000394847
0.000396681
0.000398506
0.000400324
0.000402134
0.000403936
0.00040573
0.000407517
0.000409295
0.000411066
0.000412829
0.000414585
0.000416333
0.000418074
0.000419807
0.000421533
0.000423252
0.000424964
0.000426668
0.000428365
0.000430055
0.000431739
0.000433415
0.000435084
0.000436746
0.000438402
0.00044005
0.000441692
0.000443328
0.000444956
0.000446578
0.000448194
0.000449803
0.000451406
0.000453002
0.000454592
0.000456175
0.000457752
0.000459323
0.000460888
0.000462447
0.000463999
0.000465546
0.000467086
0.000468621
0.00047015
0.000471672
0.000473189
0.0004747
0.000476205
0.000477705
0.000479199
0.000480687
0.000482169
0.000483646
0.000485118
0.000486583
0.000488044
0.000489499
0.000490948
0.000492393
0.000493831
0.000495265
0.000496693
0.000498116
0.000499534
0.000500947
0.000502355
0.000503757
0.000505154
0.000506547
0.000507934
0.000509317
0.000510694
0.000512067
0.000513435
0.000514797
0.000516156
0.000517509
0.000518857
0.000520201
0.00052154
0.000522875
0.000524205
0.00052553
0.000526851
0.000528167
0.000529479
0.000530786
0.000532088
0.000533387
0.000534681
0.00053597
0.000537255
0.000538536
0.000539813
0.000541085
0.000542353
0.000543617
0.000544876
0.000546132
0.000547383
0.00054863
0.000549873
0.000551112
0.000552347
0.000553578
0.000554805
0.000556028
0.000557247
0.000558462
0.000559674
0.000560881
0.000562084
0.000563284
0.00056448
0.000565672
0.00056686
0.000568045
0.000569226
0.000570403
0.000571576
0.000572746
0.000573912
0.000575075
0.000576234
0.000577389
0.000578541
0.000579689
0.000580834
0.000581975
0.000583113
0.000584248
0.000585379
0.000586506
0.00058763
0.000588751
0.000589868
0.000590982
0.000592093
0.000593201
0.000594305
0.000595406
0.000596504
0.000597598
0.000598689
0.000599777
0.000600862
0.000601944
0.000603023
0.000604098
0.000605171
0.00060624
0.000607306
0.000608369
0.000609429
0.000610487
0.000611541
0.000612592
0.00061364
0.000614685
0.000615728
0.000616767
0.000617804
0.000618837
0.000619868
0.000620896
0.000621921
0.000622943
0.000623962
0.000624979
0.000625993
0.000627004
0.000628012
0.000629018
0.000630021
0.000631021
0.000632018
0.000633013
0.000634005
0.000634995
0.000635981
0.000636966
0.000637947
0.000638926
0.000639903
0.000640876
0.000641848
0.000642816
0.000643783
0.000644746
0.000645708
0.000646666
0.000647623
0.000648576
0.000649528
0.000650477
0.000651423
0.000652367
0.000653309
0.000654248
0.000655185
0.000656119
0.000657052
0.000657981
0.000658909
0.000659834
0.000660757
0.000661678
0.000662596
0.000663512
0.000664426
0.000665337
0.000666247
0.000667154
0.000668059
0.000668961
0.000669862
0.00067076
0.000671656
0.00067255
0.000673442
0.000674332
0.000675219
0.000676105
0.000676988
0.000677869
0.000678749
0.000679626
0.000680501
0.000681374
0.000682245
0.000683114
0.00068398
0.000684845
0.000685708
0.000686569
0.000687428
0.000688285
0.00068914
0.000689993
0.000690844
0.000691693
0.00069254
0.000693386
0.000694229
0.00069507
0.00069591
0.000696748
0.000697583
0.000698417
0.00069925
0.00070008
0.000700908
0.000701735
0.00070256
0.000703383
0.000704204
0.000705023
0.000705841
0.000706657
0.000707471
0.000708283
0.000709093
0.000709902
0.000710709
0.000711515
0.000712318
0.00071312
0.00071392
0.000714719
0.000715516
0.000716311
0.000717105
0.000717896
0.000718687
0.000719475
0.000720262
0.000721047
0.000721831
0.000722613
0.000723393
0.000724172
0.000724949
0.000725725
0.000726499
0.000727271
0.000728042
0.000728812
0.00072958
0.000730346
0.000731111
0.000731874
0.000732635
0.000733396
0.000734154
0.000734911
0.000735667
0.000736421
0.000737174
0.000737925
0.000738675
0.000739423
0.00074017
0.000740915
0.000741659
0.000742402
0.000743143
0.000743883
0.000744621
0.000745358
0.000746093
0.000746827
0.00074756
0.000748291
0.000749021
0.00074975
0.000750477
0.000751203
0.000751927
0.00075265
0.000753372
0.000754092
0.000754812
0.000755529
0.000756246
0.000756961
0.000757675
0.000758387
0.000759099
0.000759809
0.000760517
0.000761225
0.000761931
0.000762636
0.000763339
0.000764042
0.000764743
0.000765443
0.000766141
0.000766839
0.000767535
0.00076823
0.000768924
0.000769616
0.000770308
0.000770998
0.000771687
0.000772374
0.000773061
0.000773746
0.000774431
0.000775114
0.000775795
0.000776476
0.000777156
0.000777834
0.000778511
0.000779188
0.000779863
0.000780537
0.000781209
0.000781881
0.000782551
0.000783221
0.000783889
0.000784556
0.000785222
0.000785887
0.000786551
0.000787214
0.000787876
0.000788537
0.000789196
0.000789855
0.000790513
0.000791169
0.000791824
0.000792479
0.000793132
0.000793784
0.000794436
0.000795086
0.000795735
0.000796383
0.000797031
0.000797677
0.000798322
0.000798966
0.000799609
0.000800252
0.000800893
0.000801533
0.000802172
0.000802811
0.000803448
0.000804084
0.00080472
0.000805354
0.000805987
0.00080662
0.000807251
0.000807882
0.000808512
0.000809141
0.000809768
0.000810395
0.000811021
0.000811646
0.00081227
0.000812894
0.000813516
0.000814137
0.000814758
0.000815378
0.000815996
0.000816614
0.000817231
0.000817847
0.000818462
0.000819077
0.00081969
0.000820303
0.000820915
0.000821525
0.000822135
0.000822745
0.000823353
0.00082396
0.000824567
0.000825173
0.000825778
0.000826382
0.000826985
0.000827588
0.000828189
0.00082879
0.00082939
0.00082999
0.000830588
0.000831186
0.000831782
0.000832378
0.000832974
0.000833568
0.000834162
0.000834755
0.000835347
0.000835938
0.000836529
0.000837119
0.000837708
0.000838296
0.000838883
0.00083947
0.000840056
0.000840641
0.000841226
0.00084181
0.000842393
0.000842975
0.000843556
0.000844137
0.000844717
0.000845297
0.000845875
0.000846453
0.00084703
0.000847607
0.000848183
0.000848758
0.000849332
0.000849906
0.000850479
0.000851051
0.000851622
0.000852193
0.000852764
0.000853333
0.000853902
0.00085447
0.000855038
0.000855604
0.00085617
0.000856736
0.000857301
0.000857865
0.000858428
0.000858991
0.000859553
0.000860115
0.000860676
0.000861236
0.000861796
0.000862355
0.000862913
0.000863471
0.000864028
0.000864584
0.00086514
0.000865695
0.00086625
0.000866804
0.000867357
0.00086791
0.000868462
0.000869013
0.000869564
0.000870114
0.000870664
0.000871213
0.000871762
0.000872309
0.000872857
0.000873404
0.00087395
0.000874495
0.00087504
0.000875585
0.000876128
0.000876672
0.000877214
0.000877756
0.000878298
0.000878839
0.000879379
0.000879919
0.000880459
0.000880997
0.000881536
0.000882073
0.00088261
0.000883147
0.000883683
0.000884218
0.000884753
0.000885288
0.000885822
0.000886355
0.000886888
0.00088742
0.000887952
0.000888483
0.000889014
0.000889544
0.000890074
0.000890603
0.000891132
0.00089166
0.000892188
0.000892715
0.000893241
0.000893768
0.000894293
0.000894818
0.000895343
0.000895867
0.000896391
0.000896914
0.000897437
0.000897959
0.000898481
0.000899002
0.000899523
0.000900044
0.000900563
0.000901083
0.000901602
0.00090212
0.000902638
0.000903156
0.000903673
0.00090419
0.000904706
0.000905222
0.000905737
0.000906252
0.000906766
0.00090728
0.000907793
0.000908307
0.000908819
0.000909331
0.000909843
0.000910354
0.000910865
0.000911376
0.000911886
0.000912395
0.000912905
0.000913413
0.000913922
0.00091443
0.000914937
0.000915444
0.000915951
0.000916457
0.000916963
0.000917469
0.000917974
0.000918478
0.000918983
0.000919486
0.00091999
0.000920493
0.000920996
0.000921498
0.000922
0.000922501
0.000923002
0.000923503
0.000924004
0.000924504
0.000925003
0.000925502
0.000926001
0.0009265
0.000926998
0.000927496
0.000927993
0.00092849
0.000928987
0.000929483
0.000929979
0.000930474
0.000930969
0.000931464
0.000931959
0.000932453
0.000932947
0.00093344
0.000933933
0.000934426
0.000934918
0.00093541
0.000935902
0.000936394
0.000936885
0.000937375
0.000937866
0.000938356
0.000938846
0.000939335
0.000939824
0.000940313
0.000940801
0.000941289
0.000941777
0.000942264
0.000942752
0.000943238
0.000943725
0.000944211
0.000944697
0.000945183
0.000945668
0.000946153
0.000946638
0.000947122
0.000947606
0.00094809
0.000948573
0.000949056
0.000949539
0.000950022
0.000950504
0.000950986
0.000951468
0.000951949
0.00095243
0.000952911
0.000953392
0.000953872
0.000954352
0.000954832
0.000955311
0.000955791
0.00095627
0.000956748
0.000957227
0.000957705
0.000958183
0.00095866
0.000959137
0.000959614
0.000960091
0.000960568
0.000961044
0.00096152
0.000961996
0.000962471
0.000962947
0.000963422
0.000963897
0.000964371
0.000964845
0.000965319
0.000965793
0.000966267
0.00096674
0.000967213
0.000967686
0.000968159
0.000968631
0.000969103
0.000969575
0.000970047
0.000970518
0.00097099
0.000971461
0.000971931
0.000972402
0.000972872
0.000973342
0.000973812
0.000974282
0.000974751
0.000975221
0.00097569
0.000976159
0.000976627
0.000977096
0.000977564
0.000978032
0.0009785
0.000978967
0.000979435
0.000979902
0.000980369
0.000980836
0.000981303
0.000981769
0.000982235
0.000982701
0.000983167
0.000983633
0.000984099
0.000984564
0.000985029
0.000985494
0.000985959
0.000986423
0.000986888
0.000987352
0.000987816
0.00098828
0.000988744
0.000989207
0.000989671
0.000990134
0.000990597
0.00099106
0.000991523
0.000991985
0.000992448
0.00099291
0.000993372
0.000993834
0.000994296
0.000994757
0.000995219
0.00099568
0.000996142
0.000996603
0.000997063
0.000997524
0.000997985
0.000998445
0.000998906
0.000999366
0.000999826
0.00100029
0.00100075
0.00100121
0.00100166
0.00100212
0.00100258
0.00100304
0.0010035
0.00100396
0.00100442
0.00100488
0.00100534
0.0010058
0.00100625
0.00100671
0.00100717
0.00100763
0.00100809
0.00100854
0.001009
0.00100946
0.00100992
0.00101037
0.00101083
0.00101129
0.00101174
0.0010122
0.00101266
0.00101311
0.00101357
0.00101403
0.00101448
0.00101494
0.0010154
0.00101585
0.00101631
0.00101677
0.00101722
0.00101768
0.00101813
0.00101859
0.00101904
0.0010195
0.00101996
0.00102041
0.00102087
0.00102132
0.00102178
0.00102223
0.00102269
0.00102314
0.0010236
0.00102405
0.00102451
0.00102496
0.00102542
0.00102587
0.00102633
0.00102678
0.00102723
0.00102769
0.00102814
0.0010286
0.00102905
0.00102951
0.00102996
0.00103041
0.00103087
0.00103132
0.00103178
0.00103223
0.00103269
0.00103314
0.00103359
0.00103405
0.0010345
0.00103496
0.00103541
0.00103586
0.00103632
0.00103677
0.00103722
0.00103768
0.00103813
0.00103859
0.00103904
0.00103949
0.00103995
0.0010404
)
;

boundaryField
{
    inlet
    {
        type            calculated;
        value           uniform 8.2394e-06;
    }
    outlet
    {
        type            calculated;
        value           uniform 0.0010404;
    }
    emptyWalls
    {
        type            empty;
    }
}


// ************************************************************************* //
