/*--------------------------------*- C++ -*----------------------------------*\
  =========                 |
  \\      /  F ield         | OpenFOAM: The Open Source CFD Toolbox
   \\    /   O peration     | Website:  https://openfoam.org
    \\  /    A nd           | Version:  9
     \\/     M anipulation  |
\*---------------------------------------------------------------------------*/
FoamFile
{
    format      ascii;
    class       surfaceScalarField;
    location    "18.7";
    object      phic;
}
// * * * * * * * * * * * * * * * * * * * * * * * * * * * * * * * * * * * * * //

dimensions      [0 2 0 0 0 0 0];

internalField   nonuniform List<scalar> 
999
(
4.0802e-07
1.0655e-06
1.95327e-06
3.06183e-06
4.385e-06
5.91821e-06
7.65781e-06
9.60069e-06
1.17441e-05
1.40857e-05
1.66231e-05
1.93544e-05
2.22774e-05
2.53904e-05
2.86915e-05
3.21792e-05
3.58516e-05
3.97073e-05
4.37446e-05
4.79622e-05
5.23584e-05
5.69319e-05
6.16812e-05
6.66051e-05
7.17021e-05
7.69709e-05
8.24103e-05
8.8019e-05
9.37956e-05
9.97391e-05
0.000105848
0.000112122
0.000118558
0.000125157
0.000131916
0.000138836
0.000145914
0.00015315
0.000160542
0.000168089
0.000175791
0.000183646
0.000191654
0.000199813
0.000208122
0.00021658
0.000225187
0.000233941
0.000242842
0.000251888
0.000261078
0.000270413
0.000279889
0.000289508
0.000299267
0.000309167
0.000319205
0.000329382
0.000339696
0.000350147
0.000360733
0.000371454
0.00038231
0.000393298
0.000404419
0.000415672
0.000427055
0.000438569
0.000450211
0.000461983
0.000473882
0.000485908
0.00049806
0.000510338
0.000522741
0.000535268
0.000547918
0.00056069
0.000573585
0.000586601
0.000599738
0.000612994
0.00062637
0.000639864
0.000653476
0.000667205
0.000681051
0.000695013
0.00070909
0.000723282
0.000737588
0.000752007
0.000766539
0.000781183
0.000795938
0.000810805
0.000825782
0.000840869
0.000856064
0.000871369
0.000886781
0.000902301
0.000917928
0.000933662
0.000949501
0.000965445
0.000981494
0.000997647
0.0010139
0.00103026
0.00104673
0.00106329
0.00107996
0.00109672
0.00111359
0.00113056
0.00114762
0.00116479
0.00118205
0.00119942
0.00121688
0.00123443
0.00125209
0.00126983
0.00128768
0.00130562
0.00132365
0.00134178
0.00136001
0.00137832
0.00139673
0.00141523
0.00143382
0.00145251
0.00147128
0.00149015
0.00150911
0.00152815
0.00154729
0.00156651
0.00158583
0.00160523
0.00162472
0.00164429
0.00166396
0.00168371
0.00170354
0.00172346
0.00174347
0.00176356
0.00178374
0.001804
0.00182435
0.00184477
0.00186528
0.00188588
0.00190655
0.00192731
0.00194815
0.00196907
0.00199007
0.00201116
0.00203232
0.00205356
0.00207488
0.00209628
0.00211776
0.00213932
0.00216096
0.00218267
0.00220446
0.00222633
0.00224827
0.0022703
0.00229239
0.00231457
0.00233682
0.00235914
0.00238154
0.00240401
0.00242656
0.00244918
0.00247188
0.00249465
0.00251749
0.0025404
0.00256339
0.00258645
0.00260958
0.00263278
0.00265605
0.0026794
0.00270281
0.0027263
0.00274985
0.00277348
0.00279717
0.00282094
0.00284477
0.00286867
0.00289264
0.00291668
0.00294079
0.00296496
0.0029892
0.00301351
0.00303789
0.00306233
0.00308684
0.00311141
0.00313605
0.00316076
0.00318553
0.00321036
0.00323527
0.00326023
0.00328526
0.00331036
0.00333551
0.00336074
0.00338602
0.00341137
0.00343678
0.00346225
0.00348779
0.00351339
0.00353905
0.00356477
0.00359055
0.0036164
0.00364231
0.00366827
0.0036943
0.00372039
0.00374654
0.00377274
0.00379901
0.00382534
0.00385173
0.00387817
0.00390468
0.00393124
0.00395786
0.00398454
0.00401128
0.00403808
0.00406493
0.00409184
0.00411881
0.00414584
0.00417292
0.00420006
0.00422726
0.00425451
0.00428182
0.00430918
0.0043366
0.00436408
0.00439161
0.0044192
0.00444684
0.00447453
0.00450228
0.00453009
0.00455795
0.00458586
0.00461383
0.00464185
0.00466992
0.00469805
0.00472623
0.00475446
0.00478275
0.00481109
0.00483948
0.00486793
0.00489642
0.00492497
0.00495357
0.00498222
0.00501092
0.00503968
0.00506848
0.00509734
0.00512625
0.00515521
0.00518421
0.00521327
0.00524238
0.00527154
0.00530075
0.00533001
0.00535931
0.00538867
0.00541808
0.00544753
0.00547704
0.00550659
0.00553619
0.00556584
0.00559554
0.00562529
0.00565508
0.00568493
0.00571482
0.00574475
0.00577474
0.00580477
0.00583485
0.00586498
0.00589515
0.00592537
0.00595564
0.00598595
0.00601631
0.00604672
0.00607717
0.00610767
0.00613821
0.0061688
0.00619944
0.00623012
0.00626084
0.00629161
0.00632243
0.00635329
0.00638419
0.00641514
0.00644614
0.00647717
0.00650826
0.00653938
0.00657055
0.00660177
0.00663303
0.00666433
0.00669567
0.00672706
0.00675849
0.00678997
0.00682148
0.00685304
0.00688465
0.00691629
0.00694798
0.00697971
0.00701149
0.0070433
0.00707516
0.00710706
0.007139
0.00717098
0.007203
0.00723507
0.00726718
0.00729932
0.00733151
0.00736374
0.00739601
0.00742833
0.00746068
0.00749307
0.0075255
0.00755798
0.00759049
0.00762305
0.00765564
0.00768828
0.00772095
0.00775366
0.00778642
0.00781921
0.00785204
0.00788491
0.00791782
0.00795077
0.00798376
0.00801679
0.00804986
0.00808296
0.00811611
0.00814929
0.00818251
0.00821577
0.00824906
0.0082824
0.00831577
0.00834918
0.00838263
0.00841612
0.00844965
0.00848321
0.00851681
0.00855044
0.00858412
0.00861783
0.00865158
0.00868536
0.00871918
0.00875304
0.00878694
0.00882087
0.00885484
0.00888885
0.00892289
0.00895697
0.00899108
0.00902523
0.00905942
0.00909364
0.0091279
0.00916219
0.00919652
0.00923089
0.00926529
0.00929972
0.00933419
0.0093687
0.00940324
0.00943782
0.00947243
0.00950708
0.00954176
0.00957648
0.00961123
0.00964601
0.00968083
0.00971569
0.00975058
0.0097855
0.00982046
0.00985545
0.00989047
0.00992553
0.00996063
0.00999575
0.0100309
0.0100661
0.0101013
0.0101366
0.0101719
0.0102072
0.0102426
0.010278
0.0103134
0.0103489
0.0103844
0.0104199
0.0104555
0.010491
0.0105267
0.0105623
0.010598
0.0106337
0.0106695
0.0107053
0.0107411
0.010777
0.0108128
0.0108488
0.0108847
0.0109207
0.0109567
0.0109928
0.0110288
0.0110649
0.0111011
0.0111372
0.0111734
0.0112097
0.0112459
0.0112822
0.0113186
0.0113549
0.0113913
0.0114277
0.0114642
0.0115007
0.0115372
0.0115737
0.0116103
0.0116469
0.0116836
0.0117202
0.0117569
0.0117936
0.0118304
0.0118672
0.011904
0.0119409
0.0119777
0.0120146
0.0120516
0.0120886
0.0121256
0.0121626
0.0121996
0.0122367
0.0122738
0.012311
0.0123482
0.0123854
0.0124226
0.0124599
0.0124972
0.0125345
0.0125718
0.0126092
0.0126466
0.0126841
0.0127215
0.012759
0.0127966
0.0128341
0.0128717
0.0129093
0.012947
0.0129846
0.0130223
0.0130601
0.0130978
0.0131356
0.0131734
0.0132112
0.0132491
0.013287
0.0133249
0.0133629
0.0134009
0.0134389
0.0134769
0.013515
0.0135531
0.0135912
0.0136293
0.0136675
0.0137057
0.0137439
0.0137822
0.0138205
0.0138588
0.0138971
0.0139355
0.0139739
0.0140123
0.0140508
0.0140892
0.0141277
0.0141663
0.0142048
0.0142434
0.014282
0.0143207
0.0143593
0.014398
0.0144367
0.0144755
0.0145142
0.014553
0.0145919
0.0146307
0.0146696
0.0147085
0.0147474
0.0147864
0.0148254
0.0148644
0.0149034
0.0149425
0.0149816
0.0150207
0.0150598
0.015099
0.0151382
0.0151774
0.0152166
0.0152559
0.0152952
0.0153345
0.0153738
0.0154132
0.0154526
0.015492
0.0155315
0.0155709
0.0156104
0.01565
0.0156895
0.0157291
0.0157687
0.0158083
0.0158479
0.0158876
0.0159273
0.015967
0.0160068
0.0160466
0.0160864
0.0161262
0.016166
0.0162059
0.0162458
0.0162857
0.0163257
0.0163657
0.0164056
0.0164457
0.0164857
0.0165258
0.0165659
0.016606
0.0166461
0.0166863
0.0167265
0.0167667
0.016807
0.0168472
0.0168875
0.0169278
0.0169682
0.0170085
0.0170489
0.0170893
0.0171298
0.0171702
0.0172107
0.0172512
0.0172917
0.0173323
0.0173729
0.0174135
0.0174541
0.0174947
0.0175354
0.0175761
0.0176168
0.0176575
0.0176983
0.0177391
0.0177799
0.0178207
0.0178616
0.0179025
0.0179434
0.0179843
0.0180253
0.0180662
0.0181072
0.0181483
0.0181893
0.0182304
0.0182715
0.0183126
0.0183537
0.0183949
0.0184361
0.0184773
0.0185185
0.0185597
0.018601
0.0186423
0.0186836
0.018725
0.0187663
0.0188077
0.0188491
0.0188906
0.018932
0.0189735
0.019015
0.0190565
0.0190981
0.0191396
0.0191812
0.0192228
0.0192645
0.0193061
0.0193478
0.0193895
0.0194312
0.019473
0.0195147
0.0195565
0.0195983
0.0196402
0.019682
0.0197239
0.0197658
0.0198077
0.0198497
0.0198916
0.0199336
0.0199756
0.0200177
0.0200597
0.0201018
0.0201439
0.020186
0.0202281
0.0202703
0.0203125
0.0203547
0.0203969
0.0204392
0.0204814
0.0205237
0.020566
0.0206084
0.0206507
0.0206931
0.0207355
0.0207779
0.0208204
0.0208628
0.0209053
0.0209478
0.0209903
0.0210329
0.0210754
0.021118
0.0211606
0.0212033
0.0212459
0.0212886
0.0213313
0.021374
0.0214168
0.0214595
0.0215023
0.0215451
0.0215879
0.0216308
0.0216736
0.0217165
0.0217594
0.0218023
0.0218453
0.0218882
0.0219312
0.0219742
0.0220173
0.0220603
0.0221034
0.0221465
0.0221896
0.0222327
0.0222759
0.022319
0.0223622
0.0224054
0.0224487
0.0224919
0.0225352
0.0225785
0.0226218
0.0226652
0.0227085
0.0227519
0.0227953
0.0228387
0.0228821
0.0229256
0.0229691
0.0230126
0.0230561
0.0230996
0.0231432
0.0231868
0.0232304
0.023274
0.0233176
0.0233613
0.023405
0.0234487
0.0234924
0.0235361
0.0235799
0.0236237
0.0236675
0.0237113
0.0237551
0.023799
0.0238429
0.0238868
0.0239307
0.0239746
0.0240186
0.0240626
0.0241066
0.0241506
0.0241946
0.0242387
0.0242827
0.0243268
0.024371
0.0244151
0.0244592
0.0245034
0.0245476
0.0245918
0.0246361
0.0246803
0.0247246
0.0247689
0.0248132
0.0248575
0.0249019
0.0249462
0.0249906
0.025035
0.0250795
0.0251239
0.0251684
0.0252129
0.0252574
0.0253019
0.0253464
0.025391
0.0254356
0.0254802
0.0255248
0.0255694
0.0256141
0.0256588
0.0257035
0.0257482
0.0257929
0.0258377
0.0258824
0.0259272
0.0259721
0.0260169
0.0260617
0.0261066
0.0261515
0.0261964
0.0262413
0.0262863
0.0263312
0.0263762
0.0264212
0.0264662
0.0265113
0.0265563
0.0266014
0.0266465
0.0266916
0.0267367
0.0267819
0.0268271
0.0268723
0.0269175
0.0269627
0.0270079
0.0270532
0.0270985
0.0271438
0.0271891
0.0272344
0.0272798
0.0273252
0.0273706
0.027416
0.0274614
0.0275069
0.0275523
0.0275978
0.0276433
0.0276889
0.0277344
0.02778
0.0278256
0.0278712
0.0279168
0.0279624
0.0280081
0.0280537
0.0280994
0.0281451
0.0281909
0.0282366
0.0282824
0.0283282
0.028374
0.0284198
0.0284656
0.0285115
0.0285574
0.0286032
0.0286492
0.0286951
0.028741
0.028787
0.028833
0.028879
0.028925
0.0289711
0.0290171
0.0290632
0.0291093
0.0291554
0.0292015
0.0292477
0.0292938
0.02934
0.0293862
0.0294325
0.0294787
0.029525
0.0295712
0.0296175
0.0296638
0.0297102
0.0297565
0.0298029
0.0298493
0.0298957
0.0299421
0.0299885
0.030035
0.0300815
0.030128
0.0301745
0.030221
0.0302675
0.0303141
0.0303607
0.0304073
0.0304539
0.0305005
0.0305472
0.0305939
0.0306406
0.0306873
0.030734
0.0307807
0.0308275
0.0308743
0.0309211
0.0309679
0.0310147
0.0310616
0.0311084
0.0311553
0.0312022
0.0312492
0.0312961
0.0313431
0.03139
0.031437
0.031484
0.0315311
0.0315781
0.0316252
0.0316723
0.0317194
0.0317665
0.0318136
0.0318608
0.0319079
0.0319551
0.0320023
0.0320495
0.0320968
0.032144
0.0321913
0.0322386
0.0322859
0.0323333
0.0323806
0.032428
0.0324754
0.0325228
0.0325702
0.0326176
0.0326651
0.0327125
0.03276
0.0328075
0.0328551
0.0329026
0.0329502
0.0329977
0.0330453
0.0330929
0.0331406
0.0331882
0.0332359
0.0332836
0.0333313
0.033379
0.0334267
0.0334745
0.0335222
0.03357
0.0336178
0.0336657
0.0337135
0.0337613
)
;

boundaryField
{
    inlet
    {
        type            calculated;
        value           uniform 0;
    }
    outlet
    {
        type            calculated;
        value           uniform 0.0338092;
    }
    emptyWalls
    {
        type            empty;
        value           nonuniform List<scalar> 0();
    }
}


// ************************************************************************* //
