/*--------------------------------*- C++ -*----------------------------------*\
  =========                 |
  \\      /  F ield         | OpenFOAM: The Open Source CFD Toolbox
   \\    /   O peration     | Website:  https://openfoam.org
    \\  /    A nd           | Version:  9
     \\/     M anipulation  |
\*---------------------------------------------------------------------------*/
FoamFile
{
    format      ascii;
    class       surfaceScalarField;
    location    "6.5";
    object      phic;
}
// * * * * * * * * * * * * * * * * * * * * * * * * * * * * * * * * * * * * * //

dimensions      [0 2 0 0 0 0 0];

internalField   nonuniform List<scalar> 
999
(
3.23996e-06
8.42385e-06
1.53763e-05
2.40008e-05
3.42292e-05
4.6007e-05
5.92882e-05
7.40319e-05
9.02011e-05
0.000107762
0.000126683
0.000146933
0.000168485
0.000191312
0.000215389
0.00024069
0.000267192
0.000294872
0.00032371
0.000353682
0.00038477
0.000416953
0.000450212
0.000484529
0.000519886
0.000556266
0.000593651
0.000632025
0.000671372
0.000711677
0.000752924
0.000795099
0.000838188
0.000882175
0.000927049
0.000972796
0.0010194
0.00106686
0.00111514
0.00116425
0.00121418
0.0012649
0.00131641
0.00136869
0.00142175
0.00147556
0.00153012
0.00158541
0.00164143
0.00169816
0.00175561
0.00181375
0.00187258
0.00193209
0.00199228
0.00205312
0.00211463
0.00217678
0.00223957
0.00230299
0.00236704
0.0024317
0.00249697
0.00256285
0.00262932
0.00269637
0.00276401
0.00283223
0.00290101
0.00297036
0.00304026
0.00311072
0.00318171
0.00325325
0.00332532
0.00339791
0.00347102
0.00354465
0.00361879
0.00369344
0.00376858
0.00384422
0.00392035
0.00399696
0.00407406
0.00415162
0.00422966
0.00430817
0.00438713
0.00446655
0.00454642
0.00462675
0.00470751
0.00478871
0.00487035
0.00495243
0.00503492
0.00511785
0.00520119
0.00528495
0.00536912
0.00545369
0.00553868
0.00562406
0.00570984
0.00579602
0.00588259
0.00596954
0.00605688
0.0061446
0.0062327
0.00632117
0.00641002
0.00649923
0.00658881
0.00667875
0.00676905
0.00685971
0.00695073
0.00704209
0.0071338
0.00722586
0.00731826
0.007411
0.00750408
0.0075975
0.00769124
0.00778532
0.00787973
0.00797446
0.00806951
0.00816488
0.00826058
0.00835659
0.00845291
0.00854954
0.00864649
0.00874374
0.00884129
0.00893915
0.00903731
0.00913577
0.00923452
0.00933357
0.00943291
0.00953255
0.00963247
0.00973268
0.00983317
0.00993395
0.010035
0.0101363
0.010238
0.0103399
0.010442
0.0105445
0.0106472
0.0107502
0.0108534
0.0109569
0.0110607
0.0111647
0.011269
0.0113736
0.0114784
0.0115835
0.0116888
0.0117944
0.0119002
0.0120063
0.0121127
0.0122193
0.0123261
0.0124332
0.0125405
0.0126481
0.0127559
0.0128639
0.0129722
0.0130807
0.0131895
0.0132985
0.0134077
0.0135172
0.0136268
0.0137368
0.0138469
0.0139573
0.0140679
0.0141787
0.0142898
0.0144011
0.0145126
0.0146243
0.0147362
0.0148484
0.0149608
0.0150733
0.0151862
0.0152992
0.0154124
0.0155259
0.0156395
0.0157534
0.0158675
0.0159818
0.0160963
0.016211
0.0163259
0.016441
0.0165564
0.0166719
0.0167876
0.0169036
0.0170197
0.017136
0.0172526
0.0173693
0.0174863
0.0176034
0.0177207
0.0178382
0.017956
0.0180739
0.018192
0.0183103
0.0184288
0.0185474
0.0186663
0.0187854
0.0189046
0.0190241
0.0191437
0.0192635
0.0193835
0.0195037
0.0196241
0.0197446
0.0198654
0.0199863
0.0201074
0.0202287
0.0203501
0.0204718
0.0205936
0.0207156
0.0208378
0.0209602
0.0210827
0.0212055
0.0213284
0.0214514
0.0215747
0.0216981
0.0218217
0.0219455
0.0220694
0.0221936
0.0223179
0.0224423
0.022567
0.0226918
0.0228168
0.0229419
0.0230672
0.0231927
0.0233184
0.0234442
0.0235702
0.0236964
0.0238227
0.0239492
0.0240759
0.0242027
0.0243297
0.0244569
0.0245842
0.0247117
0.0248393
0.0249672
0.0250952
0.0252233
0.0253516
0.0254801
0.0256087
0.0257375
0.0258665
0.0259956
0.0261249
0.0262543
0.0263839
0.0265137
0.0266436
0.0267737
0.0269039
0.0270343
0.0271649
0.0272956
0.0274265
0.0275575
0.0276887
0.0278201
0.0279516
0.0280832
0.0282151
0.028347
0.0284792
0.0286115
0.0287439
0.0288765
0.0290093
0.0291422
0.0292752
0.0294085
0.0295418
0.0296754
0.0298091
0.0299429
0.0300769
0.030211
0.0303454
0.0304798
0.0306144
0.0307492
0.0308841
0.0310192
0.0311544
0.0312898
0.0314253
0.031561
0.0316969
0.0318329
0.031969
0.0321053
0.0322418
0.0323784
0.0325151
0.032652
0.0327891
0.0329263
0.0330637
0.0332012
0.0333389
0.0334767
0.0336147
0.0337529
0.0338912
0.0340296
0.0341682
0.034307
0.0344459
0.0345849
0.0347242
0.0348635
0.0350031
0.0351428
0.0352826
0.0354226
0.0355627
0.035703
0.0358435
0.0359841
0.0361249
0.0362658
0.0364069
0.0365481
0.0366895
0.0368311
0.0369728
0.0371147
0.0372567
0.0373989
0.0375413
0.0376838
0.0378264
0.0379693
0.0381123
0.0382554
0.0383988
0.0385422
0.0386859
0.0388297
0.0389737
0.0391178
0.0392621
0.0394066
0.0395513
0.0396961
0.039841
0.0399862
0.0401315
0.040277
0.0404227
0.0405685
0.0407145
0.0408607
0.0410071
0.0411537
0.0413004
0.0414473
0.0415944
0.0417417
0.0418891
0.0420368
0.0421846
0.0423326
0.0424808
0.0426292
0.0427778
0.0429266
0.0430756
0.0432248
0.0433742
0.0435238
0.0436736
0.0438236
0.0439738
0.0441242
0.0442749
0.0444258
0.0445768
0.0447282
0.0448797
0.0450315
0.0451835
0.0453357
0.0454882
0.045641
0.0457939
0.0459472
0.0461007
0.0462545
0.0464085
0.0465628
0.0467174
0.0468723
0.0470274
0.0471829
0.0473387
0.0474947
0.0476511
0.0478079
0.0479649
0.0481223
0.0482801
0.0484382
0.0485967
0.0487556
0.0489149
0.0490746
0.0492347
0.0493953
0.0495563
0.0497177
0.0498797
0.0500422
0.0502052
0.0503687
0.0505328
0.0506974
0.0508627
0.0510286
0.0511952
0.0513625
0.0515305
0.0516993
0.0518689
0.0520393
0.0522107
0.0523829
0.0525562
0.0527304
0.0529058
0.0530824
0.0532602
0.0534393
0.0536198
0.0538018
0.0539854
0.0541708
0.0543579
0.0545471
0.0547383
0.0549318
0.0551278
0.0553265
0.0555281
0.0557328
0.0559409
0.0561529
0.0563689
0.0565894
0.056815
0.057046
0.0572832
0.0575272
0.0577788
0.0580389
0.0583087
0.0585893
0.0588824
0.0591897
0.0595133
0.0598559
0.0602205
0.0606111
0.0610325
0.0614908
0.0619937
0.0625514
0.0631772
0.063889
0.0647117
0.0656803
0.0668466
0.0682892
0.0701349
0.0725996
0.0760846
0.0814236
0.0906607
0.11028
0.17462
0.20525
0.221717
0.230757
0.239516
0.249013
0.256226
0.257742
0.252493
0.242777
0.23281
0.225876
0.222928
0.22326
0.225667
0.229063
0.232619
0.235729
0.237964
0.239077
0.239028
0.238009
0.236398
0.234657
0.233193
0.232265
0.231952
0.232177
0.232775
0.233543
0.234295
0.234884
0.235228
0.235307
0.235158
0.234858
0.234501
0.234174
0.233939
0.233826
0.233832
0.233932
0.234086
0.234252
0.234394
0.234488
0.234525
0.234509
0.234455
0.23438
0.234306
0.234247
0.234211
0.234202
0.234216
0.234244
0.23428
0.234313
0.234338
0.234352
0.234354
0.234347
0.234335
0.234322
0.234311
0.234305
0.234305
0.23431
0.23432
0.234332
0.234345
0.234357
0.234368
0.234375
0.234381
0.234386
0.23439
0.234394
0.234399
0.234404
0.234411
0.234417
0.234423
0.234429
0.234434
0.234437
0.234438
0.234438
0.234436
0.234434
0.23443
0.234426
0.234421
0.234417
0.234413
0.234408
0.234404
0.2344
0.234397
0.234394
0.234391
0.234388
0.234386
0.234385
0.234384
0.234383
0.234382
0.234382
0.234383
0.234383
0.234384
0.234384
0.234385
0.234386
0.234387
0.234387
0.234388
0.234389
0.23439
0.234391
0.234392
0.234392
0.234393
0.234394
0.234395
0.234396
0.234397
0.234399
0.2344
0.234401
0.234402
0.234404
0.234405
0.234407
0.234408
0.23441
0.234412
0.234414
0.234415
0.234417
0.234419
0.234421
0.234424
0.234426
0.234428
0.23443
0.234432
0.234435
0.234437
0.234439
0.234442
0.234444
0.234447
0.234449
0.234452
0.234455
0.234458
0.234461
0.234464
0.234467
0.23447
0.234473
0.234477
0.234481
0.234484
0.234488
0.234492
0.234496
0.2345
0.234504
0.234508
0.234512
0.234516
0.23452
0.234523
0.234527
0.23453
0.234534
0.234536
0.234539
0.234541
0.234543
0.234545
0.234546
0.234547
0.234548
0.234548
0.234548
0.234548
0.234548
0.234547
0.234546
0.234545
0.234543
0.234542
0.23454
0.234539
0.234537
0.234536
0.234535
0.234533
0.234532
0.234531
0.23453
0.23453
0.234529
0.234529
0.234529
0.23453
0.23453
0.234531
0.234532
0.234534
0.234535
0.234537
0.234539
0.234542
0.234544
0.234547
0.23455
0.234553
0.234556
0.234559
0.234563
0.234566
0.23457
0.234574
0.234577
0.234581
0.234585
0.234589
0.234593
0.234597
0.2346
0.234604
0.234608
0.234611
0.234614
0.234617
0.23462
0.234623
0.234626
0.234628
0.23463
0.234632
0.234634
0.234635
0.234636
0.234637
0.234638
0.234639
0.234639
0.234639
0.234639
0.234639
0.234639
0.234639
0.234639
0.234638
0.234638
0.234637
0.234637
0.234637
0.234636
0.234636
0.234636
0.234636
0.234636
0.234636
0.234636
0.234636
0.234637
0.234637
0.234638
0.234639
0.23464
0.234641
0.234642
0.234644
0.234645
0.234647
0.234649
0.234651
0.234653
0.234655
0.234657
0.23466
0.234662
0.234665
0.234667
0.23467
0.234673
0.234676
0.234679
0.234682
0.234685
0.234688
0.234692
0.234695
0.234698
0.234702
0.234705
0.234708
0.234712
0.234715
0.234718
0.234722
0.234725
0.234728
0.234731
0.234734
0.234737
0.23474
0.234742
0.234745
0.234747
0.23475
0.234752
0.234754
0.234756
0.234758
0.23476
0.234761
0.234763
0.234764
0.234765
0.234767
0.234768
0.234769
0.23477
0.234771
0.234772
0.234773
0.234774
0.234775
0.234776
0.234777
0.234778
0.234779
0.23478
0.234782
0.234783
0.234784
0.234786
0.234787
0.234789
0.234791
0.234793
0.234795
0.234797
0.234799
0.234802
0.234804
0.234806
0.234809
0.234811
0.234814
0.234816
0.23482
0.234825
0.234842
0.234926
0.235394
0.238014
0.252131
0.308091
0.362331
0.36544
0.365434
0.365428
0.365426
0.365426
0.365427
0.365428
0.365427
0.365426
0.365425
0.365424
0.365423
0.365422
0.365422
0.365421
0.36542
0.36542
0.36542
0.365419
0.365419
0.365419
0.36542
0.36542
0.36542
0.365421
0.365421
0.365422
0.365423
0.365424
0.365424
0.365425
0.365426
0.365427
0.365427
0.365428
0.365428
0.365429
0.365429
0.365429
0.365429
0.365429
0.365429
0.365429
0.365429
0.365429
0.365428
0.365428
0.365428
0.365427
0.365427
0.365427
0.365426
0.365426
0.365426
0.365426
0.365426
0.365426
0.365427
0.365427
0.365427
0.365428
0.365429
0.365429
0.36543
0.365431
0.365432
0.365433
0.365434
0.365435
0.365436
0.365437
0.365438
0.365439
0.36544
0.365441
0.365442
0.365443
0.365444
0.365445
0.365446
0.365446
0.365447
0.365448
0.365448
0.365449
0.365449
0.36545
0.36545
0.36545
0.365451
0.365451
0.365451
0.365451
0.365452
0.365452
0.365452
0.365452
0.365452
0.365453
0.365453
0.365453
0.365453
0.365453
0.365453
0.365453
0.365453
0.365453
0.365454
0.365454
0.365454
)
;

boundaryField
{
    inlet
    {
        type            calculated;
        value           uniform 0;
    }
    outlet
    {
        type            calculated;
        value           uniform 0.365454;
    }
    emptyWalls
    {
        type            empty;
        value           nonuniform List<scalar> 0();
    }
}


// ************************************************************************* //
