/*--------------------------------*- C++ -*----------------------------------*\
  =========                 |
  \\      /  F ield         | OpenFOAM: The Open Source CFD Toolbox
   \\    /   O peration     | Website:  https://openfoam.org
    \\  /    A nd           | Version:  9
     \\/     M anipulation  |
\*---------------------------------------------------------------------------*/
FoamFile
{
    format      ascii;
    class       volScalarField;
    location    "9.2";
    object      Cs;
}
// * * * * * * * * * * * * * * * * * * * * * * * * * * * * * * * * * * * * * //

dimensions      [0 0 0 0 0 0 0];

internalField   nonuniform List<scalar> 
1000
(
0.05
0.05
0.05
0.05
0.05
0.05
0.05
0.05
0.05
0.05
0.05
0.05
0.05
0.05
0.05
0.05
0.05
0.05
0.05
0.05
0.05
0.05
0.05
0.05
0.05
0.05
0.05
0.05
0.05
0.05
0.05
0.05
0.05
0.05
0.05
0.05
0.05
0.05
0.05
0.05
0.05
0.05
0.05
0.05
0.05
0.05
0.05
0.05
0.05
0.05
0.05
0.05
0.05
0.05
0.05
0.05
0.05
0.05
0.05
0.05
0.05
0.05
0.05
0.05
0.05
0.05
0.05
0.05
0.05
0.05
0.05
0.05
0.05
0.05
0.05
0.05
0.05
0.05
0.05
0.05
0.05
0.05
0.05
0.05
0.05
0.05
0.05
0.05
0.05
0.05
0.05
0.05
0.05
0.05
0.05
0.05
0.05
0.05
0.05
0.05
0.05
0.05
0.05
0.05
0.05
0.05
0.05
0.05
0.05
0.05
0.05
0.05
0.05
0.05
0.05
0.05
0.05
0.05
0.05
0.05
0.05
0.05
0.05
0.05
0.05
0.05
0.05
0.05
0.05
0.05
0.05
0.05
0.05
0.05
0.05
0.05
0.05
0.05
0.05
0.05
0.05
0.05
0.05
0.05
0.05
0.05
0.05
0.05
0.05
0.05
0.05
0.05
0.05
0.05
0.05
0.05
0.05
0.05
0.05
0.05
0.05
0.05
0.05
0.05
0.05
0.05
0.05
0.05
0.05
0.05
0.05
0.05
0.05
0.05
0.05
0.05
0.05
0.05
0.05
0.05
0.05
0.05
0.05
0.05
0.05
0.05
0.05
0.05
0.05
0.05
0.05
0.05
0.05
0.05
0.05
0.05
0.05
0.05
0.05
0.05
0.05
0.05
0.05
0.05
0.05
0.05
0.05
0.05
0.05
0.05
0.05
0.05
0.05
0.05
0.05
0.05
0.05
0.05
0.05
0.05
0.05
0.05
0.05
0.05
0.05
0.05
0.05
0.05
0.05
0.05
0.05
0.05
0.05
0.05
0.05
0.05
0.05
0.05
0.05
0.05
0.05
0.05
0.05
0.05
0.05
0.05
0.05
0.05
0.05
0.05
0.05
0.05
0.05
0.05
0.05
0.05
0.05
0.05
0.05
0.05
0.05
0.05
0.05
0.05
0.05
0.05
0.05
0.05
0.05
0.05
0.05
0.05
0.05
0.05
0.05
0.05
0.05
0.05
0.05
0.05
0.05
0.05
0.05
0.05
0.05
0.05
0.05
0.05
0.05
0.05
0.05
0.05
0.05
0.05
0.05
0.05
0.05
0.05
0.05
0.05
0.05
0.05
0.05
0.05
0.05
0.05
0.05
0.05
0.05
0.05
0.05
0.05
0.05
0.05
0.05
0.05
0.05
0.05
0.05
0.05
0.05
0.05
0.05
0.05
0.05
0.05
0.05
0.05
0.05
0.05
0.05
0.05
0.05
0.05
0.05
0.05
0.05
0.05
0.05
0.05
0.05
0.05
0.05
0.05
0.05
0.05
0.05
0.05
0.05
0.05
0.05
0.05
0.05
0.05
0.05
0.05
0.05
0.05
0.05
0.05
0.05
0.05
0.05
0.05
0.05
0.05
0.05
0.05
0.05
0.05
0.05
0.05
0.05
0.05
0.05
0.05
0.05
0.05
0.05
0.05
0.05
0.05
0.05
0.05
0.05
0.05
0.05
0.05
0.05
0.05
0.05
0.05
0.05
0.05
0.05
0.05
0.05
0.05
0.05
0.05
0.05
0.05
0.05
0.05
0.05
0.05
0.05
0.05
0.05
0.05
0.05
0.05
0.05
0.05
0.05
0.05
0.05
0.05
0.05
0.05
0.05
0.05
0.05
0.05
0.05
0.05
0.05
0.05
0.05
0.05
0.05
0.05
0.05
0.05
0.05
0.05
0.05
0.05
0.05
0.05
0.05
0.05
0.05
0.05
0.05
0.05
0.05
0.05
0.05
0.05
0.05
0.05
0.05
0.05
0.05
0.05
0.05
0.05
0.05
0.05
0.05
0.05
0.05
0.05
0.05
0.05
0.05
0.05
0.05
0.05
0.05
0.05
0.05
0.05
0.05
0.05
0.05
0.05
0.05
0.05
0.05
0.05
0.05
0.05
0.05
0.05
0.05
0.05
0.05
0.05
0.05
0.05
0.05
0.05
0.05
0.05
0.05
0.05
0.05
0.05
0.05
0.05
0.05
0.05
0.05
0.05
0.05
0.05
0.05
0.05
0.05
0.05
0.05
0.05
0.05
0.05
0.05
0.05
0.05
0.05
0.05
0.05
0.05
0.05
0.05
0.05
0.05
0.05
0.05
0.05
0.05
0.05
0.05
0.05
0.05
0.05
0.05
0.05
0.05
0.05
0.05
0.05
0.05
0.05
0.05
0.05
0.05
0.05
0.05
0.05
0.05
0.05
0.05
0.05
0.05
0.05
0.05
0.05
0.05
0.05
0.05
0.05
0.05
0.05
0.05
0.05
0.05
0.05
0.05
0.05
0.05
0.05
0.05
0.05
0.05
0.05
0.05
0.05
0.05
0.05
0.05
0.05
0.05
0.05
0.05
0.05
0.0499999
0.0499999
0.0499999
0.0499999
0.0499999
0.0499999
0.0499998
0.0499998
0.0499998
0.0499997
0.0499997
0.0499996
0.0499995
0.0499994
0.0499993
0.0499992
0.0499991
0.0499989
0.0499987
0.0499985
0.0499982
0.0499979
0.0499975
0.0499971
0.0499966
0.049996
0.0499954
0.0499946
0.0499937
0.0499927
0.0499916
0.0499903
0.0499887
0.049987
0.049985
0.0499828
0.0499802
0.0499773
0.049974
0.0499703
0.049966
0.0499613
0.0499559
0.0499498
0.049943
0.0499353
0.0499267
0.0499171
0.0499063
0.0498943
0.0498809
0.049866
0.0498495
0.0498311
0.0498108
0.0497882
0.0497634
0.0497359
0.0497057
0.0496725
0.0496359
0.0495959
0.0495521
0.0495041
0.0494518
0.0493947
0.0493326
0.049265
0.0491917
0.0491123
0.0490263
0.0489334
0.0488331
0.048725
0.0486087
0.0484838
0.0483498
0.0482062
0.0480526
0.0478885
0.0477134
0.047527
0.0473287
0.0471182
0.0468948
0.0466583
0.0464083
0.0461442
0.0458658
0.0455727
0.0452645
0.0449409
0.0446017
0.0442466
0.0438754
0.043488
0.0430841
0.0426637
0.0422268
0.0417734
0.0413035
0.0408171
0.0403145
0.0397959
0.0392614
0.0387114
0.0381463
0.0375665
0.0369723
0.0363644
0.0357433
0.0351096
0.034464
0.0338071
0.0331398
0.0324628
0.0317769
0.031083
0.0303821
0.029675
0.0289626
0.028246
0.0275262
0.0268041
0.0260807
0.025357
0.0246341
0.023913
0.0231946
0.0224799
0.0217698
0.0210654
0.0203675
0.019677
0.0189947
0.0183214
0.0176578
0.0170047
0.0163626
0.0157322
0.0151138
0.0145078
0.0139144
0.0133337
0.0127653
0.0122084
0.0116609
0.0111178
0.0105627
0.00991604
0.00921303
0.00854658
0.00793059
0.00735457
0.00681186
0.00630034
0.00581919
0.00536761
0.0049446
0.00454913
0.00418024
0.00383692
0.00351809
0.00322253
0.00294886
0.00269567
0.00246157
0.00224527
0.0020456
0.00186149
0.00169195
0.00153604
0.00139289
0.00126166
0.00114153
0.00103173
0.000931499
0.000840121
0.000756912
0.000681227
0.000612464
0.000550062
0.000493497
0.000442287
0.000395982
0.000354164
0.000316447
0.000282471
0.000251903
0.000224434
0.000199778
0.000177674
0.000157878
0.000140169
0.000124345
0.000110221
9.76272e-05
8.64101e-05
7.64298e-05
6.75591e-05
5.96829e-05
5.26965e-05
4.65054e-05
4.10242e-05
3.61758e-05
3.18909e-05
2.81072e-05
2.47686e-05
2.1825e-05
1.92315e-05
1.6948e-05
1.49386e-05
1.31713e-05
1.16179e-05
1.0253e-05
9.05408e-06
8.00133e-06
7.07708e-06
6.26574e-06
5.55353e-06
4.92828e-06
4.37927e-06
3.89706e-06
3.47336e-06
3.10087e-06
2.77318e-06
2.48468e-06
2.23046e-06
2.00622e-06
1.80817e-06
1.63305e-06
1.47796e-06
1.34041e-06
1.21821e-06
1.10945e-06
1.01247e-06
9.25824e-07
8.48248e-07
7.78646e-07
7.16062e-07
6.59662e-07
6.08722e-07
5.6261e-07
5.20773e-07
4.82732e-07
4.48065e-07
4.16407e-07
3.87436e-07
3.60871e-07
3.36465e-07
3.14002e-07
2.9329e-07
2.74161e-07
2.56467e-07
2.40076e-07
2.24871e-07
2.10748e-07
1.97615e-07
1.85388e-07
1.73994e-07
1.63366e-07
1.53444e-07
1.44173e-07
1.35505e-07
1.27395e-07
1.19801e-07
1.12688e-07
1.06022e-07
9.9771e-08
9.3907e-08
8.84039e-08
8.32376e-08
7.83858e-08
7.38281e-08
6.95452e-08
6.55197e-08
6.17351e-08
5.81762e-08
5.48289e-08
5.16798e-08
4.87168e-08
4.59284e-08
4.33039e-08
4.08332e-08
3.8507e-08
3.63165e-08
3.42536e-08
3.23105e-08
3.04802e-08
2.87558e-08
2.71311e-08
2.56001e-08
2.41572e-08
2.27974e-08
2.15156e-08
2.03072e-08
1.91681e-08
1.8094e-08
1.70812e-08
1.61262e-08
1.52255e-08
1.4376e-08
1.35747e-08
1.28189e-08
1.21058e-08
1.14331e-08
1.07984e-08
1.01995e-08
9.63431e-09
9.10096e-09
8.59759e-09
8.1225e-09
7.67406e-09
7.25075e-09
6.85113e-09
6.47387e-09
6.11768e-09
5.78137e-09
5.4638e-09
5.16393e-09
4.88074e-09
4.61329e-09
4.3607e-09
4.12212e-09
3.89677e-09
3.6839e-09
3.48281e-09
3.29283e-09
3.11335e-09
2.94378e-09
2.78355e-09
2.63215e-09
2.48909e-09
2.3539e-09
2.22613e-09
2.10539e-09
1.99126e-09
1.8834e-09
1.78144e-09
1.68507e-09
1.59397e-09
1.50785e-09
1.42643e-09
1.34946e-09
1.27668e-09
1.20787e-09
1.14281e-09
1.08129e-09
1.02312e-09
9.68108e-10
9.16085e-10
8.66885e-10
8.20353e-10
7.76345e-10
7.3472e-10
6.95348e-10
6.58107e-10
6.2288e-10
5.89555e-10
5.58031e-10
5.28208e-10
4.99993e-10
4.73299e-10
4.48043e-10
4.24147e-10
4.01537e-10
3.80142e-10
3.59898e-10
3.40741e-10
3.22612e-10
3.05456e-10
2.8922e-10
2.73855e-10
2.59312e-10
2.45548e-10
2.32521e-10
2.2019e-10
2.08518e-10
1.97471e-10
1.87013e-10
1.77113e-10
1.67741e-10
1.58869e-10
1.5047e-10
1.42518e-10
1.3499e-10
1.27862e-10
1.21114e-10
1.14724e-10
1.08674e-10
1.02945e-10
9.75206e-11
9.23839e-11
8.75196e-11
8.29133e-11
7.85511e-11
7.442e-11
7.05077e-11
6.68024e-11
6.32932e-11
5.99696e-11
5.68217e-11
5.38401e-11
5.1016e-11
4.83409e-11
4.58071e-11
4.34069e-11
4.11334e-11
3.89796e-11
3.69393e-11
3.50065e-11
3.31755e-11
3.14408e-11
2.97974e-11
)
;

boundaryField
{
    inlet
    {
        type            fixedValue;
        value           uniform 0.05;
    }
    outlet
    {
        type            zeroGradient;
    }
    emptyWalls
    {
        type            empty;
    }
}


// ************************************************************************* //
