/*--------------------------------*- C++ -*----------------------------------*\
  =========                 |
  \\      /  F ield         | OpenFOAM: The Open Source CFD Toolbox
   \\    /   O peration     | Website:  https://openfoam.org
    \\  /    A nd           | Version:  9
     \\/     M anipulation  |
\*---------------------------------------------------------------------------*/
FoamFile
{
    format      ascii;
    class       volScalarField;
    location    "8.8";
    object      AcumCoeff_csw;
}
// * * * * * * * * * * * * * * * * * * * * * * * * * * * * * * * * * * * * * //

dimensions      [0 0 0 0 0 0 0];

internalField   nonuniform List<scalar> 
1000
(
0.149673
0.149473
0.149288
0.149111
0.148939
0.14877
0.148605
0.148442
0.148281
0.148122
0.147964
0.147809
0.147655
0.147502
0.147351
0.147201
0.147052
0.146905
0.146759
0.146614
0.14647
0.146327
0.146185
0.146044
0.145905
0.145766
0.145628
0.145491
0.145355
0.14522
0.145086
0.144953
0.14482
0.144689
0.144558
0.144428
0.144299
0.144171
0.144044
0.143917
0.143791
0.143666
0.143541
0.143417
0.143294
0.143172
0.143051
0.14293
0.142809
0.14269
0.142571
0.142453
0.142335
0.142218
0.142102
0.141986
0.141871
0.141756
0.141642
0.141529
0.141416
0.141304
0.141193
0.141082
0.140971
0.140861
0.140752
0.140643
0.140535
0.140427
0.14032
0.140213
0.140107
0.140001
0.139896
0.139791
0.139687
0.139584
0.13948
0.139378
0.139275
0.139173
0.139072
0.138971
0.138871
0.138771
0.138671
0.138572
0.138473
0.138375
0.138277
0.13818
0.138083
0.137986
0.13789
0.137794
0.137699
0.137604
0.137509
0.137415
0.137321
0.137228
0.137135
0.137042
0.13695
0.136858
0.136766
0.136675
0.136584
0.136494
0.136403
0.136314
0.136224
0.136135
0.136046
0.135958
0.13587
0.135782
0.135695
0.135608
0.135521
0.135435
0.135348
0.135263
0.135177
0.135092
0.135007
0.134923
0.134838
0.134754
0.134671
0.134587
0.134504
0.134421
0.134339
0.134257
0.134175
0.134093
0.134012
0.133931
0.13385
0.133769
0.133689
0.133609
0.13353
0.13345
0.133371
0.133292
0.133213
0.133135
0.133057
0.132979
0.132901
0.132824
0.132747
0.13267
0.132593
0.132517
0.132441
0.132365
0.132289
0.132214
0.132138
0.132063
0.131989
0.131914
0.13184
0.131766
0.131692
0.131618
0.131545
0.131472
0.131399
0.131326
0.131254
0.131181
0.131109
0.131037
0.130966
0.130894
0.130823
0.130752
0.130681
0.13061
0.13054
0.13047
0.1304
0.13033
0.13026
0.130191
0.130121
0.130052
0.129983
0.129915
0.129846
0.129778
0.12971
0.129642
0.129574
0.129507
0.129439
0.129372
0.129305
0.129238
0.129171
0.129105
0.129039
0.128972
0.128906
0.128841
0.128775
0.12871
0.128644
0.128579
0.128514
0.128449
0.128385
0.12832
0.128256
0.128192
0.128128
0.128064
0.128001
0.127937
0.127874
0.12781
0.127747
0.127685
0.127622
0.127559
0.127497
0.127435
0.127373
0.127311
0.127249
0.127187
0.127126
0.127064
0.127003
0.126942
0.126881
0.12682
0.126759
0.126699
0.126639
0.126578
0.126518
0.126458
0.126398
0.126339
0.126279
0.12622
0.12616
0.126101
0.126042
0.125983
0.125925
0.125866
0.125808
0.125749
0.125691
0.125633
0.125575
0.125517
0.125459
0.125402
0.125344
0.125287
0.12523
0.125172
0.125115
0.125059
0.125002
0.124945
0.124889
0.124832
0.124776
0.12472
0.124664
0.124608
0.124552
0.124496
0.124441
0.124385
0.12433
0.124275
0.12422
0.124165
0.12411
0.124055
0.124
0.123946
0.123891
0.123837
0.123783
0.123728
0.123674
0.12362
0.123567
0.123513
0.123459
0.123406
0.123352
0.123299
0.123246
0.123193
0.12314
0.123087
0.123034
0.122981
0.122929
0.122876
0.122824
0.122772
0.122719
0.122667
0.122615
0.122563
0.122511
0.12246
0.122408
0.122357
0.122305
0.122254
0.122203
0.122151
0.1221
0.122049
0.121998
0.121948
0.121897
0.121846
0.121796
0.121745
0.121695
0.121645
0.121594
0.121544
0.121494
0.121444
0.121395
0.121345
0.121295
0.121246
0.121196
0.121147
0.121097
0.121048
0.120999
0.12095
0.120901
0.120852
0.120803
0.120754
0.120706
0.120657
0.120609
0.12056
0.120512
0.120464
0.120416
0.120367
0.120319
0.120271
0.120224
0.120176
0.120128
0.12008
0.120033
0.119985
0.119938
0.119891
0.119843
0.119796
0.119749
0.119702
0.119655
0.119608
0.119561
0.119514
0.119468
0.119421
0.119375
0.119328
0.119282
0.119235
0.119189
0.119143
0.119097
0.119051
0.119005
0.118959
0.118913
0.118867
0.118821
0.118776
0.11873
0.118685
0.118639
0.118594
0.118549
0.118503
0.118458
0.118413
0.118368
0.118323
0.118278
0.118233
0.118188
0.118144
0.118099
0.118054
0.11801
0.117965
0.117921
0.117877
0.117832
0.117788
0.117744
0.1177
0.117656
0.117612
0.117568
0.117524
0.11748
0.117436
0.117393
0.117349
0.117306
0.117262
0.117219
0.117175
0.117132
0.117089
0.117045
0.117002
0.116959
0.116916
0.116873
0.11683
0.116787
0.116744
0.116701
0.116659
0.116616
0.116573
0.116531
0.116488
0.116446
0.116403
0.116361
0.116319
0.116277
0.116234
0.116192
0.11615
0.116108
0.116066
0.116024
0.115982
0.11594
0.115899
0.115857
0.115815
0.115774
0.115732
0.11569
0.115649
0.115608
0.115566
0.115525
0.115484
0.115442
0.115401
0.11536
0.115319
0.115278
0.115237
0.115196
0.115155
0.115114
0.115073
0.115032
0.114992
0.114951
0.11491
0.11487
0.114829
0.114789
0.114748
0.114708
0.114668
0.114627
0.114587
0.114547
0.114506
0.114466
0.114426
0.114386
0.114346
0.114306
0.114266
0.114226
0.114186
0.114147
0.114107
0.114067
0.114027
0.113988
0.113948
0.113909
0.113869
0.11383
0.11379
0.113751
0.113711
0.113672
0.113633
0.113593
0.113554
0.113515
0.113476
0.113437
0.113398
0.113359
0.11332
0.113281
0.113242
0.113203
0.113164
0.113125
0.113086
0.113048
0.113009
0.11297
0.112932
0.112893
0.112854
0.112816
0.112777
0.112739
0.1127
0.112662
0.112624
0.112585
0.112547
0.112509
0.11247
0.112432
0.112394
0.112356
0.112318
0.112279
0.112241
0.112203
0.112165
0.112127
0.112089
0.112051
0.112013
0.111976
0.111938
0.1119
0.111862
0.111824
0.111787
0.111749
0.111711
0.111673
0.111636
0.111598
0.111561
0.111523
0.111485
0.111448
0.11141
0.111373
0.111335
0.111298
0.11126
0.111223
0.111186
0.111148
0.111111
0.111073
0.111036
0.110999
0.110961
0.110924
0.110887
0.11085
0.110812
0.110775
0.110738
0.110701
0.110663
0.110626
0.110589
0.110552
0.110514
0.110477
0.11044
0.110403
0.110366
0.110329
0.110291
0.110254
0.110217
0.11018
0.110143
0.110105
0.110068
0.110031
0.109994
0.109956
0.109919
0.109882
0.109844
0.109807
0.10977
0.109732
0.109695
0.109657
0.10962
0.109582
0.109545
0.109507
0.10947
0.109432
0.109394
0.109356
0.109318
0.10928
0.109242
0.109204
0.109166
0.109128
0.10909
0.109051
0.109013
0.108974
0.108935
0.108896
0.108857
0.108818
0.108779
0.108739
0.1087
0.10866
0.10862
0.10858
0.108539
0.108498
0.108457
0.108416
0.108375
0.108333
0.108291
0.108248
0.108205
0.108161
0.108118
0.108073
0.108028
0.107983
0.107936
0.107889
0.107842
0.107793
0.107744
0.107693
0.107642
0.107589
0.107535
0.107479
0.107422
0.107363
0.107301
0.107238
0.107172
0.107103
0.10703
0.106954
0.106873
0.106787
0.106695
0.106596
0.106489
0.106372
0.106243
0.106099
0.105938
0.105754
0.105541
0.10529
0.104988
0.104617
0.104144
0.10352
0.102651
0.10135
0.0991781
0.0948212
0.082512
0.0666068
0.066259
0.066933
0.0675039
0.0677371
0.0677344
0.0675914
0.0673694
0.0671442
0.066987
0.0669227
0.0669345
0.0669923
0.0670702
0.0671498
0.0672186
0.0672683
0.0672937
0.0672939
0.0672727
0.0672378
0.0671993
0.0671663
0.067145
0.0671374
0.067142
0.067155
0.0671717
0.0671881
0.0672008
0.067208
0.0672094
0.0672056
0.0671985
0.06719
0.0671823
0.0671766
0.0671737
0.0671735
0.0671756
0.0671788
0.0671825
0.0671856
0.0671876
0.0671885
0.0671881
0.0671869
0.0671853
0.0671838
0.0671825
0.0671819
0.0671818
0.0671823
0.0671832
0.0671842
0.0671851
0.0671858
0.0671862
0.0671863
0.0671861
0.0671856
0.0671851
0.0671846
0.0671841
0.0671837
0.0671834
0.0671832
0.0671831
0.067183
0.0671828
0.0671826
0.0671824
0.0671822
0.0671819
0.0671817
0.0671815
0.0671813
0.0671812
0.0671811
0.0671811
0.067181
0.067181
0.067181
0.067181
0.067181
0.0671809
0.0671809
0.0671808
0.0671808
0.0671807
0.0671806
0.0671806
0.0671805
0.0671805
0.0671804
0.0671803
0.0671802
0.0671801
0.06718
0.0671799
0.0671798
0.0671796
0.0671795
0.0671793
0.0671792
0.067179
0.0671789
0.0671788
0.0671786
0.0671785
0.0671784
0.0671783
0.0671781
0.067178
0.0671779
0.0671778
0.0671777
0.0671776
0.0671775
0.0671774
0.0671773
0.0671773
0.0671772
0.0671771
0.067177
0.0671769
0.0671769
0.0671768
0.0671767
0.0671767
0.0671766
0.0671765
0.0671764
0.0671763
0.0671762
0.0671761
0.067176
0.0671759
0.0671758
0.0671757
0.0671756
0.0671755
0.0671754
0.0671753
0.0671752
0.0671751
0.067175
0.0671749
0.0671748
0.0671747
0.0671747
0.0671746
0.0671745
0.0671744
0.0671744
0.0671743
0.0671742
0.0671742
0.0671741
0.0671741
0.067174
0.0671739
0.0671739
0.0671738
0.0671737
0.0671736
0.0671735
0.0671734
0.0671733
0.0671732
0.0671731
0.067173
0.0671728
0.0671727
0.0671726
0.0671724
0.0671723
0.0671722
0.067172
0.0671719
0.0671717
0.0671716
0.0671715
0.0671713
0.0671712
0.0671711
0.067171
0.0671709
0.0671708
0.0671706
0.0671705
0.0671704
0.0671704
0.0671703
0.0671702
0.0671701
0.06717
0.0671699
0.0671698
0.0671697
0.0671696
0.0671695
0.0671694
0.0671693
0.0671692
0.0671691
0.067169
0.0671689
0.0671688
0.0671687
0.0671686
0.0671685
0.0671683
0.0671682
0.0671681
0.067168
0.0671679
0.0671678
0.0671676
0.0671675
0.0671674
0.0671673
0.0671672
0.067167
0.0671669
0.0671668
0.0671667
0.0671666
0.0671665
0.0671663
0.0671662
0.0671661
0.067166
0.0671659
0.0671658
0.0671656
0.0671655
0.0671654
0.0671653
0.0671652
0.0671651
0.0671649
0.0671648
0.0671647
0.0671646
0.0671645
0.0671644
0.0671643
0.0671642
0.067164
0.0671639
0.0671638
0.0671637
0.0671636
0.0671635
0.0671634
0.0671633
0.0671632
0.0671631
0.067163
0.0671629
0.0671628
0.0671627
0.0671626
0.0671625
0.0671624
0.0671623
0.0671622
0.0671621
0.067162
0.0671619
0.0671618
0.0671616
0.0671615
0.0671614
0.0671612
0.0671611
0.067161
0.0671609
0.0671607
0.0671606
0.0671605
0.0671603
0.0671602
0.0671601
0.0671599
0.0671598
0.0671597
0.0671596
0.0671595
0.0671593
0.0671592
0.0671591
0.067159
0.0671589
0.0671588
)
;

boundaryField
{
    inlet
    {
        type            calculated;
        value           uniform 0.15;
    }
    outlet
    {
        type            calculated;
        value           uniform 0.0671588;
    }
    emptyWalls
    {
        type            empty;
    }
}


// ************************************************************************* //
