/*--------------------------------*- C++ -*----------------------------------*\
  =========                 |
  \\      /  F ield         | OpenFOAM: The Open Source CFD Toolbox
   \\    /   O peration     | Website:  https://openfoam.org
    \\  /    A nd           | Version:  9
     \\/     M anipulation  |
\*---------------------------------------------------------------------------*/
FoamFile
{
    format      ascii;
    class       volScalarField;
    location    "1.1";
    object      krc;
}
// * * * * * * * * * * * * * * * * * * * * * * * * * * * * * * * * * * * * * //

dimensions      [0 0 0 0 0 0 0];

internalField   nonuniform List<scalar> 
1000
(
0.000371434
0.000921491
0.00161116
0.00241529
0.00331527
0.00429652
0.00534721
0.0064576
0.00761953
0.00882611
0.0100714
0.0113505
0.0126589
0.0139928
0.0153491
0.0167248
0.0181174
0.0195247
0.0209447
0.0223758
0.0238163
0.025265
0.0267207
0.0281823
0.0296488
0.0311194
0.0325934
0.0340702
0.035549
0.0370294
0.038511
0.0399933
0.0414759
0.0429586
0.0444411
0.0459231
0.0474043
0.0488848
0.0503642
0.0518424
0.0533194
0.0547951
0.0562694
0.0577422
0.0592137
0.0606836
0.0621522
0.0636194
0.0650853
0.0665499
0.0680133
0.0694758
0.0709373
0.072398
0.0738582
0.0753181
0.0767778
0.0782376
0.0796979
0.081159
0.0826213
0.0840851
0.0855511
0.0870198
0.0884919
0.089968
0.0914492
0.0929363
0.0944306
0.0959334
0.0974464
0.0989716
0.100511
0.102068
0.103645
0.105248
0.10688
0.108549
0.110262
0.112031
0.113868
0.115793
0.11783
0.120014
0.122393
0.125038
0.128061
0.131634
0.136057
0.141877
0.150217
0.163779
0.190943
0.273631
0.228606
0.235584
0.235466
0.236302
0.237893
0.237919
0.235566
0.231972
0.228865
0.227192
0.226918
0.227571
0.228683
0.229914
0.231034
0.23189
0.232385
0.232488
0.232244
0.231767
0.23121
0.230722
0.230405
0.230297
0.230376
0.230586
0.230856
0.231122
0.231335
0.231466
0.23151
0.23148
0.231403
0.23131
0.231229
0.231181
0.231173
0.231203
0.231262
0.231336
0.231412
0.231478
0.231527
0.231559
0.231575
0.231581
0.231584
0.231588
0.231605
0.23166
0.231909
0.233248
0.240872
0.283019
0.44119
0.586102
0.598286
0.598301
0.598287
0.598274
0.598267
0.598266
0.59827
0.598276
0.598281
0.598285
0.598286
0.598286
0.598285
0.598285
0.598284
0.598285
0.598287
0.598289
0.598291
0.598294
0.598297
0.5983
0.598304
0.598307
0.598312
0.598316
0.598322
0.598327
0.598333
0.598339
0.598345
0.59835
0.598355
0.59836
0.598364
0.598367
0.59837
0.598372
0.598374
0.598375
0.598375
0.598376
0.598375
0.598375
0.598375
0.598375
0.598375
0.598375
0.598375
0.598375
0.598376
0.598377
0.598377
0.598378
0.598379
0.598379
0.59838
0.59838
0.598381
0.598381
0.598382
0.598382
0.598382
0.598382
0.598383
0.598383
0.598384
0.598385
0.598385
0.598386
0.598387
0.598388
0.59839
0.598391
0.598393
0.598394
0.598397
0.598469
0.602197
0.940951
1
1
1
1
1
1
1
1
1
1
1
1
1
1
1
1
1
1
1
1
1
1
1
1
1
1
1
1
1
1
1
1
1
1
1
1
1
1
1
1
1
1
1
1
1
1
1
1
1
1
1
1
1
1
1
1
1
1
1
1
1
1
1
1
1
1
1
1
1
1
1
1
1
1
1
1
1
1
1
1
1
1
1
1
1
1
1
1
1
1
1
1
1
1
1
1
1
1
1
1
1
1
1
1
1
1
1
1
1
1
1
1
1
1
1
1
1
1
1
1
1
1
1
1
1
1
1
1
1
1
1
1
1
1
1
1
1
1
1
1
1
1
1
1
1
1
1
1
1
1
1
1
1
1
1
1
1
1
1
1
1
1
1
1
1
1
1
1
1
1
1
1
1
1
1
1
1
1
1
1
1
1
1
1
1
1
1
1
1
1
1
1
1
1
1
1
1
1
1
1
1
1
1
1
1
1
1
1
1
1
1
1
1
1
1
1
1
1
1
1
1
1
1
1
1
1
1
1
1
1
1
1
1
1
1
1
1
1
1
1
1
1
1
1
1
1
1
1
1
1
1
1
1
1
1
1
1
1
1
1
1
1
1
1
1
1
1
1
1
1
1
1
1
1
1
1
1
1
1
1
1
1
1
1
1
1
1
1
1
1
1
1
1
1
1
1
1
1
1
1
1
1
1
1
1
1
1
1
1
1
1
1
1
1
1
1
1
1
1
1
1
1
1
1
1
1
1
1
1
1
1
1
1
1
1
1
1
1
1
1
1
1
1
1
1
1
1
1
1
1
1
1
1
1
1
1
1
1
1
1
1
1
1
1
1
1
1
1
1
1
1
1
1
1
1
1
1
1
1
1
1
1
1
1
1
1
1
1
1
1
1
1
1
1
1
1
1
1
1
1
1
1
1
1
1
1
1
1
1
1
1
1
1
1
1
1
1
1
1
1
1
1
1
1
1
1
1
1
1
1
1
1
1
1
1
1
1
1
1
1
1
1
1
1
1
1
1
1
1
1
1
1
1
1
1
1
1
1
1
1
1
1
1
1
1
1
1
1
1
1
1
1
1
1
1
1
1
1
1
1
1
1
1
1
1
1
1
1
1
1
1
1
1
1
1
1
1
1
1
1
1
1
1
1
1
1
1
1
1
1
1
1
1
1
1
1
1
1
1
1
1
1
1
1
1
1
1
1
1
1
1
1
1
1
1
1
1
1
1
1
1
1
1
1
1
1
1
1
1
1
1
1
1
1
1
1
1
1
1
1
1
1
1
1
1
1
1
1
1
1
1
1
1
1
1
1
1
1
1
1
1
1
1
1
1
1
1
1
1
1
1
1
1
1
1
1
1
1
1
1
1
1
1
1
1
1
1
1
1
1
1
1
1
1
1
1
1
1
1
1
1
1
1
1
1
1
1
1
1
1
1
1
1
1
1
1
1
1
1
1
1
1
1
1
1
1
1
1
1
1
1
1
1
1
1
1
1
1
1
1
1
1
1
1
1
1
1
1
1
1
1
1
1
1
1
1
1
1
1
1
1
1
1
1
1
1
1
1
1
1
1
1
1
1
1
1
1
1
1
1
1
1
1
1
1
1
1
1
1
1
1
1
1
1
1
1
1
1
1
1
1
1
1
1
1
1
1
1
1
1
1
1
1
1
1
1
1
1
1
1
1
1
1
1
1
1
1
1
1
1
1
1
1
1
1
1
1
1
1
1
1
1
1
1
1
1
1
1
1
1
)
;

boundaryField
{
    inlet
    {
        type            calculated;
        value           uniform 0;
    }
    outlet
    {
        type            calculated;
        value           uniform 1;
    }
    emptyWalls
    {
        type            empty;
    }
}


// ************************************************************************* //
