/*--------------------------------*- C++ -*----------------------------------*\
  =========                 |
  \\      /  F ield         | OpenFOAM: The Open Source CFD Toolbox
   \\    /   O peration     | Website:  https://openfoam.org
    \\  /    A nd           | Version:  9
     \\/     M anipulation  |
\*---------------------------------------------------------------------------*/
FoamFile
{
    format      ascii;
    class       volScalarField;
    location    "14.2";
    object      Fcsw;
}
// * * * * * * * * * * * * * * * * * * * * * * * * * * * * * * * * * * * * * //

dimensions      [0 0 0 0 0 0 0];

internalField   nonuniform List<scalar> 
1000
(
1.4188e-05
2.28372e-05
3.08038e-05
3.84245e-05
4.58167e-05
5.30366e-05
6.01162e-05
6.70756e-05
7.39285e-05
8.06847e-05
8.73516e-05
9.3935e-05
0.00010044
0.000106869
0.000113227
0.000119516
0.000125739
0.000131897
0.000137992
0.000144027
0.000150003
0.000155921
0.000161783
0.000167589
0.000173342
0.000179041
0.000184689
0.000190287
0.000195834
0.000201332
0.000206783
0.000212186
0.000217542
0.000222853
0.00022812
0.000233341
0.00023852
0.000243655
0.000248748
0.0002538
0.000258811
0.000263781
0.000268712
0.000273603
0.000278456
0.000283271
0.000288048
0.000292788
0.000297491
0.000302159
0.000306791
0.000311387
0.000315949
0.000320477
0.000324972
0.000329432
0.00033386
0.000338256
0.000342619
0.000346951
0.000351252
0.000355521
0.00035976
0.000363969
0.000368149
0.000372299
0.000376419
0.000380511
0.000384575
0.000388611
0.000392619
0.0003966
0.000400553
0.00040448
0.00040838
0.000412255
0.000416103
0.000419926
0.000423724
0.000427497
0.000431245
0.000434968
0.000438668
0.000442343
0.000445995
0.000449624
0.000453229
0.000456812
0.000460372
0.00046391
0.000467425
0.000470919
0.000474391
0.000477842
0.000481271
0.000484679
0.000488067
0.000491434
0.000494781
0.000498108
0.000501414
0.000504701
0.000507969
0.000511217
0.000514446
0.000517656
0.000520848
0.000524021
0.000527175
0.000530312
0.00053343
0.000536531
0.000539614
0.000542679
0.000545727
0.000548758
0.000551772
0.000554769
0.00055775
0.000560714
0.000563662
0.000566594
0.000569509
0.000572409
0.000575293
0.000578161
0.000581014
0.000583852
0.000586675
0.000589482
0.000592275
0.000595053
0.000597817
0.000600566
0.000603301
0.000606021
0.000608728
0.00061142
0.000614099
0.000616764
0.000619415
0.000622054
0.000624678
0.00062729
0.000629888
0.000632474
0.000635046
0.000637606
0.000640154
0.000642688
0.000645211
0.000647721
0.000650219
0.000652704
0.000655178
0.00065764
0.00066009
0.000662529
0.000664956
0.000667371
0.000669775
0.000672168
0.000674549
0.000676919
0.000679279
0.000681627
0.000683965
0.000686292
0.000688608
0.000690914
0.000693209
0.000695494
0.000697768
0.000700033
0.000702287
0.000704531
0.000706765
0.000708989
0.000711204
0.000713408
0.000715603
0.000717789
0.000719965
0.000722131
0.000724289
0.000726437
0.000728575
0.000730705
0.000732825
0.000734937
0.000737039
0.000739133
0.000741218
0.000743294
0.000745362
0.000747421
0.000749472
0.000751514
0.000753547
0.000755573
0.00075759
0.000759599
0.000761599
0.000763592
0.000765577
0.000767554
0.000769522
0.000771484
0.000773437
0.000775382
0.00077732
0.000779251
0.000781173
0.000783089
0.000784996
0.000786897
0.00078879
0.000790676
0.000792555
0.000794426
0.00079629
0.000798148
0.000799998
0.000801841
0.000803678
0.000805507
0.00080733
0.000809146
0.000810955
0.000812758
0.000814554
0.000816344
0.000818127
0.000819903
0.000821673
0.000823437
0.000825194
0.000826945
0.00082869
0.000830428
0.000832161
0.000833887
0.000835607
0.000837321
0.000839029
0.000840732
0.000842428
0.000844118
0.000845803
0.000847482
0.000849155
0.000850822
0.000852484
0.00085414
0.00085579
0.000857435
0.000859074
0.000860708
0.000862337
0.00086396
0.000865577
0.00086719
0.000868797
0.000870398
0.000871995
0.000873586
0.000875172
0.000876753
0.000878329
0.0008799
0.000881466
0.000883027
0.000884583
0.000886134
0.00088768
0.000889221
0.000890757
0.000892289
0.000893816
0.000895338
0.000896855
0.000898368
0.000899876
0.000901379
0.000902878
0.000904372
0.000905862
0.000907347
0.000908828
0.000910304
0.000911776
0.000913243
0.000914707
0.000916165
0.00091762
0.00091907
0.000920516
0.000921958
0.000923395
0.000924829
0.000926258
0.000927683
0.000929104
0.000930521
0.000931934
0.000933343
0.000934748
0.000936149
0.000937546
0.000938939
0.000940328
0.000941714
0.000943095
0.000944473
0.000945847
0.000947217
0.000948583
0.000949946
0.000951305
0.00095266
0.000954012
0.00095536
0.000956704
0.000958045
0.000959382
0.000960716
0.000962046
0.000963372
0.000964696
0.000966015
0.000967331
0.000968644
0.000969954
0.00097126
0.000972562
0.000973861
0.000975157
0.00097645
0.00097774
0.000979026
0.000980309
0.000981588
0.000982865
0.000984138
0.000985408
0.000986675
0.000987939
0.000989199
0.000990457
0.000991712
0.000992963
0.000994212
0.000995457
0.000996699
0.000997939
0.000999175
0.00100041
0.00100164
0.00100287
0.00100409
0.00100531
0.00100653
0.00100775
0.00100896
0.00101017
0.00101138
0.00101259
0.00101379
0.00101499
0.00101618
0.00101738
0.00101857
0.00101976
0.00102094
0.00102213
0.00102331
0.00102449
0.00102566
0.00102683
0.001028
0.00102917
0.00103034
0.0010315
0.00103266
0.00103382
0.00103497
0.00103612
0.00103727
0.00103842
0.00103957
0.00104071
0.00104185
0.00104299
0.00104412
0.00104526
0.00104639
0.00104752
0.00104864
0.00104977
0.00105089
0.00105201
0.00105312
0.00105424
0.00105535
0.00105646
0.00105757
0.00105867
0.00105978
0.00106088
0.00106198
0.00106307
0.00106417
0.00106526
0.00106635
0.00106744
0.00106853
0.00106961
0.00107069
0.00107177
0.00107285
0.00107393
0.001075
0.00107607
0.00107714
0.00107821
0.00107928
0.00108034
0.0010814
0.00108246
0.00108352
0.00108458
0.00108563
0.00108668
0.00108773
0.00108878
0.00108983
0.00109087
0.00109192
0.00109296
0.001094
0.00109503
0.00109607
0.0010971
0.00109814
0.00109917
0.00110019
0.00110122
0.00110225
0.00110327
0.00110429
0.00110531
0.00110633
0.00110734
0.00110836
0.00110937
0.00111038
0.00111139
0.0011124
0.0011134
0.00111441
0.00111541
0.00111641
0.00111741
0.00111841
0.00111941
0.0011204
0.00112139
0.00112239
0.00112338
0.00112436
0.00112535
0.00112634
0.00112732
0.0011283
0.00112928
0.00113026
0.00113124
0.00113222
0.00113319
0.00113416
0.00113514
0.00113611
0.00113707
0.00113804
0.00113901
0.00113997
0.00114094
0.0011419
0.00114286
0.00114382
0.00114477
0.00114573
0.00114669
0.00114764
0.00114859
0.00114954
0.00115049
0.00115144
0.00115239
0.00115333
0.00115428
0.00115522
0.00115616
0.0011571
0.00115804
0.00115898
0.00115991
0.00116085
0.00116178
0.00116271
0.00116365
0.00116458
0.0011655
0.00116643
0.00116736
0.00116828
0.00116921
0.00117013
0.00117105
0.00117197
0.00117289
0.00117381
0.00117473
0.00117564
0.00117656
0.00117747
0.00117839
0.0011793
0.00118021
0.00118112
0.00118202
0.00118293
0.00118384
0.00118474
0.00118565
0.00118655
0.00118745
0.00118835
0.00118925
0.00119015
0.00119105
0.00119194
0.00119284
0.00119373
0.00119463
0.00119552
0.00119641
0.0011973
0.00119819
0.00119908
0.00119996
0.00120085
0.00120174
0.00120262
0.0012035
0.00120439
0.00120527
0.00120615
0.00120703
0.00120791
0.00120879
0.00120966
0.00121054
0.00121141
0.00121229
0.00121316
0.00121403
0.00121491
0.00121578
0.00121665
0.00121752
0.00121838
0.00121925
0.00122012
0.00122098
0.00122185
0.00122271
0.00122357
0.00122444
0.0012253
0.00122616
0.00122702
0.00122788
0.00122874
0.00122959
0.00123045
0.00123131
0.00123216
0.00123302
0.00123387
0.00123472
0.00123557
0.00123643
0.00123728
0.00123813
0.00123897
0.00123982
0.00124067
0.00124152
0.00124236
0.00124321
0.00124405
0.0012449
0.00124574
0.00124659
0.00124743
0.00124827
0.00124911
0.00124995
0.00125079
0.00125163
0.00125247
0.0012533
0.00125414
0.00125498
0.00125581
0.00125665
0.00125748
0.00125831
0.00125915
0.00125998
0.00126081
0.00126164
0.00126247
0.0012633
0.00126413
0.00126496
0.00126579
0.00126662
0.00126745
0.00126827
0.0012691
0.00126992
0.00127075
0.00127157
0.0012724
0.00127322
0.00127404
0.00127487
0.00127569
0.00127651
0.00127733
0.00127815
0.00127897
0.00127979
0.00128061
0.00128143
0.00128224
0.00128306
0.00128388
0.00128469
0.00128551
0.00128633
0.00128714
0.00128796
0.00128877
0.00128958
0.0012904
0.00129121
0.00129202
0.00129283
0.00129365
0.00129446
0.00129527
0.00129608
0.00129689
0.0012977
0.00129851
0.00129931
0.00130012
0.00130093
0.00130174
0.00130255
0.00130335
0.00130416
0.00130497
0.00130577
0.00130658
0.00130738
0.00130819
0.00130899
0.00130979
0.0013106
0.0013114
0.00131221
0.00131301
0.00131381
0.00131461
0.00131541
0.00131622
0.00131702
0.00131782
0.00131862
0.00131942
0.00132022
0.00132102
0.00132182
0.00132262
0.00132342
0.00132422
0.00132502
0.00132582
0.00132661
0.00132741
0.00132821
0.00132901
0.0013298
0.0013306
0.0013314
0.0013322
0.00133299
0.00133379
0.00133459
0.00133538
0.00133618
0.00133697
0.00133777
0.00133856
0.00133936
0.00134015
0.00134095
0.00134174
0.00134254
0.00134333
0.00134413
0.00134492
0.00134572
0.00134651
0.0013473
0.0013481
0.00134889
0.00134969
0.00135048
0.00135127
0.00135207
0.00135286
0.00135365
0.00135445
0.00135524
0.00135603
0.00135683
0.00135762
0.00135841
0.0013592
0.00136
0.00136079
0.00136158
0.00136238
0.00136317
0.00136396
0.00136476
0.00136555
0.00136634
0.00136713
0.00136793
0.00136872
0.00136951
0.00137031
0.0013711
0.00137189
0.00137269
0.00137348
0.00137427
0.00137507
0.00137586
0.00137666
0.00137745
0.00137824
0.00137904
0.00137983
0.00138063
0.00138142
0.00138222
0.00138301
0.00138381
0.0013846
0.0013854
0.00138619
0.00138699
0.00138779
0.00138858
0.00138938
0.00139018
0.00139097
0.00139177
0.00139257
0.00139336
0.00139416
0.00139496
0.00139576
0.00139656
0.00139736
0.00139816
0.00139896
0.00139976
0.00140056
0.00140136
0.00140216
0.00140296
0.00140376
0.00140456
0.00140536
0.00140617
0.00140697
0.00140777
0.00140858
0.00140938
0.00141019
0.00141099
0.0014118
0.0014126
0.00141341
0.00141422
0.00141503
0.00141583
0.00141664
0.00141745
0.00141826
0.00141907
0.00141988
0.00142069
0.00142151
0.00142232
0.00142313
0.00142394
0.00142476
0.00142557
0.00142639
0.00142721
0.00142802
0.00142884
0.00142966
0.00143048
0.0014313
0.00143212
0.00143294
0.00143376
0.00143458
0.00143541
0.00143623
0.00143706
0.00143788
0.00143871
0.00143954
0.00144037
0.0014412
0.00144203
0.00144286
0.00144369
0.00144453
0.00144536
0.0014462
0.00144703
0.00144787
0.00144871
0.00144955
0.00145039
0.00145123
0.00145207
0.00145292
0.00145376
0.00145461
0.00145546
0.00145631
0.00145716
0.00145801
0.00145886
0.00145972
0.00146057
0.00146143
0.00146229
0.00146315
0.00146401
0.00146488
0.00146574
0.00146661
0.00146747
0.00146834
0.00146921
0.00147009
0.00147096
0.00147184
0.00147272
0.0014736
0.00147448
0.00147536
0.00147625
0.00147714
0.00147802
0.00147892
0.00147981
0.00148071
0.0014816
0.0014825
0.00148341
0.00148431
0.00148522
0.00148613
0.00148704
0.00148795
0.00148887
0.00148979
0.00149071
0.00149164
0.00149256
0.00149349
0.00149443
0.00149536
0.0014963
0.00149724
0.00149819
0.00149913
0.00150009
0.00150104
0.001502
0.00150296
0.00150392
0.00150489
0.00150586
0.00150684
0.00150782
0.0015088
0.00150979
0.00151078
0.00151177
0.00151277
0.00151377
0.00151478
0.00151579
0.00151681
0.00151783
0.00151886
0.00151989
0.00152093
0.00152197
0.00152301
0.00152406
0.00152512
0.00152618
0.00152725
0.00152833
0.00152941
0.00153049
0.00153159
0.00153269
0.00153379
0.0015349
0.00153602
0.00153715
0.00153828
0.00153942
0.00154057
0.00154173
0.00154289
0.00154407
0.00154525
0.00154644
0.00154763
0.00154884
0.00155006
0.00155129
0.00155252
0.00155377
0.00155502
0.00155629
0.00155757
0.00155886
0.00156016
0.00156147
0.0015628
0.00156413
0.00156548
0.00156685
0.00156823
0.00156962
0.00157102
0.00157244
0.00157388
0.00157533
0.00157679
0.00157828
0.00157978
0.0015813
0.00158283
0.00158439
0.00158596
0.00158756
0.00158917
0.00159081
0.00159247
0.00159415
0.00159585
0.00159758
0.00159933
0.00160111
0.00160292
0.00160475
0.00160661
0.0016085
0.00161042
)
;

boundaryField
{
    inlet
    {
        type            calculated;
        value           uniform 1.4188e-05;
    }
    outlet
    {
        type            calculated;
        value           uniform 0.00161042;
    }
    emptyWalls
    {
        type            empty;
    }
}


// ************************************************************************* //
