/*--------------------------------*- C++ -*----------------------------------*\
  =========                 |
  \\      /  F ield         | OpenFOAM: The Open Source CFD Toolbox
   \\    /   O peration     | Website:  https://openfoam.org
    \\  /    A nd           | Version:  9
     \\/     M anipulation  |
\*---------------------------------------------------------------------------*/
FoamFile
{
    format      ascii;
    class       volScalarField;
    location    "16.3";
    object      p;
}
// * * * * * * * * * * * * * * * * * * * * * * * * * * * * * * * * * * * * * //

dimensions      [0 0 0 0 0 0 0];

internalField   nonuniform List<scalar> 
1000
(
1.49229e+13
1.4913e+13
1.49031e+13
1.48932e+13
1.48832e+13
1.48733e+13
1.48633e+13
1.48533e+13
1.48433e+13
1.48332e+13
1.48232e+13
1.48131e+13
1.4803e+13
1.47929e+13
1.47828e+13
1.47727e+13
1.47626e+13
1.47524e+13
1.47423e+13
1.47321e+13
1.47219e+13
1.47117e+13
1.47015e+13
1.46912e+13
1.4681e+13
1.46707e+13
1.46604e+13
1.46501e+13
1.46398e+13
1.46295e+13
1.46192e+13
1.46088e+13
1.45984e+13
1.45881e+13
1.45777e+13
1.45673e+13
1.45568e+13
1.45464e+13
1.4536e+13
1.45255e+13
1.4515e+13
1.45045e+13
1.4494e+13
1.44835e+13
1.4473e+13
1.44624e+13
1.44519e+13
1.44413e+13
1.44307e+13
1.44201e+13
1.44095e+13
1.43989e+13
1.43883e+13
1.43776e+13
1.4367e+13
1.43563e+13
1.43456e+13
1.43349e+13
1.43242e+13
1.43134e+13
1.43027e+13
1.42919e+13
1.42812e+13
1.42704e+13
1.42596e+13
1.42488e+13
1.4238e+13
1.42271e+13
1.42163e+13
1.42054e+13
1.41946e+13
1.41837e+13
1.41728e+13
1.41619e+13
1.41509e+13
1.414e+13
1.41291e+13
1.41181e+13
1.41071e+13
1.40961e+13
1.40851e+13
1.40741e+13
1.40631e+13
1.40521e+13
1.4041e+13
1.40299e+13
1.40189e+13
1.40078e+13
1.39967e+13
1.39856e+13
1.39744e+13
1.39633e+13
1.39522e+13
1.3941e+13
1.39298e+13
1.39186e+13
1.39074e+13
1.38962e+13
1.3885e+13
1.38738e+13
1.38625e+13
1.38513e+13
1.384e+13
1.38287e+13
1.38174e+13
1.38061e+13
1.37948e+13
1.37834e+13
1.37721e+13
1.37607e+13
1.37494e+13
1.3738e+13
1.37266e+13
1.37152e+13
1.37038e+13
1.36923e+13
1.36809e+13
1.36695e+13
1.3658e+13
1.36465e+13
1.3635e+13
1.36235e+13
1.3612e+13
1.36005e+13
1.3589e+13
1.35774e+13
1.35658e+13
1.35543e+13
1.35427e+13
1.35311e+13
1.35195e+13
1.35079e+13
1.34962e+13
1.34846e+13
1.3473e+13
1.34613e+13
1.34496e+13
1.34379e+13
1.34262e+13
1.34145e+13
1.34028e+13
1.33911e+13
1.33793e+13
1.33676e+13
1.33558e+13
1.3344e+13
1.33322e+13
1.33204e+13
1.33086e+13
1.32968e+13
1.3285e+13
1.32731e+13
1.32612e+13
1.32494e+13
1.32375e+13
1.32256e+13
1.32137e+13
1.32018e+13
1.31899e+13
1.31779e+13
1.3166e+13
1.3154e+13
1.3142e+13
1.31301e+13
1.31181e+13
1.31061e+13
1.3094e+13
1.3082e+13
1.307e+13
1.30579e+13
1.30459e+13
1.30338e+13
1.30217e+13
1.30096e+13
1.29975e+13
1.29854e+13
1.29733e+13
1.29612e+13
1.2949e+13
1.29368e+13
1.29247e+13
1.29125e+13
1.29003e+13
1.28881e+13
1.28759e+13
1.28637e+13
1.28514e+13
1.28392e+13
1.28269e+13
1.28147e+13
1.28024e+13
1.27901e+13
1.27778e+13
1.27655e+13
1.27532e+13
1.27408e+13
1.27285e+13
1.27161e+13
1.27038e+13
1.26914e+13
1.2679e+13
1.26666e+13
1.26542e+13
1.26418e+13
1.26294e+13
1.26169e+13
1.26045e+13
1.2592e+13
1.25796e+13
1.25671e+13
1.25546e+13
1.25421e+13
1.25296e+13
1.25171e+13
1.25045e+13
1.2492e+13
1.24794e+13
1.24669e+13
1.24543e+13
1.24417e+13
1.24291e+13
1.24165e+13
1.24039e+13
1.23913e+13
1.23786e+13
1.2366e+13
1.23533e+13
1.23406e+13
1.2328e+13
1.23153e+13
1.23026e+13
1.22899e+13
1.22772e+13
1.22644e+13
1.22517e+13
1.22389e+13
1.22262e+13
1.22134e+13
1.22006e+13
1.21878e+13
1.2175e+13
1.21622e+13
1.21494e+13
1.21366e+13
1.21237e+13
1.21109e+13
1.2098e+13
1.20851e+13
1.20723e+13
1.20594e+13
1.20465e+13
1.20335e+13
1.20206e+13
1.20077e+13
1.19947e+13
1.19818e+13
1.19688e+13
1.19559e+13
1.19429e+13
1.19299e+13
1.19169e+13
1.19039e+13
1.18908e+13
1.18778e+13
1.18648e+13
1.18517e+13
1.18386e+13
1.18256e+13
1.18125e+13
1.17994e+13
1.17863e+13
1.17732e+13
1.17601e+13
1.17469e+13
1.17338e+13
1.17206e+13
1.17075e+13
1.16943e+13
1.16811e+13
1.16679e+13
1.16547e+13
1.16415e+13
1.16283e+13
1.16151e+13
1.16018e+13
1.15886e+13
1.15753e+13
1.15621e+13
1.15488e+13
1.15355e+13
1.15222e+13
1.15089e+13
1.14956e+13
1.14822e+13
1.14689e+13
1.14556e+13
1.14422e+13
1.14288e+13
1.14155e+13
1.14021e+13
1.13887e+13
1.13753e+13
1.13619e+13
1.13484e+13
1.1335e+13
1.13216e+13
1.13081e+13
1.12946e+13
1.12812e+13
1.12677e+13
1.12542e+13
1.12407e+13
1.12272e+13
1.12137e+13
1.12001e+13
1.11866e+13
1.11731e+13
1.11595e+13
1.11459e+13
1.11324e+13
1.11188e+13
1.11052e+13
1.10916e+13
1.1078e+13
1.10643e+13
1.10507e+13
1.10371e+13
1.10234e+13
1.10098e+13
1.09961e+13
1.09824e+13
1.09687e+13
1.0955e+13
1.09413e+13
1.09276e+13
1.09139e+13
1.09001e+13
1.08864e+13
1.08726e+13
1.08589e+13
1.08451e+13
1.08313e+13
1.08175e+13
1.08037e+13
1.07899e+13
1.07761e+13
1.07623e+13
1.07484e+13
1.07346e+13
1.07207e+13
1.07069e+13
1.0693e+13
1.06791e+13
1.06652e+13
1.06513e+13
1.06374e+13
1.06235e+13
1.06096e+13
1.05956e+13
1.05817e+13
1.05677e+13
1.05538e+13
1.05398e+13
1.05258e+13
1.05118e+13
1.04978e+13
1.04838e+13
1.04698e+13
1.04557e+13
1.04417e+13
1.04277e+13
1.04136e+13
1.03995e+13
1.03855e+13
1.03714e+13
1.03573e+13
1.03432e+13
1.03291e+13
1.0315e+13
1.03008e+13
1.02867e+13
1.02725e+13
1.02584e+13
1.02442e+13
1.023e+13
1.02159e+13
1.02017e+13
1.01875e+13
1.01733e+13
1.0159e+13
1.01448e+13
1.01306e+13
1.01163e+13
1.01021e+13
1.00878e+13
1.00736e+13
1.00593e+13
1.0045e+13
1.00307e+13
1.00164e+13
1.00021e+13
9.98774e+12
9.9734e+12
9.95906e+12
9.94471e+12
9.93035e+12
9.91598e+12
9.9016e+12
9.88722e+12
9.87282e+12
9.85842e+12
9.84401e+12
9.82958e+12
9.81515e+12
9.80072e+12
9.78627e+12
9.77181e+12
9.75735e+12
9.74287e+12
9.72839e+12
9.7139e+12
9.6994e+12
9.68489e+12
9.67037e+12
9.65584e+12
9.64131e+12
9.62676e+12
9.61221e+12
9.59765e+12
9.58308e+12
9.5685e+12
9.55392e+12
9.53932e+12
9.52472e+12
9.5101e+12
9.49548e+12
9.48085e+12
9.46621e+12
9.45156e+12
9.43691e+12
9.42224e+12
9.40757e+12
9.39289e+12
9.3782e+12
9.3635e+12
9.34879e+12
9.33407e+12
9.31935e+12
9.30462e+12
9.28987e+12
9.27512e+12
9.26036e+12
9.2456e+12
9.23082e+12
9.21604e+12
9.20124e+12
9.18644e+12
9.17163e+12
9.15681e+12
9.14199e+12
9.12715e+12
9.11231e+12
9.09745e+12
9.08259e+12
9.06772e+12
9.05284e+12
9.03796e+12
9.02306e+12
9.00816e+12
8.99325e+12
8.97833e+12
8.9634e+12
8.94846e+12
8.93352e+12
8.91856e+12
8.9036e+12
8.88863e+12
8.87365e+12
8.85866e+12
8.84367e+12
8.82866e+12
8.81365e+12
8.79863e+12
8.7836e+12
8.76856e+12
8.75352e+12
8.73846e+12
8.7234e+12
8.70833e+12
8.69325e+12
8.67816e+12
8.66307e+12
8.64796e+12
8.63285e+12
8.61773e+12
8.6026e+12
8.58746e+12
8.57232e+12
8.55716e+12
8.542e+12
8.52683e+12
8.51165e+12
8.49646e+12
8.48127e+12
8.46606e+12
8.45085e+12
8.43563e+12
8.4204e+12
8.40517e+12
8.38992e+12
8.37467e+12
8.35941e+12
8.34414e+12
8.32886e+12
8.31358e+12
8.29828e+12
8.28298e+12
8.26767e+12
8.25235e+12
8.23702e+12
8.22169e+12
8.20635e+12
8.19099e+12
8.17563e+12
8.16027e+12
8.14489e+12
8.12951e+12
8.11412e+12
8.09872e+12
8.08331e+12
8.06789e+12
8.05247e+12
8.03703e+12
8.02159e+12
8.00614e+12
7.99069e+12
7.97522e+12
7.95975e+12
7.94427e+12
7.92878e+12
7.91328e+12
7.89778e+12
7.88226e+12
7.86674e+12
7.85121e+12
7.83567e+12
7.82013e+12
7.80457e+12
7.78901e+12
7.77344e+12
7.75786e+12
7.74228e+12
7.72668e+12
7.71108e+12
7.69547e+12
7.67986e+12
7.66423e+12
7.6486e+12
7.63295e+12
7.6173e+12
7.60165e+12
7.58598e+12
7.57031e+12
7.55462e+12
7.53893e+12
7.52324e+12
7.50753e+12
7.49182e+12
7.4761e+12
7.46037e+12
7.44463e+12
7.42888e+12
7.41313e+12
7.39737e+12
7.3816e+12
7.36582e+12
7.35004e+12
7.33425e+12
7.31845e+12
7.30264e+12
7.28682e+12
7.271e+12
7.25516e+12
7.23932e+12
7.22348e+12
7.20762e+12
7.19176e+12
7.17588e+12
7.16e+12
7.14412e+12
7.12822e+12
7.11232e+12
7.09641e+12
7.08049e+12
7.06456e+12
7.04863e+12
7.03269e+12
7.01674e+12
7.00078e+12
6.98481e+12
6.96884e+12
6.95286e+12
6.93687e+12
6.92087e+12
6.90487e+12
6.88885e+12
6.87283e+12
6.85681e+12
6.84077e+12
6.82473e+12
6.80868e+12
6.79262e+12
6.77655e+12
6.76048e+12
6.74439e+12
6.7283e+12
6.7122e+12
6.6961e+12
6.67999e+12
6.66387e+12
6.64774e+12
6.6316e+12
6.61546e+12
6.5993e+12
6.58314e+12
6.56698e+12
6.5508e+12
6.53462e+12
6.51843e+12
6.50223e+12
6.48602e+12
6.46981e+12
6.45359e+12
6.43736e+12
6.42112e+12
6.40488e+12
6.38863e+12
6.37237e+12
6.3561e+12
6.33983e+12
6.32354e+12
6.30725e+12
6.29096e+12
6.27465e+12
6.25834e+12
6.24202e+12
6.22569e+12
6.20935e+12
6.19301e+12
6.17666e+12
6.1603e+12
6.14393e+12
6.12756e+12
6.11118e+12
6.09479e+12
6.07839e+12
6.06199e+12
6.04558e+12
6.02916e+12
6.01273e+12
5.9963e+12
5.97985e+12
5.9634e+12
5.94695e+12
5.93048e+12
5.91401e+12
5.89753e+12
5.88104e+12
5.86455e+12
5.84804e+12
5.83153e+12
5.81502e+12
5.79849e+12
5.78196e+12
5.76542e+12
5.74887e+12
5.73232e+12
5.71575e+12
5.69918e+12
5.6826e+12
5.66602e+12
5.64943e+12
5.63283e+12
5.61622e+12
5.5996e+12
5.58298e+12
5.56635e+12
5.54971e+12
5.53307e+12
5.51642e+12
5.49976e+12
5.48309e+12
5.46641e+12
5.44973e+12
5.43304e+12
5.41634e+12
5.39964e+12
5.38293e+12
5.36621e+12
5.34948e+12
5.33275e+12
5.316e+12
5.29925e+12
5.2825e+12
5.26573e+12
5.24896e+12
5.23218e+12
5.2154e+12
5.1986e+12
5.1818e+12
5.16499e+12
5.14818e+12
5.13135e+12
5.11452e+12
5.09768e+12
5.08084e+12
5.06399e+12
5.04712e+12
5.03026e+12
5.01338e+12
4.9965e+12
4.97961e+12
4.96271e+12
4.94581e+12
4.9289e+12
4.91198e+12
4.89505e+12
4.87812e+12
4.86118e+12
4.84423e+12
4.82727e+12
4.81031e+12
4.79334e+12
4.77636e+12
4.75938e+12
4.74238e+12
4.72538e+12
4.70838e+12
4.69136e+12
4.67434e+12
4.65731e+12
4.64028e+12
4.62323e+12
4.60618e+12
4.58912e+12
4.57206e+12
4.55498e+12
4.5379e+12
4.52082e+12
4.50372e+12
4.48662e+12
4.46951e+12
4.4524e+12
4.43527e+12
4.41814e+12
4.401e+12
4.38386e+12
4.36671e+12
4.34955e+12
4.33238e+12
4.3152e+12
4.29802e+12
4.28083e+12
4.26364e+12
4.24644e+12
4.22923e+12
4.21201e+12
4.19478e+12
4.17755e+12
4.16031e+12
4.14307e+12
4.12581e+12
4.10855e+12
4.09128e+12
4.07401e+12
4.05673e+12
4.03944e+12
4.02214e+12
4.00484e+12
3.98752e+12
3.97021e+12
3.95288e+12
3.93555e+12
3.91821e+12
3.90086e+12
3.88351e+12
3.86615e+12
3.84878e+12
3.8314e+12
3.81402e+12
3.79663e+12
3.77923e+12
3.76183e+12
3.74442e+12
3.727e+12
3.70957e+12
3.69214e+12
3.6747e+12
3.65725e+12
3.6398e+12
3.62234e+12
3.60487e+12
3.58739e+12
3.56991e+12
3.55242e+12
3.53493e+12
3.51742e+12
3.49991e+12
3.48239e+12
3.46487e+12
3.44734e+12
3.4298e+12
3.41225e+12
3.3947e+12
3.37714e+12
3.35957e+12
3.34199e+12
3.32441e+12
3.30682e+12
3.28923e+12
3.27162e+12
3.25401e+12
3.2364e+12
3.21877e+12
3.20114e+12
3.1835e+12
3.16586e+12
3.14821e+12
3.13055e+12
3.11288e+12
3.09521e+12
3.07753e+12
3.05984e+12
3.04215e+12
3.02444e+12
3.00674e+12
2.98902e+12
2.9713e+12
2.95357e+12
2.93583e+12
2.91809e+12
2.90034e+12
2.88258e+12
2.86482e+12
2.84704e+12
2.82927e+12
2.81148e+12
2.79369e+12
2.77589e+12
2.75808e+12
2.74027e+12
2.72245e+12
2.70462e+12
2.68679e+12
2.66894e+12
2.6511e+12
2.63324e+12
2.61538e+12
2.59751e+12
2.57963e+12
2.56175e+12
2.54386e+12
2.52596e+12
2.50806e+12
2.49015e+12
2.47223e+12
2.45431e+12
2.43637e+12
2.41844e+12
2.40049e+12
2.38254e+12
2.36458e+12
2.34661e+12
2.32864e+12
2.31066e+12
2.29267e+12
2.27468e+12
2.25668e+12
2.23867e+12
2.22065e+12
2.20263e+12
2.1846e+12
2.16657e+12
2.14853e+12
2.13048e+12
2.11242e+12
2.09436e+12
2.07629e+12
2.05821e+12
2.04013e+12
2.02204e+12
2.00394e+12
1.98583e+12
1.96772e+12
1.9496e+12
1.93148e+12
1.91335e+12
1.89521e+12
1.87706e+12
1.85891e+12
1.84075e+12
1.82259e+12
1.80441e+12
1.78623e+12
1.76805e+12
1.74985e+12
1.73165e+12
1.71345e+12
1.69523e+12
1.67701e+12
1.65878e+12
1.64055e+12
1.62231e+12
1.60406e+12
1.5858e+12
1.56754e+12
1.54927e+12
1.531e+12
1.51272e+12
1.49443e+12
1.47613e+12
1.45783e+12
1.43952e+12
1.4212e+12
1.40288e+12
1.38455e+12
1.36621e+12
1.34787e+12
1.32952e+12
1.31116e+12
1.2928e+12
1.27443e+12
1.25605e+12
1.23767e+12
1.21927e+12
1.20088e+12
1.18247e+12
1.16406e+12
1.14564e+12
1.12722e+12
1.10879e+12
1.09035e+12
1.0719e+12
1.05345e+12
1.03499e+12
1.01653e+12
9.98054e+11
9.79575e+11
9.61089e+11
9.42597e+11
9.24098e+11
9.05592e+11
8.87079e+11
8.6856e+11
8.50034e+11
8.31501e+11
8.12961e+11
7.94415e+11
7.75862e+11
7.57302e+11
7.38735e+11
7.20162e+11
7.01582e+11
6.82995e+11
6.64402e+11
6.45802e+11
6.27195e+11
6.08581e+11
5.89961e+11
5.71334e+11
5.52701e+11
5.3406e+11
5.15413e+11
4.96759e+11
4.78099e+11
4.59432e+11
4.40758e+11
4.22077e+11
4.0339e+11
3.84696e+11
3.65996e+11
3.47288e+11
3.28575e+11
3.09854e+11
2.91127e+11
2.72393e+11
2.53652e+11
2.34905e+11
2.16151e+11
1.9739e+11
1.78623e+11
1.59849e+11
1.41068e+11
1.22281e+11
1.03487e+11
8.4686e+10
6.58787e+10
4.70648e+10
2.82442e+10
9.41694e+09
)
;

boundaryField
{
    inlet
    {
        type            darcyGradPressure_G;
        gradient        uniform 3.23949e+11;
        Mf              Mf;
        phi             phi;
        phiG            phiG;
        value           uniform 1.49279e+13;
    }
    outlet
    {
        type            fixedValue;
        value           uniform 0;
    }
    emptyWalls
    {
        type            empty;
    }
}


// ************************************************************************* //
