/*--------------------------------*- C++ -*----------------------------------*\
  =========                 |
  \\      /  F ield         | OpenFOAM: The Open Source CFD Toolbox
   \\    /   O peration     | Website:  https://openfoam.org
    \\  /    A nd           | Version:  9
     \\/     M anipulation  |
\*---------------------------------------------------------------------------*/
FoamFile
{
    format      ascii;
    class       volVectorField;
    location    "9500";
    object      Uc;
}
// * * * * * * * * * * * * * * * * * * * * * * * * * * * * * * * * * * * * * //

dimensions      [0 0 0 0 0 0 0];

internalField   nonuniform List<vector> 
100
(
(0 0 1.45305e-06)
(0 0 1.45305e-06)
(0 0 1.45305e-06)
(0 0 1.45305e-06)
(0 0 1.45305e-06)
(0 0 1.45305e-06)
(0 0 1.45305e-06)
(0 0 1.45305e-06)
(0 0 1.45305e-06)
(0 0 1.45305e-06)
(0 0 1.45305e-06)
(0 0 1.45305e-06)
(0 0 1.45305e-06)
(0 0 1.45305e-06)
(0 0 1.45305e-06)
(0 0 1.45305e-06)
(0 0 1.45305e-06)
(0 0 1.45305e-06)
(0 0 1.45305e-06)
(0 0 1.45305e-06)
(0 0 1.45305e-06)
(0 0 1.45305e-06)
(0 0 1.45305e-06)
(0 0 1.45305e-06)
(0 0 1.45305e-06)
(0 0 1.45305e-06)
(0 0 1.45305e-06)
(0 0 1.45305e-06)
(0 0 1.45305e-06)
(0 0 1.45305e-06)
(0 0 1.45305e-06)
(0 0 1.45305e-06)
(0 0 1.45305e-06)
(0 0 1.45305e-06)
(0 0 1.45305e-06)
(0 0 1.45305e-06)
(0 0 1.45305e-06)
(0 0 1.45305e-06)
(0 0 1.45305e-06)
(0 0 1.45305e-06)
(0 0 1.45305e-06)
(0 0 1.45305e-06)
(0 0 1.45305e-06)
(0 0 1.45305e-06)
(0 0 1.45305e-06)
(0 0 1.45305e-06)
(0 0 1.62848e-06)
(0 0 2.19669e-06)
(0 0 2.65876e-06)
(0 0 2.71883e-06)
(0 0 2.69081e-06)
(0 0 2.66386e-06)
(0 0 2.65405e-06)
(0 0 2.65214e-06)
(0 0 2.65164e-06)
(0 0 2.65148e-06)
(0 0 2.65226e-06)
(0 0 2.64255e-06)
(0 0 2.64707e-06)
(0 0 2.6648e-06)
(0 0 2.66634e-06)
(0 0 2.66466e-06)
(0 0 2.6732e-06)
(0 0 2.6787e-06)
(0 0 2.67121e-06)
(0 0 2.6734e-06)
(0 0 2.67306e-06)
(0 0 2.66514e-06)
(0 0 2.66457e-06)
(0 0 2.6661e-06)
(0 0 2.66721e-06)
(0 0 2.66792e-06)
(0 0 2.66874e-06)
(0 0 2.66983e-06)
(0 0 2.67111e-06)
(0 0 2.67249e-06)
(0 0 2.67397e-06)
(0 0 2.67563e-06)
(0 0 2.67751e-06)
(0 0 2.67965e-06)
(0 0 2.68364e-06)
(0 0 2.68631e-06)
(0 0 2.68653e-06)
(0 0 2.68773e-06)
(0 0 2.68824e-06)
(0 0 2.68503e-06)
(0 0 2.67561e-06)
(0 0 2.66119e-06)
(0 0 2.64837e-06)
(0 0 2.64448e-06)
(0 0 2.65198e-06)
(0 0 2.66585e-06)
(0 0 2.66863e-06)
(0 0 2.58606e-06)
(0 0 2.51414e-06)
(0 0 2.5503e-06)
(0 0 2.535e-06)
(0 0 2.50848e-06)
(0 0 2.49118e-06)
(0 0 2.46967e-06)
)
;

boundaryField
{
    inlet
    {
        type            fixedValue;
        value           uniform (0 0 1.45305e-06);
    }
    outlet
    {
        type            zeroGradient;
    }
    emptyWalls
    {
        type            empty;
    }
}


// ************************************************************************* //
