/*--------------------------------*- C++ -*----------------------------------*\
  =========                 |
  \\      /  F ield         | OpenFOAM: The Open Source CFD Toolbox
   \\    /   O peration     | Website:  https://openfoam.org
    \\  /    A nd           | Version:  9
     \\/     M anipulation  |
\*---------------------------------------------------------------------------*/
FoamFile
{
    format      ascii;
    class       volScalarField;
    location    "97000";
    object      Fa;
}
// * * * * * * * * * * * * * * * * * * * * * * * * * * * * * * * * * * * * * //

dimensions      [0 0 0 0 0 0 0];

internalField   nonuniform List<scalar> 
1000
(
0.121486
0.121486
0.121486
0.121485
0.121485
0.121485
0.121484
0.121483
0.121483
0.121482
0.121481
0.12148
0.121479
0.121478
0.121477
0.121476
0.121474
0.121473
0.121471
0.12147
0.121468
0.121466
0.121465
0.121463
0.121461
0.121459
0.121457
0.121454
0.121452
0.12145
0.121447
0.121445
0.121442
0.121439
0.121437
0.121434
0.121431
0.121428
0.121425
0.121421
0.121418
0.121415
0.121411
0.121408
0.121404
0.121401
0.121397
0.121393
0.121389
0.121385
0.121381
0.121377
0.121373
0.121369
0.121364
0.12136
0.121355
0.121351
0.121346
0.121341
0.121336
0.121331
0.121326
0.121321
0.121316
0.121311
0.121305
0.1213
0.121294
0.121289
0.121283
0.121277
0.121272
0.121266
0.12126
0.121254
0.121247
0.121241
0.121235
0.121228
0.121222
0.121215
0.121209
0.121202
0.121195
0.121188
0.121182
0.121174
0.121167
0.12116
0.121153
0.121146
0.121138
0.121131
0.121123
0.121115
0.121108
0.1211
0.121092
0.121084
0.121076
0.121068
0.121059
0.121051
0.121043
0.121034
0.121026
0.121017
0.121008
0.120999
0.12099
0.120981
0.120972
0.120963
0.120954
0.120945
0.120935
0.120926
0.120916
0.120907
0.120897
0.120887
0.120877
0.120867
0.120857
0.120847
0.120837
0.120827
0.120816
0.120806
0.120795
0.120785
0.120774
0.120763
0.120752
0.120741
0.12073
0.120719
0.120708
0.120697
0.120685
0.120674
0.120662
0.120651
0.120639
0.120627
0.120615
0.120603
0.120591
0.120579
0.120567
0.120555
0.120542
0.12053
0.120517
0.120505
0.120492
0.120479
0.120466
0.120453
0.12044
0.120427
0.120414
0.1204
0.120387
0.120374
0.12036
0.120346
0.120333
0.120319
0.120305
0.120291
0.120277
0.120262
0.120248
0.120234
0.120219
0.120205
0.12019
0.120175
0.12016
0.120146
0.12013
0.120115
0.1201
0.120085
0.12007
0.120054
0.120038
0.120023
0.120007
0.119991
0.119975
0.119959
0.119943
0.119927
0.119911
0.119894
0.119878
0.119861
0.119844
0.119827
0.11981
0.119793
0.119776
0.119759
0.119742
0.119724
0.119707
0.119689
0.119671
0.119653
0.119635
0.119617
0.119599
0.119581
0.119562
0.119544
0.119525
0.119506
0.119487
0.119468
0.119448
0.119429
0.119409
0.119389
0.119369
0.119349
0.119328
0.119307
0.119286
0.119264
0.119242
0.119219
0.119196
0.119172
0.119147
0.119119
0.11909
0.119056
0.119016
0.118963
0.118885
0.118746
0.118396
0.117579
0.0572991
3.62791e-05
1.61759e-17
4.98109e-44
1.27464e-97
2.19709e-205
0
0
0
0
0
0
0
0
0
0
0
0
0
0
0
0
0
0
0
0
0
0
0
0
0
0
0
0
0
0
0
0
0
0
0
0
0
0
0
0
0
0
0
0
0
0
0
0
0
0
0
0
0
0
0
0
0
0
0
0
0
0
0
0
0
0
0
0
0
0
0
0
0
0
0
0
0
0
0
0
0
0
0
0
0
0
0
0
0
0
0
0
0
0
0
0
0
0
0
0
0
0
0
0
0
0
0
0
0
0
0
0
0
0
0
0
0
0
0
0
0
0
0
0
0
0
0
0
0
0
0
0
0
0
0
0
0
0
0
0
0
0
0
0
0
0
0
0
0
0
0
0
0
0
0
0
0
0
0
0
0
0
0
0
0
0
0
0
0
0
0
0
0
0
0
0
0
0
0
0
0
0
0
0
0
0
0
0
0
0
0
0
0
0
0
0
0
0
0
0
0
0
0
0
0
0
0
0
0
0
0
0
0
0
0
0
0
0
0
0
0
0
0
0
0
0
0
0
0
0
0
0
0
0
0
0
0
0
0
0
0
0
0
0
0
0
0
0
0
0
0
0
0
0
0
0
0
0
0
0
0
0
0
0
0
0
0
0
0
0
0
0
0
0
0
0
0
0
0
0
0
0
0
0
0
0
0
0
0
0
0
0
0
0
0
0
0
0
0
0
0
0
0
0
0
0
0
0
0
0
0
0
0
0
0
0
0
0
0
0
0
0
0
0
0
0
0
0
0
0
0
0
0
0
0
0
0
0
0
0
0
0
0
0
0
0
0
0
0
0
0
0
0
0
0
0
0
0
0
0
0
0
0
0
0
0
0
0
0
0
0
0
0
0
0
0
0
0
0
0
0
0
0
0
0
0
0
0
0
0
0
0
0
0
0
0
0
0
0
0
0
0
0
0
0
0
0
0
0
0
0
0
0
0
0
0
0
0
0
0
0
0
0
0
0
0
0
0
0
0
0
0
0
0
0
0
0
0
0
0
0
0
0
0
0
0
0
0
0
0
0
0
0
0
0
0
0
0
0
0
0
0
0
0
0
0
0
0
0
0
0
0
0
0
0
0
0
0
0
0
0
0
0
0
0
0
0
0
0
0
0
0
0
0
0
0
0
0
0
0
0
0
0
0
0
0
0
0
0
0
0
0
0
0
0
0
0
0
0
0
0
0
0
0
0
0
0
0
0
0
0
0
0
0
0
0
0
0
0
0
0
0
0
0
0
0
0
0
0
0
0
0
0
0
0
0
0
0
0
0
0
0
0
0
0
0
0
0
0
0
0
0
0
0
0
0
0
0
0
0
0
0
0
0
0
0
0
0
0
0
0
0
0
0
0
0
0
0
0
0
0
0
0
0
0
0
0
0
0
0
0
0
0
0
0
0
0
0
0
0
0
0
0
0
0
0
0
0
0
0
0
0
0
0
0
0
0
0
0
0
0
0
0
0
0
0
0
0
0
0
0
0
0
0
0
0
0
0
0
0
0
0
0
0
0
0
0
0
0
0
0
0
0
0
0
0
0
0
0
0
0
0
0
0
0
0
0
0
0
0
0
0
0
0
0
0
0
0
0
0
0
0
0
0
0
0
0
0
0
0
0
0
0
0
0
0
0
0
0
0
0
0
0
0
0
0
0
0
0
0
0
0
0
0
0
0
0
0
0
0
0
0
0
0
0
0
0
0
)
;

boundaryField
{
    inlet
    {
        type            calculated;
        value           uniform 0.121486;
    }
    outlet
    {
        type            calculated;
        value           uniform 0;
    }
    emptyWalls
    {
        type            empty;
    }
}


// ************************************************************************* //
