/*--------------------------------*- C++ -*----------------------------------*\
  =========                 |
  \\      /  F ield         | OpenFOAM: The Open Source CFD Toolbox
   \\    /   O peration     | Website:  https://openfoam.org
    \\  /    A nd           | Version:  9
     \\/     M anipulation  |
\*---------------------------------------------------------------------------*/
FoamFile
{
    format      ascii;
    class       volScalarField;
    location    "97000";
    object      kra;
}
// * * * * * * * * * * * * * * * * * * * * * * * * * * * * * * * * * * * * * //

dimensions      [0 0 0 0 0 0 0];

internalField   nonuniform List<scalar> 
1000
(
0.000270015
0.000269921
0.000269833
0.000269746
0.000269658
0.000269571
0.000269484
0.000269396
0.000269309
0.000269222
0.000269135
0.000269048
0.00026896
0.000268873
0.000268786
0.000268699
0.000268612
0.000268525
0.000268438
0.000268351
0.000268264
0.000268178
0.000268091
0.000268004
0.000267917
0.000267831
0.000267744
0.000267657
0.000267571
0.000267484
0.000267398
0.000267311
0.000267225
0.000267138
0.000267052
0.000266965
0.000266879
0.000266793
0.000266707
0.00026662
0.000266534
0.000266448
0.000266362
0.000266276
0.000266189
0.000266103
0.000266017
0.000265931
0.000265845
0.000265759
0.000265673
0.000265587
0.000265501
0.000265416
0.00026533
0.000265244
0.000265158
0.000265072
0.000264987
0.000264901
0.000264815
0.000264729
0.000264644
0.000264558
0.000264472
0.000264387
0.000264301
0.000264216
0.00026413
0.000264045
0.000263959
0.000263874
0.000263788
0.000263703
0.000263617
0.000263532
0.000263447
0.000263361
0.000263276
0.00026319
0.000263105
0.00026302
0.000262935
0.000262849
0.000262764
0.000262679
0.000262594
0.000262508
0.000262423
0.000262338
0.000262253
0.000262168
0.000262082
0.000261997
0.000261912
0.000261827
0.000261742
0.000261657
0.000261572
0.000261487
0.000261402
0.000261316
0.000261231
0.000261146
0.000261061
0.000260976
0.000260891
0.000260806
0.000260721
0.000260636
0.000260551
0.000260466
0.000260381
0.000260296
0.000260211
0.000260126
0.000260041
0.000259956
0.000259872
0.000259787
0.000259702
0.000259617
0.000259532
0.000259447
0.000259362
0.000259277
0.000259192
0.000259107
0.000259022
0.000258937
0.000258852
0.000258767
0.000258682
0.000258597
0.000258512
0.000258427
0.000258342
0.000258257
0.000258172
0.000258088
0.000258003
0.000257918
0.000257833
0.000257748
0.000257663
0.000257578
0.000257492
0.000257407
0.000257322
0.000257237
0.000257152
0.000257067
0.000256982
0.000256897
0.000256812
0.000256727
0.000256642
0.000256557
0.000256471
0.000256386
0.000256301
0.000256216
0.000256131
0.000256045
0.00025596
0.000255875
0.00025579
0.000255704
0.000255619
0.000255534
0.000255448
0.000255363
0.000255277
0.000255192
0.000255106
0.000255021
0.000254935
0.00025485
0.000254764
0.000254679
0.000254593
0.000254507
0.000254422
0.000254336
0.00025425
0.000254164
0.000254078
0.000253993
0.000253907
0.000253821
0.000253735
0.000253649
0.000253563
0.000253476
0.00025339
0.000253304
0.000253218
0.000253131
0.000253045
0.000252958
0.000252872
0.000252785
0.000252698
0.000252612
0.000252525
0.000252438
0.000252351
0.000252264
0.000252177
0.000252089
0.000252002
0.000251914
0.000251827
0.000251739
0.000251651
0.000251563
0.000251474
0.000251386
0.000251297
0.000251208
0.000251119
0.000251029
0.00025094
0.000250849
0.000250759
0.000250668
0.000250576
0.000250484
0.000250391
0.000250298
0.000250203
0.000250107
0.00025001
0.00024991
0.000249808
0.000249703
0.000249593
0.000249477
0.00024935
0.000249207
0.000249037
0.000248818
0.000248497
0.000247936
0.000246623
0.000242047
0.000154044
3.33476e-07
1.5542e-19
4.78549e-46
1.22461e-99
2.11086e-207
0
0
0
0
0
0
0
0
0
0
0
0
0
0
0
0
0
0
0
0
0
0
0
0
0
0
0
0
0
0
0
0
0
0
0
0
0
0
0
0
0
0
0
0
0
0
0
0
0
0
0
0
0
0
0
0
0
0
0
0
0
0
0
0
0
0
0
0
0
0
0
0
0
0
0
0
0
0
0
0
0
0
0
0
0
0
0
0
0
0
0
0
0
0
0
0
0
0
0
0
0
0
0
0
0
0
0
0
0
0
0
0
0
0
0
0
0
0
0
0
0
0
0
0
0
0
0
0
0
0
0
0
0
0
0
0
0
0
0
0
0
0
0
0
0
0
0
0
0
0
0
0
0
0
0
0
0
0
0
0
0
0
0
0
0
0
0
0
0
0
0
0
0
0
0
0
0
0
0
0
0
0
0
0
0
0
0
0
0
0
0
0
0
0
0
0
0
0
0
0
0
0
0
0
0
0
0
0
0
0
0
0
0
0
0
0
0
0
0
0
0
0
0
0
0
0
0
0
0
0
0
0
0
0
0
0
0
0
0
0
0
0
0
0
0
0
0
0
0
0
0
0
0
0
0
0
0
0
0
0
0
0
0
0
0
0
0
0
0
0
0
0
0
0
0
0
0
0
0
0
0
0
0
0
0
0
0
0
0
0
0
0
0
0
0
0
0
0
0
0
0
0
0
0
0
0
0
0
0
0
0
0
0
0
0
0
0
0
0
0
0
0
0
0
0
0
0
0
0
0
0
0
0
0
0
0
0
0
0
0
0
0
0
0
0
0
0
0
0
0
0
0
0
0
0
0
0
0
0
0
0
0
0
0
0
0
0
0
0
0
0
0
0
0
0
0
0
0
0
0
0
0
0
0
0
0
0
0
0
0
0
0
0
0
0
0
0
0
0
0
0
0
0
0
0
0
0
0
0
0
0
0
0
0
0
0
0
0
0
0
0
0
0
0
0
0
0
0
0
0
0
0
0
0
0
0
0
0
0
0
0
0
0
0
0
0
0
0
0
0
0
0
0
0
0
0
0
0
0
0
0
0
0
0
0
0
0
0
0
0
0
0
0
0
0
0
0
0
0
0
0
0
0
0
0
0
0
0
0
0
0
0
0
0
0
0
0
0
0
0
0
0
0
0
0
0
0
0
0
0
0
0
0
0
0
0
0
0
0
0
0
0
0
0
0
0
0
0
0
0
0
0
0
0
0
0
0
0
0
0
0
0
0
0
0
0
0
0
0
0
0
0
0
0
0
0
0
0
0
0
0
0
0
0
0
0
0
0
0
0
0
0
0
0
0
0
0
0
0
0
0
0
0
0
0
0
0
0
0
0
0
0
0
0
0
0
0
0
0
0
0
0
0
0
0
0
0
0
0
0
0
0
0
0
0
0
0
0
0
0
0
0
0
0
0
0
0
0
0
0
0
0
0
0
0
0
0
0
0
0
0
0
0
0
0
0
0
0
0
0
0
0
0
0
0
0
0
0
0
0
0
0
0
0
0
0
0
0
0
0
0
0
0
0
0
0
0
0
0
0
0
0
0
0
0
0
0
0
0
0
0
0
0
0
0
0
0
0
0
0
0
0
0
0
0
0
0
0
0
0
0
0
0
0
0
0
0
0
0
0
0
0
0
0
0
0
0
0
0
0
0
0
0
0
0
0
0
0
0
0
0
0
0
0
0
0
0
0
)
;

boundaryField
{
    inlet
    {
        type            calculated;
        value           uniform 0.000270089;
    }
    outlet
    {
        type            calculated;
        value           uniform 0;
    }
    emptyWalls
    {
        type            empty;
    }
}


// ************************************************************************* //
