/*--------------------------------*- C++ -*----------------------------------*\
  =========                 |
  \\      /  F ield         | OpenFOAM: The Open Source CFD Toolbox
   \\    /   O peration     | Website:  https://openfoam.org
    \\  /    A nd           | Version:  9
     \\/     M anipulation  |
\*---------------------------------------------------------------------------*/
FoamFile
{
    format      ascii;
    class       volScalarField;
    location    "97000";
    object      Sa;
}
// * * * * * * * * * * * * * * * * * * * * * * * * * * * * * * * * * * * * * //

dimensions      [0 0 0 0 0 0 0];

internalField   nonuniform List<scalar> 
1000
(
0.687405
0.687285
0.687174
0.687063
0.686951
0.68684
0.686729
0.686618
0.686506
0.686395
0.686284
0.686173
0.686062
0.685951
0.68584
0.685728
0.685617
0.685506
0.685395
0.685285
0.685174
0.685063
0.684952
0.684841
0.68473
0.684619
0.684509
0.684398
0.684287
0.684176
0.684066
0.683955
0.683844
0.683734
0.683623
0.683513
0.683402
0.683292
0.683181
0.683071
0.68296
0.68285
0.682739
0.682629
0.682519
0.682408
0.682298
0.682187
0.682077
0.681967
0.681857
0.681746
0.681636
0.681526
0.681415
0.681305
0.681195
0.681085
0.680975
0.680864
0.680754
0.680644
0.680534
0.680424
0.680314
0.680204
0.680094
0.679983
0.679873
0.679763
0.679653
0.679543
0.679433
0.679323
0.679213
0.679103
0.678993
0.678883
0.678773
0.678663
0.678553
0.678443
0.678333
0.678223
0.678113
0.678003
0.677893
0.677783
0.677673
0.677563
0.677453
0.677343
0.677233
0.677123
0.677013
0.676903
0.676793
0.676683
0.676573
0.676463
0.676353
0.676242
0.676132
0.676022
0.675912
0.675802
0.675692
0.675582
0.675472
0.675362
0.675252
0.675142
0.675031
0.674921
0.674811
0.674701
0.674591
0.67448
0.67437
0.67426
0.67415
0.674039
0.673929
0.673819
0.673709
0.673598
0.673488
0.673378
0.673267
0.673157
0.673046
0.672936
0.672825
0.672715
0.672604
0.672494
0.672383
0.672273
0.672162
0.672051
0.671941
0.67183
0.671719
0.671609
0.671498
0.671387
0.671276
0.671165
0.671055
0.670944
0.670833
0.670722
0.670611
0.6705
0.670389
0.670277
0.670166
0.670055
0.669944
0.669833
0.669721
0.66961
0.669499
0.669387
0.669276
0.669164
0.669053
0.668941
0.66883
0.668718
0.668606
0.668494
0.668383
0.668271
0.668159
0.668047
0.667935
0.667823
0.667711
0.667598
0.667486
0.667374
0.667261
0.667149
0.667036
0.666924
0.666811
0.666699
0.666586
0.666473
0.66636
0.666247
0.666134
0.666021
0.665907
0.665794
0.665681
0.665567
0.665454
0.66534
0.665226
0.665112
0.664998
0.664884
0.66477
0.664655
0.66454
0.664426
0.664311
0.664196
0.664081
0.663965
0.66385
0.663734
0.663618
0.663502
0.663385
0.663268
0.663151
0.663034
0.662916
0.662798
0.66268
0.662561
0.662441
0.662321
0.6622
0.662078
0.661955
0.661831
0.661706
0.661579
0.66145
0.661319
0.661184
0.661045
0.660899
0.660745
0.660577
0.660388
0.660163
0.659872
0.659446
0.658702
0.656956
0.650831
0.519202
0.0241636
1.65587e-08
9.285e-22
1.53705e-48
2.23142e-102
2.41398e-210
0
0
0
0
0
0
0
0
0
0
0
0
0
0
0
0
0
0
0
0
0
0
0
0
0
0
0
0
0
0
0
0
0
0
0
0
0
0
0
0
0
0
0
0
0
0
0
0
0
0
0
0
0
0
0
0
0
0
0
0
0
0
0
0
0
0
0
0
0
0
0
0
0
0
0
0
0
0
0
0
0
0
0
0
0
0
0
0
0
0
0
0
0
0
0
0
0
0
0
0
0
0
0
0
0
0
0
0
0
0
0
0
0
0
0
0
0
0
0
0
0
0
0
0
0
0
0
0
0
0
0
0
0
0
0
0
0
0
0
0
0
0
0
0
0
0
0
0
0
0
0
0
0
0
0
0
0
0
0
0
0
0
0
0
0
0
0
0
0
0
0
0
0
0
0
0
0
0
0
0
0
0
0
0
0
0
0
0
0
0
0
0
0
0
0
0
0
0
0
0
0
0
0
0
0
0
0
0
0
0
0
0
0
0
0
0
0
0
0
0
0
0
0
0
0
0
0
0
0
0
0
0
0
0
0
0
0
0
0
0
0
0
0
0
0
0
0
0
0
0
0
0
0
0
0
0
0
0
0
0
0
0
0
0
0
0
0
0
0
0
0
0
0
0
0
0
0
0
0
0
0
0
0
0
0
0
0
0
0
0
0
0
0
0
0
0
0
0
0
0
0
0
0
0
0
0
0
0
0
0
0
0
0
0
0
0
0
0
0
0
0
0
0
0
0
0
0
0
0
0
0
0
0
0
0
0
0
0
0
0
0
0
0
0
0
0
0
0
0
0
0
0
0
0
0
0
0
0
0
0
0
0
0
0
0
0
0
0
0
0
0
0
0
0
0
0
0
0
0
0
0
0
0
0
0
0
0
0
0
0
0
0
0
0
0
0
0
0
0
0
0
0
0
0
0
0
0
0
0
0
0
0
0
0
0
0
0
0
0
0
0
0
0
0
0
0
0
0
0
0
0
0
0
0
0
0
0
0
0
0
0
0
0
0
0
0
0
0
0
0
0
0
0
0
0
0
0
0
0
0
0
0
0
0
0
0
0
0
0
0
0
0
0
0
0
0
0
0
0
0
0
0
0
0
0
0
0
0
0
0
0
0
0
0
0
0
0
0
0
0
0
0
0
0
0
0
0
0
0
0
0
0
0
0
0
0
0
0
0
0
0
0
0
0
0
0
0
0
0
0
0
0
0
0
0
0
0
0
0
0
0
0
0
0
0
0
0
0
0
0
0
0
0
0
0
0
0
0
0
0
0
0
0
0
0
0
0
0
0
0
0
0
0
0
0
0
0
0
0
0
0
0
0
0
0
0
0
0
0
0
0
0
0
0
0
0
0
0
0
0
0
0
0
0
0
0
0
0
0
0
0
0
0
0
0
0
0
0
0
0
0
0
0
0
0
0
0
0
0
0
0
0
0
0
0
0
0
0
0
0
0
0
0
0
0
0
0
0
0
0
0
0
0
0
0
0
0
0
0
0
0
0
0
0
0
0
0
0
0
0
0
0
0
0
0
0
0
0
0
0
0
0
0
0
0
0
0
0
0
0
0
0
0
0
0
0
0
0
0
0
0
0
0
0
0
0
0
0
0
0
0
0
0
0
0
0
0
0
0
0
0
0
0
0
0
0
0
0
0
0
0
0
0
0
0
0
0
0
0
0
0
0
0
0
0
0
0
)
;

boundaryField
{
    inlet
    {
        type            fixedValue;
        value           uniform 0.6875;
    }
    outlet
    {
        type            zeroGradient;
    }
    emptyWalls
    {
        type            empty;
    }
}


// ************************************************************************* //
