/*--------------------------------*- C++ -*----------------------------------*\
  =========                 |
  \\      /  F ield         | OpenFOAM: The Open Source CFD Toolbox
   \\    /   O peration     | Website:  https://openfoam.org
    \\  /    A nd           | Version:  9
     \\/     M anipulation  |
\*---------------------------------------------------------------------------*/
FoamFile
{
    format      ascii;
    class       volScalarField;
    location    "4.5";
    object      krb;
}
// * * * * * * * * * * * * * * * * * * * * * * * * * * * * * * * * * * * * * //

dimensions      [0 0 0 0 0 0 0];

internalField   nonuniform List<scalar> 
1000
(
0.299809
0.29791
0.296175
0.294528
0.292941
0.291403
0.289904
0.28844
0.287007
0.285603
0.284225
0.282873
0.281543
0.280237
0.278951
0.277686
0.27644
0.275213
0.274004
0.272813
0.271638
0.27048
0.269338
0.268211
0.267099
0.266001
0.264918
0.263848
0.262791
0.261748
0.260717
0.259699
0.258692
0.257698
0.256715
0.255743
0.254782
0.253832
0.252892
0.251962
0.251043
0.250133
0.249233
0.248343
0.247461
0.246589
0.245725
0.24487
0.244024
0.243186
0.242356
0.241534
0.24072
0.239914
0.239115
0.238324
0.23754
0.236763
0.235994
0.235231
0.234475
0.233725
0.232982
0.232246
0.231516
0.230792
0.230075
0.229363
0.228657
0.227958
0.227264
0.226575
0.225892
0.225215
0.224543
0.223876
0.223215
0.222558
0.221907
0.221261
0.220619
0.219983
0.219351
0.218724
0.218101
0.217484
0.21687
0.216261
0.215657
0.215056
0.214461
0.213869
0.213281
0.212697
0.212118
0.211542
0.210971
0.210403
0.209839
0.209279
0.208722
0.208169
0.20762
0.207074
0.206532
0.205993
0.205458
0.204926
0.204398
0.203873
0.203351
0.202832
0.202317
0.201804
0.201295
0.200789
0.200286
0.199786
0.199288
0.198794
0.198303
0.197814
0.197329
0.196846
0.196366
0.195888
0.195414
0.194942
0.194472
0.194006
0.193542
0.19308
0.192621
0.192164
0.19171
0.191259
0.190809
0.190362
0.189918
0.189476
0.189036
0.188598
0.188163
0.18773
0.187299
0.186871
0.186444
0.18602
0.185598
0.185178
0.18476
0.184344
0.18393
0.183518
0.183108
0.1827
0.182295
0.181891
0.181489
0.181088
0.18069
0.180294
0.179899
0.179507
0.179116
0.178727
0.178339
0.177954
0.17757
0.177188
0.176808
0.176429
0.176052
0.175677
0.175303
0.174931
0.174561
0.174192
0.173825
0.173459
0.173095
0.172733
0.172372
0.172012
0.171654
0.171298
0.170943
0.170589
0.170237
0.169886
0.169537
0.169189
0.168843
0.168498
0.168154
0.167812
0.167471
0.167132
0.166793
0.166457
0.166121
0.165787
0.165454
0.165122
0.164791
0.164462
0.164134
0.163807
0.163482
0.163157
0.162834
0.162512
0.162191
0.161872
0.161553
0.161236
0.16092
0.160605
0.160291
0.159978
0.159666
0.159355
0.159046
0.158737
0.15843
0.158123
0.157818
0.157514
0.157211
0.156908
0.156607
0.156307
0.156007
0.155709
0.155412
0.155116
0.15482
0.154526
0.154232
0.15394
0.153648
0.153357
0.153068
0.152779
0.152491
0.152204
0.151917
0.151632
0.151347
0.151064
0.150781
0.150499
0.150218
0.149937
0.149658
0.149379
0.149101
0.148824
0.148548
0.148272
0.147997
0.147723
0.14745
0.147177
0.146905
0.146634
0.146364
0.146094
0.145825
0.145556
0.145289
0.145022
0.144755
0.14449
0.144225
0.14396
0.143696
0.143433
0.143171
0.142909
0.142647
0.142386
0.142126
0.141866
0.141607
0.141348
0.14109
0.140832
0.140575
0.140318
0.140062
0.139806
0.139551
0.139296
0.139041
0.138787
0.138533
0.13828
0.138026
0.137774
0.137521
0.137268
0.137016
0.136764
0.136513
0.136261
0.136009
0.135758
0.135506
0.135255
0.135004
0.134752
0.1345
0.134249
0.133997
0.133744
0.133492
0.133238
0.132985
0.132731
0.132476
0.13222
0.131964
0.131706
0.131448
0.131188
0.130927
0.130664
0.1304
0.130133
0.129864
0.129593
0.129319
0.129042
0.128762
0.128477
0.128188
0.127894
0.127595
0.127289
0.126975
0.126654
0.126323
0.125981
0.125626
0.125257
0.12487
0.124464
0.124033
0.123574
0.12308
0.122545
0.121958
0.121306
0.120571
0.11973
0.118747
0.117572
0.116123
0.114274
0.111799
0.108276
0.102793
0.0929947
0.0708558
0.0428879
0.0380301
0.0361683
0.0361024
0.0365982
0.0370845
0.0374533
0.0377299
0.0379171
0.0379859
0.0379153
0.0377255
0.0374805
0.0372587
0.0371151
0.0370648
0.0370926
0.03717
0.0372687
0.0373651
0.0374425
0.0374906
0.0375056
0.0374906
0.0374538
0.037407
0.0373621
0.0373282
0.03731
0.0373078
0.0373183
0.0373364
0.0373567
0.0373745
0.0373866
0.0373916
0.0373898
0.0373829
0.0373732
0.0373632
0.0373549
0.0373497
0.0373478
0.037349
0.0373521
0.0373562
0.03736
0.0373629
0.0373642
0.0373641
0.0373627
0.0373605
0.037358
0.0373557
0.0373539
0.0373528
0.0373524
0.0373525
0.0373528
0.0373532
0.0373535
0.0373536
0.0373534
0.0373529
0.0373523
0.0373516
0.037351
0.0373505
0.0373501
0.0373498
0.0373496
0.0373495
0.0373493
0.037349
0.0373486
0.037348
0.0373473
0.0373464
0.0373455
0.0373445
0.0373435
0.0373425
0.0373415
0.0373405
0.0373396
0.0373387
0.0373379
0.0373371
0.0373363
0.0373356
0.0373349
0.0373343
0.0373337
0.0373332
0.0373327
0.0373322
0.0373318
0.0373314
0.0373311
0.0373307
0.0373303
0.0373299
0.0373296
0.0373292
0.0373288
0.0373284
0.0373279
0.0373275
0.037327
0.0373266
0.0373261
0.0373256
0.0373251
0.0373246
0.0373241
0.0373236
0.0373231
0.0373225
0.037322
0.0373215
0.037321
0.0373205
0.0373199
0.0373194
0.0373189
0.0373184
0.0373179
0.0373174
0.0373169
0.0373163
0.0373158
0.0373152
0.0373147
0.0373141
0.0373135
0.0373128
0.0373122
0.0373115
0.0373108
0.0373101
0.0373094
0.0373086
0.0373078
0.0373071
0.0373063
0.0373055
0.0373047
0.0373039
0.0373031
0.0373024
0.0373016
0.0373008
0.0373001
0.0372994
0.0372986
0.0372979
0.0372972
0.0372966
0.0372959
0.0372953
0.0372946
0.037294
0.0372934
0.0372928
0.0372922
0.0372916
0.0372911
0.0372905
0.0372899
0.0372894
0.0372888
0.0372882
0.0372877
0.0372871
0.0372865
0.037286
0.0372854
0.0372848
0.0372842
0.0372835
0.0372829
0.0372823
0.0372816
0.0372809
0.0372803
0.0372796
0.0372789
0.0372782
0.0372775
0.0372767
0.037276
0.0372753
0.0372746
0.0372738
0.0372731
0.0372724
0.0372717
0.037271
0.0372703
0.0372697
0.037269
0.0372684
0.0372677
0.0372671
0.0372665
0.0372659
0.0372654
0.0372648
0.0372642
0.0372637
0.0372632
0.0372626
0.0372621
0.0372615
0.037261
0.0372604
0.0372598
0.0372593
0.0372587
0.0372581
0.0372574
0.0372568
0.0372561
0.0372554
0.0372547
0.037254
0.0372532
0.0372525
0.0372517
0.0372509
0.0372501
0.0372492
0.0372484
0.0372475
0.0372466
0.0372458
0.0372449
0.037244
0.0372431
0.0372422
0.0372413
0.0372405
0.0372396
0.0372387
0.0372379
0.037237
0.0372362
0.0372353
0.0372345
0.0372337
0.0372329
0.0372321
0.0372314
0.0372306
0.0372298
0.0372291
0.0372284
0.0372276
0.0372269
0.0372262
0.0372255
0.0372248
0.0372241
0.0372234
0.0372227
0.037222
0.0372213
0.0372206
0.0372199
0.0372191
0.0372184
0.0372177
0.037217
0.0372163
0.0372155
0.0372148
0.037214
0.0372133
0.0372125
0.0372117
0.0372109
0.0372102
0.0372094
0.0372086
0.0372078
0.037207
0.0372061
0.0372053
0.0372045
0.0372036
0.0372028
0.037202
0.0372011
0.0372002
0.0371994
0.0371985
0.0371976
0.0371968
0.0371959
0.037195
0.0371941
0.0371933
0.0371924
0.0371915
0.0371906
0.0371897
0.0371888
0.0371879
0.037187
0.0371861
0.0371852
0.0371843
0.0371834
0.0371825
0.0371817
0.0371808
0.0371799
0.037179
0.0371781
0.0371772
0.0371763
0.0371754
0.0371745
0.0371736
0.0371727
0.0371718
0.0371709
0.03717
0.0371691
0.0371683
0.0371676
0.0371677
0.0371707
0.0371861
0.0372524
0.03753
0.0386955
0.04379
0.0678639
0.13732
0.168263
0.168952
0.168951
0.168951
0.168951
0.168952
0.168952
0.168952
0.168952
0.168952
0.168952
0.168953
0.168953
0.168953
0.168954
0.168954
0.168954
0.168955
0.168955
0.168955
0.168956
0.168956
0.168956
0.168956
0.168957
0.168957
0.168957
0.168957
0.168958
0.168958
0.168958
0.168958
0.168958
0.168958
0.168958
0.168958
0.168959
0.168959
0.168959
0.168959
0.168959
0.168959
0.168959
0.168959
0.168959
0.168959
0.168959
0.168959
0.168959
0.168959
0.168959
0.168959
0.168959
0.168959
0.168959
0.168959
0.168959
0.168959
0.168959
0.168959
0.168959
0.168959
0.168959
0.168959
0.168959
0.168959
0.168959
0.168959
0.168959
0.168959
0.168958
0.168958
0.168958
0.168958
0.168958
0.168958
0.168958
0.168958
0.168958
0.168958
0.168958
0.168958
0.168958
0.168958
0.168958
0.168958
0.168958
0.168958
0.168958
0.168958
0.168958
0.168958
0.168958
0.168958
0.168958
0.168958
0.168958
0.168958
0.168958
0.168958
0.168958
0.168958
0.168958
0.168958
0.168958
0.168958
0.168958
0.168958
0.168958
0.168958
0.168958
0.168958
0.168958
0.168958
0.168958
0.168958
0.168958
0.168959
0.168959
0.168959
0.168959
0.168959
0.168959
0.168959
0.168959
0.168959
0.168959
0.168959
0.168959
0.16896
0.16896
0.16896
0.16896
0.16896
0.16896
0.16896
0.168961
0.168961
0.168961
0.168961
0.168961
0.168961
0.168961
0.168962
0.168962
0.168962
0.168962
0.168962
0.168962
0.168962
0.168962
0.168962
0.168963
0.168963
0.168963
0.168963
0.168963
0.168963
0.168963
0.168963
0.168963
0.168963
0.168963
0.168963
0.168963
0.168963
0.168963
0.168963
0.168963
0.168963
0.168963
0.168963
0.168963
0.168963
0.168963
0.168963
0.168963
0.168963
0.168963
0.168963
0.168963
0.168963
0.168963
0.168963
0.168963
0.168963
0.168963
0.168963
0.168963
0.168963
0.168964
0.168964
0.168964
0.168964
0.168964
0.168964
0.168964
0.168964
0.168964
0.168965
0.168965
0.168965
0.168965
0.168965
0.168965
0.168965
0.168965
0.168965
0.168965
0.168965
0.168966
0.168966
0.168966
0.168966
0.168966
0.168966
0.168966
0.168966
0.168966
0.168966
0.168966
0.168966
0.168967
0.168967
0.168967
0.168967
0.168967
0.168967
0.168967
0.168967
0.168967
0.168967
0.168967
0.168967
0.168968
0.168968
0.168985
0.169578
0.195997
0.3
0.3
0.3
0.3
0.3
0.3
0.3
0.3
0.3
0.3
0.3
0.3
0.3
0.3
0.3
0.3
0.3
0.3
0.3
0.3
0.3
0.3
0.3
0.3
0.3
0.3
0.3
0.3
0.3
0.3
0.3
0.3
0.3
0.3
0.3
0.3
0.3
0.3
0.3
0.3
0.3
0.3
0.3
0.3
0.3
0.3
0.3
0.3
0.3
0.3
0.3
0.3
0.3
0.3
0.3
0.3
)
;

boundaryField
{
    inlet
    {
        type            calculated;
        value           uniform 0.302959;
    }
    outlet
    {
        type            calculated;
        value           uniform 0.3;
    }
    emptyWalls
    {
        type            empty;
    }
}


// ************************************************************************* //
