/*--------------------------------*- C++ -*----------------------------------*\
  =========                 |
  \\      /  F ield         | OpenFOAM: The Open Source CFD Toolbox
   \\    /   O peration     | Website:  https://openfoam.org
    \\  /    A nd           | Version:  9
     \\/     M anipulation  |
\*---------------------------------------------------------------------------*/
FoamFile
{
    format      ascii;
    class       volScalarField;
    location    "9.8";
    object      AcumCoeff_csw;
}
// * * * * * * * * * * * * * * * * * * * * * * * * * * * * * * * * * * * * * //

dimensions      [0 0 0 0 0 0 0];

internalField   nonuniform List<scalar> 
1000
(
0.149705
0.149525
0.149358
0.149198
0.149042
0.14889
0.14874
0.148592
0.148446
0.148302
0.148159
0.148018
0.147878
0.147739
0.147601
0.147465
0.147329
0.147195
0.147062
0.146929
0.146798
0.146667
0.146537
0.146409
0.146281
0.146154
0.146027
0.145902
0.145777
0.145653
0.14553
0.145408
0.145286
0.145165
0.145045
0.144926
0.144807
0.144689
0.144571
0.144454
0.144338
0.144223
0.144108
0.143994
0.14388
0.143767
0.143655
0.143543
0.143432
0.143321
0.143211
0.143101
0.142992
0.142884
0.142776
0.142669
0.142562
0.142456
0.14235
0.142245
0.14214
0.142036
0.141932
0.141829
0.141726
0.141624
0.141522
0.141421
0.14132
0.14122
0.14112
0.14102
0.140921
0.140823
0.140724
0.140627
0.14053
0.140433
0.140336
0.14024
0.140145
0.14005
0.139955
0.13986
0.139766
0.139673
0.13958
0.139487
0.139394
0.139302
0.139211
0.139119
0.139029
0.138938
0.138848
0.138758
0.138669
0.138579
0.138491
0.138402
0.138314
0.138226
0.138139
0.138052
0.137965
0.137879
0.137793
0.137707
0.137622
0.137537
0.137452
0.137367
0.137283
0.137199
0.137116
0.137033
0.13695
0.136867
0.136785
0.136703
0.136621
0.136539
0.136458
0.136377
0.136297
0.136216
0.136136
0.136056
0.135977
0.135898
0.135819
0.13574
0.135662
0.135583
0.135506
0.135428
0.135351
0.135273
0.135197
0.13512
0.135044
0.134967
0.134892
0.134816
0.13474
0.134665
0.13459
0.134516
0.134441
0.134367
0.134293
0.134219
0.134146
0.134073
0.134
0.133927
0.133854
0.133782
0.13371
0.133638
0.133566
0.133494
0.133423
0.133352
0.133281
0.13321
0.13314
0.13307
0.133
0.13293
0.13286
0.132791
0.132722
0.132652
0.132584
0.132515
0.132447
0.132378
0.13231
0.132242
0.132175
0.132107
0.13204
0.131973
0.131906
0.131839
0.131773
0.131706
0.13164
0.131574
0.131508
0.131442
0.131377
0.131312
0.131246
0.131182
0.131117
0.131052
0.130988
0.130923
0.130859
0.130795
0.130732
0.130668
0.130604
0.130541
0.130478
0.130415
0.130352
0.13029
0.130227
0.130165
0.130103
0.130041
0.129979
0.129917
0.129855
0.129794
0.129733
0.129672
0.129611
0.12955
0.129489
0.129429
0.129368
0.129308
0.129248
0.129188
0.129128
0.129069
0.129009
0.12895
0.128891
0.128831
0.128773
0.128714
0.128655
0.128596
0.128538
0.12848
0.128422
0.128364
0.128306
0.128248
0.12819
0.128133
0.128076
0.128018
0.127961
0.127904
0.127847
0.127791
0.127734
0.127678
0.127621
0.127565
0.127509
0.127453
0.127397
0.127341
0.127286
0.12723
0.127175
0.12712
0.127065
0.12701
0.126955
0.1269
0.126845
0.126791
0.126736
0.126682
0.126628
0.126574
0.12652
0.126466
0.126412
0.126358
0.126305
0.126251
0.126198
0.126145
0.126092
0.126039
0.125986
0.125933
0.12588
0.125828
0.125775
0.125723
0.125671
0.125618
0.125566
0.125514
0.125462
0.125411
0.125359
0.125307
0.125256
0.125205
0.125153
0.125102
0.125051
0.125
0.124949
0.124899
0.124848
0.124797
0.124747
0.124696
0.124646
0.124596
0.124546
0.124496
0.124446
0.124396
0.124346
0.124297
0.124247
0.124198
0.124148
0.124099
0.12405
0.124001
0.123951
0.123903
0.123854
0.123805
0.123756
0.123708
0.123659
0.123611
0.123562
0.123514
0.123466
0.123418
0.12337
0.123322
0.123274
0.123226
0.123179
0.123131
0.123084
0.123036
0.122989
0.122942
0.122894
0.122847
0.1228
0.122753
0.122706
0.12266
0.122613
0.122566
0.12252
0.122473
0.122427
0.122381
0.122334
0.122288
0.122242
0.122196
0.12215
0.122104
0.122058
0.122013
0.121967
0.121921
0.121876
0.12183
0.121785
0.12174
0.121695
0.121649
0.121604
0.121559
0.121514
0.12147
0.121425
0.12138
0.121335
0.121291
0.121246
0.121202
0.121157
0.121113
0.121069
0.121025
0.120981
0.120936
0.120893
0.120849
0.120805
0.120761
0.120717
0.120674
0.12063
0.120586
0.120543
0.1205
0.120456
0.120413
0.12037
0.120327
0.120284
0.120241
0.120198
0.120155
0.120112
0.120069
0.120026
0.119984
0.119941
0.119899
0.119856
0.119814
0.119771
0.119729
0.119687
0.119645
0.119603
0.119561
0.119519
0.119477
0.119435
0.119393
0.119351
0.11931
0.119268
0.119226
0.119185
0.119143
0.119102
0.119061
0.119019
0.118978
0.118937
0.118896
0.118855
0.118814
0.118773
0.118732
0.118691
0.11865
0.118609
0.118569
0.118528
0.118487
0.118447
0.118406
0.118366
0.118325
0.118285
0.118245
0.118205
0.118164
0.118124
0.118084
0.118044
0.118004
0.117964
0.117924
0.117884
0.117845
0.117805
0.117765
0.117726
0.117686
0.117647
0.117607
0.117568
0.117528
0.117489
0.11745
0.11741
0.117371
0.117332
0.117293
0.117254
0.117215
0.117176
0.117137
0.117098
0.117059
0.11702
0.116982
0.116943
0.116904
0.116866
0.116827
0.116789
0.11675
0.116712
0.116673
0.116635
0.116597
0.116559
0.11652
0.116482
0.116444
0.116406
0.116368
0.11633
0.116292
0.116254
0.116216
0.116179
0.116141
0.116103
0.116065
0.116028
0.11599
0.115953
0.115915
0.115878
0.11584
0.115803
0.115765
0.115728
0.115691
0.115654
0.115616
0.115579
0.115542
0.115505
0.115468
0.115431
0.115394
0.115357
0.11532
0.115283
0.115247
0.11521
0.115173
0.115136
0.1151
0.115063
0.115027
0.11499
0.114953
0.114917
0.114881
0.114844
0.114808
0.114771
0.114735
0.114699
0.114663
0.114626
0.11459
0.114554
0.114518
0.114482
0.114446
0.11441
0.114374
0.114338
0.114302
0.114267
0.114231
0.114195
0.114159
0.114124
0.114088
0.114052
0.114017
0.113981
0.113946
0.11391
0.113875
0.113839
0.113804
0.113768
0.113733
0.113698
0.113662
0.113627
0.113592
0.113557
0.113522
0.113486
0.113451
0.113416
0.113381
0.113346
0.113311
0.113276
0.113241
0.113207
0.113172
0.113137
0.113102
0.113067
0.113033
0.112998
0.112963
0.112928
0.112894
0.112859
0.112825
0.11279
0.112756
0.112721
0.112687
0.112652
0.112618
0.112583
0.112549
0.112515
0.11248
0.112446
0.112412
0.112378
0.112343
0.112309
0.112275
0.112241
0.112207
0.112173
0.112139
0.112104
0.11207
0.112036
0.112002
0.111969
0.111935
0.111901
0.111867
0.111833
0.111799
0.111765
0.111731
0.111698
0.111664
0.11163
0.111596
0.111563
0.111529
0.111495
0.111462
0.111428
0.111394
0.111361
0.111327
0.111294
0.11126
0.111227
0.111193
0.11116
0.111126
0.111093
0.111059
0.111026
0.110992
0.110959
0.110925
0.110892
0.110859
0.110825
0.110792
0.110759
0.110725
0.110692
0.110658
0.110625
0.110592
0.110559
0.110525
0.110492
0.110459
0.110425
0.110392
0.110359
0.110326
0.110292
0.110259
0.110226
0.110192
0.110159
0.110126
0.110092
0.110059
0.110026
0.109993
0.109959
0.109926
0.109893
0.109859
0.109826
0.109792
0.109759
0.109726
0.109692
0.109659
0.109625
0.109592
0.109558
0.109524
0.109491
0.109457
0.109424
0.10939
0.109356
0.109322
0.109288
0.109254
0.10922
0.109186
0.109152
0.109118
0.109084
0.10905
0.109015
0.108981
0.108946
0.108912
0.108877
0.108842
0.108807
0.108772
0.108737
0.108701
0.108666
0.10863
0.108594
0.108558
0.108522
0.108486
0.108449
0.108412
0.108375
0.108338
0.1083
0.108262
0.108224
0.108185
0.108146
0.108107
0.108067
0.108027
0.107986
0.107945
0.107903
0.10786
0.107817
0.107773
0.107728
0.107683
0.107636
0.107588
0.107539
0.107489
0.107437
0.107384
0.107329
0.107272
0.107212
0.107151
0.107086
0.107018
0.106947
0.106871
0.10679
0.106704
0.106612
0.106511
0.106402
0.106281
0.106147
0.105997
0.105826
0.10563
0.1054
0.105125
0.10479
0.104369
0.103822
0.103077
0.102
0.100292
0.0971669
0.0897218
0.0709553
0.0683779
0.0669417
0.0665204
0.0665978
0.0667992
0.0669873
0.067146
0.0672814
0.0673882
0.0674514
0.0674588
0.0674105
0.0673228
0.0672241
0.0671423
0.0670945
0.0670832
0.0671008
0.0671359
0.067177
0.0672148
0.067243
0.067258
0.0672592
0.0672487
0.0672306
0.06721
0.0671917
0.0671789
0.0671731
0.067174
0.06718
0.0671886
0.0671978
0.0672055
0.0672106
0.0672126
0.0672119
0.0672091
0.0672053
0.0672014
0.0671984
0.0671966
0.0671962
0.0671969
0.0671983
0.0672
0.0672015
0.0672025
0.0672028
0.0672026
0.0672018
0.0672009
0.0671998
0.067199
0.0671984
0.0671982
0.0671982
0.0671985
0.0671989
0.0671993
0.0671997
0.0671998
0.0671999
0.0671997
0.0671995
0.0671992
0.0671989
0.0671987
0.0671985
0.0671983
0.0671982
0.0671981
0.0671981
0.067198
0.067198
0.0671979
0.0671978
0.0671976
0.0671975
0.0671974
0.0671972
0.0671971
0.067197
0.0671969
0.0671968
0.0671967
0.0671967
0.0671966
0.0671965
0.0671964
0.0671963
0.0671962
0.0671961
0.067196
0.067196
0.0671959
0.0671958
0.0671958
0.0671957
0.0671957
0.0671957
0.0671956
0.0671956
0.0671955
0.0671955
0.0671954
0.0671954
0.0671954
0.0671953
0.0671953
0.0671952
0.0671952
0.0671951
0.0671951
0.067195
0.0671949
0.0671949
0.0671948
0.0671948
0.0671947
0.0671946
0.0671946
0.0671945
0.0671944
0.0671944
0.0671943
0.0671943
0.0671942
0.0671942
0.0671941
0.0671941
0.067194
0.067194
0.067194
0.0671939
0.0671939
0.0671939
0.0671939
0.0671938
0.0671938
0.0671938
0.0671937
0.0671937
0.0671936
0.0671936
0.0671935
0.0671934
0.0671933
0.0671933
0.0671932
0.0671931
0.0671929
0.0671928
0.0671927
0.0671926
0.0671924
0.0671923
0.0671922
0.067192
0.0671919
0.0671918
0.0671916
0.0671915
0.0671914
0.0671912
0.0671911
0.067191
0.0671909
0.0671907
0.0671906
0.0671905
0.0671904
0.0671903
0.0671902
0.0671901
0.06719
0.0671899
0.0671898
0.0671897
0.0671897
0.0671896
0.0671895
0.0671894
0.0671893
0.0671892
0.0671891
0.067189
0.0671889
0.0671888
0.0671887
0.0671886
0.0671885
0.0671884
0.0671883
0.0671882
0.0671881
0.067188
0.0671879
0.0671878
0.0671877
0.0671876
0.0671874
0.0671873
0.0671872
0.0671871
0.067187
0.0671869
0.0671868
0.0671867
0.0671866
0.0671865
0.0671864
0.0671863
0.0671862
0.0671861
0.067186
)
;

boundaryField
{
    inlet
    {
        type            calculated;
        value           uniform 0.15;
    }
    outlet
    {
        type            calculated;
        value           uniform 0.067186;
    }
    emptyWalls
    {
        type            empty;
    }
}


// ************************************************************************* //
