/*--------------------------------*- C++ -*----------------------------------*\
  =========                 |
  \\      /  F ield         | OpenFOAM: The Open Source CFD Toolbox
   \\    /   O peration     | Website:  https://openfoam.org
    \\  /    A nd           | Version:  9
     \\/     M anipulation  |
\*---------------------------------------------------------------------------*/
FoamFile
{
    format      ascii;
    class       volScalarField;
    location    "10";
    object      Sb;
}
// * * * * * * * * * * * * * * * * * * * * * * * * * * * * * * * * * * * * * //

dimensions      [0 0 0 0 0 0 0];

internalField   nonuniform List<scalar> 
1000
(
0.499037
0.498447
0.497903
0.49738
0.496871
0.496373
0.495883
0.4954
0.494923
0.494451
0.493984
0.493522
0.493064
0.49261
0.492159
0.491713
0.491269
0.490829
0.490393
0.489959
0.489529
0.489101
0.488677
0.488255
0.487836
0.48742
0.487006
0.486595
0.486186
0.48578
0.485377
0.484976
0.484577
0.484181
0.483786
0.483395
0.483005
0.482618
0.482232
0.481849
0.481468
0.481089
0.480713
0.480338
0.479965
0.479594
0.479225
0.478858
0.478493
0.47813
0.477769
0.477409
0.477051
0.476695
0.476341
0.475989
0.475638
0.475289
0.474942
0.474596
0.474252
0.47391
0.473569
0.47323
0.472893
0.472557
0.472222
0.471889
0.471558
0.471228
0.4709
0.470573
0.470247
0.469923
0.469601
0.469279
0.46896
0.468641
0.468324
0.468009
0.467694
0.467381
0.467069
0.466759
0.46645
0.466142
0.465836
0.46553
0.465226
0.464924
0.464622
0.464322
0.464023
0.463725
0.463428
0.463132
0.462838
0.462545
0.462252
0.461961
0.461671
0.461383
0.461095
0.460808
0.460523
0.460238
0.459955
0.459673
0.459392
0.459111
0.458832
0.458554
0.458277
0.458001
0.457726
0.457451
0.457178
0.456906
0.456635
0.456365
0.456095
0.455827
0.455559
0.455293
0.455027
0.454763
0.454499
0.454236
0.453974
0.453713
0.453453
0.453193
0.452935
0.452677
0.45242
0.452165
0.451909
0.451655
0.451402
0.451149
0.450898
0.450647
0.450396
0.450147
0.449899
0.449651
0.449404
0.449158
0.448912
0.448667
0.448424
0.44818
0.447938
0.447696
0.447455
0.447215
0.446976
0.446737
0.446499
0.446262
0.446025
0.445789
0.445554
0.44532
0.445086
0.444853
0.44462
0.444389
0.444158
0.443927
0.443698
0.443468
0.44324
0.443012
0.442785
0.442559
0.442333
0.442108
0.441883
0.441659
0.441436
0.441213
0.440991
0.44077
0.440549
0.440328
0.440109
0.43989
0.439671
0.439453
0.439236
0.439019
0.438803
0.438588
0.438373
0.438158
0.437944
0.437731
0.437518
0.437306
0.437094
0.436883
0.436673
0.436463
0.436253
0.436044
0.435836
0.435628
0.435421
0.435214
0.435008
0.434802
0.434597
0.434392
0.434187
0.433984
0.43378
0.433578
0.433375
0.433174
0.432972
0.432772
0.432571
0.432371
0.432172
0.431973
0.431775
0.431577
0.431379
0.431182
0.430986
0.43079
0.430594
0.430399
0.430204
0.43001
0.429816
0.429623
0.42943
0.429238
0.429046
0.428854
0.428663
0.428472
0.428282
0.428092
0.427902
0.427713
0.427525
0.427337
0.427149
0.426962
0.426775
0.426588
0.426402
0.426216
0.426031
0.425846
0.425661
0.425477
0.425294
0.42511
0.424927
0.424745
0.424563
0.424381
0.4242
0.424019
0.423838
0.423658
0.423478
0.423298
0.423119
0.42294
0.422762
0.422584
0.422406
0.422229
0.422052
0.421875
0.421699
0.421523
0.421348
0.421173
0.420998
0.420823
0.420649
0.420476
0.420302
0.420129
0.419956
0.419784
0.419612
0.41944
0.419269
0.419098
0.418927
0.418756
0.418586
0.418417
0.418247
0.418078
0.417909
0.417741
0.417573
0.417405
0.417237
0.41707
0.416903
0.416737
0.416571
0.416405
0.416239
0.416074
0.415909
0.415744
0.415579
0.415415
0.415251
0.415088
0.414925
0.414762
0.414599
0.414437
0.414275
0.414113
0.413951
0.41379
0.413629
0.413469
0.413308
0.413148
0.412988
0.412829
0.41267
0.412511
0.412352
0.412194
0.412036
0.411878
0.41172
0.411563
0.411406
0.411249
0.411093
0.410936
0.41078
0.410625
0.410469
0.410314
0.410159
0.410004
0.40985
0.409696
0.409542
0.409388
0.409235
0.409082
0.408929
0.408776
0.408624
0.408472
0.40832
0.408168
0.408017
0.407865
0.407714
0.407564
0.407413
0.407263
0.407113
0.406963
0.406814
0.406665
0.406516
0.406367
0.406218
0.40607
0.405922
0.405774
0.405626
0.405479
0.405332
0.405185
0.405038
0.404891
0.404745
0.404599
0.404453
0.404308
0.404162
0.404017
0.403872
0.403727
0.403583
0.403438
0.403294
0.40315
0.403007
0.402863
0.40272
0.402577
0.402434
0.402292
0.402149
0.402007
0.401865
0.401723
0.401581
0.40144
0.401299
0.401158
0.401017
0.400876
0.400736
0.400596
0.400456
0.400316
0.400177
0.400037
0.399898
0.399759
0.39962
0.399481
0.399343
0.399205
0.399067
0.398929
0.398791
0.398654
0.398516
0.398379
0.398242
0.398106
0.397969
0.397833
0.397696
0.39756
0.397425
0.397289
0.397153
0.397018
0.396883
0.396748
0.396613
0.396479
0.396344
0.39621
0.396076
0.395942
0.395808
0.395675
0.395542
0.395408
0.395275
0.395143
0.39501
0.394877
0.394745
0.394613
0.394481
0.394349
0.394217
0.394086
0.393954
0.393823
0.393692
0.393561
0.393431
0.3933
0.39317
0.39304
0.39291
0.39278
0.39265
0.39252
0.392391
0.392262
0.392133
0.392004
0.391875
0.391746
0.391618
0.391489
0.391361
0.391233
0.391105
0.390978
0.39085
0.390723
0.390595
0.390468
0.390341
0.390214
0.390088
0.389961
0.389835
0.389709
0.389582
0.389456
0.389331
0.389205
0.389079
0.388954
0.388829
0.388704
0.388579
0.388454
0.388329
0.388205
0.38808
0.387956
0.387832
0.387708
0.387584
0.38746
0.387337
0.387213
0.38709
0.386967
0.386844
0.386721
0.386598
0.386475
0.386353
0.38623
0.386108
0.385986
0.385864
0.385742
0.38562
0.385499
0.385377
0.385256
0.385135
0.385013
0.384892
0.384772
0.384651
0.38453
0.38441
0.384289
0.384169
0.384049
0.383929
0.383809
0.383689
0.38357
0.38345
0.383331
0.383211
0.383092
0.382973
0.382854
0.382735
0.382617
0.382498
0.38238
0.382261
0.382143
0.382025
0.381907
0.381789
0.381671
0.381553
0.381436
0.381318
0.381201
0.381084
0.380967
0.38085
0.380733
0.380616
0.380499
0.380383
0.380266
0.38015
0.380033
0.379917
0.379801
0.379685
0.379569
0.379454
0.379338
0.379222
0.379107
0.378992
0.378876
0.378761
0.378646
0.378531
0.378416
0.378301
0.378187
0.378072
0.377958
0.377843
0.377729
0.377615
0.377501
0.377387
0.377273
0.377159
0.377045
0.376932
0.376818
0.376705
0.376591
0.376478
0.376365
0.376252
0.376139
0.376026
0.375913
0.3758
0.375688
0.375575
0.375463
0.37535
0.375238
0.375126
0.375014
0.374901
0.374789
0.374678
0.374566
0.374454
0.374342
0.374231
0.374119
0.374008
0.373896
0.373785
0.373674
0.373563
0.373452
0.373341
0.37323
0.373119
0.373008
0.372897
0.372787
0.372676
0.372566
0.372455
0.372345
0.372234
0.372124
0.372014
0.371904
0.371794
0.371684
0.371574
0.371464
0.371354
0.371244
0.371135
0.371025
0.370915
0.370806
0.370696
0.370587
0.370477
0.370368
0.370259
0.370149
0.37004
0.369931
0.369822
0.369713
0.369603
0.369494
0.369385
0.369276
0.369167
0.369059
0.36895
0.368841
0.368732
0.368623
0.368514
0.368406
0.368297
0.368188
0.368079
0.367971
0.367862
0.367753
0.367644
0.367536
0.367427
0.367318
0.36721
0.367101
0.366992
0.366883
0.366774
0.366666
0.366557
0.366448
0.366339
0.36623
0.366121
0.366012
0.365903
0.365794
0.365684
0.365575
0.365466
0.365356
0.365247
0.365137
0.365027
0.364918
0.364808
0.364697
0.364587
0.364477
0.364366
0.364256
0.364145
0.364034
0.363923
0.363811
0.3637
0.363588
0.363476
0.363363
0.363251
0.363138
0.363024
0.362911
0.362797
0.362683
0.362568
0.362453
0.362337
0.362221
0.362105
0.361988
0.36187
0.361752
0.361633
0.361513
0.361393
0.361272
0.36115
0.361027
0.360904
0.360779
0.360653
0.360526
0.360397
0.360268
0.360137
0.360004
0.359869
0.359733
0.359595
0.359454
0.359311
0.359166
0.359017
0.358866
0.358711
0.358553
0.358391
0.358224
0.358052
0.357874
0.357691
0.3575
0.357302
0.357096
0.356879
0.356652
0.356412
0.356157
0.355886
0.355595
0.355282
0.354941
0.354569
0.354158
0.353701
0.353185
0.352597
0.351917
0.351117
0.350157
0.348977
0.347483
0.34552
0.342811
0.338812
0.332282
0.319693
0.286476
0.227722
0.222158
0.221545
0.222785
0.223995
0.224758
0.225173
0.225315
0.225172
0.224766
0.224232
0.223752
0.223456
0.223366
0.223439
0.223608
0.223813
0.22401
0.224166
0.224263
0.224293
0.224261
0.224183
0.224084
0.223988
0.223915
0.223875
0.223871
0.223894
0.223935
0.223981
0.224022
0.224053
0.224068
0.224069
0.224059
0.224042
0.224024
0.224009
0.223999
0.223997
0.224
0.224008
0.224018
0.224027
0.224034
0.224038
0.224038
0.224036
0.224031
0.224026
0.224021
0.224017
0.224014
0.224012
0.224012
0.224013
0.224013
0.224014
0.224014
0.224013
0.224012
0.22401
0.224009
0.224008
0.224006
0.224006
0.224006
0.224006
0.224007
0.224007
0.224008
0.224009
0.22401
0.22401
0.22401
0.22401
0.22401
0.22401
0.22401
0.22401
0.22401
0.224009
0.224009
0.224009
0.224008
0.224007
0.224007
0.224006
0.224005
0.224005
0.224004
0.224003
0.224003
0.224002
0.224002
0.224002
0.224001
0.224001
0.224001
0.224001
0.224
0.224
0.224
0.224
0.224
0.224
0.224
0.224
0.224
0.224
0.224
0.224
0.224
0.224
0.224
0.224
0.224
0.224
0.224
0.224
0.224
0.224
0.224
0.224
0.224
0.223999
0.223999
0.223999
0.223999
0.223999
0.223999
0.223999
0.223998
0.223998
0.223998
0.223997
0.223997
0.223997
0.223996
0.223996
0.223995
0.223995
0.223994
0.223993
0.223993
0.223992
0.223992
0.223991
0.223991
0.22399
0.22399
0.223989
0.223989
0.223988
0.223988
0.223988
0.223987
0.223987
0.223986
0.223986
0.223986
0.223986
0.223985
0.223985
0.223985
0.223984
0.223984
0.223984
0.223984
0.223983
0.223983
0.223983
0.223983
0.223982
0.223982
0.223982
0.223981
0.223981
0.223981
0.223981
0.22398
0.22398
0.22398
0.223979
0.223979
0.223979
0.223978
0.223978
0.223978
0.223977
0.223977
0.223977
0.223976
0.223976
0.223976
0.223975
0.223975
0.223975
0.223975
0.223974
0.223974
)
;

boundaryField
{
    inlet
    {
        type            fixedValue;
        value           uniform 0.5;
    }
    outlet
    {
        type            zeroGradient;
    }
    emptyWalls
    {
        type            empty;
    }
}


// ************************************************************************* //
