/*--------------------------------*- C++ -*----------------------------------*\
  =========                 |
  \\      /  F ield         | OpenFOAM: The Open Source CFD Toolbox
   \\    /   O peration     | Website:  https://openfoam.org
    \\  /    A nd           | Version:  9
     \\/     M anipulation  |
\*---------------------------------------------------------------------------*/
FoamFile
{
    format      ascii;
    class       volVectorField;
    location    "8.2";
    object      Ub;
}
// * * * * * * * * * * * * * * * * * * * * * * * * * * * * * * * * * * * * * //

dimensions      [0 0 0 0 0 0 0];

internalField   nonuniform List<vector> 
1000
(
(0.290578 0 0)
(0.290577 0 0)
(0.290574 0 0)
(0.290571 0 0)
(0.290567 0 0)
(0.290563 0 0)
(0.290558 0 0)
(0.290553 0 0)
(0.290546 0 0)
(0.29054 0 0)
(0.290532 0 0)
(0.290525 0 0)
(0.290516 0 0)
(0.290507 0 0)
(0.290498 0 0)
(0.290488 0 0)
(0.290478 0 0)
(0.290467 0 0)
(0.290455 0 0)
(0.290443 0 0)
(0.290431 0 0)
(0.290418 0 0)
(0.290405 0 0)
(0.290391 0 0)
(0.290377 0 0)
(0.290362 0 0)
(0.290347 0 0)
(0.290331 0 0)
(0.290315 0 0)
(0.290299 0 0)
(0.290282 0 0)
(0.290265 0 0)
(0.290247 0 0)
(0.290229 0 0)
(0.290211 0 0)
(0.290192 0 0)
(0.290173 0 0)
(0.290153 0 0)
(0.290133 0 0)
(0.290113 0 0)
(0.290092 0 0)
(0.290071 0 0)
(0.29005 0 0)
(0.290028 0 0)
(0.290006 0 0)
(0.289984 0 0)
(0.289961 0 0)
(0.289938 0 0)
(0.289914 0 0)
(0.289891 0 0)
(0.289866 0 0)
(0.289842 0 0)
(0.289817 0 0)
(0.289792 0 0)
(0.289767 0 0)
(0.289741 0 0)
(0.289715 0 0)
(0.289689 0 0)
(0.289662 0 0)
(0.289635 0 0)
(0.289608 0 0)
(0.289581 0 0)
(0.289553 0 0)
(0.289525 0 0)
(0.289496 0 0)
(0.289468 0 0)
(0.289439 0 0)
(0.28941 0 0)
(0.28938 0 0)
(0.289351 0 0)
(0.289321 0 0)
(0.28929 0 0)
(0.28926 0 0)
(0.289229 0 0)
(0.289198 0 0)
(0.289167 0 0)
(0.289135 0 0)
(0.289104 0 0)
(0.289072 0 0)
(0.289039 0 0)
(0.289007 0 0)
(0.288974 0 0)
(0.288941 0 0)
(0.288908 0 0)
(0.288874 0 0)
(0.288841 0 0)
(0.288807 0 0)
(0.288773 0 0)
(0.288738 0 0)
(0.288704 0 0)
(0.288669 0 0)
(0.288634 0 0)
(0.288598 0 0)
(0.288563 0 0)
(0.288527 0 0)
(0.288491 0 0)
(0.288455 0 0)
(0.288419 0 0)
(0.288382 0 0)
(0.288346 0 0)
(0.288309 0 0)
(0.288271 0 0)
(0.288234 0 0)
(0.288196 0 0)
(0.288159 0 0)
(0.288121 0 0)
(0.288083 0 0)
(0.288044 0 0)
(0.288006 0 0)
(0.287967 0 0)
(0.287928 0 0)
(0.287889 0 0)
(0.287849 0 0)
(0.28781 0 0)
(0.28777 0 0)
(0.28773 0 0)
(0.28769 0 0)
(0.28765 0 0)
(0.28761 0 0)
(0.287569 0 0)
(0.287528 0 0)
(0.287487 0 0)
(0.287446 0 0)
(0.287405 0 0)
(0.287363 0 0)
(0.287322 0 0)
(0.28728 0 0)
(0.287238 0 0)
(0.287196 0 0)
(0.287153 0 0)
(0.287111 0 0)
(0.287068 0 0)
(0.287025 0 0)
(0.286982 0 0)
(0.286939 0 0)
(0.286896 0 0)
(0.286852 0 0)
(0.286809 0 0)
(0.286765 0 0)
(0.286721 0 0)
(0.286677 0 0)
(0.286632 0 0)
(0.286588 0 0)
(0.286543 0 0)
(0.286499 0 0)
(0.286454 0 0)
(0.286409 0 0)
(0.286363 0 0)
(0.286318 0 0)
(0.286273 0 0)
(0.286227 0 0)
(0.286181 0 0)
(0.286135 0 0)
(0.286089 0 0)
(0.286043 0 0)
(0.285997 0 0)
(0.28595 0 0)
(0.285903 0 0)
(0.285857 0 0)
(0.28581 0 0)
(0.285763 0 0)
(0.285715 0 0)
(0.285668 0 0)
(0.285621 0 0)
(0.285573 0 0)
(0.285525 0 0)
(0.285477 0 0)
(0.285429 0 0)
(0.285381 0 0)
(0.285333 0 0)
(0.285284 0 0)
(0.285236 0 0)
(0.285187 0 0)
(0.285138 0 0)
(0.285089 0 0)
(0.28504 0 0)
(0.284991 0 0)
(0.284942 0 0)
(0.284892 0 0)
(0.284842 0 0)
(0.284793 0 0)
(0.284743 0 0)
(0.284693 0 0)
(0.284643 0 0)
(0.284593 0 0)
(0.284542 0 0)
(0.284492 0 0)
(0.284441 0 0)
(0.28439 0 0)
(0.28434 0 0)
(0.284289 0 0)
(0.284238 0 0)
(0.284186 0 0)
(0.284135 0 0)
(0.284084 0 0)
(0.284032 0 0)
(0.28398 0 0)
(0.283929 0 0)
(0.283877 0 0)
(0.283825 0 0)
(0.283772 0 0)
(0.28372 0 0)
(0.283668 0 0)
(0.283615 0 0)
(0.283563 0 0)
(0.28351 0 0)
(0.283457 0 0)
(0.283404 0 0)
(0.283351 0 0)
(0.283298 0 0)
(0.283245 0 0)
(0.283191 0 0)
(0.283138 0 0)
(0.283084 0 0)
(0.283031 0 0)
(0.282977 0 0)
(0.282923 0 0)
(0.282869 0 0)
(0.282815 0 0)
(0.28276 0 0)
(0.282706 0 0)
(0.282651 0 0)
(0.282597 0 0)
(0.282542 0 0)
(0.282487 0 0)
(0.282433 0 0)
(0.282378 0 0)
(0.282322 0 0)
(0.282267 0 0)
(0.282212 0 0)
(0.282157 0 0)
(0.282101 0 0)
(0.282045 0 0)
(0.28199 0 0)
(0.281934 0 0)
(0.281878 0 0)
(0.281822 0 0)
(0.281766 0 0)
(0.28171 0 0)
(0.281653 0 0)
(0.281597 0 0)
(0.28154 0 0)
(0.281484 0 0)
(0.281427 0 0)
(0.28137 0 0)
(0.281313 0 0)
(0.281256 0 0)
(0.281199 0 0)
(0.281142 0 0)
(0.281085 0 0)
(0.281027 0 0)
(0.28097 0 0)
(0.280912 0 0)
(0.280854 0 0)
(0.280797 0 0)
(0.280739 0 0)
(0.280681 0 0)
(0.280623 0 0)
(0.280565 0 0)
(0.280506 0 0)
(0.280448 0 0)
(0.28039 0 0)
(0.280331 0 0)
(0.280272 0 0)
(0.280214 0 0)
(0.280155 0 0)
(0.280096 0 0)
(0.280037 0 0)
(0.279978 0 0)
(0.279919 0 0)
(0.279859 0 0)
(0.2798 0 0)
(0.279741 0 0)
(0.279681 0 0)
(0.279621 0 0)
(0.279562 0 0)
(0.279502 0 0)
(0.279442 0 0)
(0.279382 0 0)
(0.279322 0 0)
(0.279262 0 0)
(0.279202 0 0)
(0.279141 0 0)
(0.279081 0 0)
(0.27902 0 0)
(0.27896 0 0)
(0.278899 0 0)
(0.278838 0 0)
(0.278777 0 0)
(0.278716 0 0)
(0.278655 0 0)
(0.278594 0 0)
(0.278533 0 0)
(0.278472 0 0)
(0.27841 0 0)
(0.278349 0 0)
(0.278287 0 0)
(0.278226 0 0)
(0.278164 0 0)
(0.278102 0 0)
(0.27804 0 0)
(0.277978 0 0)
(0.277916 0 0)
(0.277854 0 0)
(0.277792 0 0)
(0.277729 0 0)
(0.277667 0 0)
(0.277605 0 0)
(0.277542 0 0)
(0.277479 0 0)
(0.277417 0 0)
(0.277354 0 0)
(0.277291 0 0)
(0.277228 0 0)
(0.277165 0 0)
(0.277102 0 0)
(0.277038 0 0)
(0.276975 0 0)
(0.276912 0 0)
(0.276848 0 0)
(0.276785 0 0)
(0.276721 0 0)
(0.276657 0 0)
(0.276594 0 0)
(0.27653 0 0)
(0.276466 0 0)
(0.276402 0 0)
(0.276338 0 0)
(0.276273 0 0)
(0.276209 0 0)
(0.276145 0 0)
(0.27608 0 0)
(0.276016 0 0)
(0.275951 0 0)
(0.275887 0 0)
(0.275822 0 0)
(0.275757 0 0)
(0.275692 0 0)
(0.275627 0 0)
(0.275562 0 0)
(0.275497 0 0)
(0.275432 0 0)
(0.275366 0 0)
(0.275301 0 0)
(0.275235 0 0)
(0.27517 0 0)
(0.275104 0 0)
(0.275038 0 0)
(0.274973 0 0)
(0.274907 0 0)
(0.274841 0 0)
(0.274775 0 0)
(0.274709 0 0)
(0.274643 0 0)
(0.274576 0 0)
(0.27451 0 0)
(0.274444 0 0)
(0.274377 0 0)
(0.274311 0 0)
(0.274244 0 0)
(0.274177 0 0)
(0.27411 0 0)
(0.274044 0 0)
(0.273977 0 0)
(0.27391 0 0)
(0.273843 0 0)
(0.273775 0 0)
(0.273708 0 0)
(0.273641 0 0)
(0.273573 0 0)
(0.273506 0 0)
(0.273438 0 0)
(0.273371 0 0)
(0.273303 0 0)
(0.273235 0 0)
(0.273167 0 0)
(0.2731 0 0)
(0.273032 0 0)
(0.272963 0 0)
(0.272895 0 0)
(0.272827 0 0)
(0.272759 0 0)
(0.27269 0 0)
(0.272622 0 0)
(0.272553 0 0)
(0.272485 0 0)
(0.272416 0 0)
(0.272347 0 0)
(0.272279 0 0)
(0.27221 0 0)
(0.272141 0 0)
(0.272072 0 0)
(0.272002 0 0)
(0.271933 0 0)
(0.271864 0 0)
(0.271795 0 0)
(0.271725 0 0)
(0.271656 0 0)
(0.271586 0 0)
(0.271516 0 0)
(0.271447 0 0)
(0.271377 0 0)
(0.271307 0 0)
(0.271237 0 0)
(0.271167 0 0)
(0.271097 0 0)
(0.271027 0 0)
(0.270956 0 0)
(0.270886 0 0)
(0.270816 0 0)
(0.270745 0 0)
(0.270675 0 0)
(0.270604 0 0)
(0.270533 0 0)
(0.270463 0 0)
(0.270392 0 0)
(0.270321 0 0)
(0.27025 0 0)
(0.270179 0 0)
(0.270108 0 0)
(0.270036 0 0)
(0.269965 0 0)
(0.269894 0 0)
(0.269822 0 0)
(0.269751 0 0)
(0.269679 0 0)
(0.269608 0 0)
(0.269536 0 0)
(0.269464 0 0)
(0.269392 0 0)
(0.26932 0 0)
(0.269248 0 0)
(0.269176 0 0)
(0.269104 0 0)
(0.269032 0 0)
(0.268959 0 0)
(0.268887 0 0)
(0.268814 0 0)
(0.268742 0 0)
(0.268669 0 0)
(0.268597 0 0)
(0.268524 0 0)
(0.268451 0 0)
(0.268378 0 0)
(0.268305 0 0)
(0.268232 0 0)
(0.268159 0 0)
(0.268085 0 0)
(0.268012 0 0)
(0.267939 0 0)
(0.267865 0 0)
(0.267792 0 0)
(0.267718 0 0)
(0.267645 0 0)
(0.267571 0 0)
(0.267497 0 0)
(0.267423 0 0)
(0.267349 0 0)
(0.267275 0 0)
(0.267201 0 0)
(0.267127 0 0)
(0.267052 0 0)
(0.266978 0 0)
(0.266904 0 0)
(0.266829 0 0)
(0.266754 0 0)
(0.26668 0 0)
(0.266605 0 0)
(0.26653 0 0)
(0.266455 0 0)
(0.26638 0 0)
(0.266305 0 0)
(0.26623 0 0)
(0.266155 0 0)
(0.26608 0 0)
(0.266004 0 0)
(0.265929 0 0)
(0.265853 0 0)
(0.265778 0 0)
(0.265702 0 0)
(0.265626 0 0)
(0.26555 0 0)
(0.265474 0 0)
(0.265398 0 0)
(0.265322 0 0)
(0.265246 0 0)
(0.26517 0 0)
(0.265094 0 0)
(0.265017 0 0)
(0.264941 0 0)
(0.264864 0 0)
(0.264787 0 0)
(0.264711 0 0)
(0.264634 0 0)
(0.264557 0 0)
(0.26448 0 0)
(0.264403 0 0)
(0.264326 0 0)
(0.264249 0 0)
(0.264171 0 0)
(0.264094 0 0)
(0.264016 0 0)
(0.263939 0 0)
(0.263861 0 0)
(0.263784 0 0)
(0.263706 0 0)
(0.263628 0 0)
(0.26355 0 0)
(0.263472 0 0)
(0.263394 0 0)
(0.263315 0 0)
(0.263237 0 0)
(0.263159 0 0)
(0.26308 0 0)
(0.263001 0 0)
(0.262923 0 0)
(0.262844 0 0)
(0.262765 0 0)
(0.262686 0 0)
(0.262607 0 0)
(0.262528 0 0)
(0.262449 0 0)
(0.262369 0 0)
(0.26229 0 0)
(0.26221 0 0)
(0.262131 0 0)
(0.262051 0 0)
(0.261971 0 0)
(0.261891 0 0)
(0.261811 0 0)
(0.261731 0 0)
(0.261651 0 0)
(0.26157 0 0)
(0.26149 0 0)
(0.261409 0 0)
(0.261329 0 0)
(0.261248 0 0)
(0.261167 0 0)
(0.261086 0 0)
(0.261005 0 0)
(0.260924 0 0)
(0.260843 0 0)
(0.260761 0 0)
(0.26068 0 0)
(0.260598 0 0)
(0.260516 0 0)
(0.260434 0 0)
(0.260352 0 0)
(0.26027 0 0)
(0.260188 0 0)
(0.260106 0 0)
(0.260023 0 0)
(0.259941 0 0)
(0.259858 0 0)
(0.259775 0 0)
(0.259692 0 0)
(0.259609 0 0)
(0.259525 0 0)
(0.259442 0 0)
(0.259358 0 0)
(0.259275 0 0)
(0.259191 0 0)
(0.259107 0 0)
(0.259022 0 0)
(0.258938 0 0)
(0.258853 0 0)
(0.258769 0 0)
(0.258684 0 0)
(0.258599 0 0)
(0.258514 0 0)
(0.258428 0 0)
(0.258342 0 0)
(0.258257 0 0)
(0.258171 0 0)
(0.258084 0 0)
(0.257998 0 0)
(0.257911 0 0)
(0.257824 0 0)
(0.257737 0 0)
(0.25765 0 0)
(0.257562 0 0)
(0.257475 0 0)
(0.257387 0 0)
(0.257298 0 0)
(0.25721 0 0)
(0.257121 0 0)
(0.257031 0 0)
(0.256942 0 0)
(0.256852 0 0)
(0.256762 0 0)
(0.256671 0 0)
(0.25658 0 0)
(0.256489 0 0)
(0.256398 0 0)
(0.256305 0 0)
(0.256213 0 0)
(0.25612 0 0)
(0.256027 0 0)
(0.255933 0 0)
(0.255838 0 0)
(0.255743 0 0)
(0.255648 0 0)
(0.255552 0 0)
(0.255455 0 0)
(0.255357 0 0)
(0.255259 0 0)
(0.25516 0 0)
(0.255061 0 0)
(0.25496 0 0)
(0.254858 0 0)
(0.254756 0 0)
(0.254653 0 0)
(0.254548 0 0)
(0.254442 0 0)
(0.254335 0 0)
(0.254227 0 0)
(0.254117 0 0)
(0.254006 0 0)
(0.253893 0 0)
(0.253778 0 0)
(0.253661 0 0)
(0.253542 0 0)
(0.253421 0 0)
(0.253297 0 0)
(0.253171 0 0)
(0.253041 0 0)
(0.252908 0 0)
(0.252771 0 0)
(0.25263 0 0)
(0.252484 0 0)
(0.252334 0 0)
(0.252177 0 0)
(0.252014 0 0)
(0.251844 0 0)
(0.251665 0 0)
(0.251477 0 0)
(0.251278 0 0)
(0.251066 0 0)
(0.25084 0 0)
(0.250596 0 0)
(0.250332 0 0)
(0.250043 0 0)
(0.249725 0 0)
(0.249371 0 0)
(0.248972 0 0)
(0.248517 0 0)
(0.24799 0 0)
(0.247368 0 0)
(0.246618 0 0)
(0.24569 0 0)
(0.244504 0 0)
(0.242922 0 0)
(0.240693 0 0)
(0.237288 0 0)
(0.231395 0 0)
(0.218604 0 0)
(0.180446 0 0)
(0.147539 0 0)
(0.151673 0 0)
(0.167595 0 0)
(0.17843 0 0)
(0.178591 0 0)
(0.170464 0 0)
(0.159669 0 0)
(0.151151 0 0)
(0.146841 0 0)
(0.146129 0 0)
(0.14764 0 0)
(0.150242 0 0)
(0.153192 0 0)
(0.155993 0 0)
(0.158277 0 0)
(0.159767 0 0)
(0.160308 0 0)
(0.159914 0 0)
(0.158797 0 0)
(0.157318 0 0)
(0.155877 0 0)
(0.15479 0 0)
(0.15422 0 0)
(0.154169 0 0)
(0.15453 0 0)
(0.155137 0 0)
(0.155818 0 0)
(0.156427 0 0)
(0.156861 0 0)
(0.157071 0 0)
(0.15706 0 0)
(0.156874 0 0)
(0.156587 0 0)
(0.156279 0 0)
(0.156017 0 0)
(0.155845 0 0)
(0.155779 0 0)
(0.155807 0 0)
(0.155904 0 0)
(0.156032 0 0)
(0.156158 0 0)
(0.156255 0 0)
(0.156309 0 0)
(0.156315 0 0)
(0.156281 0 0)
(0.156222 0 0)
(0.156154 0 0)
(0.156093 0 0)
(0.156051 0 0)
(0.156031 0 0)
(0.156035 0 0)
(0.156057 0 0)
(0.156089 0 0)
(0.156124 0 0)
(0.156154 0 0)
(0.156175 0 0)
(0.156186 0 0)
(0.156185 0 0)
(0.156176 0 0)
(0.156163 0 0)
(0.156148 0 0)
(0.156135 0 0)
(0.156125 0 0)
(0.156119 0 0)
(0.156118 0 0)
(0.156119 0 0)
(0.156121 0 0)
(0.156123 0 0)
(0.156124 0 0)
(0.156124 0 0)
(0.156122 0 0)
(0.156119 0 0)
(0.156116 0 0)
(0.156113 0 0)
(0.15611 0 0)
(0.156109 0 0)
(0.156109 0 0)
(0.15611 0 0)
(0.156112 0 0)
(0.156113 0 0)
(0.156115 0 0)
(0.156116 0 0)
(0.156116 0 0)
(0.156115 0 0)
(0.156113 0 0)
(0.15611 0 0)
(0.156107 0 0)
(0.156104 0 0)
(0.1561 0 0)
(0.156097 0 0)
(0.156094 0 0)
(0.156091 0 0)
(0.156089 0 0)
(0.156087 0 0)
(0.156086 0 0)
(0.156085 0 0)
(0.156084 0 0)
(0.156083 0 0)
(0.156083 0 0)
(0.156083 0 0)
(0.156084 0 0)
(0.156084 0 0)
(0.156085 0 0)
(0.156086 0 0)
(0.156086 0 0)
(0.156087 0 0)
(0.156087 0 0)
(0.156087 0 0)
(0.156087 0 0)
(0.156086 0 0)
(0.156085 0 0)
(0.156084 0 0)
(0.156082 0 0)
(0.156081 0 0)
(0.156079 0 0)
(0.156077 0 0)
(0.156075 0 0)
(0.156073 0 0)
(0.156072 0 0)
(0.15607 0 0)
(0.156069 0 0)
(0.156068 0 0)
(0.156067 0 0)
(0.156067 0 0)
(0.156066 0 0)
(0.156066 0 0)
(0.156065 0 0)
(0.156065 0 0)
(0.156065 0 0)
(0.156064 0 0)
(0.156064 0 0)
(0.156064 0 0)
(0.156063 0 0)
(0.156063 0 0)
(0.156062 0 0)
(0.156061 0 0)
(0.15606 0 0)
(0.156059 0 0)
(0.156058 0 0)
(0.156057 0 0)
(0.156055 0 0)
(0.156054 0 0)
(0.156053 0 0)
(0.156052 0 0)
(0.15605 0 0)
(0.156049 0 0)
(0.156048 0 0)
(0.156047 0 0)
(0.156046 0 0)
(0.156044 0 0)
(0.156043 0 0)
(0.156042 0 0)
(0.156041 0 0)
(0.15604 0 0)
(0.156039 0 0)
(0.156038 0 0)
(0.156037 0 0)
(0.156036 0 0)
(0.156034 0 0)
(0.156033 0 0)
(0.156032 0 0)
(0.15603 0 0)
(0.156029 0 0)
(0.156027 0 0)
(0.156026 0 0)
(0.156025 0 0)
(0.156023 0 0)
(0.156022 0 0)
(0.156021 0 0)
(0.15602 0 0)
(0.156019 0 0)
(0.156018 0 0)
(0.156017 0 0)
(0.156016 0 0)
(0.156015 0 0)
(0.156014 0 0)
(0.156014 0 0)
(0.156013 0 0)
(0.156013 0 0)
(0.156012 0 0)
(0.156011 0 0)
(0.156011 0 0)
(0.15601 0 0)
(0.15601 0 0)
(0.156009 0 0)
(0.156008 0 0)
(0.156008 0 0)
(0.156007 0 0)
(0.156006 0 0)
(0.156005 0 0)
(0.156004 0 0)
(0.156004 0 0)
(0.156003 0 0)
(0.156002 0 0)
(0.156001 0 0)
(0.156 0 0)
(0.155999 0 0)
(0.155998 0 0)
(0.155997 0 0)
(0.155996 0 0)
(0.155995 0 0)
(0.155994 0 0)
(0.155993 0 0)
(0.155992 0 0)
(0.15599 0 0)
(0.155989 0 0)
(0.155988 0 0)
(0.155987 0 0)
(0.155986 0 0)
(0.155984 0 0)
(0.155983 0 0)
(0.155982 0 0)
(0.155981 0 0)
(0.155979 0 0)
(0.155978 0 0)
(0.155977 0 0)
(0.155976 0 0)
(0.155974 0 0)
(0.155973 0 0)
(0.155972 0 0)
(0.155971 0 0)
(0.15597 0 0)
(0.155969 0 0)
(0.155968 0 0)
(0.155967 0 0)
(0.155966 0 0)
(0.155965 0 0)
(0.155964 0 0)
(0.155963 0 0)
(0.155962 0 0)
(0.155962 0 0)
(0.155961 0 0)
(0.15596 0 0)
(0.15596 0 0)
(0.155959 0 0)
(0.155959 0 0)
(0.155958 0 0)
(0.155958 0 0)
(0.155957 0 0)
(0.155957 0 0)
(0.155956 0 0)
(0.155956 0 0)
(0.155956 0 0)
(0.155955 0 0)
(0.155955 0 0)
(0.155955 0 0)
(0.155954 0 0)
(0.155954 0 0)
(0.155954 0 0)
(0.155953 0 0)
(0.155953 0 0)
(0.155952 0 0)
(0.155952 0 0)
(0.155951 0 0)
(0.155951 0 0)
(0.15595 0 0)
(0.155949 0 0)
(0.155949 0 0)
(0.155948 0 0)
(0.155947 0 0)
(0.155946 0 0)
(0.155945 0 0)
(0.155944 0 0)
(0.155943 0 0)
(0.155941 0 0)
(0.15594 0 0)
(0.155939 0 0)
(0.155937 0 0)
(0.155935 0 0)
(0.155934 0 0)
(0.155932 0 0)
(0.155931 0 0)
(0.155929 0 0)
(0.155927 0 0)
(0.155926 0 0)
(0.155924 0 0)
(0.155922 0 0)
(0.15592 0 0)
(0.155919 0 0)
(0.155917 0 0)
(0.155915 0 0)
(0.155914 0 0)
(0.155912 0 0)
(0.155911 0 0)
(0.155909 0 0)
(0.155908 0 0)
(0.155906 0 0)
(0.155904 0 0)
(0.155903 0 0)
(0.155902 0 0)
(0.1559 0 0)
(0.155899 0 0)
(0.155897 0 0)
(0.155896 0 0)
(0.155894 0 0)
(0.155893 0 0)
(0.155892 0 0)
(0.15589 0 0)
(0.155889 0 0)
(0.155887 0 0)
(0.155886 0 0)
(0.155885 0 0)
(0.155883 0 0)
(0.155882 0 0)
(0.155881 0 0)
(0.155879 0 0)
(0.155878 0 0)
(0.155876 0 0)
(0.155875 0 0)
(0.155874 0 0)
(0.155872 0 0)
(0.155871 0 0)
(0.15587 0 0)
(0.155868 0 0)
(0.155867 0 0)
(0.155866 0 0)
(0.155864 0 0)
(0.155863 0 0)
(0.155862 0 0)
(0.15586 0 0)
(0.155859 0 0)
(0.155858 0 0)
(0.155857 0 0)
(0.155855 0 0)
(0.155854 0 0)
(0.155853 0 0)
(0.155852 0 0)
(0.155851 0 0)
(0.155849 0 0)
(0.155848 0 0)
(0.155847 0 0)
(0.155846 0 0)
(0.155845 0 0)
(0.155844 0 0)
(0.155843 0 0)
(0.155842 0 0)
(0.15584 0 0)
(0.155839 0 0)
(0.155838 0 0)
(0.155837 0 0)
(0.155836 0 0)
(0.155835 0 0)
(0.155834 0 0)
)
;

boundaryField
{
    inlet
    {
        type            fractionalVelocity;
        U               1((1 0 0));
        fractionalFlow  Fb;
        value           uniform (0.290579 0 0);
    }
    outlet
    {
        type            zeroGradient;
    }
    emptyWalls
    {
        type            empty;
    }
}


// ************************************************************************* //
