/*--------------------------------*- C++ -*----------------------------------*\
  =========                 |
  \\      /  F ield         | OpenFOAM: The Open Source CFD Toolbox
   \\    /   O peration     | Website:  https://openfoam.org
    \\  /    A nd           | Version:  9
     \\/     M anipulation  |
\*---------------------------------------------------------------------------*/
FoamFile
{
    format      ascii;
    class       volVectorField;
    location    "4175";
    object      Uc;
}
// * * * * * * * * * * * * * * * * * * * * * * * * * * * * * * * * * * * * * //

dimensions      [0 0 0 0 0 0 0];

internalField   nonuniform List<vector> 
100
(
(0 0 1.58126e-09)
(0 0 2.23031e-09)
(0 0 3.58336e-09)
(0 0 5.08043e-09)
(0 0 6.78217e-09)
(0 0 8.74282e-09)
(0 0 1.10276e-08)
(0 0 1.37238e-08)
(0 0 1.69603e-08)
(0 0 2.09168e-08)
(0 0 2.57993e-08)
(0 0 3.15776e-08)
(0 0 3.74579e-08)
(0 0 4.29608e-08)
(0 0 4.83616e-08)
(0 0 5.37817e-08)
(0 0 5.92604e-08)
(0 0 6.47874e-08)
(0 0 7.03379e-08)
(0 0 7.59076e-08)
(0 0 8.14842e-08)
(0 0 8.70859e-08)
(0 0 9.27305e-08)
(0 0 9.84324e-08)
(0 0 1.04182e-07)
(0 0 1.09965e-07)
(0 0 1.15799e-07)
(0 0 1.21659e-07)
(0 0 1.27516e-07)
(0 0 1.33379e-07)
(0 0 1.39221e-07)
(0 0 1.45055e-07)
(0 0 1.50948e-07)
(0 0 1.56918e-07)
(0 0 1.63042e-07)
(0 0 1.69538e-07)
(0 0 1.76794e-07)
(0 0 1.85399e-07)
(0 0 1.96125e-07)
(0 0 2.09835e-07)
(0 0 2.27249e-07)
(0 0 2.48712e-07)
(0 0 2.74068e-07)
(0 0 3.02693e-07)
(0 0 3.3372e-07)
(0 0 3.66266e-07)
(0 0 3.99565e-07)
(0 0 4.33147e-07)
(0 0 4.66837e-07)
(0 0 5.00537e-07)
(0 0 5.34224e-07)
(0 0 5.67972e-07)
(0 0 6.01805e-07)
(0 0 6.3566e-07)
(0 0 6.69238e-07)
(0 0 7.01881e-07)
(0 0 7.32329e-07)
(0 0 7.58247e-07)
(0 0 7.76388e-07)
(0 0 7.83526e-07)
(0 0 7.78042e-07)
(0 0 7.61037e-07)
(0 0 7.35847e-07)
(0 0 7.06621e-07)
(0 0 6.77196e-07)
(0 0 6.50522e-07)
(0 0 6.28783e-07)
(0 0 6.13892e-07)
(0 0 6.08129e-07)
(0 0 6.15124e-07)
(0 0 6.40957e-07)
(0 0 6.9235e-07)
(0 0 7.70111e-07)
(0 0 8.65326e-07)
(0 0 9.65635e-07)
(0 0 1.06418e-06)
(0 0 1.16016e-06)
(0 0 1.25539e-06)
(0 0 1.35237e-06)
(0 0 1.45435e-06)
(0 0 1.56734e-06)
(0 0 1.70528e-06)
(0 0 1.91366e-06)
(0 0 2.57884e-06)
(0 0 3.37534e-06)
(0 0 2.80641e-06)
(0 0 1.92348e-06)
(0 0 1.88015e-06)
(0 0 1.90187e-06)
(0 0 1.92819e-06)
(0 0 1.95444e-06)
(0 0 1.97966e-06)
(0 0 2.00306e-06)
(0 0 2.02448e-06)
(0 0 2.04464e-06)
(0 0 2.06466e-06)
(0 0 2.08568e-06)
(0 0 2.10878e-06)
(0 0 2.13469e-06)
(0 0 2.16276e-06)
)
;

boundaryField
{
    inlet
    {
        type            fixedValue;
        value           uniform (0 0 0);
    }
    outlet
    {
        type            zeroGradient;
    }
    emptyWalls
    {
        type            empty;
    }
}


// ************************************************************************* //
