/*--------------------------------*- C++ -*----------------------------------*\
  =========                 |
  \\      /  F ield         | OpenFOAM: The Open Source CFD Toolbox
   \\    /   O peration     | Website:  https://openfoam.org
    \\  /    A nd           | Version:  9
     \\/     M anipulation  |
\*---------------------------------------------------------------------------*/
FoamFile
{
    format      ascii;
    class       volVectorField;
    location    "4725";
    object      Ub;
}
// * * * * * * * * * * * * * * * * * * * * * * * * * * * * * * * * * * * * * //

dimensions      [0 0 0 0 0 0 0];

internalField   nonuniform List<vector> 
100
(
(0 0 1.6061e-05)
(0 0 1.60209e-05)
(0 0 1.59451e-05)
(0 0 1.58767e-05)
(0 0 1.58135e-05)
(0 0 1.57541e-05)
(0 0 1.56977e-05)
(0 0 1.5644e-05)
(0 0 1.55923e-05)
(0 0 1.55426e-05)
(0 0 1.54945e-05)
(0 0 1.54479e-05)
(0 0 1.54028e-05)
(0 0 1.5359e-05)
(0 0 1.53167e-05)
(0 0 1.52767e-05)
(0 0 1.52376e-05)
(0 0 1.5198e-05)
(0 0 1.51581e-05)
(0 0 1.51181e-05)
(0 0 1.50781e-05)
(0 0 1.50383e-05)
(0 0 1.49985e-05)
(0 0 1.49589e-05)
(0 0 1.49194e-05)
(0 0 1.488e-05)
(0 0 1.48408e-05)
(0 0 1.48017e-05)
(0 0 1.47628e-05)
(0 0 1.4724e-05)
(0 0 1.46853e-05)
(0 0 1.46469e-05)
(0 0 1.46086e-05)
(0 0 1.45706e-05)
(0 0 1.45327e-05)
(0 0 1.44952e-05)
(0 0 1.44579e-05)
(0 0 1.44209e-05)
(0 0 1.43844e-05)
(0 0 1.43483e-05)
(0 0 1.43127e-05)
(0 0 1.42777e-05)
(0 0 1.42432e-05)
(0 0 1.42091e-05)
(0 0 1.41752e-05)
(0 0 1.41413e-05)
(0 0 1.41072e-05)
(0 0 1.40729e-05)
(0 0 1.40382e-05)
(0 0 1.40034e-05)
(0 0 1.39684e-05)
(0 0 1.39334e-05)
(0 0 1.38984e-05)
(0 0 1.38634e-05)
(0 0 1.38285e-05)
(0 0 1.37936e-05)
(0 0 1.37587e-05)
(0 0 1.37237e-05)
(0 0 1.36885e-05)
(0 0 1.36531e-05)
(0 0 1.36174e-05)
(0 0 1.35813e-05)
(0 0 1.3545e-05)
(0 0 1.35084e-05)
(0 0 1.34716e-05)
(0 0 1.34349e-05)
(0 0 1.33983e-05)
(0 0 1.33619e-05)
(0 0 1.33259e-05)
(0 0 1.32903e-05)
(0 0 1.32552e-05)
(0 0 1.32206e-05)
(0 0 1.31866e-05)
(0 0 1.31533e-05)
(0 0 1.31206e-05)
(0 0 1.30886e-05)
(0 0 1.30567e-05)
(0 0 1.30241e-05)
(0 0 1.29902e-05)
(0 0 1.29548e-05)
(0 0 1.29181e-05)
(0 0 1.28805e-05)
(0 0 1.28418e-05)
(0 0 1.28022e-05)
(0 0 1.27617e-05)
(0 0 1.27203e-05)
(0 0 1.26779e-05)
(0 0 1.26346e-05)
(0 0 1.25902e-05)
(0 0 1.25447e-05)
(0 0 1.24982e-05)
(0 0 1.24505e-05)
(0 0 1.24017e-05)
(0 0 1.23518e-05)
(0 0 1.23008e-05)
(0 0 1.22487e-05)
(0 0 1.21957e-05)
(0 0 1.21419e-05)
(0 0 1.20876e-05)
(0 0 1.20329e-05)
)
;

boundaryField
{
    inlet
    {
        type            prescribedFracFlowVelocity;
        U               1((0 0 1.61572e-05));
        fractionalFlow  1;
        value           uniform (0 0 1.61572e-05);
    }
    outlet
    {
        type            zeroGradient;
    }
    emptyWalls
    {
        type            empty;
    }
}


// ************************************************************************* //
