/*--------------------------------*- C++ -*----------------------------------*\
  =========                 |
  \\      /  F ield         | OpenFOAM: The Open Source CFD Toolbox
   \\    /   O peration     | Website:  https://openfoam.org
    \\  /    A nd           | Version:  9
     \\/     M anipulation  |
\*---------------------------------------------------------------------------*/
FoamFile
{
    format      ascii;
    class       volScalarField;
    location    "3.6";
    object      Cs;
}
// * * * * * * * * * * * * * * * * * * * * * * * * * * * * * * * * * * * * * //

dimensions      [0 0 0 0 0 0 0];

internalField   nonuniform List<scalar> 
1000
(
0.05
0.05
0.05
0.05
0.05
0.05
0.05
0.05
0.05
0.05
0.05
0.05
0.05
0.05
0.05
0.05
0.05
0.05
0.05
0.05
0.05
0.05
0.05
0.05
0.05
0.05
0.05
0.05
0.05
0.05
0.05
0.05
0.05
0.05
0.05
0.05
0.05
0.05
0.05
0.05
0.05
0.05
0.05
0.05
0.05
0.05
0.05
0.05
0.05
0.05
0.05
0.05
0.05
0.05
0.05
0.05
0.05
0.05
0.05
0.05
0.05
0.05
0.05
0.05
0.05
0.05
0.05
0.05
0.05
0.05
0.05
0.05
0.05
0.05
0.05
0.05
0.05
0.05
0.05
0.05
0.05
0.05
0.05
0.05
0.05
0.05
0.05
0.05
0.05
0.05
0.05
0.05
0.05
0.05
0.05
0.05
0.05
0.05
0.05
0.05
0.05
0.05
0.05
0.05
0.05
0.05
0.05
0.05
0.05
0.05
0.05
0.05
0.05
0.05
0.05
0.05
0.05
0.05
0.05
0.05
0.05
0.05
0.05
0.05
0.05
0.05
0.05
0.05
0.05
0.05
0.05
0.05
0.05
0.05
0.05
0.05
0.05
0.05
0.05
0.05
0.05
0.05
0.05
0.05
0.05
0.05
0.05
0.05
0.05
0.05
0.05
0.05
0.05
0.05
0.05
0.05
0.05
0.05
0.05
0.05
0.05
0.05
0.05
0.05
0.05
0.05
0.05
0.05
0.05
0.05
0.05
0.05
0.05
0.05
0.05
0.05
0.05
0.05
0.05
0.05
0.05
0.05
0.05
0.05
0.05
0.05
0.05
0.05
0.05
0.05
0.05
0.05
0.05
0.05
0.05
0.05
0.05
0.05
0.05
0.05
0.05
0.0499999
0.0499999
0.0499999
0.0499999
0.0499998
0.0499998
0.0499997
0.0499996
0.0499995
0.0499993
0.0499991
0.0499988
0.0499984
0.0499979
0.0499973
0.0499965
0.0499955
0.0499943
0.0499927
0.0499907
0.0499883
0.0499853
0.0499815
0.0499769
0.0499713
0.0499643
0.0499559
0.0499458
0.0499335
0.0499187
0.049901
0.0498799
0.0498549
0.0498252
0.0497902
0.0497492
0.0497012
0.0496452
0.0495803
0.0495052
0.0494187
0.0493195
0.0492061
0.049077
0.0489306
0.0487651
0.0485789
0.04837
0.0481367
0.047877
0.0475891
0.0472711
0.0469211
0.0465375
0.0461185
0.0456625
0.0451682
0.0446343
0.0440598
0.0434439
0.042786
0.0420859
0.0413435
0.0405594
0.039734
0.0388685
0.0379641
0.0370227
0.0360461
0.0350369
0.0339977
0.0329313
0.0318412
0.0307307
0.0296035
0.0284635
0.0273145
0.0261607
0.0250061
0.0238547
0.0227106
0.0215775
0.0204592
0.0193593
0.0182808
0.0172266
0.0161993
0.0152006
0.0142317
0.0132922
0.0123791
0.011482
0.0105583
0.00946269
0.00842588
0.00749574
0.0066462
0.00587011
0.00516712
0.00453524
0.00397055
0.00346827
0.00302319
0.00262981
0.00228269
0.00197689
0.00170803
0.00147224
0.00126606
0.00108632
0.00093014
0.000794879
0.000678109
0.000577612
0.000491368
0.000417548
0.000354511
0.000300796
0.000255115
0.000216338
0.000183481
0.000155687
0.000132214
0.000112418
9.5745e-05
8.17152e-05
6.99178e-05
6.00006e-05
5.16634e-05
4.46508e-05
3.87469e-05
3.37695e-05
2.95653e-05
2.60061e-05
2.29845e-05
2.04109e-05
1.82109e-05
1.63225e-05
1.46943e-05
1.32837e-05
1.20555e-05
1.09805e-05
1.00346e-05
9.19803e-06
8.4542e-06
7.78955e-06
7.19282e-06
6.65465e-06
6.16726e-06
5.72418e-06
5.31996e-06
4.95003e-06
4.61052e-06
4.29815e-06
4.01012e-06
3.74399e-06
3.49769e-06
3.26938e-06
3.05748e-06
2.86057e-06
2.67742e-06
2.5069e-06
2.34802e-06
2.19988e-06
2.06168e-06
1.93266e-06
1.81218e-06
1.6996e-06
1.59436e-06
1.49596e-06
1.40392e-06
1.31779e-06
1.23718e-06
1.1617e-06
1.09102e-06
1.02481e-06
9.6277e-07
9.04631e-07
8.50132e-07
7.99036e-07
7.51119e-07
7.06176e-07
6.64014e-07
6.24452e-07
5.87325e-07
5.52477e-07
5.19761e-07
4.89043e-07
4.60195e-07
4.33101e-07
4.07648e-07
3.83735e-07
3.61264e-07
3.40146e-07
3.20297e-07
3.01637e-07
2.84094e-07
2.67597e-07
2.52084e-07
2.37493e-07
2.23767e-07
2.10855e-07
1.98705e-07
1.87273e-07
1.76514e-07
1.66388e-07
1.56856e-07
1.47882e-07
1.39433e-07
1.31478e-07
1.23986e-07
1.16931e-07
1.10285e-07
1.04025e-07
9.81278e-08
9.25716e-08
8.73364e-08
8.24031e-08
7.7754e-08
7.33722e-08
6.92421e-08
6.53488e-08
6.16786e-08
5.82182e-08
5.49556e-08
5.18791e-08
4.89778e-08
4.62417e-08
4.3661e-08
4.12269e-08
3.89307e-08
3.67646e-08
3.4721e-08
3.27929e-08
3.09735e-08
2.92567e-08
2.76366e-08
2.61076e-08
2.46645e-08
2.33023e-08
2.20166e-08
2.08028e-08
1.9657e-08
1.85751e-08
1.75537e-08
1.65893e-08
1.56786e-08
1.48186e-08
1.40064e-08
1.32393e-08
1.25149e-08
1.18306e-08
1.11842e-08
1.05736e-08
9.99674e-09
9.45179e-09
8.93692e-09
8.45045e-09
7.9908e-09
7.55646e-09
7.14602e-09
6.75815e-09
6.39158e-09
6.04513e-09
5.71769e-09
5.40819e-09
5.11564e-09
4.83909e-09
4.57767e-09
4.33053e-09
4.09688e-09
3.87597e-09
3.66711e-09
3.46963e-09
3.2829e-09
3.10632e-09
2.93934e-09
2.78143e-09
2.6321e-09
2.49086e-09
2.35728e-09
2.23094e-09
2.11143e-09
1.99839e-09
1.89147e-09
1.79032e-09
1.69463e-09
1.6041e-09
1.51846e-09
1.43743e-09
1.36077e-09
1.28823e-09
1.2196e-09
1.15466e-09
1.0932e-09
1.03505e-09
9.80016e-10
9.27936e-10
8.78647e-10
8.32e-10
7.8785e-10
7.46063e-10
7.06512e-10
6.69075e-10
6.33638e-10
6.00094e-10
5.68341e-10
5.38281e-10
5.09825e-10
4.82885e-10
4.57379e-10
4.33232e-10
4.1037e-10
3.88723e-10
3.68228e-10
3.48821e-10
3.30445e-10
3.13044e-10
2.96567e-10
2.80963e-10
2.66187e-10
2.52193e-10
2.38941e-10
2.2639e-10
2.14503e-10
2.03244e-10
1.92581e-10
1.82481e-10
1.72915e-10
1.63853e-10
1.5527e-10
1.47139e-10
1.39437e-10
1.32141e-10
1.2523e-10
1.18682e-10
1.12479e-10
1.06602e-10
1.01034e-10
9.57595e-11
9.07617e-11
8.60264e-11
8.15397e-11
7.72886e-11
7.32604e-11
6.94436e-11
6.58268e-11
6.23996e-11
5.91519e-11
5.60743e-11
5.31578e-11
5.03938e-11
4.77745e-11
4.52921e-11
4.29395e-11
4.07098e-11
3.85965e-11
3.65936e-11
3.46953e-11
3.2896e-11
3.11907e-11
2.95748e-11
2.80454e-11
2.65998e-11
2.51382e-11
2.34495e-11
2.1644e-11
1.98589e-11
1.81599e-11
1.65749e-11
1.51121e-11
1.37704e-11
1.25438e-11
1.14246e-11
1.04046e-11
9.47555e-12
8.62954e-12
7.8593e-12
7.15808e-12
6.51971e-12
5.93855e-12
5.40946e-12
4.92774e-12
4.48914e-12
4.08977e-12
3.72611e-12
3.39495e-12
3.09337e-12
2.8187e-12
2.56854e-12
2.34069e-12
2.13314e-12
1.94409e-12
1.77187e-12
1.61497e-12
1.47203e-12
1.34179e-12
1.22313e-12
1.11501e-12
1.01649e-12
9.26712e-13
8.44895e-13
7.70333e-13
7.02377e-13
6.40442e-13
5.83989e-13
5.32533e-13
4.85629e-13
4.42872e-13
4.03894e-13
3.6836e-13
3.35964e-13
3.06428e-13
2.79499e-13
2.54945e-13
2.32555e-13
2.12139e-13
1.93522e-13
1.76545e-13
1.61062e-13
1.46942e-13
1.34063e-13
1.22318e-13
1.11605e-13
1.01833e-13
9.292e-14
8.47895e-14
7.73728e-14
7.06069e-14
6.44345e-14
5.88035e-14
5.36661e-14
4.89789e-14
4.47024e-14
4.08004e-14
3.72401e-14
3.39914e-14
3.10269e-14
2.83217e-14
2.58531e-14
2.36003e-14
2.15444e-14
1.9668e-14
1.79556e-14
1.63927e-14
1.49662e-14
1.36641e-14
1.24757e-14
1.13909e-14
1.04007e-14
9.49677e-15
8.67163e-15
7.91838e-15
7.23072e-15
6.60294e-15
6.0298e-15
5.50654e-15
5.0288e-15
4.59261e-15
4.19435e-15
3.83071e-15
3.49868e-15
3.19549e-15
2.91864e-15
2.66584e-15
2.43498e-15
2.22416e-15
2.03164e-15
1.85582e-15
1.69525e-15
1.54861e-15
1.41468e-15
1.29236e-15
1.18064e-15
1.07859e-15
9.85391e-16
9.00259e-16
8.22499e-16
7.51469e-16
6.86586e-16
6.27318e-16
5.73176e-16
5.23717e-16
4.78534e-16
4.37258e-16
3.99549e-16
3.65099e-16
3.33625e-16
3.0487e-16
2.78598e-16
2.54594e-16
2.32663e-16
2.12624e-16
1.94315e-16
1.77585e-16
1.62299e-16
1.48331e-16
1.35567e-16
1.23903e-16
1.13245e-16
1.03506e-16
9.46052e-17
8.64715e-17
7.90383e-17
7.22453e-17
6.60371e-17
6.03633e-17
5.51779e-17
5.04387e-17
4.61072e-17
4.21484e-17
3.853e-17
3.52228e-17
3.21999e-17
2.94369e-17
2.69114e-17
2.46029e-17
2.24927e-17
2.05639e-17
1.88007e-17
1.71889e-17
1.57155e-17
1.43687e-17
1.31374e-17
1.20118e-17
1.09828e-17
1.00421e-17
9.18213e-18
8.39588e-18
7.67707e-18
7.01988e-18
6.41904e-18
5.8697e-18
5.36744e-18
4.90823e-18
4.48836e-18
4.10445e-18
3.75344e-18
3.43248e-18
3.13901e-18
2.87066e-18
2.62529e-18
2.40092e-18
2.19576e-18
2.00815e-18
1.83659e-18
1.67971e-18
1.53625e-18
1.40506e-18
1.28509e-18
1.17537e-18
1.07503e-18
9.83297e-19
9.00141e-19
8.33356e-19
7.47126e-19
6.47623e-19
5.47804e-19
4.54752e-19
3.71918e-19
3.00482e-19
2.40297e-19
1.90493e-19
1.49868e-19
1.17119e-19
9.098e-20
7.02947e-20
5.40463e-20
4.13667e-20
3.15301e-20
2.39395e-20
1.81104e-20
1.36539e-20
1.02608e-20
7.68737e-21
5.74255e-21
4.27778e-21
3.17811e-21
2.35504e-21
1.7408e-21
1.28368e-21
9.44393e-22
6.93212e-22
5.0772e-22
3.71067e-22
2.70627e-22
1.96971e-22
1.43076e-22
1.03723e-22
7.50505e-23
5.42014e-23
3.90716e-23
2.81138e-23
2.01928e-23
1.44779e-23
1.03622e-23
7.40379e-24
5.281e-24
3.76051e-24
2.67335e-24
1.89737e-24
1.34443e-24
9.51104e-25
6.71774e-25
4.73732e-25
3.3355e-25
2.34485e-25
1.64588e-25
1.1535e-25
8.07197e-26
5.64009e-26
3.93498e-26
2.74128e-26
1.90688e-26
1.32451e-26
9.18658e-27
6.36242e-27
4.40013e-27
3.03868e-27
2.09549e-27
1.44301e-27
9.92294e-28
6.81398e-28
4.67255e-28
3.19965e-28
2.18801e-28
1.49416e-28
1.01894e-28
6.93909e-29
4.71918e-29
3.2051e-29
2.17384e-29
1.47241e-29
9.95974e-30
6.72799e-30
4.53883e-30
3.05791e-30
2.05746e-30
1.3825e-30
9.27737e-31
6.21751e-31
4.1614e-31
2.78162e-31
1.85691e-31
1.238e-31
8.24304e-32
5.48145e-32
3.64037e-32
2.41456e-32
1.59947e-32
1.05818e-32
6.99183e-33
4.61393e-33
3.0409e-33
2.00163e-33
1.31589e-33
8.63986e-34
5.66567e-34
3.71067e-34
2.42723e-34
1.58573e-34
1.03468e-34
6.74289e-35
4.38883e-35
2.85308e-35
1.85245e-35
1.20127e-35
7.78047e-36
5.03313e-36
3.25191e-36
2.09851e-36
1.35255e-36
8.70699e-37
5.5983e-37
3.59517e-37
2.30599e-37
1.47731e-37
9.45284e-38
6.04132e-38
3.85638e-38
2.45872e-38
1.56573e-38
9.95885e-39
6.32679e-39
4.01459e-39
2.54439e-39
1.61068e-39
1.01841e-39
6.43169e-40
4.05708e-40
2.55618e-40
1.60864e-40
1.01115e-40
6.34841e-41
3.98112e-41
2.49367e-41
1.56015e-41
9.74964e-42
6.08563e-42
3.79419e-42
2.36281e-42
1.46972e-42
9.13148e-43
5.6669e-43
3.51277e-43
2.17498e-43
1.34512e-43
8.30939e-44
5.1272e-44
3.16005e-44
1.94542e-44
1.19629e-44
7.34792e-45
4.50816e-45
2.76275e-45
1.69119e-45
1.03407e-45
6.31562e-46
3.85294e-46
2.3479e-46
1.42915e-46
8.68934e-47
5.27727e-47
3.20143e-47
1.93996e-47
1.17424e-47
7.09959e-48
4.28772e-48
2.58664e-48
1.5587e-48
9.38226e-49
5.64117e-49
3.38806e-49
2.03259e-49
1.21807e-49
7.29142e-50
4.35988e-50
2.6041e-50
1.55369e-50
9.25964e-51
5.51248e-51
3.27812e-51
1.94727e-51
1.15546e-51
6.8487e-52
4.05498e-52
2.39826e-52
1.41687e-52
8.3617e-53
4.92932e-53
2.90274e-53
1.7075e-53
1.00333e-53
5.88921e-54
3.45305e-54
2.02246e-54
1.18329e-54
6.9157e-55
4.03751e-55
2.35465e-55
1.37175e-55
7.98286e-56
4.64064e-56
2.69485e-56
1.56325e-56
9.05857e-57
5.2436e-57
3.03206e-57
1.75141e-57
1.01059e-57
5.8251e-58
3.35408e-58
1.92923e-58
1.1085e-58
6.36258e-59
3.64815e-59
2.08956e-59
1.19559e-59
6.83365e-60
3.90184e-60
2.22552e-60
1.26806e-60
7.21763e-61
4.1039e-61
2.33102e-61
1.32265e-61
7.49706e-62
4.24509e-62
2.40122e-62
1.35684e-62
7.65905e-63
4.31889e-63
2.43289e-63
1.36906e-63
7.69622e-64
4.322e-64
2.42463e-64
1.35882e-64
7.60729e-65
)
;

boundaryField
{
    inlet
    {
        type            fixedValue;
        value           uniform 0.05;
    }
    outlet
    {
        type            zeroGradient;
    }
    emptyWalls
    {
        type            empty;
    }
}


// ************************************************************************* //
