/*--------------------------------*- C++ -*----------------------------------*\
  =========                 |
  \\      /  F ield         | OpenFOAM: The Open Source CFD Toolbox
   \\    /   O peration     | Website:  https://openfoam.org
    \\  /    A nd           | Version:  9
     \\/     M anipulation  |
\*---------------------------------------------------------------------------*/
FoamFile
{
    format      ascii;
    class       volScalarField;
    location    "2.3";
    object      Fcsw;
}
// * * * * * * * * * * * * * * * * * * * * * * * * * * * * * * * * * * * * * //

dimensions      [0 0 0 0 0 0 0];

internalField   nonuniform List<scalar> 
1000
(
0.000478736
0.000753717
0.000995826
0.00121796
0.0014251
0.00161996
0.00180428
0.00197933
0.00214606
0.00230525
0.00245755
0.00260353
0.00274365
0.00287833
0.00300796
0.00313287
0.00325336
0.0033697
0.00348214
0.00359092
0.00369624
0.0037983
0.00389726
0.00399331
0.00408659
0.00417724
0.00426539
0.00435118
0.00443471
0.00451609
0.00459542
0.0046728
0.00474832
0.00482206
0.0048941
0.00496452
0.00503338
0.00510075
0.00516669
0.00523127
0.00529454
0.00535655
0.00541735
0.005477
0.00553553
0.005593
0.00564944
0.00570489
0.00575939
0.00581297
0.00586568
0.00591754
0.00596859
0.00601885
0.00606835
0.00611712
0.00616519
0.00621259
0.00625933
0.00630544
0.00635095
0.00639587
0.00644022
0.00648404
0.00652732
0.0065701
0.0066124
0.00665422
0.00669559
0.00673652
0.00677703
0.00681714
0.00685685
0.00689619
0.00693516
0.00697378
0.00701207
0.00705004
0.00708769
0.00712505
0.00716212
0.00719892
0.00723546
0.00727174
0.00730778
0.0073436
0.00737919
0.00741458
0.00744977
0.00748478
0.0075196
0.00755426
0.00758877
0.00762312
0.00765734
0.00769144
0.00772542
0.00775929
0.00779306
0.00782675
0.00786036
0.00789391
0.0079274
0.00796085
0.00799427
0.00802766
0.00806104
0.00809443
0.00812782
0.00816124
0.0081947
0.00822822
0.00826179
0.00829545
0.0083292
0.00836307
0.00839706
0.00843119
0.00846549
0.00849997
0.00853465
0.00856956
0.00860471
0.00864014
0.00867587
0.00871192
0.00874833
0.00878513
0.00882236
0.00886005
0.00889824
0.00893699
0.00897633
0.00901632
0.00905702
0.00909849
0.0091408
0.00918403
0.00922826
0.00927358
0.00932009
0.00936791
0.00941716
0.00946798
0.00952053
0.00957499
0.00963153
0.0096904
0.00975182
0.00981608
0.0098835
0.00995444
0.0100293
0.0101086
0.0101927
0.0102825
0.0103785
0.0104815
0.0105927
0.010713
0.0108438
0.0109867
0.0111436
0.0113165
0.0115083
0.0117221
0.0119619
0.0122323
0.0125394
0.0128904
0.0132946
0.0137638
0.014313
0.0149618
0.0157361
0.0166705
0.0178121
0.0192266
0.0210072
0.0232901
0.0262802
0.0302972
0.0358618
0.0438693
0.0559654
0.0754388
0.109639
0.17784
0.345344
0.932331
0.741662
0.663783
0.380895
0.103135
-0.0567883
-0.119875
-0.13899
-0.143895
-0.140052
-0.122775
-0.0879084
-0.0371437
0.0199716
0.067869
0.0920022
0.0874914
0.0615046
0.0272198
-0.00395909
-0.0258634
-0.0368807
-0.0380257
-0.0315195
-0.0201186
-0.0068148
0.00547482
0.0143744
0.0185456
0.017945
0.0136668
0.00744093
0.00104316
-0.00414618
-0.00734096
-0.00834622
-0.00743985
-0.00520835
-0.00237444
0.000363546
0.0024632
0.00362093
0.00379263
0.00315317
0.00201331
0.000722676
-0.000414306
-0.00119264
-0.00152685
-0.00144175
-0.0010431
-0.000478858
9.99439e-05
0.000570822
0.000859396
0.000945012
0.000853896
0.000643752
0.000384894
0.000142749
-3.47954e-05
-0.000123589
-0.000123111
-5.14877e-05
6.22844e-05
0.000186698
0.000294849
0.0003691
0.000402813
0.000399422
0.000369567
0.000327318
0.000286463
0.00025764
0.000246724
0.000254539
0.000277684
0.000310049
0.000344579
0.000374857
0.000396228
0.000406328
0.000405042
0.000394015
0.000375934
0.000353761
0.00033011
0.000306853
0.000284985
0.000264731
0.000245795
0.000227679
0.000209969
0.000192542
0.000175646
0.000159872
0.000146029
0.000134983
0.000127481
0.000124015
0.000124747
0.000129491
0.000137759
0.000148847
0.000161942
0.000176223
0.000190946
0.000205497
0.000219421
0.000232411
0.000244291
0.000254981
0.000264495
0.000273082
0.000282198
0.000300177
0.000374997
0.000782967
0.0031152
0.0165231
0.093283
0.517719
2.18445
2.10877
0.105456
3.75784e-05
9.97561e-13
2.81091e-28
-0
-0
-0
-0
-0
-0
-0
-0
-0
-0
-0
-0
-0
-0
-0
-0
-0
-0
-0
-0
-0
-0
-0
-0
-0
-0
-0
-0
-0
-0
-0
-0
-0
-0
-0
-0
-0
-0
-0
-0
-0
-0
-0
-0
-0
-0
-0
-0
-0
-0
-0
-0
-0
-0
-0
-0
-0
-0
-0
-0
-0
-0
-0
-0
-0
-0
-0
-0
-0
-0
-0
-0
-0
-0
-0
-0
-0
-0
-0
-0
-0
-0
-0
-0
-0
-0
-0
-0
-0
-0
-0
-0
-0
-0
-0
-0
-0
-0
-0
-0
-0
-0
-0
-0
-0
-0
-0
-0
-0
-0
-0
-0
-0
-0
-0
-0
-0
-0
-0
-0
-0
-0
-0
-0
-0
-0
-0
-0
-0
-0
-0
-0
-0
-0
-0
-0
-0
-0
-0
-0
-0
-0
-0
-0
-0
-0
-0
-0
-0
-0
-0
-0
-0
-0
-0
-0
-0
-0
-0
-0
-0
-0
-0
-0
-0
-0
-0
-0
-0
-0
-0
-0
-0
-0
-0
-0
-0
-0
-0
-0
-0
-0
-0
-0
-0
-0
-0
-0
-0
-0
-0
-0
-0
-0
-0
-0
-0
-0
-0
-0
-0
-0
-0
-0
-0
-0
-0
-0
-0
-0
-0
-0
-0
-0
-0
-0
-0
-0
-0
-0
-0
-0
-0
-0
-0
-0
-0
-0
-0
-0
-0
-0
-0
-0
-0
-0
-0
-0
-0
-0
-0
-0
-0
-0
-0
-0
-0
-0
-0
-0
-0
-0
-0
-0
-0
-0
-0
-0
-0
-0
-0
-0
-0
-0
-0
-0
-0
-0
-0
-0
-0
-0
-0
-0
-0
-0
-0
-0
-0
-0
-0
-0
-0
-0
-0
-0
-0
-0
-0
-0
-0
-0
-0
-0
-0
-0
-0
-0
-0
-0
-0
-0
-0
-0
-0
-0
-0
-0
-0
-0
-0
-0
-0
-0
-0
-0
-0
-0
-0
-0
-0
-0
-0
-0
-0
-0
-0
-0
-0
-0
-0
-0
-0
-0
-0
-0
-0
-0
-0
-0
-0
-0
-0
-0
-0
-0
-0
-0
-0
-0
-0
-0
-0
-0
-0
-0
-0
-0
-0
-0
-0
-0
-0
-0
-0
-0
-0
-0
-0
-0
-0
-0
-0
-0
-0
-0
-0
-0
-0
-0
-0
-0
-0
-0
-0
-0
-0
-0
-0
-0
-0
-0
-0
-0
-0
-0
-0
-0
-0
-0
-0
-0
-0
-0
-0
-0
-0
-0
-0
-0
-0
-0
-0
-0
-0
-0
-0
-0
-0
-0
-0
-0
-0
-0
-0
-0
-0
-0
-0
-0
-0
-0
-0
-0
-0
-0
-0
-0
-0
-0
-0
-0
-0
-0
-0
-0
-0
-0
-0
-0
-0
-0
-0
-0
-0
-0
-0
-0
-0
-0
-0
-0
-0
-0
-0
-0
-0
-0
-0
-0
-0
-0
-0
-0
-0
-0
-0
-0
-0
-0
-0
-0
-0
-0
-0
-0
-0
-0
-0
-0
-0
-0
-0
-0
-0
-0
-0
-0
-0
-0
-0
-0
-0
-0
-0
-0
-0
-0
-0
-0
-0
-0
-0
-0
-0
-0
-0
-0
-0
-0
-0
-0
-0
-0
-0
-0
-0
-0
-0
-0
-0
-0
-0
-0
-0
-0
-0
-0
-0
-0
-0
-0
-0
-0
-0
-0
-0
-0
-0
-0
-0
-0
-0
-0
-0
-0
-0
-0
-0
-0
-0
-0
-0
-0
-0
-0
-0
-0
-0
-0
-0
-0
-0
-0
-0
-0
-0
-0
-0
-0
-0
-0
-0
-0
-0
-0
-0
-0
-0
-0
-0
-0
-0
-0
-0
-0
-0
-0
-0
-0
-0
-0
-0
-0
-0
-0
-0
-0
-0
-0
-0
-0
-0
-0
-0
-0
-0
-0
-0
-0
-0
-0
-0
-0
-0
-0
-0
-0
-0
-0
-0
-0
-0
-0
-0
-0
-0
-0
-0
-0
-0
-0
-0
-0
-0
-0
-0
-0
-0
-0
-0
-0
-0
-0
-0
-0
-0
-0
-0
-0
-0
-0
-0
-0
-0
-0
-0
-0
-0
-0
-0
-0
-0
-0
-0
-0
-0
-0
-0
-0
-0
-0
-0
)
;

boundaryField
{
    inlet
    {
        type            calculated;
        value           uniform 0.000478736;
    }
    outlet
    {
        type            calculated;
        value           uniform -0;
    }
    emptyWalls
    {
        type            empty;
    }
}


// ************************************************************************* //
