/*--------------------------------*- C++ -*----------------------------------*\
  =========                 |
  \\      /  F ield         | OpenFOAM: The Open Source CFD Toolbox
   \\    /   O peration     | Website:  https://openfoam.org
    \\  /    A nd           | Version:  9
     \\/     M anipulation  |
\*---------------------------------------------------------------------------*/
FoamFile
{
    format      ascii;
    class       volScalarField;
    location    "16.5";
    object      krb;
}
// * * * * * * * * * * * * * * * * * * * * * * * * * * * * * * * * * * * * * //

dimensions      [0 0 0 0 0 0 0];

internalField   nonuniform List<scalar> 
1000
(
0.302066
0.301519
0.301012
0.300524
0.300049
0.299583
0.299123
0.29867
0.298221
0.297776
0.297335
0.296898
0.296464
0.296034
0.295606
0.295181
0.294759
0.294339
0.293922
0.293507
0.293094
0.292684
0.292276
0.29187
0.291467
0.291065
0.290666
0.290268
0.289873
0.289479
0.289087
0.288698
0.28831
0.287924
0.28754
0.287157
0.286777
0.286398
0.28602
0.285645
0.285271
0.284899
0.284529
0.28416
0.283793
0.283427
0.283063
0.2827
0.282339
0.28198
0.281622
0.281266
0.280911
0.280558
0.280206
0.279855
0.279506
0.279158
0.278812
0.278467
0.278124
0.277782
0.277441
0.277102
0.276764
0.276427
0.276092
0.275758
0.275425
0.275093
0.274763
0.274434
0.274107
0.27378
0.273455
0.273131
0.272808
0.272487
0.272166
0.271847
0.271529
0.271213
0.270897
0.270582
0.270269
0.269957
0.269646
0.269336
0.269027
0.268719
0.268413
0.268107
0.267803
0.267499
0.267197
0.266896
0.266595
0.266296
0.265998
0.265701
0.265405
0.26511
0.264816
0.264523
0.264231
0.26394
0.26365
0.26336
0.263072
0.262785
0.262499
0.262214
0.261929
0.261646
0.261363
0.261082
0.260801
0.260522
0.260243
0.259965
0.259688
0.259412
0.259137
0.258862
0.258589
0.258316
0.258044
0.257774
0.257504
0.257234
0.256966
0.256699
0.256432
0.256166
0.255901
0.255637
0.255373
0.255111
0.254849
0.254588
0.254328
0.254068
0.25381
0.253552
0.253295
0.253039
0.252783
0.252528
0.252274
0.252021
0.251768
0.251517
0.251266
0.251015
0.250766
0.250517
0.250269
0.250021
0.249775
0.249529
0.249283
0.249039
0.248795
0.248552
0.248309
0.248067
0.247826
0.247586
0.247346
0.247107
0.246869
0.246631
0.246394
0.246157
0.245921
0.245686
0.245452
0.245218
0.244985
0.244752
0.24452
0.244289
0.244058
0.243828
0.243599
0.24337
0.243142
0.242914
0.242687
0.242461
0.242235
0.24201
0.241785
0.241561
0.241338
0.241115
0.240893
0.240671
0.24045
0.240229
0.240009
0.23979
0.239571
0.239353
0.239135
0.238918
0.238701
0.238485
0.23827
0.238055
0.23784
0.237627
0.237413
0.237201
0.236988
0.236777
0.236565
0.236355
0.236144
0.235935
0.235726
0.235517
0.235309
0.235101
0.234894
0.234688
0.234482
0.234276
0.234071
0.233867
0.233663
0.233459
0.233256
0.233053
0.232851
0.232649
0.232448
0.232248
0.232047
0.231848
0.231648
0.23145
0.231251
0.231053
0.230856
0.230659
0.230463
0.230266
0.230071
0.229876
0.229681
0.229487
0.229293
0.2291
0.228907
0.228714
0.228522
0.228331
0.22814
0.227949
0.227759
0.227569
0.227379
0.22719
0.227002
0.226814
0.226626
0.226439
0.226252
0.226065
0.225879
0.225693
0.225508
0.225323
0.225139
0.224955
0.224771
0.224588
0.224405
0.224223
0.22404
0.223859
0.223677
0.223497
0.223316
0.223136
0.222956
0.222777
0.222598
0.222419
0.222241
0.222063
0.221886
0.221709
0.221532
0.221356
0.22118
0.221004
0.220829
0.220654
0.22048
0.220305
0.220132
0.219958
0.219785
0.219612
0.21944
0.219268
0.219096
0.218925
0.218754
0.218584
0.218413
0.218243
0.218074
0.217905
0.217736
0.217567
0.217399
0.217231
0.217064
0.216896
0.216729
0.216563
0.216397
0.216231
0.216065
0.2159
0.215735
0.215571
0.215406
0.215242
0.215079
0.214915
0.214752
0.21459
0.214427
0.214265
0.214104
0.213942
0.213781
0.21362
0.21346
0.2133
0.21314
0.21298
0.212821
0.212662
0.212503
0.212345
0.212187
0.212029
0.211872
0.211715
0.211558
0.211401
0.211245
0.211089
0.210933
0.210778
0.210623
0.210468
0.210313
0.210159
0.210005
0.209851
0.209698
0.209545
0.209392
0.209239
0.209087
0.208935
0.208783
0.208632
0.208481
0.20833
0.208179
0.208029
0.207879
0.207729
0.207579
0.20743
0.207281
0.207132
0.206984
0.206835
0.206687
0.20654
0.206392
0.206245
0.206098
0.205951
0.205805
0.205659
0.205513
0.205367
0.205222
0.205077
0.204932
0.204787
0.204643
0.204499
0.204355
0.204211
0.204068
0.203924
0.203781
0.203639
0.203496
0.203354
0.203212
0.203071
0.202929
0.202788
0.202647
0.202506
0.202366
0.202225
0.202085
0.201946
0.201806
0.201667
0.201528
0.201389
0.20125
0.201112
0.200973
0.200835
0.200698
0.20056
0.200423
0.200286
0.200149
0.200012
0.199876
0.19974
0.199604
0.199468
0.199333
0.199198
0.199063
0.198928
0.198793
0.198659
0.198525
0.198391
0.198257
0.198123
0.19799
0.197857
0.197724
0.197591
0.197459
0.197327
0.197194
0.197063
0.196931
0.1968
0.196668
0.196537
0.196406
0.196276
0.196145
0.196015
0.195885
0.195755
0.195626
0.195496
0.195367
0.195238
0.19511
0.194981
0.194853
0.194724
0.194596
0.194469
0.194341
0.194214
0.194086
0.193959
0.193832
0.193706
0.193579
0.193453
0.193327
0.193201
0.193075
0.19295
0.192825
0.1927
0.192575
0.19245
0.192325
0.192201
0.192077
0.191953
0.191829
0.191705
0.191582
0.191459
0.191335
0.191213
0.19109
0.190967
0.190845
0.190723
0.190601
0.190479
0.190357
0.190236
0.190114
0.189993
0.189872
0.189752
0.189631
0.189511
0.18939
0.18927
0.18915
0.189031
0.188911
0.188792
0.188672
0.188553
0.188435
0.188316
0.188197
0.188079
0.187961
0.187843
0.187725
0.187607
0.18749
0.187372
0.187255
0.187138
0.187021
0.186904
0.186788
0.186671
0.186555
0.186439
0.186323
0.186207
0.186092
0.185976
0.185861
0.185746
0.185631
0.185516
0.185402
0.185287
0.185173
0.185059
0.184945
0.184831
0.184717
0.184604
0.18449
0.184377
0.184264
0.184151
0.184038
0.183926
0.183813
0.183701
0.183589
0.183477
0.183365
0.183253
0.183141
0.18303
0.182919
0.182807
0.182697
0.182586
0.182475
0.182364
0.182254
0.182144
0.182034
0.181924
0.181814
0.181704
0.181595
0.181485
0.181376
0.181267
0.181158
0.181049
0.18094
0.180832
0.180724
0.180615
0.180507
0.180399
0.180291
0.180184
0.180076
0.179969
0.179861
0.179754
0.179647
0.17954
0.179434
0.179327
0.179221
0.179114
0.179008
0.178902
0.178796
0.17869
0.178585
0.178479
0.178374
0.178268
0.178163
0.178058
0.177953
0.177849
0.177744
0.177639
0.177535
0.177431
0.177327
0.177223
0.177119
0.177015
0.176912
0.176808
0.176705
0.176602
0.176499
0.176396
0.176293
0.17619
0.176088
0.175985
0.175883
0.175781
0.175679
0.175577
0.175475
0.175373
0.175272
0.17517
0.175069
0.174968
0.174866
0.174766
0.174665
0.174564
0.174463
0.174363
0.174262
0.174162
0.174062
0.173962
0.173862
0.173762
0.173663
0.173563
0.173464
0.173365
0.173265
0.173166
0.173067
0.172968
0.17287
0.172771
0.172673
0.172574
0.172476
0.172378
0.17228
0.172182
0.172084
0.171986
0.171889
0.171791
0.171694
0.171597
0.1715
0.171403
0.171306
0.171209
0.171112
0.171016
0.170919
0.170823
0.170727
0.17063
0.170534
0.170438
0.170343
0.170247
0.170151
0.170056
0.16996
0.169865
0.16977
0.169675
0.16958
0.169485
0.16939
0.169296
0.169201
0.169107
0.169012
0.168918
0.168824
0.16873
0.168636
0.168542
0.168449
0.168355
0.168262
0.168168
0.168075
0.167982
0.167889
0.167796
0.167703
0.16761
0.167517
0.167425
0.167332
0.16724
0.167148
0.167056
0.166963
0.166872
0.16678
0.166688
0.166596
0.166505
0.166413
0.166322
0.16623
0.166139
0.166048
0.165957
0.165866
0.165775
0.165685
0.165594
0.165504
0.165413
0.165323
0.165233
0.165143
0.165053
0.164963
0.164873
0.164783
0.164693
0.164604
0.164514
0.164425
0.164336
0.164246
0.164157
0.164068
0.163979
0.163891
0.163802
0.163713
0.163625
0.163536
0.163448
0.16336
0.163271
0.163183
0.163095
0.163007
0.16292
0.162832
0.162744
0.162657
0.162569
0.162482
0.162395
0.162307
0.16222
0.162133
0.162046
0.16196
0.161873
0.161786
0.1617
0.161613
0.161527
0.16144
0.161354
0.161268
0.161182
0.161096
0.16101
0.160924
0.160838
0.160753
0.160667
0.160582
0.160496
0.160411
0.160326
0.160241
0.160156
0.160071
0.159986
0.159901
0.159816
0.159732
0.159647
0.159563
0.159478
0.159394
0.15931
0.159226
0.159142
0.159058
0.158974
0.15889
0.158806
0.158723
0.158639
0.158555
0.158472
0.158389
0.158305
0.158222
0.158139
0.158056
0.157973
0.15789
0.157808
0.157725
0.157642
0.15756
0.157477
0.157395
0.157313
0.15723
0.157148
0.157066
0.156984
0.156902
0.15682
0.156739
0.156657
0.156575
0.156494
0.156412
0.156331
0.15625
0.156168
0.156087
0.156006
0.155925
0.155844
0.155763
0.155682
0.155602
0.155521
0.15544
0.15536
0.15528
0.155199
0.155119
0.155039
0.154959
0.154879
0.154799
0.154719
0.154639
0.154559
0.154479
0.1544
0.15432
0.154241
0.154161
0.154082
0.154003
0.153923
0.153844
0.153765
0.153686
0.153607
0.153529
0.15345
0.153371
0.153292
0.153214
0.153135
0.153057
0.152979
0.1529
0.152822
0.152744
0.152666
0.152588
0.15251
0.152432
0.152354
0.152276
0.152199
0.152121
0.152044
0.151966
0.151889
0.151811
0.151734
0.151657
0.15158
0.151503
0.151426
0.151349
0.151272
0.151195
0.151118
0.151042
0.150965
0.150888
0.150812
0.150736
0.150659
0.150583
0.150507
0.15043
0.150354
0.150278
0.150202
0.150126
0.150051
0.149975
0.149899
0.149823
0.149748
0.149672
0.149597
0.149521
0.149446
0.149371
0.149296
0.149221
0.149145
0.14907
0.148995
0.148921
0.148846
0.148771
0.148696
0.148621
0.148547
0.148472
0.148398
0.148323
0.148249
0.148175
0.148101
0.148026
0.147952
0.147878
0.147804
0.14773
0.147656
0.147583
0.147509
0.147435
0.147361
0.147288
0.147214
0.147141
0.147067
0.146994
0.146921
0.146848
0.146774
0.146701
0.146628
0.146555
0.146482
0.146409
0.146336
0.146264
0.146191
0.146118
0.146046
0.145973
0.145901
0.145828
0.145756
0.145683
0.145611
0.145539
0.145467
0.145395
0.145323
0.145251
0.145179
)
;

boundaryField
{
    inlet
    {
        type            calculated;
        value           uniform 0.302959;
    }
    outlet
    {
        type            calculated;
        value           uniform 0.145179;
    }
    emptyWalls
    {
        type            empty;
    }
}


// ************************************************************************* //
