/*--------------------------------*- C++ -*----------------------------------*\
  =========                 |
  \\      /  F ield         | OpenFOAM: The Open Source CFD Toolbox
   \\    /   O peration     | Website:  https://openfoam.org
    \\  /    A nd           | Version:  9
     \\/     M anipulation  |
\*---------------------------------------------------------------------------*/
FoamFile
{
    format      ascii;
    class       volScalarField;
    location    "12.1";
    object      Sc;
}
// * * * * * * * * * * * * * * * * * * * * * * * * * * * * * * * * * * * * * //

dimensions      [0 0 0 0 0 0 0];

internalField   nonuniform List<scalar> 
1000
(
0.00129954
0.00209606
0.00283291
0.00354068
0.00423001
0.00490595
0.00557135
0.00622799
0.00687706
0.00751941
0.00815567
0.00878631
0.00941172
0.0100322
0.010648
0.0112594
0.0118664
0.0124694
0.0130684
0.0136635
0.0142548
0.0148425
0.0154267
0.0160073
0.0165846
0.0171585
0.0177292
0.0182966
0.0188609
0.0194221
0.0199802
0.0205354
0.0210876
0.0216369
0.0221833
0.0227269
0.0232677
0.0238058
0.0243412
0.0248739
0.0254039
0.0259314
0.0264563
0.0269786
0.0274984
0.0280158
0.0285306
0.0290431
0.0295532
0.0300608
0.0305662
0.0310692
0.0315699
0.0320684
0.0325646
0.0330586
0.0335504
0.03404
0.0345274
0.0350127
0.0354959
0.035977
0.0364561
0.036933
0.037408
0.0378809
0.0383519
0.0388208
0.0392878
0.0397529
0.040216
0.0406773
0.0411366
0.0415941
0.0420497
0.0425035
0.0429555
0.0434057
0.0438541
0.0443007
0.0447455
0.0451887
0.04563
0.0460697
0.0465077
0.046944
0.0473786
0.0478116
0.0482429
0.0486726
0.0491007
0.0495271
0.049952
0.0503753
0.0507971
0.0512173
0.0516359
0.052053
0.0524686
0.0528828
0.0532954
0.0537065
0.0541162
0.0545244
0.0549311
0.0553365
0.0557404
0.0561429
0.056544
0.0569437
0.057342
0.0577389
0.0581345
0.0585287
0.0589216
0.0593132
0.0597034
0.0600923
0.0604799
0.0608663
0.0612513
0.0616351
0.0620176
0.0623988
0.0627788
0.0631575
0.0635351
0.0639114
0.0642865
0.0646603
0.065033
0.0654045
0.0657748
0.066144
0.0665119
0.0668787
0.0672444
0.0676089
0.0679723
0.0683346
0.0686957
0.0690558
0.0694147
0.0697725
0.0701293
0.070485
0.0708395
0.0711931
0.0715455
0.0718969
0.0722473
0.0725966
0.0729448
0.0732921
0.0736383
0.0739835
0.0743277
0.0746709
0.0750131
0.0753544
0.0756946
0.0760338
0.0763721
0.0767094
0.0770458
0.0773812
0.0777156
0.0780491
0.0783817
0.0787133
0.0790441
0.0793739
0.0797027
0.0800307
0.0803578
0.0806839
0.0810092
0.0813336
0.0816571
0.0819797
0.0823015
0.0826224
0.0829424
0.0832616
0.0835799
0.0838974
0.084214
0.0845298
0.0848447
0.0851589
0.0854722
0.0857847
0.0860963
0.0864072
0.0867172
0.0870265
0.087335
0.0876426
0.0879495
0.0882556
0.0885609
0.0888655
0.0891692
0.0894722
0.0897745
0.090076
0.0903767
0.0906767
0.0909759
0.0912744
0.0915722
0.0918692
0.0921655
0.0924611
0.0927559
0.0930501
0.0933435
0.0936362
0.0939282
0.0942195
0.0945101
0.0948
0.0950892
0.0953777
0.0956656
0.0959527
0.0962392
0.096525
0.0968101
0.0970946
0.0973784
0.0976615
0.097944
0.0982258
0.098507
0.0987875
0.0990674
0.0993467
0.0996253
0.0999032
0.100181
0.100457
0.100733
0.101009
0.101284
0.101558
0.101831
0.102104
0.102377
0.102649
0.10292
0.10319
0.10346
0.10373
0.103999
0.104267
0.104535
0.104802
0.105068
0.105334
0.105599
0.105864
0.106128
0.106392
0.106655
0.106917
0.107179
0.107441
0.107702
0.107962
0.108222
0.108481
0.10874
0.108998
0.109255
0.109512
0.109769
0.110025
0.11028
0.110535
0.11079
0.111043
0.111297
0.11155
0.111802
0.112054
0.112305
0.112556
0.112806
0.113056
0.113305
0.113554
0.113803
0.11405
0.114298
0.114545
0.114791
0.115037
0.115282
0.115527
0.115772
0.116016
0.116259
0.116502
0.116745
0.116987
0.117228
0.117469
0.11771
0.11795
0.11819
0.118429
0.118668
0.118907
0.119145
0.119382
0.119619
0.119856
0.120092
0.120328
0.120563
0.120798
0.121032
0.121266
0.1215
0.121733
0.121966
0.122198
0.12243
0.122661
0.122892
0.123123
0.123353
0.123583
0.123812
0.124041
0.124269
0.124497
0.124725
0.124952
0.125179
0.125406
0.125632
0.125858
0.126083
0.126308
0.126532
0.126756
0.12698
0.127203
0.127426
0.127649
0.127871
0.128093
0.128314
0.128535
0.128756
0.128976
0.129196
0.129415
0.129634
0.129853
0.130072
0.13029
0.130507
0.130724
0.130941
0.131158
0.131374
0.13159
0.131805
0.13202
0.132235
0.13245
0.132664
0.132877
0.133091
0.133304
0.133516
0.133729
0.13394
0.134152
0.134363
0.134574
0.134785
0.134995
0.135205
0.135414
0.135624
0.135833
0.136041
0.136249
0.136457
0.136665
0.136872
0.137079
0.137285
0.137492
0.137698
0.137903
0.138108
0.138313
0.138518
0.138722
0.138926
0.13913
0.139333
0.139536
0.139739
0.139942
0.140144
0.140346
0.140547
0.140748
0.140949
0.14115
0.14135
0.14155
0.14175
0.141949
0.142148
0.142347
0.142545
0.142744
0.142942
0.143139
0.143336
0.143533
0.14373
0.143927
0.144123
0.144319
0.144514
0.144709
0.144904
0.145099
0.145294
0.145488
0.145682
0.145875
0.146068
0.146261
0.146454
0.146647
0.146839
0.147031
0.147222
0.147414
0.147605
0.147796
0.147986
0.148177
0.148367
0.148556
0.148746
0.148935
0.149124
0.149313
0.149501
0.149689
0.149877
0.150065
0.150252
0.15044
0.150626
0.150813
0.150999
0.151185
0.151371
0.151557
0.151742
0.151927
0.152112
0.152297
0.152481
0.152665
0.152849
0.153033
0.153216
0.153399
0.153582
0.153765
0.153947
0.154129
0.154311
0.154493
0.154674
0.154855
0.155036
0.155217
0.155397
0.155578
0.155758
0.155937
0.156117
0.156296
0.156475
0.156654
0.156833
0.157011
0.157189
0.157367
0.157545
0.157722
0.1579
0.158077
0.158253
0.15843
0.158606
0.158782
0.158958
0.159134
0.159309
0.159485
0.15966
0.159834
0.160009
0.160183
0.160358
0.160531
0.160705
0.160879
0.161052
0.161225
0.161398
0.161571
0.161743
0.161915
0.162087
0.162259
0.162431
0.162602
0.162773
0.162944
0.163115
0.163285
0.163456
0.163626
0.163796
0.163966
0.164135
0.164305
0.164474
0.164643
0.164811
0.16498
0.165148
0.165316
0.165484
0.165652
0.16582
0.165987
0.166154
0.166321
0.166488
0.166654
0.166821
0.166987
0.167153
0.167319
0.167485
0.16765
0.167815
0.16798
0.168145
0.16831
0.168474
0.168639
0.168803
0.168967
0.16913
0.169294
0.169457
0.169621
0.169784
0.169946
0.170109
0.170272
0.170434
0.170596
0.170758
0.17092
0.171081
0.171243
0.171404
0.171565
0.171726
0.171886
0.172047
0.172207
0.172368
0.172527
0.172687
0.172847
0.173006
0.173166
0.173325
0.173484
0.173643
0.173801
0.17396
0.174118
0.174276
0.174434
0.174592
0.17475
0.174907
0.175064
0.175221
0.175378
0.175535
0.175692
0.175848
0.176005
0.176161
0.176317
0.176473
0.176628
0.176784
0.176939
0.177094
0.177249
0.177404
0.177559
0.177713
0.177868
0.178022
0.178176
0.17833
0.178484
0.178637
0.178791
0.178944
0.179097
0.17925
0.179403
0.179556
0.179708
0.179861
0.180013
0.180165
0.180317
0.180469
0.180621
0.180772
0.180924
0.181075
0.181226
0.181377
0.181527
0.181678
0.181829
0.181979
0.182129
0.182279
0.182429
0.182579
0.182728
0.182878
0.183027
0.183176
0.183325
0.183474
0.183623
0.183772
0.18392
0.184069
0.184217
0.184365
0.184513
0.184661
0.184808
0.184956
0.185103
0.185251
0.185398
0.185545
0.185691
0.185838
0.185985
0.186131
0.186278
0.186424
0.18657
0.186716
0.186862
0.187007
0.187153
0.187298
0.187443
0.187589
0.187734
0.187879
0.188023
0.188168
0.188312
0.188457
0.188601
0.188745
0.188889
0.189033
0.189177
0.189321
0.189464
0.189607
0.189751
0.189894
0.190037
0.19018
0.190323
0.190465
0.190608
0.19075
0.190893
0.191035
0.191177
0.191319
0.191461
0.191602
0.191744
0.191885
0.192027
0.192168
0.192309
0.19245
0.192591
0.192732
0.192873
0.193013
0.193154
0.193294
0.193434
0.193575
0.193715
0.193854
0.193994
0.194134
0.194274
0.194413
0.194552
0.194692
0.194831
0.19497
0.195109
0.195248
0.195386
0.195525
0.195664
0.195802
0.19594
0.196079
0.196217
0.196355
0.196493
0.19663
0.196768
0.196906
0.197043
0.197181
0.197318
0.197455
0.197592
0.197729
0.197866
0.198003
0.19814
0.198277
0.198413
0.19855
0.198686
0.198822
0.198958
0.199094
0.19923
0.199366
0.199502
0.199638
0.199774
0.199909
0.200045
0.20018
0.200315
0.200451
0.200586
0.200721
0.200856
0.200991
0.201125
0.20126
0.201395
0.201529
0.201664
0.201798
0.201933
0.202067
0.202201
0.202335
0.202469
0.202603
0.202737
0.202871
0.203005
0.203138
0.203272
0.203406
0.203539
0.203673
0.203806
0.203939
0.204073
0.204206
0.204339
0.204472
0.204605
0.204738
0.204871
0.205004
0.205136
0.205269
0.205402
0.205534
0.205667
0.2058
0.205932
0.206064
0.206197
0.206329
0.206462
0.206594
0.206726
0.206858
0.206991
0.207123
0.207255
0.207387
0.207519
0.207651
0.207783
0.207915
0.208047
0.208179
0.208311
0.208443
0.208575
0.208707
0.208839
0.208971
0.209103
0.209235
0.209367
0.209499
0.209631
0.209763
0.209896
0.210028
0.21016
0.210292
0.210424
0.210557
0.210689
0.210821
0.210954
0.211087
0.211219
0.211352
0.211485
0.211618
0.21175
0.211884
0.212017
0.21215
0.212284
0.212417
0.212551
0.212685
0.212819
0.212953
0.213087
0.213222
0.213357
0.213492
0.213627
0.213762
0.213898
0.214034
0.21417
0.214307
0.214444
0.214581
0.214719
0.214857
0.214995
0.215134
0.215273
0.215413
0.215553
0.215694
0.215835
0.215977
0.216119
0.216263
0.216406
0.216551
0.216696
0.216843
0.21699
0.217138
0.217287
0.217437
0.217588
0.217741
0.217895
0.21805
0.218207
0.218365
0.218525
0.218687
0.218851
0.219017
0.219185
0.219356
0.219529
0.219705
0.219884
0.220067
0.220253
0.220443
0.220638
0.220837
0.221041
0.221252
0.221468
0.221691
0.221922
0.222161
0.22241
0.222669
0.22294
0.223225
0.223524
0.223841
0.224177
0.224536
0.224921
0.225336
0.225786
0.226279
0.226822
0.227426
0.228104
0.228874
0.229761
0.230797
0.232028
0.233524
0.235387
0.237783
0.240993
0.245537
0.252482
0.264425
0.289523
0.374992
0.476118
0.471496
0.468871
0.466792
0.464844
0.463773
0.463589
0.463911
0.46445
0.465053
0.465636
0.466139
0.466507
0.4667
0.4667
0.466527
0.466239
0.465921
0.465655
0.465491
0.465443
0.465493
0.465608
0.465748
0.465883
0.465986
0.466044
0.466055
0.466025
0.465968
0.465902
0.465841
0.465798
0.465777
0.46578
0.4658
0.46583
)
;

boundaryField
{
    inlet
    {
        type            calculated;
        value           uniform 0;
    }
    outlet
    {
        type            calculated;
        value           uniform 0.46583;
    }
    emptyWalls
    {
        type            empty;
    }
}


// ************************************************************************* //
