/*--------------------------------*- C++ -*----------------------------------*\
  =========                 |
  \\      /  F ield         | OpenFOAM: The Open Source CFD Toolbox
   \\    /   O peration     | Website:  https://openfoam.org
    \\  /    A nd           | Version:  9
     \\/     M anipulation  |
\*---------------------------------------------------------------------------*/
FoamFile
{
    format      ascii;
    class       volScalarField;
    location    "16.1";
    object      Sb;
}
// * * * * * * * * * * * * * * * * * * * * * * * * * * * * * * * * * * * * * //

dimensions      [0 0 0 0 0 0 0];

internalField   nonuniform List<scalar> 
1000
(
0.499396
0.499025
0.498681
0.498351
0.498028
0.497711
0.497399
0.49709
0.496785
0.496482
0.496181
0.495883
0.495587
0.495293
0.495
0.49471
0.494421
0.494133
0.493847
0.493563
0.49328
0.492999
0.492718
0.492439
0.492162
0.491886
0.491611
0.491337
0.491064
0.490793
0.490522
0.490253
0.489985
0.489718
0.489452
0.489188
0.488924
0.488662
0.4884
0.488139
0.48788
0.487621
0.487364
0.487107
0.486852
0.486597
0.486344
0.486091
0.485839
0.485588
0.485338
0.48509
0.484841
0.484594
0.484348
0.484102
0.483858
0.483614
0.483371
0.483129
0.482888
0.482648
0.482408
0.48217
0.481932
0.481695
0.481458
0.481223
0.480988
0.480754
0.480521
0.480289
0.480057
0.479826
0.479596
0.479367
0.479138
0.47891
0.478683
0.478457
0.478231
0.478006
0.477782
0.477558
0.477335
0.477113
0.476891
0.47667
0.47645
0.476231
0.476012
0.475794
0.475576
0.475359
0.475143
0.474928
0.474713
0.474498
0.474285
0.474072
0.473859
0.473647
0.473436
0.473226
0.473016
0.472807
0.472598
0.47239
0.472182
0.471975
0.471769
0.471563
0.471358
0.471153
0.470949
0.470746
0.470543
0.47034
0.470138
0.469937
0.469736
0.469536
0.469337
0.469138
0.468939
0.468741
0.468543
0.468346
0.46815
0.467954
0.467759
0.467564
0.467369
0.467176
0.466982
0.466789
0.466597
0.466405
0.466214
0.466023
0.465833
0.465643
0.465453
0.465264
0.465076
0.464888
0.4647
0.464513
0.464327
0.464141
0.463955
0.46377
0.463585
0.463401
0.463217
0.463034
0.462851
0.462668
0.462486
0.462305
0.462124
0.461943
0.461763
0.461583
0.461403
0.461224
0.461046
0.460867
0.46069
0.460512
0.460336
0.460159
0.459983
0.459807
0.459632
0.459457
0.459283
0.459109
0.458935
0.458762
0.458589
0.458416
0.458244
0.458073
0.457901
0.45773
0.45756
0.45739
0.45722
0.45705
0.456881
0.456713
0.456544
0.456377
0.456209
0.456042
0.455875
0.455709
0.455542
0.455377
0.455211
0.455046
0.454882
0.454717
0.454553
0.45439
0.454226
0.454063
0.453901
0.453739
0.453577
0.453415
0.453254
0.453093
0.452933
0.452772
0.452612
0.452453
0.452294
0.452135
0.451976
0.451818
0.45166
0.451502
0.451345
0.451188
0.451031
0.450875
0.450719
0.450563
0.450408
0.450253
0.450098
0.449944
0.449789
0.449635
0.449482
0.449329
0.449176
0.449023
0.448871
0.448719
0.448567
0.448415
0.448264
0.448113
0.447962
0.447812
0.447662
0.447512
0.447363
0.447214
0.447065
0.446916
0.446768
0.44662
0.446472
0.446324
0.446177
0.44603
0.445884
0.445737
0.445591
0.445445
0.445299
0.445154
0.445009
0.444864
0.44472
0.444575
0.444431
0.444288
0.444144
0.444001
0.443858
0.443715
0.443573
0.44343
0.443288
0.443147
0.443005
0.442864
0.442723
0.442582
0.442442
0.442302
0.442162
0.442022
0.441882
0.441743
0.441604
0.441465
0.441327
0.441189
0.441051
0.440913
0.440775
0.440638
0.440501
0.440364
0.440227
0.440091
0.439955
0.439819
0.439683
0.439547
0.439412
0.439277
0.439142
0.439008
0.438873
0.438739
0.438605
0.438472
0.438338
0.438205
0.438072
0.437939
0.437806
0.437674
0.437542
0.43741
0.437278
0.437147
0.437015
0.436884
0.436753
0.436622
0.436492
0.436362
0.436232
0.436102
0.435972
0.435843
0.435713
0.435584
0.435455
0.435327
0.435198
0.43507
0.434942
0.434814
0.434687
0.434559
0.434432
0.434305
0.434178
0.434051
0.433925
0.433799
0.433673
0.433547
0.433421
0.433295
0.43317
0.433045
0.43292
0.432795
0.432671
0.432546
0.432422
0.432298
0.432174
0.432051
0.431927
0.431804
0.431681
0.431558
0.431435
0.431313
0.43119
0.431068
0.430946
0.430824
0.430703
0.430581
0.43046
0.430339
0.430218
0.430097
0.429977
0.429856
0.429736
0.429616
0.429496
0.429376
0.429257
0.429137
0.429018
0.428899
0.42878
0.428661
0.428543
0.428424
0.428306
0.428188
0.42807
0.427953
0.427835
0.427718
0.4276
0.427483
0.427366
0.42725
0.427133
0.427017
0.4269
0.426784
0.426668
0.426552
0.426437
0.426321
0.426206
0.426091
0.425976
0.425861
0.425746
0.425632
0.425517
0.425403
0.425289
0.425175
0.425061
0.424948
0.424834
0.424721
0.424608
0.424495
0.424382
0.424269
0.424156
0.424044
0.423932
0.423819
0.423707
0.423596
0.423484
0.423372
0.423261
0.42315
0.423038
0.422927
0.422817
0.422706
0.422595
0.422485
0.422375
0.422264
0.422154
0.422044
0.421935
0.421825
0.421716
0.421606
0.421497
0.421388
0.421279
0.42117
0.421062
0.420953
0.420845
0.420737
0.420629
0.420521
0.420413
0.420305
0.420198
0.42009
0.419983
0.419876
0.419769
0.419662
0.419555
0.419448
0.419342
0.419235
0.419129
0.419023
0.418917
0.418811
0.418705
0.4186
0.418494
0.418389
0.418284
0.418178
0.418073
0.417969
0.417864
0.417759
0.417655
0.41755
0.417446
0.417342
0.417238
0.417134
0.41703
0.416927
0.416823
0.41672
0.416616
0.416513
0.41641
0.416307
0.416204
0.416102
0.415999
0.415897
0.415794
0.415692
0.41559
0.415488
0.415386
0.415284
0.415183
0.415081
0.41498
0.414878
0.414777
0.414676
0.414575
0.414474
0.414374
0.414273
0.414172
0.414072
0.413972
0.413872
0.413772
0.413672
0.413572
0.413472
0.413372
0.413273
0.413173
0.413074
0.412975
0.412876
0.412777
0.412678
0.412579
0.412481
0.412382
0.412284
0.412185
0.412087
0.411989
0.411891
0.411793
0.411695
0.411597
0.4115
0.411402
0.411305
0.411208
0.41111
0.411013
0.410916
0.410819
0.410723
0.410626
0.410529
0.410433
0.410337
0.41024
0.410144
0.410048
0.409952
0.409856
0.40976
0.409665
0.409569
0.409474
0.409378
0.409283
0.409188
0.409093
0.408998
0.408903
0.408808
0.408713
0.408619
0.408524
0.40843
0.408335
0.408241
0.408147
0.408053
0.407959
0.407865
0.407771
0.407678
0.407584
0.407491
0.407397
0.407304
0.407211
0.407118
0.407025
0.406932
0.406839
0.406746
0.406654
0.406561
0.406468
0.406376
0.406284
0.406192
0.406099
0.406007
0.405916
0.405824
0.405732
0.40564
0.405549
0.405457
0.405366
0.405274
0.405183
0.405092
0.405001
0.40491
0.404819
0.404728
0.404638
0.404547
0.404457
0.404366
0.404276
0.404185
0.404095
0.404005
0.403915
0.403825
0.403735
0.403645
0.403556
0.403466
0.403377
0.403287
0.403198
0.403109
0.403019
0.40293
0.402841
0.402752
0.402663
0.402575
0.402486
0.402397
0.402309
0.40222
0.402132
0.402043
0.401955
0.401867
0.401779
0.401691
0.401603
0.401515
0.401428
0.40134
0.401252
0.401165
0.401077
0.40099
0.400903
0.400815
0.400728
0.400641
0.400554
0.400467
0.400381
0.400294
0.400207
0.400121
0.400034
0.399948
0.399861
0.399775
0.399689
0.399602
0.399516
0.39943
0.399344
0.399259
0.399173
0.399087
0.399002
0.398916
0.39883
0.398745
0.39866
0.398574
0.398489
0.398404
0.398319
0.398234
0.398149
0.398064
0.39798
0.397895
0.39781
0.397726
0.397641
0.397557
0.397473
0.397388
0.397304
0.39722
0.397136
0.397052
0.396968
0.396884
0.3968
0.396717
0.396633
0.396549
0.396466
0.396382
0.396299
0.396216
0.396133
0.396049
0.395966
0.395883
0.3958
0.395717
0.395635
0.395552
0.395469
0.395386
0.395304
0.395221
0.395139
0.395057
0.394974
0.394892
0.39481
0.394728
0.394646
0.394564
0.394482
0.3944
0.394318
0.394236
0.394155
0.394073
0.393992
0.39391
0.393829
0.393748
0.393666
0.393585
0.393504
0.393423
0.393342
0.393261
0.39318
0.393099
0.393018
0.392938
0.392857
0.392776
0.392696
0.392615
0.392535
0.392455
0.392374
0.392294
0.392214
0.392134
0.392054
0.391974
0.391894
0.391814
0.391734
0.391654
0.391575
0.391495
0.391416
0.391336
0.391257
0.391177
0.391098
0.391019
0.390939
0.39086
0.390781
0.390702
0.390623
0.390544
0.390465
0.390387
0.390308
0.390229
0.390151
0.390072
0.389993
0.389915
0.389837
0.389758
0.38968
0.389602
0.389523
0.389445
0.389367
0.389289
0.389211
0.389133
0.389056
0.388978
0.3889
0.388822
0.388745
0.388667
0.38859
0.388512
0.388435
0.388357
0.38828
0.388203
0.388126
0.388048
0.387971
0.387894
0.387817
0.38774
0.387664
0.387587
0.38751
0.387433
0.387357
0.38728
0.387203
0.387127
0.38705
0.386974
0.386898
0.386821
0.386745
0.386669
0.386593
0.386517
0.386441
0.386365
0.386289
0.386213
0.386137
0.386061
0.385985
0.38591
0.385834
0.385759
0.385683
0.385607
0.385532
0.385457
0.385381
0.385306
0.385231
0.385156
0.38508
0.385005
0.38493
0.384855
0.38478
0.384705
0.384631
0.384556
0.384481
0.384406
0.384332
0.384257
0.384183
0.384108
0.384034
0.383959
0.383885
0.38381
0.383736
0.383662
0.383588
0.383514
0.383439
0.383365
0.383291
0.383217
0.383144
0.38307
0.382996
0.382922
0.382848
0.382775
0.382701
0.382627
0.382554
0.38248
0.382407
0.382334
0.38226
0.382187
0.382114
0.38204
0.381967
0.381894
0.381821
0.381748
0.381675
0.381602
0.381529
0.381456
0.381383
0.38131
0.381238
0.381165
0.381092
0.38102
0.380947
0.380875
0.380802
0.38073
0.380657
0.380585
0.380513
0.38044
0.380368
0.380296
0.380224
0.380152
0.38008
0.380008
0.379936
0.379864
0.379792
0.37972
0.379648
0.379576
0.379504
0.379433
0.379361
0.379289
0.379218
0.379146
0.379075
0.379003
0.378932
0.378861
0.378789
0.378718
0.378647
0.378575
0.378504
0.378433
0.378362
0.378291
0.37822
0.378149
0.378078
0.378007
0.377936
0.377865
0.377795
0.377724
0.377653
0.377582
0.377512
0.377441
0.377371
0.3773
0.37723
0.377159
0.377089
0.377018
0.376948
0.376878
0.376807
0.376737
0.376667
0.376597
0.376527
0.376457
0.376386
0.376316
0.376246
0.376176
0.376107
0.376037
0.375967
0.375897
0.375827
0.375758
0.375688
0.375618
0.375548
0.375479
0.375409
0.37534
0.37527
0.375201
)
;

boundaryField
{
    inlet
    {
        type            fixedValue;
        value           uniform 0.5;
    }
    outlet
    {
        type            zeroGradient;
    }
    emptyWalls
    {
        type            empty;
    }
}


// ************************************************************************* //
