/*--------------------------------*- C++ -*----------------------------------*\
  =========                 |
  \\      /  F ield         | OpenFOAM: The Open Source CFD Toolbox
   \\    /   O peration     | Website:  https://openfoam.org
    \\  /    A nd           | Version:  9
     \\/     M anipulation  |
\*---------------------------------------------------------------------------*/
FoamFile
{
    format      ascii;
    class       surfaceScalarField;
    location    "14.7";
    object      phib;
}
// * * * * * * * * * * * * * * * * * * * * * * * * * * * * * * * * * * * * * //

dimensions      [0 2 0 0 0 0 0];

internalField   nonuniform List<scalar> 
999
(
0.290578
0.290578
0.290577
0.290576
0.290575
0.290573
0.290571
0.290569
0.290567
0.290565
0.290563
0.29056
0.290557
0.290554
0.290551
0.290547
0.290544
0.29054
0.290536
0.290532
0.290528
0.290523
0.290519
0.290514
0.290509
0.290504
0.290498
0.290493
0.290487
0.290482
0.290476
0.29047
0.290463
0.290457
0.290451
0.290444
0.290437
0.29043
0.290423
0.290416
0.290408
0.290401
0.290393
0.290385
0.290377
0.290369
0.290361
0.290352
0.290344
0.290335
0.290326
0.290318
0.290308
0.290299
0.29029
0.290281
0.290271
0.290261
0.290251
0.290242
0.290231
0.290221
0.290211
0.2902
0.29019
0.290179
0.290168
0.290158
0.290146
0.290135
0.290124
0.290113
0.290101
0.29009
0.290078
0.290066
0.290054
0.290042
0.29003
0.290018
0.290005
0.289993
0.28998
0.289967
0.289955
0.289942
0.289929
0.289915
0.289902
0.289889
0.289875
0.289862
0.289848
0.289835
0.289821
0.289807
0.289793
0.289779
0.289764
0.28975
0.289736
0.289721
0.289707
0.289692
0.289677
0.289662
0.289647
0.289632
0.289617
0.289602
0.289586
0.289571
0.289555
0.28954
0.289524
0.289508
0.289492
0.289476
0.28946
0.289444
0.289428
0.289412
0.289395
0.289379
0.289362
0.289345
0.289329
0.289312
0.289295
0.289278
0.289261
0.289244
0.289227
0.289209
0.289192
0.289174
0.289157
0.289139
0.289121
0.289104
0.289086
0.289068
0.28905
0.289032
0.289014
0.288995
0.288977
0.288959
0.28894
0.288922
0.288903
0.288884
0.288866
0.288847
0.288828
0.288809
0.28879
0.288771
0.288752
0.288732
0.288713
0.288694
0.288674
0.288655
0.288635
0.288615
0.288596
0.288576
0.288556
0.288536
0.288516
0.288496
0.288476
0.288456
0.288435
0.288415
0.288395
0.288374
0.288354
0.288333
0.288312
0.288292
0.288271
0.28825
0.288229
0.288208
0.288187
0.288166
0.288145
0.288123
0.288102
0.288081
0.288059
0.288038
0.288016
0.287995
0.287973
0.287951
0.28793
0.287908
0.287886
0.287864
0.287842
0.28782
0.287798
0.287776
0.287753
0.287731
0.287709
0.287686
0.287664
0.287641
0.287619
0.287596
0.287573
0.287551
0.287528
0.287505
0.287482
0.287459
0.287436
0.287413
0.28739
0.287367
0.287343
0.28732
0.287297
0.287273
0.28725
0.287226
0.287203
0.287179
0.287155
0.287132
0.287108
0.287084
0.28706
0.287036
0.287012
0.286988
0.286964
0.28694
0.286916
0.286892
0.286867
0.286843
0.286819
0.286794
0.28677
0.286745
0.286721
0.286696
0.286671
0.286647
0.286622
0.286597
0.286572
0.286547
0.286522
0.286497
0.286472
0.286447
0.286422
0.286397
0.286372
0.286346
0.286321
0.286296
0.28627
0.286245
0.286219
0.286194
0.286168
0.286142
0.286117
0.286091
0.286065
0.286039
0.286013
0.285987
0.285961
0.285935
0.285909
0.285883
0.285857
0.285831
0.285805
0.285778
0.285752
0.285726
0.285699
0.285673
0.285646
0.28562
0.285593
0.285567
0.28554
0.285513
0.285487
0.28546
0.285433
0.285406
0.285379
0.285352
0.285325
0.285298
0.285271
0.285244
0.285217
0.28519
0.285162
0.285135
0.285108
0.28508
0.285053
0.285025
0.284998
0.28497
0.284943
0.284915
0.284888
0.28486
0.284832
0.284804
0.284777
0.284749
0.284721
0.284693
0.284665
0.284637
0.284609
0.284581
0.284553
0.284525
0.284496
0.284468
0.28444
0.284412
0.284383
0.284355
0.284326
0.284298
0.28427
0.284241
0.284212
0.284184
0.284155
0.284127
0.284098
0.284069
0.28404
0.284011
0.283983
0.283954
0.283925
0.283896
0.283867
0.283838
0.283809
0.28378
0.28375
0.283721
0.283692
0.283663
0.283633
0.283604
0.283575
0.283545
0.283516
0.283486
0.283457
0.283427
0.283398
0.283368
0.283339
0.283309
0.283279
0.283249
0.28322
0.28319
0.28316
0.28313
0.2831
0.28307
0.28304
0.28301
0.28298
0.28295
0.28292
0.28289
0.28286
0.282829
0.282799
0.282769
0.282739
0.282708
0.282678
0.282647
0.282617
0.282586
0.282556
0.282525
0.282495
0.282464
0.282433
0.282403
0.282372
0.282341
0.282311
0.28228
0.282249
0.282218
0.282187
0.282156
0.282125
0.282094
0.282063
0.282032
0.282001
0.28197
0.281939
0.281908
0.281876
0.281845
0.281814
0.281782
0.281751
0.28172
0.281688
0.281657
0.281625
0.281594
0.281562
0.281531
0.281499
0.281468
0.281436
0.281404
0.281373
0.281341
0.281309
0.281277
0.281245
0.281214
0.281182
0.28115
0.281118
0.281086
0.281054
0.281022
0.28099
0.280958
0.280925
0.280893
0.280861
0.280829
0.280797
0.280764
0.280732
0.2807
0.280667
0.280635
0.280602
0.28057
0.280537
0.280505
0.280472
0.28044
0.280407
0.280375
0.280342
0.280309
0.280277
0.280244
0.280211
0.280178
0.280145
0.280112
0.28008
0.280047
0.280014
0.279981
0.279948
0.279915
0.279882
0.279849
0.279815
0.279782
0.279749
0.279716
0.279683
0.279649
0.279616
0.279583
0.27955
0.279516
0.279483
0.279449
0.279416
0.279382
0.279349
0.279315
0.279282
0.279248
0.279215
0.279181
0.279147
0.279114
0.27908
0.279046
0.279012
0.278979
0.278945
0.278911
0.278877
0.278843
0.278809
0.278775
0.278741
0.278707
0.278673
0.278639
0.278605
0.278571
0.278537
0.278502
0.278468
0.278434
0.2784
0.278365
0.278331
0.278297
0.278262
0.278228
0.278194
0.278159
0.278125
0.27809
0.278056
0.278021
0.277987
0.277952
0.277917
0.277883
0.277848
0.277813
0.277779
0.277744
0.277709
0.277674
0.277639
0.277605
0.27757
0.277535
0.2775
0.277465
0.27743
0.277395
0.27736
0.277325
0.27729
0.277255
0.277219
0.277184
0.277149
0.277114
0.277079
0.277043
0.277008
0.276973
0.276937
0.276902
0.276867
0.276831
0.276796
0.27676
0.276725
0.276689
0.276654
0.276618
0.276582
0.276547
0.276511
0.276476
0.27644
0.276404
0.276368
0.276333
0.276297
0.276261
0.276225
0.276189
0.276153
0.276118
0.276082
0.276046
0.27601
0.275974
0.275938
0.275901
0.275865
0.275829
0.275793
0.275757
0.275721
0.275685
0.275648
0.275612
0.275576
0.275539
0.275503
0.275467
0.27543
0.275394
0.275358
0.275321
0.275285
0.275248
0.275212
0.275175
0.275139
0.275102
0.275065
0.275029
0.274992
0.274955
0.274919
0.274882
0.274845
0.274808
0.274771
0.274735
0.274698
0.274661
0.274624
0.274587
0.27455
0.274513
0.274476
0.274439
0.274402
0.274365
0.274328
0.274291
0.274254
0.274216
0.274179
0.274142
0.274105
0.274067
0.27403
0.273993
0.273956
0.273918
0.273881
0.273843
0.273806
0.273769
0.273731
0.273694
0.273656
0.273618
0.273581
0.273543
0.273506
0.273468
0.27343
0.273393
0.273355
0.273317
0.27328
0.273242
0.273204
0.273166
0.273128
0.27309
0.273053
0.273015
0.272977
0.272939
0.272901
0.272863
0.272825
0.272787
0.272749
0.27271
0.272672
0.272634
0.272596
0.272558
0.27252
0.272481
0.272443
0.272405
0.272366
0.272328
0.27229
0.272251
0.272213
0.272175
0.272136
0.272098
0.272059
0.272021
0.271982
0.271944
0.271905
0.271866
0.271828
0.271789
0.27175
0.271712
0.271673
0.271634
0.271595
0.271557
0.271518
0.271479
0.27144
0.271401
0.271362
0.271323
0.271285
0.271246
0.271207
0.271168
0.271128
0.271089
0.27105
0.271011
0.270972
0.270933
0.270894
0.270855
0.270815
0.270776
0.270737
0.270698
0.270658
0.270619
0.27058
0.27054
0.270501
0.270461
0.270422
0.270382
0.270343
0.270303
0.270264
0.270224
0.270185
0.270145
0.270106
0.270066
0.270026
0.269987
0.269947
0.269907
0.269867
0.269828
0.269788
0.269748
0.269708
0.269668
0.269628
0.269588
0.269548
0.269508
0.269468
0.269428
0.269388
0.269348
0.269308
0.269268
0.269228
0.269188
0.269148
0.269108
0.269067
0.269027
0.268987
0.268947
0.268906
0.268866
0.268826
0.268785
0.268745
0.268704
0.268664
0.268623
0.268583
0.268542
0.268502
0.268461
0.268421
0.26838
0.26834
0.268299
0.268258
0.268218
0.268177
0.268136
0.268095
0.268055
0.268014
0.267973
0.267932
0.267891
0.26785
0.26781
0.267769
0.267728
0.267687
0.267646
0.267605
0.267564
0.267522
0.267481
0.26744
0.267399
0.267358
0.267317
0.267276
0.267234
0.267193
0.267152
0.267111
0.267069
0.267028
0.266986
0.266945
0.266904
0.266862
0.266821
0.266779
0.266738
0.266696
0.266655
0.266613
0.266572
0.26653
0.266488
0.266447
0.266405
0.266363
0.266322
0.26628
0.266238
0.266196
0.266154
0.266113
0.266071
0.266029
0.265987
0.265945
0.265903
0.265861
0.265819
0.265777
0.265735
0.265693
0.265651
0.265609
0.265566
0.265524
0.265482
0.26544
0.265398
0.265355
0.265313
0.265271
0.265228
0.265186
0.265144
0.265101
0.265059
0.265016
0.264974
0.264931
0.264889
0.264846
0.264804
0.264761
0.264719
0.264676
0.264633
0.264591
0.264548
0.264505
0.264462
0.26442
0.264377
0.264334
0.264291
0.264248
0.264205
0.264162
0.264119
0.264076
0.264033
0.26399
0.263947
0.263904
0.263861
0.263818
0.263775
0.263732
0.263688
0.263645
0.263602
0.263559
0.263515
0.263472
0.263429
0.263385
0.263342
0.263299
0.263255
0.263212
0.263168
0.263125
0.263081
0.263037
0.262994
0.26295
0.262907
0.262863
0.262819
0.262776
0.262732
0.262688
0.262644
0.2626
0.262556
0.262513
0.262469
0.262425
0.262381
0.262337
0.262293
0.262249
0.262205
0.262161
0.262116
0.262072
0.262028
0.261984
0.26194
0.261895
0.261851
0.261807
0.261763
0.261718
0.261674
0.261629
0.261585
0.26154
0.261496
0.261451
0.261407
0.261362
0.261318
0.261273
0.261228
0.261184
0.261139
0.261094
0.261049
0.261005
0.26096
0.260915
0.26087
0.260825
0.26078
0.260735
0.26069
0.260645
0.2606
0.260555
0.260509
0.260464
0.260419
0.260374
0.260329
0.260283
0.260238
0.260192
0.260147
0.260102
0.260056
0.260011
0.259965
0.259919
0.259874
0.259828
0.259783
0.259737
0.259691
0.259645
)
;

boundaryField
{
    inlet
    {
        type            calculated;
        value           uniform -0.290579;
    }
    outlet
    {
        type            calculated;
        value           uniform 0.259599;
    }
    emptyWalls
    {
        type            empty;
        value           nonuniform List<scalar> 0();
    }
}


// ************************************************************************* //
