/*--------------------------------*- C++ -*----------------------------------*\
  =========                 |
  \\      /  F ield         | OpenFOAM: The Open Source CFD Toolbox
   \\    /   O peration     | Website:  https://openfoam.org
    \\  /    A nd           | Version:  9
     \\/     M anipulation  |
\*---------------------------------------------------------------------------*/
FoamFile
{
    format      ascii;
    class       surfaceScalarField;
    location    "15.3";
    object      phia;
}
// * * * * * * * * * * * * * * * * * * * * * * * * * * * * * * * * * * * * * //

dimensions      [0 2 0 0 0 0 0];

internalField   nonuniform List<scalar> 
999
(
0.709421
0.709421
0.70942
0.709419
0.709419
0.709418
0.709417
0.709416
0.709414
0.709413
0.709412
0.70941
0.709408
0.709407
0.709405
0.709403
0.709401
0.709399
0.709396
0.709394
0.709392
0.709389
0.709386
0.709384
0.709381
0.709378
0.709375
0.709372
0.709368
0.709365
0.709362
0.709358
0.709355
0.709351
0.709347
0.709343
0.709339
0.709335
0.709331
0.709327
0.709323
0.709319
0.709314
0.70931
0.709305
0.709301
0.709296
0.709291
0.709286
0.709281
0.709276
0.709271
0.709266
0.709261
0.709255
0.70925
0.709244
0.709239
0.709233
0.709228
0.709222
0.709216
0.70921
0.709204
0.709198
0.709192
0.709186
0.70918
0.709173
0.709167
0.70916
0.709154
0.709147
0.709141
0.709134
0.709127
0.70912
0.709114
0.709107
0.7091
0.709093
0.709086
0.709078
0.709071
0.709064
0.709056
0.709049
0.709042
0.709034
0.709026
0.709019
0.709011
0.709003
0.708996
0.708988
0.70898
0.708972
0.708964
0.708956
0.708948
0.708939
0.708931
0.708923
0.708915
0.708906
0.708898
0.708889
0.708881
0.708872
0.708863
0.708855
0.708846
0.708837
0.708828
0.708819
0.70881
0.708801
0.708792
0.708783
0.708774
0.708765
0.708756
0.708747
0.708737
0.708728
0.708718
0.708709
0.7087
0.70869
0.70868
0.708671
0.708661
0.708651
0.708642
0.708632
0.708622
0.708612
0.708602
0.708592
0.708582
0.708572
0.708562
0.708552
0.708542
0.708532
0.708521
0.708511
0.708501
0.70849
0.70848
0.708469
0.708459
0.708448
0.708438
0.708427
0.708416
0.708406
0.708395
0.708384
0.708374
0.708363
0.708352
0.708341
0.70833
0.708319
0.708308
0.708297
0.708286
0.708275
0.708263
0.708252
0.708241
0.70823
0.708218
0.708207
0.708196
0.708184
0.708173
0.708161
0.70815
0.708138
0.708127
0.708115
0.708104
0.708092
0.70808
0.708068
0.708057
0.708045
0.708033
0.708021
0.708009
0.707997
0.707985
0.707973
0.707961
0.707949
0.707937
0.707925
0.707913
0.707901
0.707889
0.707876
0.707864
0.707852
0.707839
0.707827
0.707815
0.707802
0.70779
0.707777
0.707765
0.707752
0.70774
0.707727
0.707715
0.707702
0.707689
0.707677
0.707664
0.707651
0.707638
0.707626
0.707613
0.7076
0.707587
0.707574
0.707561
0.707548
0.707535
0.707522
0.707509
0.707496
0.707483
0.70747
0.707457
0.707443
0.70743
0.707417
0.707404
0.707391
0.707377
0.707364
0.707351
0.707337
0.707324
0.70731
0.707297
0.707283
0.70727
0.707256
0.707243
0.707229
0.707216
0.707202
0.707188
0.707175
0.707161
0.707147
0.707134
0.70712
0.707106
0.707092
0.707078
0.707065
0.707051
0.707037
0.707023
0.707009
0.706995
0.706981
0.706967
0.706953
0.706939
0.706925
0.706911
0.706897
0.706883
0.706868
0.706854
0.70684
0.706826
0.706812
0.706797
0.706783
0.706769
0.706754
0.70674
0.706726
0.706711
0.706697
0.706682
0.706668
0.706654
0.706639
0.706625
0.70661
0.706595
0.706581
0.706566
0.706552
0.706537
0.706522
0.706508
0.706493
0.706478
0.706464
0.706449
0.706434
0.706419
0.706405
0.70639
0.706375
0.70636
0.706345
0.70633
0.706315
0.7063
0.706285
0.706271
0.706256
0.706241
0.706226
0.70621
0.706195
0.70618
0.706165
0.70615
0.706135
0.70612
0.706105
0.70609
0.706074
0.706059
0.706044
0.706029
0.706013
0.705998
0.705983
0.705967
0.705952
0.705937
0.705921
0.705906
0.705891
0.705875
0.70586
0.705844
0.705829
0.705813
0.705798
0.705782
0.705767
0.705751
0.705736
0.70572
0.705705
0.705689
0.705673
0.705658
0.705642
0.705626
0.705611
0.705595
0.705579
0.705563
0.705548
0.705532
0.705516
0.7055
0.705485
0.705469
0.705453
0.705437
0.705421
0.705405
0.705389
0.705373
0.705358
0.705342
0.705326
0.70531
0.705294
0.705278
0.705262
0.705246
0.70523
0.705213
0.705197
0.705181
0.705165
0.705149
0.705133
0.705117
0.705101
0.705084
0.705068
0.705052
0.705036
0.70502
0.705003
0.704987
0.704971
0.704955
0.704938
0.704922
0.704906
0.704889
0.704873
0.704857
0.70484
0.704824
0.704807
0.704791
0.704774
0.704758
0.704742
0.704725
0.704709
0.704692
0.704676
0.704659
0.704643
0.704626
0.704609
0.704593
0.704576
0.70456
0.704543
0.704526
0.70451
0.704493
0.704476
0.70446
0.704443
0.704426
0.70441
0.704393
0.704376
0.704359
0.704343
0.704326
0.704309
0.704292
0.704275
0.704259
0.704242
0.704225
0.704208
0.704191
0.704174
0.704157
0.704141
0.704124
0.704107
0.70409
0.704073
0.704056
0.704039
0.704022
0.704005
0.703988
0.703971
0.703954
0.703937
0.70392
0.703903
0.703886
0.703868
0.703851
0.703834
0.703817
0.7038
0.703783
0.703766
0.703749
0.703731
0.703714
0.703697
0.70368
0.703663
0.703645
0.703628
0.703611
0.703594
0.703576
0.703559
0.703542
0.703524
0.703507
0.70349
0.703472
0.703455
0.703438
0.70342
0.703403
0.703386
0.703368
0.703351
0.703333
0.703316
0.703298
0.703281
0.703263
0.703246
0.703229
0.703211
0.703194
0.703176
0.703158
0.703141
0.703123
0.703106
0.703088
0.703071
0.703053
0.703036
0.703018
0.703
0.702983
0.702965
0.702947
0.70293
0.702912
0.702894
0.702877
0.702859
0.702841
0.702824
0.702806
0.702788
0.70277
0.702753
0.702735
0.702717
0.702699
0.702682
0.702664
0.702646
0.702628
0.70261
0.702593
0.702575
0.702557
0.702539
0.702521
0.702503
0.702485
0.702467
0.70245
0.702432
0.702414
0.702396
0.702378
0.70236
0.702342
0.702324
0.702306
0.702288
0.70227
0.702252
0.702234
0.702216
0.702198
0.70218
0.702162
0.702144
0.702126
0.702108
0.70209
0.702072
0.702053
0.702035
0.702017
0.701999
0.701981
0.701963
0.701945
0.701926
0.701908
0.70189
0.701872
0.701854
0.701836
0.701817
0.701799
0.701781
0.701763
0.701744
0.701726
0.701708
0.70169
0.701671
0.701653
0.701635
0.701617
0.701598
0.70158
0.701562
0.701543
0.701525
0.701507
0.701488
0.70147
0.701451
0.701433
0.701415
0.701396
0.701378
0.70136
0.701341
0.701323
0.701304
0.701286
0.701267
0.701249
0.70123
0.701212
0.701193
0.701175
0.701156
0.701138
0.701119
0.701101
0.701082
0.701064
0.701045
0.701027
0.701008
0.70099
0.700971
0.700953
0.700934
0.700915
0.700897
0.700878
0.70086
0.700841
0.700822
0.700804
0.700785
0.700766
0.700748
0.700729
0.70071
0.700692
0.700673
0.700654
0.700636
0.700617
0.700598
0.700579
0.700561
0.700542
0.700523
0.700504
0.700486
0.700467
0.700448
0.700429
0.700411
0.700392
0.700373
0.700354
0.700335
0.700316
0.700298
0.700279
0.70026
0.700241
0.700222
0.700203
0.700184
0.700166
0.700147
0.700128
0.700109
0.70009
0.700071
0.700052
0.700033
0.700014
0.699995
0.699976
0.699957
0.699939
0.69992
0.699901
0.699882
0.699863
0.699844
0.699825
0.699806
0.699787
0.699768
0.699749
0.699729
0.69971
0.699691
0.699672
0.699653
0.699634
0.699615
0.699596
0.699577
0.699558
0.699539
0.69952
0.699501
0.699481
0.699462
0.699443
0.699424
0.699405
0.699386
0.699367
0.699347
0.699328
0.699309
0.69929
0.699271
0.699251
0.699232
0.699213
0.699194
0.699175
0.699155
0.699136
0.699117
0.699098
0.699078
0.699059
0.69904
0.699021
0.699001
0.698982
0.698963
0.698943
0.698924
0.698905
0.698885
0.698866
0.698847
0.698828
0.698808
0.698789
0.698769
0.69875
0.698731
0.698711
0.698692
0.698673
0.698653
0.698634
0.698614
0.698595
0.698576
0.698556
0.698537
0.698517
0.698498
0.698478
0.698459
0.69844
0.69842
0.698401
0.698381
0.698362
0.698342
0.698323
0.698303
0.698284
0.698264
0.698245
0.698225
0.698206
0.698186
0.698167
0.698147
0.698127
0.698108
0.698088
0.698069
0.698049
0.69803
0.69801
0.69799
0.697971
0.697951
0.697932
0.697912
0.697892
0.697873
0.697853
0.697834
0.697814
0.697794
0.697775
0.697755
0.697735
0.697716
0.697696
0.697676
0.697657
0.697637
0.697617
0.697597
0.697578
0.697558
0.697538
0.697519
0.697499
0.697479
0.697459
0.69744
0.69742
0.6974
0.69738
0.697361
0.697341
0.697321
0.697301
0.697281
0.697262
0.697242
0.697222
0.697202
0.697182
0.697163
0.697143
0.697123
0.697103
0.697083
0.697063
0.697043
0.697024
0.697004
0.696984
0.696964
0.696944
0.696924
0.696904
0.696884
0.696864
0.696845
0.696825
0.696805
0.696785
0.696765
0.696745
0.696725
0.696705
0.696685
0.696665
0.696645
0.696625
0.696605
0.696585
0.696565
0.696545
0.696525
0.696505
0.696485
0.696465
0.696445
0.696425
0.696405
0.696385
0.696365
0.696345
0.696325
0.696305
0.696285
0.696265
0.696245
0.696225
0.696204
0.696184
0.696164
0.696144
0.696124
0.696104
0.696084
0.696064
0.696044
0.696023
0.696003
0.695983
0.695963
0.695943
0.695923
0.695903
0.695882
0.695862
0.695842
0.695822
0.695802
0.695781
0.695761
0.695741
0.695721
0.695701
0.69568
0.69566
0.69564
0.69562
0.695599
0.695579
0.695559
0.695539
0.695518
0.695498
0.695478
0.695457
0.695437
0.695417
0.695397
0.695376
0.695356
0.695336
0.695315
0.695295
0.695275
0.695254
0.695234
0.695214
0.695193
0.695173
0.695152
0.695132
0.695112
0.695091
0.695071
0.695051
0.69503
0.69501
0.694989
0.694969
0.694948
0.694928
0.694908
0.694887
0.694867
0.694846
0.694826
0.694805
0.694785
0.694764
0.694744
0.694723
0.694703
0.694682
0.694662
0.694641
0.694621
0.6946
0.69458
0.694559
0.694539
0.694518
0.694498
0.694477
0.694457
0.694436
0.694415
0.694395
0.694374
0.694354
0.694333
0.694312
0.694292
0.694271
0.694251
0.69423
0.694209
0.694189
0.694168
0.694147
0.694127
0.694106
0.694085
0.694065
0.694044
0.694023
0.694003
0.693982
0.693961
0.69394
0.69392
0.693899
0.693878
0.693858
0.693837
0.693816
0.693795
0.693774
0.693754
0.693733
0.693712
)
;

boundaryField
{
    inlet
    {
        type            calculated;
        value           uniform -0.709421;
    }
    outlet
    {
        type            calculated;
        value           uniform 0.693691;
    }
    emptyWalls
    {
        type            empty;
        value           nonuniform List<scalar> 0();
    }
}


// ************************************************************************* //
