/*--------------------------------*- C++ -*----------------------------------*\
  =========                 |
  \\      /  F ield         | OpenFOAM: The Open Source CFD Toolbox
   \\    /   O peration     | Website:  https://openfoam.org
    \\  /    A nd           | Version:  9
     \\/     M anipulation  |
\*---------------------------------------------------------------------------*/
FoamFile
{
    format      ascii;
    class       volScalarField;
    location    "14.7";
    object      Sb;
}
// * * * * * * * * * * * * * * * * * * * * * * * * * * * * * * * * * * * * * //

dimensions      [0 0 0 0 0 0 0];

internalField   nonuniform List<scalar> 
1000
(
0.49934
0.498934
0.498559
0.498197
0.497845
0.4975
0.497159
0.496822
0.496489
0.496159
0.495832
0.495508
0.495185
0.494865
0.494547
0.494231
0.493917
0.493605
0.493295
0.492986
0.492679
0.492373
0.49207
0.491767
0.491466
0.491167
0.490869
0.490573
0.490277
0.489984
0.489691
0.4894
0.48911
0.488822
0.488535
0.488249
0.487964
0.48768
0.487398
0.487117
0.486837
0.486558
0.486281
0.486004
0.485729
0.485455
0.485181
0.484909
0.484638
0.484368
0.484099
0.483832
0.483565
0.483299
0.483034
0.482771
0.482508
0.482246
0.481985
0.481725
0.481467
0.481209
0.480952
0.480696
0.480441
0.480186
0.479933
0.479681
0.479429
0.479179
0.478929
0.47868
0.478432
0.478185
0.477939
0.477693
0.477449
0.477205
0.476962
0.47672
0.476479
0.476239
0.475999
0.47576
0.475522
0.475285
0.475048
0.474812
0.474577
0.474343
0.47411
0.473877
0.473645
0.473414
0.473184
0.472954
0.472725
0.472496
0.472269
0.472042
0.471816
0.47159
0.471366
0.471141
0.470918
0.470695
0.470473
0.470252
0.470031
0.469811
0.469592
0.469373
0.469155
0.468937
0.468721
0.468504
0.468289
0.468074
0.46786
0.467646
0.467433
0.46722
0.467009
0.466797
0.466587
0.466377
0.466167
0.465958
0.46575
0.465542
0.465335
0.465129
0.464923
0.464717
0.464512
0.464308
0.464104
0.463901
0.463699
0.463497
0.463295
0.463094
0.462894
0.462694
0.462494
0.462295
0.462097
0.461899
0.461702
0.461505
0.461309
0.461113
0.460918
0.460723
0.460529
0.460335
0.460142
0.459949
0.459757
0.459565
0.459374
0.459183
0.458993
0.458803
0.458613
0.458425
0.458236
0.458048
0.457861
0.457673
0.457487
0.457301
0.457115
0.45693
0.456745
0.456561
0.456377
0.456193
0.45601
0.455828
0.455646
0.455464
0.455282
0.455102
0.454921
0.454741
0.454562
0.454382
0.454204
0.454025
0.453847
0.45367
0.453493
0.453316
0.45314
0.452964
0.452788
0.452613
0.452438
0.452264
0.45209
0.451917
0.451743
0.451571
0.451398
0.451226
0.451055
0.450883
0.450712
0.450542
0.450372
0.450202
0.450033
0.449864
0.449695
0.449527
0.449359
0.449191
0.449024
0.448857
0.448691
0.448525
0.448359
0.448193
0.448028
0.447863
0.447699
0.447535
0.447371
0.447208
0.447045
0.446882
0.44672
0.446558
0.446396
0.446235
0.446074
0.445913
0.445752
0.445592
0.445433
0.445273
0.445114
0.444955
0.444797
0.444639
0.444481
0.444323
0.444166
0.444009
0.443853
0.443696
0.44354
0.443385
0.443229
0.443074
0.442919
0.442765
0.442611
0.442457
0.442303
0.44215
0.441997
0.441844
0.441692
0.44154
0.441388
0.441236
0.441085
0.440934
0.440784
0.440633
0.440483
0.440333
0.440184
0.440034
0.439885
0.439737
0.439588
0.43944
0.439292
0.439144
0.438997
0.43885
0.438703
0.438556
0.43841
0.438264
0.438118
0.437973
0.437827
0.437682
0.437538
0.437393
0.437249
0.437105
0.436961
0.436818
0.436674
0.436531
0.436389
0.436246
0.436104
0.435962
0.43582
0.435679
0.435537
0.435396
0.435256
0.435115
0.434975
0.434835
0.434695
0.434555
0.434416
0.434277
0.434138
0.433999
0.433861
0.433723
0.433585
0.433447
0.43331
0.433172
0.433035
0.432899
0.432762
0.432626
0.43249
0.432354
0.432218
0.432082
0.431947
0.431812
0.431677
0.431543
0.431408
0.431274
0.43114
0.431007
0.430873
0.43074
0.430607
0.430474
0.430341
0.430209
0.430077
0.429945
0.429813
0.429681
0.42955
0.429418
0.429287
0.429157
0.429026
0.428896
0.428766
0.428636
0.428506
0.428376
0.428247
0.428118
0.427989
0.42786
0.427731
0.427603
0.427475
0.427347
0.427219
0.427091
0.426964
0.426836
0.426709
0.426582
0.426456
0.426329
0.426203
0.426077
0.425951
0.425825
0.4257
0.425574
0.425449
0.425324
0.425199
0.425075
0.42495
0.424826
0.424702
0.424578
0.424454
0.42433
0.424207
0.424084
0.423961
0.423838
0.423715
0.423593
0.42347
0.423348
0.423226
0.423104
0.422983
0.422861
0.42274
0.422619
0.422498
0.422377
0.422256
0.422136
0.422016
0.421896
0.421776
0.421656
0.421536
0.421417
0.421297
0.421178
0.421059
0.42094
0.420822
0.420703
0.420585
0.420467
0.420349
0.420231
0.420113
0.419996
0.419878
0.419761
0.419644
0.419527
0.41941
0.419294
0.419177
0.419061
0.418945
0.418829
0.418713
0.418597
0.418482
0.418366
0.418251
0.418136
0.418021
0.417906
0.417792
0.417677
0.417563
0.417449
0.417335
0.417221
0.417107
0.416993
0.41688
0.416766
0.416653
0.41654
0.416427
0.416315
0.416202
0.41609
0.415977
0.415865
0.415753
0.415641
0.415529
0.415418
0.415306
0.415195
0.415084
0.414973
0.414862
0.414751
0.41464
0.41453
0.414419
0.414309
0.414199
0.414089
0.413979
0.413869
0.41376
0.41365
0.413541
0.413432
0.413323
0.413214
0.413105
0.412996
0.412888
0.412779
0.412671
0.412563
0.412455
0.412347
0.412239
0.412132
0.412024
0.411917
0.411809
0.411702
0.411595
0.411488
0.411381
0.411275
0.411168
0.411062
0.410956
0.410849
0.410743
0.410638
0.410532
0.410426
0.410321
0.410215
0.41011
0.410005
0.4099
0.409795
0.40969
0.409585
0.40948
0.409376
0.409272
0.409167
0.409063
0.408959
0.408855
0.408752
0.408648
0.408544
0.408441
0.408338
0.408234
0.408131
0.408028
0.407925
0.407823
0.40772
0.407618
0.407515
0.407413
0.407311
0.407209
0.407107
0.407005
0.406903
0.406801
0.4067
0.406598
0.406497
0.406396
0.406295
0.406194
0.406093
0.405992
0.405891
0.405791
0.40569
0.40559
0.40549
0.40539
0.40529
0.40519
0.40509
0.40499
0.404891
0.404791
0.404692
0.404592
0.404493
0.404394
0.404295
0.404196
0.404097
0.403999
0.4039
0.403801
0.403703
0.403605
0.403507
0.403408
0.40331
0.403213
0.403115
0.403017
0.402919
0.402822
0.402725
0.402627
0.40253
0.402433
0.402336
0.402239
0.402142
0.402045
0.401949
0.401852
0.401756
0.401659
0.401563
0.401467
0.401371
0.401275
0.401179
0.401083
0.400988
0.400892
0.400796
0.400701
0.400606
0.400511
0.400415
0.40032
0.400225
0.40013
0.400036
0.399941
0.399846
0.399752
0.399658
0.399563
0.399469
0.399375
0.399281
0.399187
0.399093
0.398999
0.398905
0.398812
0.398718
0.398625
0.398531
0.398438
0.398345
0.398252
0.398159
0.398066
0.397973
0.39788
0.397788
0.397695
0.397603
0.39751
0.397418
0.397326
0.397233
0.397141
0.397049
0.396957
0.396866
0.396774
0.396682
0.396591
0.396499
0.396408
0.396316
0.396225
0.396134
0.396043
0.395952
0.395861
0.39577
0.395679
0.395589
0.395498
0.395407
0.395317
0.395227
0.395136
0.395046
0.394956
0.394866
0.394776
0.394686
0.394596
0.394506
0.394417
0.394327
0.394238
0.394148
0.394059
0.39397
0.39388
0.393791
0.393702
0.393613
0.393524
0.393435
0.393347
0.393258
0.393169
0.393081
0.392992
0.392904
0.392816
0.392727
0.392639
0.392551
0.392463
0.392375
0.392287
0.3922
0.392112
0.392024
0.391937
0.391849
0.391762
0.391674
0.391587
0.3915
0.391413
0.391325
0.391238
0.391151
0.391065
0.390978
0.390891
0.390804
0.390718
0.390631
0.390545
0.390458
0.390372
0.390286
0.3902
0.390114
0.390028
0.389942
0.389856
0.38977
0.389684
0.389598
0.389513
0.389427
0.389342
0.389256
0.389171
0.389086
0.389
0.388915
0.38883
0.388745
0.38866
0.388575
0.38849
0.388405
0.388321
0.388236
0.388152
0.388067
0.387983
0.387898
0.387814
0.38773
0.387645
0.387561
0.387477
0.387393
0.387309
0.387225
0.387141
0.387058
0.386974
0.38689
0.386807
0.386723
0.38664
0.386556
0.386473
0.38639
0.386307
0.386223
0.38614
0.386057
0.385974
0.385891
0.385809
0.385726
0.385643
0.38556
0.385478
0.385395
0.385313
0.38523
0.385148
0.385066
0.384983
0.384901
0.384819
0.384737
0.384655
0.384573
0.384491
0.384409
0.384327
0.384246
0.384164
0.384082
0.384001
0.383919
0.383838
0.383757
0.383675
0.383594
0.383513
0.383432
0.38335
0.383269
0.383188
0.383107
0.383026
0.382946
0.382865
0.382784
0.382703
0.382623
0.382542
0.382462
0.382381
0.382301
0.382221
0.38214
0.38206
0.38198
0.3819
0.38182
0.38174
0.38166
0.38158
0.3815
0.38142
0.38134
0.38126
0.381181
0.381101
0.381022
0.380942
0.380863
0.380783
0.380704
0.380625
0.380545
0.380466
0.380387
0.380308
0.380229
0.38015
0.380071
0.379992
0.379913
0.379834
0.379755
0.379677
0.379598
0.379519
0.379441
0.379362
0.379284
0.379205
0.379127
0.379049
0.37897
0.378892
0.378814
0.378736
0.378658
0.37858
0.378502
0.378424
0.378346
0.378268
0.37819
0.378112
0.378035
0.377957
0.377879
0.377802
0.377724
0.377647
0.377569
0.377492
0.377415
0.377337
0.37726
0.377183
0.377106
0.377028
0.376951
0.376874
0.376797
0.37672
0.376643
0.376567
0.37649
0.376413
0.376336
0.37626
0.376183
0.376106
0.37603
0.375953
0.375877
0.3758
0.375724
0.375647
0.375571
0.375495
0.375419
0.375342
0.375266
0.37519
0.375114
0.375038
0.374962
0.374886
0.37481
0.374734
0.374658
0.374582
0.374507
0.374431
0.374355
0.37428
0.374204
0.374128
0.374053
0.373977
0.373902
0.373826
0.373751
0.373676
0.3736
0.373525
0.37345
0.373375
0.373299
0.373224
0.373149
0.373074
0.372999
0.372924
0.372849
0.372774
0.372699
0.372624
0.37255
0.372475
0.3724
0.372325
0.372251
0.372176
0.372101
0.372027
0.371952
0.371878
0.371803
0.371729
0.371654
0.37158
0.371505
0.371431
0.371357
0.371282
0.371208
0.371134
0.37106
0.370985
0.370911
0.370837
0.370763
0.370689
0.370615
0.370541
0.370467
0.370393
0.370319
0.370245
0.370171
0.370097
0.370024
0.36995
0.369876
0.369802
0.369728
0.369655
0.369581
0.369507
0.369434
0.36936
0.369286
0.369213
0.369139
0.369066
0.368992
0.368919
0.368845
0.368772
0.368698
)
;

boundaryField
{
    inlet
    {
        type            fixedValue;
        value           uniform 0.5;
    }
    outlet
    {
        type            zeroGradient;
    }
    emptyWalls
    {
        type            empty;
    }
}


// ************************************************************************* //
