/*--------------------------------*- C++ -*----------------------------------*\
  =========                 |
  \\      /  F ield         | OpenFOAM: The Open Source CFD Toolbox
   \\    /   O peration     | Website:  https://openfoam.org
    \\  /    A nd           | Version:  9
     \\/     M anipulation  |
\*---------------------------------------------------------------------------*/
FoamFile
{
    format      ascii;
    class       volScalarField;
    location    "3.9";
    object      Fa;
}
// * * * * * * * * * * * * * * * * * * * * * * * * * * * * * * * * * * * * * //

dimensions      [0 0 0 0 0 0 0];

internalField   nonuniform List<scalar> 
1000
(
0.709418
0.709413
0.709405
0.709397
0.709387
0.709375
0.709362
0.709347
0.709332
0.709315
0.709296
0.709277
0.709256
0.709235
0.709212
0.709188
0.709164
0.709138
0.709111
0.709083
0.709055
0.709025
0.708995
0.708964
0.708932
0.708899
0.708866
0.708832
0.708797
0.708761
0.708724
0.708687
0.70865
0.708611
0.708572
0.708532
0.708492
0.708451
0.70841
0.708367
0.708325
0.708282
0.708238
0.708193
0.708149
0.708103
0.708058
0.708011
0.707964
0.707917
0.707869
0.707821
0.707773
0.707724
0.707674
0.707624
0.707574
0.707523
0.707472
0.70742
0.707368
0.707316
0.707263
0.70721
0.707157
0.707103
0.707049
0.706994
0.70694
0.706884
0.706829
0.706773
0.706717
0.70666
0.706604
0.706547
0.706489
0.706432
0.706374
0.706315
0.706257
0.706198
0.706139
0.70608
0.70602
0.70596
0.7059
0.70584
0.705779
0.705718
0.705657
0.705595
0.705534
0.705472
0.70541
0.705347
0.705285
0.705222
0.705159
0.705096
0.705032
0.704969
0.704905
0.704841
0.704776
0.704712
0.704647
0.704582
0.704517
0.704452
0.704386
0.704321
0.704255
0.704189
0.704122
0.704056
0.703989
0.703923
0.703856
0.703789
0.703721
0.703654
0.703586
0.703518
0.70345
0.703382
0.703314
0.703245
0.703177
0.703108
0.703039
0.70297
0.702901
0.702831
0.702762
0.702692
0.702622
0.702552
0.702482
0.702412
0.702341
0.702271
0.7022
0.702129
0.702058
0.701987
0.701916
0.701844
0.701773
0.701701
0.701629
0.701557
0.701485
0.701413
0.701341
0.701268
0.701196
0.701123
0.70105
0.700977
0.700904
0.700831
0.700758
0.700685
0.700611
0.700537
0.700464
0.70039
0.700316
0.700242
0.700168
0.700093
0.700019
0.699944
0.69987
0.699795
0.69972
0.699645
0.69957
0.699495
0.699419
0.699344
0.699268
0.699193
0.699117
0.699041
0.698965
0.698889
0.698813
0.698737
0.698661
0.698584
0.698508
0.698431
0.698354
0.698277
0.6982
0.698123
0.698046
0.697969
0.697891
0.697814
0.697736
0.697659
0.697581
0.697503
0.697425
0.697347
0.697269
0.697191
0.697112
0.697034
0.696955
0.696876
0.696798
0.696719
0.69664
0.696561
0.696481
0.696402
0.696323
0.696243
0.696164
0.696084
0.696004
0.695924
0.695844
0.695764
0.695684
0.695603
0.695523
0.695442
0.695362
0.695281
0.6952
0.695119
0.695037
0.694956
0.694875
0.694793
0.694711
0.694629
0.694547
0.694465
0.694383
0.694301
0.694218
0.694135
0.694052
0.693969
0.693886
0.693803
0.693719
0.693635
0.693551
0.693467
0.693383
0.693298
0.693214
0.693129
0.693043
0.692958
0.692872
0.692786
0.6927
0.692613
0.692526
0.692439
0.692351
0.692263
0.692174
0.692085
0.691996
0.691906
0.691816
0.691725
0.691634
0.691541
0.691449
0.691355
0.691261
0.691165
0.691069
0.690972
0.690874
0.690774
0.690673
0.69057
0.690466
0.69036
0.690252
0.690141
0.690028
0.689912
0.689793
0.689669
0.689542
0.689409
0.68927
0.689124
0.68897
0.688807
0.688631
0.688442
0.688235
0.688006
0.68775
0.687457
0.687118
0.686715
0.686221
0.685596
0.684767
0.683603
0.68183
0.678803
0.672759
0.625141
0.596086
0.564525
0.544108
0.547009
0.572751
0.605197
0.628161
0.63769
0.637565
0.63224
0.624634
0.616467
0.608892
0.602827
0.599003
0.597833
0.599232
0.602547
0.606712
0.610598
0.613369
0.614662
0.614552
0.613402
0.611688
0.609882
0.608363
0.607378
0.607024
0.607251
0.607901
0.608754
0.609587
0.61023
0.610586
0.610639
0.610441
0.610081
0.609663
0.60928
0.608998
0.608851
0.608837
0.608929
0.609085
0.609256
0.609404
0.609502
0.60954
0.609524
0.609468
0.609393
0.609319
0.609263
0.609233
0.609233
0.609257
0.609297
0.609344
0.609389
0.609425
0.60945
0.609461
0.609463
0.609458
0.609451
0.609444
0.60944
0.60944
0.609442
0.609446
0.609449
0.60945
0.609447
0.60944
0.60943
0.609416
0.609402
0.609387
0.609373
0.609361
0.609351
0.609344
0.60934
0.609338
0.609337
0.609337
0.609339
0.609341
0.609344
0.609348
0.609352
0.609357
0.609363
0.60937
0.609377
0.609384
0.609392
0.609399
0.609406
0.609413
0.609418
0.609422
0.609425
0.609427
0.609428
0.609427
0.609425
0.609423
0.609419
0.609414
0.609408
0.609402
0.609395
0.609387
0.60938
0.609373
0.609365
0.609359
0.609352
0.609346
0.609341
0.609336
0.609332
0.609329
0.609327
0.609325
0.609324
0.609323
0.609323
0.609324
0.609326
0.609328
0.60933
0.609333
0.609336
0.60934
0.609345
0.609349
0.609354
0.609359
0.609364
0.609369
0.609374
0.609379
0.609384
0.609389
0.609393
0.609397
0.6094
0.609403
0.609406
0.609407
0.609408
0.609409
0.609408
0.609407
0.609405
0.609403
0.6094
0.609397
0.609394
0.609389
0.609385
0.609381
0.609376
0.609372
0.609367
0.609363
0.609359
0.609355
0.609352
0.609349
0.609346
0.609344
0.609342
0.609341
0.609341
0.60934
0.609341
0.609341
0.609343
0.609344
0.609346
0.609349
0.609351
0.609354
0.609357
0.609361
0.609364
0.609368
0.609371
0.609375
0.609378
0.609381
0.609384
0.609387
0.609389
0.609391
0.609393
0.609394
0.609395
0.609396
0.609396
0.609395
0.609394
0.609393
0.609391
0.609389
0.609387
0.609384
0.609381
0.609378
0.609375
0.609371
0.609367
0.609363
0.60936
0.609356
0.609352
0.609349
0.609345
0.609342
0.609339
0.609336
0.609333
0.60933
0.609328
0.609326
0.609324
0.609322
0.609321
0.60932
0.609319
0.609318
0.609317
0.609317
0.609317
0.609317
0.609317
0.609318
0.609319
0.60932
0.609321
0.609322
0.609323
0.609325
0.609326
0.609328
0.60933
0.609333
0.609335
0.609337
0.60934
0.609342
0.609345
0.609348
0.609351
0.609354
0.609357
0.60936
0.609362
0.609365
0.609368
0.609371
0.609373
0.609376
0.609378
0.60938
0.609382
0.609384
0.609385
0.609386
0.609387
0.609388
0.609388
0.609388
0.609388
0.609387
0.609387
0.609386
0.609384
0.609383
0.609381
0.609379
0.609377
0.609374
0.60937
0.60936
0.60933
0.609242
0.609415
0.618462
0.645633
0.648119
0.648125
0.648132
0.648133
0.64813
0.648125
0.648121
0.648119
0.648117
0.648115
0.648113
0.648111
0.64811
0.648108
0.648107
0.648107
0.648106
0.648105
0.648105
0.648104
0.648104
0.648104
0.648104
0.648104
0.648104
0.648104
0.648104
0.648104
0.648104
0.648104
0.648104
0.648104
0.648104
0.648104
0.648104
0.648104
0.648104
0.648104
0.648105
0.648105
0.648105
0.648105
0.648105
0.648105
0.648105
0.648105
0.648105
0.648106
0.648106
0.648106
0.648106
0.648106
0.648106
0.648106
0.648106
0.648106
0.648107
0.648107
0.648107
0.648107
0.648107
0.648107
0.648107
0.648107
0.648107
0.648108
0.648108
0.648108
0.648108
0.648108
0.648108
0.648108
0.648108
0.648108
0.648108
0.648109
0.648109
0.648109
0.648109
0.648109
0.648109
0.648109
0.648109
0.648109
0.648109
0.648109
0.648109
0.64811
0.64811
0.64811
0.64811
0.64811
0.64811
0.64811
0.64811
0.64811
0.64811
0.64811
0.64811
0.64811
0.64811
0.64811
0.64811
0.64811
0.64811
0.648111
0.648111
0.648111
0.648111
0.648111
0.648111
0.648111
0.64811
0.64811
0.64811
0.64811
0.64811
0.64811
0.64811
0.64811
0.64811
0.648109
0.648109
0.648109
0.648109
0.648108
0.648108
0.648108
0.648107
0.648107
0.648106
0.648106
0.648105
0.648104
0.648103
0.648103
0.648102
0.648101
0.6481
0.648099
0.648097
0.648096
0.648095
0.648093
0.648092
0.648091
0.648089
0.648088
0.648086
0.648084
0.648083
0.648081
0.648079
0.648078
0.648076
0.648075
0.648073
0.648071
0.64807
0.648069
0.648067
0.648066
0.648065
0.648064
0.648063
0.648062
0.648061
0.64806
0.64806
0.648059
0.648059
0.648058
0.648058
0.648058
0.648058
0.648058
0.648058
0.648058
0.648058
0.648059
0.648059
0.648059
0.648059
0.64806
0.64806
0.64806
0.64806
0.64806
0.648061
0.648061
0.648061
0.648061
0.648061
0.648061
0.64806
0.64806
0.64806
0.64806
0.648059
0.648059
0.648058
0.648058
0.648054
0.647939
0.643743
0.41101
0
0
0
0
0
0
0
0
0
0
0
0
0
0
0
0
0
0
0
0
0
0
0
0
0
0
0
0
0
0
0
0
0
0
0
0
0
0
0
0
0
0
0
0
0
0
0
0
0
0
0
0
0
0
0
0
0
0
0
0
0
0
0
0
0
0
0
0
0
0
0
0
0
0
0
0
0
0
0
0
0
0
0
0
0
0
0
0
0
0
0
0
0
0
0
0
0
0
0
0
0
0
0
0
0
0
0
0
0
0
0
0
0
0
0
0
0
0
0
0
0
0
0
0
0
0
0
0
0
0
0
0
0
0
0
0
0
0
0
0
0
0
0
0
0
0
0
0
0
0
0
0
0
0
0
0
0
0
0
0
0
0
0
0
0
0
0
0
0
0
0
0
0
0
0
0
0
0
0
0
0
0
)
;

boundaryField
{
    inlet
    {
        type            calculated;
        value           uniform 0.709421;
    }
    outlet
    {
        type            calculated;
        value           uniform 0;
    }
    emptyWalls
    {
        type            empty;
    }
}


// ************************************************************************* //
