/*--------------------------------*- C++ -*----------------------------------*\
  =========                 |
  \\      /  F ield         | OpenFOAM: The Open Source CFD Toolbox
   \\    /   O peration     | Website:  https://openfoam.org
    \\  /    A nd           | Version:  9
     \\/     M anipulation  |
\*---------------------------------------------------------------------------*/
FoamFile
{
    format      ascii;
    class       surfaceScalarField;
    location    "3.9";
    object      phic;
}
// * * * * * * * * * * * * * * * * * * * * * * * * * * * * * * * * * * * * * //

dimensions      [0 2 0 0 0 0 0];

internalField   nonuniform List<scalar> 
999
(
8.65158e-06
2.24031e-05
4.07322e-05
6.33356e-05
8.99901e-05
0.000120514
0.000154751
0.000192563
0.000233823
0.000278417
0.000326236
0.000377181
0.000431158
0.000488078
0.000547857
0.000610416
0.00067568
0.000743577
0.000814037
0.000886996
0.000962391
0.00104016
0.00112025
0.0012026
0.00128716
0.00137389
0.00146272
0.00155361
0.00164653
0.00174141
0.00183823
0.00193694
0.00203751
0.00213988
0.00224404
0.00234993
0.00245754
0.00256682
0.00267774
0.00279027
0.00290439
0.00302006
0.00313725
0.00325594
0.0033761
0.00349771
0.00362074
0.00374516
0.00387095
0.00399809
0.00412656
0.00425634
0.0043874
0.00451972
0.00465329
0.00478808
0.00492408
0.00506127
0.00519962
0.00533913
0.00547978
0.00562154
0.00576441
0.00590836
0.00605339
0.00619947
0.0063466
0.00649475
0.00664392
0.0067941
0.00694526
0.00709739
0.00725049
0.00740454
0.00755953
0.00771545
0.00787228
0.00803002
0.00818865
0.00834816
0.00850855
0.0086698
0.0088319
0.00899485
0.00915863
0.00932323
0.00948865
0.00965488
0.0098219
0.00998971
0.0101583
0.0103277
0.0104978
0.0106687
0.0108403
0.0110127
0.0111858
0.0113597
0.0115342
0.0117095
0.0118855
0.0120622
0.0122396
0.0124176
0.0125964
0.0127758
0.0129559
0.0131367
0.0133181
0.0135001
0.0136829
0.0138662
0.0140502
0.0142348
0.0144201
0.014606
0.0147924
0.0149795
0.0151672
0.0153556
0.0155445
0.015734
0.0159241
0.0161147
0.016306
0.0164978
0.0166902
0.0168832
0.0170767
0.0172708
0.0174655
0.0176607
0.0178565
0.0180528
0.0182496
0.018447
0.018645
0.0188434
0.0190424
0.019242
0.019442
0.0196426
0.0198437
0.0200453
0.0202474
0.02045
0.0206532
0.0208568
0.021061
0.0212656
0.0214708
0.0216764
0.0218826
0.0220892
0.0222963
0.022504
0.022712
0.0229206
0.0231297
0.0233392
0.0235493
0.0237597
0.0239707
0.0241822
0.0243941
0.0246065
0.0248193
0.0250326
0.0252464
0.0254607
0.0256754
0.0258905
0.0261062
0.0263222
0.0265388
0.0267558
0.0269732
0.0271911
0.0274095
0.0276283
0.0278476
0.0280673
0.0282875
0.0285081
0.0287291
0.0289507
0.0291726
0.029395
0.0296179
0.0298412
0.0300649
0.0302891
0.0305137
0.0307388
0.0309644
0.0311903
0.0314167
0.0316436
0.0318709
0.0320987
0.0323269
0.0325555
0.0327846
0.0330142
0.0332441
0.0334746
0.0337055
0.0339368
0.0341686
0.0344009
0.0346336
0.0348667
0.0351004
0.0353344
0.035569
0.035804
0.0360395
0.0362754
0.0365118
0.0367487
0.036986
0.0372238
0.0374622
0.0377009
0.0379402
0.03818
0.0384203
0.038661
0.0389023
0.039144
0.0393863
0.0396291
0.0398724
0.0401163
0.0403607
0.0406056
0.0408511
0.0410971
0.0413437
0.0415908
0.0418385
0.0420869
0.0423358
0.0425853
0.0428354
0.0430862
0.0433376
0.0435897
0.0438424
0.0440958
0.04435
0.0446048
0.0448604
0.0451167
0.0453739
0.0456318
0.0458905
0.0461501
0.0464106
0.046672
0.0469343
0.0471976
0.047462
0.0477274
0.0479939
0.0482615
0.0485304
0.0488005
0.0490719
0.0493448
0.0496191
0.0498949
0.0501724
0.0504516
0.0507327
0.0510157
0.0513009
0.0515882
0.051878
0.0521704
0.0524655
0.0527637
0.0530651
0.05337
0.0536788
0.0539918
0.0543095
0.0546322
0.0549606
0.0552951
0.0556367
0.0559859
0.0563439
0.0567117
0.0570906
0.0574821
0.0578882
0.0583111
0.0587534
0.0592185
0.0597104
0.0602342
0.0607965
0.0614055
0.062072
0.0628104
0.0636402
0.0645885
0.065694
0.0670141
0.0686376
0.0707089
0.0734792
0.0774271
0.0835798
0.0945933
0.119611
0.227313
0.257557
0.26893
0.274737
0.272186
0.257551
0.238168
0.22408
0.218165
0.218217
0.22149
0.226167
0.231184
0.235836
0.23956
0.241908
0.242627
0.24177
0.239737
0.237183
0.234801
0.233105
0.232316
0.232387
0.233097
0.234152
0.235264
0.2362
0.236807
0.237026
0.236888
0.236491
0.235969
0.235458
0.235065
0.234848
0.234817
0.234941
0.235164
0.235423
0.235661
0.235837
0.235931
0.235943
0.235889
0.235797
0.235695
0.235608
0.235551
0.23553
0.235543
0.23558
0.235629
0.235677
0.235714
0.235734
0.235737
0.235725
0.235703
0.235677
0.235653
0.235634
0.235623
0.23562
0.235623
0.23563
0.235639
0.235647
0.235654
0.235658
0.235661
0.235663
0.235664
0.235667
0.235672
0.235679
0.235688
0.235698
0.235709
0.23572
0.23573
0.235739
0.235746
0.235752
0.235756
0.235758
0.23576
0.235761
0.235761
0.235761
0.235761
0.235761
0.23576
0.235758
0.235757
0.235755
0.235753
0.235751
0.235749
0.235748
0.235746
0.235746
0.235746
0.235747
0.235749
0.235752
0.235756
0.23576
0.235766
0.235772
0.235779
0.235786
0.235794
0.235802
0.235811
0.235819
0.235828
0.235837
0.235845
0.235854
0.235861
0.235869
0.235876
0.235882
0.235888
0.235894
0.235899
0.235903
0.235907
0.235911
0.235914
0.235917
0.235919
0.235921
0.235923
0.235924
0.235925
0.235926
0.235926
0.235927
0.235927
0.235927
0.235927
0.235927
0.235927
0.235927
0.235927
0.235928
0.235928
0.235929
0.23593
0.235932
0.235934
0.235936
0.235939
0.235942
0.235946
0.23595
0.235954
0.235959
0.235965
0.23597
0.235976
0.235982
0.235988
0.235995
0.236001
0.236007
0.236014
0.23602
0.236026
0.236032
0.236038
0.236043
0.236048
0.236053
0.236058
0.236062
0.236066
0.23607
0.236074
0.236077
0.23608
0.236083
0.236085
0.236087
0.23609
0.236091
0.236093
0.236095
0.236097
0.236099
0.2361
0.236102
0.236104
0.236106
0.236108
0.23611
0.236113
0.236115
0.236118
0.236121
0.236125
0.236128
0.236132
0.236136
0.236141
0.236146
0.236151
0.236156
0.236161
0.236167
0.236173
0.236179
0.236185
0.236191
0.236197
0.236203
0.23621
0.236216
0.236223
0.236229
0.236235
0.236241
0.236247
0.236254
0.236259
0.236265
0.236271
0.236276
0.236282
0.236287
0.236292
0.236297
0.236302
0.236307
0.236312
0.236316
0.23632
0.236325
0.236329
0.236333
0.236336
0.23634
0.236344
0.236347
0.236351
0.236354
0.236357
0.23636
0.236363
0.236366
0.236369
0.236371
0.236374
0.236377
0.236379
0.236382
0.236384
0.236387
0.23639
0.236392
0.236395
0.236397
0.2364
0.236403
0.236406
0.236409
0.236412
0.236415
0.236419
0.236423
0.236426
0.23643
0.236434
0.236439
0.236443
0.236448
0.236453
0.236458
0.236464
0.236469
0.236475
0.23648
0.236486
0.236491
0.236494
0.236486
0.236432
0.236192
0.235181
0.23094
0.21253
0.131852
0.0100927
7.51172e-06
8.49487e-13
1.11022e-16
-1.11022e-16
0
-1.11022e-16
0
-5.55112e-17
-5.55112e-17
0
-5.55112e-17
1.11022e-16
-1.66533e-16
5.55112e-17
-5.55112e-17
-5.55112e-17
5.55112e-17
1.11022e-16
-5.55112e-17
0
1.66533e-16
-5.55112e-17
5.55112e-17
-1.11022e-16
-5.55112e-17
0
-5.55112e-17
0
1.11022e-16
-1.11022e-16
-5.55112e-17
-1.11022e-16
5.55112e-17
0
1.11022e-16
-5.55112e-17
1.11022e-16
1.11022e-16
0
-1.11022e-16
5.55112e-17
-5.55112e-17
0
0
5.55112e-17
0
0
0
0
1.11022e-16
5.55112e-17
1.11022e-16
0
1.11022e-16
5.55112e-17
-1.11022e-16
0
-5.55112e-17
0
0
1.11022e-16
0
5.55112e-17
-5.55112e-17
-1.11022e-16
-5.55112e-17
0
-5.55112e-17
-1.11022e-16
5.55112e-17
-1.66533e-16
5.55112e-17
5.55112e-17
0
-5.55112e-17
5.55112e-17
5.55112e-17
5.55112e-17
5.55112e-17
-5.55112e-17
0
5.55112e-17
-5.55112e-17
0
-1.11022e-16
0
-5.55112e-17
-5.55112e-17
0
0
0
-5.55112e-17
-1.66533e-16
-1.11022e-16
5.55112e-17
5.55112e-17
-1.11022e-16
-5.55112e-17
0
5.55112e-17
5.55112e-17
1.11022e-16
0
-5.55112e-17
0
0
-1.11022e-16
-1.11022e-16
-5.55112e-17
1.11022e-16
1.66533e-16
0
-1.11022e-16
1.11022e-16
5.55112e-17
5.55112e-17
-5.55112e-17
0
-5.55112e-17
-5.55112e-17
0
5.55112e-17
-1.11022e-16
-5.55112e-17
5.55112e-17
1.11022e-16
0
-5.55112e-17
-5.55112e-17
5.55112e-17
0
-5.55112e-17
1.11022e-16
0
-5.55112e-17
0
-5.55112e-17
0
0
0
0
1.11022e-16
1.11022e-16
1.11022e-16
0
5.55112e-17
-1.11022e-16
5.55112e-17
1.66533e-16
-5.55112e-17
1.11022e-16
0
0
-5.55112e-17
-5.55112e-17
1.11022e-16
-1.11022e-16
-1.11022e-16
-5.55112e-17
0
5.55112e-17
1.11022e-16
5.55112e-17
-1.11022e-16
5.55112e-17
0
5.55112e-17
0
0
1.66533e-16
0
0
0
-5.55112e-17
-5.55112e-17
-5.55112e-17
5.55112e-17
5.55112e-17
-5.55112e-17
-1.11022e-16
0
5.55112e-17
-1.11022e-16
5.55112e-17
5.55112e-17
-1.66533e-16
-5.55112e-17
0
5.55112e-17
-5.55112e-17
0
-5.55112e-17
5.55112e-17
-5.55112e-17
5.55112e-17
0
-5.55112e-17
-5.55112e-17
5.55112e-17
0
1.11022e-16
-5.55112e-17
0
-5.55112e-17
-5.55112e-17
0
0
0
0
0
0
0
0
0
0
0
0
0
0
0
0
0
0
0
0
0
0
0
0
0
0
0
0
0
0
0
0
0
0
0
0
0
0
0
0
0
0
0
0
0
0
0
0
0
0
0
0
0
0
0
0
0
0
0
0
0
0
0
0
0
0
0
0
0
0
0
0
0
0
0
0
0
0
0
0
0
0
0
0
0
0
0
0
0
0
0
0
0
0
0
0
0
0
0
0
0
0
0
0
0
0
0
0
0
0
0
0
0
0
0
0
0
0
0
0
0
0
0
0
0
0
0
0
0
0
0
0
0
0
0
0
0
0
0
0
0
0
0
0
0
0
0
0
0
0
0
0
0
0
0
0
0
0
0
0
0
0
0
0
0
0
0
0
0
0
0
0
0
0
0
0
0
0
0
0
0
0
)
;

boundaryField
{
    inlet
    {
        type            calculated;
        value           uniform 0;
    }
    outlet
    {
        type            calculated;
        value           uniform 0;
    }
    emptyWalls
    {
        type            empty;
        value           nonuniform List<scalar> 0();
    }
}


// ************************************************************************* //
