/*--------------------------------*- C++ -*----------------------------------*\
  =========                 |
  \\      /  F ield         | OpenFOAM: The Open Source CFD Toolbox
   \\    /   O peration     | Website:  https://openfoam.org
    \\  /    A nd           | Version:  9
     \\/     M anipulation  |
\*---------------------------------------------------------------------------*/
FoamFile
{
    format      ascii;
    class       volVectorField;
    location    "3.9";
    object      Ub;
}
// * * * * * * * * * * * * * * * * * * * * * * * * * * * * * * * * * * * * * //

dimensions      [0 0 0 0 0 0 0];

internalField   nonuniform List<vector> 
1000
(
(0.290576 0 0)
(0.290569 0 0)
(0.290559 0 0)
(0.290547 0 0)
(0.290532 0 0)
(0.290514 0 0)
(0.290494 0 0)
(0.290472 0 0)
(0.290447 0 0)
(0.290421 0 0)
(0.290392 0 0)
(0.290362 0 0)
(0.290329 0 0)
(0.290295 0 0)
(0.290259 0 0)
(0.290221 0 0)
(0.290181 0 0)
(0.29014 0 0)
(0.290097 0 0)
(0.290052 0 0)
(0.290006 0 0)
(0.289959 0 0)
(0.28991 0 0)
(0.289859 0 0)
(0.289807 0 0)
(0.289754 0 0)
(0.289699 0 0)
(0.289643 0 0)
(0.289586 0 0)
(0.289527 0 0)
(0.289468 0 0)
(0.289407 0 0)
(0.289344 0 0)
(0.289281 0 0)
(0.289216 0 0)
(0.289151 0 0)
(0.289084 0 0)
(0.289016 0 0)
(0.288947 0 0)
(0.288878 0 0)
(0.288807 0 0)
(0.288735 0 0)
(0.288662 0 0)
(0.288588 0 0)
(0.288513 0 0)
(0.288437 0 0)
(0.28836 0 0)
(0.288283 0 0)
(0.288204 0 0)
(0.288125 0 0)
(0.288044 0 0)
(0.287963 0 0)
(0.287881 0 0)
(0.287798 0 0)
(0.287715 0 0)
(0.28763 0 0)
(0.287545 0 0)
(0.287459 0 0)
(0.287372 0 0)
(0.287285 0 0)
(0.287196 0 0)
(0.287107 0 0)
(0.287017 0 0)
(0.286927 0 0)
(0.286836 0 0)
(0.286744 0 0)
(0.286651 0 0)
(0.286558 0 0)
(0.286464 0 0)
(0.286369 0 0)
(0.286274 0 0)
(0.286178 0 0)
(0.286081 0 0)
(0.285984 0 0)
(0.285886 0 0)
(0.285787 0 0)
(0.285688 0 0)
(0.285588 0 0)
(0.285488 0 0)
(0.285387 0 0)
(0.285285 0 0)
(0.285183 0 0)
(0.285081 0 0)
(0.284977 0 0)
(0.284873 0 0)
(0.284769 0 0)
(0.284664 0 0)
(0.284558 0 0)
(0.284452 0 0)
(0.284346 0 0)
(0.284239 0 0)
(0.284131 0 0)
(0.284023 0 0)
(0.283914 0 0)
(0.283805 0 0)
(0.283695 0 0)
(0.283585 0 0)
(0.283474 0 0)
(0.283362 0 0)
(0.283251 0 0)
(0.283138 0 0)
(0.283026 0 0)
(0.282912 0 0)
(0.282799 0 0)
(0.282684 0 0)
(0.28257 0 0)
(0.282455 0 0)
(0.282339 0 0)
(0.282223 0 0)
(0.282106 0 0)
(0.281989 0 0)
(0.281872 0 0)
(0.281754 0 0)
(0.281636 0 0)
(0.281517 0 0)
(0.281398 0 0)
(0.281278 0 0)
(0.281158 0 0)
(0.281037 0 0)
(0.280917 0 0)
(0.280795 0 0)
(0.280673 0 0)
(0.280551 0 0)
(0.280428 0 0)
(0.280305 0 0)
(0.280182 0 0)
(0.280058 0 0)
(0.279934 0 0)
(0.279809 0 0)
(0.279684 0 0)
(0.279558 0 0)
(0.279433 0 0)
(0.279306 0 0)
(0.279179 0 0)
(0.279052 0 0)
(0.278925 0 0)
(0.278797 0 0)
(0.278669 0 0)
(0.27854 0 0)
(0.278411 0 0)
(0.278282 0 0)
(0.278152 0 0)
(0.278022 0 0)
(0.277891 0 0)
(0.27776 0 0)
(0.277629 0 0)
(0.277497 0 0)
(0.277365 0 0)
(0.277233 0 0)
(0.2771 0 0)
(0.276967 0 0)
(0.276833 0 0)
(0.276699 0 0)
(0.276565 0 0)
(0.27643 0 0)
(0.276295 0 0)
(0.27616 0 0)
(0.276024 0 0)
(0.275888 0 0)
(0.275752 0 0)
(0.275615 0 0)
(0.275478 0 0)
(0.27534 0 0)
(0.275202 0 0)
(0.275064 0 0)
(0.274925 0 0)
(0.274787 0 0)
(0.274647 0 0)
(0.274508 0 0)
(0.274368 0 0)
(0.274227 0 0)
(0.274087 0 0)
(0.273946 0 0)
(0.273804 0 0)
(0.273663 0 0)
(0.27352 0 0)
(0.273378 0 0)
(0.273235 0 0)
(0.273092 0 0)
(0.272949 0 0)
(0.272805 0 0)
(0.272661 0 0)
(0.272516 0 0)
(0.272372 0 0)
(0.272226 0 0)
(0.272081 0 0)
(0.271935 0 0)
(0.271789 0 0)
(0.271642 0 0)
(0.271495 0 0)
(0.271348 0 0)
(0.271201 0 0)
(0.271053 0 0)
(0.270905 0 0)
(0.270756 0 0)
(0.270607 0 0)
(0.270458 0 0)
(0.270308 0 0)
(0.270158 0 0)
(0.270008 0 0)
(0.269857 0 0)
(0.269706 0 0)
(0.269555 0 0)
(0.269403 0 0)
(0.269251 0 0)
(0.269099 0 0)
(0.268946 0 0)
(0.268793 0 0)
(0.268639 0 0)
(0.268486 0 0)
(0.268331 0 0)
(0.268177 0 0)
(0.268022 0 0)
(0.267867 0 0)
(0.267711 0 0)
(0.267555 0 0)
(0.267399 0 0)
(0.267242 0 0)
(0.267085 0 0)
(0.266928 0 0)
(0.26677 0 0)
(0.266612 0 0)
(0.266454 0 0)
(0.266295 0 0)
(0.266135 0 0)
(0.265976 0 0)
(0.265816 0 0)
(0.265655 0 0)
(0.265494 0 0)
(0.265333 0 0)
(0.265172 0 0)
(0.26501 0 0)
(0.264847 0 0)
(0.264685 0 0)
(0.264521 0 0)
(0.264358 0 0)
(0.264194 0 0)
(0.264029 0 0)
(0.263864 0 0)
(0.263699 0 0)
(0.263533 0 0)
(0.263367 0 0)
(0.2632 0 0)
(0.263033 0 0)
(0.262865 0 0)
(0.262697 0 0)
(0.262529 0 0)
(0.26236 0 0)
(0.26219 0 0)
(0.26202 0 0)
(0.261849 0 0)
(0.261678 0 0)
(0.261506 0 0)
(0.261334 0 0)
(0.261161 0 0)
(0.260988 0 0)
(0.260814 0 0)
(0.260639 0 0)
(0.260464 0 0)
(0.260288 0 0)
(0.260111 0 0)
(0.259934 0 0)
(0.259755 0 0)
(0.259576 0 0)
(0.259397 0 0)
(0.259216 0 0)
(0.259035 0 0)
(0.258852 0 0)
(0.258669 0 0)
(0.258485 0 0)
(0.258299 0 0)
(0.258113 0 0)
(0.257926 0 0)
(0.257737 0 0)
(0.257547 0 0)
(0.257355 0 0)
(0.257162 0 0)
(0.256968 0 0)
(0.256772 0 0)
(0.256574 0 0)
(0.256374 0 0)
(0.256172 0 0)
(0.255968 0 0)
(0.255762 0 0)
(0.255553 0 0)
(0.255341 0 0)
(0.255126 0 0)
(0.254908 0 0)
(0.254685 0 0)
(0.254459 0 0)
(0.254228 0 0)
(0.253992 0 0)
(0.25375 0 0)
(0.253502 0 0)
(0.253247 0 0)
(0.252983 0 0)
(0.252709 0 0)
(0.252425 0 0)
(0.252128 0 0)
(0.251817 0 0)
(0.251488 0 0)
(0.251139 0 0)
(0.250766 0 0)
(0.250362 0 0)
(0.249923 0 0)
(0.249438 0 0)
(0.248897 0 0)
(0.248282 0 0)
(0.247571 0 0)
(0.24673 0 0)
(0.245706 0 0)
(0.244418 0 0)
(0.242725 0 0)
(0.240362 0 0)
(0.23678 0 0)
(0.230597 0 0)
(0.217117 0 0)
(0.177588 0 0)
(0.146951 0 0)
(0.15645 0 0)
(0.17385 0 0)
(0.18098 0 0)
(0.175251 0 0)
(0.163167 0 0)
(0.152197 0 0)
(0.145952 0 0)
(0.144181 0 0)
(0.145244 0 0)
(0.147735 0 0)
(0.150774 0 0)
(0.15381 0 0)
(0.156442 0 0)
(0.158351 0 0)
(0.159315 0 0)
(0.159269 0 0)
(0.158358 0 0)
(0.156911 0 0)
(0.155353 0 0)
(0.154063 0 0)
(0.153274 0 0)
(0.153042 0 0)
(0.153281 0 0)
(0.153831 0 0)
(0.154507 0 0)
(0.155146 0 0)
(0.155627 0 0)
(0.155883 0 0)
(0.155905 0 0)
(0.155734 0 0)
(0.155443 0 0)
(0.155116 0 0)
(0.15483 0 0)
(0.154636 0 0)
(0.154555 0 0)
(0.154581 0 0)
(0.154687 0 0)
(0.154835 0 0)
(0.154987 0 0)
(0.155112 0 0)
(0.155192 0 0)
(0.15522 0 0)
(0.155201 0 0)
(0.15515 0 0)
(0.155083 0 0)
(0.155018 0 0)
(0.154968 0 0)
(0.154938 0 0)
(0.154931 0 0)
(0.154942 0 0)
(0.154965 0 0)
(0.154991 0 0)
(0.155014 0 0)
(0.155028 0 0)
(0.155031 0 0)
(0.155024 0 0)
(0.155009 0 0)
(0.154989 0 0)
(0.154968 0 0)
(0.154949 0 0)
(0.154934 0 0)
(0.154923 0 0)
(0.154916 0 0)
(0.154913 0 0)
(0.154911 0 0)
(0.154909 0 0)
(0.154907 0 0)
(0.154903 0 0)
(0.154899 0 0)
(0.154894 0 0)
(0.154889 0 0)
(0.154885 0 0)
(0.154882 0 0)
(0.154881 0 0)
(0.154882 0 0)
(0.154884 0 0)
(0.154887 0 0)
(0.154891 0 0)
(0.154895 0 0)
(0.154899 0 0)
(0.154901 0 0)
(0.154903 0 0)
(0.154904 0 0)
(0.154904 0 0)
(0.154904 0 0)
(0.154902 0 0)
(0.154901 0 0)
(0.154899 0 0)
(0.154896 0 0)
(0.154893 0 0)
(0.15489 0 0)
(0.154886 0 0)
(0.154882 0 0)
(0.154878 0 0)
(0.154873 0 0)
(0.154867 0 0)
(0.154862 0 0)
(0.154856 0 0)
(0.15485 0 0)
(0.154844 0 0)
(0.154839 0 0)
(0.154833 0 0)
(0.154828 0 0)
(0.154823 0 0)
(0.154819 0 0)
(0.154814 0 0)
(0.154811 0 0)
(0.154807 0 0)
(0.154804 0 0)
(0.154802 0 0)
(0.154799 0 0)
(0.154797 0 0)
(0.154796 0 0)
(0.154794 0 0)
(0.154793 0 0)
(0.154791 0 0)
(0.15479 0 0)
(0.154789 0 0)
(0.154787 0 0)
(0.154786 0 0)
(0.154784 0 0)
(0.154782 0 0)
(0.15478 0 0)
(0.154778 0 0)
(0.154776 0 0)
(0.154773 0 0)
(0.15477 0 0)
(0.154767 0 0)
(0.154764 0 0)
(0.154761 0 0)
(0.154757 0 0)
(0.154753 0 0)
(0.154749 0 0)
(0.154745 0 0)
(0.154741 0 0)
(0.154736 0 0)
(0.154732 0 0)
(0.154727 0 0)
(0.154722 0 0)
(0.154717 0 0)
(0.154712 0 0)
(0.154707 0 0)
(0.154701 0 0)
(0.154696 0 0)
(0.154691 0 0)
(0.154686 0 0)
(0.154681 0 0)
(0.154676 0 0)
(0.154672 0 0)
(0.154667 0 0)
(0.154663 0 0)
(0.154659 0 0)
(0.154655 0 0)
(0.154651 0 0)
(0.154648 0 0)
(0.154644 0 0)
(0.154641 0 0)
(0.154639 0 0)
(0.154636 0 0)
(0.154634 0 0)
(0.154632 0 0)
(0.15463 0 0)
(0.154628 0 0)
(0.154626 0 0)
(0.154624 0 0)
(0.154622 0 0)
(0.15462 0 0)
(0.154618 0 0)
(0.154616 0 0)
(0.154614 0 0)
(0.154612 0 0)
(0.154609 0 0)
(0.154607 0 0)
(0.154604 0 0)
(0.154601 0 0)
(0.154598 0 0)
(0.154595 0 0)
(0.154591 0 0)
(0.154588 0 0)
(0.154584 0 0)
(0.15458 0 0)
(0.154575 0 0)
(0.154571 0 0)
(0.154566 0 0)
(0.154562 0 0)
(0.154557 0 0)
(0.154552 0 0)
(0.154547 0 0)
(0.154542 0 0)
(0.154536 0 0)
(0.154531 0 0)
(0.154526 0 0)
(0.154521 0 0)
(0.154516 0 0)
(0.154511 0 0)
(0.154506 0 0)
(0.154501 0 0)
(0.154496 0 0)
(0.154491 0 0)
(0.154487 0 0)
(0.154482 0 0)
(0.154478 0 0)
(0.154474 0 0)
(0.15447 0 0)
(0.154467 0 0)
(0.154463 0 0)
(0.15446 0 0)
(0.154456 0 0)
(0.154453 0 0)
(0.15445 0 0)
(0.154448 0 0)
(0.154445 0 0)
(0.154442 0 0)
(0.154439 0 0)
(0.154437 0 0)
(0.154434 0 0)
(0.154432 0 0)
(0.154429 0 0)
(0.154427 0 0)
(0.154424 0 0)
(0.154421 0 0)
(0.154418 0 0)
(0.154415 0 0)
(0.154412 0 0)
(0.154409 0 0)
(0.154406 0 0)
(0.154403 0 0)
(0.1544 0 0)
(0.154396 0 0)
(0.154392 0 0)
(0.154389 0 0)
(0.154385 0 0)
(0.154381 0 0)
(0.154377 0 0)
(0.154373 0 0)
(0.154369 0 0)
(0.154365 0 0)
(0.15436 0 0)
(0.154356 0 0)
(0.154352 0 0)
(0.154347 0 0)
(0.154343 0 0)
(0.154338 0 0)
(0.154333 0 0)
(0.154329 0 0)
(0.154324 0 0)
(0.154319 0 0)
(0.154314 0 0)
(0.154309 0 0)
(0.154304 0 0)
(0.154299 0 0)
(0.154294 0 0)
(0.154289 0 0)
(0.154283 0 0)
(0.154278 0 0)
(0.154273 0 0)
(0.154267 0 0)
(0.154262 0 0)
(0.154257 0 0)
(0.154251 0 0)
(0.154246 0 0)
(0.15424 0 0)
(0.154235 0 0)
(0.154229 0 0)
(0.154224 0 0)
(0.154218 0 0)
(0.154213 0 0)
(0.154207 0 0)
(0.154202 0 0)
(0.154197 0 0)
(0.154191 0 0)
(0.154186 0 0)
(0.154181 0 0)
(0.154176 0 0)
(0.154171 0 0)
(0.154166 0 0)
(0.154161 0 0)
(0.154157 0 0)
(0.154152 0 0)
(0.154148 0 0)
(0.154143 0 0)
(0.154139 0 0)
(0.154135 0 0)
(0.154131 0 0)
(0.154129 0 0)
(0.154134 0 0)
(0.154169 0 0)
(0.154323 0 0)
(0.154968 0 0)
(0.157653 0 0)
(0.168936 0 0)
(0.21387 0 0)
(0.29698 0 0)
(0.348074 0 0)
(0.351874 0 0)
(0.351871 0 0)
(0.351867 0 0)
(0.351868 0 0)
(0.351872 0 0)
(0.351877 0 0)
(0.35188 0 0)
(0.351882 0 0)
(0.351884 0 0)
(0.351886 0 0)
(0.351888 0 0)
(0.35189 0 0)
(0.351891 0 0)
(0.351892 0 0)
(0.351893 0 0)
(0.351894 0 0)
(0.351894 0 0)
(0.351895 0 0)
(0.351895 0 0)
(0.351896 0 0)
(0.351896 0 0)
(0.351896 0 0)
(0.351896 0 0)
(0.351896 0 0)
(0.351896 0 0)
(0.351896 0 0)
(0.351896 0 0)
(0.351896 0 0)
(0.351896 0 0)
(0.351896 0 0)
(0.351896 0 0)
(0.351896 0 0)
(0.351896 0 0)
(0.351896 0 0)
(0.351896 0 0)
(0.351896 0 0)
(0.351896 0 0)
(0.351895 0 0)
(0.351895 0 0)
(0.351895 0 0)
(0.351895 0 0)
(0.351895 0 0)
(0.351895 0 0)
(0.351895 0 0)
(0.351895 0 0)
(0.351895 0 0)
(0.351894 0 0)
(0.351894 0 0)
(0.351894 0 0)
(0.351894 0 0)
(0.351894 0 0)
(0.351894 0 0)
(0.351894 0 0)
(0.351894 0 0)
(0.351894 0 0)
(0.351893 0 0)
(0.351893 0 0)
(0.351893 0 0)
(0.351893 0 0)
(0.351893 0 0)
(0.351893 0 0)
(0.351893 0 0)
(0.351893 0 0)
(0.351893 0 0)
(0.351893 0 0)
(0.351892 0 0)
(0.351892 0 0)
(0.351892 0 0)
(0.351892 0 0)
(0.351892 0 0)
(0.351892 0 0)
(0.351892 0 0)
(0.351892 0 0)
(0.351892 0 0)
(0.351892 0 0)
(0.351891 0 0)
(0.351891 0 0)
(0.351891 0 0)
(0.351891 0 0)
(0.351891 0 0)
(0.351891 0 0)
(0.351891 0 0)
(0.351891 0 0)
(0.351891 0 0)
(0.351891 0 0)
(0.351891 0 0)
(0.351891 0 0)
(0.35189 0 0)
(0.35189 0 0)
(0.35189 0 0)
(0.35189 0 0)
(0.35189 0 0)
(0.35189 0 0)
(0.35189 0 0)
(0.35189 0 0)
(0.35189 0 0)
(0.35189 0 0)
(0.35189 0 0)
(0.35189 0 0)
(0.35189 0 0)
(0.35189 0 0)
(0.35189 0 0)
(0.35189 0 0)
(0.35189 0 0)
(0.351889 0 0)
(0.351889 0 0)
(0.351889 0 0)
(0.351889 0 0)
(0.351889 0 0)
(0.351889 0 0)
(0.351889 0 0)
(0.35189 0 0)
(0.35189 0 0)
(0.35189 0 0)
(0.35189 0 0)
(0.35189 0 0)
(0.35189 0 0)
(0.35189 0 0)
(0.35189 0 0)
(0.35189 0 0)
(0.35189 0 0)
(0.351891 0 0)
(0.351891 0 0)
(0.351891 0 0)
(0.351891 0 0)
(0.351892 0 0)
(0.351892 0 0)
(0.351893 0 0)
(0.351893 0 0)
(0.351894 0 0)
(0.351894 0 0)
(0.351895 0 0)
(0.351895 0 0)
(0.351896 0 0)
(0.351897 0 0)
(0.351898 0 0)
(0.351899 0 0)
(0.3519 0 0)
(0.351901 0 0)
(0.351902 0 0)
(0.351903 0 0)
(0.351905 0 0)
(0.351906 0 0)
(0.351907 0 0)
(0.351909 0 0)
(0.35191 0 0)
(0.351912 0 0)
(0.351913 0 0)
(0.351915 0 0)
(0.351916 0 0)
(0.351918 0 0)
(0.35192 0 0)
(0.351921 0 0)
(0.351923 0 0)
(0.351925 0 0)
(0.351926 0 0)
(0.351928 0 0)
(0.351929 0 0)
(0.351931 0 0)
(0.351932 0 0)
(0.351933 0 0)
(0.351935 0 0)
(0.351936 0 0)
(0.351937 0 0)
(0.351938 0 0)
(0.351939 0 0)
(0.351939 0 0)
(0.35194 0 0)
(0.351941 0 0)
(0.351941 0 0)
(0.351941 0 0)
(0.351942 0 0)
(0.351942 0 0)
(0.351942 0 0)
(0.351942 0 0)
(0.351942 0 0)
(0.351942 0 0)
(0.351942 0 0)
(0.351942 0 0)
(0.351941 0 0)
(0.351941 0 0)
(0.351941 0 0)
(0.351941 0 0)
(0.35194 0 0)
(0.35194 0 0)
(0.35194 0 0)
(0.35194 0 0)
(0.35194 0 0)
(0.351939 0 0)
(0.351939 0 0)
(0.351939 0 0)
(0.351939 0 0)
(0.351939 0 0)
(0.35194 0 0)
(0.35194 0 0)
(0.35194 0 0)
(0.35194 0 0)
(0.351941 0 0)
(0.351941 0 0)
(0.351941 0 0)
(0.351942 0 0)
(0.351944 0 0)
(0.352003 0 0)
(0.354159 0 0)
(0.472623 0 0)
(0.794495 0 0)
(1 0 0)
(1 0 0)
(1 0 0)
(1 0 0)
(1 0 0)
(1 0 0)
(1 0 0)
(1 0 0)
(1 0 0)
(1 0 0)
(1 0 0)
(1 0 0)
(1 0 0)
(1 0 0)
(1 0 0)
(1 0 0)
(1 0 0)
(1 0 0)
(1 0 0)
(1 0 0)
(1 0 0)
(1 0 0)
(1 0 0)
(1 0 0)
(1 0 0)
(1 0 0)
(1 0 0)
(1 0 0)
(1 0 0)
(1 0 0)
(1 0 0)
(1 0 0)
(1 0 0)
(1 0 0)
(1 0 0)
(1 0 0)
(1 0 0)
(1 0 0)
(1 0 0)
(1 0 0)
(1 0 0)
(1 0 0)
(1 0 0)
(1 0 0)
(1 0 0)
(1 0 0)
(1 0 0)
(1 0 0)
(1 0 0)
(1 0 0)
(1 0 0)
(1 0 0)
(1 0 0)
(1 0 0)
(1 0 0)
(1 0 0)
(1 0 0)
(1 0 0)
(1 0 0)
(1 0 0)
(1 0 0)
(1 0 0)
(1 0 0)
(1 0 0)
(1 0 0)
(1 0 0)
(1 0 0)
(1 0 0)
(1 0 0)
(1 0 0)
(1 0 0)
(1 0 0)
(1 0 0)
(1 0 0)
(1 0 0)
(1 0 0)
(1 0 0)
(1 0 0)
(1 0 0)
(1 0 0)
(1 0 0)
(1 0 0)
(1 0 0)
(1 0 0)
(1 0 0)
(1 0 0)
(1 0 0)
(1 0 0)
(1 0 0)
(1 0 0)
(1 0 0)
(1 0 0)
(1 0 0)
(1 0 0)
(1 0 0)
(1 0 0)
(1 0 0)
(1 0 0)
(1 0 0)
(1 0 0)
(1 0 0)
(1 0 0)
(1 0 0)
(1 0 0)
(1 0 0)
(1 0 0)
(1 0 0)
(1 0 0)
(1 0 0)
(1 0 0)
(1 0 0)
(1 0 0)
(1 0 0)
(1 0 0)
(1 0 0)
(1 0 0)
(1 0 0)
(1 0 0)
(1 0 0)
(1 0 0)
(1 0 0)
(1 0 0)
(1 0 0)
(1 0 0)
(1 0 0)
(1 0 0)
(1 0 0)
(1 0 0)
(1 0 0)
(1 0 0)
(1 0 0)
(1 0 0)
(1 0 0)
(1 0 0)
(1 0 0)
(1 0 0)
(1 0 0)
(1 0 0)
(1 0 0)
(1 0 0)
(1 0 0)
(1 0 0)
(1 0 0)
(1 0 0)
(1 0 0)
(1 0 0)
(1 0 0)
(1 0 0)
(1 0 0)
(1 0 0)
(1 0 0)
(1 0 0)
(1 0 0)
(1 0 0)
(1 0 0)
(1 0 0)
(1 0 0)
(1 0 0)
(1 0 0)
(1 0 0)
(1 0 0)
(1 0 0)
(1 0 0)
(1 0 0)
(1 0 0)
(1 0 0)
(1 0 0)
(1 0 0)
(1 0 0)
(1 0 0)
(1 0 0)
(1 0 0)
(1 0 0)
(1 0 0)
(1 0 0)
(1 0 0)
(1 0 0)
(1 0 0)
(1 0 0)
(1 0 0)
(1 0 0)
)
;

boundaryField
{
    inlet
    {
        type            fractionalVelocity;
        U               1((1 0 0));
        fractionalFlow  Fb;
        value           uniform (0.290579 0 0);
    }
    outlet
    {
        type            zeroGradient;
    }
    emptyWalls
    {
        type            empty;
    }
}


// ************************************************************************* //
