/*--------------------------------*- C++ -*----------------------------------*\
  =========                 |
  \\      /  F ield         | OpenFOAM: The Open Source CFD Toolbox
   \\    /   O peration     | Website:  https://openfoam.org
    \\  /    A nd           | Version:  9
     \\/     M anipulation  |
\*---------------------------------------------------------------------------*/
FoamFile
{
    format      ascii;
    class       volScalarField;
    location    "84000";
    object      Sc;
}
// * * * * * * * * * * * * * * * * * * * * * * * * * * * * * * * * * * * * * //

dimensions      [0 0 0 0 0 0 0];

internalField   nonuniform List<scalar> 
1000
(
0.000159655
0.000360241
0.000547343
0.00073353
0.000919661
0.00110573
0.00129169
0.0014775
0.00166316
0.00184864
0.00203395
0.00221908
0.00240404
0.00258881
0.00277341
0.00295782
0.00314206
0.00332612
0.00351
0.00369371
0.00387724
0.00406059
0.00424377
0.00442677
0.0046096
0.00479225
0.00497474
0.00515705
0.0053392
0.00552117
0.00570297
0.00588461
0.00606608
0.00624739
0.00642853
0.0066095
0.00679031
0.00697096
0.00715145
0.00733178
0.00751195
0.00769196
0.00787181
0.0080515
0.00823104
0.00841042
0.00858965
0.00876873
0.00894765
0.00912642
0.00930504
0.00948351
0.00966183
0.00984001
0.010018
0.0101959
0.0103736
0.0105512
0.0107287
0.010906
0.0110832
0.0112602
0.0114371
0.0116138
0.0117904
0.0119669
0.0121432
0.0123194
0.0124955
0.0126714
0.0128472
0.0130228
0.0131984
0.0133738
0.0135491
0.0137242
0.0138992
0.0140741
0.0142489
0.0144235
0.014598
0.0147724
0.0149467
0.0151209
0.0152949
0.0154688
0.0156426
0.0158163
0.0159898
0.0161633
0.0163366
0.0165098
0.0166829
0.0168559
0.0170288
0.0172016
0.0173743
0.0175468
0.0177193
0.0178916
0.0180638
0.018236
0.018408
0.0185799
0.0187517
0.0189235
0.0190951
0.0192666
0.0194381
0.0196094
0.0197806
0.0199518
0.0201228
0.0202938
0.0204646
0.0206354
0.0208061
0.0209767
0.0211472
0.0213176
0.021488
0.0216582
0.0218284
0.0219985
0.0221685
0.0223384
0.0225083
0.0226781
0.0228478
0.0230174
0.0231869
0.0233564
0.0235258
0.0236952
0.0238644
0.0240336
0.0242028
0.0243718
0.0245409
0.0247098
0.0248787
0.0250475
0.0252163
0.025385
0.0255537
0.0257223
0.0258909
0.0260594
0.0262279
0.0263963
0.0265647
0.026733
0.0269013
0.0270696
0.0272379
0.0274061
0.0275743
0.0277424
0.0279106
0.0280787
0.0282468
0.0284149
0.028583
0.0287511
0.0289192
0.0290873
0.0292554
0.0294235
0.0295917
0.0297598
0.029928
0.0300963
0.0302646
0.0304329
0.0306014
0.0307698
0.0309384
0.0311071
0.0312759
0.0314448
0.0316139
0.0317831
0.0319525
0.0321221
0.032292
0.0324621
0.0326325
0.0328033
0.0329744
0.033146
0.0333181
0.0334907
0.0336641
0.0338382
0.0340133
0.0341894
0.0343669
0.034546
0.0347271
0.0349106
0.0350973
0.035288
0.0354843
0.0356882
0.0359031
0.0361348
0.0363933
0.0366977
0.0370865
0.037649
0.0386297
0.0409277
0.0501159
0.146483
0.320137
0.3264
0.326404
0.326396
0.326395
0.326396
0.326396
0.326396
0.326396
0.326396
0.326396
0.326396
0.326396
0.326395
0.326395
0.326395
0.326395
0.326395
0.326395
0.326395
0.326395
0.326395
0.326395
0.326395
0.326395
0.326395
0.326395
0.326395
0.326395
0.326395
0.326395
0.326395
0.326395
0.326395
0.326395
0.326395
0.326395
0.326395
0.326395
0.326395
0.326395
0.326395
0.326395
0.326395
0.326395
0.326395
0.326395
0.326395
0.326394
0.326394
0.326394
0.326394
0.326394
0.326394
0.326394
0.326394
0.326394
0.326394
0.326394
0.326394
0.326394
0.326394
0.326394
0.326394
0.326394
0.326394
0.326394
0.326394
0.326394
0.326394
0.326394
0.326394
0.326394
0.326394
0.326394
0.326394
0.326393
0.326393
0.326393
0.326393
0.326393
0.326393
0.326393
0.326393
0.326393
0.326393
0.326393
0.326393
0.326393
0.326393
0.326393
0.326393
0.326393
0.326393
0.326393
0.326393
0.326393
0.326393
0.326393
0.326392
0.326392
0.326392
0.326392
0.326392
0.326392
0.326392
0.326392
0.326392
0.326392
0.326392
0.326392
0.326392
0.326392
0.326392
0.326392
0.326392
0.326392
0.326391
0.326391
0.326391
0.326391
0.326391
0.326391
0.326391
0.326391
0.326391
0.326391
0.326391
0.326391
0.326391
0.326391
0.326391
0.326391
0.326391
0.32639
0.32639
0.32639
0.32639
0.32639
0.32639
0.32639
0.32639
0.32639
0.32639
0.32639
0.32639
0.32639
0.326389
0.326389
0.326389
0.326389
0.326389
0.326389
0.326389
0.326389
0.326389
0.326389
0.326389
0.326389
0.326388
0.326388
0.326388
0.326388
0.326388
0.326388
0.326388
0.326388
0.326388
0.326388
0.326388
0.326387
0.326387
0.326387
0.326387
0.326387
0.326387
0.326387
0.326387
0.326387
0.326386
0.326386
0.326386
0.326386
0.326386
0.326386
0.326386
0.326385
0.326383
0.326361
0.326162
0.324378
0.311088
0.265342
0.229563
0.225071
0.225
0.225
0.225
0.225
0.225
0.225
0.225
0.225
0.225
0.225
0.225
0.225
0.225
0.225
0.225
0.225
0.225
0.225
0.225
0.225
0.225
0.225
0.225
0.225
0.225
0.225
0.225
0.225
0.225
0.225
0.225
0.225
0.225
0.225
0.225
0.225
0.225
0.225
0.225
0.225
0.225
0.225
0.225
0.225
0.225
0.225
0.225
0.225
0.225
0.225
0.225
0.225
0.225
0.225
0.225
0.225
0.225
0.225
0.225
0.225
0.225
0.225
0.225
0.225
0.225
0.225
0.225
0.225
0.225
0.225
0.225
0.225
0.225
0.225
0.225
0.225
0.225
0.225
0.225
0.225
0.225
0.225
0.225
0.225
0.225
0.225
0.225
0.225
0.225
0.225
0.225
0.225
0.225
0.225
0.225
0.225
0.225
0.225
0.225
0.225
0.225
0.225
0.225
0.225
0.225
0.225
0.225
0.225
0.225
0.225
0.225
0.225
0.225
0.225
0.225
0.225
0.225
0.225
0.225
0.225
0.225
0.225
0.225
0.225
0.225
0.225
0.225
0.225
0.225
0.225
0.225
0.225
0.225
0.225
0.225
0.225
0.225
0.225
0.225
0.225
0.225
0.225
0.225
0.225
0.225
0.225
0.225
0.225
0.225
0.225
0.225
0.225
0.225
0.225
0.225
0.225
0.225
0.225
0.225
0.225
0.225
0.225
0.225
0.225
0.225
0.225
0.225
0.225
0.225
0.225
0.225
0.225
0.225
0.225
0.225
0.225
0.225
0.225
0.225
0.225
0.225
0.225
0.225
0.225
0.225
0.225
0.225
0.225
0.225
0.225
0.225
0.225
0.225
0.225
0.225
0.225
0.225
0.225
0.225
0.225
0.225
0.225
0.225
0.225
0.225
0.225
0.225
0.225
0.225
0.225
0.225
0.225
0.225
0.225
0.225
0.225
0.225
0.225
0.225
0.225
0.225
0.225
0.225
0.225
0.225
0.225
0.225
0.225
0.225
0.225
0.225
0.225
0.225
0.225
0.225
0.225
0.225
0.225
0.225
0.225
0.225
0.225
0.225
0.225
0.225
0.225
0.225
0.225
0.225
0.225
0.225
0.225
0.225
0.225
0.225
0.225
0.225
0.225
0.225
0.225
0.225
0.225
0.225
0.225
0.225
0.225
0.225
0.225
0.225
0.225
0.225
0.225
0.225
0.225
0.225
0.225
0.225
0.225
0.225
0.225
0.225
0.225
0.225
0.225
0.225
0.225
0.225
0.225
0.225
0.225
0.225
0.225
0.225
0.225
0.225
0.225
0.225
0.225
0.225
0.225
0.225
0.225
0.225
0.225
0.225
0.225
0.225
0.225
0.225
0.225
0.225
0.225
0.225
0.225
0.225
0.225
0.225
0.225
0.225
0.225
0.225
0.225
0.225
0.225
0.225
0.225
0.225
0.225
0.225
0.225
0.225
0.225
0.225
0.225
0.225
0.225
0.225
0.225
0.225
0.225
0.225
0.225
0.225
0.225
0.225
0.225
0.225
0.225
0.225
0.225
0.225
0.225
0.225
0.225
0.225
0.225
0.225
0.225
0.225
0.225
0.225
0.225
0.225
0.225
0.225
0.225
0.225
0.225
0.225
0.225
0.225
0.225
0.225
0.225
0.225
0.225
0.225
0.225
0.225
0.225
0.225
0.225
0.225
0.225
0.225
0.225
0.225
0.225
0.225
0.225
0.225
0.225
0.225
0.225
0.225
0.225
0.225
0.225
0.225
0.225
0.225
0.225
0.225
0.225
0.225
0.225
0.225
0.225
0.225
0.225
0.225
0.225
0.225
0.225
0.225
0.225
0.225
0.225
0.225
0.225
0.225
0.225
0.225
0.225
0.225
0.225
0.225
0.225
0.225
0.225
0.225
0.225
0.225
0.225
0.225
0.225
0.225
0.225
0.225
0.225
0.225
0.225
0.225
0.225
0.225
0.225
0.225
0.225
0.225
0.225
0.225
0.225
0.225
0.225
0.225
0.225
0.225
0.225
0.225
0.225
0.225
0.225
0.225
0.225
0.225
0.225
0.225
0.225
0.225
0.225
0.225
0.225
0.225
0.225
0.225
0.225
0.225
0.225
0.225
0.225
0.225
0.225
0.225
0.225
0.225
0.225
0.225
0.225
0.225
0.225
0.225
0.225
0.225
0.225
0.225
0.225
0.225
0.225
0.225
0.225
0.225
0.225
0.225
0.225
0.225
0.225
0.225
0.225
0.225
0.225
0.225
0.225
0.225
0.225
0.225
0.225
0.225
0.225
0.225
0.225
0.225
0.225
0.225
0.225
0.225
0.225
0.225
0.225
0.225
0.225
0.225
0.225
0.225
0.225
0.225
0.225
0.225
0.225
0.225
0.225
0.225
0.225
0.225
0.225
0.225
0.225
0.225
0.225
0.225
0.225
0.225
0.225
0.225
0.225
0.225
0.225
0.225
0.225
0.225
0.225
0.225
0.225
0.225
0.225
0.225
0.225
0.225
0.225
0.225
0.225
0.225
0.225
0.225
0.225
0.225
0.225
0.225
0.225
0.225
0.225
0.225
0.225
0.225
0.225
0.225
0.225
0.225
0.225
0.225
0.225
0.225
)
;

boundaryField
{
    inlet
    {
        type            calculated;
        value           uniform 0;
    }
    outlet
    {
        type            calculated;
        value           uniform 0.225;
    }
    emptyWalls
    {
        type            empty;
    }
}


// ************************************************************************* //
