/*--------------------------------*- C++ -*----------------------------------*\
  =========                 |
  \\      /  F ield         | OpenFOAM: The Open Source CFD Toolbox
   \\    /   O peration     | Website:  https://openfoam.org
    \\  /    A nd           | Version:  9
     \\/     M anipulation  |
\*---------------------------------------------------------------------------*/
FoamFile
{
    format      ascii;
    class       volScalarField;
    location    "17.1";
    object      Fb;
}
// * * * * * * * * * * * * * * * * * * * * * * * * * * * * * * * * * * * * * //

dimensions      [0 0 0 0 0 0 0];

internalField   nonuniform List<scalar> 
1000
(
0.290579
0.290578
0.290577
0.290577
0.290576
0.290575
0.290573
0.290572
0.29057
0.290569
0.290567
0.290565
0.290563
0.29056
0.290558
0.290555
0.290553
0.29055
0.290547
0.290544
0.290541
0.290537
0.290534
0.29053
0.290526
0.290523
0.290519
0.290514
0.29051
0.290506
0.290501
0.290497
0.290492
0.290487
0.290482
0.290477
0.290472
0.290467
0.290462
0.290456
0.29045
0.290445
0.290439
0.290433
0.290427
0.290421
0.290415
0.290408
0.290402
0.290395
0.290388
0.290382
0.290375
0.290368
0.290361
0.290353
0.290346
0.290339
0.290331
0.290324
0.290316
0.290308
0.2903
0.290292
0.290284
0.290276
0.290268
0.290259
0.290251
0.290242
0.290234
0.290225
0.290216
0.290207
0.290198
0.290189
0.29018
0.290171
0.290161
0.290152
0.290142
0.290133
0.290123
0.290113
0.290103
0.290094
0.290083
0.290073
0.290063
0.290053
0.290043
0.290032
0.290022
0.290011
0.29
0.289989
0.289979
0.289968
0.289957
0.289946
0.289934
0.289923
0.289912
0.289901
0.289889
0.289878
0.289866
0.289854
0.289842
0.289831
0.289819
0.289807
0.289795
0.289783
0.28977
0.289758
0.289746
0.289733
0.289721
0.289708
0.289696
0.289683
0.28967
0.289657
0.289644
0.289631
0.289618
0.289605
0.289592
0.289579
0.289566
0.289552
0.289539
0.289525
0.289512
0.289498
0.289484
0.289471
0.289457
0.289443
0.289429
0.289415
0.289401
0.289387
0.289373
0.289358
0.289344
0.28933
0.289315
0.289301
0.289286
0.289271
0.289257
0.289242
0.289227
0.289212
0.289197
0.289182
0.289167
0.289152
0.289137
0.289122
0.289107
0.289091
0.289076
0.28906
0.289045
0.289029
0.289014
0.288998
0.288982
0.288967
0.288951
0.288935
0.288919
0.288903
0.288887
0.288871
0.288855
0.288838
0.288822
0.288806
0.288789
0.288773
0.288757
0.28874
0.288723
0.288707
0.28869
0.288673
0.288657
0.28864
0.288623
0.288606
0.288589
0.288572
0.288555
0.288538
0.28852
0.288503
0.288486
0.288469
0.288451
0.288434
0.288416
0.288399
0.288381
0.288364
0.288346
0.288328
0.28831
0.288293
0.288275
0.288257
0.288239
0.288221
0.288203
0.288185
0.288167
0.288148
0.28813
0.288112
0.288094
0.288075
0.288057
0.288038
0.28802
0.288001
0.287983
0.287964
0.287945
0.287927
0.287908
0.287889
0.28787
0.287851
0.287832
0.287813
0.287794
0.287775
0.287756
0.287737
0.287718
0.287699
0.287679
0.28766
0.287641
0.287621
0.287602
0.287582
0.287563
0.287543
0.287523
0.287504
0.287484
0.287464
0.287445
0.287425
0.287405
0.287385
0.287365
0.287345
0.287325
0.287305
0.287285
0.287265
0.287245
0.287224
0.287204
0.287184
0.287164
0.287143
0.287123
0.287102
0.287082
0.287061
0.287041
0.28702
0.287
0.286979
0.286958
0.286938
0.286917
0.286896
0.286875
0.286854
0.286833
0.286812
0.286791
0.28677
0.286749
0.286728
0.286707
0.286686
0.286664
0.286643
0.286622
0.286601
0.286579
0.286558
0.286536
0.286515
0.286493
0.286472
0.28645
0.286429
0.286407
0.286385
0.286364
0.286342
0.28632
0.286298
0.286277
0.286255
0.286233
0.286211
0.286189
0.286167
0.286145
0.286123
0.286101
0.286078
0.286056
0.286034
0.286012
0.285989
0.285967
0.285945
0.285922
0.2859
0.285878
0.285855
0.285833
0.28581
0.285787
0.285765
0.285742
0.285719
0.285697
0.285674
0.285651
0.285628
0.285606
0.285583
0.28556
0.285537
0.285514
0.285491
0.285468
0.285445
0.285422
0.285399
0.285376
0.285352
0.285329
0.285306
0.285283
0.285259
0.285236
0.285213
0.285189
0.285166
0.285143
0.285119
0.285096
0.285072
0.285048
0.285025
0.285001
0.284978
0.284954
0.28493
0.284906
0.284883
0.284859
0.284835
0.284811
0.284787
0.284763
0.284739
0.284715
0.284691
0.284667
0.284643
0.284619
0.284595
0.284571
0.284547
0.284523
0.284498
0.284474
0.28445
0.284426
0.284401
0.284377
0.284352
0.284328
0.284304
0.284279
0.284255
0.28423
0.284206
0.284181
0.284156
0.284132
0.284107
0.284082
0.284058
0.284033
0.284008
0.283983
0.283958
0.283934
0.283909
0.283884
0.283859
0.283834
0.283809
0.283784
0.283759
0.283734
0.283709
0.283683
0.283658
0.283633
0.283608
0.283583
0.283557
0.283532
0.283507
0.283482
0.283456
0.283431
0.283405
0.28338
0.283354
0.283329
0.283303
0.283278
0.283252
0.283227
0.283201
0.283176
0.28315
0.283124
0.283098
0.283073
0.283047
0.283021
0.282995
0.282969
0.282944
0.282918
0.282892
0.282866
0.28284
0.282814
0.282788
0.282762
0.282736
0.28271
0.282684
0.282657
0.282631
0.282605
0.282579
0.282553
0.282526
0.2825
0.282474
0.282447
0.282421
0.282395
0.282368
0.282342
0.282315
0.282289
0.282263
0.282236
0.282209
0.282183
0.282156
0.28213
0.282103
0.282076
0.28205
0.282023
0.281996
0.281969
0.281943
0.281916
0.281889
0.281862
0.281835
0.281808
0.281782
0.281755
0.281728
0.281701
0.281674
0.281647
0.28162
0.281593
0.281565
0.281538
0.281511
0.281484
0.281457
0.28143
0.281402
0.281375
0.281348
0.28132
0.281293
0.281266
0.281238
0.281211
0.281184
0.281156
0.281129
0.281101
0.281074
0.281046
0.281019
0.280991
0.280964
0.280936
0.280908
0.280881
0.280853
0.280825
0.280798
0.28077
0.280742
0.280714
0.280686
0.280659
0.280631
0.280603
0.280575
0.280547
0.280519
0.280491
0.280463
0.280435
0.280407
0.280379
0.280351
0.280323
0.280295
0.280267
0.280239
0.28021
0.280182
0.280154
0.280126
0.280098
0.280069
0.280041
0.280013
0.279984
0.279956
0.279928
0.279899
0.279871
0.279842
0.279814
0.279785
0.279757
0.279728
0.2797
0.279671
0.279643
0.279614
0.279585
0.279557
0.279528
0.279499
0.279471
0.279442
0.279413
0.279384
0.279356
0.279327
0.279298
0.279269
0.27924
0.279211
0.279182
0.279153
0.279124
0.279096
0.279067
0.279038
0.279008
0.278979
0.27895
0.278921
0.278892
0.278863
0.278834
0.278805
0.278775
0.278746
0.278717
0.278688
0.278658
0.278629
0.2786
0.278571
0.278541
0.278512
0.278482
0.278453
0.278424
0.278394
0.278365
0.278335
0.278306
0.278276
0.278247
0.278217
0.278187
0.278158
0.278128
0.278099
0.278069
0.278039
0.27801
0.27798
0.27795
0.27792
0.277891
0.277861
0.277831
0.277801
0.277771
0.277741
0.277711
0.277682
0.277652
0.277622
0.277592
0.277562
0.277532
0.277502
0.277472
0.277442
0.277411
0.277381
0.277351
0.277321
0.277291
0.277261
0.277231
0.2772
0.27717
0.27714
0.27711
0.277079
0.277049
0.277019
0.276988
0.276958
0.276928
0.276897
0.276867
0.276836
0.276806
0.276775
0.276745
0.276714
0.276684
0.276653
0.276623
0.276592
0.276562
0.276531
0.2765
0.27647
0.276439
0.276408
0.276377
0.276347
0.276316
0.276285
0.276254
0.276224
0.276193
0.276162
0.276131
0.2761
0.276069
0.276038
0.276007
0.275977
0.275946
0.275915
0.275884
0.275853
0.275821
0.27579
0.275759
0.275728
0.275697
0.275666
0.275635
0.275604
0.275572
0.275541
0.27551
0.275479
0.275448
0.275416
0.275385
0.275354
0.275322
0.275291
0.27526
0.275228
0.275197
0.275165
0.275134
0.275103
0.275071
0.27504
0.275008
0.274977
0.274945
0.274913
0.274882
0.27485
0.274819
0.274787
0.274755
0.274724
0.274692
0.27466
0.274629
0.274597
0.274565
0.274533
0.274502
0.27447
0.274438
0.274406
0.274374
0.274342
0.27431
0.274278
0.274247
0.274215
0.274183
0.274151
0.274119
0.274087
0.274055
0.274023
0.27399
0.273958
0.273926
0.273894
0.273862
0.27383
0.273798
0.273766
0.273733
0.273701
0.273669
0.273637
0.273604
0.273572
0.27354
0.273507
0.273475
0.273443
0.27341
0.273378
0.273345
0.273313
0.273281
0.273248
0.273216
0.273183
0.273151
0.273118
0.273086
0.273053
0.27302
0.272988
0.272955
0.272923
0.27289
0.272857
0.272825
0.272792
0.272759
0.272726
0.272694
0.272661
0.272628
0.272595
0.272562
0.27253
0.272497
0.272464
0.272431
0.272398
0.272365
0.272332
0.272299
0.272266
0.272233
0.2722
0.272167
0.272134
0.272101
0.272068
0.272035
0.272002
0.271969
0.271936
0.271902
0.271869
0.271836
0.271803
0.27177
0.271736
0.271703
0.27167
0.271636
0.271603
0.27157
0.271536
0.271503
0.27147
0.271436
0.271403
0.271369
0.271336
0.271303
0.271269
0.271236
0.271202
0.271169
0.271135
0.271101
0.271068
0.271034
0.271001
0.270967
0.270933
0.2709
0.270866
0.270832
0.270799
0.270765
0.270731
0.270697
0.270664
0.27063
0.270596
0.270562
0.270528
0.270494
0.27046
0.270427
0.270393
0.270359
0.270325
0.270291
0.270257
0.270223
0.270189
0.270155
0.270121
0.270087
0.270053
0.270018
0.269984
0.26995
0.269916
0.269882
0.269848
0.269814
0.269779
0.269745
0.269711
0.269677
0.269642
0.269608
0.269574
0.269539
0.269505
0.269471
0.269436
0.269402
0.269367
0.269333
0.269299
0.269264
0.26923
0.269195
0.269161
0.269126
0.269092
0.269057
0.269022
0.268988
0.268953
0.268919
0.268884
0.268849
0.268815
0.26878
0.268745
0.26871
0.268676
0.268641
0.268606
0.268571
0.268537
0.268502
0.268467
0.268432
0.268397
0.268362
0.268327
0.268292
0.268257
0.268222
0.268187
0.268152
0.268117
0.268082
0.268047
0.268012
0.267977
0.267942
0.267907
0.267872
0.267837
0.267802
0.267766
0.267731
0.267696
0.267661
0.267626
0.26759
0.267555
0.26752
0.267484
0.267449
0.267414
0.267378
0.267343
0.267308
0.267272
0.267237
0.267201
0.267166
0.26713
0.267095
0.267059
0.267024
0.266988
0.266953
0.266917
0.266882
0.266846
0.26681
0.266775
0.266739
0.266703
0.266668
0.266632
0.266596
0.26656
0.266525
0.266489
0.266453
0.266417
0.266381
0.266346
0.26631
0.266274
0.266238
0.266202
0.266166
0.26613
0.266094
0.266058
0.266022
0.265986
0.26595
0.265914
0.265878
0.265842
0.265806
0.26577
)
;

boundaryField
{
    inlet
    {
        type            calculated;
        value           uniform 0.290579;
    }
    outlet
    {
        type            calculated;
        value           uniform 0.26577;
    }
    emptyWalls
    {
        type            empty;
    }
}


// ************************************************************************* //
