/*--------------------------------*- C++ -*----------------------------------*\
  =========                 |
  \\      /  F ield         | OpenFOAM: The Open Source CFD Toolbox
   \\    /   O peration     | Website:  https://openfoam.org
    \\  /    A nd           | Version:  9
     \\/     M anipulation  |
\*---------------------------------------------------------------------------*/
FoamFile
{
    format      ascii;
    class       volScalarField;
    location    "5000";
    object      krb;
}
// * * * * * * * * * * * * * * * * * * * * * * * * * * * * * * * * * * * * * //

dimensions      [0 0 0 0 0 0 0];

internalField   nonuniform List<scalar> 
1000
(
0.0971459
0.096525
0.0959651
0.0954271
0.0949089
0.0944105
0.0939302
0.0934677
0.0930113
0.0925421
0.0919829
0.0901664
0.135349
0.441675
0.453681
0.453941
0.454504
0.455114
0.455242
0.455122
0.455057
0.455698
0.462985
0.505243
0.577661
0.599716
0.600621
0.600625
0.600625
0.600625
0.600625
0.600625
0.600625
0.600625
0.600625
0.600625
0.600625
0.600625
0.600625
0.600625
0.600625
0.600625
0.600625
0.600625
0.600625
0.600625
0.600625
0.600625
0.600625
0.600625
0.600625
0.600625
0.600625
0.600625
0.600625
0.600625
0.600625
0.600625
0.600625
0.600625
0.600625
0.600625
0.600625
0.600625
0.600625
0.600625
0.600625
0.600625
0.600625
0.600625
0.600625
0.600625
0.600625
0.600625
0.600625
0.600625
0.600625
0.600625
0.600625
0.600625
0.600625
0.600625
0.600625
0.600625
0.600625
0.600625
0.600625
0.600625
0.600625
0.600625
0.600625
0.600625
0.600625
0.600625
0.600625
0.600625
0.600625
0.600625
0.600625
0.600625
0.600625
0.600625
0.600625
0.600625
0.600625
0.600625
0.600625
0.600625
0.600625
0.600625
0.600625
0.600625
0.600625
0.600625
0.600625
0.600625
0.600625
0.600625
0.600625
0.600625
0.600625
0.600625
0.600625
0.600625
0.600625
0.600625
0.600625
0.600625
0.600625
0.600625
0.600625
0.600625
0.600625
0.600625
0.600625
0.600625
0.600625
0.600625
0.600625
0.600625
0.600625
0.600625
0.600625
0.600625
0.600625
0.600625
0.600625
0.600625
0.600625
0.600625
0.600625
0.600625
0.600625
0.600625
0.600625
0.600625
0.600625
0.600625
0.600625
0.600625
0.600625
0.600625
0.600625
0.600625
0.600625
0.600625
0.600625
0.600625
0.600625
0.600625
0.600625
0.600625
0.600625
0.600625
0.600625
0.600625
0.600625
0.600625
0.600625
0.600625
0.600625
0.600625
0.600625
0.600625
0.600625
0.600625
0.600625
0.600625
0.600625
0.600625
0.600625
0.600625
0.600625
0.600625
0.600625
0.600625
0.600625
0.600625
0.600625
0.600625
0.600625
0.600625
0.600625
0.600625
0.600625
0.600625
0.600625
0.600625
0.600625
0.600625
0.600625
0.600625
0.600625
0.600625
0.600625
0.600625
0.600625
0.600625
0.600625
0.600625
0.600625
0.600625
0.600625
0.600625
0.600625
0.600625
0.600625
0.600625
0.600625
0.600625
0.600625
0.600625
0.600625
0.600625
0.600625
0.600625
0.600625
0.600625
0.600625
0.600625
0.600625
0.600625
0.600625
0.600625
0.600625
0.600625
0.600625
0.600625
0.600625
0.600625
0.600625
0.600625
0.600625
0.600625
0.600625
0.600625
0.600625
0.600625
0.600625
0.600625
0.600625
0.600625
0.600625
0.600625
0.600625
0.600625
0.600625
0.600625
0.600625
0.600625
0.600625
0.600625
0.600625
0.600625
0.600625
0.600625
0.600625
0.600625
0.600625
0.600625
0.600625
0.600625
0.600625
0.600625
0.600625
0.600625
0.600625
0.600625
0.600625
0.600625
0.600625
0.600625
0.600625
0.600625
0.600625
0.600625
0.600625
0.600625
0.600625
0.600625
0.600625
0.600625
0.600625
0.600625
0.600625
0.600625
0.600625
0.600625
0.600625
0.600625
0.600625
0.600625
0.600625
0.600625
0.600625
0.600625
0.600625
0.600625
0.600625
0.600625
0.600625
0.600625
0.600625
0.600625
0.600625
0.600625
0.600625
0.600625
0.600625
0.600625
0.600625
0.600625
0.600625
0.600625
0.600625
0.600625
0.600625
0.600625
0.600625
0.600625
0.600625
0.600625
0.600625
0.600625
0.600625
0.600625
0.600625
0.600625
0.600625
0.600625
0.600625
0.600625
0.600625
0.600625
0.600625
0.600625
0.600625
0.600625
0.600625
0.600625
0.600625
0.600625
0.600625
0.600625
0.600625
0.600625
0.600625
0.600625
0.600625
0.600625
0.600625
0.600625
0.600625
0.600625
0.600625
0.600625
0.600625
0.600625
0.600625
0.600625
0.600625
0.600625
0.600625
0.600625
0.600625
0.600625
0.600625
0.600625
0.600625
0.600625
0.600625
0.600625
0.600625
0.600625
0.600625
0.600625
0.600625
0.600625
0.600625
0.600625
0.600625
0.600625
0.600625
0.600625
0.600625
0.600625
0.600625
0.600625
0.600625
0.600625
0.600625
0.600625
0.600625
0.600625
0.600625
0.600625
0.600625
0.600625
0.600625
0.600625
0.600625
0.600625
0.600625
0.600625
0.600625
0.600625
0.600625
0.600625
0.600625
0.600625
0.600625
0.600625
0.600625
0.600625
0.600625
0.600625
0.600625
0.600625
0.600625
0.600625
0.600625
0.600625
0.600625
0.600625
0.600625
0.600625
0.600625
0.600625
0.600625
0.600625
0.600625
0.600625
0.600625
0.600625
0.600625
0.600625
0.600625
0.600625
0.600625
0.600625
0.600625
0.600625
0.600625
0.600625
0.600625
0.600625
0.600625
0.600625
0.600625
0.600625
0.600625
0.600625
0.600625
0.600625
0.600625
0.600625
0.600625
0.600625
0.600625
0.600625
0.600625
0.600625
0.600625
0.600625
0.600625
0.600625
0.600625
0.600625
0.600625
0.600625
0.600625
0.600625
0.600625
0.600625
0.600625
0.600625
0.600625
0.600625
0.600625
0.600625
0.600625
0.600625
0.600625
0.600625
0.600625
0.600625
0.600625
0.600625
0.600625
0.600625
0.600625
0.600625
0.600625
0.600625
0.600625
0.600625
0.600625
0.600625
0.600625
0.600625
0.600625
0.600625
0.600625
0.600625
0.600625
0.600625
0.600625
0.600625
0.600625
0.600625
0.600625
0.600625
0.600625
0.600625
0.600625
0.600625
0.600625
0.600625
0.600625
0.600625
0.600625
0.600625
0.600625
0.600625
0.600625
0.600625
0.600625
0.600625
0.600625
0.600625
0.600625
0.600625
0.600625
0.600625
0.600625
0.600625
0.600625
0.600625
0.600625
0.600625
0.600625
0.600625
0.600625
0.600625
0.600625
0.600625
0.600625
0.600625
0.600625
0.600625
0.600625
0.600625
0.600625
0.600625
0.600625
0.600625
0.600625
0.600625
0.600625
0.600625
0.600625
0.600625
0.600625
0.600625
0.600625
0.600625
0.600625
0.600625
0.600625
0.600625
0.600625
0.600625
0.600625
0.600625
0.600625
0.600625
0.600625
0.600625
0.600625
0.600625
0.600625
0.600625
0.600625
0.600625
0.600625
0.600625
0.600625
0.600625
0.600625
0.600625
0.600625
0.600625
0.600625
0.600625
0.600625
0.600625
0.600625
0.600625
0.600625
0.600625
0.600625
0.600625
0.600625
0.600625
0.600625
0.600625
0.600625
0.600625
0.600625
0.600625
0.600625
0.600625
0.600625
0.600625
0.600625
0.600625
0.600625
0.600625
0.600625
0.600625
0.600625
0.600625
0.600625
0.600625
0.600625
0.600625
0.600625
0.600625
0.600625
0.600625
0.600625
0.600625
0.600625
0.600625
0.600625
0.600625
0.600625
0.600625
0.600625
0.600625
0.600625
0.600625
0.600625
0.600625
0.600625
0.600625
0.600625
0.600625
0.600625
0.600625
0.600625
0.600625
0.600625
0.600625
0.600625
0.600625
0.600625
0.600625
0.600625
0.600625
0.600625
0.600625
0.600625
0.600625
0.600625
0.600625
0.600625
0.600625
0.600625
0.600625
0.600625
0.600625
0.600625
0.600625
0.600625
0.600625
0.600625
0.600625
0.600625
0.600625
0.600625
0.600625
0.600625
0.600625
0.600625
0.600625
0.600625
0.600625
0.600625
0.600625
0.600625
0.600625
0.600625
0.600625
0.600625
0.600625
0.600625
0.600625
0.600625
0.600625
0.600625
0.600625
0.600625
0.600625
0.600625
0.600625
0.600625
0.600625
0.600625
0.600625
0.600625
0.600625
0.600625
0.600625
0.600625
0.600625
0.600625
0.600625
0.600625
0.600625
0.600625
0.600625
0.600625
0.600625
0.600625
0.600625
0.600625
0.600625
0.600625
0.600625
0.600625
0.600625
0.600625
0.600625
0.600625
0.600625
0.600625
0.600625
0.600625
0.600625
0.600625
0.600625
0.600625
0.600625
0.600625
0.600625
0.600625
0.600625
0.600625
0.600625
0.600625
0.600625
0.600625
0.600625
0.600625
0.600625
0.600625
0.600625
0.600625
0.600625
0.600625
0.600625
0.600625
0.600625
0.600625
0.600625
0.600625
0.600625
0.600625
0.600625
0.600625
0.600625
0.600625
0.600625
0.600625
0.600625
0.600625
0.600625
0.600625
0.600625
0.600625
0.600625
0.600625
0.600625
0.600625
0.600625
0.600625
0.600625
0.600625
0.600625
0.600625
0.600625
0.600625
0.600625
0.600625
0.600625
0.600625
0.600625
0.600625
0.600625
0.600625
0.600625
0.600625
0.600625
0.600625
0.600625
0.600625
0.600625
0.600625
0.600625
0.600625
0.600625
0.600625
0.600625
0.600625
0.600625
0.600625
0.600625
0.600625
0.600625
0.600625
0.600625
0.600625
0.600625
0.600625
0.600625
0.600625
0.600625
0.600625
0.600625
0.600625
0.600625
0.600625
0.600625
0.600625
0.600625
0.600625
0.600625
0.600625
0.600625
0.600625
0.600625
0.600625
0.600625
0.600625
0.600625
0.600625
0.600625
0.600625
0.600625
0.600625
0.600625
0.600625
0.600625
0.600625
0.600625
0.600625
0.600625
0.600625
0.600625
0.600625
0.600625
0.600625
0.600625
0.600625
0.600625
0.600625
0.600625
0.600625
0.600625
0.600625
0.600625
0.600625
0.600625
0.600625
0.600625
0.600625
0.600625
0.600625
0.600625
0.600625
0.600625
0.600625
0.600625
0.600625
0.600625
0.600625
0.600625
0.600625
0.600625
0.600625
0.600625
0.600625
0.600625
0.600625
0.600625
0.600625
0.600625
0.600625
0.600625
0.600625
0.600625
0.600625
0.600625
0.600625
0.600625
0.600625
0.600625
0.600625
0.600625
0.600625
0.600625
0.600625
0.600625
0.600625
0.600625
0.600625
0.600625
0.600625
0.600625
0.600625
0.600625
0.600625
0.600625
0.600625
0.600625
0.600625
0.600625
0.600625
0.600625
0.600625
0.600625
0.600625
0.600625
0.600625
0.600625
0.600625
0.600625
0.600625
0.600625
0.600625
0.600625
0.600625
0.600625
0.600625
0.600625
0.600625
0.600625
0.600625
0.600625
0.600625
0.600625
0.600625
0.600625
0.600625
0.600625
0.600625
0.600625
0.600625
0.600625
0.600625
0.600625
0.600625
0.600625
0.600625
0.600625
0.600625
0.600625
0.600625
0.600625
0.600625
0.600625
0.600625
0.600625
0.600625
0.600625
0.600625
0.600625
0.600625
0.600625
)
;

boundaryField
{
    inlet
    {
        type            calculated;
        value           uniform 0.0976562;
    }
    outlet
    {
        type            calculated;
        value           uniform 0.600625;
    }
    emptyWalls
    {
        type            empty;
    }
}


// ************************************************************************* //
