/*--------------------------------*- C++ -*----------------------------------*\
  =========                 |
  \\      /  F ield         | OpenFOAM: The Open Source CFD Toolbox
   \\    /   O peration     | Website:  https://openfoam.org
    \\  /    A nd           | Version:  9
     \\/     M anipulation  |
\*---------------------------------------------------------------------------*/
FoamFile
{
    format      ascii;
    class       volScalarField;
    location    "69000";
    object      kra;
}
// * * * * * * * * * * * * * * * * * * * * * * * * * * * * * * * * * * * * * //

dimensions      [0 0 0 0 0 0 0];

internalField   nonuniform List<scalar> 
1000
(
0.000269984
0.000269852
0.000269729
0.000269607
0.000269484
0.000269361
0.000269239
0.000269116
0.000268994
0.000268871
0.000268749
0.000268627
0.000268504
0.000268382
0.00026826
0.000268138
0.000268016
0.000267894
0.000267772
0.000267651
0.000267529
0.000267407
0.000267285
0.000267164
0.000267042
0.000266921
0.0002668
0.000266678
0.000266557
0.000266436
0.000266315
0.000266193
0.000266072
0.000265951
0.00026583
0.000265709
0.000265589
0.000265468
0.000265347
0.000265226
0.000265106
0.000264985
0.000264864
0.000264744
0.000264623
0.000264503
0.000264382
0.000264262
0.000264142
0.000264021
0.000263901
0.000263781
0.000263661
0.000263541
0.00026342
0.0002633
0.00026318
0.00026306
0.00026294
0.00026282
0.0002627
0.00026258
0.00026246
0.00026234
0.000262221
0.000262101
0.000261981
0.000261861
0.000261741
0.000261622
0.000261502
0.000261382
0.000261263
0.000261143
0.000261023
0.000260903
0.000260784
0.000260664
0.000260545
0.000260425
0.000260305
0.000260186
0.000260066
0.000259947
0.000259827
0.000259707
0.000259588
0.000259468
0.000259349
0.000259229
0.000259109
0.00025899
0.00025887
0.000258751
0.000258631
0.000258511
0.000258392
0.000258272
0.000258153
0.000258033
0.000257913
0.000257794
0.000257674
0.000257554
0.000257434
0.000257315
0.000257195
0.000257075
0.000256955
0.000256835
0.000256715
0.000256595
0.000256476
0.000256356
0.000256236
0.000256115
0.000255995
0.000255875
0.000255755
0.000255635
0.000255514
0.000255394
0.000255274
0.000255153
0.000255033
0.000254912
0.000254792
0.000254671
0.00025455
0.000254429
0.000254308
0.000254187
0.000254066
0.000253945
0.000253824
0.000253702
0.000253581
0.000253459
0.000253337
0.000253215
0.000253093
0.000252971
0.000252849
0.000252726
0.000252604
0.000252481
0.000252358
0.000252234
0.00025211
0.000251987
0.000251862
0.000251738
0.000251613
0.000251487
0.000251361
0.000251234
0.000251107
0.000250979
0.00025085
0.00025072
0.000250589
0.000250456
0.00025032
0.000250183
0.000250041
0.000249895
0.000249741
0.000249577
0.000249395
0.000249182
0.000248913
0.000248524
0.000247828
0.000246126
0.00023865
8.77333e-05
8.66834e-09
1.07697e-23
4.08803e-54
1.51525e-115
5.42174e-239
0
0
0
0
0
0
0
0
0
0
0
0
0
0
0
0
0
0
0
0
0
0
0
0
0
0
0
0
0
0
0
0
0
0
0
0
0
0
0
0
0
0
0
0
0
0
0
0
0
0
0
0
0
0
0
0
0
0
0
0
0
0
0
0
0
0
0
0
0
0
0
0
0
0
0
0
0
0
0
0
0
0
0
0
0
0
0
0
0
0
0
0
0
0
0
0
0
0
0
0
0
0
0
0
0
0
0
0
0
0
0
0
0
0
0
0
0
0
0
0
0
0
0
0
0
0
0
0
0
0
0
0
0
0
0
0
0
0
0
0
0
0
0
0
0
0
0
0
0
0
0
0
0
0
0
0
0
0
0
0
0
0
0
0
0
0
0
0
0
0
0
0
0
0
0
0
0
0
0
0
0
0
0
0
0
0
0
0
0
0
0
0
0
0
0
0
0
0
0
0
0
0
0
0
0
0
0
0
0
0
0
0
0
0
0
0
0
0
0
0
0
0
0
0
0
0
0
0
0
0
0
0
0
0
0
0
0
0
0
0
0
0
0
0
0
0
0
0
0
0
0
0
0
0
0
0
0
0
0
0
0
0
0
0
0
0
0
0
0
0
0
0
0
0
0
0
0
0
0
0
0
0
0
0
0
0
0
0
0
0
0
0
0
0
0
0
0
0
0
0
0
0
0
0
0
0
0
0
0
0
0
0
0
0
0
0
0
0
0
0
0
0
0
0
0
0
0
0
0
0
0
0
0
0
0
0
0
0
0
0
0
0
0
0
0
0
0
0
0
0
0
0
0
0
0
0
0
0
0
0
0
0
0
0
0
0
0
0
0
0
0
0
0
0
0
0
0
0
0
0
0
0
0
0
0
0
0
0
0
0
0
0
0
0
0
0
0
0
0
0
0
0
0
0
0
0
0
0
0
0
0
0
0
0
0
0
0
0
0
0
0
0
0
0
0
0
0
0
0
0
0
0
0
0
0
0
0
0
0
0
0
0
0
0
0
0
0
0
0
0
0
0
0
0
0
0
0
0
0
0
0
0
0
0
0
0
0
0
0
0
0
0
0
0
0
0
0
0
0
0
0
0
0
0
0
0
0
0
0
0
0
0
0
0
0
0
0
0
0
0
0
0
0
0
0
0
0
0
0
0
0
0
0
0
0
0
0
0
0
0
0
0
0
0
0
0
0
0
0
0
0
0
0
0
0
0
0
0
0
0
0
0
0
0
0
0
0
0
0
0
0
0
0
0
0
0
0
0
0
0
0
0
0
0
0
0
0
0
0
0
0
0
0
0
0
0
0
0
0
0
0
0
0
0
0
0
0
0
0
0
0
0
0
0
0
0
0
0
0
0
0
0
0
0
0
0
0
0
0
0
0
0
0
0
0
0
0
0
0
0
0
0
0
0
0
0
0
0
0
0
0
0
0
0
0
0
0
0
0
0
0
0
0
0
0
0
0
0
0
0
0
0
0
0
0
0
0
0
0
0
0
0
0
0
0
0
0
0
0
0
0
0
0
0
0
0
0
0
0
0
0
0
0
0
0
0
0
0
0
0
0
0
0
0
0
0
0
0
0
0
0
0
0
0
0
0
0
0
0
0
0
0
0
0
0
0
0
0
0
0
0
0
0
0
0
0
0
0
0
0
0
0
0
0
0
0
0
0
0
0
0
0
0
0
0
0
0
0
0
0
0
0
0
0
0
0
0
0
0
0
0
0
0
0
0
0
0
0
0
0
0
0
0
0
0
0
0
0
0
0
0
0
0
0
0
0
0
0
0
0
0
0
0
0
0
0
0
0
0
0
0
0
0
0
0
0
0
0
0
0
0
0
0
0
0
0
0
0
0
)
;

boundaryField
{
    inlet
    {
        type            calculated;
        value           uniform 0.000270089;
    }
    outlet
    {
        type            calculated;
        value           uniform 0;
    }
    emptyWalls
    {
        type            empty;
    }
}


// ************************************************************************* //
