/*--------------------------------*- C++ -*----------------------------------*\
  =========                 |
  \\      /  F ield         | OpenFOAM: The Open Source CFD Toolbox
   \\    /   O peration     | Website:  https://openfoam.org
    \\  /    A nd           | Version:  9
     \\/     M anipulation  |
\*---------------------------------------------------------------------------*/
FoamFile
{
    format      ascii;
    class       volScalarField;
    location    "69000";
    object      Sc;
}
// * * * * * * * * * * * * * * * * * * * * * * * * * * * * * * * * * * * * * //

dimensions      [0 0 0 0 0 0 0];

internalField   nonuniform List<scalar> 
1000
(
0.000194275
0.000438317
0.000665915
0.000892358
0.00111869
0.00134491
0.00157094
0.00179676
0.00202234
0.00224767
0.00247274
0.00269756
0.00292212
0.00314641
0.00337045
0.00359424
0.00381776
0.00404102
0.00426404
0.00448679
0.00470929
0.00493154
0.00515354
0.0053753
0.0055968
0.00581806
0.00603907
0.00625984
0.00648036
0.00670065
0.0069207
0.00714051
0.00736009
0.00757943
0.00779854
0.00801742
0.00823607
0.00845449
0.00867269
0.00889066
0.00910841
0.00932593
0.00954324
0.00976033
0.0099772
0.0101939
0.0104103
0.0106265
0.0108426
0.0110584
0.011274
0.0114894
0.0117046
0.0119196
0.0121344
0.012349
0.0125634
0.0127776
0.0129916
0.0132054
0.013419
0.0136325
0.0138457
0.0140588
0.0142717
0.0144844
0.0146969
0.0149092
0.0151214
0.0153334
0.0155452
0.0157568
0.0159683
0.0161796
0.0163907
0.0166017
0.0168125
0.0170231
0.0172336
0.0174439
0.0176541
0.0178641
0.0180739
0.0182836
0.0184932
0.0187026
0.0189118
0.0191209
0.0193299
0.0195387
0.0197474
0.0199559
0.0201643
0.0203726
0.0205807
0.0207887
0.0209966
0.0212044
0.021412
0.0216195
0.0218269
0.0220342
0.0222413
0.0224484
0.0226553
0.0228621
0.0230688
0.0232755
0.023482
0.0236884
0.0238947
0.0241009
0.024307
0.0245131
0.024719
0.0249249
0.0251307
0.0253364
0.0255421
0.0257476
0.0259531
0.0261586
0.026364
0.0265693
0.0267746
0.0269799
0.0271851
0.0273902
0.0275954
0.0278005
0.0280056
0.0282107
0.0284158
0.0286209
0.028826
0.0290312
0.0292364
0.0294416
0.0296469
0.0298522
0.0300577
0.0302632
0.0304689
0.0306747
0.0308806
0.0310868
0.0312931
0.0314998
0.0317067
0.0319139
0.0321215
0.0323295
0.0325381
0.0327472
0.0329571
0.0331677
0.0333793
0.0335921
0.0338062
0.0340219
0.0342397
0.0344601
0.0346837
0.0349116
0.0351452
0.0353868
0.0356399
0.0359107
0.03621
0.0365588
0.0370006
0.0376389
0.0387682
0.0415429
0.0540061
0.183367
0.324637
0.326418
0.326398
0.326392
0.326394
0.326394
0.326394
0.326394
0.326394
0.326394
0.326394
0.326394
0.326394
0.326393
0.326393
0.326393
0.326393
0.326393
0.326393
0.326393
0.326393
0.326393
0.326393
0.326393
0.326393
0.326393
0.326393
0.326393
0.326393
0.326393
0.326393
0.326393
0.326393
0.326393
0.326393
0.326393
0.326392
0.326392
0.326392
0.326392
0.326392
0.326392
0.326392
0.326392
0.326392
0.326392
0.326392
0.326392
0.326392
0.326392
0.326392
0.326392
0.326392
0.326392
0.326392
0.326391
0.326391
0.326391
0.326391
0.326391
0.326391
0.326391
0.326391
0.326391
0.326391
0.326391
0.326391
0.326391
0.326391
0.326391
0.326391
0.32639
0.32639
0.32639
0.32639
0.32639
0.32639
0.32639
0.32639
0.32639
0.32639
0.32639
0.32639
0.32639
0.32639
0.326389
0.326389
0.326389
0.326389
0.326389
0.326389
0.326389
0.326389
0.326389
0.326389
0.326389
0.326389
0.326388
0.326388
0.326388
0.326388
0.326388
0.326388
0.326388
0.326388
0.326388
0.326388
0.326387
0.326387
0.326387
0.326387
0.326387
0.326387
0.326387
0.326387
0.326387
0.326387
0.326386
0.326386
0.326386
0.326386
0.326386
0.326386
0.326386
0.326386
0.326385
0.326385
0.326385
0.326385
0.326385
0.326385
0.326385
0.326384
0.326384
0.326384
0.326384
0.326384
0.326384
0.326384
0.326383
0.326383
0.326383
0.326383
0.326383
0.326383
0.326382
0.326382
0.326382
0.326382
0.326382
0.326382
0.326381
0.32638
0.32637
0.326277
0.325434
0.31848
0.28414
0.236866
0.225383
0.225001
0.225
0.225
0.225
0.225
0.225
0.225
0.225
0.225
0.225
0.225
0.225
0.225
0.225
0.225
0.225
0.225
0.225
0.225
0.225
0.225
0.225
0.225
0.225
0.225
0.225
0.225
0.225
0.225
0.225
0.225
0.225
0.225
0.225
0.225
0.225
0.225
0.225
0.225
0.225
0.225
0.225
0.225
0.225
0.225
0.225
0.225
0.225
0.225
0.225
0.225
0.225
0.225
0.225
0.225
0.225
0.225
0.225
0.225
0.225
0.225
0.225
0.225
0.225
0.225
0.225
0.225
0.225
0.225
0.225
0.225
0.225
0.225
0.225
0.225
0.225
0.225
0.225
0.225
0.225
0.225
0.225
0.225
0.225
0.225
0.225
0.225
0.225
0.225
0.225
0.225
0.225
0.225
0.225
0.225
0.225
0.225
0.225
0.225
0.225
0.225
0.225
0.225
0.225
0.225
0.225
0.225
0.225
0.225
0.225
0.225
0.225
0.225
0.225
0.225
0.225
0.225
0.225
0.225
0.225
0.225
0.225
0.225
0.225
0.225
0.225
0.225
0.225
0.225
0.225
0.225
0.225
0.225
0.225
0.225
0.225
0.225
0.225
0.225
0.225
0.225
0.225
0.225
0.225
0.225
0.225
0.225
0.225
0.225
0.225
0.225
0.225
0.225
0.225
0.225
0.225
0.225
0.225
0.225
0.225
0.225
0.225
0.225
0.225
0.225
0.225
0.225
0.225
0.225
0.225
0.225
0.225
0.225
0.225
0.225
0.225
0.225
0.225
0.225
0.225
0.225
0.225
0.225
0.225
0.225
0.225
0.225
0.225
0.225
0.225
0.225
0.225
0.225
0.225
0.225
0.225
0.225
0.225
0.225
0.225
0.225
0.225
0.225
0.225
0.225
0.225
0.225
0.225
0.225
0.225
0.225
0.225
0.225
0.225
0.225
0.225
0.225
0.225
0.225
0.225
0.225
0.225
0.225
0.225
0.225
0.225
0.225
0.225
0.225
0.225
0.225
0.225
0.225
0.225
0.225
0.225
0.225
0.225
0.225
0.225
0.225
0.225
0.225
0.225
0.225
0.225
0.225
0.225
0.225
0.225
0.225
0.225
0.225
0.225
0.225
0.225
0.225
0.225
0.225
0.225
0.225
0.225
0.225
0.225
0.225
0.225
0.225
0.225
0.225
0.225
0.225
0.225
0.225
0.225
0.225
0.225
0.225
0.225
0.225
0.225
0.225
0.225
0.225
0.225
0.225
0.225
0.225
0.225
0.225
0.225
0.225
0.225
0.225
0.225
0.225
0.225
0.225
0.225
0.225
0.225
0.225
0.225
0.225
0.225
0.225
0.225
0.225
0.225
0.225
0.225
0.225
0.225
0.225
0.225
0.225
0.225
0.225
0.225
0.225
0.225
0.225
0.225
0.225
0.225
0.225
0.225
0.225
0.225
0.225
0.225
0.225
0.225
0.225
0.225
0.225
0.225
0.225
0.225
0.225
0.225
0.225
0.225
0.225
0.225
0.225
0.225
0.225
0.225
0.225
0.225
0.225
0.225
0.225
0.225
0.225
0.225
0.225
0.225
0.225
0.225
0.225
0.225
0.225
0.225
0.225
0.225
0.225
0.225
0.225
0.225
0.225
0.225
0.225
0.225
0.225
0.225
0.225
0.225
0.225
0.225
0.225
0.225
0.225
0.225
0.225
0.225
0.225
0.225
0.225
0.225
0.225
0.225
0.225
0.225
0.225
0.225
0.225
0.225
0.225
0.225
0.225
0.225
0.225
0.225
0.225
0.225
0.225
0.225
0.225
0.225
0.225
0.225
0.225
0.225
0.225
0.225
0.225
0.225
0.225
0.225
0.225
0.225
0.225
0.225
0.225
0.225
0.225
0.225
0.225
0.225
0.225
0.225
0.225
0.225
0.225
0.225
0.225
0.225
0.225
0.225
0.225
0.225
0.225
0.225
0.225
0.225
0.225
0.225
0.225
0.225
0.225
0.225
0.225
0.225
0.225
0.225
0.225
0.225
0.225
0.225
0.225
0.225
0.225
0.225
0.225
0.225
0.225
0.225
0.225
0.225
0.225
0.225
0.225
0.225
0.225
0.225
0.225
0.225
0.225
0.225
0.225
0.225
0.225
0.225
0.225
0.225
0.225
0.225
0.225
0.225
0.225
0.225
0.225
0.225
0.225
0.225
0.225
0.225
0.225
0.225
0.225
0.225
0.225
0.225
0.225
0.225
0.225
0.225
0.225
0.225
0.225
0.225
0.225
0.225
0.225
0.225
0.225
0.225
0.225
0.225
0.225
0.225
0.225
0.225
0.225
0.225
0.225
0.225
0.225
0.225
0.225
0.225
0.225
0.225
0.225
0.225
0.225
0.225
0.225
0.225
0.225
0.225
0.225
0.225
0.225
0.225
0.225
0.225
0.225
0.225
0.225
0.225
0.225
0.225
0.225
0.225
0.225
0.225
0.225
0.225
0.225
0.225
0.225
0.225
0.225
0.225
0.225
0.225
0.225
0.225
0.225
0.225
0.225
0.225
0.225
0.225
0.225
0.225
0.225
0.225
0.225
0.225
0.225
0.225
0.225
0.225
0.225
0.225
0.225
0.225
0.225
0.225
0.225
0.225
0.225
0.225
0.225
0.225
0.225
0.225
0.225
0.225
0.225
0.225
0.225
0.225
0.225
0.225
0.225
0.225
0.225
0.225
0.225
0.225
0.225
0.225
0.225
0.225
0.225
0.225
0.225
0.225
0.225
0.225
0.225
0.225
0.225
0.225
0.225
0.225
0.225
0.225
0.225
0.225
0.225
0.225
0.225
0.225
0.225
0.225
0.225
0.225
0.225
0.225
0.225
0.225
0.225
0.225
0.225
0.225
0.225
0.225
0.225
0.225
0.225
0.225
0.225
0.225
0.225
0.225
0.225
0.225
0.225
0.225
)
;

boundaryField
{
    inlet
    {
        type            calculated;
        value           uniform 0;
    }
    outlet
    {
        type            calculated;
        value           uniform 0.225;
    }
    emptyWalls
    {
        type            empty;
    }
}


// ************************************************************************* //
