/*--------------------------------*- C++ -*----------------------------------*\
  =========                 |
  \\      /  F ield         | OpenFOAM: The Open Source CFD Toolbox
   \\    /   O peration     | Website:  https://openfoam.org
    \\  /    A nd           | Version:  9
     \\/     M anipulation  |
\*---------------------------------------------------------------------------*/
FoamFile
{
    format      ascii;
    class       volScalarField;
    location    "3";
    object      Fa;
}
// * * * * * * * * * * * * * * * * * * * * * * * * * * * * * * * * * * * * * //

dimensions      [0 0 0 0 0 0 0];

internalField   nonuniform List<scalar> 
1000
(
0.709416
0.709407
0.709396
0.709381
0.709365
0.709346
0.709325
0.709302
0.709277
0.70925
0.709221
0.70919
0.709158
0.709124
0.709088
0.709051
0.709013
0.708973
0.708931
0.708888
0.708844
0.708799
0.708753
0.708705
0.708656
0.708606
0.708555
0.708503
0.70845
0.708396
0.708341
0.708285
0.708228
0.70817
0.708112
0.708052
0.707992
0.707931
0.707869
0.707806
0.707743
0.707678
0.707614
0.707548
0.707482
0.707415
0.707347
0.707279
0.70721
0.707141
0.70707
0.707
0.706929
0.706857
0.706784
0.706711
0.706638
0.706564
0.70649
0.706415
0.706339
0.706263
0.706187
0.70611
0.706033
0.705955
0.705877
0.705798
0.705719
0.705639
0.705559
0.705479
0.705398
0.705317
0.705236
0.705154
0.705072
0.704989
0.704906
0.704823
0.704739
0.704655
0.704571
0.704486
0.704401
0.704315
0.70423
0.704144
0.704057
0.703971
0.703884
0.703797
0.703709
0.703621
0.703533
0.703445
0.703356
0.703267
0.703178
0.703089
0.702999
0.702909
0.702819
0.702728
0.702638
0.702547
0.702455
0.702364
0.702272
0.70218
0.702088
0.701995
0.701903
0.70181
0.701717
0.701623
0.70153
0.701436
0.701342
0.701248
0.701153
0.701059
0.700964
0.700869
0.700773
0.700678
0.700582
0.700486
0.70039
0.700294
0.700197
0.700101
0.700004
0.699907
0.69981
0.699712
0.699615
0.699517
0.699419
0.699321
0.699222
0.699124
0.699025
0.698926
0.698827
0.698728
0.698628
0.698528
0.698429
0.698329
0.698229
0.698128
0.698028
0.697927
0.697826
0.697725
0.697624
0.697522
0.697421
0.697319
0.697217
0.697115
0.697013
0.69691
0.696807
0.696705
0.696602
0.696498
0.696395
0.696291
0.696188
0.696084
0.695979
0.695875
0.69577
0.695666
0.695561
0.695455
0.69535
0.695244
0.695139
0.695032
0.694926
0.69482
0.694713
0.694606
0.694498
0.694391
0.694283
0.694175
0.694066
0.693958
0.693849
0.693739
0.69363
0.69352
0.693409
0.693298
0.693187
0.693075
0.692963
0.69285
0.692737
0.692623
0.692509
0.692394
0.692279
0.692162
0.692045
0.691927
0.691808
0.691688
0.691567
0.691445
0.691322
0.691197
0.691071
0.690942
0.690812
0.69068
0.690545
0.690408
0.690267
0.690123
0.689975
0.689822
0.689664
0.6895
0.689328
0.689148
0.688957
0.688753
0.688534
0.688296
0.688034
0.687741
0.687408
0.687021
0.68656
0.685993
0.685267
0.68429
0.682881
0.680648
0.676604
0.667333
0.665025
0.662234
0.657738
0.650923
0.641757
0.630599
0.618238
0.605933
0.595362
0.588377
0.586461
0.589949
0.597498
0.606448
0.614065
0.618692
0.620037
0.618734
0.615783
0.612181
0.608759
0.606121
0.604622
0.60435
0.605139
0.606627
0.608359
0.609911
0.610986
0.611457
0.611357
0.610827
0.610066
0.609272
0.608609
0.608179
0.608018
0.608102
0.608359
0.608698
0.60903
0.609285
0.609428
0.609451
0.609376
0.60924
0.609085
0.608948
0.608854
0.608815
0.60883
0.608886
0.608964
0.609047
0.609117
0.609166
0.609191
0.609194
0.609181
0.60916
0.60914
0.609125
0.609119
0.609121
0.609129
0.60914
0.60915
0.609155
0.609154
0.609146
0.609132
0.609115
0.609095
0.609076
0.609059
0.609045
0.609035
0.60903
0.609027
0.609026
0.609028
0.609029
0.609032
0.609034
0.609037
0.609041
0.609045
0.60905
0.609057
0.609064
0.609072
0.60908
0.609089
0.609097
0.609105
0.609112
0.609118
0.609122
0.609125
0.609127
0.609127
0.609126
0.609124
0.609121
0.609116
0.609111
0.609104
0.609097
0.60909
0.609082
0.609074
0.609066
0.609059
0.609051
0.609045
0.609039
0.609033
0.609029
0.609025
0.609022
0.60902
0.609018
0.609017
0.609017
0.609018
0.609019
0.609021
0.609023
0.609026
0.609029
0.609033
0.609037
0.609042
0.609046
0.609052
0.609057
0.609062
0.609068
0.609073
0.609079
0.609084
0.609089
0.609093
0.609097
0.609101
0.609103
0.609106
0.609107
0.609108
0.609108
0.609108
0.609106
0.609104
0.609102
0.609099
0.609095
0.609091
0.609087
0.609082
0.609077
0.609073
0.609068
0.609063
0.609059
0.609055
0.609051
0.609048
0.609045
0.609042
0.60904
0.609039
0.609038
0.609038
0.609038
0.609038
0.609039
0.609041
0.609043
0.609045
0.609048
0.609051
0.609054
0.609057
0.609061
0.609065
0.609068
0.609072
0.609076
0.609079
0.609082
0.609085
0.609088
0.60909
0.609092
0.609094
0.609095
0.609096
0.609096
0.609096
0.609095
0.609094
0.609093
0.609091
0.609088
0.609086
0.609083
0.609079
0.609076
0.609072
0.609068
0.609064
0.60906
0.609056
0.609052
0.609048
0.609045
0.609041
0.609037
0.609034
0.60903
0.609023
0.609005
0.608946
0.608851
0.61107
0.635578
0.647794
0.647893
0.647877
0.647869
0.647868
0.647869
0.64787
0.647869
0.647869
0.647868
0.647868
0.647868
0.647868
0.647868
0.647868
0.647868
0.647868
0.647869
0.647869
0.647869
0.647869
0.647869
0.647869
0.647869
0.64787
0.64787
0.64787
0.64787
0.64787
0.64787
0.647871
0.647871
0.647871
0.647871
0.647871
0.647871
0.647871
0.647872
0.647872
0.647872
0.647872
0.647872
0.647872
0.647872
0.647873
0.647873
0.647873
0.647873
0.647873
0.647873
0.647873
0.647874
0.647874
0.647874
0.647874
0.647874
0.647874
0.647874
0.647874
0.647874
0.647875
0.647875
0.647875
0.647875
0.647875
0.647875
0.647875
0.647875
0.647875
0.647875
0.647875
0.647875
0.647875
0.647875
0.647876
0.647876
0.647876
0.647876
0.647876
0.647875
0.647875
0.647875
0.647875
0.647875
0.647875
0.647875
0.647875
0.647874
0.647874
0.647874
0.647873
0.647873
0.647872
0.647872
0.647871
0.64787
0.647869
0.647868
0.647867
0.647866
0.647865
0.647864
0.647862
0.647861
0.647859
0.647857
0.647855
0.647854
0.647852
0.647849
0.647847
0.647845
0.647843
0.647841
0.647839
0.647836
0.647834
0.647832
0.64783
0.647828
0.647826
0.647824
0.647823
0.647821
0.64782
0.647818
0.647817
0.647816
0.647815
0.647814
0.647814
0.647813
0.647813
0.647813
0.647813
0.647812
0.647812
0.647813
0.647813
0.647813
0.647813
0.647813
0.647813
0.647814
0.647814
0.647814
0.647814
0.647814
0.647814
0.647814
0.647814
0.647814
0.647814
0.64781
0.647662
0.6422
0.299151
0
0
0
0
0
0
0
0
0
0
0
0
0
0
0
0
0
0
0
0
0
0
0
0
0
0
0
0
0
0
0
0
0
0
0
0
0
0
0
0
0
0
0
0
0
0
0
0
0
0
0
0
0
0
0
0
0
0
0
0
0
0
0
0
0
0
0
0
0
0
0
0
0
0
0
0
0
0
0
0
0
0
0
0
0
0
0
0
0
0
0
0
0
0
0
0
0
0
0
0
0
0
0
0
0
0
0
0
0
0
0
0
0
0
0
0
0
0
0
0
0
0
0
0
0
0
0
0
0
0
0
0
0
0
0
0
0
0
0
0
0
0
0
0
0
0
0
0
0
0
0
0
0
0
0
0
0
0
0
0
0
0
0
0
0
0
0
0
0
0
0
0
0
0
0
0
0
0
0
0
0
0
0
0
0
0
0
0
0
0
0
0
0
0
0
0
0
0
0
0
0
0
0
0
0
0
0
0
0
0
0
0
0
0
0
0
0
0
0
0
0
0
0
0
0
0
0
0
0
0
0
0
0
0
0
0
0
0
0
0
0
0
0
0
0
0
0
0
0
0
0
0
0
0
0
0
0
0
0
0
0
0
0
0
0
0
0
0
0
0
0
0
0
0
0
0
0
0
0
0
0
0
0
0
0
0
0
0
0
0
0
0
0
0
0
0
0
0
0
0
0
0
0
0
0
0
0
0
0
0
0
0
0
0
0
0
0
0
0
0
0
0
0
0
0
0
0
0
0
0
0
0
0
0
0
0
0
0
0
0
0
0
0
0
0
0
0
0
0
0
0
0
0
0
0
0
0
0
0
0
0
0
0
0
0
0
0
0
0
0
0
)
;

boundaryField
{
    inlet
    {
        type            calculated;
        value           uniform 0.709421;
    }
    outlet
    {
        type            calculated;
        value           uniform 0;
    }
    emptyWalls
    {
        type            empty;
    }
}


// ************************************************************************* //
