/*--------------------------------*- C++ -*----------------------------------*\
  =========                 |
  \\      /  F ield         | OpenFOAM: The Open Source CFD Toolbox
   \\    /   O peration     | Website:  https://openfoam.org
    \\  /    A nd           | Version:  9
     \\/     M anipulation  |
\*---------------------------------------------------------------------------*/
FoamFile
{
    format      ascii;
    class       volScalarField;
    location    "13.3";
    object      krb;
}
// * * * * * * * * * * * * * * * * * * * * * * * * * * * * * * * * * * * * * //

dimensions      [0 0 0 0 0 0 0];

internalField   nonuniform List<scalar> 
1000
(
0.301856
0.30118
0.300556
0.299956
0.299372
0.298799
0.298236
0.29768
0.297131
0.296588
0.29605
0.295517
0.294988
0.294464
0.293944
0.293427
0.292915
0.292406
0.291901
0.291399
0.290901
0.290405
0.289913
0.289424
0.288938
0.288455
0.287975
0.287498
0.287023
0.286551
0.286082
0.285616
0.285152
0.284691
0.284233
0.283777
0.283323
0.282872
0.282423
0.281977
0.281533
0.281091
0.280652
0.280215
0.27978
0.279348
0.278917
0.278489
0.278063
0.277639
0.277217
0.276797
0.27638
0.275964
0.27555
0.275139
0.274729
0.274321
0.273916
0.273512
0.27311
0.27271
0.272311
0.271915
0.27152
0.271128
0.270737
0.270347
0.26996
0.269574
0.26919
0.268808
0.268427
0.268049
0.267671
0.267296
0.266922
0.266549
0.266179
0.26581
0.265442
0.265076
0.264712
0.264349
0.263987
0.263628
0.263269
0.262912
0.262557
0.262203
0.261851
0.2615
0.26115
0.260802
0.260455
0.26011
0.259766
0.259423
0.259082
0.258742
0.258403
0.258066
0.25773
0.257396
0.257062
0.25673
0.2564
0.25607
0.255742
0.255415
0.255089
0.254765
0.254442
0.25412
0.253799
0.253479
0.253161
0.252843
0.252527
0.252212
0.251899
0.251586
0.251275
0.250964
0.250655
0.250347
0.25004
0.249734
0.249429
0.249125
0.248823
0.248521
0.248221
0.247921
0.247623
0.247325
0.247029
0.246734
0.246439
0.246146
0.245854
0.245562
0.245272
0.244983
0.244694
0.244407
0.244121
0.243835
0.243551
0.243267
0.242985
0.242703
0.242422
0.242142
0.241863
0.241585
0.241308
0.241032
0.240757
0.240483
0.240209
0.239936
0.239665
0.239394
0.239124
0.238854
0.238586
0.238319
0.238052
0.237786
0.237521
0.237257
0.236994
0.236731
0.236469
0.236209
0.235948
0.235689
0.235431
0.235173
0.234916
0.23466
0.234404
0.23415
0.233896
0.233643
0.23339
0.233139
0.232888
0.232638
0.232388
0.23214
0.231892
0.231645
0.231398
0.231152
0.230907
0.230663
0.230419
0.230176
0.229934
0.229693
0.229452
0.229212
0.228972
0.228733
0.228495
0.228258
0.228021
0.227785
0.227549
0.227314
0.22708
0.226847
0.226614
0.226382
0.22615
0.225919
0.225689
0.225459
0.22523
0.225001
0.224774
0.224546
0.22432
0.224094
0.223868
0.223643
0.223419
0.223196
0.222973
0.22275
0.222528
0.222307
0.222086
0.221866
0.221647
0.221428
0.221209
0.220992
0.220774
0.220558
0.220342
0.220126
0.219911
0.219696
0.219483
0.219269
0.219056
0.218844
0.218632
0.218421
0.21821
0.218
0.21779
0.217581
0.217373
0.217164
0.216957
0.21675
0.216543
0.216337
0.216132
0.215927
0.215722
0.215518
0.215314
0.215111
0.214909
0.214707
0.214505
0.214304
0.214103
0.213903
0.213704
0.213504
0.213306
0.213107
0.21291
0.212712
0.212515
0.212319
0.212123
0.211928
0.211732
0.211538
0.211344
0.21115
0.210957
0.210764
0.210572
0.21038
0.210188
0.209997
0.209807
0.209617
0.209427
0.209238
0.209049
0.20886
0.208672
0.208485
0.208298
0.208111
0.207924
0.207739
0.207553
0.207368
0.207183
0.206999
0.206815
0.206632
0.206449
0.206266
0.206084
0.205902
0.20572
0.205539
0.205358
0.205178
0.204998
0.204819
0.20464
0.204461
0.204282
0.204104
0.203927
0.20375
0.203573
0.203396
0.20322
0.203044
0.202869
0.202694
0.202519
0.202345
0.202171
0.201997
0.201824
0.201651
0.201479
0.201307
0.201135
0.200964
0.200793
0.200622
0.200451
0.200281
0.200112
0.199942
0.199773
0.199605
0.199436
0.199268
0.199101
0.198934
0.198767
0.1986
0.198434
0.198268
0.198102
0.197937
0.197772
0.197607
0.197443
0.197279
0.197115
0.196952
0.196789
0.196626
0.196463
0.196301
0.19614
0.195978
0.195817
0.195656
0.195496
0.195335
0.195175
0.195016
0.194856
0.194697
0.194539
0.19438
0.194222
0.194064
0.193907
0.19375
0.193593
0.193436
0.19328
0.193124
0.192968
0.192813
0.192657
0.192503
0.192348
0.192194
0.19204
0.191886
0.191733
0.191579
0.191426
0.191274
0.191121
0.190969
0.190818
0.190666
0.190515
0.190364
0.190213
0.190063
0.189913
0.189763
0.189613
0.189464
0.189315
0.189166
0.189018
0.188869
0.188721
0.188573
0.188426
0.188279
0.188132
0.187985
0.187839
0.187692
0.187546
0.187401
0.187255
0.18711
0.186965
0.186821
0.186676
0.186532
0.186388
0.186244
0.186101
0.185958
0.185815
0.185672
0.18553
0.185387
0.185245
0.185104
0.184962
0.184821
0.18468
0.184539
0.184399
0.184258
0.184118
0.183978
0.183839
0.183699
0.18356
0.183421
0.183283
0.183144
0.183006
0.182868
0.18273
0.182593
0.182455
0.182318
0.182181
0.182045
0.181908
0.181772
0.181636
0.1815
0.181365
0.18123
0.181094
0.18096
0.180825
0.18069
0.180556
0.180422
0.180288
0.180155
0.180021
0.179888
0.179755
0.179622
0.17949
0.179358
0.179225
0.179094
0.178962
0.17883
0.178699
0.178568
0.178437
0.178306
0.178176
0.178046
0.177916
0.177786
0.177656
0.177527
0.177397
0.177268
0.177139
0.177011
0.176882
0.176754
0.176626
0.176498
0.17637
0.176243
0.176115
0.175988
0.175861
0.175735
0.175608
0.175482
0.175355
0.175229
0.175104
0.174978
0.174853
0.174727
0.174602
0.174477
0.174353
0.174228
0.174104
0.17398
0.173856
0.173732
0.173609
0.173485
0.173362
0.173239
0.173116
0.172993
0.172871
0.172748
0.172626
0.172504
0.172382
0.172261
0.172139
0.172018
0.171897
0.171776
0.171655
0.171535
0.171414
0.171294
0.171174
0.171054
0.170934
0.170815
0.170695
0.170576
0.170457
0.170338
0.170219
0.170101
0.169983
0.169864
0.169746
0.169628
0.169511
0.169393
0.169276
0.169158
0.169041
0.168924
0.168808
0.168691
0.168574
0.168458
0.168342
0.168226
0.16811
0.167995
0.167879
0.167764
0.167649
0.167533
0.167419
0.167304
0.167189
0.167075
0.166961
0.166847
0.166733
0.166619
0.166505
0.166392
0.166278
0.166165
0.166052
0.165939
0.165826
0.165714
0.165601
0.165489
0.165377
0.165265
0.165153
0.165041
0.16493
0.164818
0.164707
0.164596
0.164485
0.164374
0.164263
0.164153
0.164042
0.163932
0.163822
0.163712
0.163602
0.163492
0.163383
0.163273
0.163164
0.163055
0.162946
0.162837
0.162728
0.162619
0.162511
0.162403
0.162294
0.162186
0.162078
0.161971
0.161863
0.161755
0.161648
0.161541
0.161434
0.161327
0.16122
0.161113
0.161006
0.1609
0.160793
0.160687
0.160581
0.160475
0.160369
0.160264
0.160158
0.160053
0.159947
0.159842
0.159737
0.159632
0.159527
0.159423
0.159318
0.159214
0.15911
0.159005
0.158901
0.158797
0.158694
0.15859
0.158486
0.158383
0.15828
0.158176
0.158073
0.15797
0.157868
0.157765
0.157662
0.15756
0.157457
0.157355
0.157253
0.157151
0.157049
0.156948
0.156846
0.156744
0.156643
0.156542
0.156441
0.15634
0.156239
0.156138
0.156037
0.155937
0.155836
0.155736
0.155635
0.155535
0.155435
0.155335
0.155236
0.155136
0.155036
0.154937
0.154838
0.154738
0.154639
0.15454
0.154441
0.154343
0.154244
0.154145
0.154047
0.153949
0.15385
0.153752
0.153654
0.153556
0.153458
0.153361
0.153263
0.153166
0.153068
0.152971
0.152874
0.152777
0.15268
0.152583
0.152486
0.15239
0.152293
0.152197
0.1521
0.152004
0.151908
0.151812
0.151716
0.15162
0.151524
0.151429
0.151333
0.151238
0.151142
0.151047
0.150952
0.150857
0.150762
0.150667
0.150573
0.150478
0.150384
0.150289
0.150195
0.150101
0.150006
0.149912
0.149818
0.149725
0.149631
0.149537
0.149444
0.14935
0.149257
0.149164
0.14907
0.148977
0.148884
0.148791
0.148699
0.148606
0.148513
0.148421
0.148328
0.148236
0.148144
0.148052
0.14796
0.147868
0.147776
0.147684
0.147592
0.147501
0.147409
0.147318
0.147226
0.147135
0.147044
0.146953
0.146862
0.146771
0.14668
0.14659
0.146499
0.146408
0.146318
0.146227
0.146137
0.146047
0.145957
0.145867
0.145777
0.145687
0.145597
0.145508
0.145418
0.145328
0.145239
0.14515
0.14506
0.144971
0.144882
0.144793
0.144704
0.144615
0.144526
0.144438
0.144349
0.144261
0.144172
0.144084
0.143995
0.143907
0.143819
0.143731
0.143643
0.143555
0.143467
0.14338
0.143292
0.143204
0.143117
0.143029
0.142942
0.142855
0.142767
0.14268
0.142593
0.142506
0.142419
0.142332
0.142246
0.142159
0.142072
0.141986
0.141899
0.141813
0.141726
0.14164
0.141554
0.141468
0.141382
0.141296
0.14121
0.141124
0.141038
0.140953
0.140867
0.140781
0.140696
0.14061
0.140525
0.14044
0.140355
0.140269
0.140184
0.140099
0.140014
0.139929
0.139845
0.13976
0.139675
0.13959
0.139506
0.139421
0.139337
0.139252
0.139168
0.139084
0.138999
0.138915
0.138831
0.138747
0.138663
0.138579
0.138495
0.138412
0.138328
0.138244
0.13816
0.138077
0.137993
0.13791
0.137826
0.137743
0.13766
0.137576
0.137493
0.13741
0.137327
0.137244
0.137161
0.137078
0.136995
0.136912
0.136829
0.136746
0.136663
0.136581
0.136498
0.136415
0.136333
0.13625
0.136168
0.136085
0.136003
0.13592
0.135838
0.135756
0.135673
0.135591
0.135509
0.135427
0.135345
0.135262
0.13518
0.135098
0.135016
0.134934
0.134852
0.13477
0.134688
0.134606
0.134524
0.134442
0.13436
0.134278
0.134197
0.134115
0.134033
0.133951
0.133869
0.133787
0.133705
0.133624
0.133542
0.13346
0.133378
0.133296
0.133214
0.133132
0.13305
0.132968
0.132886
0.132804
0.132722
0.13264
0.132558
0.132476
0.132394
0.132312
0.132229
0.132147
0.132065
0.131982
0.1319
0.131817
0.131734
0.131651
0.131569
0.131486
0.131403
0.131319
0.131236
0.131153
0.131069
0.130986
0.130902
0.130818
0.130734
0.130649
0.130565
0.13048
0.130395
0.13031
0.130225
0.13014
0.130054
0.129968
0.129881
0.129795
0.129708
0.12962
0.129533
0.129445
0.129356
0.129268
0.129178
0.129089
0.128998
0.128907
0.128816
0.128724
)
;

boundaryField
{
    inlet
    {
        type            calculated;
        value           uniform 0.302959;
    }
    outlet
    {
        type            calculated;
        value           uniform 0.128724;
    }
    emptyWalls
    {
        type            empty;
    }
}


// ************************************************************************* //
