Best solution found: 
X = [1.69994361 3.06743219 6.9587918  0.5893817  1.26192803 0.3991641 ]
F = [0.58697356]
