/*--------------------------------*- C++ -*----------------------------------*\
  =========                 |
  \\      /  F ield         | OpenFOAM: The Open Source CFD Toolbox
   \\    /   O peration     | Website:  https://openfoam.org
    \\  /    A nd           | Version:  9
     \\/     M anipulation  |
\*---------------------------------------------------------------------------*/
FoamFile
{
    format      ascii;
    class       volVectorField;
    location    "2725";
    object      Uc;
}
// * * * * * * * * * * * * * * * * * * * * * * * * * * * * * * * * * * * * * //

dimensions      [0 0 0 0 0 0 0];

internalField   nonuniform List<vector> 
100
(
(0 0 2.17959e-08)
(0 0 3.6055e-08)
(0 0 6.8435e-08)
(0 0 1.08992e-07)
(0 0 1.58861e-07)
(0 0 2.14529e-07)
(0 0 2.6955e-07)
(0 0 3.22864e-07)
(0 0 3.75628e-07)
(0 0 4.27938e-07)
(0 0 4.79763e-07)
(0 0 5.3093e-07)
(0 0 5.81353e-07)
(0 0 6.31151e-07)
(0 0 6.80503e-07)
(0 0 7.29312e-07)
(0 0 7.77554e-07)
(0 0 8.25363e-07)
(0 0 8.72851e-07)
(0 0 9.2005e-07)
(0 0 9.66967e-07)
(0 0 1.01359e-06)
(0 0 1.05986e-06)
(0 0 1.10573e-06)
(0 0 1.15135e-06)
(0 0 1.19673e-06)
(0 0 1.24183e-06)
(0 0 1.28667e-06)
(0 0 1.33127e-06)
(0 0 1.37565e-06)
(0 0 1.41985e-06)
(0 0 1.4645e-06)
(0 0 1.51084e-06)
(0 0 1.56108e-06)
(0 0 1.61729e-06)
(0 0 1.67989e-06)
(0 0 1.74725e-06)
(0 0 1.81667e-06)
(0 0 1.88592e-06)
(0 0 1.95398e-06)
(0 0 2.02079e-06)
(0 0 2.08659e-06)
(0 0 2.1517e-06)
(0 0 2.21641e-06)
(0 0 2.28093e-06)
(0 0 2.3454e-06)
(0 0 2.4099e-06)
(0 0 2.47448e-06)
(0 0 2.53918e-06)
(0 0 2.60395e-06)
(0 0 2.66869e-06)
(0 0 2.73307e-06)
(0 0 2.79637e-06)
(0 0 2.85706e-06)
(0 0 2.91257e-06)
(0 0 2.96061e-06)
(0 0 3.00078e-06)
(0 0 3.03459e-06)
(0 0 3.06436e-06)
(0 0 3.09237e-06)
(0 0 3.12077e-06)
(0 0 3.1523e-06)
(0 0 3.19085e-06)
(0 0 3.24247e-06)
(0 0 3.31356e-06)
(0 0 3.3999e-06)
(0 0 3.48484e-06)
(0 0 3.56007e-06)
(0 0 3.62969e-06)
(0 0 3.69728e-06)
(0 0 3.76409e-06)
(0 0 3.83056e-06)
(0 0 3.89691e-06)
(0 0 3.96328e-06)
(0 0 4.02976e-06)
(0 0 4.09644e-06)
(0 0 4.16339e-06)
(0 0 4.23069e-06)
(0 0 4.29845e-06)
(0 0 4.36676e-06)
(0 0 4.43575e-06)
(0 0 4.5055e-06)
(0 0 4.5759e-06)
(0 0 4.64571e-06)
(0 0 4.70814e-06)
(0 0 4.75252e-06)
(0 0 4.78046e-06)
(0 0 4.80273e-06)
(0 0 4.82518e-06)
(0 0 4.8502e-06)
(0 0 4.92268e-06)
(0 0 5.08508e-06)
(0 0 5.24492e-06)
(0 0 5.21063e-06)
(0 0 2.66058e-06)
(0 0 1.19517e-07)
(0 0 3.71813e-08)
(0 0 3.6738e-08)
(0 0 3.67358e-08)
(0 0 3.67358e-08)
)
;

boundaryField
{
    inlet
    {
        type            fixedValue;
        value           uniform (0 0 0);
    }
    outlet
    {
        type            zeroGradient;
    }
    emptyWalls
    {
        type            empty;
    }
}


// ************************************************************************* //
