/*--------------------------------*- C++ -*----------------------------------*\
  =========                 |
  \\      /  F ield         | OpenFOAM: The Open Source CFD Toolbox
   \\    /   O peration     | Website:  https://openfoam.org
    \\  /    A nd           | Version:  9
     \\/     M anipulation  |
\*---------------------------------------------------------------------------*/
FoamFile
{
    format      ascii;
    class       volVectorField;
    location    "7.4";
    object      Ub;
}
// * * * * * * * * * * * * * * * * * * * * * * * * * * * * * * * * * * * * * //

dimensions      [0 0 0 0 0 0 0];

internalField   nonuniform List<vector> 
1000
(
(0.290578 0 0)
(0.290576 0 0)
(0.290573 0 0)
(0.290569 0 0)
(0.290565 0 0)
(0.29056 0 0)
(0.290554 0 0)
(0.290547 0 0)
(0.290539 0 0)
(0.290531 0 0)
(0.290522 0 0)
(0.290513 0 0)
(0.290503 0 0)
(0.290492 0 0)
(0.290481 0 0)
(0.290469 0 0)
(0.290456 0 0)
(0.290443 0 0)
(0.290429 0 0)
(0.290415 0 0)
(0.2904 0 0)
(0.290384 0 0)
(0.290368 0 0)
(0.290352 0 0)
(0.290334 0 0)
(0.290317 0 0)
(0.290299 0 0)
(0.29028 0 0)
(0.290261 0 0)
(0.290241 0 0)
(0.290221 0 0)
(0.2902 0 0)
(0.290179 0 0)
(0.290158 0 0)
(0.290136 0 0)
(0.290113 0 0)
(0.29009 0 0)
(0.290067 0 0)
(0.290043 0 0)
(0.290019 0 0)
(0.289994 0 0)
(0.289969 0 0)
(0.289944 0 0)
(0.289918 0 0)
(0.289891 0 0)
(0.289865 0 0)
(0.289838 0 0)
(0.28981 0 0)
(0.289782 0 0)
(0.289754 0 0)
(0.289725 0 0)
(0.289696 0 0)
(0.289667 0 0)
(0.289637 0 0)
(0.289607 0 0)
(0.289577 0 0)
(0.289546 0 0)
(0.289514 0 0)
(0.289483 0 0)
(0.289451 0 0)
(0.289419 0 0)
(0.289386 0 0)
(0.289353 0 0)
(0.28932 0 0)
(0.289287 0 0)
(0.289253 0 0)
(0.289219 0 0)
(0.289184 0 0)
(0.28915 0 0)
(0.289114 0 0)
(0.289079 0 0)
(0.289043 0 0)
(0.289007 0 0)
(0.288971 0 0)
(0.288934 0 0)
(0.288898 0 0)
(0.28886 0 0)
(0.288823 0 0)
(0.288785 0 0)
(0.288747 0 0)
(0.288709 0 0)
(0.28867 0 0)
(0.288632 0 0)
(0.288592 0 0)
(0.288553 0 0)
(0.288513 0 0)
(0.288474 0 0)
(0.288433 0 0)
(0.288393 0 0)
(0.288352 0 0)
(0.288311 0 0)
(0.28827 0 0)
(0.288229 0 0)
(0.288187 0 0)
(0.288145 0 0)
(0.288103 0 0)
(0.288061 0 0)
(0.288018 0 0)
(0.287975 0 0)
(0.287932 0 0)
(0.287889 0 0)
(0.287845 0 0)
(0.287801 0 0)
(0.287757 0 0)
(0.287713 0 0)
(0.287668 0 0)
(0.287624 0 0)
(0.287579 0 0)
(0.287534 0 0)
(0.287488 0 0)
(0.287443 0 0)
(0.287397 0 0)
(0.287351 0 0)
(0.287305 0 0)
(0.287258 0 0)
(0.287212 0 0)
(0.287165 0 0)
(0.287118 0 0)
(0.28707 0 0)
(0.287023 0 0)
(0.286975 0 0)
(0.286927 0 0)
(0.286879 0 0)
(0.286831 0 0)
(0.286783 0 0)
(0.286734 0 0)
(0.286685 0 0)
(0.286636 0 0)
(0.286587 0 0)
(0.286537 0 0)
(0.286488 0 0)
(0.286438 0 0)
(0.286388 0 0)
(0.286338 0 0)
(0.286288 0 0)
(0.286237 0 0)
(0.286186 0 0)
(0.286135 0 0)
(0.286084 0 0)
(0.286033 0 0)
(0.285982 0 0)
(0.28593 0 0)
(0.285878 0 0)
(0.285826 0 0)
(0.285774 0 0)
(0.285722 0 0)
(0.28567 0 0)
(0.285617 0 0)
(0.285564 0 0)
(0.285511 0 0)
(0.285458 0 0)
(0.285405 0 0)
(0.285351 0 0)
(0.285298 0 0)
(0.285244 0 0)
(0.28519 0 0)
(0.285136 0 0)
(0.285082 0 0)
(0.285027 0 0)
(0.284973 0 0)
(0.284918 0 0)
(0.284863 0 0)
(0.284808 0 0)
(0.284753 0 0)
(0.284697 0 0)
(0.284642 0 0)
(0.284586 0 0)
(0.28453 0 0)
(0.284474 0 0)
(0.284418 0 0)
(0.284362 0 0)
(0.284306 0 0)
(0.284249 0 0)
(0.284192 0 0)
(0.284135 0 0)
(0.284078 0 0)
(0.284021 0 0)
(0.283964 0 0)
(0.283907 0 0)
(0.283849 0 0)
(0.283791 0 0)
(0.283733 0 0)
(0.283675 0 0)
(0.283617 0 0)
(0.283559 0 0)
(0.283501 0 0)
(0.283442 0 0)
(0.283383 0 0)
(0.283324 0 0)
(0.283265 0 0)
(0.283206 0 0)
(0.283147 0 0)
(0.283088 0 0)
(0.283028 0 0)
(0.282969 0 0)
(0.282909 0 0)
(0.282849 0 0)
(0.282789 0 0)
(0.282729 0 0)
(0.282668 0 0)
(0.282608 0 0)
(0.282547 0 0)
(0.282487 0 0)
(0.282426 0 0)
(0.282365 0 0)
(0.282304 0 0)
(0.282243 0 0)
(0.282181 0 0)
(0.28212 0 0)
(0.282058 0 0)
(0.281996 0 0)
(0.281935 0 0)
(0.281873 0 0)
(0.281811 0 0)
(0.281748 0 0)
(0.281686 0 0)
(0.281624 0 0)
(0.281561 0 0)
(0.281498 0 0)
(0.281435 0 0)
(0.281372 0 0)
(0.281309 0 0)
(0.281246 0 0)
(0.281183 0 0)
(0.281119 0 0)
(0.281056 0 0)
(0.280992 0 0)
(0.280928 0 0)
(0.280865 0 0)
(0.280801 0 0)
(0.280736 0 0)
(0.280672 0 0)
(0.280608 0 0)
(0.280543 0 0)
(0.280479 0 0)
(0.280414 0 0)
(0.280349 0 0)
(0.280284 0 0)
(0.280219 0 0)
(0.280154 0 0)
(0.280089 0 0)
(0.280023 0 0)
(0.279958 0 0)
(0.279892 0 0)
(0.279827 0 0)
(0.279761 0 0)
(0.279695 0 0)
(0.279629 0 0)
(0.279563 0 0)
(0.279496 0 0)
(0.27943 0 0)
(0.279363 0 0)
(0.279297 0 0)
(0.27923 0 0)
(0.279163 0 0)
(0.279096 0 0)
(0.279029 0 0)
(0.278962 0 0)
(0.278895 0 0)
(0.278827 0 0)
(0.27876 0 0)
(0.278692 0 0)
(0.278625 0 0)
(0.278557 0 0)
(0.278489 0 0)
(0.278421 0 0)
(0.278353 0 0)
(0.278285 0 0)
(0.278216 0 0)
(0.278148 0 0)
(0.278079 0 0)
(0.278011 0 0)
(0.277942 0 0)
(0.277873 0 0)
(0.277804 0 0)
(0.277735 0 0)
(0.277666 0 0)
(0.277597 0 0)
(0.277527 0 0)
(0.277458 0 0)
(0.277388 0 0)
(0.277319 0 0)
(0.277249 0 0)
(0.277179 0 0)
(0.277109 0 0)
(0.277039 0 0)
(0.276969 0 0)
(0.276899 0 0)
(0.276828 0 0)
(0.276758 0 0)
(0.276687 0 0)
(0.276617 0 0)
(0.276546 0 0)
(0.276475 0 0)
(0.276404 0 0)
(0.276333 0 0)
(0.276262 0 0)
(0.276191 0 0)
(0.276119 0 0)
(0.276048 0 0)
(0.275976 0 0)
(0.275905 0 0)
(0.275833 0 0)
(0.275761 0 0)
(0.275689 0 0)
(0.275617 0 0)
(0.275545 0 0)
(0.275473 0 0)
(0.2754 0 0)
(0.275328 0 0)
(0.275255 0 0)
(0.275183 0 0)
(0.27511 0 0)
(0.275037 0 0)
(0.274964 0 0)
(0.274891 0 0)
(0.274818 0 0)
(0.274745 0 0)
(0.274672 0 0)
(0.274598 0 0)
(0.274525 0 0)
(0.274451 0 0)
(0.274377 0 0)
(0.274304 0 0)
(0.27423 0 0)
(0.274156 0 0)
(0.274082 0 0)
(0.274008 0 0)
(0.273933 0 0)
(0.273859 0 0)
(0.273785 0 0)
(0.27371 0 0)
(0.273636 0 0)
(0.273561 0 0)
(0.273486 0 0)
(0.273411 0 0)
(0.273336 0 0)
(0.273261 0 0)
(0.273186 0 0)
(0.273111 0 0)
(0.273035 0 0)
(0.27296 0 0)
(0.272884 0 0)
(0.272809 0 0)
(0.272733 0 0)
(0.272657 0 0)
(0.272581 0 0)
(0.272505 0 0)
(0.272429 0 0)
(0.272353 0 0)
(0.272276 0 0)
(0.2722 0 0)
(0.272124 0 0)
(0.272047 0 0)
(0.27197 0 0)
(0.271894 0 0)
(0.271817 0 0)
(0.27174 0 0)
(0.271663 0 0)
(0.271586 0 0)
(0.271508 0 0)
(0.271431 0 0)
(0.271354 0 0)
(0.271276 0 0)
(0.271199 0 0)
(0.271121 0 0)
(0.271043 0 0)
(0.270965 0 0)
(0.270887 0 0)
(0.270809 0 0)
(0.270731 0 0)
(0.270653 0 0)
(0.270575 0 0)
(0.270496 0 0)
(0.270418 0 0)
(0.270339 0 0)
(0.270261 0 0)
(0.270182 0 0)
(0.270103 0 0)
(0.270024 0 0)
(0.269945 0 0)
(0.269866 0 0)
(0.269786 0 0)
(0.269707 0 0)
(0.269628 0 0)
(0.269548 0 0)
(0.269469 0 0)
(0.269389 0 0)
(0.269309 0 0)
(0.269229 0 0)
(0.269149 0 0)
(0.269069 0 0)
(0.268989 0 0)
(0.268909 0 0)
(0.268829 0 0)
(0.268748 0 0)
(0.268668 0 0)
(0.268587 0 0)
(0.268506 0 0)
(0.268425 0 0)
(0.268345 0 0)
(0.268264 0 0)
(0.268182 0 0)
(0.268101 0 0)
(0.26802 0 0)
(0.267939 0 0)
(0.267857 0 0)
(0.267776 0 0)
(0.267694 0 0)
(0.267612 0 0)
(0.267531 0 0)
(0.267449 0 0)
(0.267367 0 0)
(0.267284 0 0)
(0.267202 0 0)
(0.26712 0 0)
(0.267038 0 0)
(0.266955 0 0)
(0.266873 0 0)
(0.26679 0 0)
(0.266707 0 0)
(0.266624 0 0)
(0.266541 0 0)
(0.266458 0 0)
(0.266375 0 0)
(0.266292 0 0)
(0.266208 0 0)
(0.266125 0 0)
(0.266042 0 0)
(0.265958 0 0)
(0.265874 0 0)
(0.26579 0 0)
(0.265706 0 0)
(0.265622 0 0)
(0.265538 0 0)
(0.265454 0 0)
(0.26537 0 0)
(0.265285 0 0)
(0.265201 0 0)
(0.265116 0 0)
(0.265031 0 0)
(0.264947 0 0)
(0.264862 0 0)
(0.264777 0 0)
(0.264692 0 0)
(0.264606 0 0)
(0.264521 0 0)
(0.264436 0 0)
(0.26435 0 0)
(0.264264 0 0)
(0.264179 0 0)
(0.264093 0 0)
(0.264007 0 0)
(0.263921 0 0)
(0.263835 0 0)
(0.263748 0 0)
(0.263662 0 0)
(0.263575 0 0)
(0.263489 0 0)
(0.263402 0 0)
(0.263315 0 0)
(0.263228 0 0)
(0.263141 0 0)
(0.263054 0 0)
(0.262967 0 0)
(0.26288 0 0)
(0.262792 0 0)
(0.262704 0 0)
(0.262617 0 0)
(0.262529 0 0)
(0.262441 0 0)
(0.262353 0 0)
(0.262265 0 0)
(0.262176 0 0)
(0.262088 0 0)
(0.261999 0 0)
(0.261911 0 0)
(0.261822 0 0)
(0.261733 0 0)
(0.261644 0 0)
(0.261555 0 0)
(0.261465 0 0)
(0.261376 0 0)
(0.261286 0 0)
(0.261197 0 0)
(0.261107 0 0)
(0.261017 0 0)
(0.260927 0 0)
(0.260836 0 0)
(0.260746 0 0)
(0.260655 0 0)
(0.260565 0 0)
(0.260474 0 0)
(0.260383 0 0)
(0.260291 0 0)
(0.2602 0 0)
(0.260109 0 0)
(0.260017 0 0)
(0.259925 0 0)
(0.259833 0 0)
(0.259741 0 0)
(0.259649 0 0)
(0.259556 0 0)
(0.259463 0 0)
(0.259371 0 0)
(0.259278 0 0)
(0.259184 0 0)
(0.259091 0 0)
(0.258997 0 0)
(0.258903 0 0)
(0.258809 0 0)
(0.258715 0 0)
(0.25862 0 0)
(0.258526 0 0)
(0.258431 0 0)
(0.258335 0 0)
(0.25824 0 0)
(0.258144 0 0)
(0.258048 0 0)
(0.257952 0 0)
(0.257856 0 0)
(0.257759 0 0)
(0.257662 0 0)
(0.257564 0 0)
(0.257466 0 0)
(0.257368 0 0)
(0.25727 0 0)
(0.257171 0 0)
(0.257072 0 0)
(0.256972 0 0)
(0.256873 0 0)
(0.256772 0 0)
(0.256671 0 0)
(0.25657 0 0)
(0.256468 0 0)
(0.256366 0 0)
(0.256263 0 0)
(0.25616 0 0)
(0.256056 0 0)
(0.255952 0 0)
(0.255847 0 0)
(0.255741 0 0)
(0.255634 0 0)
(0.255527 0 0)
(0.255419 0 0)
(0.25531 0 0)
(0.2552 0 0)
(0.25509 0 0)
(0.254978 0 0)
(0.254865 0 0)
(0.254751 0 0)
(0.254636 0 0)
(0.254519 0 0)
(0.254401 0 0)
(0.254282 0 0)
(0.25416 0 0)
(0.254037 0 0)
(0.253912 0 0)
(0.253785 0 0)
(0.253656 0 0)
(0.253524 0 0)
(0.253389 0 0)
(0.253251 0 0)
(0.25311 0 0)
(0.252965 0 0)
(0.252816 0 0)
(0.252663 0 0)
(0.252504 0 0)
(0.25234 0 0)
(0.252169 0 0)
(0.251992 0 0)
(0.251806 0 0)
(0.25161 0 0)
(0.251404 0 0)
(0.251186 0 0)
(0.250953 0 0)
(0.250703 0 0)
(0.250433 0 0)
(0.250139 0 0)
(0.249816 0 0)
(0.249458 0 0)
(0.249057 0 0)
(0.2486 0 0)
(0.248073 0 0)
(0.247455 0 0)
(0.246712 0 0)
(0.245798 0 0)
(0.244636 0 0)
(0.243098 0 0)
(0.240948 0 0)
(0.237701 0 0)
(0.23218 0 0)
(0.220608 0 0)
(0.186212 0 0)
(0.150893 0 0)
(0.144139 0 0)
(0.152766 0 0)
(0.164571 0 0)
(0.172428 0 0)
(0.174273 0 0)
(0.170497 0 0)
(0.163175 0 0)
(0.155496 0 0)
(0.150063 0 0)
(0.14769 0 0)
(0.147822 0 0)
(0.149507 0 0)
(0.151925 0 0)
(0.154485 0 0)
(0.156769 0 0)
(0.158474 0 0)
(0.159409 0 0)
(0.159517 0 0)
(0.1589 0 0)
(0.157803 0 0)
(0.156552 0 0)
(0.155454 0 0)
(0.154719 0 0)
(0.154424 0 0)
(0.154531 0 0)
(0.154926 0 0)
(0.155466 0 0)
(0.156013 0 0)
(0.156457 0 0)
(0.15673 0 0)
(0.156812 0 0)
(0.156724 0 0)
(0.156517 0 0)
(0.156258 0 0)
(0.156011 0 0)
(0.155824 0 0)
(0.155722 0 0)
(0.155709 0 0)
(0.155767 0 0)
(0.155868 0 0)
(0.155984 0 0)
(0.156085 0 0)
(0.156154 0 0)
(0.156183 0 0)
(0.156172 0 0)
(0.156132 0 0)
(0.156074 0 0)
(0.156014 0 0)
(0.155962 0 0)
(0.155927 0 0)
(0.15591 0 0)
(0.155911 0 0)
(0.155923 0 0)
(0.155942 0 0)
(0.15596 0 0)
(0.155974 0 0)
(0.155981 0 0)
(0.155981 0 0)
(0.155974 0 0)
(0.155964 0 0)
(0.155954 0 0)
(0.155946 0 0)
(0.155942 0 0)
(0.155943 0 0)
(0.155948 0 0)
(0.155957 0 0)
(0.155967 0 0)
(0.155977 0 0)
(0.155986 0 0)
(0.155993 0 0)
(0.155998 0 0)
(0.156001 0 0)
(0.156001 0 0)
(0.156 0 0)
(0.155999 0 0)
(0.155998 0 0)
(0.155997 0 0)
(0.155997 0 0)
(0.155996 0 0)
(0.155996 0 0)
(0.155997 0 0)
(0.155996 0 0)
(0.155996 0 0)
(0.155994 0 0)
(0.155992 0 0)
(0.15599 0 0)
(0.155987 0 0)
(0.155985 0 0)
(0.155981 0 0)
(0.155978 0 0)
(0.155975 0 0)
(0.155972 0 0)
(0.155968 0 0)
(0.155964 0 0)
(0.155961 0 0)
(0.155956 0 0)
(0.155952 0 0)
(0.155948 0 0)
(0.155943 0 0)
(0.155939 0 0)
(0.155935 0 0)
(0.15593 0 0)
(0.155927 0 0)
(0.155923 0 0)
(0.155921 0 0)
(0.155918 0 0)
(0.155917 0 0)
(0.155916 0 0)
(0.155915 0 0)
(0.155916 0 0)
(0.155916 0 0)
(0.155917 0 0)
(0.155919 0 0)
(0.155921 0 0)
(0.155923 0 0)
(0.155926 0 0)
(0.155929 0 0)
(0.155931 0 0)
(0.155934 0 0)
(0.155936 0 0)
(0.155939 0 0)
(0.155941 0 0)
(0.155942 0 0)
(0.155943 0 0)
(0.155944 0 0)
(0.155945 0 0)
(0.155945 0 0)
(0.155944 0 0)
(0.155943 0 0)
(0.155942 0 0)
(0.155941 0 0)
(0.155939 0 0)
(0.155936 0 0)
(0.155934 0 0)
(0.155931 0 0)
(0.155928 0 0)
(0.155925 0 0)
(0.155922 0 0)
(0.155918 0 0)
(0.155915 0 0)
(0.155911 0 0)
(0.155908 0 0)
(0.155904 0 0)
(0.1559 0 0)
(0.155897 0 0)
(0.155894 0 0)
(0.15589 0 0)
(0.155887 0 0)
(0.155884 0 0)
(0.155881 0 0)
(0.155879 0 0)
(0.155876 0 0)
(0.155874 0 0)
(0.155872 0 0)
(0.155871 0 0)
(0.155869 0 0)
(0.155868 0 0)
(0.155867 0 0)
(0.155867 0 0)
(0.155866 0 0)
(0.155866 0 0)
(0.155866 0 0)
(0.155866 0 0)
(0.155867 0 0)
(0.155867 0 0)
(0.155868 0 0)
(0.155868 0 0)
(0.155869 0 0)
(0.155869 0 0)
(0.15587 0 0)
(0.15587 0 0)
(0.15587 0 0)
(0.15587 0 0)
(0.15587 0 0)
(0.15587 0 0)
(0.155869 0 0)
(0.155869 0 0)
(0.155868 0 0)
(0.155867 0 0)
(0.155865 0 0)
(0.155864 0 0)
(0.155862 0 0)
(0.15586 0 0)
(0.155858 0 0)
(0.155856 0 0)
(0.155854 0 0)
(0.155851 0 0)
(0.155849 0 0)
(0.155846 0 0)
(0.155844 0 0)
(0.155841 0 0)
(0.155839 0 0)
(0.155836 0 0)
(0.155833 0 0)
(0.155831 0 0)
(0.155828 0 0)
(0.155826 0 0)
(0.155824 0 0)
(0.155822 0 0)
(0.15582 0 0)
(0.155818 0 0)
(0.155816 0 0)
(0.155815 0 0)
(0.155813 0 0)
(0.155812 0 0)
(0.155811 0 0)
(0.15581 0 0)
(0.15581 0 0)
(0.155809 0 0)
(0.155809 0 0)
(0.155809 0 0)
(0.155809 0 0)
(0.155809 0 0)
(0.155809 0 0)
(0.155809 0 0)
(0.155809 0 0)
(0.15581 0 0)
(0.15581 0 0)
(0.15581 0 0)
(0.155811 0 0)
(0.155811 0 0)
(0.155812 0 0)
(0.155812 0 0)
(0.155812 0 0)
(0.155812 0 0)
(0.155813 0 0)
(0.155813 0 0)
(0.155813 0 0)
(0.155813 0 0)
(0.155812 0 0)
(0.155812 0 0)
(0.155812 0 0)
(0.155811 0 0)
(0.155811 0 0)
(0.15581 0 0)
(0.15581 0 0)
(0.155809 0 0)
(0.155808 0 0)
(0.155807 0 0)
(0.155806 0 0)
(0.155804 0 0)
(0.155803 0 0)
(0.155802 0 0)
(0.1558 0 0)
(0.155799 0 0)
(0.155797 0 0)
(0.155796 0 0)
(0.155794 0 0)
(0.155792 0 0)
(0.15579 0 0)
(0.155788 0 0)
(0.155786 0 0)
(0.155784 0 0)
(0.155782 0 0)
(0.15578 0 0)
(0.155777 0 0)
(0.155775 0 0)
(0.155772 0 0)
(0.15577 0 0)
(0.155768 0 0)
(0.155765 0 0)
(0.155762 0 0)
(0.15576 0 0)
(0.155757 0 0)
(0.155755 0 0)
(0.155752 0 0)
(0.15575 0 0)
(0.155747 0 0)
(0.155745 0 0)
(0.155742 0 0)
(0.15574 0 0)
(0.155738 0 0)
(0.155736 0 0)
(0.155734 0 0)
(0.155732 0 0)
(0.15573 0 0)
(0.155728 0 0)
(0.155726 0 0)
(0.155725 0 0)
(0.155723 0 0)
(0.155722 0 0)
(0.155721 0 0)
(0.155719 0 0)
(0.155718 0 0)
(0.155717 0 0)
(0.155717 0 0)
(0.155716 0 0)
(0.155715 0 0)
(0.155715 0 0)
(0.155714 0 0)
(0.155714 0 0)
(0.155713 0 0)
(0.155713 0 0)
(0.155713 0 0)
(0.155712 0 0)
(0.155712 0 0)
(0.155712 0 0)
(0.155711 0 0)
(0.155711 0 0)
(0.155711 0 0)
(0.15571 0 0)
(0.15571 0 0)
(0.155709 0 0)
(0.155709 0 0)
(0.155708 0 0)
(0.155708 0 0)
(0.155707 0 0)
(0.155706 0 0)
(0.155705 0 0)
(0.155704 0 0)
(0.155703 0 0)
(0.155702 0 0)
(0.155701 0 0)
(0.155699 0 0)
(0.155698 0 0)
(0.155697 0 0)
(0.155695 0 0)
(0.155693 0 0)
(0.155692 0 0)
(0.15569 0 0)
(0.155688 0 0)
(0.155686 0 0)
(0.155684 0 0)
(0.155682 0 0)
(0.15568 0 0)
(0.155678 0 0)
(0.155676 0 0)
(0.155674 0 0)
(0.155672 0 0)
(0.15567 0 0)
(0.155667 0 0)
(0.155665 0 0)
(0.155663 0 0)
(0.155661 0 0)
(0.155658 0 0)
(0.155656 0 0)
(0.155654 0 0)
(0.155651 0 0)
(0.155649 0 0)
(0.155647 0 0)
(0.155645 0 0)
(0.155643 0 0)
(0.155641 0 0)
(0.155639 0 0)
(0.155637 0 0)
(0.155635 0 0)
(0.155633 0 0)
(0.155631 0 0)
(0.155629 0 0)
(0.155628 0 0)
(0.155626 0 0)
(0.155625 0 0)
(0.155623 0 0)
(0.155622 0 0)
(0.155621 0 0)
(0.155619 0 0)
(0.155618 0 0)
(0.155617 0 0)
(0.155616 0 0)
(0.155615 0 0)
(0.155614 0 0)
(0.155613 0 0)
(0.155613 0 0)
(0.155612 0 0)
(0.155611 0 0)
(0.155611 0 0)
(0.15561 0 0)
(0.155609 0 0)
(0.155609 0 0)
(0.155608 0 0)
(0.155607 0 0)
(0.155607 0 0)
(0.155606 0 0)
(0.155605 0 0)
(0.155605 0 0)
(0.155604 0 0)
(0.155603 0 0)
(0.155602 0 0)
(0.155602 0 0)
(0.155601 0 0)
(0.1556 0 0)
(0.155599 0 0)
(0.155598 0 0)
(0.155597 0 0)
(0.155596 0 0)
(0.155595 0 0)
(0.155593 0 0)
(0.155592 0 0)
(0.155591 0 0)
(0.15559 0 0)
(0.155588 0 0)
(0.155587 0 0)
(0.155585 0 0)
(0.155584 0 0)
(0.155582 0 0)
(0.15558 0 0)
(0.155579 0 0)
(0.155577 0 0)
(0.155575 0 0)
(0.155573 0 0)
(0.155571 0 0)
(0.155569 0 0)
(0.155567 0 0)
(0.155565 0 0)
(0.155563 0 0)
)
;

boundaryField
{
    inlet
    {
        type            fractionalVelocity;
        U               1((1 0 0));
        fractionalFlow  Fb;
        value           uniform (0.290579 0 0);
    }
    outlet
    {
        type            zeroGradient;
    }
    emptyWalls
    {
        type            empty;
    }
}


// ************************************************************************* //
