/*--------------------------------*- C++ -*----------------------------------*\
  =========                 |
  \\      /  F ield         | OpenFOAM: The Open Source CFD Toolbox
   \\    /   O peration     | Website:  https://openfoam.org
    \\  /    A nd           | Version:  9
     \\/     M anipulation  |
\*---------------------------------------------------------------------------*/
FoamFile
{
    format      ascii;
    class       volScalarField;
    location    "18.2";
    object      Fa;
}
// * * * * * * * * * * * * * * * * * * * * * * * * * * * * * * * * * * * * * //

dimensions      [0 0 0 0 0 0 0];

internalField   nonuniform List<scalar> 
1000
(
0.709421
0.709421
0.70942
0.70942
0.709419
0.709419
0.709418
0.709417
0.709416
0.709415
0.709414
0.709413
0.709412
0.709411
0.70941
0.709408
0.709407
0.709405
0.709403
0.709402
0.7094
0.709398
0.709396
0.709394
0.709392
0.70939
0.709388
0.709386
0.709383
0.709381
0.709378
0.709376
0.709373
0.709371
0.709368
0.709365
0.709362
0.709359
0.709356
0.709353
0.70935
0.709347
0.709344
0.709341
0.709337
0.709334
0.70933
0.709327
0.709323
0.70932
0.709316
0.709312
0.709309
0.709305
0.709301
0.709297
0.709293
0.709289
0.709285
0.70928
0.709276
0.709272
0.709268
0.709263
0.709259
0.709254
0.70925
0.709245
0.70924
0.709236
0.709231
0.709226
0.709221
0.709216
0.709211
0.709206
0.709201
0.709196
0.709191
0.709186
0.709181
0.709176
0.70917
0.709165
0.709159
0.709154
0.709148
0.709143
0.709137
0.709132
0.709126
0.70912
0.709114
0.709109
0.709103
0.709097
0.709091
0.709085
0.709079
0.709073
0.709067
0.709061
0.709054
0.709048
0.709042
0.709036
0.709029
0.709023
0.709016
0.70901
0.709003
0.708997
0.70899
0.708984
0.708977
0.70897
0.708963
0.708957
0.70895
0.708943
0.708936
0.708929
0.708922
0.708915
0.708908
0.708901
0.708894
0.708887
0.708879
0.708872
0.708865
0.708858
0.70885
0.708843
0.708836
0.708828
0.708821
0.708813
0.708806
0.708798
0.70879
0.708783
0.708775
0.708767
0.70876
0.708752
0.708744
0.708736
0.708728
0.708721
0.708713
0.708705
0.708697
0.708689
0.708681
0.708672
0.708664
0.708656
0.708648
0.70864
0.708632
0.708623
0.708615
0.708607
0.708598
0.70859
0.708581
0.708573
0.708565
0.708556
0.708547
0.708539
0.70853
0.708522
0.708513
0.708504
0.708496
0.708487
0.708478
0.708469
0.708461
0.708452
0.708443
0.708434
0.708425
0.708416
0.708407
0.708398
0.708389
0.70838
0.708371
0.708362
0.708353
0.708343
0.708334
0.708325
0.708316
0.708307
0.708297
0.708288
0.708279
0.708269
0.70826
0.70825
0.708241
0.708231
0.708222
0.708212
0.708203
0.708193
0.708184
0.708174
0.708164
0.708155
0.708145
0.708135
0.708126
0.708116
0.708106
0.708096
0.708087
0.708077
0.708067
0.708057
0.708047
0.708037
0.708027
0.708017
0.708007
0.707997
0.707987
0.707977
0.707967
0.707957
0.707947
0.707936
0.707926
0.707916
0.707906
0.707896
0.707885
0.707875
0.707865
0.707854
0.707844
0.707834
0.707823
0.707813
0.707802
0.707792
0.707781
0.707771
0.70776
0.70775
0.707739
0.707729
0.707718
0.707708
0.707697
0.707686
0.707676
0.707665
0.707654
0.707643
0.707633
0.707622
0.707611
0.7076
0.707589
0.707579
0.707568
0.707557
0.707546
0.707535
0.707524
0.707513
0.707502
0.707491
0.70748
0.707469
0.707458
0.707447
0.707436
0.707425
0.707414
0.707403
0.707391
0.70738
0.707369
0.707358
0.707347
0.707335
0.707324
0.707313
0.707301
0.70729
0.707279
0.707267
0.707256
0.707245
0.707233
0.707222
0.70721
0.707199
0.707188
0.707176
0.707165
0.707153
0.707142
0.70713
0.707118
0.707107
0.707095
0.707084
0.707072
0.70706
0.707049
0.707037
0.707025
0.707014
0.707002
0.70699
0.706978
0.706967
0.706955
0.706943
0.706931
0.706919
0.706907
0.706896
0.706884
0.706872
0.70686
0.706848
0.706836
0.706824
0.706812
0.7068
0.706788
0.706776
0.706764
0.706752
0.70674
0.706728
0.706716
0.706704
0.706692
0.706679
0.706667
0.706655
0.706643
0.706631
0.706619
0.706606
0.706594
0.706582
0.70657
0.706557
0.706545
0.706533
0.70652
0.706508
0.706496
0.706483
0.706471
0.706459
0.706446
0.706434
0.706421
0.706409
0.706397
0.706384
0.706372
0.706359
0.706347
0.706334
0.706322
0.706309
0.706297
0.706284
0.706271
0.706259
0.706246
0.706234
0.706221
0.706208
0.706196
0.706183
0.70617
0.706158
0.706145
0.706132
0.706119
0.706107
0.706094
0.706081
0.706068
0.706056
0.706043
0.70603
0.706017
0.706004
0.705991
0.705979
0.705966
0.705953
0.70594
0.705927
0.705914
0.705901
0.705888
0.705875
0.705862
0.705849
0.705836
0.705823
0.70581
0.705797
0.705784
0.705771
0.705758
0.705745
0.705732
0.705719
0.705706
0.705693
0.70568
0.705666
0.705653
0.70564
0.705627
0.705614
0.705601
0.705587
0.705574
0.705561
0.705548
0.705534
0.705521
0.705508
0.705495
0.705481
0.705468
0.705455
0.705441
0.705428
0.705415
0.705401
0.705388
0.705375
0.705361
0.705348
0.705334
0.705321
0.705307
0.705294
0.705281
0.705267
0.705254
0.70524
0.705227
0.705213
0.7052
0.705186
0.705173
0.705159
0.705145
0.705132
0.705118
0.705105
0.705091
0.705078
0.705064
0.70505
0.705037
0.705023
0.705009
0.704996
0.704982
0.704968
0.704955
0.704941
0.704927
0.704914
0.7049
0.704886
0.704872
0.704859
0.704845
0.704831
0.704817
0.704803
0.70479
0.704776
0.704762
0.704748
0.704734
0.704721
0.704707
0.704693
0.704679
0.704665
0.704651
0.704637
0.704623
0.704609
0.704595
0.704581
0.704568
0.704554
0.70454
0.704526
0.704512
0.704498
0.704484
0.70447
0.704456
0.704442
0.704428
0.704414
0.704399
0.704385
0.704371
0.704357
0.704343
0.704329
0.704315
0.704301
0.704287
0.704273
0.704258
0.704244
0.70423
0.704216
0.704202
0.704188
0.704173
0.704159
0.704145
0.704131
0.704117
0.704102
0.704088
0.704074
0.70406
0.704045
0.704031
0.704017
0.704002
0.703988
0.703974
0.70396
0.703945
0.703931
0.703917
0.703902
0.703888
0.703873
0.703859
0.703845
0.70383
0.703816
0.703802
0.703787
0.703773
0.703758
0.703744
0.703729
0.703715
0.703701
0.703686
0.703672
0.703657
0.703643
0.703628
0.703614
0.703599
0.703585
0.70357
0.703556
0.703541
0.703526
0.703512
0.703497
0.703483
0.703468
0.703454
0.703439
0.703424
0.70341
0.703395
0.703381
0.703366
0.703351
0.703337
0.703322
0.703307
0.703293
0.703278
0.703263
0.703249
0.703234
0.703219
0.703205
0.70319
0.703175
0.70316
0.703146
0.703131
0.703116
0.703101
0.703087
0.703072
0.703057
0.703042
0.703028
0.703013
0.702998
0.702983
0.702968
0.702953
0.702939
0.702924
0.702909
0.702894
0.702879
0.702864
0.702849
0.702835
0.70282
0.702805
0.70279
0.702775
0.70276
0.702745
0.70273
0.702715
0.7027
0.702685
0.70267
0.702656
0.702641
0.702626
0.702611
0.702596
0.702581
0.702566
0.702551
0.702536
0.702521
0.702506
0.702491
0.702475
0.70246
0.702445
0.70243
0.702415
0.7024
0.702385
0.70237
0.702355
0.70234
0.702325
0.70231
0.702295
0.702279
0.702264
0.702249
0.702234
0.702219
0.702204
0.702189
0.702173
0.702158
0.702143
0.702128
0.702113
0.702097
0.702082
0.702067
0.702052
0.702037
0.702021
0.702006
0.701991
0.701976
0.70196
0.701945
0.70193
0.701915
0.701899
0.701884
0.701869
0.701854
0.701838
0.701823
0.701808
0.701792
0.701777
0.701762
0.701746
0.701731
0.701716
0.7017
0.701685
0.70167
0.701654
0.701639
0.701623
0.701608
0.701593
0.701577
0.701562
0.701547
0.701531
0.701516
0.7015
0.701485
0.701469
0.701454
0.701439
0.701423
0.701408
0.701392
0.701377
0.701361
0.701346
0.70133
0.701315
0.701299
0.701284
0.701268
0.701253
0.701237
0.701222
0.701206
0.701191
0.701175
0.70116
0.701144
0.701128
0.701113
0.701097
0.701082
0.701066
0.701051
0.701035
0.701019
0.701004
0.700988
0.700973
0.700957
0.700941
0.700926
0.70091
0.700894
0.700879
0.700863
0.700848
0.700832
0.700816
0.700801
0.700785
0.700769
0.700754
0.700738
0.700722
0.700706
0.700691
0.700675
0.700659
0.700644
0.700628
0.700612
0.700596
0.700581
0.700565
0.700549
0.700533
0.700518
0.700502
0.700486
0.70047
0.700455
0.700439
0.700423
0.700407
0.700391
0.700376
0.70036
0.700344
0.700328
0.700312
0.700297
0.700281
0.700265
0.700249
0.700233
0.700217
0.700201
0.700186
0.70017
0.700154
0.700138
0.700122
0.700106
0.70009
0.700074
0.700058
0.700043
0.700027
0.700011
0.699995
0.699979
0.699963
0.699947
0.699931
0.699915
0.699899
0.699883
0.699867
0.699851
0.699835
0.699819
0.699803
0.699787
0.699771
0.699755
0.699739
0.699723
0.699707
0.699691
0.699675
0.699659
0.699643
0.699627
0.699611
0.699595
0.699579
0.699563
0.699547
0.699531
0.699515
0.699499
0.699483
0.699467
0.699451
0.699435
0.699419
0.699402
0.699386
0.69937
0.699354
0.699338
0.699322
0.699306
0.69929
0.699274
0.699257
0.699241
0.699225
0.699209
0.699193
0.699177
0.699161
0.699144
0.699128
0.699112
0.699096
0.69908
0.699063
0.699047
0.699031
0.699015
0.698999
0.698982
0.698966
0.69895
0.698934
0.698918
0.698901
0.698885
0.698869
0.698853
0.698836
0.69882
0.698804
0.698788
0.698771
0.698755
0.698739
0.698723
0.698706
0.69869
0.698674
0.698657
0.698641
0.698625
0.698608
0.698592
0.698576
0.69856
0.698543
0.698527
0.698511
0.698494
0.698478
0.698462
0.698445
0.698429
0.698412
0.698396
0.69838
0.698363
0.698347
0.698331
0.698314
0.698298
0.698281
0.698265
0.698249
0.698232
0.698216
0.698199
0.698183
0.698167
0.69815
0.698134
0.698117
0.698101
0.698084
0.698068
0.698052
0.698035
0.698019
0.698002
0.697986
0.697969
0.697953
0.697936
0.69792
0.697903
0.697887
0.69787
0.697854
0.697837
0.697821
0.697804
0.697788
0.697771
0.697755
0.697738
0.697722
0.697705
0.697689
0.697672
0.697656
0.697639
0.697622
0.697606
0.697589
0.697573
0.697556
0.69754
0.697523
0.697506
0.69749
0.697473
0.697457
0.69744
0.697424
0.697407
0.69739
0.697374
0.697357
0.69734
0.697324
0.697307
0.697291
0.697274
0.697257
0.697241
0.697224
0.697207
0.697191
0.697174
0.697157
0.697141
0.697124
0.697107
0.697091
0.697074
0.697057
0.697041
0.697024
0.697007
0.696991
0.696974
0.696957
0.69694
)
;

boundaryField
{
    inlet
    {
        type            calculated;
        value           uniform 0.709421;
    }
    outlet
    {
        type            calculated;
        value           uniform 0.69694;
    }
    emptyWalls
    {
        type            empty;
    }
}


// ************************************************************************* //
