/*--------------------------------*- C++ -*----------------------------------*\
  =========                 |
  \\      /  F ield         | OpenFOAM: The Open Source CFD Toolbox
   \\    /   O peration     | Website:  https://openfoam.org
    \\  /    A nd           | Version:  9
     \\/     M anipulation  |
\*---------------------------------------------------------------------------*/
FoamFile
{
    format      ascii;
    class       volScalarField;
    location    "18.2";
    object      kra;
}
// * * * * * * * * * * * * * * * * * * * * * * * * * * * * * * * * * * * * * //

dimensions      [0 0 0 0 0 0 0];

internalField   nonuniform List<scalar> 
1000
(
0.0147533
0.0147291
0.0147066
0.014685
0.0146639
0.0146432
0.0146228
0.0146027
0.0145827
0.014563
0.0145434
0.014524
0.0145047
0.0144856
0.0144666
0.0144477
0.0144289
0.0144103
0.0143917
0.0143733
0.0143549
0.0143367
0.0143185
0.0143005
0.0142825
0.0142646
0.0142468
0.0142291
0.0142115
0.014194
0.0141766
0.0141592
0.0141419
0.0141247
0.0141076
0.0140906
0.0140736
0.0140567
0.0140399
0.0140232
0.0140065
0.0139899
0.0139734
0.013957
0.0139406
0.0139243
0.0139081
0.0138919
0.0138758
0.0138597
0.0138438
0.0138279
0.013812
0.0137963
0.0137806
0.0137649
0.0137493
0.0137338
0.0137184
0.013703
0.0136877
0.0136724
0.0136572
0.013642
0.0136269
0.0136119
0.0135969
0.013582
0.0135671
0.0135523
0.0135376
0.0135229
0.0135083
0.0134937
0.0134791
0.0134647
0.0134503
0.0134359
0.0134216
0.0134073
0.0133931
0.013379
0.0133649
0.0133508
0.0133368
0.0133229
0.013309
0.0132951
0.0132813
0.0132676
0.0132539
0.0132402
0.0132266
0.013213
0.0131995
0.0131861
0.0131726
0.0131593
0.013146
0.0131327
0.0131194
0.0131063
0.0130931
0.01308
0.013067
0.013054
0.013041
0.0130281
0.0130152
0.0130024
0.0129896
0.0129768
0.0129641
0.0129514
0.0129388
0.0129262
0.0129137
0.0129012
0.0128887
0.0128763
0.012864
0.0128516
0.0128393
0.0128271
0.0128148
0.0128027
0.0127905
0.0127784
0.0127663
0.0127543
0.0127423
0.0127304
0.0127185
0.0127066
0.0126948
0.012683
0.0126712
0.0126595
0.0126478
0.0126361
0.0126245
0.0126129
0.0126013
0.0125898
0.0125784
0.0125669
0.0125555
0.0125441
0.0125328
0.0125215
0.0125102
0.012499
0.0124877
0.0124766
0.0124654
0.0124543
0.0124432
0.0124322
0.0124212
0.0124102
0.0123993
0.0123883
0.0123775
0.0123666
0.0123558
0.012345
0.0123342
0.0123235
0.0123128
0.0123022
0.0122915
0.0122809
0.0122703
0.0122598
0.0122493
0.0122388
0.0122283
0.0122179
0.0122075
0.0121971
0.0121868
0.0121765
0.0121662
0.0121559
0.0121457
0.0121355
0.0121253
0.0121152
0.0121051
0.012095
0.0120849
0.0120749
0.0120649
0.0120549
0.012045
0.012035
0.0120251
0.0120152
0.0120054
0.0119956
0.0119858
0.011976
0.0119663
0.0119566
0.0119469
0.0119372
0.0119276
0.0119179
0.0119083
0.0118988
0.0118892
0.0118797
0.0118702
0.0118608
0.0118513
0.0118419
0.0118325
0.0118231
0.0118138
0.0118045
0.0117952
0.0117859
0.0117766
0.0117674
0.0117582
0.011749
0.0117399
0.0117307
0.0117216
0.0117125
0.0117035
0.0116944
0.0116854
0.0116764
0.0116674
0.0116584
0.0116495
0.0116406
0.0116317
0.0116228
0.011614
0.0116052
0.0115964
0.0115876
0.0115788
0.0115701
0.0115613
0.0115526
0.011544
0.0115353
0.0115267
0.0115181
0.0115095
0.0115009
0.0114923
0.0114838
0.0114753
0.0114668
0.0114583
0.0114499
0.0114414
0.011433
0.0114246
0.0114162
0.0114079
0.0113995
0.0113912
0.0113829
0.0113746
0.0113664
0.0113581
0.0113499
0.0113417
0.0113335
0.0113254
0.0113172
0.0113091
0.011301
0.0112929
0.0112848
0.0112767
0.0112687
0.0112607
0.0112527
0.0112447
0.0112367
0.0112288
0.0112209
0.0112129
0.011205
0.0111972
0.0111893
0.0111815
0.0111736
0.0111658
0.011158
0.0111503
0.0111425
0.0111348
0.011127
0.0111193
0.0111116
0.011104
0.0110963
0.0110887
0.011081
0.0110734
0.0110658
0.0110583
0.0110507
0.0110432
0.0110356
0.0110281
0.0110206
0.0110132
0.0110057
0.0109982
0.0109908
0.0109834
0.010976
0.0109686
0.0109612
0.0109539
0.0109466
0.0109392
0.0109319
0.0109246
0.0109174
0.0109101
0.0109028
0.0108956
0.0108884
0.0108812
0.010874
0.0108668
0.0108597
0.0108525
0.0108454
0.0108383
0.0108312
0.0108241
0.010817
0.01081
0.0108029
0.0107959
0.0107889
0.0107819
0.0107749
0.0107679
0.010761
0.010754
0.0107471
0.0107402
0.0107333
0.0107264
0.0107195
0.0107126
0.0107058
0.0106989
0.0106921
0.0106853
0.0106785
0.0106717
0.010665
0.0106582
0.0106515
0.0106447
0.010638
0.0106313
0.0106246
0.0106179
0.0106113
0.0106046
0.010598
0.0105914
0.0105848
0.0105781
0.0105716
0.010565
0.0105584
0.0105519
0.0105453
0.0105388
0.0105323
0.0105258
0.0105193
0.0105128
0.0105064
0.0104999
0.0104935
0.010487
0.0104806
0.0104742
0.0104678
0.0104614
0.0104551
0.0104487
0.0104424
0.010436
0.0104297
0.0104234
0.0104171
0.0104108
0.0104046
0.0103983
0.010392
0.0103858
0.0103796
0.0103733
0.0103671
0.0103609
0.0103548
0.0103486
0.0103424
0.0103363
0.0103301
0.010324
0.0103179
0.0103118
0.0103057
0.0102996
0.0102935
0.0102875
0.0102814
0.0102754
0.0102693
0.0102633
0.0102573
0.0102513
0.0102453
0.0102394
0.0102334
0.0102274
0.0102215
0.0102155
0.0102096
0.0102037
0.0101978
0.0101919
0.010186
0.0101802
0.0101743
0.0101684
0.0101626
0.0101568
0.0101509
0.0101451
0.0101393
0.0101335
0.0101277
0.010122
0.0101162
0.0101105
0.0101047
0.010099
0.0100933
0.0100875
0.0100818
0.0100761
0.0100705
0.0100648
0.0100591
0.0100535
0.0100478
0.0100422
0.0100365
0.0100309
0.0100253
0.0100197
0.0100141
0.0100086
0.010003
0.00999742
0.00999186
0.00998632
0.00998079
0.00997526
0.00996974
0.00996424
0.00995874
0.00995325
0.00994777
0.0099423
0.00993684
0.00993138
0.00992594
0.0099205
0.00991508
0.00990966
0.00990425
0.00989885
0.00989346
0.00988808
0.0098827
0.00987734
0.00987198
0.00986663
0.00986129
0.00985596
0.00985064
0.00984533
0.00984002
0.00983473
0.00982944
0.00982416
0.00981889
0.00981362
0.00980837
0.00980312
0.00979789
0.00979266
0.00978743
0.00978222
0.00977702
0.00977182
0.00976663
0.00976145
0.00975628
0.00975111
0.00974596
0.00974081
0.00973567
0.00973054
0.00972541
0.0097203
0.00971519
0.00971009
0.009705
0.00969991
0.00969484
0.00968977
0.00968471
0.00967965
0.00967461
0.00966957
0.00966454
0.00965952
0.0096545
0.0096495
0.0096445
0.00963951
0.00963452
0.00962955
0.00962458
0.00961962
0.00961466
0.00960972
0.00960478
0.00959985
0.00959492
0.00959001
0.0095851
0.00958019
0.0095753
0.00957041
0.00956553
0.00956066
0.00955579
0.00955094
0.00954609
0.00954124
0.00953641
0.00953158
0.00952675
0.00952194
0.00951713
0.00951233
0.00950754
0.00950275
0.00949797
0.0094932
0.00948843
0.00948367
0.00947892
0.00947418
0.00946944
0.00946471
0.00945999
0.00945527
0.00945056
0.00944585
0.00944116
0.00943647
0.00943179
0.00942711
0.00942244
0.00941778
0.00941312
0.00940847
0.00940383
0.00939919
0.00939456
0.00938994
0.00938532
0.00938071
0.00937611
0.00937151
0.00936692
0.00936234
0.00935776
0.00935319
0.00934863
0.00934407
0.00933952
0.00933498
0.00933044
0.00932591
0.00932138
0.00931686
0.00931235
0.00930784
0.00930334
0.00929885
0.00929436
0.00928988
0.0092854
0.00928094
0.00927647
0.00927202
0.00926757
0.00926312
0.00925868
0.00925425
0.00924983
0.00924541
0.00924099
0.00923659
0.00923218
0.00922779
0.0092234
0.00921902
0.00921464
0.00921027
0.0092059
0.00920154
0.00919719
0.00919284
0.0091885
0.00918416
0.00917983
0.00917551
0.00917119
0.00916688
0.00916257
0.00915827
0.00915398
0.00914969
0.00914541
0.00914113
0.00913686
0.00913259
0.00912833
0.00912407
0.00911983
0.00911558
0.00911134
0.00910711
0.00910289
0.00909866
0.00909445
0.00909024
0.00908604
0.00908184
0.00907764
0.00907346
0.00906927
0.0090651
0.00906093
0.00905676
0.0090526
0.00904845
0.0090443
0.00904015
0.00903601
0.00903188
0.00902775
0.00902363
0.00901952
0.0090154
0.0090113
0.0090072
0.0090031
0.00899901
0.00899493
0.00899085
0.00898677
0.0089827
0.00897864
0.00897458
0.00897053
0.00896648
0.00896244
0.0089584
0.00895436
0.00895034
0.00894631
0.0089423
0.00893828
0.00893428
0.00893028
0.00892628
0.00892229
0.0089183
0.00891432
0.00891034
0.00890637
0.0089024
0.00889844
0.00889448
0.00889053
0.00888659
0.00888264
0.00887871
0.00887478
0.00887085
0.00886693
0.00886301
0.0088591
0.00885519
0.00885129
0.00884739
0.0088435
0.00883961
0.00883572
0.00883185
0.00882797
0.0088241
0.00882024
0.00881638
0.00881252
0.00880867
0.00880483
0.00880099
0.00879715
0.00879332
0.0087895
0.00878567
0.00878186
0.00877805
0.00877424
0.00877043
0.00876664
0.00876284
0.00875905
0.00875527
0.00875149
0.00874771
0.00874394
0.00874018
0.00873641
0.00873266
0.0087289
0.00872516
0.00872141
0.00871767
0.00871394
0.00871021
0.00870648
0.00870276
0.00869904
0.00869533
0.00869162
0.00868792
0.00868422
0.00868053
0.00867684
0.00867315
0.00866947
0.00866579
0.00866212
0.00865845
0.00865479
0.00865113
0.00864747
0.00864382
0.00864017
0.00863653
0.00863289
0.00862926
0.00862563
0.008622
0.00861838
0.00861476
0.00861115
0.00860754
0.00860394
0.00860033
0.00859674
0.00859315
0.00858956
0.00858597
0.0085824
0.00857882
0.00857525
0.00857168
0.00856812
0.00856456
0.008561
0.00855745
0.00855391
0.00855036
0.00854683
0.00854329
0.00853976
0.00853623
0.00853271
0.00852919
0.00852568
0.00852217
0.00851866
0.00851516
0.00851166
0.00850817
0.00850468
0.00850119
0.00849771
0.00849423
0.00849075
0.00848728
0.00848382
0.00848035
0.00847689
0.00847344
0.00846999
0.00846654
0.0084631
0.00845966
0.00845622
0.00845279
0.00844936
0.00844594
0.00844252
0.0084391
0.00843569
0.00843228
0.00842887
0.00842547
0.00842207
0.00841868
0.00841529
0.0084119
0.00840852
0.00840514
0.00840176
0.00839839
0.00839502
0.00839166
0.0083883
0.00838494
0.00838159
0.00837824
0.00837489
0.00837155
0.00836821
0.00836488
0.00836155
0.00835822
0.00835489
0.00835157
0.00834826
0.00834494
0.00834163
0.00833833
0.00833502
0.00833173
0.00832843
0.00832514
0.00832185
0.00831856
0.00831528
0.00831201
0.00830873
0.00830546
0.00830219
0.00829893
0.00829567
0.00829241
0.00828916
0.00828591
0.00828266
0.00827942
0.00827618
0.00827294
0.00826971
0.00826648
0.00826326
0.00826004
0.00825682
0.0082536
0.00825039
0.00824718
0.00824397
0.00824077
0.00823757
0.00823438
0.00823119
0.008228
0.00822481
0.00822163
0.00821845
0.00821528
0.00821211
0.00820894
0.00820577
0.00820261
0.00819945
0.0081963
0.00819314
0.00818999
0.00818685
0.00818371
0.00818057
0.00817743
0.0081743
0.00817117
0.00816804
0.00816492
0.0081618
0.00815868
0.00815557
0.00815246
0.00814935
0.00814625
0.00814315
0.00814005
0.00813696
0.00813387
0.00813078
0.00812769
0.00812461
0.00812153
0.00811846
0.00811538
0.00811232
0.00810925
0.00810619
0.00810313
0.00810007
0.00809702
0.00809396
0.00809092
0.00808787
0.00808483
0.00808179
0.00807876
0.00807572
0.0080727
0.00806967
0.00806665
0.00806363
0.00806061
0.00805759
0.00805458
0.00805158
0.00804857
0.00804557
0.00804257
0.00803957
0.00803658
0.00803359
0.0080306
0.00802762
0.00802464
0.00802166
0.00801868
0.00801571
0.00801274
0.00800977
0.00800681
0.00800385
0.00800089
0.00799793
0.00799498
0.00799203
0.00798908
0.00798614
0.0079832
0.00798026
0.00797733
0.00797439
0.00797147
0.00796854
0.00796562
0.00796269
0.00795978
0.00795686
0.00795395
0.00795104
0.00794813
0.00794523
0.00794233
0.00793943
0.00793653
0.00793364
0.00793075
0.00792786
0.00792498
0.0079221
0.00791922
0.00791634
)
;

boundaryField
{
    inlet
    {
        type            calculated;
        value           uniform 0.0147929;
    }
    outlet
    {
        type            calculated;
        value           uniform 0.00791634;
    }
    emptyWalls
    {
        type            empty;
    }
}


// ************************************************************************* //
