/*--------------------------------*- C++ -*----------------------------------*\
  =========                 |
  \\      /  F ield         | OpenFOAM: The Open Source CFD Toolbox
   \\    /   O peration     | Website:  https://openfoam.org
    \\  /    A nd           | Version:  9
     \\/     M anipulation  |
\*---------------------------------------------------------------------------*/
FoamFile
{
    format      ascii;
    class       surfaceScalarField;
    location    "98000";
    object      phia;
}
// * * * * * * * * * * * * * * * * * * * * * * * * * * * * * * * * * * * * * //

dimensions      [0 2 0 0 0 0 0];

internalField   nonuniform List<scalar> 
999
(
1.71429e-10
1.71429e-10
1.71428e-10
1.71428e-10
1.71427e-10
1.71427e-10
1.71426e-10
1.71425e-10
1.71424e-10
1.71423e-10
1.71422e-10
1.7142e-10
1.71419e-10
1.71417e-10
1.71415e-10
1.71414e-10
1.71412e-10
1.7141e-10
1.71408e-10
1.71405e-10
1.71403e-10
1.71401e-10
1.71398e-10
1.71395e-10
1.71393e-10
1.7139e-10
1.71387e-10
1.71384e-10
1.7138e-10
1.71377e-10
1.71374e-10
1.7137e-10
1.71366e-10
1.71363e-10
1.71359e-10
1.71355e-10
1.7135e-10
1.71346e-10
1.71342e-10
1.71337e-10
1.71333e-10
1.71328e-10
1.71323e-10
1.71319e-10
1.71314e-10
1.71308e-10
1.71303e-10
1.71298e-10
1.71292e-10
1.71287e-10
1.71281e-10
1.71275e-10
1.71269e-10
1.71263e-10
1.71257e-10
1.71251e-10
1.71245e-10
1.71238e-10
1.71232e-10
1.71225e-10
1.71218e-10
1.71211e-10
1.71204e-10
1.71197e-10
1.7119e-10
1.71183e-10
1.71175e-10
1.71168e-10
1.7116e-10
1.71152e-10
1.71144e-10
1.71136e-10
1.71128e-10
1.7112e-10
1.71112e-10
1.71103e-10
1.71095e-10
1.71086e-10
1.71077e-10
1.71068e-10
1.71059e-10
1.7105e-10
1.71041e-10
1.71032e-10
1.71022e-10
1.71013e-10
1.71003e-10
1.70993e-10
1.70983e-10
1.70973e-10
1.70963e-10
1.70953e-10
1.70943e-10
1.70932e-10
1.70922e-10
1.70911e-10
1.709e-10
1.70889e-10
1.70878e-10
1.70867e-10
1.70856e-10
1.70845e-10
1.70833e-10
1.70822e-10
1.7081e-10
1.70798e-10
1.70786e-10
1.70774e-10
1.70762e-10
1.7075e-10
1.70738e-10
1.70725e-10
1.70713e-10
1.707e-10
1.70687e-10
1.70674e-10
1.70661e-10
1.70648e-10
1.70635e-10
1.70621e-10
1.70608e-10
1.70594e-10
1.70581e-10
1.70567e-10
1.70553e-10
1.70539e-10
1.70525e-10
1.7051e-10
1.70496e-10
1.70482e-10
1.70467e-10
1.70452e-10
1.70437e-10
1.70422e-10
1.70407e-10
1.70392e-10
1.70377e-10
1.70361e-10
1.70346e-10
1.7033e-10
1.70314e-10
1.70298e-10
1.70282e-10
1.70266e-10
1.7025e-10
1.70234e-10
1.70217e-10
1.70201e-10
1.70184e-10
1.70167e-10
1.7015e-10
1.70133e-10
1.70116e-10
1.70099e-10
1.70081e-10
1.70064e-10
1.70046e-10
1.70028e-10
1.70011e-10
1.69993e-10
1.69974e-10
1.69956e-10
1.69938e-10
1.69919e-10
1.69901e-10
1.69882e-10
1.69863e-10
1.69844e-10
1.69825e-10
1.69806e-10
1.69787e-10
1.69767e-10
1.69748e-10
1.69728e-10
1.69708e-10
1.69688e-10
1.69668e-10
1.69648e-10
1.69628e-10
1.69607e-10
1.69587e-10
1.69566e-10
1.69545e-10
1.69524e-10
1.69503e-10
1.69482e-10
1.69461e-10
1.69439e-10
1.69418e-10
1.69396e-10
1.69374e-10
1.69352e-10
1.6933e-10
1.69308e-10
1.69286e-10
1.69263e-10
1.69241e-10
1.69218e-10
1.69195e-10
1.69172e-10
1.69149e-10
1.69126e-10
1.69102e-10
1.69079e-10
1.69055e-10
1.69031e-10
1.69007e-10
1.68983e-10
1.68959e-10
1.68934e-10
1.6891e-10
1.68885e-10
1.6886e-10
1.68835e-10
1.6881e-10
1.68785e-10
1.68759e-10
1.68733e-10
1.68708e-10
1.68682e-10
1.68655e-10
1.68629e-10
1.68602e-10
1.68575e-10
1.68548e-10
1.68521e-10
1.68493e-10
1.68466e-10
1.68437e-10
1.68409e-10
1.6838e-10
1.68351e-10
1.68321e-10
1.68291e-10
1.6826e-10
1.68229e-10
1.68196e-10
1.68162e-10
1.68127e-10
1.68089e-10
1.68048e-10
1.68001e-10
1.67946e-10
1.67874e-10
1.6777e-10
1.67592e-10
1.67186e-10
1.66198e-10
1.51163e-10
1.20457e-12
7.22425e-21
5.92234e-38
9.83986e-73
7.00942e-143
9.12379e-284
0
0
0
0
0
0
0
0
0
0
0
0
0
0
0
0
0
0
0
0
0
0
0
0
0
0
0
0
0
0
0
0
0
0
0
0
0
0
0
0
0
0
0
0
0
0
0
0
0
0
0
0
0
0
0
0
0
0
0
0
0
0
0
0
0
0
0
0
0
0
0
0
0
0
0
0
0
0
0
0
0
0
0
0
0
0
0
0
0
0
0
0
0
0
0
0
0
0
0
0
0
0
0
0
0
0
0
0
0
0
0
0
0
0
0
0
0
0
0
0
0
0
0
0
0
0
0
0
0
0
0
0
0
0
0
0
0
0
0
0
0
0
0
0
0
0
0
0
0
0
0
0
0
0
0
0
0
0
0
0
0
0
0
0
0
0
0
0
0
0
0
0
0
0
0
0
0
0
0
0
0
0
0
0
0
0
0
0
0
0
0
0
0
0
0
0
0
0
0
0
0
0
0
0
0
0
0
0
0
0
0
0
0
0
0
0
0
0
0
0
0
0
0
0
0
0
0
0
0
0
0
0
0
0
0
0
0
0
0
0
0
0
0
0
0
0
0
0
0
0
0
0
0
0
0
0
0
0
0
0
0
0
0
0
0
0
0
0
0
0
0
0
0
0
0
0
0
0
0
0
0
0
0
0
0
0
0
0
0
0
0
0
0
0
0
0
0
0
0
0
0
0
0
0
0
0
0
0
0
0
0
0
0
0
0
0
0
0
0
0
0
0
0
0
0
0
0
0
0
0
0
0
0
0
0
0
0
0
0
0
0
0
0
0
0
0
0
0
0
0
0
0
0
0
0
0
0
0
0
0
0
0
0
0
0
0
0
0
0
0
0
0
0
0
0
0
0
0
0
0
0
0
0
0
0
0
0
0
0
0
0
0
0
0
0
0
0
0
0
0
0
0
0
0
0
0
0
0
0
0
0
0
0
0
0
0
0
0
0
0
0
0
0
0
0
0
0
0
0
0
0
0
0
0
0
0
0
0
0
0
0
0
0
0
0
0
0
0
0
0
0
0
0
0
0
0
0
0
0
0
0
0
0
0
0
0
0
0
0
0
0
0
0
0
0
0
0
0
0
0
0
0
0
0
0
0
0
0
0
0
0
0
0
0
0
0
0
0
0
0
0
0
0
0
0
0
0
0
0
0
0
0
0
0
0
0
0
0
0
0
0
0
0
0
0
0
0
0
0
0
0
0
0
0
0
0
0
0
0
0
0
0
0
0
0
0
0
0
0
0
0
0
0
0
0
0
0
0
0
0
0
0
0
0
0
0
0
0
0
0
0
0
0
0
0
0
0
0
0
0
0
0
0
0
0
0
0
0
0
0
0
0
0
0
0
0
0
0
0
0
0
0
0
0
0
0
0
0
0
0
0
0
0
0
0
0
0
0
0
0
0
0
0
0
0
0
0
0
0
0
0
0
0
0
0
0
0
0
0
0
0
0
0
0
0
0
0
0
0
0
0
0
0
0
0
0
0
0
0
0
0
0
0
0
0
0
0
0
0
0
0
0
0
0
0
0
0
0
0
0
0
0
0
0
0
0
0
0
0
0
0
0
0
0
0
0
0
0
0
0
0
0
0
0
0
0
0
0
0
0
0
0
0
0
0
0
0
0
0
0
0
0
0
0
0
0
0
0
0
0
0
0
0
0
0
0
0
0
0
0
0
0
0
0
)
;

boundaryField
{
    inlet
    {
        type            calculated;
        value           uniform -1.71429e-10;
    }
    outlet
    {
        type            calculated;
        value           uniform 0;
    }
    emptyWalls
    {
        type            empty;
        value           nonuniform List<scalar> 0();
    }
}


// ************************************************************************* //
