/*--------------------------------*- C++ -*----------------------------------*\
  =========                 |
  \\      /  F ield         | OpenFOAM: The Open Source CFD Toolbox
   \\    /   O peration     | Website:  https://openfoam.org
    \\  /    A nd           | Version:  9
     \\/     M anipulation  |
\*---------------------------------------------------------------------------*/
FoamFile
{
    format      ascii;
    class       volScalarField;
    location    "17";
    object      Fb;
}
// * * * * * * * * * * * * * * * * * * * * * * * * * * * * * * * * * * * * * //

dimensions      [0 0 0 0 0 0 0];

internalField   nonuniform List<scalar> 
1000
(
0.290579
0.290578
0.290577
0.290577
0.290576
0.290574
0.290573
0.290572
0.29057
0.290568
0.290567
0.290565
0.290562
0.29056
0.290558
0.290555
0.290552
0.290549
0.290546
0.290543
0.29054
0.290537
0.290533
0.29053
0.290526
0.290522
0.290518
0.290514
0.29051
0.290505
0.290501
0.290496
0.290491
0.290486
0.290481
0.290476
0.290471
0.290466
0.29046
0.290455
0.290449
0.290443
0.290437
0.290431
0.290425
0.290419
0.290413
0.290406
0.2904
0.290393
0.290386
0.290379
0.290372
0.290365
0.290358
0.290351
0.290344
0.290336
0.290329
0.290321
0.290313
0.290305
0.290297
0.290289
0.290281
0.290273
0.290264
0.290256
0.290247
0.290239
0.29023
0.290221
0.290212
0.290203
0.290194
0.290185
0.290176
0.290166
0.290157
0.290147
0.290138
0.290128
0.290118
0.290108
0.290098
0.290088
0.290078
0.290068
0.290058
0.290047
0.290037
0.290026
0.290016
0.290005
0.289994
0.289983
0.289972
0.289961
0.28995
0.289939
0.289928
0.289916
0.289905
0.289893
0.289882
0.28987
0.289858
0.289847
0.289835
0.289823
0.289811
0.289799
0.289786
0.289774
0.289762
0.28975
0.289737
0.289725
0.289712
0.289699
0.289686
0.289674
0.289661
0.289648
0.289635
0.289622
0.289609
0.289595
0.289582
0.289569
0.289555
0.289542
0.289528
0.289515
0.289501
0.289487
0.289473
0.289459
0.289445
0.289431
0.289417
0.289403
0.289389
0.289375
0.28936
0.289346
0.289331
0.289317
0.289302
0.289288
0.289273
0.289258
0.289243
0.289228
0.289214
0.289199
0.289183
0.289168
0.289153
0.289138
0.289123
0.289107
0.289092
0.289076
0.289061
0.289045
0.28903
0.289014
0.288998
0.288982
0.288966
0.28895
0.288934
0.288918
0.288902
0.288886
0.28887
0.288854
0.288837
0.288821
0.288805
0.288788
0.288772
0.288755
0.288738
0.288722
0.288705
0.288688
0.288671
0.288654
0.288638
0.288621
0.288603
0.288586
0.288569
0.288552
0.288535
0.288517
0.2885
0.288483
0.288465
0.288448
0.28843
0.288413
0.288395
0.288377
0.28836
0.288342
0.288324
0.288306
0.288288
0.28827
0.288252
0.288234
0.288216
0.288198
0.28818
0.288161
0.288143
0.288125
0.288106
0.288088
0.288069
0.288051
0.288032
0.288014
0.287995
0.287976
0.287957
0.287939
0.28792
0.287901
0.287882
0.287863
0.287844
0.287825
0.287806
0.287787
0.287767
0.287748
0.287729
0.287709
0.28769
0.287671
0.287651
0.287632
0.287612
0.287593
0.287573
0.287553
0.287534
0.287514
0.287494
0.287474
0.287454
0.287434
0.287414
0.287395
0.287374
0.287354
0.287334
0.287314
0.287294
0.287274
0.287253
0.287233
0.287213
0.287192
0.287172
0.287151
0.287131
0.28711
0.28709
0.287069
0.287049
0.287028
0.287007
0.286986
0.286966
0.286945
0.286924
0.286903
0.286882
0.286861
0.28684
0.286819
0.286798
0.286776
0.286755
0.286734
0.286713
0.286692
0.28667
0.286649
0.286627
0.286606
0.286584
0.286563
0.286541
0.28652
0.286498
0.286477
0.286455
0.286433
0.286411
0.28639
0.286368
0.286346
0.286324
0.286302
0.28628
0.286258
0.286236
0.286214
0.286192
0.28617
0.286148
0.286125
0.286103
0.286081
0.286058
0.286036
0.286014
0.285991
0.285969
0.285946
0.285924
0.285901
0.285879
0.285856
0.285834
0.285811
0.285788
0.285765
0.285743
0.28572
0.285697
0.285674
0.285651
0.285628
0.285605
0.285582
0.285559
0.285536
0.285513
0.28549
0.285467
0.285444
0.28542
0.285397
0.285374
0.285351
0.285327
0.285304
0.285281
0.285257
0.285234
0.28521
0.285187
0.285163
0.285139
0.285116
0.285092
0.285069
0.285045
0.285021
0.284997
0.284973
0.28495
0.284926
0.284902
0.284878
0.284854
0.28483
0.284806
0.284782
0.284758
0.284734
0.28471
0.284686
0.284661
0.284637
0.284613
0.284589
0.284564
0.28454
0.284516
0.284491
0.284467
0.284443
0.284418
0.284394
0.284369
0.284345
0.28432
0.284295
0.284271
0.284246
0.284221
0.284197
0.284172
0.284147
0.284122
0.284098
0.284073
0.284048
0.284023
0.283998
0.283973
0.283948
0.283923
0.283898
0.283873
0.283848
0.283823
0.283797
0.283772
0.283747
0.283722
0.283697
0.283671
0.283646
0.283621
0.283595
0.28357
0.283544
0.283519
0.283494
0.283468
0.283443
0.283417
0.283391
0.283366
0.28334
0.283315
0.283289
0.283263
0.283237
0.283212
0.283186
0.28316
0.283134
0.283108
0.283082
0.283057
0.283031
0.283005
0.282979
0.282953
0.282927
0.282901
0.282875
0.282848
0.282822
0.282796
0.28277
0.282744
0.282717
0.282691
0.282665
0.282639
0.282612
0.282586
0.28256
0.282533
0.282507
0.28248
0.282454
0.282427
0.282401
0.282374
0.282348
0.282321
0.282294
0.282268
0.282241
0.282214
0.282188
0.282161
0.282134
0.282107
0.282081
0.282054
0.282027
0.282
0.281973
0.281946
0.281919
0.281892
0.281865
0.281838
0.281811
0.281784
0.281757
0.28173
0.281703
0.281676
0.281648
0.281621
0.281594
0.281567
0.281539
0.281512
0.281485
0.281457
0.28143
0.281403
0.281375
0.281348
0.28132
0.281293
0.281265
0.281238
0.28121
0.281183
0.281155
0.281127
0.2811
0.281072
0.281044
0.281017
0.280989
0.280961
0.280933
0.280906
0.280878
0.28085
0.280822
0.280794
0.280766
0.280738
0.28071
0.280682
0.280654
0.280626
0.280598
0.28057
0.280542
0.280514
0.280486
0.280458
0.28043
0.280402
0.280373
0.280345
0.280317
0.280289
0.28026
0.280232
0.280204
0.280175
0.280147
0.280118
0.28009
0.280062
0.280033
0.280005
0.279976
0.279948
0.279919
0.27989
0.279862
0.279833
0.279805
0.279776
0.279747
0.279718
0.27969
0.279661
0.279632
0.279603
0.279575
0.279546
0.279517
0.279488
0.279459
0.27943
0.279401
0.279372
0.279343
0.279314
0.279285
0.279256
0.279227
0.279198
0.279169
0.27914
0.279111
0.279082
0.279053
0.279023
0.278994
0.278965
0.278936
0.278906
0.278877
0.278848
0.278819
0.278789
0.27876
0.27873
0.278701
0.278672
0.278642
0.278613
0.278583
0.278554
0.278524
0.278495
0.278465
0.278435
0.278406
0.278376
0.278346
0.278317
0.278287
0.278257
0.278228
0.278198
0.278168
0.278138
0.278108
0.278079
0.278049
0.278019
0.277989
0.277959
0.277929
0.277899
0.277869
0.277839
0.277809
0.277779
0.277749
0.277719
0.277689
0.277659
0.277629
0.277599
0.277569
0.277538
0.277508
0.277478
0.277448
0.277417
0.277387
0.277357
0.277327
0.277296
0.277266
0.277235
0.277205
0.277175
0.277144
0.277114
0.277083
0.277053
0.277022
0.276992
0.276961
0.276931
0.2769
0.27687
0.276839
0.276808
0.276778
0.276747
0.276716
0.276686
0.276655
0.276624
0.276593
0.276563
0.276532
0.276501
0.27647
0.276439
0.276408
0.276377
0.276347
0.276316
0.276285
0.276254
0.276223
0.276192
0.276161
0.27613
0.276099
0.276067
0.276036
0.276005
0.275974
0.275943
0.275912
0.275881
0.275849
0.275818
0.275787
0.275756
0.275724
0.275693
0.275662
0.27563
0.275599
0.275568
0.275536
0.275505
0.275473
0.275442
0.27541
0.275379
0.275348
0.275316
0.275284
0.275253
0.275221
0.27519
0.275158
0.275127
0.275095
0.275063
0.275032
0.275
0.274968
0.274936
0.274905
0.274873
0.274841
0.274809
0.274777
0.274746
0.274714
0.274682
0.27465
0.274618
0.274586
0.274554
0.274522
0.27449
0.274458
0.274426
0.274394
0.274362
0.27433
0.274298
0.274266
0.274234
0.274202
0.274169
0.274137
0.274105
0.274073
0.274041
0.274008
0.273976
0.273944
0.273911
0.273879
0.273847
0.273814
0.273782
0.27375
0.273717
0.273685
0.273652
0.27362
0.273588
0.273555
0.273523
0.27349
0.273457
0.273425
0.273392
0.27336
0.273327
0.273294
0.273262
0.273229
0.273196
0.273164
0.273131
0.273098
0.273066
0.273033
0.273
0.272967
0.272934
0.272902
0.272869
0.272836
0.272803
0.27277
0.272737
0.272704
0.272671
0.272638
0.272605
0.272572
0.272539
0.272506
0.272473
0.27244
0.272407
0.272374
0.272341
0.272307
0.272274
0.272241
0.272208
0.272175
0.272141
0.272108
0.272075
0.272042
0.272008
0.271975
0.271942
0.271908
0.271875
0.271842
0.271808
0.271775
0.271741
0.271708
0.271674
0.271641
0.271607
0.271574
0.27154
0.271507
0.271473
0.27144
0.271406
0.271372
0.271339
0.271305
0.271271
0.271238
0.271204
0.27117
0.271136
0.271103
0.271069
0.271035
0.271001
0.270967
0.270934
0.2709
0.270866
0.270832
0.270798
0.270764
0.27073
0.270696
0.270662
0.270628
0.270594
0.27056
0.270526
0.270492
0.270458
0.270424
0.27039
0.270356
0.270321
0.270287
0.270253
0.270219
0.270185
0.27015
0.270116
0.270082
0.270048
0.270013
0.269979
0.269945
0.26991
0.269876
0.269842
0.269807
0.269773
0.269738
0.269704
0.269669
0.269635
0.2696
0.269566
0.269531
0.269497
0.269462
0.269428
0.269393
0.269358
0.269324
0.269289
0.269254
0.26922
0.269185
0.26915
0.269116
0.269081
0.269046
0.269011
0.268976
0.268942
0.268907
0.268872
0.268837
0.268802
0.268767
0.268732
0.268697
0.268662
0.268627
0.268592
0.268557
0.268522
0.268487
0.268452
0.268417
0.268382
0.268347
0.268312
0.268277
0.268242
0.268206
0.268171
0.268136
0.268101
0.268066
0.26803
0.267995
0.26796
0.267924
0.267889
0.267854
0.267818
0.267783
0.267748
0.267712
0.267677
0.267641
0.267606
0.26757
0.267535
0.267499
0.267464
0.267428
0.267393
0.267357
0.267322
0.267286
0.26725
0.267215
0.267179
0.267143
0.267108
0.267072
0.267036
0.267
0.266965
0.266929
0.266893
0.266857
0.266821
0.266786
0.26675
0.266714
0.266678
0.266642
0.266606
0.26657
0.266534
0.266498
0.266462
0.266426
0.26639
0.266354
0.266318
0.266282
0.266246
0.26621
0.266174
0.266137
0.266101
0.266065
0.266029
0.265993
0.265956
0.26592
0.265884
0.265848
0.265811
0.265775
0.265739
0.265702
0.265666
0.265629
0.265593
0.265557
)
;

boundaryField
{
    inlet
    {
        type            calculated;
        value           uniform 0.290579;
    }
    outlet
    {
        type            calculated;
        value           uniform 0.265557;
    }
    emptyWalls
    {
        type            empty;
    }
}


// ************************************************************************* //
