/*--------------------------------*- C++ -*----------------------------------*\
  =========                 |
  \\      /  F ield         | OpenFOAM: The Open Source CFD Toolbox
   \\    /   O peration     | Website:  https://openfoam.org
    \\  /    A nd           | Version:  9
     \\/     M anipulation  |
\*---------------------------------------------------------------------------*/
FoamFile
{
    format      ascii;
    class       volScalarField;
    location    "15.1";
    object      Sa;
}
// * * * * * * * * * * * * * * * * * * * * * * * * * * * * * * * * * * * * * //

dimensions      [0 0 0 0 0 0 0];

internalField   nonuniform List<scalar> 
1000
(
0.499598
0.499351
0.499123
0.498903
0.498689
0.498479
0.498271
0.498067
0.497864
0.497664
0.497465
0.497268
0.497072
0.496878
0.496685
0.496493
0.496303
0.496113
0.495925
0.495738
0.495552
0.495366
0.495182
0.494999
0.494817
0.494636
0.494455
0.494276
0.494097
0.493919
0.493742
0.493566
0.493391
0.493217
0.493043
0.49287
0.492698
0.492527
0.492356
0.492187
0.492018
0.491849
0.491682
0.491515
0.491349
0.491183
0.491019
0.490855
0.490691
0.490529
0.490367
0.490205
0.490045
0.489885
0.489725
0.489566
0.489408
0.489251
0.489094
0.488938
0.488782
0.488627
0.488473
0.488319
0.488166
0.488013
0.487861
0.487709
0.487558
0.487408
0.487258
0.487109
0.48696
0.486812
0.486665
0.486518
0.486371
0.486225
0.48608
0.485935
0.48579
0.485646
0.485503
0.48536
0.485218
0.485076
0.484934
0.484793
0.484653
0.484513
0.484374
0.484235
0.484096
0.483958
0.483821
0.483684
0.483547
0.483411
0.483275
0.48314
0.483005
0.482871
0.482737
0.482603
0.48247
0.482338
0.482205
0.482074
0.481942
0.481811
0.481681
0.481551
0.481421
0.481292
0.481163
0.481035
0.480907
0.480779
0.480652
0.480525
0.480399
0.480273
0.480147
0.480022
0.479897
0.479772
0.479648
0.479525
0.479401
0.479278
0.479156
0.479033
0.478911
0.47879
0.478669
0.478548
0.478427
0.478307
0.478188
0.478068
0.477949
0.47783
0.477712
0.477594
0.477476
0.477359
0.477242
0.477125
0.477009
0.476893
0.476777
0.476662
0.476547
0.476432
0.476318
0.476204
0.47609
0.475977
0.475863
0.475751
0.475638
0.475526
0.475414
0.475302
0.475191
0.47508
0.47497
0.474859
0.474749
0.474639
0.47453
0.474421
0.474312
0.474203
0.474095
0.473987
0.473879
0.473771
0.473664
0.473557
0.473451
0.473344
0.473238
0.473132
0.473027
0.472922
0.472817
0.472712
0.472607
0.472503
0.472399
0.472295
0.472192
0.472089
0.471986
0.471883
0.471781
0.471679
0.471577
0.471475
0.471374
0.471273
0.471172
0.471071
0.470971
0.470871
0.470771
0.470671
0.470572
0.470473
0.470374
0.470275
0.470177
0.470078
0.46998
0.469883
0.469785
0.469688
0.469591
0.469494
0.469397
0.469301
0.469205
0.469109
0.469013
0.468918
0.468823
0.468728
0.468633
0.468538
0.468444
0.46835
0.468256
0.468162
0.468068
0.467975
0.467882
0.467789
0.467696
0.467604
0.467512
0.46742
0.467328
0.467236
0.467145
0.467053
0.466962
0.466872
0.466781
0.466691
0.4666
0.46651
0.46642
0.466331
0.466241
0.466152
0.466063
0.465974
0.465885
0.465797
0.465709
0.465621
0.465533
0.465445
0.465357
0.46527
0.465183
0.465096
0.465009
0.464922
0.464836
0.46475
0.464664
0.464578
0.464492
0.464406
0.464321
0.464236
0.464151
0.464066
0.463981
0.463897
0.463813
0.463728
0.463645
0.463561
0.463477
0.463394
0.46331
0.463227
0.463144
0.463061
0.462979
0.462896
0.462814
0.462732
0.46265
0.462568
0.462487
0.462405
0.462324
0.462243
0.462162
0.462081
0.462
0.46192
0.461839
0.461759
0.461679
0.461599
0.461519
0.46144
0.46136
0.461281
0.461202
0.461123
0.461044
0.460966
0.460887
0.460809
0.46073
0.460652
0.460574
0.460497
0.460419
0.460342
0.460264
0.460187
0.46011
0.460033
0.459956
0.45988
0.459803
0.459727
0.459651
0.459575
0.459499
0.459423
0.459347
0.459272
0.459196
0.459121
0.459046
0.458971
0.458896
0.458822
0.458747
0.458673
0.458598
0.458524
0.45845
0.458376
0.458303
0.458229
0.458156
0.458082
0.458009
0.457936
0.457863
0.45779
0.457717
0.457645
0.457572
0.4575
0.457428
0.457356
0.457284
0.457212
0.45714
0.457069
0.456997
0.456926
0.456855
0.456784
0.456713
0.456642
0.456571
0.456501
0.45643
0.45636
0.45629
0.45622
0.45615
0.45608
0.45601
0.45594
0.455871
0.455802
0.455732
0.455663
0.455594
0.455525
0.455456
0.455388
0.455319
0.455251
0.455182
0.455114
0.455046
0.454978
0.45491
0.454842
0.454774
0.454707
0.454639
0.454572
0.454505
0.454438
0.454371
0.454304
0.454237
0.45417
0.454104
0.454037
0.453971
0.453904
0.453838
0.453772
0.453706
0.45364
0.453575
0.453509
0.453443
0.453378
0.453313
0.453247
0.453182
0.453117
0.453052
0.452988
0.452923
0.452858
0.452794
0.452729
0.452665
0.452601
0.452537
0.452473
0.452409
0.452345
0.452281
0.452218
0.452154
0.452091
0.452027
0.451964
0.451901
0.451838
0.451775
0.451712
0.451649
0.451587
0.451524
0.451462
0.451399
0.451337
0.451275
0.451213
0.451151
0.451089
0.451027
0.450965
0.450904
0.450842
0.450781
0.450719
0.450658
0.450597
0.450536
0.450475
0.450414
0.450353
0.450293
0.450232
0.450171
0.450111
0.450051
0.44999
0.44993
0.44987
0.44981
0.44975
0.44969
0.44963
0.449571
0.449511
0.449452
0.449392
0.449333
0.449274
0.449215
0.449155
0.449096
0.449038
0.448979
0.44892
0.448861
0.448803
0.448744
0.448686
0.448628
0.448569
0.448511
0.448453
0.448395
0.448337
0.448279
0.448222
0.448164
0.448106
0.448049
0.447991
0.447934
0.447877
0.447819
0.447762
0.447705
0.447648
0.447591
0.447535
0.447478
0.447421
0.447365
0.447308
0.447252
0.447195
0.447139
0.447083
0.447027
0.446971
0.446915
0.446859
0.446803
0.446747
0.446692
0.446636
0.446581
0.446525
0.44647
0.446415
0.446359
0.446304
0.446249
0.446194
0.446139
0.446084
0.44603
0.445975
0.44592
0.445866
0.445811
0.445757
0.445703
0.445648
0.445594
0.44554
0.445486
0.445432
0.445378
0.445324
0.44527
0.445217
0.445163
0.445109
0.445056
0.445002
0.444949
0.444896
0.444842
0.444789
0.444736
0.444683
0.44463
0.444577
0.444524
0.444472
0.444419
0.444366
0.444314
0.444261
0.444209
0.444157
0.444104
0.444052
0.444
0.443948
0.443896
0.443844
0.443792
0.44374
0.443688
0.443637
0.443585
0.443533
0.443482
0.44343
0.443379
0.443328
0.443276
0.443225
0.443174
0.443123
0.443072
0.443021
0.44297
0.442919
0.442868
0.442818
0.442767
0.442717
0.442666
0.442616
0.442565
0.442515
0.442465
0.442414
0.442364
0.442314
0.442264
0.442214
0.442164
0.442114
0.442065
0.442015
0.441965
0.441915
0.441866
0.441816
0.441767
0.441718
0.441668
0.441619
0.44157
0.441521
0.441472
0.441423
0.441374
0.441325
0.441276
0.441227
0.441178
0.44113
0.441081
0.441032
0.440984
0.440935
0.440887
0.440839
0.44079
0.440742
0.440694
0.440646
0.440598
0.44055
0.440502
0.440454
0.440406
0.440358
0.44031
0.440263
0.440215
0.440167
0.44012
0.440072
0.440025
0.439978
0.43993
0.439883
0.439836
0.439789
0.439742
0.439694
0.439647
0.439601
0.439554
0.439507
0.43946
0.439413
0.439367
0.43932
0.439273
0.439227
0.43918
0.439134
0.439088
0.439041
0.438995
0.438949
0.438903
0.438856
0.43881
0.438764
0.438718
0.438673
0.438627
0.438581
0.438535
0.438489
0.438444
0.438398
0.438352
0.438307
0.438262
0.438216
0.438171
0.438125
0.43808
0.438035
0.43799
0.437945
0.4379
0.437854
0.437809
0.437765
0.43772
0.437675
0.43763
0.437585
0.437541
0.437496
0.437451
0.437407
0.437362
0.437318
0.437273
0.437229
0.437185
0.43714
0.437096
0.437052
0.437008
0.436964
0.43692
0.436876
0.436832
0.436788
0.436744
0.4367
0.436656
0.436613
0.436569
0.436525
0.436482
0.436438
0.436395
0.436351
0.436308
0.436265
0.436221
0.436178
0.436135
0.436091
0.436048
0.436005
0.435962
0.435919
0.435876
0.435833
0.43579
0.435748
0.435705
0.435662
0.435619
0.435577
0.435534
0.435491
0.435449
0.435406
0.435364
0.435321
0.435279
0.435237
0.435195
0.435152
0.43511
0.435068
0.435026
0.434984
0.434942
0.4349
0.434858
0.434816
0.434774
0.434732
0.43469
0.434649
0.434607
0.434565
0.434524
0.434482
0.43444
0.434399
0.434357
0.434316
0.434275
0.434233
0.434192
0.434151
0.43411
0.434068
0.434027
0.433986
0.433945
0.433904
0.433863
0.433822
0.433781
0.43374
0.433699
0.433659
0.433618
0.433577
0.433537
0.433496
0.433455
0.433415
0.433374
0.433334
0.433293
0.433253
0.433212
0.433172
0.433132
0.433092
0.433051
0.433011
0.432971
0.432931
0.432891
0.432851
0.432811
0.432771
0.432731
0.432691
0.432651
0.432611
0.432572
0.432532
0.432492
0.432453
0.432413
0.432373
0.432334
0.432294
0.432255
0.432215
0.432176
0.432137
0.432097
0.432058
0.432019
0.431979
0.43194
0.431901
0.431862
0.431823
0.431784
0.431745
0.431706
0.431667
0.431628
0.431589
0.43155
0.431511
0.431472
0.431434
0.431395
0.431356
0.431318
0.431279
0.43124
0.431202
0.431163
0.431125
0.431087
0.431048
0.43101
0.430971
0.430933
0.430895
0.430857
0.430818
0.43078
0.430742
0.430704
0.430666
0.430628
0.43059
0.430552
0.430514
0.430476
0.430438
0.4304
0.430362
0.430325
0.430287
0.430249
0.430211
0.430174
0.430136
0.430099
0.430061
0.430023
0.429986
0.429949
0.429911
0.429874
0.429836
0.429799
0.429762
0.429724
0.429687
0.42965
0.429613
0.429576
0.429538
0.429501
0.429464
0.429427
0.42939
0.429353
0.429316
0.429279
0.429242
0.429206
0.429169
0.429132
0.429095
0.429058
0.429022
0.428985
0.428948
0.428912
0.428875
0.428839
0.428802
0.428766
0.428729
0.428693
0.428656
0.42862
0.428583
0.428547
0.428511
0.428475
0.428438
0.428402
0.428366
0.42833
0.428294
0.428257
0.428221
0.428185
0.428149
0.428113
0.428077
0.428041
0.428005
0.42797
0.427934
0.427898
0.427862
0.427826
0.42779
0.427755
0.427719
0.427683
0.427648
0.427612
0.427576
0.427541
0.427505
0.42747
0.427434
0.427399
0.427363
0.427328
0.427293
0.427257
0.427222
0.427186
0.427151
0.427116
0.427081
0.427045
0.42701
0.426975
0.42694
0.426905
0.42687
0.426835
0.426799
0.426764
0.426729
0.426694
0.426659
0.426624
0.42659
0.426555
0.42652
)
;

boundaryField
{
    inlet
    {
        type            fixedValue;
        value           uniform 0.5;
    }
    outlet
    {
        type            zeroGradient;
    }
    emptyWalls
    {
        type            empty;
    }
}


// ************************************************************************* //
