/*--------------------------------*- C++ -*----------------------------------*\
  =========                 |
  \\      /  F ield         | OpenFOAM: The Open Source CFD Toolbox
   \\    /   O peration     | Website:  https://openfoam.org
    \\  /    A nd           | Version:  9
     \\/     M anipulation  |
\*---------------------------------------------------------------------------*/
FoamFile
{
    format      ascii;
    class       volScalarField;
    location    "15.5";
    object      Fcsw;
}
// * * * * * * * * * * * * * * * * * * * * * * * * * * * * * * * * * * * * * //

dimensions      [0 0 0 0 0 0 0];

internalField   nonuniform List<scalar> 
1000
(
1.19286e-05
1.92086e-05
2.592e-05
3.23453e-05
3.85829e-05
4.468e-05
5.06633e-05
5.65494e-05
6.23497e-05
6.80725e-05
7.37237e-05
7.93082e-05
8.48298e-05
9.02915e-05
9.5696e-05
0.000101046
0.000106342
0.000111587
0.000116783
0.00012193
0.000127029
0.000132083
0.000137092
0.000142057
0.000146978
0.000151858
0.000156696
0.000161493
0.000166251
0.000170969
0.000175648
0.00018029
0.000184895
0.000189462
0.000193994
0.00019849
0.000202951
0.000207377
0.00021177
0.000216129
0.000220454
0.000224747
0.000229008
0.000233238
0.000237435
0.000241602
0.000245739
0.000249845
0.000253922
0.000257969
0.000261988
0.000265978
0.000269939
0.000273873
0.000277779
0.000281658
0.00028551
0.000289335
0.000293134
0.000296908
0.000300655
0.000304378
0.000308075
0.000311748
0.000315396
0.00031902
0.00032262
0.000326196
0.000329749
0.000333279
0.000336786
0.00034027
0.000343732
0.000347172
0.00035059
0.000353986
0.000357361
0.000360715
0.000364048
0.00036736
0.000370652
0.000373923
0.000377175
0.000380406
0.000383618
0.00038681
0.000389983
0.000393137
0.000396272
0.000399388
0.000402486
0.000405566
0.000408628
0.000411671
0.000414697
0.000417705
0.000420696
0.00042367
0.000426626
0.000429566
0.000432489
0.000435395
0.000438285
0.000441159
0.000444016
0.000446858
0.000449684
0.000452494
0.000455289
0.000458068
0.000460832
0.000463581
0.000466316
0.000469035
0.00047174
0.00047443
0.000477106
0.000479768
0.000482415
0.000485049
0.000487668
0.000490274
0.000492867
0.000495445
0.000498011
0.000500563
0.000503102
0.000505628
0.000508141
0.000510642
0.00051313
0.000515605
0.000518068
0.000520518
0.000522956
0.000525382
0.000527796
0.000530198
0.000532588
0.000534967
0.000537334
0.000539689
0.000542033
0.000544366
0.000546687
0.000548998
0.000551297
0.000553585
0.000555863
0.00055813
0.000560386
0.000562631
0.000564866
0.00056709
0.000569305
0.000571509
0.000573702
0.000575886
0.00057806
0.000580223
0.000582377
0.000584522
0.000586656
0.000588781
0.000590896
0.000593002
0.000595099
0.000597186
0.000599264
0.000601333
0.000603393
0.000605443
0.000607485
0.000609518
0.000611542
0.000613557
0.000615564
0.000617562
0.000619552
0.000621533
0.000623506
0.00062547
0.000627426
0.000629374
0.000631314
0.000633245
0.000635169
0.000637084
0.000638992
0.000640892
0.000642784
0.000644668
0.000646545
0.000648414
0.000650276
0.000652129
0.000653976
0.000655815
0.000657647
0.000659471
0.000661288
0.000663098
0.000664901
0.000666697
0.000668486
0.000670268
0.000672043
0.000673811
0.000675572
0.000677326
0.000679074
0.000680815
0.000682549
0.000684277
0.000685998
0.000687713
0.000689421
0.000691123
0.000692818
0.000694507
0.00069619
0.000697867
0.000699537
0.000701201
0.00070286
0.000704512
0.000706158
0.000707798
0.000709432
0.00071106
0.000712683
0.000714299
0.00071591
0.000717515
0.000719115
0.000720709
0.000722297
0.000723879
0.000725456
0.000727028
0.000728594
0.000730154
0.000731709
0.000733259
0.000734804
0.000736343
0.000737877
0.000739405
0.000740929
0.000742447
0.00074396
0.000745468
0.000746971
0.000748469
0.000749963
0.000751451
0.000752934
0.000754412
0.000755885
0.000757354
0.000758818
0.000760277
0.000761731
0.000763181
0.000764625
0.000766066
0.000767501
0.000768932
0.000770359
0.000771781
0.000773198
0.000774611
0.000776019
0.000777424
0.000778823
0.000780218
0.000781609
0.000782996
0.000784379
0.000785757
0.000787131
0.0007885
0.000789866
0.000791227
0.000792584
0.000793937
0.000795286
0.000796631
0.000797972
0.000799309
0.000800642
0.000801971
0.000803297
0.000804618
0.000805935
0.000807249
0.000808558
0.000809864
0.000811166
0.000812464
0.000813759
0.00081505
0.000816337
0.00081762
0.0008189
0.000820176
0.000821449
0.000822717
0.000823983
0.000825245
0.000826503
0.000827758
0.000829009
0.000830257
0.000831501
0.000832742
0.00083398
0.000835214
0.000836445
0.000837672
0.000838896
0.000840117
0.000841335
0.000842549
0.00084376
0.000844968
0.000846172
0.000847374
0.000848572
0.000849767
0.000850959
0.000852148
0.000853333
0.000854516
0.000855695
0.000856872
0.000858045
0.000859216
0.000860383
0.000861548
0.000862709
0.000863868
0.000865023
0.000866176
0.000867326
0.000868473
0.000869617
0.000870758
0.000871896
0.000873032
0.000874165
0.000875295
0.000876422
0.000877546
0.000878668
0.000879787
0.000880903
0.000882017
0.000883128
0.000884236
0.000885341
0.000886444
0.000887545
0.000888642
0.000889737
0.00089083
0.00089192
0.000893007
0.000894092
0.000895175
0.000896255
0.000897332
0.000898407
0.000899479
0.000900549
0.000901617
0.000902682
0.000903744
0.000904805
0.000905863
0.000906918
0.000907971
0.000909022
0.00091007
0.000911117
0.00091216
0.000913202
0.000914241
0.000915278
0.000916313
0.000917345
0.000918375
0.000919403
0.000920429
0.000921453
0.000922474
0.000923493
0.00092451
0.000925525
0.000926538
0.000927549
0.000928557
0.000929563
0.000930568
0.00093157
0.00093257
0.000933568
0.000934564
0.000935558
0.00093655
0.000937539
0.000938527
0.000939513
0.000940497
0.000941479
0.000942459
0.000943437
0.000944413
0.000945387
0.000946359
0.000947329
0.000948297
0.000949264
0.000950228
0.000951191
0.000952151
0.00095311
0.000954067
0.000955023
0.000955976
0.000956927
0.000957877
0.000958825
0.000959771
0.000960715
0.000961658
0.000962599
0.000963538
0.000964475
0.000965411
0.000966344
0.000967277
0.000968207
0.000969136
0.000970063
0.000970988
0.000971911
0.000972833
0.000973754
0.000974672
0.000975589
0.000976505
0.000977418
0.00097833
0.000979241
0.00098015
0.000981057
0.000981963
0.000982867
0.000983769
0.00098467
0.00098557
0.000986468
0.000987364
0.000988259
0.000989152
0.000990044
0.000990934
0.000991823
0.00099271
0.000993596
0.000994481
0.000995363
0.000996245
0.000997125
0.000998003
0.00099888
0.000999756
0.00100063
0.0010015
0.00100237
0.00100324
0.00100411
0.00100498
0.00100585
0.00100671
0.00100757
0.00100844
0.0010093
0.00101015
0.00101101
0.00101187
0.00101272
0.00101358
0.00101443
0.00101528
0.00101613
0.00101698
0.00101783
0.00101867
0.00101952
0.00102036
0.0010212
0.00102204
0.00102288
0.00102372
0.00102456
0.00102539
0.00102623
0.00102706
0.00102789
0.00102873
0.00102955
0.00103038
0.00103121
0.00103204
0.00103286
0.00103369
0.00103451
0.00103533
0.00103615
0.00103697
0.00103779
0.00103861
0.00103942
0.00104024
0.00104105
0.00104186
0.00104267
0.00104348
0.00104429
0.0010451
0.00104591
0.00104672
0.00104752
0.00104832
0.00104913
0.00104993
0.00105073
0.00105153
0.00105233
0.00105313
0.00105392
0.00105472
0.00105551
0.00105631
0.0010571
0.00105789
0.00105868
0.00105947
0.00106026
0.00106105
0.00106183
0.00106262
0.0010634
0.00106419
0.00106497
0.00106575
0.00106653
0.00106731
0.00106809
0.00106887
0.00106965
0.00107042
0.0010712
0.00107197
0.00107275
0.00107352
0.00107429
0.00107506
0.00107583
0.0010766
0.00107737
0.00107813
0.0010789
0.00107967
0.00108043
0.00108119
0.00108196
0.00108272
0.00108348
0.00108424
0.001085
0.00108576
0.00108652
0.00108728
0.00108803
0.00108879
0.00108954
0.0010903
0.00109105
0.0010918
0.00109255
0.0010933
0.00109405
0.0010948
0.00109555
0.0010963
0.00109705
0.00109779
0.00109854
0.00109928
0.00110002
0.00110077
0.00110151
0.00110225
0.00110299
0.00110373
0.00110447
0.00110521
0.00110595
0.00110669
0.00110742
0.00110816
0.00110889
0.00110963
0.00111036
0.0011111
0.00111183
0.00111256
0.00111329
0.00111402
0.00111475
0.00111548
0.00111621
0.00111694
0.00111766
0.00111839
0.00111912
0.00111984
0.00112057
0.00112129
0.00112201
0.00112274
0.00112346
0.00112418
0.0011249
0.00112562
0.00112634
0.00112706
0.00112778
0.0011285
0.00112921
0.00112993
0.00113065
0.00113136
0.00113208
0.00113279
0.0011335
0.00113422
0.00113493
0.00113564
0.00113635
0.00113706
0.00113777
0.00113848
0.00113919
0.0011399
0.00114061
0.00114132
0.00114203
0.00114273
0.00114344
0.00114414
0.00114485
0.00114555
0.00114626
0.00114696
0.00114766
0.00114837
0.00114907
0.00114977
0.00115047
0.00115117
0.00115187
0.00115257
0.00115327
0.00115397
0.00115467
0.00115537
0.00115606
0.00115676
0.00115746
0.00115815
0.00115885
0.00115954
0.00116024
0.00116093
0.00116163
0.00116232
0.00116301
0.00116371
0.0011644
0.00116509
0.00116578
0.00116647
0.00116716
0.00116785
0.00116854
0.00116923
0.00116992
0.00117061
0.0011713
0.00117198
0.00117267
0.00117336
0.00117404
0.00117473
0.00117542
0.0011761
0.00117679
0.00117747
0.00117816
0.00117884
0.00117952
0.00118021
0.00118089
0.00118157
0.00118225
0.00118294
0.00118362
0.0011843
0.00118498
0.00118566
0.00118634
0.00118702
0.0011877
0.00118838
0.00118906
0.00118974
0.00119042
0.0011911
0.00119177
0.00119245
0.00119313
0.0011938
0.00119448
0.00119516
0.00119583
0.00119651
0.00119719
0.00119786
0.00119854
0.00119921
0.00119989
0.00120056
0.00120123
0.00120191
0.00120258
0.00120325
0.00120393
0.0012046
0.00120527
0.00120595
0.00120662
0.00120729
0.00120796
0.00120863
0.0012093
0.00120998
0.00121065
0.00121132
0.00121199
0.00121266
0.00121333
0.001214
0.00121467
0.00121534
0.00121601
0.00121668
0.00121734
0.00121801
0.00121868
0.00121935
0.00122002
0.00122069
0.00122136
0.00122202
0.00122269
0.00122336
0.00122403
0.00122469
0.00122536
0.00122603
0.00122669
0.00122736
0.00122803
0.00122869
0.00122936
0.00123003
0.00123069
0.00123136
0.00123203
0.00123269
0.00123336
0.00123402
0.00123469
0.00123535
0.00123602
0.00123669
0.00123735
0.00123802
0.00123868
0.00123935
0.00124001
0.00124068
0.00124134
0.00124201
0.00124267
0.00124334
0.001244
0.00124467
0.00124533
0.00124599
0.00124666
0.00124732
0.00124799
0.00124865
0.00124932
0.00124998
0.00125065
0.00125131
0.00125198
0.00125264
0.00125331
0.00125397
0.00125464
0.0012553
0.00125597
0.00125663
0.00125729
0.00125796
0.00125862
0.00125929
0.00125995
0.00126062
0.00126129
0.00126195
0.00126262
0.00126328
0.00126395
0.00126461
0.00126528
0.00126594
0.00126661
0.00126728
0.00126794
0.00126861
0.00126927
0.00126994
0.00127061
0.00127127
0.00127194
0.00127261
0.00127327
0.00127394
0.00127461
0.00127528
0.00127594
0.00127661
0.00127728
0.00127795
0.00127862
0.00127929
0.00127996
0.00128062
0.00128129
0.00128196
0.00128263
0.0012833
0.00128397
0.00128464
0.00128531
0.00128599
0.00128666
0.00128733
0.001288
0.00128867
0.00128934
0.00129002
0.00129069
0.00129136
0.00129204
0.00129271
0.00129338
0.00129406
0.00129473
0.00129541
0.00129608
0.00129676
0.00129744
0.00129811
0.00129879
0.00129947
0.00130015
0.00130082
0.0013015
0.00130218
0.00130286
0.00130354
0.00130422
0.0013049
0.00130558
0.00130626
0.00130695
0.00130763
0.00130831
0.00130899
0.00130968
0.00131036
0.00131105
0.00131173
0.00131242
0.00131311
0.00131379
0.00131448
0.00131517
0.00131586
0.00131655
0.00131724
0.00131793
0.00131862
0.00131931
0.00132001
0.0013207
0.00132139
0.00132209
0.00132278
0.00132348
0.00132418
0.00132487
0.00132557
0.00132627
0.00132697
0.00132767
0.00132837
0.00132908
0.00132978
0.00133048
0.00133119
0.00133189
0.0013326
0.00133331
0.00133402
0.00133473
0.00133544
0.00133615
0.00133686
0.00133757
0.00133829
0.001339
0.00133972
0.00134044
0.00134115
0.00134187
0.00134259
0.00134332
0.00134404
0.00134476
0.00134549
0.00134622
0.00134694
0.00134767
0.0013484
0.00134913
0.00134987
0.0013506
0.00135134
0.00135207
0.00135281
0.00135355
0.00135429
0.00135504
0.00135578
0.00135653
0.00135728
0.00135803
0.00135878
0.00135953
0.00136028
0.00136104
0.0013618
0.00136256
0.00136332
0.00136408
0.00136485
0.00136561
0.00136638
0.00136715
0.00136792
0.0013687
0.00136948
0.00137026
0.00137104
0.00137182
0.00137261
0.0013734
0.00137419
0.00137498
0.00137577
)
;

boundaryField
{
    inlet
    {
        type            calculated;
        value           uniform 1.19286e-05;
    }
    outlet
    {
        type            calculated;
        value           uniform 0.00137577;
    }
    emptyWalls
    {
        type            empty;
    }
}


// ************************************************************************* //
