/*--------------------------------*- C++ -*----------------------------------*\
  =========                 |
  \\      /  F ield         | OpenFOAM: The Open Source CFD Toolbox
   \\    /   O peration     | Website:  https://openfoam.org
    \\  /    A nd           | Version:  9
     \\/     M anipulation  |
\*---------------------------------------------------------------------------*/
FoamFile
{
    format      ascii;
    class       volScalarField;
    location    "38000";
    object      krb;
}
// * * * * * * * * * * * * * * * * * * * * * * * * * * * * * * * * * * * * * //

dimensions      [0 0 0 0 0 0 0];

internalField   nonuniform List<scalar> 
1000
(
0.0975876
0.0975017
0.097422
0.0973431
0.0972645
0.0971864
0.0971087
0.0970314
0.0969546
0.0968783
0.0968024
0.0967269
0.0966519
0.0965773
0.0965032
0.0964296
0.0963563
0.0962835
0.0962112
0.0961393
0.0960678
0.0959967
0.0959261
0.0958559
0.0957861
0.0957168
0.0956479
0.0955794
0.0955113
0.0954436
0.0953763
0.0953095
0.0952431
0.095177
0.0951114
0.0950462
0.0949814
0.0949169
0.0948529
0.0947893
0.0947261
0.0946632
0.0946008
0.0945387
0.094477
0.0944158
0.0943549
0.0942943
0.0942342
0.0941744
0.094115
0.094056
0.0939974
0.0939391
0.0938812
0.0938237
0.0937665
0.0937097
0.0936533
0.0935972
0.0935415
0.0934861
0.0934311
0.0933764
0.093322
0.0932681
0.0932144
0.0931611
0.0931081
0.0930554
0.0930031
0.092951
0.0928993
0.0928478
0.0927967
0.0927458
0.0926952
0.0926448
0.0925946
0.0925447
0.0924949
0.0924452
0.0923955
0.0923459
0.0922961
0.092246
0.0921955
0.092144
0.0920912
0.0920358
0.0919758
0.0919071
0.0918188
0.0916851
0.0914122
0.0900618
0.143593
0.445061
0.453743
0.453746
0.453759
0.453759
0.453758
0.453758
0.453759
0.453759
0.453759
0.453759
0.45376
0.45376
0.45376
0.45376
0.45376
0.453761
0.453761
0.453761
0.453761
0.453762
0.453762
0.453762
0.453762
0.453763
0.453763
0.453763
0.453763
0.453764
0.453764
0.453764
0.453765
0.453765
0.453765
0.453765
0.453766
0.453766
0.453766
0.453767
0.453767
0.453767
0.453768
0.453768
0.453768
0.453769
0.453769
0.45377
0.45377
0.45377
0.453771
0.453771
0.453772
0.453772
0.453772
0.453773
0.453773
0.453774
0.453774
0.453775
0.453775
0.453776
0.453776
0.453777
0.453777
0.453778
0.453778
0.453779
0.45378
0.45378
0.453781
0.453781
0.453782
0.453783
0.453783
0.453784
0.453785
0.453786
0.453786
0.453787
0.453788
0.453789
0.453791
0.453811
0.453985
0.45555
0.468096
0.523834
0.588082
0.600324
0.600624
0.600625
0.600625
0.600625
0.600625
0.600625
0.600625
0.600625
0.600625
0.600625
0.600625
0.600625
0.600625
0.600625
0.600625
0.600625
0.600625
0.600625
0.600625
0.600625
0.600625
0.600625
0.600625
0.600625
0.600625
0.600625
0.600625
0.600625
0.600625
0.600625
0.600625
0.600625
0.600625
0.600625
0.600625
0.600625
0.600625
0.600625
0.600625
0.600625
0.600625
0.600625
0.600625
0.600625
0.600625
0.600625
0.600625
0.600625
0.600625
0.600625
0.600625
0.600625
0.600625
0.600625
0.600625
0.600625
0.600625
0.600625
0.600625
0.600625
0.600625
0.600625
0.600625
0.600625
0.600625
0.600625
0.600625
0.600625
0.600625
0.600625
0.600625
0.600625
0.600625
0.600625
0.600625
0.600625
0.600625
0.600625
0.600625
0.600625
0.600625
0.600625
0.600625
0.600625
0.600625
0.600625
0.600625
0.600625
0.600625
0.600625
0.600625
0.600625
0.600625
0.600625
0.600625
0.600625
0.600625
0.600625
0.600625
0.600625
0.600625
0.600625
0.600625
0.600625
0.600625
0.600625
0.600625
0.600625
0.600625
0.600625
0.600625
0.600625
0.600625
0.600625
0.600625
0.600625
0.600625
0.600625
0.600625
0.600625
0.600625
0.600625
0.600625
0.600625
0.600625
0.600625
0.600625
0.600625
0.600625
0.600625
0.600625
0.600625
0.600625
0.600625
0.600625
0.600625
0.600625
0.600625
0.600625
0.600625
0.600625
0.600625
0.600625
0.600625
0.600625
0.600625
0.600625
0.600625
0.600625
0.600625
0.600625
0.600625
0.600625
0.600625
0.600625
0.600625
0.600625
0.600625
0.600625
0.600625
0.600625
0.600625
0.600625
0.600625
0.600625
0.600625
0.600625
0.600625
0.600625
0.600625
0.600625
0.600625
0.600625
0.600625
0.600625
0.600625
0.600625
0.600625
0.600625
0.600625
0.600625
0.600625
0.600625
0.600625
0.600625
0.600625
0.600625
0.600625
0.600625
0.600625
0.600625
0.600625
0.600625
0.600625
0.600625
0.600625
0.600625
0.600625
0.600625
0.600625
0.600625
0.600625
0.600625
0.600625
0.600625
0.600625
0.600625
0.600625
0.600625
0.600625
0.600625
0.600625
0.600625
0.600625
0.600625
0.600625
0.600625
0.600625
0.600625
0.600625
0.600625
0.600625
0.600625
0.600625
0.600625
0.600625
0.600625
0.600625
0.600625
0.600625
0.600625
0.600625
0.600625
0.600625
0.600625
0.600625
0.600625
0.600625
0.600625
0.600625
0.600625
0.600625
0.600625
0.600625
0.600625
0.600625
0.600625
0.600625
0.600625
0.600625
0.600625
0.600625
0.600625
0.600625
0.600625
0.600625
0.600625
0.600625
0.600625
0.600625
0.600625
0.600625
0.600625
0.600625
0.600625
0.600625
0.600625
0.600625
0.600625
0.600625
0.600625
0.600625
0.600625
0.600625
0.600625
0.600625
0.600625
0.600625
0.600625
0.600625
0.600625
0.600625
0.600625
0.600625
0.600625
0.600625
0.600625
0.600625
0.600625
0.600625
0.600625
0.600625
0.600625
0.600625
0.600625
0.600625
0.600625
0.600625
0.600625
0.600625
0.600625
0.600625
0.600625
0.600625
0.600625
0.600625
0.600625
0.600625
0.600625
0.600625
0.600625
0.600625
0.600625
0.600625
0.600625
0.600625
0.600625
0.600625
0.600625
0.600625
0.600625
0.600625
0.600625
0.600625
0.600625
0.600625
0.600625
0.600625
0.600625
0.600625
0.600625
0.600625
0.600625
0.600625
0.600625
0.600625
0.600625
0.600625
0.600625
0.600625
0.600625
0.600625
0.600625
0.600625
0.600625
0.600625
0.600625
0.600625
0.600625
0.600625
0.600625
0.600625
0.600625
0.600625
0.600625
0.600625
0.600625
0.600625
0.600625
0.600625
0.600625
0.600625
0.600625
0.600625
0.600625
0.600625
0.600625
0.600625
0.600625
0.600625
0.600625
0.600625
0.600625
0.600625
0.600625
0.600625
0.600625
0.600625
0.600625
0.600625
0.600625
0.600625
0.600625
0.600625
0.600625
0.600625
0.600625
0.600625
0.600625
0.600625
0.600625
0.600625
0.600625
0.600625
0.600625
0.600625
0.600625
0.600625
0.600625
0.600625
0.600625
0.600625
0.600625
0.600625
0.600625
0.600625
0.600625
0.600625
0.600625
0.600625
0.600625
0.600625
0.600625
0.600625
0.600625
0.600625
0.600625
0.600625
0.600625
0.600625
0.600625
0.600625
0.600625
0.600625
0.600625
0.600625
0.600625
0.600625
0.600625
0.600625
0.600625
0.600625
0.600625
0.600625
0.600625
0.600625
0.600625
0.600625
0.600625
0.600625
0.600625
0.600625
0.600625
0.600625
0.600625
0.600625
0.600625
0.600625
0.600625
0.600625
0.600625
0.600625
0.600625
0.600625
0.600625
0.600625
0.600625
0.600625
0.600625
0.600625
0.600625
0.600625
0.600625
0.600625
0.600625
0.600625
0.600625
0.600625
0.600625
0.600625
0.600625
0.600625
0.600625
0.600625
0.600625
0.600625
0.600625
0.600625
0.600625
0.600625
0.600625
0.600625
0.600625
0.600625
0.600625
0.600625
0.600625
0.600625
0.600625
0.600625
0.600625
0.600625
0.600625
0.600625
0.600625
0.600625
0.600625
0.600625
0.600625
0.600625
0.600625
0.600625
0.600625
0.600625
0.600625
0.600625
0.600625
0.600625
0.600625
0.600625
0.600625
0.600625
0.600625
0.600625
0.600625
0.600625
0.600625
0.600625
0.600625
0.600625
0.600625
0.600625
0.600625
0.600625
0.600625
0.600625
0.600625
0.600625
0.600625
0.600625
0.600625
0.600625
0.600625
0.600625
0.600625
0.600625
0.600625
0.600625
0.600625
0.600625
0.600625
0.600625
0.600625
0.600625
0.600625
0.600625
0.600625
0.600625
0.600625
0.600625
0.600625
0.600625
0.600625
0.600625
0.600625
0.600625
0.600625
0.600625
0.600625
0.600625
0.600625
0.600625
0.600625
0.600625
0.600625
0.600625
0.600625
0.600625
0.600625
0.600625
0.600625
0.600625
0.600625
0.600625
0.600625
0.600625
0.600625
0.600625
0.600625
0.600625
0.600625
0.600625
0.600625
0.600625
0.600625
0.600625
0.600625
0.600625
0.600625
0.600625
0.600625
0.600625
0.600625
0.600625
0.600625
0.600625
0.600625
0.600625
0.600625
0.600625
0.600625
0.600625
0.600625
0.600625
0.600625
0.600625
0.600625
0.600625
0.600625
0.600625
0.600625
0.600625
0.600625
0.600625
0.600625
0.600625
0.600625
0.600625
0.600625
0.600625
0.600625
0.600625
0.600625
0.600625
0.600625
0.600625
0.600625
0.600625
0.600625
0.600625
0.600625
0.600625
0.600625
0.600625
0.600625
0.600625
0.600625
0.600625
0.600625
0.600625
0.600625
0.600625
0.600625
0.600625
0.600625
0.600625
0.600625
0.600625
0.600625
0.600625
0.600625
0.600625
0.600625
0.600625
0.600625
0.600625
0.600625
0.600625
0.600625
0.600625
0.600625
0.600625
0.600625
0.600625
0.600625
0.600625
0.600625
0.600625
0.600625
0.600625
0.600625
0.600625
0.600625
0.600625
0.600625
0.600625
0.600625
0.600625
0.600625
0.600625
0.600625
0.600625
0.600625
0.600625
0.600625
0.600625
0.600625
0.600625
0.600625
0.600625
0.600625
0.600625
0.600625
0.600625
0.600625
0.600625
0.600625
0.600625
0.600625
0.600625
0.600625
0.600625
0.600625
0.600625
0.600625
0.600625
0.600625
0.600625
0.600625
0.600625
0.600625
0.600625
0.600625
0.600625
0.600625
0.600625
0.600625
0.600625
0.600625
0.600625
0.600625
0.600625
0.600625
0.600625
0.600625
0.600625
0.600625
0.600625
0.600625
0.600625
0.600625
0.600625
0.600625
0.600625
0.600625
0.600625
0.600625
0.600625
0.600625
0.600625
0.600625
0.600625
0.600625
0.600625
0.600625
0.600625
0.600625
0.600625
0.600625
0.600625
0.600625
0.600625
0.600625
0.600625
0.600625
0.600625
0.600625
0.600625
0.600625
0.600625
0.600625
0.600625
0.600625
0.600625
0.600625
0.600625
0.600625
0.600625
0.600625
0.600625
0.600625
0.600625
0.600625
0.600625
0.600625
0.600625
0.600625
0.600625
0.600625
0.600625
0.600625
0.600625
0.600625
0.600625
0.600625
0.600625
0.600625
0.600625
0.600625
0.600625
0.600625
0.600625
0.600625
0.600625
0.600625
0.600625
0.600625
0.600625
0.600625
0.600625
0.600625
0.600625
0.600625
0.600625
0.600625
0.600625
0.600625
0.600625
0.600625
0.600625
0.600625
0.600625
0.600625
0.600625
)
;

boundaryField
{
    inlet
    {
        type            calculated;
        value           uniform 0.0976562;
    }
    outlet
    {
        type            calculated;
        value           uniform 0.600625;
    }
    emptyWalls
    {
        type            empty;
    }
}


// ************************************************************************* //
