/*--------------------------------*- C++ -*----------------------------------*\
  =========                 |
  \\      /  F ield         | OpenFOAM: The Open Source CFD Toolbox
   \\    /   O peration     | Website:  https://openfoam.org
    \\  /    A nd           | Version:  9
     \\/     M anipulation  |
\*---------------------------------------------------------------------------*/
FoamFile
{
    format      ascii;
    class       volScalarField;
    location    "14.5";
    object      Sc;
}
// * * * * * * * * * * * * * * * * * * * * * * * * * * * * * * * * * * * * * //

dimensions      [0 0 0 0 0 0 0];

internalField   nonuniform List<scalar> 
1000
(
0.00108757
0.00175507
0.0023732
0.00296753
0.00354692
0.0041156
0.00467593
0.00522939
0.00577695
0.00631931
0.00685699
0.00739039
0.0079198
0.00844548
0.00896762
0.00948641
0.010002
0.0105144
0.0110239
0.0115305
0.0120343
0.0125353
0.0130337
0.0135295
0.0140227
0.0145135
0.0150017
0.0154876
0.0159711
0.0164523
0.0169312
0.0174079
0.0178824
0.0183546
0.0188247
0.0192927
0.0197586
0.0202224
0.0206842
0.021144
0.0216017
0.0220575
0.0225114
0.0229633
0.0234133
0.0238614
0.0243077
0.0247521
0.0251947
0.0256355
0.0260745
0.0265117
0.0269472
0.0273809
0.0278129
0.0282432
0.0286718
0.0290988
0.029524
0.0299477
0.0303697
0.0307901
0.0312089
0.0316261
0.0320417
0.0324558
0.0328684
0.0332794
0.0336889
0.0340968
0.0345033
0.0349083
0.0353119
0.0357139
0.0361146
0.0365138
0.0369115
0.0373079
0.0377029
0.0380964
0.0384886
0.0388795
0.0392689
0.0396571
0.0400438
0.0404293
0.0408134
0.0411963
0.0415778
0.0419581
0.042337
0.0427148
0.0430912
0.0434664
0.0438403
0.0442131
0.0445846
0.0449549
0.0453239
0.0456918
0.0460585
0.046424
0.0467884
0.0471515
0.0475135
0.0478744
0.0482341
0.0485927
0.0489502
0.0493066
0.0496618
0.050016
0.050369
0.050721
0.0510718
0.0514216
0.0517704
0.0521181
0.0524647
0.0528103
0.0531548
0.0534983
0.0538408
0.0541823
0.0545227
0.0548622
0.0552006
0.0555381
0.0558745
0.05621
0.0565445
0.0568781
0.0572107
0.0575423
0.0578729
0.0582027
0.0585315
0.0588593
0.0591862
0.0595123
0.0598373
0.0601615
0.0604848
0.0608072
0.0611286
0.0614492
0.0617689
0.0620878
0.0624057
0.0627228
0.063039
0.0633544
0.0636689
0.0639825
0.0642954
0.0646073
0.0649185
0.0652288
0.0655383
0.0658469
0.0661548
0.0664618
0.0667681
0.0670735
0.0673782
0.067682
0.0679851
0.0682873
0.0685888
0.0688895
0.0691895
0.0694887
0.0697871
0.0700848
0.0703817
0.0706778
0.0709732
0.0712679
0.0715618
0.071855
0.0721475
0.0724392
0.0727302
0.0730205
0.0733101
0.073599
0.0738872
0.0741746
0.0744614
0.0747475
0.0750328
0.0753175
0.0756015
0.0758849
0.0761675
0.0764495
0.0767308
0.0770114
0.0772913
0.0775706
0.0778493
0.0781273
0.0784046
0.0786813
0.0789573
0.0792328
0.0795075
0.0797816
0.0800551
0.080328
0.0806003
0.0808719
0.0811429
0.0814133
0.081683
0.0819522
0.0822208
0.0824887
0.0827561
0.0830228
0.083289
0.0835545
0.0838195
0.0840839
0.0843477
0.0846109
0.0848735
0.0851356
0.0853971
0.085658
0.0859183
0.0861781
0.0864373
0.086696
0.0869541
0.0872117
0.0874687
0.0877251
0.087981
0.0882364
0.0884912
0.0887454
0.0889992
0.0892524
0.089505
0.0897572
0.0900088
0.0902599
0.0905104
0.0907605
0.09101
0.091259
0.0915075
0.0917555
0.092003
0.0922499
0.0924964
0.0927424
0.0929878
0.0932328
0.0934772
0.0937212
0.0939647
0.0942077
0.0944502
0.0946922
0.0949338
0.0951748
0.0954154
0.0956555
0.0958951
0.0961343
0.096373
0.0966112
0.0968489
0.0970862
0.0973231
0.0975594
0.0977953
0.0980308
0.0982658
0.0985003
0.0987344
0.098968
0.0992012
0.099434
0.0996663
0.0998982
0.10013
0.100361
0.100591
0.100821
0.101051
0.10128
0.101509
0.101737
0.101965
0.102193
0.10242
0.102647
0.102873
0.103099
0.103324
0.103549
0.103774
0.103998
0.104222
0.104445
0.104668
0.104891
0.105113
0.105335
0.105556
0.105777
0.105998
0.106218
0.106438
0.106657
0.106876
0.107095
0.107313
0.107531
0.107749
0.107966
0.108183
0.108399
0.108615
0.10883
0.109046
0.10926
0.109475
0.109689
0.109903
0.110116
0.110329
0.110542
0.110754
0.110966
0.111177
0.111389
0.1116
0.11181
0.11202
0.11223
0.112439
0.112648
0.112857
0.113065
0.113273
0.113481
0.113688
0.113895
0.114102
0.114308
0.114514
0.11472
0.114925
0.11513
0.115335
0.115539
0.115743
0.115946
0.11615
0.116353
0.116555
0.116758
0.11696
0.117161
0.117362
0.117563
0.117764
0.117964
0.118165
0.118364
0.118564
0.118763
0.118961
0.11916
0.119358
0.119556
0.119753
0.119951
0.120148
0.120344
0.12054
0.120736
0.120932
0.121128
0.121323
0.121517
0.121712
0.121906
0.1221
0.122294
0.122487
0.12268
0.122873
0.123065
0.123257
0.123449
0.123641
0.123832
0.124023
0.124213
0.124404
0.124594
0.124784
0.124973
0.125163
0.125352
0.12554
0.125729
0.125917
0.126105
0.126292
0.12648
0.126667
0.126854
0.12704
0.127226
0.127412
0.127598
0.127783
0.127969
0.128153
0.128338
0.128522
0.128707
0.12889
0.129074
0.129257
0.12944
0.129623
0.129806
0.129988
0.13017
0.130352
0.130533
0.130714
0.130895
0.131076
0.131257
0.131437
0.131617
0.131797
0.131976
0.132155
0.132334
0.132513
0.132692
0.13287
0.133048
0.133226
0.133403
0.13358
0.133757
0.133934
0.134111
0.134287
0.134463
0.134639
0.134815
0.13499
0.135165
0.13534
0.135515
0.135689
0.135863
0.136037
0.136211
0.136384
0.136558
0.136731
0.136904
0.137076
0.137248
0.137421
0.137592
0.137764
0.137936
0.138107
0.138278
0.138449
0.138619
0.13879
0.13896
0.13913
0.139299
0.139469
0.139638
0.139807
0.139976
0.140144
0.140313
0.140481
0.140649
0.140817
0.140984
0.141151
0.141319
0.141485
0.141652
0.141819
0.141985
0.142151
0.142317
0.142482
0.142648
0.142813
0.142978
0.143143
0.143308
0.143472
0.143636
0.1438
0.143964
0.144128
0.144291
0.144454
0.144617
0.14478
0.144943
0.145105
0.145267
0.145429
0.145591
0.145753
0.145914
0.146075
0.146236
0.146397
0.146558
0.146718
0.146879
0.147039
0.147199
0.147358
0.147518
0.147677
0.147836
0.147995
0.148154
0.148313
0.148471
0.148629
0.148787
0.148945
0.149103
0.14926
0.149417
0.149574
0.149731
0.149888
0.150045
0.150201
0.150357
0.150513
0.150669
0.150825
0.15098
0.151136
0.151291
0.151446
0.1516
0.151755
0.151909
0.152064
0.152218
0.152372
0.152525
0.152679
0.152832
0.152985
0.153138
0.153291
0.153444
0.153597
0.153749
0.153901
0.154053
0.154205
0.154357
0.154508
0.15466
0.154811
0.154962
0.155113
0.155263
0.155414
0.155564
0.155714
0.155864
0.156014
0.156164
0.156313
0.156463
0.156612
0.156761
0.15691
0.157059
0.157207
0.157356
0.157504
0.157652
0.1578
0.157948
0.158095
0.158243
0.15839
0.158537
0.158684
0.158831
0.158978
0.159125
0.159271
0.159417
0.159563
0.159709
0.159855
0.160001
0.160146
0.160291
0.160437
0.160582
0.160726
0.160871
0.161016
0.16116
0.161304
0.161449
0.161593
0.161736
0.16188
0.162024
0.162167
0.16231
0.162453
0.162596
0.162739
0.162882
0.163024
0.163167
0.163309
0.163451
0.163593
0.163735
0.163877
0.164018
0.16416
0.164301
0.164442
0.164583
0.164724
0.164864
0.165005
0.165145
0.165286
0.165426
0.165566
0.165706
0.165845
0.165985
0.166125
0.166264
0.166403
0.166542
0.166681
0.16682
0.166958
0.167097
0.167235
0.167374
0.167512
0.16765
0.167788
0.167925
0.168063
0.1682
0.168338
0.168475
0.168612
0.168749
0.168886
0.169023
0.169159
0.169295
0.169432
0.169568
0.169704
0.16984
0.169976
0.170111
0.170247
0.170382
0.170518
0.170653
0.170788
0.170923
0.171058
0.171192
0.171327
0.171461
0.171596
0.17173
0.171864
0.171998
0.172132
0.172265
0.172399
0.172532
0.172666
0.172799
0.172932
0.173065
0.173198
0.17333
0.173463
0.173596
0.173728
0.17386
0.173992
0.174124
0.174256
0.174388
0.17452
0.174651
0.174783
0.174914
0.175045
0.175176
0.175307
0.175438
0.175569
0.1757
0.17583
0.17596
0.176091
0.176221
0.176351
0.176481
0.176611
0.176741
0.17687
0.177
0.177129
0.177258
0.177388
0.177517
0.177646
0.177774
0.177903
0.178032
0.17816
0.178289
0.178417
0.178545
0.178673
0.178801
0.178929
0.179057
0.179185
0.179312
0.17944
0.179567
0.179694
0.179821
0.179948
0.180075
0.180202
0.180329
0.180456
0.180582
0.180708
0.180835
0.180961
0.181087
0.181213
0.181339
0.181465
0.18159
0.181716
0.181842
0.181967
0.182092
0.182217
0.182342
0.182467
0.182592
0.182717
0.182842
0.182966
0.183091
0.183215
0.18334
0.183464
0.183588
0.183712
0.183836
0.18396
0.184083
0.184207
0.18433
0.184454
0.184577
0.1847
0.184823
0.184947
0.185069
0.185192
0.185315
0.185438
0.18556
0.185683
0.185805
0.185927
0.18605
0.186172
0.186294
0.186416
0.186537
0.186659
0.186781
0.186902
0.187024
0.187145
0.187266
0.187388
0.187509
0.18763
0.187751
0.187871
0.187992
0.188113
0.188233
0.188354
0.188474
0.188595
0.188715
0.188835
0.188955
0.189075
0.189195
0.189314
0.189434
0.189554
0.189673
0.189793
0.189912
0.190031
0.190151
0.19027
0.190389
0.190508
0.190626
0.190745
0.190864
0.190982
0.191101
0.191219
0.191338
0.191456
0.191574
0.191692
0.19181
0.191928
0.192046
0.192164
0.192281
0.192399
0.192517
0.192634
0.192751
0.192869
0.192986
0.193103
0.19322
0.193337
0.193454
0.193571
0.193687
0.193804
0.193921
0.194037
0.194154
0.19427
0.194386
0.194502
0.194619
0.194735
0.194851
0.194966
0.195082
0.195198
0.195314
0.195429
0.195545
0.19566
0.195776
0.195891
0.196006
0.196121
0.196237
0.196352
0.196467
0.196581
0.196696
0.196811
0.196926
0.19704
0.197155
0.197269
0.197384
0.197498
0.197612
0.197726
0.19784
0.197955
0.198068
0.198182
0.198296
0.19841
0.198524
0.198637
0.198751
0.198864
0.198978
0.199091
0.199205
0.199318
0.199431
0.199544
0.199657
0.19977
0.199883
0.199996
0.200109
0.200222
0.200334
0.200447
0.20056
0.200672
0.200785
0.200897
0.201009
0.201122
0.201234
0.201346
0.201458
0.20157
0.201682
0.201794
0.201906
0.202018
0.20213
0.202241
0.202353
0.202465
0.202576
0.202688
0.202799
0.202911
0.203022
0.203133
0.203244
0.203356
0.203467
0.203578
0.203689
0.2038
0.203911
0.204022
0.204133
0.204244
0.204354
0.204465
0.204576
0.204686
0.204797
0.204908
0.205018
0.205129
0.205239
0.205349
0.20546
0.20557
0.20568
0.205791
0.205901
0.206011
0.206121
0.206231
0.206341
0.206452
0.206562
0.206672
0.206782
0.206891
0.207001
0.207111
0.207221
)
;

boundaryField
{
    inlet
    {
        type            calculated;
        value           uniform 0;
    }
    outlet
    {
        type            calculated;
        value           uniform 0.207221;
    }
    emptyWalls
    {
        type            empty;
    }
}


// ************************************************************************* //
