/*--------------------------------*- C++ -*----------------------------------*\
  =========                 |
  \\      /  F ield         | OpenFOAM: The Open Source CFD Toolbox
   \\    /   O peration     | Website:  https://openfoam.org
    \\  /    A nd           | Version:  9
     \\/     M anipulation  |
\*---------------------------------------------------------------------------*/
FoamFile
{
    format      ascii;
    class       surfaceScalarField;
    location    "11.5";
    object      phib;
}
// * * * * * * * * * * * * * * * * * * * * * * * * * * * * * * * * * * * * * //

dimensions      [0 2 0 0 0 0 0];

internalField   nonuniform List<scalar> 
999
(
0.290578
0.290577
0.290576
0.290574
0.290572
0.290569
0.290567
0.290564
0.29056
0.290557
0.290553
0.290548
0.290544
0.290539
0.290534
0.290528
0.290523
0.290517
0.29051
0.290504
0.290497
0.29049
0.290483
0.290475
0.290467
0.290459
0.290451
0.290442
0.290434
0.290424
0.290415
0.290406
0.290396
0.290386
0.290376
0.290365
0.290355
0.290344
0.290333
0.290321
0.29031
0.290298
0.290286
0.290274
0.290262
0.290249
0.290236
0.290223
0.29021
0.290197
0.290183
0.290169
0.290155
0.290141
0.290127
0.290112
0.290098
0.290083
0.290068
0.290052
0.290037
0.290021
0.290005
0.289989
0.289973
0.289957
0.28994
0.289924
0.289907
0.28989
0.289873
0.289855
0.289838
0.28982
0.289802
0.289784
0.289766
0.289748
0.289729
0.289711
0.289692
0.289673
0.289654
0.289635
0.289615
0.289596
0.289576
0.289556
0.289536
0.289516
0.289496
0.289476
0.289455
0.289434
0.289414
0.289393
0.289371
0.28935
0.289329
0.289307
0.289286
0.289264
0.289242
0.28922
0.289198
0.289176
0.289153
0.289131
0.289108
0.289085
0.289062
0.289039
0.289016
0.288993
0.288969
0.288946
0.288922
0.288898
0.288874
0.28885
0.288826
0.288802
0.288777
0.288753
0.288728
0.288704
0.288679
0.288654
0.288629
0.288603
0.288578
0.288553
0.288527
0.288502
0.288476
0.28845
0.288424
0.288398
0.288372
0.288346
0.288319
0.288293
0.288266
0.28824
0.288213
0.288186
0.288159
0.288132
0.288105
0.288077
0.28805
0.288022
0.287995
0.287967
0.287939
0.287911
0.287884
0.287855
0.287827
0.287799
0.287771
0.287742
0.287714
0.287685
0.287656
0.287627
0.287599
0.28757
0.28754
0.287511
0.287482
0.287453
0.287423
0.287394
0.287364
0.287334
0.287304
0.287275
0.287245
0.287215
0.287184
0.287154
0.287124
0.287093
0.287063
0.287032
0.287002
0.286971
0.28694
0.286909
0.286878
0.286847
0.286816
0.286785
0.286753
0.286722
0.286691
0.286659
0.286627
0.286596
0.286564
0.286532
0.2865
0.286468
0.286436
0.286404
0.286371
0.286339
0.286307
0.286274
0.286242
0.286209
0.286176
0.286144
0.286111
0.286078
0.286045
0.286012
0.285979
0.285945
0.285912
0.285879
0.285845
0.285812
0.285778
0.285745
0.285711
0.285677
0.285643
0.285609
0.285575
0.285541
0.285507
0.285473
0.285438
0.285404
0.28537
0.285335
0.285301
0.285266
0.285231
0.285197
0.285162
0.285127
0.285092
0.285057
0.285022
0.284987
0.284952
0.284916
0.284881
0.284846
0.28481
0.284775
0.284739
0.284703
0.284668
0.284632
0.284596
0.28456
0.284524
0.284488
0.284452
0.284416
0.284379
0.284343
0.284307
0.28427
0.284234
0.284197
0.284161
0.284124
0.284087
0.284051
0.284014
0.283977
0.28394
0.283903
0.283866
0.283829
0.283792
0.283754
0.283717
0.28368
0.283642
0.283605
0.283567
0.28353
0.283492
0.283454
0.283416
0.283379
0.283341
0.283303
0.283265
0.283227
0.283189
0.283151
0.283112
0.283074
0.283036
0.282997
0.282959
0.28292
0.282882
0.282843
0.282805
0.282766
0.282727
0.282688
0.282649
0.28261
0.282572
0.282532
0.282493
0.282454
0.282415
0.282376
0.282337
0.282297
0.282258
0.282218
0.282179
0.282139
0.2821
0.28206
0.28202
0.28198
0.281941
0.281901
0.281861
0.281821
0.281781
0.281741
0.281701
0.28166
0.28162
0.28158
0.28154
0.281499
0.281459
0.281418
0.281378
0.281337
0.281297
0.281256
0.281215
0.281174
0.281134
0.281093
0.281052
0.281011
0.28097
0.280929
0.280888
0.280846
0.280805
0.280764
0.280723
0.280681
0.28064
0.280598
0.280557
0.280515
0.280474
0.280432
0.28039
0.280349
0.280307
0.280265
0.280223
0.280181
0.280139
0.280097
0.280055
0.280013
0.279971
0.279929
0.279886
0.279844
0.279802
0.279759
0.279717
0.279674
0.279632
0.279589
0.279547
0.279504
0.279461
0.279419
0.279376
0.279333
0.27929
0.279247
0.279204
0.279161
0.279118
0.279075
0.279032
0.278989
0.278945
0.278902
0.278859
0.278815
0.278772
0.278728
0.278685
0.278641
0.278598
0.278554
0.278511
0.278467
0.278423
0.278379
0.278335
0.278291
0.278247
0.278204
0.278159
0.278115
0.278071
0.278027
0.277983
0.277939
0.277894
0.27785
0.277806
0.277761
0.277717
0.277672
0.277628
0.277583
0.277539
0.277494
0.277449
0.277404
0.27736
0.277315
0.27727
0.277225
0.27718
0.277135
0.27709
0.277045
0.277
0.276955
0.276909
0.276864
0.276819
0.276774
0.276728
0.276683
0.276637
0.276592
0.276546
0.276501
0.276455
0.276409
0.276364
0.276318
0.276272
0.276226
0.276181
0.276135
0.276089
0.276043
0.275997
0.275951
0.275904
0.275858
0.275812
0.275766
0.27572
0.275673
0.275627
0.275581
0.275534
0.275488
0.275441
0.275395
0.275348
0.275302
0.275255
0.275208
0.275161
0.275115
0.275068
0.275021
0.274974
0.274927
0.27488
0.274833
0.274786
0.274739
0.274692
0.274645
0.274597
0.27455
0.274503
0.274456
0.274408
0.274361
0.274313
0.274266
0.274218
0.274171
0.274123
0.274076
0.274028
0.27398
0.273932
0.273885
0.273837
0.273789
0.273741
0.273693
0.273645
0.273597
0.273549
0.273501
0.273453
0.273405
0.273356
0.273308
0.27326
0.273212
0.273163
0.273115
0.273066
0.273018
0.272969
0.272921
0.272872
0.272824
0.272775
0.272726
0.272677
0.272629
0.27258
0.272531
0.272482
0.272433
0.272384
0.272335
0.272286
0.272237
0.272188
0.272139
0.27209
0.27204
0.271991
0.271942
0.271892
0.271843
0.271794
0.271744
0.271695
0.271645
0.271595
0.271546
0.271496
0.271447
0.271397
0.271347
0.271297
0.271247
0.271198
0.271148
0.271098
0.271048
0.270998
0.270948
0.270898
0.270847
0.270797
0.270747
0.270697
0.270646
0.270596
0.270546
0.270495
0.270445
0.270395
0.270344
0.270293
0.270243
0.270192
0.270142
0.270091
0.27004
0.269989
0.269939
0.269888
0.269837
0.269786
0.269735
0.269684
0.269633
0.269582
0.269531
0.26948
0.269429
0.269377
0.269326
0.269275
0.269223
0.269172
0.269121
0.269069
0.269018
0.268966
0.268915
0.268863
0.268812
0.26876
0.268708
0.268656
0.268605
0.268553
0.268501
0.268449
0.268397
0.268345
0.268293
0.268241
0.268189
0.268137
0.268085
0.268033
0.267981
0.267928
0.267876
0.267824
0.267771
0.267719
0.267666
0.267614
0.267561
0.267509
0.267456
0.267404
0.267351
0.267298
0.267246
0.267193
0.26714
0.267087
0.267034
0.266981
0.266928
0.266875
0.266822
0.266769
0.266716
0.266663
0.26661
0.266557
0.266503
0.26645
0.266397
0.266343
0.26629
0.266236
0.266183
0.266129
0.266076
0.266022
0.265968
0.265915
0.265861
0.265807
0.265753
0.2657
0.265646
0.265592
0.265538
0.265484
0.26543
0.265376
0.265322
0.265267
0.265213
0.265159
0.265105
0.26505
0.264996
0.264942
0.264887
0.264833
0.264778
0.264724
0.264669
0.264614
0.26456
0.264505
0.26445
0.264396
0.264341
0.264286
0.264231
0.264176
0.264121
0.264066
0.264011
0.263956
0.263901
0.263845
0.26379
0.263735
0.26368
0.263624
0.263569
0.263513
0.263458
0.263402
0.263347
0.263291
0.263235
0.26318
0.263124
0.263068
0.263012
0.262957
0.262901
0.262845
0.262789
0.262733
0.262677
0.26262
0.262564
0.262508
0.262452
0.262395
0.262339
0.262283
0.262226
0.26217
0.262113
0.262057
0.262
0.261943
0.261887
0.26183
0.261773
0.261716
0.261659
0.261602
0.261545
0.261488
0.261431
0.261374
0.261317
0.261259
0.261202
0.261145
0.261087
0.26103
0.260972
0.260915
0.260857
0.2608
0.260742
0.260684
0.260626
0.260568
0.260511
0.260453
0.260394
0.260336
0.260278
0.26022
0.260162
0.260103
0.260045
0.259987
0.259928
0.25987
0.259811
0.259752
0.259694
0.259635
0.259576
0.259517
0.259458
0.259399
0.25934
0.25928
0.259221
0.259162
0.259102
0.259043
0.258983
0.258924
0.258864
0.258804
0.258744
0.258685
0.258625
0.258564
0.258504
0.258444
0.258384
0.258323
0.258263
0.258202
0.258141
0.258081
0.25802
0.257959
0.257898
0.257837
0.257775
0.257714
0.257652
0.257591
0.257529
0.257467
0.257405
0.257343
0.257281
0.257219
0.257156
0.257094
0.257031
0.256968
0.256905
0.256842
0.256779
0.256715
0.256652
0.256588
0.256524
0.25646
0.256396
0.256331
0.256267
0.256202
0.256136
0.256071
0.256006
0.25594
0.255874
0.255808
0.255741
0.255674
0.255607
0.25554
0.255472
0.255404
0.255336
0.255267
0.255198
0.255128
0.255058
0.254988
0.254917
0.254846
0.254774
0.254702
0.254629
0.254556
0.254482
0.254407
0.254332
0.254256
0.254179
0.254101
0.254023
0.253943
0.253863
0.253781
0.253698
0.253614
0.253529
0.253443
0.253354
0.253265
0.253173
0.253079
0.252984
0.252886
0.252785
0.252682
0.252576
0.252466
0.252353
0.252236
0.252115
0.251988
0.251856
0.251717
0.251572
0.251419
0.251256
0.251083
0.250898
0.250699
0.250484
0.25025
0.249992
0.249708
0.24939
0.249031
0.24862
0.248145
0.247584
0.24691
0.246082
0.245034
0.243658
0.241764
0.238983
0.234491
0.226032
0.204876
0.144064
0.169063
0.194061
0.186381
0.163914
0.148337
0.1427
0.142669
0.144996
0.14825
0.151826
0.155339
0.158419
0.160696
0.161869
0.16181
0.160656
0.158811
0.156826
0.155199
0.154225
0.153961
0.15429
0.155002
0.15587
0.156693
0.157324
0.157676
0.157735
0.157543
0.157188
0.156776
0.156404
0.15614
0.156016
0.156027
0.156142
0.156314
0.156498
0.156653
0.156755
0.156792
0.15677
0.156705
0.156619
0.156532
0.156463
0.156419
0.156405
0.156416
0.156443
0.156477
0.156508
0.15653
0.15654
0.156537
0.156524
0.156507
0.156489
0.156474
0.156466
0.156465
0.156471
0.156481
0.156495
0.156508
0.15652
0.156529
0.156534
0.156536
0.156536
0.156534
0.156531
0.156529
0.156528
0.156528
0.156529
0.156529
0.156531
0.156531
0.156531
0.15653
0.156529
0.156527
)
;

boundaryField
{
    inlet
    {
        type            calculated;
        value           uniform -0.290579;
    }
    outlet
    {
        type            calculated;
        value           uniform 0.156524;
    }
    emptyWalls
    {
        type            empty;
        value           nonuniform List<scalar> 0();
    }
}


// ************************************************************************* //
