/*--------------------------------*- C++ -*----------------------------------*\
  =========                 |
  \\      /  F ield         | OpenFOAM: The Open Source CFD Toolbox
   \\    /   O peration     | Website:  https://openfoam.org
    \\  /    A nd           | Version:  9
     \\/     M anipulation  |
\*---------------------------------------------------------------------------*/
FoamFile
{
    format      ascii;
    class       surfaceScalarField;
    location    "7.3";
    object      phic;
}
// * * * * * * * * * * * * * * * * * * * * * * * * * * * * * * * * * * * * * //

dimensions      [0 2 0 0 0 0 0];

internalField   nonuniform List<scalar> 
999
(
2.58019e-06
6.71322e-06
1.22623e-05
1.91533e-05
2.73342e-05
3.67637e-05
4.74072e-05
5.92339e-05
7.22163e-05
8.63286e-05
0.000101547
0.00011785
0.000135215
0.000153623
0.000173054
0.00019349
0.000214913
0.000237306
0.000260652
0.000284935
0.00031014
0.000336252
0.000363257
0.000391139
0.000419886
0.000449484
0.00047992
0.000511182
0.000543257
0.000576132
0.000609798
0.000644241
0.000679451
0.000715417
0.000752129
0.000789576
0.000827748
0.000866635
0.000906227
0.000946515
0.000987491
0.00102914
0.00107147
0.00111445
0.00115808
0.00120236
0.00124727
0.00129281
0.00133897
0.00138574
0.00143312
0.0014811
0.00152966
0.00157881
0.00162853
0.00167882
0.00172968
0.00178109
0.00183306
0.00188556
0.00193861
0.00199218
0.00204628
0.0021009
0.00215604
0.00221168
0.00226783
0.00232447
0.00238161
0.00243924
0.00249734
0.00255592
0.00261498
0.0026745
0.00273449
0.00279493
0.00285583
0.00291717
0.00297896
0.00304119
0.00310385
0.00316695
0.00323047
0.00329441
0.00335878
0.00342356
0.00348875
0.00355434
0.00362034
0.00368675
0.00375354
0.00382073
0.00388831
0.00395627
0.00402462
0.00409334
0.00416244
0.00423191
0.00430175
0.00437195
0.00444252
0.00451344
0.00458473
0.00465636
0.00472835
0.00480068
0.00487335
0.00494637
0.00501973
0.00509342
0.00516745
0.00524181
0.00531649
0.0053915
0.00546683
0.00554249
0.00561846
0.00569474
0.00577134
0.00584825
0.00592547
0.00600299
0.00608081
0.00615894
0.00623737
0.00631609
0.00639511
0.00647442
0.00655401
0.0066339
0.00671408
0.00679453
0.00687527
0.00695629
0.00703759
0.00711916
0.00720101
0.00728313
0.00736552
0.00744818
0.00753111
0.0076143
0.00769775
0.00778147
0.00786544
0.00794968
0.00803417
0.00811891
0.00820391
0.00828916
0.00837466
0.0084604
0.0085464
0.00863264
0.00871912
0.00880584
0.00889281
0.00898001
0.00906745
0.00915513
0.00924304
0.00933119
0.00941956
0.00950817
0.00959701
0.00968607
0.00977537
0.00986488
0.00995462
0.0100446
0.0101348
0.0102252
0.0103158
0.0104066
0.0104977
0.010589
0.0106805
0.0107722
0.0108641
0.0109562
0.0110485
0.0111411
0.0112338
0.0113268
0.0114199
0.0115133
0.0116069
0.0117006
0.0117946
0.0118888
0.0119831
0.0120777
0.0121725
0.0122674
0.0123626
0.0124579
0.0125535
0.0126492
0.0127451
0.0128412
0.0129375
0.013034
0.0131307
0.0132276
0.0133246
0.0134219
0.0135193
0.0136169
0.0137147
0.0138126
0.0139108
0.0140091
0.0141076
0.0142063
0.0143052
0.0144042
0.0145034
0.0146028
0.0147024
0.0148021
0.014902
0.0150021
0.0151024
0.0152028
0.0153034
0.0154042
0.0155051
0.0156062
0.0157075
0.0158089
0.0159106
0.0160123
0.0161143
0.0162164
0.0163186
0.0164211
0.0165236
0.0166264
0.0167293
0.0168324
0.0169356
0.017039
0.0171426
0.0172463
0.0173501
0.0174542
0.0175583
0.0176627
0.0177672
0.0178718
0.0179766
0.0180816
0.0181867
0.0182919
0.0183974
0.0185029
0.0186086
0.0187145
0.0188205
0.0189267
0.019033
0.0191395
0.0192461
0.0193528
0.0194598
0.0195668
0.019674
0.0197814
0.0198889
0.0199965
0.0201043
0.0202122
0.0203203
0.0204285
0.0205369
0.0206454
0.020754
0.0208628
0.0209717
0.0210808
0.02119
0.0212993
0.0214088
0.0215185
0.0216282
0.0217381
0.0218482
0.0219584
0.0220687
0.0221791
0.0222897
0.0224005
0.0225113
0.0226223
0.0227335
0.0228447
0.0229562
0.0230677
0.0231794
0.0232912
0.0234031
0.0235152
0.0236274
0.0237398
0.0238523
0.0239649
0.0240776
0.0241905
0.0243035
0.0244166
0.0245299
0.0246433
0.0247568
0.0248705
0.0249843
0.0250982
0.0252122
0.0253264
0.0254407
0.0255552
0.0256697
0.0257844
0.0258992
0.0260142
0.0261293
0.0262445
0.0263598
0.0264752
0.0265908
0.0267065
0.0268224
0.0269383
0.0270544
0.0271706
0.027287
0.0274034
0.02752
0.0276367
0.0277536
0.0278705
0.0279876
0.0281048
0.0282222
0.0283396
0.0284572
0.0285749
0.0286928
0.0288107
0.0289288
0.029047
0.0291653
0.0292838
0.0294023
0.029521
0.0296398
0.0297588
0.0298778
0.029997
0.0301163
0.0302357
0.0303553
0.030475
0.0305948
0.0307147
0.0308347
0.0309549
0.0310751
0.0311955
0.0313161
0.0314367
0.0315575
0.0316783
0.0317993
0.0319205
0.0320417
0.0321631
0.0322846
0.0324062
0.0325279
0.0326498
0.0327718
0.0328938
0.0330161
0.0331384
0.0332609
0.0333834
0.0335061
0.033629
0.0337519
0.033875
0.0339981
0.0341215
0.0342449
0.0343684
0.0344921
0.0346159
0.0347398
0.0348638
0.034988
0.0351123
0.0352367
0.0353612
0.0354858
0.0356106
0.0357355
0.0358605
0.0359856
0.0361109
0.0362363
0.0363618
0.0364874
0.0366132
0.036739
0.036865
0.0369912
0.0371174
0.0372438
0.0373703
0.0374969
0.0376237
0.0377505
0.0378775
0.0380047
0.0381319
0.0382593
0.0383868
0.0385144
0.0386422
0.0387701
0.0388981
0.0390263
0.0391546
0.039283
0.0394115
0.0395402
0.039669
0.0397979
0.039927
0.0400562
0.0401855
0.040315
0.0404446
0.0405744
0.0407042
0.0408342
0.0409644
0.0410947
0.0412251
0.0413557
0.0414864
0.0416172
0.0417482
0.0418794
0.0420107
0.0421421
0.0422737
0.0424054
0.0425373
0.0426693
0.0428014
0.0429338
0.0430662
0.0431989
0.0433316
0.0434646
0.0435977
0.0437309
0.0438644
0.0439979
0.0441317
0.0442656
0.0443997
0.044534
0.0446684
0.044803
0.0449378
0.0450727
0.0452079
0.0453432
0.0454787
0.0456144
0.0457503
0.0458864
0.0460226
0.0461591
0.0462958
0.0464327
0.0465698
0.0467071
0.0468446
0.0469824
0.0471204
0.0472586
0.047397
0.0475357
0.0476747
0.0478139
0.0479533
0.048093
0.048233
0.0483733
0.0485138
0.0486546
0.0487958
0.0489372
0.0490789
0.049221
0.0493634
0.0495062
0.0496493
0.0497927
0.0499366
0.0500808
0.0502255
0.0503705
0.050516
0.050662
0.0508084
0.0509553
0.0511027
0.0512506
0.0513991
0.0515481
0.0516977
0.051848
0.0519989
0.0521505
0.0523028
0.0524558
0.0526097
0.0527644
0.0529199
0.0530764
0.0532339
0.0533923
0.0535519
0.0537127
0.0538746
0.0540379
0.0542026
0.0543688
0.0545366
0.054706
0.0548773
0.0550506
0.055226
0.0554037
0.0555838
0.0557666
0.0559523
0.0561412
0.0563335
0.0565295
0.0567297
0.0569344
0.0571441
0.0573593
0.0575806
0.0578088
0.0580445
0.0582888
0.0585428
0.0588076
0.0590848
0.0593761
0.0596838
0.0600103
0.0603588
0.0607332
0.0611382
0.0615798
0.0620659
0.0626063
0.0632142
0.0639074
0.0647104
0.0656577
0.0668002
0.0682153
0.0700269
0.0724465
0.0758654
0.0810937
0.0901003
0.109042
0.169706
0.200029
0.217138
0.226167
0.234351
0.243693
0.252058
0.256206
0.254191
0.246757
0.237126
0.228941
0.224197
0.222962
0.224302
0.227123
0.23051
0.233772
0.236406
0.23808
0.238648
0.238175
0.236931
0.235322
0.233771
0.232606
0.231994
0.23194
0.23233
0.232988
0.233724
0.234377
0.234834
0.235043
0.23501
0.234792
0.234469
0.23413
0.233849
0.23367
0.233609
0.233654
0.233772
0.233924
0.234072
0.234186
0.234249
0.234259
0.234223
0.234158
0.234081
0.234011
0.233957
0.233928
0.233921
0.233934
0.233957
0.233982
0.234004
0.234018
0.234022
0.234018
0.234008
0.233996
0.233987
0.233982
0.233983
0.23399
0.234003
0.234018
0.234035
0.234051
0.234065
0.234076
0.234083
0.234088
0.234092
0.234094
0.234095
0.234097
0.2341
0.234103
0.234106
0.23411
0.234112
0.234114
0.234116
0.234116
0.234115
0.234113
0.234111
0.234108
0.234105
0.234102
0.234098
0.234095
0.234091
0.234087
0.234083
0.234079
0.234074
0.23407
0.234066
0.234062
0.234059
0.234057
0.234055
0.234054
0.234053
0.234054
0.234056
0.234058
0.234061
0.234065
0.23407
0.234075
0.23408
0.234087
0.234093
0.234099
0.234106
0.234113
0.234119
0.234125
0.234131
0.234137
0.234142
0.234146
0.234151
0.234155
0.234158
0.234161
0.234164
0.234166
0.234168
0.23417
0.234172
0.234173
0.234175
0.234176
0.234177
0.234178
0.234179
0.234179
0.23418
0.234181
0.234182
0.234183
0.234184
0.234184
0.234185
0.234186
0.234187
0.234188
0.234188
0.234189
0.23419
0.23419
0.234191
0.234191
0.234191
0.234192
0.234192
0.234191
0.234191
0.234191
0.23419
0.234189
0.234189
0.234188
0.234186
0.234185
0.234184
0.234183
0.234182
0.23418
0.234179
0.234178
0.234178
0.234177
0.234176
0.234176
0.234176
0.234177
0.234177
0.234178
0.23418
0.234181
0.234183
0.234185
0.234188
0.23419
0.234193
0.234196
0.2342
0.234203
0.234207
0.23421
0.234214
0.234218
0.234221
0.234225
0.234228
0.234232
0.234235
0.234238
0.234241
0.234244
0.234247
0.23425
0.234252
0.234254
0.234257
0.234259
0.23426
0.234262
0.234264
0.234265
0.234267
0.234268
0.234269
0.23427
0.234271
0.234272
0.234272
0.234273
0.234274
0.234274
0.234274
0.234275
0.234275
0.234275
0.234275
0.234275
0.234275
0.234275
0.234275
0.234274
0.234274
0.234274
0.234273
0.234273
0.234272
0.234272
0.234272
0.234271
0.234271
0.234271
0.234271
0.234271
0.234271
0.234271
0.234272
0.234272
0.234273
0.234274
0.234275
0.234276
0.234277
0.234279
0.234281
0.234283
0.234285
0.234287
0.234289
0.234292
0.234295
0.234297
0.2343
0.234303
0.234306
0.234309
0.234313
0.234316
0.234319
0.234322
0.234325
0.234328
0.234331
0.234334
0.234337
0.23434
0.234343
0.234346
0.234349
0.234351
0.234354
0.234356
0.234359
0.234361
0.234363
0.234365
0.234367
0.234369
0.234371
0.234373
0.234374
0.234376
0.234378
0.234379
0.234381
0.234382
0.234383
0.234384
0.234386
0.234387
0.234388
0.234389
0.234389
0.23439
0.234391
0.234392
0.234392
0.234393
0.234393
0.234394
0.234394
0.234394
0.234394
0.234395
0.234395
0.234395
0.234395
0.234395
0.234395
0.234395
0.234395
0.234395
0.234395
0.234395
0.234395
0.234395
0.234395
0.234395
0.234395
0.234396
0.234396
0.234397
0.234397
0.234398
0.234399
0.2344
0.234401
0.234402
0.234403
0.234405
0.234407
0.234408
0.23441
0.234412
0.234414
0.234417
0.234419
0.234422
0.234424
0.234427
0.234429
0.234432
0.234435
0.234438
0.234441
0.234444
0.234447
0.23445
0.234453
0.234456
0.234459
0.234462
0.234465
0.234468
0.234471
0.234474
0.234477
0.234479
0.234482
0.234485
0.234487
0.23449
0.234492
0.234495
0.234497
0.234499
0.234502
0.234504
0.234506
0.234508
0.23451
0.234512
0.234514
0.234516
0.234518
0.23452
0.234522
0.234524
0.234525
0.234527
0.234529
0.234531
0.234532
0.234534
0.234536
0.234537
0.234539
0.234541
0.234542
0.234544
0.234546
0.234547
0.234549
0.23455
0.234552
0.234553
0.234555
0.234557
)
;

boundaryField
{
    inlet
    {
        type            calculated;
        value           uniform 0;
    }
    outlet
    {
        type            calculated;
        value           uniform 0.234558;
    }
    emptyWalls
    {
        type            empty;
        value           nonuniform List<scalar> 0();
    }
}


// ************************************************************************* //
