/*--------------------------------*- C++ -*----------------------------------*\
  =========                 |
  \\      /  F ield         | OpenFOAM: The Open Source CFD Toolbox
   \\    /   O peration     | Website:  https://openfoam.org
    \\  /    A nd           | Version:  9
     \\/     M anipulation  |
\*---------------------------------------------------------------------------*/
FoamFile
{
    format      ascii;
    class       volScalarField;
    location    "3.3";
    object      Sb;
}
// * * * * * * * * * * * * * * * * * * * * * * * * * * * * * * * * * * * * * //

dimensions      [0 0 0 0 0 0 0];

internalField   nonuniform List<scalar> 
1000
(
0.497201
0.495517
0.493981
0.492526
0.491128
0.489773
0.488455
0.487169
0.485913
0.484683
0.483477
0.482294
0.481133
0.479992
0.478871
0.477768
0.476682
0.475614
0.474562
0.473525
0.472503
0.471496
0.470503
0.469523
0.468557
0.467603
0.466661
0.465732
0.464814
0.463907
0.463011
0.462126
0.461251
0.460386
0.459532
0.458686
0.45785
0.457023
0.456205
0.455396
0.454595
0.453802
0.453017
0.45224
0.451471
0.45071
0.449956
0.449209
0.448469
0.447735
0.447009
0.446289
0.445576
0.444869
0.444168
0.443474
0.442785
0.442102
0.441425
0.440754
0.440088
0.439428
0.438772
0.438123
0.437478
0.436838
0.436203
0.435573
0.434948
0.434327
0.433711
0.4331
0.432493
0.431891
0.431292
0.430698
0.430108
0.429523
0.428941
0.428363
0.427789
0.427219
0.426653
0.42609
0.425531
0.424976
0.424424
0.423876
0.423331
0.422789
0.422251
0.421716
0.421185
0.420656
0.420131
0.419609
0.41909
0.418574
0.41806
0.41755
0.417043
0.416538
0.416037
0.415538
0.415041
0.414548
0.414057
0.413569
0.413083
0.4126
0.412119
0.411641
0.411165
0.410692
0.410221
0.409753
0.409286
0.408822
0.408361
0.407901
0.407444
0.406989
0.406536
0.406085
0.405636
0.40519
0.404745
0.404302
0.403862
0.403423
0.402986
0.402552
0.402119
0.401688
0.401258
0.400831
0.400405
0.399982
0.39956
0.399139
0.398721
0.398304
0.397889
0.397475
0.397063
0.396653
0.396244
0.395837
0.395432
0.395028
0.394625
0.394224
0.393825
0.393427
0.39303
0.392635
0.392241
0.391849
0.391458
0.391068
0.39068
0.390293
0.389907
0.389523
0.38914
0.388758
0.388377
0.387998
0.38762
0.387243
0.386867
0.386493
0.386119
0.385747
0.385376
0.385006
0.384637
0.384269
0.383902
0.383536
0.383171
0.382807
0.382445
0.382083
0.381722
0.381362
0.381003
0.380645
0.380288
0.379932
0.379576
0.379221
0.378868
0.378515
0.378163
0.377811
0.37746
0.37711
0.376761
0.376413
0.376065
0.375718
0.375371
0.375025
0.374679
0.374334
0.37399
0.373646
0.373303
0.37296
0.372617
0.372275
0.371933
0.371591
0.371249
0.370908
0.370567
0.370226
0.369885
0.369544
0.369203
0.368862
0.36852
0.368179
0.367837
0.367494
0.367151
0.366807
0.366463
0.366117
0.365771
0.365423
0.365074
0.364723
0.364371
0.364016
0.363659
0.363299
0.362937
0.362571
0.362201
0.361826
0.361447
0.361063
0.360671
0.360273
0.359866
0.359449
0.359021
0.35858
0.358124
0.35765
0.357155
0.356635
0.356085
0.355499
0.354867
0.354181
0.353425
0.352579
0.351617
0.350499
0.349167
0.347528
0.345432
0.342609
0.338535
0.332026
0.319786
0.288586
0.228999
0.222452
0.220858
0.221611
0.222708
0.223516
0.224043
0.224353
0.224429
0.224241
0.223841
0.223369
0.222979
0.22276
0.222718
0.222808
0.222971
0.223157
0.223327
0.223454
0.223524
0.223534
0.223492
0.223416
0.223329
0.223252
0.223199
0.223177
0.223182
0.223207
0.223243
0.223278
0.223306
0.223322
0.223324
0.223315
0.223297
0.223277
0.223258
0.223244
0.223235
0.223234
0.223237
0.223243
0.223249
0.223255
0.223259
0.223259
0.223257
0.223254
0.223249
0.223245
0.223241
0.223238
0.223237
0.223237
0.223237
0.223238
0.223239
0.223239
0.223238
0.223237
0.223235
0.223233
0.223231
0.223229
0.223228
0.223226
0.223225
0.223224
0.223222
0.223221
0.22322
0.223219
0.223217
0.223215
0.223213
0.223211
0.223209
0.223208
0.223206
0.223204
0.223202
0.2232
0.223199
0.223197
0.223196
0.223194
0.223192
0.223191
0.22319
0.223188
0.223187
0.223185
0.223184
0.223183
0.223182
0.22318
0.223179
0.223178
0.223176
0.223175
0.223173
0.223172
0.22317
0.223168
0.223167
0.223165
0.223163
0.223161
0.223159
0.223158
0.223156
0.223154
0.223152
0.22315
0.223148
0.223146
0.223144
0.223143
0.223141
0.223139
0.223138
0.223136
0.223134
0.223133
0.223131
0.22313
0.223129
0.223127
0.223126
0.223124
0.223123
0.223122
0.22312
0.223119
0.223117
0.223116
0.223114
0.223113
0.223111
0.22311
0.223108
0.223106
0.223104
0.223102
0.223101
0.223099
0.223097
0.223095
0.223093
0.223091
0.223089
0.223087
0.223084
0.223082
0.22308
0.223078
0.223076
0.223074
0.223072
0.22307
0.223068
0.223067
0.223065
0.223063
0.223061
0.223059
0.223057
0.223056
0.223054
0.223052
0.22305
0.223049
0.223047
0.223045
0.223043
0.223041
0.22304
0.223038
0.223036
0.223034
0.223032
0.22303
0.223028
0.223026
0.223024
0.223022
0.22302
0.223018
0.223016
0.223014
0.223012
0.22301
0.223008
0.223005
0.223003
0.223001
0.222999
0.222997
0.222995
0.222992
0.22299
0.222988
0.222986
0.222984
0.222982
0.22298
0.222977
0.222975
0.222973
0.222971
0.222969
0.222967
0.222965
0.222962
0.22296
0.222958
0.222956
0.222954
0.222952
0.22295
0.222948
0.222945
0.222943
0.222941
0.222939
0.222937
0.222935
0.222932
0.22293
0.222928
0.222926
0.222923
0.222921
0.222919
0.222917
0.222914
0.222912
0.22291
0.222909
0.222913
0.222934
0.223028
0.223421
0.225047
0.231829
0.25984
0.329104
0.361647
0.362697
0.362696
0.362695
0.362695
0.362696
0.362696
0.362696
0.362696
0.362696
0.362696
0.362696
0.362696
0.362696
0.362696
0.362696
0.362696
0.362696
0.362696
0.362696
0.362696
0.362696
0.362696
0.362696
0.362696
0.362696
0.362696
0.362696
0.362696
0.362696
0.362696
0.362696
0.362696
0.362696
0.362696
0.362696
0.362697
0.362697
0.362697
0.362697
0.362697
0.362698
0.362698
0.362698
0.362698
0.362698
0.362699
0.362699
0.362699
0.362699
0.3627
0.3627
0.3627
0.3627
0.362701
0.362701
0.362701
0.362701
0.362701
0.362701
0.362701
0.362701
0.362701
0.362701
0.362702
0.362702
0.362702
0.362702
0.362702
0.362702
0.362702
0.362702
0.362702
0.362702
0.362702
0.362702
0.362702
0.362702
0.362702
0.362702
0.362702
0.362702
0.362702
0.362702
0.362702
0.362702
0.362702
0.362702
0.362702
0.362702
0.362702
0.362702
0.362702
0.362703
0.362703
0.362703
0.362703
0.362703
0.362703
0.362703
0.362703
0.362703
0.362704
0.362704
0.362704
0.362704
0.362704
0.362704
0.362704
0.362704
0.362704
0.362704
0.362704
0.362704
0.362704
0.362704
0.362704
0.362704
0.362704
0.362704
0.362704
0.362704
0.362704
0.362704
0.362704
0.362704
0.362704
0.362704
0.362704
0.362704
0.362704
0.362704
0.362704
0.362704
0.362704
0.362704
0.362704
0.362704
0.362704
0.362704
0.362704
0.362704
0.362704
0.362704
0.362704
0.362704
0.362704
0.362704
0.362704
0.362704
0.362704
0.362704
0.362704
0.362704
0.362705
0.362705
0.362705
0.362705
0.362705
0.362705
0.362705
0.362705
0.362705
0.362705
0.362706
0.362706
0.362706
0.362706
0.362706
0.362707
0.362726
0.363429
0.396769
0.684707
0.7
0.7
0.7
0.7
0.7
0.7
0.7
0.7
0.7
0.7
0.7
0.7
0.7
0.7
0.7
0.7
0.7
0.7
0.7
0.7
0.7
0.7
0.7
0.7
0.7
0.7
0.7
0.7
0.7
0.7
0.7
0.7
0.7
0.7
0.7
0.7
0.7
0.7
0.7
0.7
0.7
0.7
0.7
0.7
0.7
0.7
0.7
0.7
0.7
0.7
0.7
0.7
0.7
0.7
0.7
0.7
0.7
0.7
0.7
0.7
0.7
0.7
0.7
0.7
0.7
0.7
0.7
0.7
0.7
0.7
0.7
0.7
0.7
0.7
0.7
0.7
0.7
0.7
0.7
0.7
0.7
0.7
0.7
0.7
0.7
0.7
0.7
0.7
0.7
0.7
0.7
0.7
0.7
0.7
0.7
0.7
0.7
0.7
0.7
0.7
0.7
0.7
0.7
0.7
0.7
0.7
0.7
0.7
0.7
0.7
0.7
0.7
0.7
0.7
0.7
0.7
0.7
0.7
0.7
0.7
0.7
0.7
0.7
0.7
0.7
0.7
0.7
0.7
0.7
0.7
0.7
0.7
0.7
0.7
0.7
0.7
0.7
0.7
0.7
0.7
0.7
0.7
0.7
0.7
0.7
0.7
0.7
0.7
0.7
0.7
0.7
0.7
0.7
0.7
0.7
0.7
0.7
0.7
0.7
0.7
0.7
0.7
0.7
0.7
0.7
0.7
0.7
0.7
0.7
0.7
0.7
0.7
0.7
0.7
0.7
0.7
0.7
0.7
0.7
0.7
0.7
0.7
0.7
0.7
0.7
0.7
0.7
0.7
0.7
0.7
0.7
0.7
0.7
0.7
0.7
0.7
0.7
0.7
0.7
0.7
0.7
0.7
0.7
0.7
0.7
0.7
0.7
0.7
0.7
0.7
0.7
0.7
0.7
0.7
0.7
0.7
0.7
0.7
0.7
0.7
0.7
0.7
0.7
0.7
0.7
0.7
0.7
0.7
0.7
0.7
0.7
0.7
0.7
0.7
0.7
0.7
0.7
0.7
0.7
0.7
0.7
0.7
0.7
0.7
0.7
0.7
0.7
0.7
0.7
0.7
0.7
0.7
0.7
0.7
0.7
0.7
0.7
0.7
0.7
0.7
0.7
0.7
0.7
0.7
0.7
0.7
0.7
0.7
0.7
0.7
0.7
0.7
0.7
0.7
0.7
0.7
0.7
0.7
0.7
0.7
0.7
0.7
0.7
0.7
0.7
0.7
0.7
0.7
0.7
0.7
0.7
0.7
0.7
0.7
0.7
0.7
0.7
0.7
0.7
0.7
0.7
0.7
0.7
0.7
0.7
0.7
0.7
)
;

boundaryField
{
    inlet
    {
        type            fixedValue;
        value           uniform 0.5;
    }
    outlet
    {
        type            zeroGradient;
    }
    emptyWalls
    {
        type            empty;
    }
}


// ************************************************************************* //
