/*--------------------------------*- C++ -*----------------------------------*\
  =========                 |
  \\      /  F ield         | OpenFOAM: The Open Source CFD Toolbox
   \\    /   O peration     | Website:  https://openfoam.org
    \\  /    A nd           | Version:  9
     \\/     M anipulation  |
\*---------------------------------------------------------------------------*/
FoamFile
{
    format      ascii;
    class       volScalarField;
    location    "9.5";
    object      Fb;
}
// * * * * * * * * * * * * * * * * * * * * * * * * * * * * * * * * * * * * * //

dimensions      [0 0 0 0 0 0 0];

internalField   nonuniform List<scalar> 
1000
(
0.290578
0.290576
0.290574
0.290572
0.290569
0.290565
0.290561
0.290557
0.290552
0.290547
0.290541
0.290535
0.290528
0.290521
0.290514
0.290506
0.290498
0.290489
0.290481
0.290471
0.290462
0.290452
0.290441
0.290431
0.290419
0.290408
0.290396
0.290384
0.290372
0.290359
0.290346
0.290332
0.290319
0.290305
0.29029
0.290276
0.290261
0.290245
0.29023
0.290214
0.290198
0.290181
0.290165
0.290148
0.29013
0.290113
0.290095
0.290077
0.290059
0.29004
0.290021
0.290002
0.289983
0.289963
0.289943
0.289923
0.289902
0.289882
0.289861
0.28984
0.289818
0.289797
0.289775
0.289753
0.28973
0.289708
0.289685
0.289662
0.289639
0.289616
0.289592
0.289568
0.289544
0.28952
0.289495
0.289471
0.289446
0.289421
0.289395
0.28937
0.289344
0.289318
0.289292
0.289266
0.289239
0.289212
0.289186
0.289158
0.289131
0.289104
0.289076
0.289048
0.28902
0.288992
0.288964
0.288935
0.288907
0.288878
0.288849
0.288819
0.28879
0.28876
0.288731
0.288701
0.288671
0.28864
0.28861
0.288579
0.288549
0.288518
0.288487
0.288456
0.288424
0.288393
0.288361
0.288329
0.288297
0.288265
0.288233
0.2882
0.288168
0.288135
0.288102
0.288069
0.288036
0.288003
0.287969
0.287936
0.287902
0.287868
0.287834
0.2878
0.287765
0.287731
0.287696
0.287662
0.287627
0.287592
0.287557
0.287521
0.287486
0.287451
0.287415
0.287379
0.287343
0.287307
0.287271
0.287235
0.287198
0.287162
0.287125
0.287088
0.287051
0.287014
0.286977
0.28694
0.286903
0.286865
0.286827
0.28679
0.286752
0.286714
0.286676
0.286637
0.286599
0.286561
0.286522
0.286483
0.286445
0.286406
0.286367
0.286328
0.286288
0.286249
0.28621
0.28617
0.28613
0.28609
0.286051
0.286011
0.28597
0.28593
0.28589
0.285849
0.285809
0.285768
0.285728
0.285687
0.285646
0.285605
0.285564
0.285522
0.285481
0.28544
0.285398
0.285356
0.285315
0.285273
0.285231
0.285189
0.285147
0.285104
0.285062
0.28502
0.284977
0.284934
0.284892
0.284849
0.284806
0.284763
0.28472
0.284677
0.284633
0.28459
0.284547
0.284503
0.284459
0.284416
0.284372
0.284328
0.284284
0.28424
0.284195
0.284151
0.284107
0.284062
0.284018
0.283973
0.283928
0.283884
0.283839
0.283794
0.283749
0.283704
0.283658
0.283613
0.283568
0.283522
0.283477
0.283431
0.283385
0.283339
0.283293
0.283247
0.283201
0.283155
0.283109
0.283063
0.283016
0.28297
0.282923
0.282877
0.28283
0.282783
0.282736
0.282689
0.282642
0.282595
0.282548
0.282501
0.282453
0.282406
0.282358
0.282311
0.282263
0.282215
0.282167
0.28212
0.282072
0.282023
0.281975
0.281927
0.281879
0.281831
0.281782
0.281734
0.281685
0.281636
0.281588
0.281539
0.28149
0.281441
0.281392
0.281343
0.281294
0.281245
0.281195
0.281146
0.281096
0.281047
0.280997
0.280948
0.280898
0.280848
0.280798
0.280748
0.280698
0.280648
0.280598
0.280548
0.280497
0.280447
0.280397
0.280346
0.280296
0.280245
0.280194
0.280143
0.280093
0.280042
0.279991
0.27994
0.279888
0.279837
0.279786
0.279735
0.279683
0.279632
0.27958
0.279529
0.279477
0.279425
0.279374
0.279322
0.27927
0.279218
0.279166
0.279114
0.279061
0.279009
0.278957
0.278904
0.278852
0.278799
0.278747
0.278694
0.278642
0.278589
0.278536
0.278483
0.27843
0.278377
0.278324
0.278271
0.278218
0.278164
0.278111
0.278058
0.278004
0.277951
0.277897
0.277843
0.27779
0.277736
0.277682
0.277628
0.277574
0.27752
0.277466
0.277412
0.277358
0.277303
0.277249
0.277195
0.27714
0.277086
0.277031
0.276976
0.276922
0.276867
0.276812
0.276757
0.276702
0.276647
0.276592
0.276537
0.276482
0.276427
0.276371
0.276316
0.276261
0.276205
0.27615
0.276094
0.276038
0.275983
0.275927
0.275871
0.275815
0.275759
0.275703
0.275647
0.275591
0.275535
0.275478
0.275422
0.275366
0.275309
0.275253
0.275196
0.27514
0.275083
0.275026
0.274969
0.274913
0.274856
0.274799
0.274742
0.274685
0.274628
0.27457
0.274513
0.274456
0.274399
0.274341
0.274284
0.274226
0.274169
0.274111
0.274053
0.273995
0.273938
0.27388
0.273822
0.273764
0.273706
0.273648
0.27359
0.273531
0.273473
0.273415
0.273356
0.273298
0.27324
0.273181
0.273122
0.273064
0.273005
0.272946
0.272887
0.272829
0.27277
0.272711
0.272652
0.272593
0.272533
0.272474
0.272415
0.272356
0.272296
0.272237
0.272177
0.272118
0.272058
0.271998
0.271939
0.271879
0.271819
0.271759
0.271699
0.271639
0.271579
0.271519
0.271459
0.271399
0.271339
0.271278
0.271218
0.271157
0.271097
0.271036
0.270976
0.270915
0.270854
0.270794
0.270733
0.270672
0.270611
0.27055
0.270489
0.270428
0.270367
0.270306
0.270244
0.270183
0.270122
0.27006
0.269999
0.269937
0.269876
0.269814
0.269752
0.269691
0.269629
0.269567
0.269505
0.269443
0.269381
0.269319
0.269257
0.269195
0.269132
0.26907
0.269008
0.268945
0.268883
0.26882
0.268758
0.268695
0.268632
0.26857
0.268507
0.268444
0.268381
0.268318
0.268255
0.268192
0.268129
0.268066
0.268002
0.267939
0.267876
0.267812
0.267749
0.267685
0.267622
0.267558
0.267495
0.267431
0.267367
0.267303
0.267239
0.267175
0.267111
0.267047
0.266983
0.266919
0.266855
0.26679
0.266726
0.266662
0.266597
0.266533
0.266468
0.266403
0.266339
0.266274
0.266209
0.266144
0.266079
0.266014
0.265949
0.265884
0.265819
0.265754
0.265688
0.265623
0.265558
0.265492
0.265427
0.265361
0.265296
0.26523
0.265164
0.265098
0.265032
0.264967
0.264901
0.264835
0.264768
0.264702
0.264636
0.26457
0.264503
0.264437
0.264371
0.264304
0.264238
0.264171
0.264104
0.264037
0.263971
0.263904
0.263837
0.26377
0.263703
0.263636
0.263568
0.263501
0.263434
0.263366
0.263299
0.263231
0.263164
0.263096
0.263028
0.262961
0.262893
0.262825
0.262757
0.262689
0.262621
0.262553
0.262484
0.262416
0.262348
0.262279
0.262211
0.262142
0.262073
0.262005
0.261936
0.261867
0.261798
0.261729
0.26166
0.261591
0.261522
0.261452
0.261383
0.261314
0.261244
0.261174
0.261105
0.261035
0.260965
0.260895
0.260825
0.260755
0.260685
0.260615
0.260544
0.260474
0.260403
0.260333
0.260262
0.260191
0.26012
0.260049
0.259978
0.259907
0.259836
0.259765
0.259693
0.259622
0.25955
0.259478
0.259407
0.259335
0.259263
0.25919
0.259118
0.259046
0.258973
0.258901
0.258828
0.258755
0.258682
0.258609
0.258536
0.258463
0.258389
0.258316
0.258242
0.258168
0.258094
0.25802
0.257945
0.257871
0.257796
0.257721
0.257646
0.257571
0.257496
0.25742
0.257345
0.257269
0.257193
0.257116
0.25704
0.256963
0.256886
0.256809
0.256732
0.256654
0.256576
0.256498
0.256419
0.256341
0.256261
0.256182
0.256102
0.256022
0.255942
0.255861
0.25578
0.255698
0.255616
0.255534
0.255451
0.255367
0.255283
0.255199
0.255114
0.255028
0.254942
0.254855
0.254767
0.254678
0.254589
0.254499
0.254408
0.254315
0.254222
0.254128
0.254033
0.253936
0.253838
0.253738
0.253637
0.253534
0.253429
0.253322
0.253213
0.253101
0.252987
0.252869
0.252749
0.252625
0.252497
0.252365
0.252228
0.252086
0.251937
0.251782
0.251619
0.251447
0.251265
0.251071
0.250864
0.250642
0.250401
0.250138
0.249849
0.249528
0.249167
0.248759
0.248288
0.247738
0.247082
0.246282
0.245281
0.243981
0.242219
0.239679
0.235687
0.228501
0.212001
0.157715
0.141928
0.14914
0.163337
0.173681
0.176839
0.173124
0.164923
0.156134
0.149977
0.14734
0.147476
0.149272
0.15184
0.15457
0.15703
0.158901
0.159966
0.160141
0.159511
0.158331
0.156954
0.155726
0.154888
0.154533
0.154626
0.155045
0.155635
0.156245
0.156755
0.157085
0.157208
0.157141
0.156935
0.156661
0.156389
0.156176
0.15605
0.156019
0.156067
0.156165
0.156281
0.156387
0.15646
0.156491
0.156481
0.156439
0.156379
0.156317
0.156264
0.15623
0.156216
0.156222
0.156242
0.156269
0.156296
0.156317
0.156329
0.156332
0.156327
0.156316
0.156303
0.156291
0.156282
0.156277
0.156276
0.156279
0.156284
0.156289
0.156294
0.156297
0.156298
0.156296
0.156294
0.15629
0.156287
0.156284
0.156281
0.15628
0.156279
0.156279
0.156279
0.156279
0.156279
0.156278
0.156278
0.156276
0.156275
0.156274
0.156273
0.156272
0.156271
0.156271
0.156271
0.156271
0.156271
0.156271
0.156272
0.156272
0.156273
0.156273
0.156274
0.156275
0.156276
0.156278
0.156279
0.156281
0.156282
0.156284
0.156286
0.156288
0.15629
0.156292
0.156293
0.156295
0.156296
0.156297
0.156298
0.156298
0.156298
0.156298
0.156297
0.156296
0.156294
0.156292
0.15629
0.156287
0.156284
0.156281
0.156278
0.156274
0.156271
0.156267
0.156264
0.15626
0.156257
0.156254
0.156251
0.156248
0.156245
0.156242
0.15624
0.156238
0.156236
0.156234
0.156232
0.15623
0.156229
0.156227
0.156226
0.156225
0.156224
0.156223
0.156222
0.156221
0.15622
0.15622
0.156219
0.156218
0.156218
0.156217
0.156217
0.156217
0.156216
0.156216
0.156216
0.156216
0.156216
0.156216
0.156216
0.156217
0.156217
0.156217
0.156218
0.156218
0.156219
0.156219
0.15622
0.156221
0.156222
0.156222
0.156223
0.156224
0.156225
0.156225
0.156226
0.156227
0.156227
0.156228
0.156228
0.156228
0.156228
0.156228
0.156227
0.156227
0.156226
0.156225
0.156224
0.156223
0.156221
0.15622
0.156218
0.156216
0.156214
0.156212
0.15621
0.156208
0.156206
0.156204
0.156201
0.156199
0.156197
0.156195
0.156193
0.156191
0.156189
0.156187
0.156185
0.156183
0.156182
0.15618
0.156179
0.156177
0.156176
0.156175
0.156174
0.156173
0.156173
0.156172
0.156172
0.156171
0.156171
0.156171
0.15617
0.15617
0.15617
0.15617
0.156171
0.156171
0.156171
0.156171
0.156171
)
;

boundaryField
{
    inlet
    {
        type            calculated;
        value           uniform 0.290579;
    }
    outlet
    {
        type            calculated;
        value           uniform 0.156171;
    }
    emptyWalls
    {
        type            empty;
    }
}


// ************************************************************************* //
