/*--------------------------------*- C++ -*----------------------------------*\
  =========                 |
  \\      /  F ield         | OpenFOAM: The Open Source CFD Toolbox
   \\    /   O peration     | Website:  https://openfoam.org
    \\  /    A nd           | Version:  9
     \\/     M anipulation  |
\*---------------------------------------------------------------------------*/
FoamFile
{
    format      ascii;
    class       volScalarField;
    location    "10.9";
    object      Fcsw;
}
// * * * * * * * * * * * * * * * * * * * * * * * * * * * * * * * * * * * * * //

dimensions      [0 0 0 0 0 0 0];

internalField   nonuniform List<scalar> 
1000
(
2.38232e-05
3.82891e-05
5.15724e-05
6.42416e-05
7.64962e-05
8.84323e-05
0.000100105
0.000111549
0.000122789
0.000133842
0.000144721
0.000155438
0.000166001
0.000176417
0.000186692
0.000196833
0.000206843
0.000216727
0.000226489
0.000236132
0.00024566
0.000255076
0.000264383
0.000273582
0.000282678
0.000291671
0.000300565
0.000309361
0.000318062
0.000326669
0.000335185
0.000343611
0.000351949
0.0003602
0.000368367
0.000376451
0.000384453
0.000392375
0.000400218
0.000407983
0.000415673
0.000423288
0.000430829
0.000438298
0.000445696
0.000453024
0.000460284
0.000467476
0.000474601
0.000481661
0.000488657
0.000495589
0.000502459
0.000509267
0.000516015
0.000522703
0.000529333
0.000535904
0.000542419
0.000548878
0.000555281
0.00056163
0.000567925
0.000574167
0.000580358
0.000586496
0.000592584
0.000598622
0.000604611
0.000610551
0.000616444
0.000622289
0.000628087
0.00063384
0.000639547
0.00064521
0.000650828
0.000656403
0.000661935
0.000667424
0.000672872
0.000678278
0.000683644
0.00068897
0.000694255
0.000699502
0.00070471
0.000709879
0.000715011
0.000720106
0.000725164
0.000730186
0.000735171
0.000740122
0.000745037
0.000749918
0.000754765
0.000759578
0.000764357
0.000769104
0.000773818
0.0007785
0.000783151
0.00078777
0.000792358
0.000796915
0.000801443
0.00080594
0.000810407
0.000814846
0.000819255
0.000823636
0.000827989
0.000832314
0.000836611
0.000840881
0.000845124
0.00084934
0.00085353
0.000857694
0.000861832
0.000865945
0.000870032
0.000874094
0.000878132
0.000882145
0.000886135
0.0008901
0.000894041
0.00089796
0.000901855
0.000905727
0.000909577
0.000913404
0.000917209
0.000920992
0.000924753
0.000928493
0.000932212
0.00093591
0.000939587
0.000943243
0.000946879
0.000950495
0.00095409
0.000957666
0.000961223
0.00096476
0.000968278
0.000971777
0.000975257
0.000978718
0.000982161
0.000985586
0.000988993
0.000992382
0.000995753
0.000999107
0.00100244
0.00100576
0.00100906
0.00101235
0.00101562
0.00101887
0.00102211
0.00102533
0.00102853
0.00103172
0.00103489
0.00103804
0.00104119
0.00104431
0.00104742
0.00105052
0.0010536
0.00105666
0.00105971
0.00106275
0.00106577
0.00106878
0.00107177
0.00107475
0.00107772
0.00108067
0.00108361
0.00108653
0.00108945
0.00109234
0.00109523
0.0010981
0.00110096
0.00110381
0.00110664
0.00110947
0.00111227
0.00111507
0.00111786
0.00112063
0.00112339
0.00112614
0.00112888
0.0011316
0.00113432
0.00113702
0.00113971
0.00114239
0.00114506
0.00114771
0.00115036
0.001153
0.00115562
0.00115824
0.00116084
0.00116343
0.00116602
0.00116859
0.00117115
0.0011737
0.00117624
0.00117877
0.0011813
0.00118381
0.00118631
0.0011888
0.00119129
0.00119376
0.00119622
0.00119868
0.00120112
0.00120356
0.00120599
0.0012084
0.00121081
0.00121321
0.0012156
0.00121799
0.00122036
0.00122273
0.00122508
0.00122743
0.00122977
0.0012321
0.00123442
0.00123674
0.00123905
0.00124134
0.00124363
0.00124592
0.00124819
0.00125046
0.00125272
0.00125497
0.00125721
0.00125945
0.00126168
0.0012639
0.00126611
0.00126832
0.00127052
0.00127271
0.00127489
0.00127707
0.00127924
0.0012814
0.00128356
0.00128571
0.00128785
0.00128999
0.00129212
0.00129424
0.00129635
0.00129846
0.00130057
0.00130266
0.00130475
0.00130683
0.00130891
0.00131098
0.00131305
0.0013151
0.00131716
0.0013192
0.00132124
0.00132327
0.0013253
0.00132732
0.00132934
0.00133135
0.00133335
0.00133535
0.00133734
0.00133933
0.00134131
0.00134329
0.00134526
0.00134722
0.00134918
0.00135114
0.00135308
0.00135503
0.00135697
0.0013589
0.00136083
0.00136275
0.00136466
0.00136658
0.00136848
0.00137038
0.00137228
0.00137417
0.00137606
0.00137794
0.00137982
0.00138169
0.00138356
0.00138542
0.00138728
0.00138913
0.00139098
0.00139282
0.00139466
0.0013965
0.00139833
0.00140015
0.00140198
0.00140379
0.00140561
0.00140741
0.00140922
0.00141102
0.00141281
0.0014146
0.00141639
0.00141817
0.00141995
0.00142173
0.0014235
0.00142526
0.00142703
0.00142879
0.00143054
0.00143229
0.00143404
0.00143578
0.00143752
0.00143925
0.00144099
0.00144271
0.00144444
0.00144616
0.00144787
0.00144959
0.0014513
0.001453
0.0014547
0.0014564
0.0014581
0.00145979
0.00146148
0.00146316
0.00146484
0.00146652
0.00146819
0.00146987
0.00147153
0.0014732
0.00147486
0.00147652
0.00147817
0.00147982
0.00148147
0.00148312
0.00148476
0.0014864
0.00148803
0.00148967
0.00149129
0.00149292
0.00149455
0.00149617
0.00149778
0.0014994
0.00150101
0.00150262
0.00150423
0.00150583
0.00150743
0.00150903
0.00151062
0.00151221
0.0015138
0.00151539
0.00151697
0.00151856
0.00152013
0.00152171
0.00152328
0.00152485
0.00152642
0.00152799
0.00152955
0.00153111
0.00153267
0.00153423
0.00153578
0.00153733
0.00153888
0.00154042
0.00154197
0.00154351
0.00154505
0.00154658
0.00154812
0.00154965
0.00155118
0.00155271
0.00155423
0.00155576
0.00155728
0.00155879
0.00156031
0.00156183
0.00156334
0.00156485
0.00156636
0.00156786
0.00156936
0.00157087
0.00157237
0.00157386
0.00157536
0.00157685
0.00157834
0.00157983
0.00158132
0.00158281
0.00158429
0.00158577
0.00158725
0.00158873
0.00159021
0.00159168
0.00159316
0.00159463
0.0015961
0.00159757
0.00159903
0.0016005
0.00160196
0.00160342
0.00160488
0.00160634
0.00160779
0.00160925
0.0016107
0.00161215
0.0016136
0.00161505
0.00161649
0.00161794
0.00161938
0.00162082
0.00162226
0.0016237
0.00162514
0.00162657
0.00162801
0.00162944
0.00163087
0.0016323
0.00163373
0.00163516
0.00163658
0.00163801
0.00163943
0.00164085
0.00164228
0.00164369
0.00164511
0.00164653
0.00164795
0.00164936
0.00165077
0.00165219
0.0016536
0.00165501
0.00165641
0.00165782
0.00165923
0.00166063
0.00166204
0.00166344
0.00166484
0.00166624
0.00166764
0.00166904
0.00167044
0.00167184
0.00167323
0.00167463
0.00167602
0.00167741
0.00167881
0.0016802
0.00168159
0.00168298
0.00168437
0.00168575
0.00168714
0.00168853
0.00168991
0.00169129
0.00169268
0.00169406
0.00169544
0.00169682
0.0016982
0.00169958
0.00170096
0.00170234
0.00170372
0.0017051
0.00170647
0.00170785
0.00170922
0.0017106
0.00171197
0.00171334
0.00171472
0.00171609
0.00171746
0.00171883
0.0017202
0.00172157
0.00172294
0.00172431
0.00172568
0.00172705
0.00172841
0.00172978
0.00173115
0.00173252
0.00173388
0.00173525
0.00173661
0.00173798
0.00173934
0.00174071
0.00174207
0.00174344
0.0017448
0.00174616
0.00174753
0.00174889
0.00175025
0.00175162
0.00175298
0.00175434
0.0017557
0.00175707
0.00175843
0.00175979
0.00176115
0.00176251
0.00176388
0.00176524
0.0017666
0.00176796
0.00176932
0.00177069
0.00177205
0.00177341
0.00177477
0.00177614
0.0017775
0.00177886
0.00178023
0.00178159
0.00178295
0.00178432
0.00178568
0.00178704
0.00178841
0.00178977
0.00179114
0.00179251
0.00179387
0.00179524
0.00179661
0.00179797
0.00179934
0.00180071
0.00180208
0.00180345
0.00180482
0.00180619
0.00180756
0.00180893
0.0018103
0.00181168
0.00181305
0.00181443
0.0018158
0.00181718
0.00181856
0.00181993
0.00182131
0.00182269
0.00182407
0.00182545
0.00182684
0.00182822
0.00182961
0.00183099
0.00183238
0.00183377
0.00183516
0.00183655
0.00183794
0.00183933
0.00184072
0.00184212
0.00184352
0.00184491
0.00184631
0.00184771
0.00184912
0.00185052
0.00185193
0.00185333
0.00185474
0.00185615
0.00185757
0.00185898
0.0018604
0.00186181
0.00186323
0.00186465
0.00186608
0.0018675
0.00186893
0.00187036
0.00187179
0.00187323
0.00187466
0.0018761
0.00187754
0.00187899
0.00188043
0.00188188
0.00188334
0.00188479
0.00188625
0.00188771
0.00188917
0.00189064
0.0018921
0.00189358
0.00189505
0.00189653
0.00189801
0.0018995
0.00190098
0.00190248
0.00190397
0.00190547
0.00190697
0.00190848
0.00190999
0.00191151
0.00191303
0.00191455
0.00191608
0.00191761
0.00191915
0.00192069
0.00192224
0.00192379
0.00192534
0.0019269
0.00192847
0.00193004
0.00193162
0.00193321
0.00193479
0.00193639
0.00193799
0.0019396
0.00194121
0.00194283
0.00194446
0.00194609
0.00194774
0.00194938
0.00195104
0.0019527
0.00195438
0.00195606
0.00195774
0.00195944
0.00196114
0.00196286
0.00196458
0.00196631
0.00196806
0.00196981
0.00197157
0.00197334
0.00197513
0.00197692
0.00197873
0.00198054
0.00198237
0.00198422
0.00198607
0.00198794
0.00198982
0.00199171
0.00199362
0.00199555
0.00199749
0.00199944
0.00200141
0.0020034
0.0020054
0.00200742
0.00200946
0.00201152
0.0020136
0.0020157
0.00201781
0.00201995
0.00202211
0.0020243
0.0020265
0.00202873
0.00203099
0.00203327
0.00203557
0.00203791
0.00204027
0.00204266
0.00204509
0.00204754
0.00205003
0.00205254
0.0020551
0.00205769
0.00206032
0.00206298
0.00206569
0.00206844
0.00207123
0.00207407
0.00207695
0.00207988
0.00208287
0.0020859
0.00208899
0.00209214
0.00209534
0.00209861
0.00210194
0.00210533
0.0021088
0.00211233
0.00211595
0.00211964
0.00212341
0.00212727
0.00213122
0.00213526
0.0021394
0.00214364
0.00214798
0.00215244
0.00215702
0.00216172
0.00216654
0.0021715
0.00217661
0.00218186
0.00218726
0.00219283
0.00219857
0.0022045
0.00221061
0.00221693
0.00222345
0.0022302
0.00223718
0.00224442
0.00225191
0.00225968
0.00226775
0.00227613
0.00228483
0.00229389
0.00230331
0.00231313
0.00232336
0.00233404
0.0023452
0.00235685
0.00236905
0.00238182
0.0023952
0.00240923
0.00242397
0.00243946
0.00245575
0.00247291
0.002491
0.00251009
0.00253026
0.0025516
0.00257419
0.00259814
0.00262357
0.0026506
0.00267936
0.00271002
0.00274275
0.00277772
0.00281516
0.0028553
0.00289841
0.00294479
0.00299476
0.00304872
0.00310708
0.00317035
0.00323907
0.00331389
0.00339553
0.00348483
0.00358278
0.00369051
0.00380933
0.00394081
0.00408677
0.00424938
0.00443123
0.00463542
0.00486571
0.00512666
0.00542388
0.00576431
0.00615661
0.00661172
0.00714361
0.00777033
0.00851555
0.00941075
0.0104986
0.0118379
0.0135117
0.0156405
0.0184037
0.0220786
0.0271115
0.0342579
0.0448776
0.061628
0.0902802
0.145313
0.271984
0.672967
2.01585
-0.535811
-0.865566
-0.0727928
0.561801
0.573606
0.301609
0.0770458
-0.0398451
-0.0908116
-0.110798
-0.114235
-0.104867
-0.0834115
-0.0513909
-0.0130726
0.0241405
0.0515342
0.0628003
0.0572063
0.0395709
0.017224
-0.003373
-0.0182959
-0.02612
-0.0271694
-0.0227969
-0.0149075
-0.00563187
0.00298496
0.00932243
0.012479
0.0123972
0.00975191
0.00564916
0.00126866
-0.00242292
-0.00482612
-0.00573714
-0.00529042
-0.00385631
-0.00192272
1.97223e-05
0.00157348
0.00249704
0.00272615
0.0023537
0.00157907
0.000644142
-0.000226262
-0.000867148
-0.00119403
-0.00120269
-0.00095318
-0.000544613
-8.76587e-05
0.000319751
0.000609359
0.000750221
0.000747228
0.000632571
0.00045335
0.000258714
8.934e-05
-2.90539e-05
-8.77065e-05
-9.2873e-05
-6.11935e-05
-1.38774e-05
2.88637e-05
5.20445e-05
4.81945e-05
1.76152e-05
-3.30469e-05
-9.3289e-05
-0.000151579
-0.00019788
-0.000225409
-0.000231437
-0.000217151
-0.000186784
-0.000146335
-0.000102203
-6.00171e-05
-2.38445e-05
4.14087e-06
2.35701e-05
3.54737e-05
4.17075e-05
4.43601e-05
4.5263e-05
4.56787e-05
4.61876e-05
4.67531e-05
4.69088e-05
4.60023e-05
4.34301e-05
3.88159e-05
3.21047e-05
2.35696e-05
1.37468e-05
3.32594e-06
-6.97378e-06
-1.65131e-05
-2.48094e-05
-3.15717e-05
-3.66945e-05
-4.02218e-05
-4.22927e-05
-4.30848e-05
-4.27658e-05
-4.14621e-05
-3.92469e-05
-3.61455e-05
-3.21526e-05
-2.72564e-05
-2.14611e-05
-1.48042e-05
-7.36539e-06
7.34137e-07
9.33973e-06
1.82767e-05
2.73653e-05
3.64352e-05
4.53361e-05
5.39439e-05
6.21629e-05
6.99236e-05
7.71778e-05
8.38928e-05
9.00457e-05
9.56183e-05
)
;

boundaryField
{
    inlet
    {
        type            calculated;
        value           uniform 2.38232e-05;
    }
    outlet
    {
        type            calculated;
        value           uniform 9.56183e-05;
    }
    emptyWalls
    {
        type            empty;
    }
}


// ************************************************************************* //
