/*--------------------------------*- C++ -*----------------------------------*\
  =========                 |
  \\      /  F ield         | OpenFOAM: The Open Source CFD Toolbox
   \\    /   O peration     | Website:  https://openfoam.org
    \\  /    A nd           | Version:  9
     \\/     M anipulation  |
\*---------------------------------------------------------------------------*/
FoamFile
{
    format      ascii;
    class       volVectorField;
    location    "10.1";
    object      Ub;
}
// * * * * * * * * * * * * * * * * * * * * * * * * * * * * * * * * * * * * * //

dimensions      [0 0 0 0 0 0 0];

internalField   nonuniform List<vector> 
1000
(
(0.290578 0 0)
(0.290577 0 0)
(0.290576 0 0)
(0.290574 0 0)
(0.290571 0 0)
(0.290568 0 0)
(0.290565 0 0)
(0.290561 0 0)
(0.290557 0 0)
(0.290553 0 0)
(0.290548 0 0)
(0.290542 0 0)
(0.290537 0 0)
(0.290531 0 0)
(0.290524 0 0)
(0.290518 0 0)
(0.29051 0 0)
(0.290503 0 0)
(0.290495 0 0)
(0.290487 0 0)
(0.290479 0 0)
(0.29047 0 0)
(0.290461 0 0)
(0.290451 0 0)
(0.290441 0 0)
(0.290431 0 0)
(0.290421 0 0)
(0.29041 0 0)
(0.290399 0 0)
(0.290388 0 0)
(0.290376 0 0)
(0.290365 0 0)
(0.290352 0 0)
(0.29034 0 0)
(0.290327 0 0)
(0.290314 0 0)
(0.290301 0 0)
(0.290287 0 0)
(0.290273 0 0)
(0.290259 0 0)
(0.290245 0 0)
(0.29023 0 0)
(0.290215 0 0)
(0.2902 0 0)
(0.290185 0 0)
(0.290169 0 0)
(0.290153 0 0)
(0.290137 0 0)
(0.290121 0 0)
(0.290104 0 0)
(0.290087 0 0)
(0.29007 0 0)
(0.290052 0 0)
(0.290035 0 0)
(0.290017 0 0)
(0.289999 0 0)
(0.289981 0 0)
(0.289962 0 0)
(0.289943 0 0)
(0.289924 0 0)
(0.289905 0 0)
(0.289886 0 0)
(0.289866 0 0)
(0.289846 0 0)
(0.289826 0 0)
(0.289806 0 0)
(0.289786 0 0)
(0.289765 0 0)
(0.289744 0 0)
(0.289723 0 0)
(0.289702 0 0)
(0.28968 0 0)
(0.289659 0 0)
(0.289637 0 0)
(0.289615 0 0)
(0.289592 0 0)
(0.28957 0 0)
(0.289547 0 0)
(0.289524 0 0)
(0.289501 0 0)
(0.289478 0 0)
(0.289455 0 0)
(0.289431 0 0)
(0.289408 0 0)
(0.289384 0 0)
(0.28936 0 0)
(0.289335 0 0)
(0.289311 0 0)
(0.289286 0 0)
(0.289261 0 0)
(0.289236 0 0)
(0.289211 0 0)
(0.289186 0 0)
(0.28916 0 0)
(0.289135 0 0)
(0.289109 0 0)
(0.289083 0 0)
(0.289057 0 0)
(0.289031 0 0)
(0.289004 0 0)
(0.288978 0 0)
(0.288951 0 0)
(0.288924 0 0)
(0.288897 0 0)
(0.28887 0 0)
(0.288842 0 0)
(0.288815 0 0)
(0.288787 0 0)
(0.288759 0 0)
(0.288731 0 0)
(0.288703 0 0)
(0.288675 0 0)
(0.288646 0 0)
(0.288618 0 0)
(0.288589 0 0)
(0.28856 0 0)
(0.288531 0 0)
(0.288502 0 0)
(0.288472 0 0)
(0.288443 0 0)
(0.288413 0 0)
(0.288384 0 0)
(0.288354 0 0)
(0.288324 0 0)
(0.288294 0 0)
(0.288264 0 0)
(0.288233 0 0)
(0.288203 0 0)
(0.288172 0 0)
(0.288141 0 0)
(0.28811 0 0)
(0.288079 0 0)
(0.288048 0 0)
(0.288017 0 0)
(0.287985 0 0)
(0.287954 0 0)
(0.287922 0 0)
(0.28789 0 0)
(0.287858 0 0)
(0.287826 0 0)
(0.287794 0 0)
(0.287762 0 0)
(0.287729 0 0)
(0.287697 0 0)
(0.287664 0 0)
(0.287631 0 0)
(0.287598 0 0)
(0.287565 0 0)
(0.287532 0 0)
(0.287499 0 0)
(0.287465 0 0)
(0.287432 0 0)
(0.287398 0 0)
(0.287365 0 0)
(0.287331 0 0)
(0.287297 0 0)
(0.287263 0 0)
(0.287229 0 0)
(0.287194 0 0)
(0.28716 0 0)
(0.287125 0 0)
(0.287091 0 0)
(0.287056 0 0)
(0.287021 0 0)
(0.286986 0 0)
(0.286951 0 0)
(0.286916 0 0)
(0.286881 0 0)
(0.286845 0 0)
(0.28681 0 0)
(0.286774 0 0)
(0.286739 0 0)
(0.286703 0 0)
(0.286667 0 0)
(0.286631 0 0)
(0.286595 0 0)
(0.286559 0 0)
(0.286522 0 0)
(0.286486 0 0)
(0.286449 0 0)
(0.286413 0 0)
(0.286376 0 0)
(0.286339 0 0)
(0.286302 0 0)
(0.286265 0 0)
(0.286228 0 0)
(0.286191 0 0)
(0.286154 0 0)
(0.286116 0 0)
(0.286079 0 0)
(0.286041 0 0)
(0.286004 0 0)
(0.285966 0 0)
(0.285928 0 0)
(0.28589 0 0)
(0.285852 0 0)
(0.285814 0 0)
(0.285776 0 0)
(0.285737 0 0)
(0.285699 0 0)
(0.285661 0 0)
(0.285622 0 0)
(0.285583 0 0)
(0.285544 0 0)
(0.285506 0 0)
(0.285467 0 0)
(0.285428 0 0)
(0.285388 0 0)
(0.285349 0 0)
(0.28531 0 0)
(0.285271 0 0)
(0.285231 0 0)
(0.285191 0 0)
(0.285152 0 0)
(0.285112 0 0)
(0.285072 0 0)
(0.285032 0 0)
(0.284992 0 0)
(0.284952 0 0)
(0.284912 0 0)
(0.284872 0 0)
(0.284831 0 0)
(0.284791 0 0)
(0.284751 0 0)
(0.28471 0 0)
(0.284669 0 0)
(0.284629 0 0)
(0.284588 0 0)
(0.284547 0 0)
(0.284506 0 0)
(0.284465 0 0)
(0.284424 0 0)
(0.284382 0 0)
(0.284341 0 0)
(0.2843 0 0)
(0.284258 0 0)
(0.284217 0 0)
(0.284175 0 0)
(0.284133 0 0)
(0.284091 0 0)
(0.28405 0 0)
(0.284008 0 0)
(0.283966 0 0)
(0.283924 0 0)
(0.283881 0 0)
(0.283839 0 0)
(0.283797 0 0)
(0.283754 0 0)
(0.283712 0 0)
(0.283669 0 0)
(0.283627 0 0)
(0.283584 0 0)
(0.283541 0 0)
(0.283498 0 0)
(0.283455 0 0)
(0.283412 0 0)
(0.283369 0 0)
(0.283326 0 0)
(0.283283 0 0)
(0.28324 0 0)
(0.283196 0 0)
(0.283153 0 0)
(0.283109 0 0)
(0.283066 0 0)
(0.283022 0 0)
(0.282978 0 0)
(0.282935 0 0)
(0.282891 0 0)
(0.282847 0 0)
(0.282803 0 0)
(0.282759 0 0)
(0.282715 0 0)
(0.28267 0 0)
(0.282626 0 0)
(0.282582 0 0)
(0.282537 0 0)
(0.282493 0 0)
(0.282448 0 0)
(0.282403 0 0)
(0.282359 0 0)
(0.282314 0 0)
(0.282269 0 0)
(0.282224 0 0)
(0.282179 0 0)
(0.282134 0 0)
(0.282089 0 0)
(0.282044 0 0)
(0.281999 0 0)
(0.281953 0 0)
(0.281908 0 0)
(0.281862 0 0)
(0.281817 0 0)
(0.281771 0 0)
(0.281726 0 0)
(0.28168 0 0)
(0.281634 0 0)
(0.281588 0 0)
(0.281542 0 0)
(0.281497 0 0)
(0.28145 0 0)
(0.281404 0 0)
(0.281358 0 0)
(0.281312 0 0)
(0.281266 0 0)
(0.281219 0 0)
(0.281173 0 0)
(0.281126 0 0)
(0.28108 0 0)
(0.281033 0 0)
(0.280987 0 0)
(0.28094 0 0)
(0.280893 0 0)
(0.280846 0 0)
(0.280799 0 0)
(0.280752 0 0)
(0.280705 0 0)
(0.280658 0 0)
(0.280611 0 0)
(0.280564 0 0)
(0.280516 0 0)
(0.280469 0 0)
(0.280421 0 0)
(0.280374 0 0)
(0.280326 0 0)
(0.280279 0 0)
(0.280231 0 0)
(0.280183 0 0)
(0.280136 0 0)
(0.280088 0 0)
(0.28004 0 0)
(0.279992 0 0)
(0.279944 0 0)
(0.279896 0 0)
(0.279848 0 0)
(0.279799 0 0)
(0.279751 0 0)
(0.279703 0 0)
(0.279654 0 0)
(0.279606 0 0)
(0.279557 0 0)
(0.279509 0 0)
(0.27946 0 0)
(0.279411 0 0)
(0.279363 0 0)
(0.279314 0 0)
(0.279265 0 0)
(0.279216 0 0)
(0.279167 0 0)
(0.279118 0 0)
(0.279069 0 0)
(0.27902 0 0)
(0.278971 0 0)
(0.278921 0 0)
(0.278872 0 0)
(0.278823 0 0)
(0.278773 0 0)
(0.278724 0 0)
(0.278674 0 0)
(0.278625 0 0)
(0.278575 0 0)
(0.278525 0 0)
(0.278475 0 0)
(0.278426 0 0)
(0.278376 0 0)
(0.278326 0 0)
(0.278276 0 0)
(0.278226 0 0)
(0.278176 0 0)
(0.278125 0 0)
(0.278075 0 0)
(0.278025 0 0)
(0.277975 0 0)
(0.277924 0 0)
(0.277874 0 0)
(0.277823 0 0)
(0.277773 0 0)
(0.277722 0 0)
(0.277671 0 0)
(0.277621 0 0)
(0.27757 0 0)
(0.277519 0 0)
(0.277468 0 0)
(0.277417 0 0)
(0.277366 0 0)
(0.277315 0 0)
(0.277264 0 0)
(0.277213 0 0)
(0.277162 0 0)
(0.27711 0 0)
(0.277059 0 0)
(0.277008 0 0)
(0.276956 0 0)
(0.276905 0 0)
(0.276853 0 0)
(0.276802 0 0)
(0.27675 0 0)
(0.276698 0 0)
(0.276647 0 0)
(0.276595 0 0)
(0.276543 0 0)
(0.276491 0 0)
(0.276439 0 0)
(0.276387 0 0)
(0.276335 0 0)
(0.276283 0 0)
(0.276231 0 0)
(0.276178 0 0)
(0.276126 0 0)
(0.276074 0 0)
(0.276021 0 0)
(0.275969 0 0)
(0.275916 0 0)
(0.275864 0 0)
(0.275811 0 0)
(0.275759 0 0)
(0.275706 0 0)
(0.275653 0 0)
(0.2756 0 0)
(0.275548 0 0)
(0.275495 0 0)
(0.275442 0 0)
(0.275389 0 0)
(0.275336 0 0)
(0.275283 0 0)
(0.275229 0 0)
(0.275176 0 0)
(0.275123 0 0)
(0.27507 0 0)
(0.275016 0 0)
(0.274963 0 0)
(0.274909 0 0)
(0.274856 0 0)
(0.274802 0 0)
(0.274749 0 0)
(0.274695 0 0)
(0.274641 0 0)
(0.274588 0 0)
(0.274534 0 0)
(0.27448 0 0)
(0.274426 0 0)
(0.274372 0 0)
(0.274318 0 0)
(0.274264 0 0)
(0.27421 0 0)
(0.274156 0 0)
(0.274101 0 0)
(0.274047 0 0)
(0.273993 0 0)
(0.273938 0 0)
(0.273884 0 0)
(0.273829 0 0)
(0.273775 0 0)
(0.27372 0 0)
(0.273666 0 0)
(0.273611 0 0)
(0.273556 0 0)
(0.273502 0 0)
(0.273447 0 0)
(0.273392 0 0)
(0.273337 0 0)
(0.273282 0 0)
(0.273227 0 0)
(0.273172 0 0)
(0.273117 0 0)
(0.273062 0 0)
(0.273006 0 0)
(0.272951 0 0)
(0.272896 0 0)
(0.27284 0 0)
(0.272785 0 0)
(0.272729 0 0)
(0.272674 0 0)
(0.272618 0 0)
(0.272563 0 0)
(0.272507 0 0)
(0.272451 0 0)
(0.272396 0 0)
(0.27234 0 0)
(0.272284 0 0)
(0.272228 0 0)
(0.272172 0 0)
(0.272116 0 0)
(0.27206 0 0)
(0.272004 0 0)
(0.271948 0 0)
(0.271892 0 0)
(0.271835 0 0)
(0.271779 0 0)
(0.271723 0 0)
(0.271666 0 0)
(0.27161 0 0)
(0.271553 0 0)
(0.271497 0 0)
(0.27144 0 0)
(0.271384 0 0)
(0.271327 0 0)
(0.27127 0 0)
(0.271213 0 0)
(0.271156 0 0)
(0.2711 0 0)
(0.271043 0 0)
(0.270986 0 0)
(0.270929 0 0)
(0.270872 0 0)
(0.270814 0 0)
(0.270757 0 0)
(0.2707 0 0)
(0.270643 0 0)
(0.270585 0 0)
(0.270528 0 0)
(0.270471 0 0)
(0.270413 0 0)
(0.270356 0 0)
(0.270298 0 0)
(0.270241 0 0)
(0.270183 0 0)
(0.270125 0 0)
(0.270067 0 0)
(0.27001 0 0)
(0.269952 0 0)
(0.269894 0 0)
(0.269836 0 0)
(0.269778 0 0)
(0.26972 0 0)
(0.269662 0 0)
(0.269604 0 0)
(0.269545 0 0)
(0.269487 0 0)
(0.269429 0 0)
(0.269371 0 0)
(0.269312 0 0)
(0.269254 0 0)
(0.269195 0 0)
(0.269137 0 0)
(0.269078 0 0)
(0.26902 0 0)
(0.268961 0 0)
(0.268902 0 0)
(0.268843 0 0)
(0.268785 0 0)
(0.268726 0 0)
(0.268667 0 0)
(0.268608 0 0)
(0.268549 0 0)
(0.26849 0 0)
(0.268431 0 0)
(0.268371 0 0)
(0.268312 0 0)
(0.268253 0 0)
(0.268194 0 0)
(0.268134 0 0)
(0.268075 0 0)
(0.268015 0 0)
(0.267956 0 0)
(0.267896 0 0)
(0.267837 0 0)
(0.267777 0 0)
(0.267717 0 0)
(0.267658 0 0)
(0.267598 0 0)
(0.267538 0 0)
(0.267478 0 0)
(0.267418 0 0)
(0.267358 0 0)
(0.267298 0 0)
(0.267238 0 0)
(0.267178 0 0)
(0.267118 0 0)
(0.267057 0 0)
(0.266997 0 0)
(0.266937 0 0)
(0.266876 0 0)
(0.266816 0 0)
(0.266756 0 0)
(0.266695 0 0)
(0.266634 0 0)
(0.266574 0 0)
(0.266513 0 0)
(0.266452 0 0)
(0.266392 0 0)
(0.266331 0 0)
(0.26627 0 0)
(0.266209 0 0)
(0.266148 0 0)
(0.266087 0 0)
(0.266026 0 0)
(0.265965 0 0)
(0.265903 0 0)
(0.265842 0 0)
(0.265781 0 0)
(0.26572 0 0)
(0.265658 0 0)
(0.265597 0 0)
(0.265535 0 0)
(0.265474 0 0)
(0.265412 0 0)
(0.265351 0 0)
(0.265289 0 0)
(0.265227 0 0)
(0.265165 0 0)
(0.265103 0 0)
(0.265042 0 0)
(0.26498 0 0)
(0.264918 0 0)
(0.264856 0 0)
(0.264793 0 0)
(0.264731 0 0)
(0.264669 0 0)
(0.264607 0 0)
(0.264544 0 0)
(0.264482 0 0)
(0.26442 0 0)
(0.264357 0 0)
(0.264295 0 0)
(0.264232 0 0)
(0.264169 0 0)
(0.264107 0 0)
(0.264044 0 0)
(0.263981 0 0)
(0.263918 0 0)
(0.263855 0 0)
(0.263792 0 0)
(0.263729 0 0)
(0.263666 0 0)
(0.263603 0 0)
(0.26354 0 0)
(0.263477 0 0)
(0.263414 0 0)
(0.26335 0 0)
(0.263287 0 0)
(0.263223 0 0)
(0.26316 0 0)
(0.263096 0 0)
(0.263033 0 0)
(0.262969 0 0)
(0.262905 0 0)
(0.262841 0 0)
(0.262778 0 0)
(0.262714 0 0)
(0.26265 0 0)
(0.262586 0 0)
(0.262522 0 0)
(0.262457 0 0)
(0.262393 0 0)
(0.262329 0 0)
(0.262265 0 0)
(0.2622 0 0)
(0.262136 0 0)
(0.262071 0 0)
(0.262007 0 0)
(0.261942 0 0)
(0.261877 0 0)
(0.261813 0 0)
(0.261748 0 0)
(0.261683 0 0)
(0.261618 0 0)
(0.261553 0 0)
(0.261488 0 0)
(0.261423 0 0)
(0.261357 0 0)
(0.261292 0 0)
(0.261227 0 0)
(0.261161 0 0)
(0.261096 0 0)
(0.26103 0 0)
(0.260965 0 0)
(0.260899 0 0)
(0.260833 0 0)
(0.260768 0 0)
(0.260702 0 0)
(0.260636 0 0)
(0.26057 0 0)
(0.260504 0 0)
(0.260437 0 0)
(0.260371 0 0)
(0.260305 0 0)
(0.260238 0 0)
(0.260172 0 0)
(0.260105 0 0)
(0.260039 0 0)
(0.259972 0 0)
(0.259905 0 0)
(0.259838 0 0)
(0.259771 0 0)
(0.259704 0 0)
(0.259637 0 0)
(0.25957 0 0)
(0.259503 0 0)
(0.259435 0 0)
(0.259368 0 0)
(0.2593 0 0)
(0.259232 0 0)
(0.259165 0 0)
(0.259097 0 0)
(0.259029 0 0)
(0.258961 0 0)
(0.258893 0 0)
(0.258824 0 0)
(0.258756 0 0)
(0.258688 0 0)
(0.258619 0 0)
(0.25855 0 0)
(0.258481 0 0)
(0.258413 0 0)
(0.258344 0 0)
(0.258274 0 0)
(0.258205 0 0)
(0.258136 0 0)
(0.258066 0 0)
(0.257997 0 0)
(0.257927 0 0)
(0.257857 0 0)
(0.257787 0 0)
(0.257717 0 0)
(0.257646 0 0)
(0.257576 0 0)
(0.257505 0 0)
(0.257434 0 0)
(0.257364 0 0)
(0.257292 0 0)
(0.257221 0 0)
(0.25715 0 0)
(0.257078 0 0)
(0.257006 0 0)
(0.256934 0 0)
(0.256862 0 0)
(0.25679 0 0)
(0.256717 0 0)
(0.256644 0 0)
(0.256571 0 0)
(0.256498 0 0)
(0.256424 0 0)
(0.25635 0 0)
(0.256276 0 0)
(0.256202 0 0)
(0.256127 0 0)
(0.256052 0 0)
(0.255977 0 0)
(0.255902 0 0)
(0.255826 0 0)
(0.25575 0 0)
(0.255673 0 0)
(0.255596 0 0)
(0.255519 0 0)
(0.255441 0 0)
(0.255363 0 0)
(0.255284 0 0)
(0.255205 0 0)
(0.255125 0 0)
(0.255045 0 0)
(0.254964 0 0)
(0.254883 0 0)
(0.254801 0 0)
(0.254718 0 0)
(0.254635 0 0)
(0.254551 0 0)
(0.254466 0 0)
(0.254381 0 0)
(0.254294 0 0)
(0.254206 0 0)
(0.254118 0 0)
(0.254028 0 0)
(0.253938 0 0)
(0.253846 0 0)
(0.253752 0 0)
(0.253657 0 0)
(0.253561 0 0)
(0.253463 0 0)
(0.253363 0 0)
(0.253261 0 0)
(0.253157 0 0)
(0.253051 0 0)
(0.252942 0 0)
(0.252831 0 0)
(0.252716 0 0)
(0.252598 0 0)
(0.252476 0 0)
(0.25235 0 0)
(0.25222 0 0)
(0.252084 0 0)
(0.251943 0 0)
(0.251795 0 0)
(0.25164 0 0)
(0.251477 0 0)
(0.251304 0 0)
(0.251121 0 0)
(0.250925 0 0)
(0.250714 0 0)
(0.250487 0 0)
(0.250239 0 0)
(0.249967 0 0)
(0.249667 0 0)
(0.249331 0 0)
(0.248951 0 0)
(0.248517 0 0)
(0.248012 0 0)
(0.247415 0 0)
(0.246694 0 0)
(0.245801 0 0)
(0.24466 0 0)
(0.243142 0 0)
(0.241011 0 0)
(0.23778 0 0)
(0.232267 0 0)
(0.220643 0 0)
(0.185968 0 0)
(0.150714 0 0)
(0.14467 0 0)
(0.15395 0 0)
(0.165993 0 0)
(0.17365 0 0)
(0.174969 0 0)
(0.170573 0 0)
(0.162844 0 0)
(0.155133 0 0)
(0.149932 0 0)
(0.147852 0 0)
(0.148213 0 0)
(0.150036 0 0)
(0.152518 0 0)
(0.155087 0 0)
(0.157336 0 0)
(0.158973 0 0)
(0.159816 0 0)
(0.159823 0 0)
(0.159116 0 0)
(0.157959 0 0)
(0.156687 0 0)
(0.155606 0 0)
(0.154915 0 0)
(0.154675 0 0)
(0.154837 0 0)
(0.155277 0 0)
(0.155847 0 0)
(0.156409 0 0)
(0.156855 0 0)
(0.157121 0 0)
(0.15719 0 0)
(0.157087 0 0)
(0.156867 0 0)
(0.1566 0 0)
(0.15635 0 0)
(0.156165 0 0)
(0.156069 0 0)
(0.156064 0 0)
(0.156131 0 0)
(0.156241 0 0)
(0.156363 0 0)
(0.156469 0 0)
(0.156542 0 0)
(0.156572 0 0)
(0.156563 0 0)
(0.156523 0 0)
(0.156467 0 0)
(0.156409 0 0)
(0.15636 0 0)
(0.156329 0 0)
(0.156316 0 0)
(0.156321 0 0)
(0.156338 0 0)
(0.156361 0 0)
(0.156382 0 0)
(0.156398 0 0)
(0.156405 0 0)
(0.156404 0 0)
(0.156396 0 0)
(0.156384 0 0)
(0.15637 0 0)
(0.156358 0 0)
(0.156349 0 0)
(0.156346 0 0)
(0.156347 0 0)
(0.156352 0 0)
(0.156359 0 0)
(0.156368 0 0)
(0.156376 0 0)
(0.156383 0 0)
(0.156389 0 0)
(0.156393 0 0)
(0.156396 0 0)
(0.156399 0 0)
(0.156402 0 0)
(0.156405 0 0)
(0.156408 0 0)
(0.156412 0 0)
(0.156416 0 0)
(0.156419 0 0)
(0.156422 0 0)
(0.156424 0 0)
(0.156424 0 0)
(0.156424 0 0)
(0.156422 0 0)
(0.156418 0 0)
(0.156414 0 0)
(0.156409 0 0)
(0.156404 0 0)
(0.156398 0 0)
(0.156393 0 0)
(0.156387 0 0)
(0.156382 0 0)
(0.156376 0 0)
(0.156372 0 0)
(0.156367 0 0)
(0.156363 0 0)
(0.156359 0 0)
(0.156355 0 0)
(0.156352 0 0)
(0.156349 0 0)
(0.156347 0 0)
(0.156345 0 0)
(0.156343 0 0)
(0.156342 0 0)
(0.156341 0 0)
(0.15634 0 0)
(0.156339 0 0)
(0.156338 0 0)
(0.156337 0 0)
(0.156336 0 0)
(0.156335 0 0)
(0.156335 0 0)
(0.156334 0 0)
(0.156333 0 0)
(0.156332 0 0)
(0.156331 0 0)
(0.156331 0 0)
(0.15633 0 0)
(0.156329 0 0)
(0.156328 0 0)
(0.156328 0 0)
(0.156327 0 0)
(0.156326 0 0)
(0.156325 0 0)
(0.156324 0 0)
(0.156324 0 0)
(0.156323 0 0)
(0.156322 0 0)
(0.156321 0 0)
(0.15632 0 0)
(0.15632 0 0)
(0.156319 0 0)
(0.156318 0 0)
(0.156317 0 0)
(0.156316 0 0)
(0.156315 0 0)
(0.156314 0 0)
(0.156313 0 0)
(0.156313 0 0)
(0.156312 0 0)
(0.156311 0 0)
(0.15631 0 0)
(0.156309 0 0)
(0.156308 0 0)
(0.156307 0 0)
(0.156306 0 0)
(0.156305 0 0)
(0.156305 0 0)
(0.156304 0 0)
(0.156303 0 0)
(0.156302 0 0)
(0.156302 0 0)
(0.156301 0 0)
(0.1563 0 0)
(0.156299 0 0)
(0.156299 0 0)
(0.156298 0 0)
(0.156297 0 0)
(0.156297 0 0)
(0.156296 0 0)
(0.156296 0 0)
(0.156295 0 0)
(0.156294 0 0)
(0.156294 0 0)
(0.156293 0 0)
(0.156293 0 0)
(0.156292 0 0)
(0.156292 0 0)
(0.156291 0 0)
(0.156291 0 0)
(0.15629 0 0)
(0.15629 0 0)
(0.156289 0 0)
(0.156289 0 0)
(0.156288 0 0)
(0.156288 0 0)
(0.156287 0 0)
(0.156286 0 0)
(0.156286 0 0)
(0.156285 0 0)
(0.156285 0 0)
(0.156284 0 0)
(0.156283 0 0)
(0.156283 0 0)
(0.156282 0 0)
(0.156281 0 0)
(0.156281 0 0)
(0.15628 0 0)
(0.156279 0 0)
(0.156279 0 0)
(0.156278 0 0)
(0.156277 0 0)
)
;

boundaryField
{
    inlet
    {
        type            fractionalVelocity;
        U               1((1 0 0));
        fractionalFlow  Fb;
        value           uniform (0.290579 0 0);
    }
    outlet
    {
        type            zeroGradient;
    }
    emptyWalls
    {
        type            empty;
    }
}


// ************************************************************************* //
