/*--------------------------------*- C++ -*----------------------------------*\
  =========                 |
  \\      /  F ield         | OpenFOAM: The Open Source CFD Toolbox
   \\    /   O peration     | Website:  https://openfoam.org
    \\  /    A nd           | Version:  9
     \\/     M anipulation  |
\*---------------------------------------------------------------------------*/
FoamFile
{
    format      ascii;
    class       volScalarField;
    location    "4";
    object      AcumCoeff_csw;
}
// * * * * * * * * * * * * * * * * * * * * * * * * * * * * * * * * * * * * * //

dimensions      [0 0 0 0 0 0 0];

internalField   nonuniform List<scalar> 
1000
(
0.1493
0.148878
0.148491
0.148123
0.147769
0.147425
0.147089
0.146761
0.146439
0.146124
0.145814
0.145509
0.145209
0.144914
0.144623
0.144337
0.144055
0.143776
0.143501
0.14323
0.142963
0.142699
0.142438
0.14218
0.141926
0.141674
0.141425
0.141179
0.140936
0.140696
0.140458
0.140223
0.13999
0.13976
0.139532
0.139306
0.139083
0.138862
0.138643
0.138426
0.138211
0.137998
0.137787
0.137579
0.137372
0.137166
0.136963
0.136762
0.136562
0.136364
0.136168
0.135973
0.13578
0.135588
0.135398
0.13521
0.135023
0.134838
0.134654
0.134471
0.13429
0.13411
0.133932
0.133755
0.133579
0.133404
0.133231
0.133059
0.132888
0.132719
0.13255
0.132383
0.132217
0.132052
0.131888
0.131726
0.131564
0.131403
0.131244
0.131085
0.130928
0.130771
0.130616
0.130461
0.130308
0.130155
0.130003
0.129852
0.129702
0.129553
0.129405
0.129258
0.129112
0.128966
0.128821
0.128677
0.128534
0.128392
0.12825
0.12811
0.12797
0.127831
0.127692
0.127554
0.127417
0.127281
0.127146
0.127011
0.126877
0.126743
0.12661
0.126478
0.126347
0.126216
0.126086
0.125956
0.125827
0.125699
0.125571
0.125444
0.125318
0.125192
0.125066
0.124942
0.124818
0.124694
0.124571
0.124449
0.124327
0.124205
0.124084
0.123964
0.123844
0.123725
0.123606
0.123488
0.12337
0.123253
0.123136
0.12302
0.122904
0.122789
0.122674
0.12256
0.122446
0.122332
0.122219
0.122106
0.121994
0.121883
0.121771
0.12166
0.12155
0.12144
0.12133
0.121221
0.121112
0.121004
0.120896
0.120788
0.120681
0.120574
0.120468
0.120362
0.120256
0.120151
0.120046
0.119941
0.119837
0.119733
0.11963
0.119526
0.119423
0.119321
0.119219
0.119117
0.119015
0.118914
0.118813
0.118713
0.118613
0.118513
0.118413
0.118314
0.118215
0.118116
0.118018
0.11792
0.117822
0.117725
0.117628
0.117531
0.117434
0.117338
0.117242
0.117146
0.11705
0.116955
0.11686
0.116765
0.116671
0.116577
0.116483
0.116389
0.116296
0.116202
0.116109
0.116017
0.115924
0.115832
0.11574
0.115648
0.115557
0.115465
0.115374
0.115283
0.115193
0.115102
0.115012
0.114922
0.114832
0.114743
0.114653
0.114564
0.114475
0.114386
0.114298
0.114209
0.114121
0.114033
0.113945
0.113857
0.11377
0.113683
0.113595
0.113508
0.113422
0.113335
0.113248
0.113162
0.113076
0.11299
0.112904
0.112818
0.112732
0.112647
0.112562
0.112476
0.112391
0.112306
0.112221
0.112137
0.112052
0.111967
0.111883
0.111798
0.111714
0.11163
0.111546
0.111462
0.111378
0.111294
0.11121
0.111126
0.111042
0.110958
0.110874
0.11079
0.110707
0.110623
0.110539
0.110455
0.110371
0.110287
0.110203
0.110118
0.110034
0.109949
0.109865
0.10978
0.109695
0.109609
0.109524
0.109438
0.109351
0.109265
0.109178
0.10909
0.109002
0.108913
0.108824
0.108734
0.108642
0.108551
0.108457
0.108363
0.108268
0.108171
0.108072
0.107971
0.107869
0.107763
0.107655
0.107544
0.107429
0.10731
0.107185
0.107055
0.106918
0.106772
0.106616
0.106449
0.106266
0.106064
0.105839
0.105583
0.105287
0.104937
0.104511
0.103973
0.103266
0.102279
0.100785
0.0982236
0.0927556
0.0764023
0.0657817
0.0676138
0.0681649
0.0676893
0.0670731
0.0667235
0.0666223
0.0666522
0.0667377
0.0668437
0.0669524
0.067051
0.0671285
0.0671758
0.0671882
0.0671669
0.0671204
0.0670631
0.0670102
0.0669734
0.0669574
0.0669607
0.0669781
0.0670026
0.0670279
0.0670488
0.0670622
0.0670669
0.0670637
0.0670548
0.067043
0.0670313
0.0670221
0.0670166
0.0670151
0.0670169
0.0670209
0.0670255
0.0670296
0.0670324
0.0670334
0.0670327
0.0670307
0.0670281
0.0670254
0.0670231
0.0670216
0.0670211
0.0670213
0.0670221
0.0670231
0.0670241
0.0670249
0.0670252
0.0670252
0.0670247
0.0670241
0.0670233
0.0670224
0.0670217
0.0670212
0.0670207
0.0670204
0.0670202
0.06702
0.0670197
0.0670194
0.0670191
0.0670187
0.0670184
0.067018
0.0670176
0.0670173
0.0670171
0.0670169
0.0670167
0.0670165
0.0670163
0.0670162
0.0670159
0.0670157
0.0670153
0.067015
0.0670146
0.0670142
0.0670137
0.0670133
0.0670128
0.0670124
0.0670119
0.0670114
0.067011
0.0670105
0.0670101
0.0670097
0.0670093
0.0670089
0.0670085
0.0670082
0.0670078
0.0670076
0.0670073
0.067007
0.0670068
0.0670066
0.0670064
0.0670062
0.067006
0.0670058
0.0670056
0.0670055
0.0670053
0.0670051
0.0670049
0.0670046
0.0670044
0.0670041
0.0670038
0.0670035
0.0670032
0.0670028
0.0670024
0.067002
0.0670016
0.0670012
0.0670008
0.0670003
0.0669999
0.0669994
0.066999
0.0669985
0.0669981
0.0669976
0.0669972
0.0669967
0.0669963
0.0669959
0.0669955
0.0669951
0.0669947
0.0669943
0.0669939
0.0669935
0.0669931
0.0669927
0.0669924
0.066992
0.0669916
0.0669912
0.0669908
0.0669904
0.06699
0.0669896
0.0669892
0.0669888
0.0669884
0.066988
0.0669876
0.0669872
0.0669868
0.0669864
0.066986
0.0669856
0.0669852
0.0669848
0.0669844
0.0669841
0.0669837
0.0669833
0.066983
0.0669826
0.0669822
0.0669819
0.0669815
0.0669812
0.0669808
0.0669804
0.0669801
0.0669797
0.0669793
0.0669789
0.0669785
0.0669781
0.0669777
0.0669773
0.0669769
0.0669765
0.0669761
0.0669757
0.0669752
0.0669748
0.0669744
0.0669739
0.0669735
0.0669731
0.0669726
0.0669722
0.0669718
0.0669713
0.0669709
0.0669705
0.06697
0.0669696
0.0669692
0.0669688
0.0669683
0.0669679
0.0669675
0.0669671
0.0669667
0.0669663
0.0669659
0.0669655
0.0669651
0.0669647
0.0669642
0.0669638
0.0669634
0.066963
0.0669626
0.0669621
0.0669617
0.0669613
0.0669608
0.0669604
0.06696
0.0669595
0.0669591
0.0669586
0.0669581
0.0669577
0.0669572
0.0669567
0.0669562
0.0669558
0.0669553
0.0669548
0.0669543
0.0669538
0.0669533
0.0669528
0.0669523
0.0669518
0.0669513
0.0669508
0.0669503
0.0669498
0.0669493
0.0669488
0.0669483
0.0669478
0.0669473
0.0669468
0.0669463
0.0669459
0.0669454
0.0669449
0.0669444
0.066944
0.0669435
0.066943
0.0669425
0.0669421
0.0669416
0.0669411
0.0669407
0.0669402
0.0669398
0.0669393
0.0669388
0.0669383
0.0669379
0.0669374
0.0669369
0.0669364
0.0669359
0.0669354
0.0669349
0.0669344
0.0669339
0.0669334
0.0669329
0.0669324
0.0669319
0.0669313
0.0669308
0.0669303
0.0669297
0.0669292
0.0669286
0.0669281
0.0669276
0.0669272
0.0669275
0.0669305
0.0669442
0.0670025
0.0672449
0.0682532
0.072503
0.0878685
0.10626
0.108789
0.108801
0.108801
0.108801
0.108801
0.108801
0.108802
0.108802
0.108802
0.108802
0.108802
0.108802
0.108802
0.108802
0.108803
0.108803
0.108803
0.108803
0.108803
0.108803
0.108803
0.108803
0.108803
0.108803
0.108803
0.108803
0.108803
0.108803
0.108803
0.108803
0.108803
0.108802
0.108802
0.108802
0.108802
0.108802
0.108802
0.108802
0.108802
0.108802
0.108801
0.108801
0.108801
0.108801
0.108801
0.108801
0.108801
0.108801
0.108801
0.108801
0.108801
0.108801
0.108801
0.108801
0.108802
0.108802
0.108802
0.108802
0.108802
0.108802
0.108802
0.108802
0.108802
0.108802
0.108803
0.108803
0.108803
0.108803
0.108803
0.108803
0.108803
0.108803
0.108803
0.108803
0.108803
0.108803
0.108804
0.108804
0.108804
0.108804
0.108804
0.108804
0.108804
0.108804
0.108804
0.108804
0.108804
0.108804
0.108804
0.108804
0.108804
0.108804
0.108804
0.108804
0.108804
0.108804
0.108804
0.108804
0.108804
0.108804
0.108804
0.108804
0.108804
0.108804
0.108804
0.108804
0.108804
0.108804
0.108804
0.108804
0.108804
0.108804
0.108804
0.108804
0.108804
0.108804
0.108804
0.108804
0.108804
0.108804
0.108804
0.108804
0.108804
0.108804
0.108804
0.108804
0.108804
0.108804
0.108804
0.108804
0.108804
0.108804
0.108804
0.108804
0.108804
0.108804
0.108804
0.108804
0.108804
0.108804
0.108804
0.108804
0.108804
0.108804
0.108804
0.108804
0.108804
0.108804
0.108804
0.108804
0.108804
0.108804
0.108804
0.108804
0.108804
0.108804
0.108804
0.108804
0.108804
0.108804
0.108804
0.108804
0.108804
0.108804
0.108804
0.108804
0.108804
0.108804
0.108804
0.108804
0.108804
0.108804
0.108804
0.108804
0.108804
0.108804
0.108804
0.108804
0.108804
0.108804
0.108804
0.108804
0.108804
0.108804
0.108804
0.108804
0.108804
0.108804
0.108804
0.108804
0.108804
0.108804
0.108804
0.108804
0.108804
0.108804
0.108804
0.108804
0.108804
0.108804
0.108804
0.108804
0.108804
0.108804
0.108804
0.108804
0.108805
0.108805
0.108809
0.108976
0.116405
0.201423
0.21
0.21
0.21
0.21
0.21
0.21
0.21
0.21
0.21
0.21
0.21
0.21
0.21
0.21
0.21
0.21
0.21
0.21
0.21
0.21
0.21
0.21
0.21
0.21
0.21
0.21
0.21
0.21
0.21
0.21
0.21
0.21
0.21
0.21
0.21
0.21
0.21
0.21
0.21
0.21
0.21
0.21
0.21
0.21
0.21
0.21
0.21
0.21
0.21
0.21
0.21
0.21
0.21
0.21
0.21
0.21
0.21
0.21
0.21
0.21
0.21
0.21
0.21
0.21
0.21
0.21
0.21
0.21
0.21
0.21
0.21
0.21
0.21
0.21
0.21
0.21
0.21
0.21
0.21
0.21
0.21
0.21
0.21
0.21
0.21
0.21
0.21
0.21
0.21
0.21
0.21
0.21
0.21
0.21
0.21
0.21
0.21
0.21
0.21
0.21
0.21
0.21
0.21
0.21
0.21
0.21
0.21
0.21
0.21
0.21
0.21
0.21
0.21
0.21
0.21
0.21
0.21
0.21
0.21
0.21
0.21
0.21
0.21
0.21
0.21
0.21
0.21
0.21
0.21
0.21
0.21
0.21
0.21
0.21
0.21
0.21
0.21
0.21
0.21
0.21
0.21
0.21
0.21
0.21
0.21
0.21
0.21
0.21
0.21
0.21
0.21
0.21
0.21
0.21
0.21
0.21
0.21
0.21
0.21
0.21
)
;

boundaryField
{
    inlet
    {
        type            calculated;
        value           uniform 0.15;
    }
    outlet
    {
        type            calculated;
        value           uniform 0.21;
    }
    emptyWalls
    {
        type            empty;
    }
}


// ************************************************************************* //
