/*--------------------------------*- C++ -*----------------------------------*\
  =========                 |
  \\      /  F ield         | OpenFOAM: The Open Source CFD Toolbox
   \\    /   O peration     | Website:  https://openfoam.org
    \\  /    A nd           | Version:  9
     \\/     M anipulation  |
\*---------------------------------------------------------------------------*/
FoamFile
{
    format      ascii;
    class       volVectorField;
    location    "3975";
    object      Ua;
}
// * * * * * * * * * * * * * * * * * * * * * * * * * * * * * * * * * * * * * //

dimensions      [0 0 0 0 0 0 0];

internalField   nonuniform List<vector> 
100
(
(0 0 4.48649e-08)
(0 0 6.26015e-08)
(0 0 9.50025e-08)
(0 0 1.21902e-07)
(0 0 1.44217e-07)
(0 0 1.62315e-07)
(0 0 1.76298e-07)
(0 0 1.86073e-07)
(0 0 1.91337e-07)
(0 0 1.91713e-07)
(0 0 1.86974e-07)
(0 0 1.80562e-07)
(0 0 1.76915e-07)
(0 0 1.75664e-07)
(0 0 1.75188e-07)
(0 0 1.75082e-07)
(0 0 1.75212e-07)
(0 0 1.75544e-07)
(0 0 1.76104e-07)
(0 0 1.76878e-07)
(0 0 1.77799e-07)
(0 0 1.78796e-07)
(0 0 1.79824e-07)
(0 0 1.8086e-07)
(0 0 1.81894e-07)
(0 0 1.82927e-07)
(0 0 1.83973e-07)
(0 0 1.85055e-07)
(0 0 1.86215e-07)
(0 0 1.87471e-07)
(0 0 1.88766e-07)
(0 0 1.9005e-07)
(0 0 1.91305e-07)
(0 0 1.92442e-07)
(0 0 1.93253e-07)
(0 0 1.93349e-07)
(0 0 1.92136e-07)
(0 0 1.88873e-07)
(0 0 1.82843e-07)
(0 0 1.73738e-07)
(0 0 1.61977e-07)
(0 0 1.48655e-07)
(0 0 1.35141e-07)
(0 0 1.22527e-07)
(0 0 1.11387e-07)
(0 0 1.01892e-07)
(0 0 9.39369e-08)
(0 0 8.72815e-08)
(0 0 8.16762e-08)
(0 0 7.6888e-08)
(0 0 7.27382e-08)
(0 0 6.91206e-08)
(0 0 6.5953e-08)
(0 0 6.31883e-08)
(0 0 6.08411e-08)
(0 0 5.90101e-08)
(0 0 5.79041e-08)
(0 0 5.78615e-08)
(0 0 5.93321e-08)
(0 0 6.27201e-08)
(0 0 6.81731e-08)
(0 0 7.55583e-08)
(0 0 8.45606e-08)
(0 0 9.47366e-08)
(0 0 1.05523e-07)
(0 0 1.16207e-07)
(0 0 1.25883e-07)
(0 0 1.33412e-07)
(0 0 1.37323e-07)
(0 0 1.35676e-07)
(0 0 1.26661e-07)
(0 0 1.11009e-07)
(0 0 9.34732e-08)
(0 0 7.88904e-08)
(0 0 6.83184e-08)
(0 0 6.05859e-08)
(0 0 5.4585e-08)
(0 0 4.97155e-08)
(0 0 4.56605e-08)
(0 0 4.22241e-08)
(0 0 3.92706e-08)
(0 0 3.67012e-08)
(0 0 3.44422e-08)
(0 0 3.24379e-08)
(0 0 3.06465e-08)
(0 0 2.90368e-08)
(0 0 2.759e-08)
(0 0 2.63061e-08)
(0 0 2.52229e-08)
(0 0 2.44648e-08)
(0 0 2.43688e-08)
(0 0 2.56753e-08)
(0 0 2.92034e-08)
(0 0 3.4813e-08)
(0 0 4.11786e-08)
(0 0 4.66124e-08)
(0 0 4.96464e-08)
(0 0 4.91344e-08)
(0 0 4.46849e-08)
(0 0 3.80917e-08)
)
;

boundaryField
{
    inlet
    {
        type            prescribedFracFlowVelocity;
        U               1((0 0 1.61572e-05));
        fractionalFlow  0;
        value           uniform (0 0 0);
    }
    outlet
    {
        type            zeroGradient;
    }
    emptyWalls
    {
        type            empty;
    }
}


// ************************************************************************* //
