/*--------------------------------*- C++ -*----------------------------------*\
  =========                 |
  \\      /  F ield         | OpenFOAM: The Open Source CFD Toolbox
   \\    /   O peration     | Website:  https://openfoam.org
    \\  /    A nd           | Version:  9
     \\/     M anipulation  |
\*---------------------------------------------------------------------------*/
FoamFile
{
    format      ascii;
    class       surfaceScalarField;
    location    "11.9";
    object      phia;
}
// * * * * * * * * * * * * * * * * * * * * * * * * * * * * * * * * * * * * * //

dimensions      [0 2 0 0 0 0 0];

internalField   nonuniform List<scalar> 
999
(
0.709421
0.70942
0.709419
0.709418
0.709417
0.709416
0.709414
0.709412
0.70941
0.709408
0.709406
0.709403
0.709401
0.709398
0.709395
0.709392
0.709388
0.709385
0.709381
0.709377
0.709373
0.709369
0.709365
0.709361
0.709356
0.709351
0.709347
0.709342
0.709337
0.709331
0.709326
0.70932
0.709315
0.709309
0.709303
0.709297
0.709291
0.709285
0.709278
0.709272
0.709265
0.709258
0.709251
0.709244
0.709237
0.70923
0.709222
0.709215
0.709207
0.7092
0.709192
0.709184
0.709176
0.709168
0.709159
0.709151
0.709142
0.709134
0.709125
0.709116
0.709107
0.709098
0.709089
0.70908
0.709071
0.709061
0.709052
0.709042
0.709033
0.709023
0.709013
0.709003
0.708993
0.708983
0.708973
0.708962
0.708952
0.708941
0.708931
0.70892
0.708909
0.708899
0.708888
0.708877
0.708866
0.708854
0.708843
0.708832
0.70882
0.708809
0.708797
0.708786
0.708774
0.708762
0.70875
0.708738
0.708726
0.708714
0.708702
0.70869
0.708677
0.708665
0.708653
0.70864
0.708627
0.708615
0.708602
0.708589
0.708576
0.708563
0.70855
0.708537
0.708524
0.708511
0.708497
0.708484
0.708471
0.708457
0.708444
0.70843
0.708416
0.708403
0.708389
0.708375
0.708361
0.708347
0.708333
0.708319
0.708305
0.70829
0.708276
0.708262
0.708247
0.708233
0.708218
0.708204
0.708189
0.708174
0.70816
0.708145
0.70813
0.708115
0.7081
0.708085
0.70807
0.708055
0.70804
0.708025
0.708009
0.707994
0.707978
0.707963
0.707948
0.707932
0.707916
0.707901
0.707885
0.707869
0.707854
0.707838
0.707822
0.707806
0.70779
0.707774
0.707758
0.707742
0.707725
0.707709
0.707693
0.707677
0.70766
0.707644
0.707627
0.707611
0.707594
0.707578
0.707561
0.707545
0.707528
0.707511
0.707494
0.707477
0.70746
0.707444
0.707427
0.70741
0.707393
0.707375
0.707358
0.707341
0.707324
0.707307
0.707289
0.707272
0.707255
0.707237
0.70722
0.707202
0.707185
0.707167
0.707149
0.707132
0.707114
0.707096
0.707079
0.707061
0.707043
0.707025
0.707007
0.706989
0.706971
0.706953
0.706935
0.706917
0.706899
0.706881
0.706863
0.706844
0.706826
0.706808
0.706789
0.706771
0.706753
0.706734
0.706716
0.706697
0.706679
0.70666
0.706641
0.706623
0.706604
0.706585
0.706567
0.706548
0.706529
0.70651
0.706491
0.706472
0.706453
0.706434
0.706415
0.706396
0.706377
0.706358
0.706339
0.70632
0.706301
0.706282
0.706262
0.706243
0.706224
0.706204
0.706185
0.706166
0.706146
0.706127
0.706107
0.706088
0.706068
0.706049
0.706029
0.706009
0.70599
0.70597
0.70595
0.705931
0.705911
0.705891
0.705871
0.705851
0.705832
0.705812
0.705792
0.705772
0.705752
0.705732
0.705712
0.705692
0.705672
0.705651
0.705631
0.705611
0.705591
0.705571
0.70555
0.70553
0.70551
0.70549
0.705469
0.705449
0.705428
0.705408
0.705388
0.705367
0.705347
0.705326
0.705306
0.705285
0.705264
0.705244
0.705223
0.705203
0.705182
0.705161
0.70514
0.70512
0.705099
0.705078
0.705057
0.705036
0.705015
0.704995
0.704974
0.704953
0.704932
0.704911
0.70489
0.704869
0.704848
0.704827
0.704806
0.704784
0.704763
0.704742
0.704721
0.7047
0.704679
0.704657
0.704636
0.704615
0.704593
0.704572
0.704551
0.704529
0.704508
0.704487
0.704465
0.704444
0.704422
0.704401
0.704379
0.704358
0.704336
0.704314
0.704293
0.704271
0.70425
0.704228
0.704206
0.704185
0.704163
0.704141
0.704119
0.704098
0.704076
0.704054
0.704032
0.70401
0.703988
0.703967
0.703945
0.703923
0.703901
0.703879
0.703857
0.703835
0.703813
0.703791
0.703769
0.703747
0.703725
0.703702
0.70368
0.703658
0.703636
0.703614
0.703592
0.703569
0.703547
0.703525
0.703503
0.70348
0.703458
0.703436
0.703413
0.703391
0.703369
0.703346
0.703324
0.703301
0.703279
0.703257
0.703234
0.703212
0.703189
0.703167
0.703144
0.703121
0.703099
0.703076
0.703054
0.703031
0.703008
0.702986
0.702963
0.70294
0.702918
0.702895
0.702872
0.70285
0.702827
0.702804
0.702781
0.702758
0.702736
0.702713
0.70269
0.702667
0.702644
0.702621
0.702598
0.702575
0.702552
0.702529
0.702506
0.702483
0.70246
0.702437
0.702414
0.702391
0.702368
0.702345
0.702322
0.702299
0.702276
0.702253
0.702229
0.702206
0.702183
0.70216
0.702137
0.702113
0.70209
0.702067
0.702044
0.70202
0.701997
0.701974
0.70195
0.701927
0.701904
0.70188
0.701857
0.701833
0.70181
0.701787
0.701763
0.70174
0.701716
0.701693
0.701669
0.701646
0.701622
0.701599
0.701575
0.701552
0.701528
0.701504
0.701481
0.701457
0.701434
0.70141
0.701386
0.701363
0.701339
0.701315
0.701291
0.701268
0.701244
0.70122
0.701196
0.701173
0.701149
0.701125
0.701101
0.701077
0.701054
0.70103
0.701006
0.700982
0.700958
0.700934
0.70091
0.700886
0.700863
0.700839
0.700815
0.700791
0.700767
0.700743
0.700719
0.700695
0.700671
0.700647
0.700622
0.700598
0.700574
0.70055
0.700526
0.700502
0.700478
0.700454
0.70043
0.700405
0.700381
0.700357
0.700333
0.700309
0.700284
0.70026
0.700236
0.700212
0.700187
0.700163
0.700139
0.700114
0.70009
0.700066
0.700041
0.700017
0.699993
0.699968
0.699944
0.69992
0.699895
0.699871
0.699846
0.699822
0.699797
0.699773
0.699749
0.699724
0.6997
0.699675
0.699651
0.699626
0.699601
0.699577
0.699552
0.699528
0.699503
0.699479
0.699454
0.699429
0.699405
0.69938
0.699355
0.699331
0.699306
0.699281
0.699257
0.699232
0.699207
0.699183
0.699158
0.699133
0.699108
0.699084
0.699059
0.699034
0.699009
0.698985
0.69896
0.698935
0.69891
0.698885
0.69886
0.698835
0.698811
0.698786
0.698761
0.698736
0.698711
0.698686
0.698661
0.698636
0.698611
0.698586
0.698561
0.698536
0.698511
0.698486
0.698461
0.698436
0.698411
0.698386
0.698361
0.698336
0.698311
0.698286
0.698261
0.698236
0.698211
0.698185
0.69816
0.698135
0.69811
0.698085
0.69806
0.698035
0.698009
0.697984
0.697959
0.697934
0.697908
0.697883
0.697858
0.697833
0.697807
0.697782
0.697757
0.697732
0.697706
0.697681
0.697656
0.69763
0.697605
0.69758
0.697554
0.697529
0.697503
0.697478
0.697453
0.697427
0.697402
0.697376
0.697351
0.697325
0.6973
0.697275
0.697249
0.697224
0.697198
0.697173
0.697147
0.697122
0.697096
0.69707
0.697045
0.697019
0.696994
0.696968
0.696943
0.696917
0.696891
0.696866
0.69684
0.696815
0.696789
0.696763
0.696738
0.696712
0.696686
0.696661
0.696635
0.696609
0.696583
0.696558
0.696532
0.696506
0.69648
0.696455
0.696429
0.696403
0.696377
0.696352
0.696326
0.6963
0.696274
0.696248
0.696222
0.696197
0.696171
0.696145
0.696119
0.696093
0.696067
0.696041
0.696015
0.695989
0.695963
0.695937
0.695912
0.695886
0.69586
0.695834
0.695808
0.695782
0.695756
0.69573
0.695704
0.695677
0.695651
0.695625
0.695599
0.695573
0.695547
0.695521
0.695495
0.695469
0.695443
0.695417
0.69539
0.695364
0.695338
0.695312
0.695286
0.69526
0.695233
0.695207
0.695181
0.695155
0.695128
0.695102
0.695076
0.69505
0.695023
0.694997
0.694971
0.694945
0.694918
0.694892
0.694866
0.694839
0.694813
0.694787
0.69476
0.694734
0.694707
0.694681
0.694655
0.694628
0.694602
0.694575
0.694549
0.694522
0.694496
0.694469
0.694443
0.694416
0.69439
0.694363
0.694337
0.69431
0.694284
0.694257
0.69423
0.694204
0.694177
0.694151
0.694124
0.694097
0.694071
0.694044
0.694017
0.693991
0.693964
0.693937
0.693911
0.693884
0.693857
0.69383
0.693804
0.693777
0.69375
0.693723
0.693696
0.69367
0.693643
0.693616
0.693589
0.693562
0.693535
0.693508
0.693481
0.693454
0.693427
0.6934
0.693374
0.693347
0.69332
0.693292
0.693265
0.693238
0.693211
0.693184
0.693157
0.69313
0.693103
0.693076
0.693049
0.693021
0.692994
0.692967
0.69294
0.692913
0.692885
0.692858
0.692831
0.692803
0.692776
0.692749
0.692721
0.692694
0.692667
0.692639
0.692612
0.692584
0.692557
0.692529
0.692502
0.692474
0.692446
0.692419
0.692391
0.692364
0.692336
0.692308
0.69228
0.692253
0.692225
0.692197
0.692169
0.692141
0.692113
0.692086
0.692058
0.69203
0.692002
0.691973
0.691945
0.691917
0.691889
0.691861
0.691833
0.691804
0.691776
0.691748
0.691719
0.691691
0.691662
0.691634
0.691605
0.691576
0.691548
0.691519
0.69149
0.691461
0.691432
0.691403
0.691374
0.691345
0.691316
0.691287
0.691257
0.691228
0.691199
0.691169
0.691139
0.69111
0.69108
0.69105
0.69102
0.69099
0.690959
0.690929
0.690899
0.690868
0.690837
0.690806
0.690775
0.690744
0.690713
0.690681
0.69065
0.690618
0.690586
0.690554
0.690521
0.690489
0.690456
0.690423
0.690389
0.690356
0.690322
0.690287
0.690253
0.690218
0.690182
0.690147
0.69011
0.690074
0.690036
0.689999
0.68996
0.689922
0.689882
0.689842
0.689801
0.689759
0.689716
0.689672
0.689627
0.689581
0.689534
0.689485
0.689434
0.689382
0.689328
0.689272
0.689213
0.689152
0.689087
0.68902
0.688948
0.688872
0.68879
0.688703
0.688609
0.688507
0.688395
0.688272
0.688135
0.687982
0.687807
0.687606
0.687372
0.687093
0.686754
0.686332
0.685791
0.685067
0.684047
0.682502
0.679907
0.674864
0.656245
0.647464
0.633752
0.615856
0.596411
0.57947
0.569938
0.571598
0.584123
0.601988
0.617883
0.627445
0.630331
0.628314
0.623472
0.617485
0.611581
0.606657
0.603338
0.601953
0.602476
0.604506
0.607352
0.610239
0.612525
0.613844
0.614134
0.613571
0.612457
0.611135
0.609908
0.608999
0.608524
0.608496
0.608831
0.609391
0.610017
0.610567
0.610947
0.611117
0.611089
0.610915
0.610662
0.610402
0.610191
0.610064
0.610033
0.610084
0.610192
0.610322
0.610443
0.610531
0.610572
)
;

boundaryField
{
    inlet
    {
        type            calculated;
        value           uniform -0.709421;
    }
    outlet
    {
        type            calculated;
        value           uniform 0.610565;
    }
    emptyWalls
    {
        type            empty;
        value           nonuniform List<scalar> 0();
    }
}


// ************************************************************************* //
