/*--------------------------------*- C++ -*----------------------------------*\
  =========                 |
  \\      /  F ield         | OpenFOAM: The Open Source CFD Toolbox
   \\    /   O peration     | Website:  https://openfoam.org
    \\  /    A nd           | Version:  9
     \\/     M anipulation  |
\*---------------------------------------------------------------------------*/
FoamFile
{
    format      ascii;
    class       volVectorField;
    location    "19.7";
    object      Ub;
}
// * * * * * * * * * * * * * * * * * * * * * * * * * * * * * * * * * * * * * //

dimensions      [0 0 0 0 0 0 0];

internalField   nonuniform List<vector> 
1000
(
(0.290579 0 0)
(0.290578 0 0)
(0.290578 0 0)
(0.290577 0 0)
(0.290577 0 0)
(0.290576 0 0)
(0.290575 0 0)
(0.290574 0 0)
(0.290573 0 0)
(0.290572 0 0)
(0.29057 0 0)
(0.290569 0 0)
(0.290567 0 0)
(0.290566 0 0)
(0.290564 0 0)
(0.290562 0 0)
(0.29056 0 0)
(0.290558 0 0)
(0.290556 0 0)
(0.290553 0 0)
(0.290551 0 0)
(0.290548 0 0)
(0.290546 0 0)
(0.290543 0 0)
(0.29054 0 0)
(0.290537 0 0)
(0.290534 0 0)
(0.290531 0 0)
(0.290528 0 0)
(0.290525 0 0)
(0.290521 0 0)
(0.290518 0 0)
(0.290514 0 0)
(0.290511 0 0)
(0.290507 0 0)
(0.290503 0 0)
(0.290499 0 0)
(0.290495 0 0)
(0.290491 0 0)
(0.290487 0 0)
(0.290483 0 0)
(0.290478 0 0)
(0.290474 0 0)
(0.290469 0 0)
(0.290465 0 0)
(0.29046 0 0)
(0.290455 0 0)
(0.29045 0 0)
(0.290445 0 0)
(0.29044 0 0)
(0.290435 0 0)
(0.29043 0 0)
(0.290425 0 0)
(0.290419 0 0)
(0.290414 0 0)
(0.290408 0 0)
(0.290403 0 0)
(0.290397 0 0)
(0.290391 0 0)
(0.290385 0 0)
(0.290379 0 0)
(0.290373 0 0)
(0.290367 0 0)
(0.290361 0 0)
(0.290355 0 0)
(0.290349 0 0)
(0.290342 0 0)
(0.290336 0 0)
(0.290329 0 0)
(0.290323 0 0)
(0.290316 0 0)
(0.290309 0 0)
(0.290302 0 0)
(0.290295 0 0)
(0.290288 0 0)
(0.290281 0 0)
(0.290274 0 0)
(0.290267 0 0)
(0.29026 0 0)
(0.290253 0 0)
(0.290245 0 0)
(0.290238 0 0)
(0.29023 0 0)
(0.290223 0 0)
(0.290215 0 0)
(0.290207 0 0)
(0.290199 0 0)
(0.290191 0 0)
(0.290183 0 0)
(0.290175 0 0)
(0.290167 0 0)
(0.290159 0 0)
(0.290151 0 0)
(0.290143 0 0)
(0.290134 0 0)
(0.290126 0 0)
(0.290118 0 0)
(0.290109 0 0)
(0.2901 0 0)
(0.290092 0 0)
(0.290083 0 0)
(0.290074 0 0)
(0.290065 0 0)
(0.290056 0 0)
(0.290048 0 0)
(0.290038 0 0)
(0.290029 0 0)
(0.29002 0 0)
(0.290011 0 0)
(0.290002 0 0)
(0.289992 0 0)
(0.289983 0 0)
(0.289974 0 0)
(0.289964 0 0)
(0.289954 0 0)
(0.289945 0 0)
(0.289935 0 0)
(0.289925 0 0)
(0.289916 0 0)
(0.289906 0 0)
(0.289896 0 0)
(0.289886 0 0)
(0.289876 0 0)
(0.289866 0 0)
(0.289856 0 0)
(0.289845 0 0)
(0.289835 0 0)
(0.289825 0 0)
(0.289814 0 0)
(0.289804 0 0)
(0.289793 0 0)
(0.289783 0 0)
(0.289772 0 0)
(0.289762 0 0)
(0.289751 0 0)
(0.28974 0 0)
(0.289729 0 0)
(0.289719 0 0)
(0.289708 0 0)
(0.289697 0 0)
(0.289686 0 0)
(0.289675 0 0)
(0.289664 0 0)
(0.289652 0 0)
(0.289641 0 0)
(0.28963 0 0)
(0.289619 0 0)
(0.289607 0 0)
(0.289596 0 0)
(0.289584 0 0)
(0.289573 0 0)
(0.289561 0 0)
(0.28955 0 0)
(0.289538 0 0)
(0.289526 0 0)
(0.289514 0 0)
(0.289503 0 0)
(0.289491 0 0)
(0.289479 0 0)
(0.289467 0 0)
(0.289455 0 0)
(0.289443 0 0)
(0.289431 0 0)
(0.289418 0 0)
(0.289406 0 0)
(0.289394 0 0)
(0.289382 0 0)
(0.289369 0 0)
(0.289357 0 0)
(0.289344 0 0)
(0.289332 0 0)
(0.289319 0 0)
(0.289307 0 0)
(0.289294 0 0)
(0.289282 0 0)
(0.289269 0 0)
(0.289256 0 0)
(0.289243 0 0)
(0.28923 0 0)
(0.289217 0 0)
(0.289205 0 0)
(0.289192 0 0)
(0.289179 0 0)
(0.289165 0 0)
(0.289152 0 0)
(0.289139 0 0)
(0.289126 0 0)
(0.289113 0 0)
(0.289099 0 0)
(0.289086 0 0)
(0.289073 0 0)
(0.289059 0 0)
(0.289046 0 0)
(0.289032 0 0)
(0.289019 0 0)
(0.289005 0 0)
(0.288992 0 0)
(0.288978 0 0)
(0.288964 0 0)
(0.28895 0 0)
(0.288937 0 0)
(0.288923 0 0)
(0.288909 0 0)
(0.288895 0 0)
(0.288881 0 0)
(0.288867 0 0)
(0.288853 0 0)
(0.288839 0 0)
(0.288825 0 0)
(0.288811 0 0)
(0.288796 0 0)
(0.288782 0 0)
(0.288768 0 0)
(0.288754 0 0)
(0.288739 0 0)
(0.288725 0 0)
(0.28871 0 0)
(0.288696 0 0)
(0.288681 0 0)
(0.288667 0 0)
(0.288652 0 0)
(0.288638 0 0)
(0.288623 0 0)
(0.288608 0 0)
(0.288593 0 0)
(0.288579 0 0)
(0.288564 0 0)
(0.288549 0 0)
(0.288534 0 0)
(0.288519 0 0)
(0.288504 0 0)
(0.288489 0 0)
(0.288474 0 0)
(0.288459 0 0)
(0.288444 0 0)
(0.288429 0 0)
(0.288414 0 0)
(0.288398 0 0)
(0.288383 0 0)
(0.288368 0 0)
(0.288352 0 0)
(0.288337 0 0)
(0.288322 0 0)
(0.288306 0 0)
(0.288291 0 0)
(0.288275 0 0)
(0.28826 0 0)
(0.288244 0 0)
(0.288228 0 0)
(0.288213 0 0)
(0.288197 0 0)
(0.288181 0 0)
(0.288166 0 0)
(0.28815 0 0)
(0.288134 0 0)
(0.288118 0 0)
(0.288102 0 0)
(0.288086 0 0)
(0.28807 0 0)
(0.288054 0 0)
(0.288038 0 0)
(0.288022 0 0)
(0.288006 0 0)
(0.28799 0 0)
(0.287974 0 0)
(0.287958 0 0)
(0.287941 0 0)
(0.287925 0 0)
(0.287909 0 0)
(0.287892 0 0)
(0.287876 0 0)
(0.28786 0 0)
(0.287843 0 0)
(0.287827 0 0)
(0.28781 0 0)
(0.287794 0 0)
(0.287777 0 0)
(0.287761 0 0)
(0.287744 0 0)
(0.287727 0 0)
(0.287711 0 0)
(0.287694 0 0)
(0.287677 0 0)
(0.28766 0 0)
(0.287644 0 0)
(0.287627 0 0)
(0.28761 0 0)
(0.287593 0 0)
(0.287576 0 0)
(0.287559 0 0)
(0.287542 0 0)
(0.287525 0 0)
(0.287508 0 0)
(0.287491 0 0)
(0.287474 0 0)
(0.287457 0 0)
(0.287439 0 0)
(0.287422 0 0)
(0.287405 0 0)
(0.287388 0 0)
(0.28737 0 0)
(0.287353 0 0)
(0.287336 0 0)
(0.287318 0 0)
(0.287301 0 0)
(0.287283 0 0)
(0.287266 0 0)
(0.287248 0 0)
(0.287231 0 0)
(0.287213 0 0)
(0.287196 0 0)
(0.287178 0 0)
(0.28716 0 0)
(0.287143 0 0)
(0.287125 0 0)
(0.287107 0 0)
(0.287089 0 0)
(0.287072 0 0)
(0.287054 0 0)
(0.287036 0 0)
(0.287018 0 0)
(0.287 0 0)
(0.286982 0 0)
(0.286964 0 0)
(0.286946 0 0)
(0.286928 0 0)
(0.28691 0 0)
(0.286892 0 0)
(0.286874 0 0)
(0.286856 0 0)
(0.286838 0 0)
(0.286819 0 0)
(0.286801 0 0)
(0.286783 0 0)
(0.286765 0 0)
(0.286746 0 0)
(0.286728 0 0)
(0.28671 0 0)
(0.286691 0 0)
(0.286673 0 0)
(0.286654 0 0)
(0.286636 0 0)
(0.286617 0 0)
(0.286599 0 0)
(0.28658 0 0)
(0.286562 0 0)
(0.286543 0 0)
(0.286525 0 0)
(0.286506 0 0)
(0.286487 0 0)
(0.286468 0 0)
(0.28645 0 0)
(0.286431 0 0)
(0.286412 0 0)
(0.286393 0 0)
(0.286375 0 0)
(0.286356 0 0)
(0.286337 0 0)
(0.286318 0 0)
(0.286299 0 0)
(0.28628 0 0)
(0.286261 0 0)
(0.286242 0 0)
(0.286223 0 0)
(0.286204 0 0)
(0.286185 0 0)
(0.286166 0 0)
(0.286146 0 0)
(0.286127 0 0)
(0.286108 0 0)
(0.286089 0 0)
(0.28607 0 0)
(0.28605 0 0)
(0.286031 0 0)
(0.286012 0 0)
(0.285992 0 0)
(0.285973 0 0)
(0.285954 0 0)
(0.285934 0 0)
(0.285915 0 0)
(0.285895 0 0)
(0.285876 0 0)
(0.285856 0 0)
(0.285837 0 0)
(0.285817 0 0)
(0.285798 0 0)
(0.285778 0 0)
(0.285758 0 0)
(0.285739 0 0)
(0.285719 0 0)
(0.285699 0 0)
(0.285679 0 0)
(0.28566 0 0)
(0.28564 0 0)
(0.28562 0 0)
(0.2856 0 0)
(0.28558 0 0)
(0.285561 0 0)
(0.285541 0 0)
(0.285521 0 0)
(0.285501 0 0)
(0.285481 0 0)
(0.285461 0 0)
(0.285441 0 0)
(0.285421 0 0)
(0.285401 0 0)
(0.285381 0 0)
(0.28536 0 0)
(0.28534 0 0)
(0.28532 0 0)
(0.2853 0 0)
(0.28528 0 0)
(0.28526 0 0)
(0.285239 0 0)
(0.285219 0 0)
(0.285199 0 0)
(0.285178 0 0)
(0.285158 0 0)
(0.285138 0 0)
(0.285117 0 0)
(0.285097 0 0)
(0.285076 0 0)
(0.285056 0 0)
(0.285035 0 0)
(0.285015 0 0)
(0.284994 0 0)
(0.284974 0 0)
(0.284953 0 0)
(0.284933 0 0)
(0.284912 0 0)
(0.284892 0 0)
(0.284871 0 0)
(0.28485 0 0)
(0.284829 0 0)
(0.284809 0 0)
(0.284788 0 0)
(0.284767 0 0)
(0.284746 0 0)
(0.284726 0 0)
(0.284705 0 0)
(0.284684 0 0)
(0.284663 0 0)
(0.284642 0 0)
(0.284621 0 0)
(0.2846 0 0)
(0.284579 0 0)
(0.284558 0 0)
(0.284537 0 0)
(0.284516 0 0)
(0.284495 0 0)
(0.284474 0 0)
(0.284453 0 0)
(0.284432 0 0)
(0.284411 0 0)
(0.28439 0 0)
(0.284369 0 0)
(0.284347 0 0)
(0.284326 0 0)
(0.284305 0 0)
(0.284284 0 0)
(0.284263 0 0)
(0.284241 0 0)
(0.28422 0 0)
(0.284199 0 0)
(0.284177 0 0)
(0.284156 0 0)
(0.284134 0 0)
(0.284113 0 0)
(0.284092 0 0)
(0.28407 0 0)
(0.284049 0 0)
(0.284027 0 0)
(0.284006 0 0)
(0.283984 0 0)
(0.283963 0 0)
(0.283941 0 0)
(0.283919 0 0)
(0.283898 0 0)
(0.283876 0 0)
(0.283854 0 0)
(0.283833 0 0)
(0.283811 0 0)
(0.283789 0 0)
(0.283768 0 0)
(0.283746 0 0)
(0.283724 0 0)
(0.283702 0 0)
(0.28368 0 0)
(0.283659 0 0)
(0.283637 0 0)
(0.283615 0 0)
(0.283593 0 0)
(0.283571 0 0)
(0.283549 0 0)
(0.283527 0 0)
(0.283505 0 0)
(0.283483 0 0)
(0.283461 0 0)
(0.283439 0 0)
(0.283417 0 0)
(0.283395 0 0)
(0.283373 0 0)
(0.283351 0 0)
(0.283329 0 0)
(0.283306 0 0)
(0.283284 0 0)
(0.283262 0 0)
(0.28324 0 0)
(0.283218 0 0)
(0.283195 0 0)
(0.283173 0 0)
(0.283151 0 0)
(0.283129 0 0)
(0.283106 0 0)
(0.283084 0 0)
(0.283062 0 0)
(0.283039 0 0)
(0.283017 0 0)
(0.282994 0 0)
(0.282972 0 0)
(0.282949 0 0)
(0.282927 0 0)
(0.282904 0 0)
(0.282882 0 0)
(0.282859 0 0)
(0.282837 0 0)
(0.282814 0 0)
(0.282792 0 0)
(0.282769 0 0)
(0.282746 0 0)
(0.282724 0 0)
(0.282701 0 0)
(0.282679 0 0)
(0.282656 0 0)
(0.282633 0 0)
(0.28261 0 0)
(0.282588 0 0)
(0.282565 0 0)
(0.282542 0 0)
(0.282519 0 0)
(0.282496 0 0)
(0.282474 0 0)
(0.282451 0 0)
(0.282428 0 0)
(0.282405 0 0)
(0.282382 0 0)
(0.282359 0 0)
(0.282336 0 0)
(0.282313 0 0)
(0.28229 0 0)
(0.282267 0 0)
(0.282244 0 0)
(0.282221 0 0)
(0.282198 0 0)
(0.282175 0 0)
(0.282152 0 0)
(0.282129 0 0)
(0.282106 0 0)
(0.282083 0 0)
(0.282059 0 0)
(0.282036 0 0)
(0.282013 0 0)
(0.28199 0 0)
(0.281967 0 0)
(0.281943 0 0)
(0.28192 0 0)
(0.281897 0 0)
(0.281873 0 0)
(0.28185 0 0)
(0.281827 0 0)
(0.281803 0 0)
(0.28178 0 0)
(0.281757 0 0)
(0.281733 0 0)
(0.28171 0 0)
(0.281686 0 0)
(0.281663 0 0)
(0.281639 0 0)
(0.281616 0 0)
(0.281592 0 0)
(0.281569 0 0)
(0.281545 0 0)
(0.281522 0 0)
(0.281498 0 0)
(0.281475 0 0)
(0.281451 0 0)
(0.281427 0 0)
(0.281404 0 0)
(0.28138 0 0)
(0.281356 0 0)
(0.281333 0 0)
(0.281309 0 0)
(0.281285 0 0)
(0.281262 0 0)
(0.281238 0 0)
(0.281214 0 0)
(0.28119 0 0)
(0.281166 0 0)
(0.281143 0 0)
(0.281119 0 0)
(0.281095 0 0)
(0.281071 0 0)
(0.281047 0 0)
(0.281023 0 0)
(0.280999 0 0)
(0.280975 0 0)
(0.280951 0 0)
(0.280927 0 0)
(0.280903 0 0)
(0.280879 0 0)
(0.280855 0 0)
(0.280831 0 0)
(0.280807 0 0)
(0.280783 0 0)
(0.280759 0 0)
(0.280735 0 0)
(0.280711 0 0)
(0.280687 0 0)
(0.280662 0 0)
(0.280638 0 0)
(0.280614 0 0)
(0.28059 0 0)
(0.280566 0 0)
(0.280541 0 0)
(0.280517 0 0)
(0.280493 0 0)
(0.280469 0 0)
(0.280444 0 0)
(0.28042 0 0)
(0.280396 0 0)
(0.280371 0 0)
(0.280347 0 0)
(0.280322 0 0)
(0.280298 0 0)
(0.280274 0 0)
(0.280249 0 0)
(0.280225 0 0)
(0.2802 0 0)
(0.280176 0 0)
(0.280151 0 0)
(0.280127 0 0)
(0.280102 0 0)
(0.280078 0 0)
(0.280053 0 0)
(0.280029 0 0)
(0.280004 0 0)
(0.279979 0 0)
(0.279955 0 0)
(0.27993 0 0)
(0.279905 0 0)
(0.279881 0 0)
(0.279856 0 0)
(0.279831 0 0)
(0.279807 0 0)
(0.279782 0 0)
(0.279757 0 0)
(0.279732 0 0)
(0.279708 0 0)
(0.279683 0 0)
(0.279658 0 0)
(0.279633 0 0)
(0.279608 0 0)
(0.279584 0 0)
(0.279559 0 0)
(0.279534 0 0)
(0.279509 0 0)
(0.279484 0 0)
(0.279459 0 0)
(0.279434 0 0)
(0.279409 0 0)
(0.279384 0 0)
(0.279359 0 0)
(0.279334 0 0)
(0.279309 0 0)
(0.279284 0 0)
(0.279259 0 0)
(0.279234 0 0)
(0.279209 0 0)
(0.279184 0 0)
(0.279159 0 0)
(0.279133 0 0)
(0.279108 0 0)
(0.279083 0 0)
(0.279058 0 0)
(0.279033 0 0)
(0.279008 0 0)
(0.278982 0 0)
(0.278957 0 0)
(0.278932 0 0)
(0.278907 0 0)
(0.278881 0 0)
(0.278856 0 0)
(0.278831 0 0)
(0.278805 0 0)
(0.27878 0 0)
(0.278755 0 0)
(0.278729 0 0)
(0.278704 0 0)
(0.278679 0 0)
(0.278653 0 0)
(0.278628 0 0)
(0.278602 0 0)
(0.278577 0 0)
(0.278551 0 0)
(0.278526 0 0)
(0.2785 0 0)
(0.278475 0 0)
(0.278449 0 0)
(0.278424 0 0)
(0.278398 0 0)
(0.278373 0 0)
(0.278347 0 0)
(0.278321 0 0)
(0.278296 0 0)
(0.27827 0 0)
(0.278244 0 0)
(0.278219 0 0)
(0.278193 0 0)
(0.278167 0 0)
(0.278142 0 0)
(0.278116 0 0)
(0.27809 0 0)
(0.278064 0 0)
(0.278039 0 0)
(0.278013 0 0)
(0.277987 0 0)
(0.277961 0 0)
(0.277935 0 0)
(0.27791 0 0)
(0.277884 0 0)
(0.277858 0 0)
(0.277832 0 0)
(0.277806 0 0)
(0.27778 0 0)
(0.277754 0 0)
(0.277728 0 0)
(0.277702 0 0)
(0.277676 0 0)
(0.27765 0 0)
(0.277624 0 0)
(0.277598 0 0)
(0.277572 0 0)
(0.277546 0 0)
(0.27752 0 0)
(0.277494 0 0)
(0.277468 0 0)
(0.277442 0 0)
(0.277416 0 0)
(0.27739 0 0)
(0.277364 0 0)
(0.277337 0 0)
(0.277311 0 0)
(0.277285 0 0)
(0.277259 0 0)
(0.277233 0 0)
(0.277206 0 0)
(0.27718 0 0)
(0.277154 0 0)
(0.277128 0 0)
(0.277101 0 0)
(0.277075 0 0)
(0.277049 0 0)
(0.277022 0 0)
(0.276996 0 0)
(0.27697 0 0)
(0.276943 0 0)
(0.276917 0 0)
(0.276891 0 0)
(0.276864 0 0)
(0.276838 0 0)
(0.276811 0 0)
(0.276785 0 0)
(0.276758 0 0)
(0.276732 0 0)
(0.276705 0 0)
(0.276679 0 0)
(0.276652 0 0)
(0.276626 0 0)
(0.276599 0 0)
(0.276573 0 0)
(0.276546 0 0)
(0.27652 0 0)
(0.276493 0 0)
(0.276466 0 0)
(0.27644 0 0)
(0.276413 0 0)
(0.276386 0 0)
(0.27636 0 0)
(0.276333 0 0)
(0.276306 0 0)
(0.27628 0 0)
(0.276253 0 0)
(0.276226 0 0)
(0.276199 0 0)
(0.276173 0 0)
(0.276146 0 0)
(0.276119 0 0)
(0.276092 0 0)
(0.276065 0 0)
(0.276039 0 0)
(0.276012 0 0)
(0.275985 0 0)
(0.275958 0 0)
(0.275931 0 0)
(0.275904 0 0)
(0.275877 0 0)
(0.27585 0 0)
(0.275823 0 0)
(0.275796 0 0)
(0.275769 0 0)
(0.275743 0 0)
(0.275715 0 0)
(0.275688 0 0)
(0.275661 0 0)
(0.275634 0 0)
(0.275607 0 0)
(0.27558 0 0)
(0.275553 0 0)
(0.275526 0 0)
(0.275499 0 0)
(0.275472 0 0)
(0.275445 0 0)
(0.275418 0 0)
(0.27539 0 0)
(0.275363 0 0)
(0.275336 0 0)
(0.275309 0 0)
(0.275282 0 0)
(0.275254 0 0)
(0.275227 0 0)
(0.2752 0 0)
(0.275173 0 0)
(0.275145 0 0)
(0.275118 0 0)
(0.275091 0 0)
(0.275063 0 0)
(0.275036 0 0)
(0.275009 0 0)
(0.274981 0 0)
(0.274954 0 0)
(0.274927 0 0)
(0.274899 0 0)
(0.274872 0 0)
(0.274844 0 0)
(0.274817 0 0)
(0.274789 0 0)
(0.274762 0 0)
(0.274735 0 0)
(0.274707 0 0)
(0.27468 0 0)
(0.274652 0 0)
(0.274624 0 0)
(0.274597 0 0)
(0.274569 0 0)
(0.274542 0 0)
(0.274514 0 0)
(0.274487 0 0)
(0.274459 0 0)
(0.274431 0 0)
(0.274404 0 0)
(0.274376 0 0)
(0.274348 0 0)
(0.274321 0 0)
(0.274293 0 0)
(0.274265 0 0)
(0.274238 0 0)
(0.27421 0 0)
(0.274182 0 0)
(0.274154 0 0)
(0.274127 0 0)
(0.274099 0 0)
(0.274071 0 0)
(0.274043 0 0)
(0.274015 0 0)
(0.273987 0 0)
(0.27396 0 0)
(0.273932 0 0)
(0.273904 0 0)
(0.273876 0 0)
(0.273848 0 0)
(0.27382 0 0)
(0.273792 0 0)
(0.273764 0 0)
(0.273736 0 0)
(0.273708 0 0)
(0.27368 0 0)
(0.273652 0 0)
(0.273624 0 0)
(0.273596 0 0)
(0.273568 0 0)
(0.27354 0 0)
(0.273512 0 0)
(0.273484 0 0)
(0.273456 0 0)
(0.273428 0 0)
(0.2734 0 0)
(0.273372 0 0)
(0.273344 0 0)
(0.273315 0 0)
(0.273287 0 0)
(0.273259 0 0)
(0.273231 0 0)
(0.273203 0 0)
(0.273175 0 0)
(0.273146 0 0)
(0.273118 0 0)
(0.27309 0 0)
(0.273062 0 0)
(0.273033 0 0)
(0.273005 0 0)
(0.272977 0 0)
(0.272948 0 0)
(0.27292 0 0)
(0.272892 0 0)
(0.272863 0 0)
(0.272835 0 0)
(0.272807 0 0)
(0.272778 0 0)
(0.27275 0 0)
(0.272721 0 0)
(0.272693 0 0)
(0.272665 0 0)
(0.272636 0 0)
(0.272608 0 0)
(0.272579 0 0)
(0.272551 0 0)
(0.272522 0 0)
(0.272494 0 0)
(0.272465 0 0)
(0.272437 0 0)
(0.272408 0 0)
(0.272379 0 0)
(0.272351 0 0)
(0.272322 0 0)
(0.272294 0 0)
(0.272265 0 0)
(0.272236 0 0)
(0.272208 0 0)
(0.272179 0 0)
(0.27215 0 0)
(0.272122 0 0)
(0.272093 0 0)
(0.272064 0 0)
(0.272036 0 0)
(0.272007 0 0)
(0.271978 0 0)
(0.271949 0 0)
(0.271921 0 0)
(0.271892 0 0)
(0.271863 0 0)
(0.271834 0 0)
(0.271805 0 0)
(0.271776 0 0)
(0.271748 0 0)
(0.271719 0 0)
(0.27169 0 0)
(0.271661 0 0)
(0.271632 0 0)
(0.271603 0 0)
(0.271574 0 0)
(0.271545 0 0)
(0.271516 0 0)
(0.271487 0 0)
(0.271458 0 0)
(0.271429 0 0)
(0.2714 0 0)
(0.271371 0 0)
(0.271342 0 0)
(0.271313 0 0)
(0.271284 0 0)
(0.271255 0 0)
(0.271226 0 0)
(0.271197 0 0)
(0.271168 0 0)
(0.271139 0 0)
(0.27111 0 0)
(0.271081 0 0)
(0.271051 0 0)
(0.271022 0 0)
(0.270993 0 0)
(0.270964 0 0)
(0.270935 0 0)
(0.270905 0 0)
(0.270876 0 0)
(0.270847 0 0)
(0.270818 0 0)
(0.270788 0 0)
(0.270759 0 0)
(0.27073 0 0)
(0.270701 0 0)
(0.270671 0 0)
(0.270642 0 0)
(0.270613 0 0)
(0.270583 0 0)
(0.270554 0 0)
(0.270525 0 0)
(0.270495 0 0)
(0.270466 0 0)
(0.270436 0 0)
(0.270407 0 0)
)
;

boundaryField
{
    inlet
    {
        type            fractionalVelocity;
        U               1((1 0 0));
        fractionalFlow  Fb;
        value           uniform (0.290579 0 0);
    }
    outlet
    {
        type            zeroGradient;
    }
    emptyWalls
    {
        type            empty;
    }
}


// ************************************************************************* //
