/*--------------------------------*- C++ -*----------------------------------*\
  =========                 |
  \\      /  F ield         | OpenFOAM: The Open Source CFD Toolbox
   \\    /   O peration     | Website:  https://openfoam.org
    \\  /    A nd           | Version:  9
     \\/     M anipulation  |
\*---------------------------------------------------------------------------*/
FoamFile
{
    format      ascii;
    class       volScalarField;
    location    "6.4";
    object      kra;
}
// * * * * * * * * * * * * * * * * * * * * * * * * * * * * * * * * * * * * * //

dimensions      [0 0 0 0 0 0 0];

internalField   nonuniform List<scalar> 
1000
(
0.0146833
0.0146168
0.0145558
0.0144976
0.0144414
0.0143867
0.0143332
0.0142807
0.0142292
0.0141786
0.0141287
0.0140796
0.0140312
0.0139835
0.0139365
0.01389
0.0138442
0.0137989
0.0137542
0.01371
0.0136664
0.0136232
0.0135806
0.0135384
0.0134967
0.0134554
0.0134146
0.0133743
0.0133343
0.0132948
0.0132557
0.013217
0.0131786
0.0131407
0.0131031
0.0130659
0.0130291
0.0129926
0.0129565
0.0129207
0.0128852
0.0128501
0.0128153
0.0127808
0.0127466
0.0127127
0.0126791
0.0126459
0.0126129
0.0125802
0.0125477
0.0125156
0.0124837
0.0124521
0.0124208
0.0123897
0.0123589
0.0123283
0.012298
0.0122679
0.0122381
0.0122085
0.0121791
0.01215
0.0121211
0.0120924
0.0120639
0.0120357
0.0120076
0.0119798
0.0119522
0.0119248
0.0118976
0.0118705
0.0118437
0.0118171
0.0117907
0.0117645
0.0117384
0.0117125
0.0116869
0.0116614
0.011636
0.0116109
0.0115859
0.0115611
0.0115365
0.011512
0.0114877
0.0114635
0.0114396
0.0114157
0.0113921
0.0113685
0.0113452
0.011322
0.0112989
0.011276
0.0112532
0.0112306
0.0112081
0.0111858
0.0111636
0.0111415
0.0111196
0.0110978
0.0110761
0.0110546
0.0110332
0.0110119
0.0109908
0.0109698
0.0109489
0.0109281
0.0109075
0.0108869
0.0108665
0.0108462
0.0108261
0.010806
0.0107861
0.0107662
0.0107465
0.0107269
0.0107074
0.010688
0.0106688
0.0106496
0.0106305
0.0106115
0.0105927
0.0105739
0.0105553
0.0105367
0.0105183
0.0104999
0.0104816
0.0104635
0.0104454
0.0104274
0.0104095
0.0103917
0.010374
0.0103564
0.0103389
0.0103215
0.0103042
0.0102869
0.0102698
0.0102527
0.0102357
0.0102188
0.010202
0.0101852
0.0101686
0.010152
0.0101355
0.0101191
0.0101027
0.0100865
0.0100703
0.0100542
0.0100382
0.0100222
0.0100063
0.00999055
0.00997483
0.00995918
0.0099436
0.00992809
0.00991266
0.0098973
0.009882
0.00986678
0.00985163
0.00983654
0.00982153
0.00980658
0.0097917
0.00977688
0.00976213
0.00974745
0.00973283
0.00971828
0.00970378
0.00968936
0.00967499
0.00966069
0.00964645
0.00963227
0.00961815
0.0096041
0.0095901
0.00957616
0.00956228
0.00954846
0.0095347
0.00952099
0.00950735
0.00949376
0.00948022
0.00946674
0.00945332
0.00943995
0.00942664
0.00941338
0.00940018
0.00938703
0.00937393
0.00936088
0.00934789
0.00933495
0.00932206
0.00930922
0.00929643
0.0092837
0.00927101
0.00925837
0.00924579
0.00923325
0.00922076
0.00920832
0.00919592
0.00918358
0.00917128
0.00915902
0.00914682
0.00913466
0.00912255
0.00911048
0.00909846
0.00908648
0.00907455
0.00906266
0.00905082
0.00903902
0.00902727
0.00901555
0.00900388
0.00899226
0.00898067
0.00896913
0.00895763
0.00894617
0.00893475
0.00892338
0.00891204
0.00890075
0.00888949
0.00887827
0.0088671
0.00885596
0.00884487
0.00883381
0.00882279
0.00881181
0.00880086
0.00878996
0.00877909
0.00876826
0.00875747
0.00874671
0.00873599
0.00872531
0.00871467
0.00870406
0.00869348
0.00868294
0.00867244
0.00866197
0.00865154
0.00864114
0.00863078
0.00862045
0.00861015
0.00859989
0.00858966
0.00857947
0.0085693
0.00855918
0.00854908
0.00853902
0.00852899
0.00851899
0.00850902
0.00849909
0.00848919
0.00847931
0.00846947
0.00845967
0.00844989
0.00844014
0.00843042
0.00842074
0.00841108
0.00840146
0.00839186
0.00838229
0.00837276
0.00836325
0.00835377
0.00834432
0.0083349
0.00832551
0.00831615
0.00830681
0.0082975
0.00828822
0.00827897
0.00826975
0.00826055
0.00825138
0.00824224
0.00823313
0.00822404
0.00821498
0.00820594
0.00819694
0.00818796
0.008179
0.00817007
0.00816117
0.00815229
0.00814344
0.00813461
0.00812581
0.00811703
0.00810828
0.00809955
0.00809085
0.00808217
0.00807352
0.00806489
0.00805628
0.0080477
0.00803914
0.00803061
0.0080221
0.00801361
0.00800515
0.00799671
0.00798829
0.0079799
0.00797152
0.00796318
0.00795485
0.00794654
0.00793826
0.00793
0.00792177
0.00791355
0.00790536
0.00789718
0.00788903
0.0078809
0.00787279
0.00786471
0.00785664
0.00784859
0.00784057
0.00783257
0.00782458
0.00781662
0.00780868
0.00780075
0.00779285
0.00778497
0.0077771
0.00776926
0.00776144
0.00775363
0.00774585
0.00773808
0.00773033
0.0077226
0.00771489
0.0077072
0.00769953
0.00769188
0.00768424
0.00767662
0.00766903
0.00766144
0.00765388
0.00764633
0.00763881
0.00763129
0.0076238
0.00761632
0.00760886
0.00760142
0.007594
0.00758659
0.00757919
0.00757182
0.00756446
0.00755711
0.00754979
0.00754247
0.00753518
0.0075279
0.00752063
0.00751338
0.00750614
0.00749892
0.00749172
0.00748453
0.00747735
0.00747019
0.00746304
0.00745591
0.00744879
0.00744168
0.00743459
0.00742751
0.00742044
0.00741339
0.00740634
0.00739932
0.0073923
0.00738529
0.0073783
0.00737132
0.00736435
0.00735739
0.00735044
0.00734351
0.00733658
0.00732966
0.00732276
0.00731586
0.00730897
0.00730209
0.00729522
0.00728836
0.0072815
0.00727466
0.00726782
0.00726098
0.00725415
0.00724733
0.00724052
0.0072337
0.0072269
0.00722009
0.00721329
0.00720649
0.00719969
0.0071929
0.0071861
0.00717931
0.00717251
0.00716571
0.00715891
0.0071521
0.00714529
0.00713847
0.00713164
0.00712481
0.00711796
0.0071111
0.00710423
0.00709734
0.00709044
0.00708352
0.00707657
0.00706961
0.00706261
0.00705559
0.00704853
0.00704144
0.00703431
0.00702714
0.00701991
0.00701264
0.00700531
0.00699791
0.00699044
0.0069829
0.00697526
0.00696754
0.00695971
0.00695176
0.00694368
0.00693545
0.00692707
0.00691851
0.00690974
0.00690075
0.0068915
0.00688197
0.00687211
0.00686187
0.00685121
0.00684006
0.00682835
0.00681597
0.00680282
0.00678876
0.00677362
0.00675717
0.00673913
0.00671916
0.00669675
0.00667128
0.00664184
0.00660716
0.00656537
0.00651363
0.00644732
0.00635859
0.00623289
0.00604032
0.00571084
0.00504488
0.00352254
0.00346666
0.00337835
0.00325388
0.00310761
0.00295679
0.00282051
0.00271889
0.00267014
0.00268474
0.002758
0.00286595
0.00297277
0.00304795
0.00307927
0.00307174
0.00303867
0.002994
0.002949
0.00291165
0.00288687
0.00287673
0.00288055
0.00289515
0.00291561
0.00293648
0.00295319
0.00296299
0.00296528
0.00296124
0.0029531
0.0029434
0.00293441
0.00292777
0.00292432
0.00292411
0.00292653
0.00293055
0.00293503
0.00293893
0.00294157
0.00294267
0.00294232
0.00294089
0.0029389
0.00293685
0.00293518
0.00293412
0.00293376
0.00293401
0.00293468
0.00293552
0.0029363
0.00293686
0.0029371
0.00293702
0.00293667
0.00293616
0.00293561
0.00293512
0.00293476
0.00293458
0.00293456
0.00293469
0.00293491
0.00293517
0.00293542
0.00293564
0.0029358
0.00293592
0.00293599
0.00293605
0.00293611
0.00293617
0.00293625
0.00293635
0.00293647
0.00293658
0.00293669
0.00293678
0.00293684
0.00293689
0.00293691
0.00293692
0.00293692
0.00293691
0.0029369
0.00293689
0.00293689
0.0029369
0.00293691
0.00293691
0.00293692
0.00293693
0.00293693
0.00293693
0.00293693
0.00293693
0.00293692
0.00293692
0.00293692
0.00293691
0.00293691
0.00293691
0.00293691
0.00293691
0.00293691
0.00293691
0.00293691
0.00293691
0.00293691
0.0029369
0.0029369
0.0029369
0.00293689
0.00293688
0.00293688
0.00293687
0.00293686
0.00293685
0.00293684
0.00293682
0.00293681
0.00293679
0.00293677
0.00293674
0.00293671
0.00293668
0.00293665
0.00293661
0.00293657
0.00293653
0.00293648
0.00293643
0.00293638
0.00293633
0.00293628
0.00293622
0.00293617
0.00293612
0.00293607
0.00293603
0.00293599
0.00293595
0.00293592
0.0029359
0.00293588
0.00293587
0.00293587
0.00293587
0.00293588
0.0029359
0.00293593
0.00293596
0.002936
0.00293604
0.00293609
0.00293614
0.00293619
0.00293625
0.0029363
0.00293636
0.00293642
0.00293647
0.00293652
0.00293657
0.00293662
0.00293667
0.00293671
0.00293674
0.00293678
0.00293681
0.00293684
0.00293686
0.00293688
0.0029369
0.00293692
0.00293693
0.00293694
0.00293695
0.00293696
0.00293696
0.00293696
0.00293696
0.00293696
0.00293696
0.00293695
0.00293695
0.00293694
0.00293693
0.00293692
0.00293691
0.00293689
0.00293688
0.00293686
0.00293684
0.00293682
0.00293679
0.00293677
0.00293674
0.00293671
0.00293669
0.00293665
0.00293662
0.00293659
0.00293655
0.00293652
0.00293648
0.00293645
0.00293642
0.00293638
0.00293635
0.00293632
0.00293629
0.00293626
0.00293624
0.00293622
0.0029362
0.00293618
0.00293617
0.00293617
0.00293616
0.00293616
0.00293617
0.00293617
0.00293619
0.0029362
0.00293622
0.00293624
0.00293627
0.0029363
0.00293633
0.00293636
0.00293639
0.00293642
0.00293646
0.00293649
0.00293653
0.00293656
0.0029366
0.00293663
0.00293666
0.00293669
0.00293671
0.00293674
0.00293676
0.00293678
0.00293679
0.00293681
0.00293682
0.00293683
0.00293683
0.00293684
0.00293684
0.00293683
0.00293683
0.00293682
0.00293681
0.00293679
0.00293678
0.00293676
0.00293674
0.00293672
0.0029367
0.00293668
0.00293665
0.00293663
0.0029366
0.00293658
0.00293655
0.00293653
0.0029365
0.00293648
0.00293646
0.00293643
0.00293641
0.00293639
0.00293638
0.00293636
0.00293635
0.00293634
0.00293633
0.00293633
0.00293632
0.00293632
0.00293632
0.00293633
0.00293633
0.00293634
0.00293635
0.00293636
0.00293638
0.00293639
0.00293641
0.00293642
0.00293644
0.00293646
0.00293647
0.00293649
0.00293651
0.00293652
0.00293654
0.00293655
0.00293656
0.00293657
0.00293658
0.00293659
0.00293659
0.0029366
0.0029366
0.0029366
0.0029366
0.0029366
0.00293659
0.00293659
0.00293658
0.00293657
0.00293657
0.00293656
0.00293655
0.00293654
0.00293652
0.00293651
0.0029365
0.00293649
0.00293649
0.00293648
0.00293647
0.00293646
0.00293646
0.00293645
0.00293645
0.00293645
0.00293645
0.00293645
0.00293645
0.00293646
0.00293646
0.00293647
0.00293648
0.00293649
0.0029365
0.00293651
0.00293652
0.00293653
0.00293654
0.00293655
0.00293656
0.00293657
0.00293658
0.00293659
0.0029366
0.00293661
0.00293662
0.00293662
0.00293663
0.00293663
0.00293663
0.00293663
0.00293663
0.00293663
0.00293663
0.00293663
0.00293662
0.00293661
0.00293661
0.0029366
0.00293659
0.00293658
0.00293657
0.00293656
0.00293655
0.00293654
0.00293653
0.00293652
0.00293651
0.0029365
0.00293649
0.00293648
0.00293647
0.00293647
0.00293646
0.00293645
0.00293645
0.00293644
0.00293644
0.00293644
0.00293643
0.00293643
0.00293643
0.00293643
0.00293643
0.00293643
0.00293643
0.00293643
0.00293643
0.00293644
0.00293644
0.00293644
0.00293645
0.00293645
0.00293645
0.00293646
0.00293646
0.00293647
0.00293647
0.00293648
0.00293648
0.00293649
0.00293649
0.0029365
0.0029365
0.00293651
0.00293652
0.00293652
0.00293653
0.00293654
0.00293655
0.00293655
0.00293656
0.00293657
0.00293658
0.00293659
0.0029366
0.00293661
0.00293662
0.00293663
0.00293664
0.00293665
0.00293666
0.00293667
0.00293668
0.00293669
0.0029367
0.00293671
0.00293672
0.00293672
0.00293673
0.00293674
0.00293674
0.00293675
0.00293675
0.00293675
0.00293676
0.00293676
0.00293676
0.00293676
0.00293676
0.00293676
0.00293676
0.00293675
0.00293675
0.00293675
0.00293674
0.00293674
0.00293673
0.00293673
0.00293672
0.00293671
0.00293671
0.0029367
0.00293669
0.00293669
0.00293668
0.00293667
0.00293667
0.00293666
0.00293666
0.00293665
0.00293665
0.00293664
0.00293664
0.00293663
0.00293663
0.00293662
0.00293661
0.00293658
0.00293647
0.00293599
0.00293417
0.00292909
0.00295493
0.00368247
0.00580089
0.00623061
)
;

boundaryField
{
    inlet
    {
        type            calculated;
        value           uniform 0.0147929;
    }
    outlet
    {
        type            calculated;
        value           uniform 0.00623061;
    }
    emptyWalls
    {
        type            empty;
    }
}


// ************************************************************************* //
