/*--------------------------------*- C++ -*----------------------------------*\
  =========                 |
  \\      /  F ield         | OpenFOAM: The Open Source CFD Toolbox
   \\    /   O peration     | Website:  https://openfoam.org
    \\  /    A nd           | Version:  9
     \\/     M anipulation  |
\*---------------------------------------------------------------------------*/
FoamFile
{
    format      ascii;
    class       surfaceScalarField;
    location    "19.5";
    object      phia;
}
// * * * * * * * * * * * * * * * * * * * * * * * * * * * * * * * * * * * * * //

dimensions      [0 2 0 0 0 0 0];

internalField   nonuniform List<scalar> 
999
(
0.709421
0.709421
0.70942
0.70942
0.70942
0.709419
0.709418
0.709418
0.709417
0.709416
0.709415
0.709414
0.709413
0.709412
0.709411
0.70941
0.709408
0.709407
0.709406
0.709404
0.709403
0.709401
0.709399
0.709398
0.709396
0.709394
0.709392
0.70939
0.709388
0.709386
0.709384
0.709381
0.709379
0.709377
0.709374
0.709372
0.709369
0.709367
0.709364
0.709362
0.709359
0.709356
0.709353
0.70935
0.709347
0.709344
0.709341
0.709338
0.709335
0.709332
0.709329
0.709325
0.709322
0.709319
0.709315
0.709312
0.709308
0.709305
0.709301
0.709297
0.709294
0.70929
0.709286
0.709282
0.709278
0.709274
0.70927
0.709266
0.709262
0.709258
0.709254
0.709249
0.709245
0.709241
0.709236
0.709232
0.709227
0.709223
0.709218
0.709214
0.709209
0.709204
0.7092
0.709195
0.70919
0.709185
0.70918
0.709175
0.70917
0.709165
0.70916
0.709155
0.70915
0.709145
0.70914
0.709135
0.709129
0.709124
0.709119
0.709113
0.709108
0.709102
0.709097
0.709091
0.709086
0.70908
0.709074
0.709069
0.709063
0.709057
0.709051
0.709045
0.70904
0.709034
0.709028
0.709022
0.709016
0.70901
0.709004
0.708998
0.708991
0.708985
0.708979
0.708973
0.708966
0.70896
0.708954
0.708947
0.708941
0.708934
0.708928
0.708921
0.708915
0.708908
0.708902
0.708895
0.708888
0.708882
0.708875
0.708868
0.708861
0.708855
0.708848
0.708841
0.708834
0.708827
0.70882
0.708813
0.708806
0.708799
0.708792
0.708785
0.708778
0.70877
0.708763
0.708756
0.708749
0.708741
0.708734
0.708727
0.708719
0.708712
0.708704
0.708697
0.708689
0.708682
0.708674
0.708667
0.708659
0.708652
0.708644
0.708636
0.708629
0.708621
0.708613
0.708605
0.708598
0.70859
0.708582
0.708574
0.708566
0.708558
0.70855
0.708542
0.708534
0.708526
0.708518
0.70851
0.708502
0.708494
0.708486
0.708477
0.708469
0.708461
0.708453
0.708444
0.708436
0.708428
0.708419
0.708411
0.708403
0.708394
0.708386
0.708377
0.708369
0.70836
0.708352
0.708343
0.708335
0.708326
0.708317
0.708309
0.7083
0.708291
0.708283
0.708274
0.708265
0.708256
0.708248
0.708239
0.70823
0.708221
0.708212
0.708203
0.708194
0.708185
0.708176
0.708167
0.708158
0.708149
0.70814
0.708131
0.708122
0.708113
0.708104
0.708095
0.708086
0.708076
0.708067
0.708058
0.708049
0.708039
0.70803
0.708021
0.708011
0.708002
0.707993
0.707983
0.707974
0.707964
0.707955
0.707946
0.707936
0.707927
0.707917
0.707908
0.707898
0.707888
0.707879
0.707869
0.70786
0.70785
0.70784
0.707831
0.707821
0.707811
0.707801
0.707792
0.707782
0.707772
0.707762
0.707752
0.707743
0.707733
0.707723
0.707713
0.707703
0.707693
0.707683
0.707673
0.707663
0.707653
0.707643
0.707633
0.707623
0.707613
0.707603
0.707593
0.707583
0.707572
0.707562
0.707552
0.707542
0.707532
0.707522
0.707511
0.707501
0.707491
0.707481
0.70747
0.70746
0.70745
0.707439
0.707429
0.707418
0.707408
0.707398
0.707387
0.707377
0.707366
0.707356
0.707345
0.707335
0.707324
0.707314
0.707303
0.707293
0.707282
0.707272
0.707261
0.70725
0.70724
0.707229
0.707218
0.707208
0.707197
0.707186
0.707176
0.707165
0.707154
0.707143
0.707133
0.707122
0.707111
0.7071
0.707089
0.707078
0.707068
0.707057
0.707046
0.707035
0.707024
0.707013
0.707002
0.706991
0.70698
0.706969
0.706958
0.706947
0.706936
0.706925
0.706914
0.706903
0.706892
0.706881
0.70687
0.706859
0.706848
0.706836
0.706825
0.706814
0.706803
0.706792
0.70678
0.706769
0.706758
0.706747
0.706735
0.706724
0.706713
0.706702
0.70669
0.706679
0.706668
0.706656
0.706645
0.706634
0.706622
0.706611
0.706599
0.706588
0.706577
0.706565
0.706554
0.706542
0.706531
0.706519
0.706508
0.706496
0.706485
0.706473
0.706461
0.70645
0.706438
0.706427
0.706415
0.706404
0.706392
0.70638
0.706369
0.706357
0.706345
0.706334
0.706322
0.70631
0.706299
0.706287
0.706275
0.706263
0.706252
0.70624
0.706228
0.706216
0.706204
0.706193
0.706181
0.706169
0.706157
0.706145
0.706133
0.706121
0.70611
0.706098
0.706086
0.706074
0.706062
0.70605
0.706038
0.706026
0.706014
0.706002
0.70599
0.705978
0.705966
0.705954
0.705942
0.70593
0.705918
0.705906
0.705894
0.705882
0.70587
0.705857
0.705845
0.705833
0.705821
0.705809
0.705797
0.705785
0.705772
0.70576
0.705748
0.705736
0.705724
0.705711
0.705699
0.705687
0.705675
0.705662
0.70565
0.705638
0.705625
0.705613
0.705601
0.705588
0.705576
0.705564
0.705551
0.705539
0.705527
0.705514
0.705502
0.705489
0.705477
0.705465
0.705452
0.70544
0.705427
0.705415
0.705402
0.70539
0.705377
0.705365
0.705352
0.70534
0.705327
0.705315
0.705302
0.70529
0.705277
0.705265
0.705252
0.70524
0.705227
0.705214
0.705202
0.705189
0.705176
0.705164
0.705151
0.705139
0.705126
0.705113
0.7051
0.705088
0.705075
0.705062
0.70505
0.705037
0.705024
0.705011
0.704999
0.704986
0.704973
0.70496
0.704948
0.704935
0.704922
0.704909
0.704896
0.704884
0.704871
0.704858
0.704845
0.704832
0.704819
0.704806
0.704794
0.704781
0.704768
0.704755
0.704742
0.704729
0.704716
0.704703
0.70469
0.704677
0.704664
0.704651
0.704638
0.704625
0.704612
0.704599
0.704586
0.704573
0.70456
0.704547
0.704534
0.704521
0.704508
0.704495
0.704482
0.704469
0.704456
0.704443
0.70443
0.704417
0.704403
0.70439
0.704377
0.704364
0.704351
0.704338
0.704325
0.704311
0.704298
0.704285
0.704272
0.704259
0.704245
0.704232
0.704219
0.704206
0.704193
0.704179
0.704166
0.704153
0.70414
0.704126
0.704113
0.7041
0.704086
0.704073
0.70406
0.704046
0.704033
0.70402
0.704007
0.703993
0.70398
0.703966
0.703953
0.70394
0.703926
0.703913
0.7039
0.703886
0.703873
0.703859
0.703846
0.703833
0.703819
0.703806
0.703792
0.703779
0.703765
0.703752
0.703738
0.703725
0.703711
0.703698
0.703684
0.703671
0.703657
0.703644
0.70363
0.703617
0.703603
0.70359
0.703576
0.703563
0.703549
0.703535
0.703522
0.703508
0.703495
0.703481
0.703467
0.703454
0.70344
0.703427
0.703413
0.703399
0.703386
0.703372
0.703358
0.703345
0.703331
0.703317
0.703304
0.70329
0.703276
0.703263
0.703249
0.703235
0.703221
0.703208
0.703194
0.70318
0.703167
0.703153
0.703139
0.703125
0.703111
0.703098
0.703084
0.70307
0.703056
0.703043
0.703029
0.703015
0.703001
0.702987
0.702973
0.70296
0.702946
0.702932
0.702918
0.702904
0.70289
0.702876
0.702863
0.702849
0.702835
0.702821
0.702807
0.702793
0.702779
0.702765
0.702751
0.702737
0.702724
0.70271
0.702696
0.702682
0.702668
0.702654
0.70264
0.702626
0.702612
0.702598
0.702584
0.70257
0.702556
0.702542
0.702528
0.702514
0.7025
0.702486
0.702472
0.702458
0.702444
0.70243
0.702416
0.702401
0.702387
0.702373
0.702359
0.702345
0.702331
0.702317
0.702303
0.702289
0.702275
0.70226
0.702246
0.702232
0.702218
0.702204
0.70219
0.702176
0.702161
0.702147
0.702133
0.702119
0.702105
0.702091
0.702076
0.702062
0.702048
0.702034
0.70202
0.702005
0.701991
0.701977
0.701963
0.701948
0.701934
0.70192
0.701906
0.701892
0.701877
0.701863
0.701849
0.701834
0.70182
0.701806
0.701792
0.701777
0.701763
0.701749
0.701734
0.70172
0.701706
0.701691
0.701677
0.701663
0.701648
0.701634
0.70162
0.701605
0.701591
0.701577
0.701562
0.701548
0.701533
0.701519
0.701505
0.70149
0.701476
0.701461
0.701447
0.701433
0.701418
0.701404
0.701389
0.701375
0.70136
0.701346
0.701332
0.701317
0.701303
0.701288
0.701274
0.701259
0.701245
0.70123
0.701216
0.701201
0.701187
0.701172
0.701158
0.701143
0.701129
0.701114
0.7011
0.701085
0.701071
0.701056
0.701042
0.701027
0.701012
0.700998
0.700983
0.700969
0.700954
0.70094
0.700925
0.70091
0.700896
0.700881
0.700867
0.700852
0.700837
0.700823
0.700808
0.700794
0.700779
0.700764
0.70075
0.700735
0.70072
0.700706
0.700691
0.700676
0.700662
0.700647
0.700632
0.700618
0.700603
0.700588
0.700574
0.700559
0.700544
0.70053
0.700515
0.7005
0.700485
0.700471
0.700456
0.700441
0.700426
0.700412
0.700397
0.700382
0.700367
0.700353
0.700338
0.700323
0.700308
0.700294
0.700279
0.700264
0.700249
0.700235
0.70022
0.700205
0.70019
0.700175
0.70016
0.700146
0.700131
0.700116
0.700101
0.700086
0.700072
0.700057
0.700042
0.700027
0.700012
0.699997
0.699982
0.699968
0.699953
0.699938
0.699923
0.699908
0.699893
0.699878
0.699863
0.699848
0.699834
0.699819
0.699804
0.699789
0.699774
0.699759
0.699744
0.699729
0.699714
0.699699
0.699684
0.699669
0.699654
0.699639
0.699624
0.69961
0.699595
0.69958
0.699565
0.69955
0.699535
0.69952
0.699505
0.69949
0.699475
0.69946
0.699445
0.69943
0.699415
0.6994
0.699385
0.69937
0.699355
0.699339
0.699324
0.699309
0.699294
0.699279
0.699264
0.699249
0.699234
0.699219
0.699204
0.699189
0.699174
0.699159
0.699144
0.699129
0.699113
0.699098
0.699083
0.699068
0.699053
0.699038
0.699023
0.699008
0.698993
0.698977
0.698962
0.698947
0.698932
0.698917
0.698902
0.698887
0.698871
0.698856
0.698841
0.698826
0.698811
0.698796
0.69878
0.698765
0.69875
0.698735
0.69872
0.698705
0.698689
0.698674
0.698659
0.698644
0.698628
0.698613
0.698598
0.698583
0.698568
0.698552
0.698537
0.698522
0.698507
0.698491
0.698476
0.698461
0.698446
0.69843
0.698415
0.6984
0.698385
0.698369
0.698354
0.698339
0.698323
0.698308
0.698293
0.698278
0.698262
0.698247
0.698232
0.698216
0.698201
0.698186
0.69817
0.698155
0.69814
0.698124
0.698109
0.698094
0.698078
0.698063
)
;

boundaryField
{
    inlet
    {
        type            calculated;
        value           uniform -0.709421;
    }
    outlet
    {
        type            calculated;
        value           uniform 0.698048;
    }
    emptyWalls
    {
        type            empty;
        value           nonuniform List<scalar> 0();
    }
}


// ************************************************************************* //
