/*--------------------------------*- C++ -*----------------------------------*\
  =========                 |
  \\      /  F ield         | OpenFOAM: The Open Source CFD Toolbox
   \\    /   O peration     | Website:  https://openfoam.org
    \\  /    A nd           | Version:  9
     \\/     M anipulation  |
\*---------------------------------------------------------------------------*/
FoamFile
{
    format      ascii;
    class       volScalarField;
    location    "4.4";
    object      Sc;
}
// * * * * * * * * * * * * * * * * * * * * * * * * * * * * * * * * * * * * * //

dimensions      [0 0 0 0 0 0 0];

internalField   nonuniform List<scalar> 
1000
(
0.00345962
0.00555229
0.00746851
0.00929156
0.0110509
0.0127608
0.0144296
0.0160628
0.017664
0.0192362
0.0207813
0.0223013
0.0237975
0.0252712
0.0267234
0.0281551
0.0295671
0.0309602
0.0323351
0.0336923
0.0350325
0.0363562
0.0376639
0.038956
0.0402331
0.0414955
0.0427436
0.0439779
0.0451986
0.0464061
0.0476007
0.0487828
0.0499526
0.0511104
0.0522565
0.0533912
0.0545147
0.0556272
0.056729
0.0578203
0.0589013
0.0599723
0.0610335
0.0620849
0.0631269
0.0641597
0.0651833
0.066198
0.0672039
0.0682013
0.0691902
0.0701708
0.0711433
0.0721077
0.0730644
0.0740133
0.0749547
0.0758886
0.0768152
0.0777346
0.078647
0.0795523
0.0804509
0.0813427
0.0822279
0.0831065
0.0839788
0.0848447
0.0857045
0.0865581
0.0874057
0.0882473
0.0890831
0.0899132
0.0907376
0.0915564
0.0923697
0.0931776
0.0939801
0.0947774
0.0955695
0.0963564
0.0971384
0.0979153
0.0986873
0.0994545
0.100217
0.100975
0.101728
0.102476
0.10322
0.10396
0.104695
0.105425
0.106152
0.106874
0.107592
0.108306
0.109016
0.109722
0.110423
0.111121
0.111815
0.112506
0.113192
0.113875
0.114554
0.115229
0.115901
0.116569
0.117234
0.117895
0.118552
0.119207
0.119858
0.120505
0.12115
0.121791
0.122429
0.123064
0.123695
0.124324
0.124949
0.125572
0.126191
0.126807
0.127421
0.128032
0.128639
0.129244
0.129846
0.130446
0.131042
0.131636
0.132227
0.132816
0.133401
0.133985
0.134565
0.135143
0.135719
0.136292
0.136863
0.137431
0.137996
0.13856
0.13912
0.139679
0.140235
0.140789
0.141341
0.14189
0.142437
0.142982
0.143524
0.144065
0.144603
0.145139
0.145673
0.146205
0.146735
0.147263
0.147789
0.148312
0.148834
0.149354
0.149872
0.150388
0.150901
0.151413
0.151923
0.152432
0.152938
0.153443
0.153945
0.154446
0.154945
0.155442
0.155938
0.156432
0.156924
0.157414
0.157903
0.15839
0.158875
0.159359
0.159841
0.160321
0.1608
0.161277
0.161752
0.162226
0.162699
0.16317
0.163639
0.164107
0.164573
0.165038
0.165501
0.165963
0.166424
0.166882
0.16734
0.167796
0.168251
0.168704
0.169156
0.169607
0.170056
0.170504
0.170951
0.171396
0.17184
0.172282
0.172724
0.173164
0.173603
0.17404
0.174476
0.174911
0.175345
0.175778
0.176209
0.17664
0.177069
0.177497
0.177923
0.178349
0.178773
0.179197
0.179619
0.18004
0.18046
0.180879
0.181297
0.181713
0.182129
0.182544
0.182957
0.18337
0.183782
0.184192
0.184602
0.18501
0.185418
0.185825
0.18623
0.186635
0.187039
0.187442
0.187844
0.188245
0.188645
0.189044
0.189443
0.18984
0.190237
0.190633
0.191028
0.191422
0.191816
0.192208
0.1926
0.192991
0.193381
0.193771
0.19416
0.194548
0.194935
0.195322
0.195708
0.196093
0.196478
0.196862
0.197246
0.197628
0.198011
0.198392
0.198773
0.199154
0.199534
0.199914
0.200293
0.200671
0.201049
0.201427
0.201805
0.202182
0.202558
0.202934
0.203311
0.203686
0.204062
0.204437
0.204812
0.205188
0.205563
0.205938
0.206313
0.206688
0.207063
0.207438
0.207814
0.20819
0.208566
0.208942
0.20932
0.209697
0.210076
0.210455
0.210835
0.211216
0.211599
0.211982
0.212367
0.212754
0.213142
0.213533
0.213925
0.214321
0.214719
0.21512
0.215524
0.215932
0.216345
0.216763
0.217185
0.217614
0.21805
0.218493
0.218945
0.219406
0.219878
0.220363
0.220863
0.221378
0.221913
0.22247
0.223052
0.223665
0.224314
0.225005
0.225748
0.226554
0.227437
0.228417
0.22952
0.230783
0.232258
0.234022
0.236193
0.238965
0.242672
0.247951
0.256165
0.270837
0.304332
0.448283
0.45712
0.46203
0.463871
0.464453
0.464921
0.465586
0.466362
0.467082
0.467614
0.467869
0.467805
0.467459
0.466946
0.466428
0.466045
0.465861
0.465865
0.466006
0.466218
0.466444
0.466638
0.466772
0.466833
0.466821
0.466753
0.466654
0.466551
0.466467
0.466416
0.466402
0.46642
0.46646
0.46651
0.466557
0.466594
0.466616
0.466621
0.466612
0.466595
0.466574
0.466556
0.466542
0.466536
0.466537
0.466542
0.46655
0.466559
0.466566
0.466571
0.466572
0.46657
0.466567
0.466563
0.46656
0.466557
0.466557
0.466558
0.46656
0.466564
0.466567
0.46657
0.466573
0.466575
0.466576
0.466577
0.466577
0.466577
0.466577
0.466577
0.466578
0.466579
0.46658
0.466582
0.466583
0.466584
0.466585
0.466587
0.466587
0.466588
0.466589
0.46659
0.466591
0.466592
0.466593
0.466595
0.466596
0.466597
0.466598
0.466599
0.4666
0.4666
0.466601
0.466602
0.466602
0.466603
0.466603
0.466604
0.466604
0.466605
0.466605
0.466606
0.466607
0.466607
0.466608
0.466609
0.46661
0.466611
0.466612
0.466613
0.466615
0.466616
0.466617
0.466619
0.46662
0.466622
0.466623
0.466624
0.466626
0.466627
0.466629
0.46663
0.466631
0.466633
0.466634
0.466635
0.466636
0.466637
0.466638
0.466639
0.466639
0.46664
0.466641
0.466642
0.466642
0.466643
0.466643
0.466644
0.466645
0.466645
0.466646
0.466647
0.466647
0.466648
0.466649
0.46665
0.466651
0.466652
0.466653
0.466654
0.466655
0.466656
0.466657
0.466658
0.46666
0.466661
0.466662
0.466664
0.466665
0.466666
0.466668
0.466669
0.466671
0.466672
0.466674
0.466675
0.466677
0.466678
0.46668
0.466681
0.466683
0.466684
0.466685
0.466687
0.466688
0.466689
0.46669
0.466692
0.466693
0.466694
0.466695
0.466696
0.466697
0.466698
0.466699
0.466699
0.4667
0.466701
0.466702
0.466703
0.466704
0.466704
0.466705
0.466706
0.466707
0.466708
0.466709
0.466709
0.46671
0.466711
0.466712
0.466713
0.466714
0.466715
0.466716
0.466717
0.466718
0.466719
0.46672
0.466721
0.466722
0.466724
0.466725
0.466726
0.466727
0.466728
0.46673
0.466731
0.466733
0.466734
0.466735
0.466737
0.466738
0.46674
0.466741
0.466742
0.466744
0.466745
0.466747
0.466748
0.46675
0.466751
0.466752
0.466754
0.466755
0.466756
0.466758
0.466759
0.46676
0.466761
0.466763
0.466764
0.466765
0.466766
0.466768
0.466769
0.46677
0.466771
0.466772
0.466774
0.466775
0.466776
0.466777
0.466778
0.46678
0.466781
0.466782
0.466784
0.466785
0.466786
0.466788
0.466789
0.46679
0.466792
0.466793
0.466795
0.466796
0.466798
0.466799
0.4668
0.466802
0.466803
0.466805
0.466806
0.466808
0.466809
0.466811
0.466812
0.466814
0.466815
0.466816
0.466818
0.466819
0.466821
0.466822
0.466824
0.466825
0.466826
0.466828
0.466829
0.466831
0.466832
0.466834
0.466835
0.466837
0.466838
0.466839
0.466841
0.466842
0.466844
0.466845
0.466847
0.466848
0.46685
0.466851
0.466852
0.466854
0.466855
0.466857
0.466858
0.46686
0.466861
0.466863
0.466864
0.466866
0.466867
0.466869
0.46687
0.466872
0.466873
0.466875
0.466876
0.466878
0.466878
0.466877
0.466866
0.466817
0.466608
0.465736
0.462067
0.445911
0.382528
0.308636
0.300028
0.3
0.3
0.3
0.3
0.3
0.3
0.3
0.3
0.3
0.3
0.3
0.3
0.3
0.3
0.3
0.3
0.3
0.3
0.3
0.3
0.3
0.3
0.3
0.3
0.3
0.3
0.3
0.3
0.3
0.3
0.3
0.3
0.3
0.3
0.3
0.3
0.3
0.3
0.3
0.3
0.3
0.3
0.3
0.3
0.3
0.3
0.3
0.3
0.3
0.3
0.3
0.3
0.3
0.3
0.3
0.3
0.3
0.3
0.3
0.3
0.3
0.3
0.3
0.3
0.3
0.3
0.3
0.3
0.3
0.3
0.3
0.3
0.3
0.3
0.3
0.3
0.3
0.3
0.3
0.3
0.3
0.3
0.3
0.3
0.3
0.3
0.3
0.3
0.3
0.3
0.3
0.3
0.3
0.3
0.3
0.3
0.3
0.3
0.3
0.3
0.3
0.3
0.3
0.3
0.3
0.3
0.3
0.3
0.3
0.3
0.3
0.3
0.3
0.3
0.3
0.3
0.3
0.3
0.3
0.3
0.3
0.3
0.3
0.3
0.3
0.3
0.3
0.3
0.3
0.3
0.3
0.3
0.3
0.3
0.3
0.3
0.3
0.3
0.3
0.3
0.3
0.3
0.3
0.3
0.3
0.3
0.3
0.3
0.3
0.3
0.3
0.3
0.3
0.3
0.3
0.3
0.3
0.3
0.3
0.3
0.3
0.3
0.3
0.3
0.3
0.3
0.3
0.3
0.3
0.3
0.3
0.3
0.3
0.3
0.3
0.3
0.3
0.3
0.3
0.3
0.3
0.3
0.3
0.3
0.3
0.3
0.3
0.3
0.3
0.3
0.3
0.3
0.3
0.3
0.3
0.3
0.3
0.3
0.3
0.3
0.3
0.3
0.3
0.3
0.3
0.3
0.3
0.3
0.3
0.3
0.3
0.3
0.3
0.3
0.3
0.3
0.3
0.3
0.3
0.3
0.3
0.3
0.3
0.3
0.3
0.3
0.3
0.3
0.3
0.3
0.3
0.3
0.3
0.3
0.3
0.3
0.3
0.3
0.3
0.3
0.3
0.3
0.3
0.3
0.3
0.3
0.3
0.3
0.3
0.3
0.3
0.3
0.3
0.3
0.3
0.3
0.3
0.3
0.3
0.3
0.3
0.3
0.3
0.3
0.3
0.3
0.3
0.3
0.3
0.3
0.3
0.3
0.3
0.3
0.3
0.3
0.3
0.3
0.3
0.3
0.3
0.3
0.3
0.3
0.3
0.3
0.3
0.3
0.3
0.3
0.3
0.3
0.3
0.3
0.3
0.3
0.3
0.3
0.3
0.3
0.3
0.3
0.3
0.3
0.3
0.3
0.3
0.3
0.3
)
;

boundaryField
{
    inlet
    {
        type            calculated;
        value           uniform 0;
    }
    outlet
    {
        type            calculated;
        value           uniform 0.3;
    }
    emptyWalls
    {
        type            empty;
    }
}


// ************************************************************************* //
