/*--------------------------------*- C++ -*----------------------------------*\
  =========                 |
  \\      /  F ield         | OpenFOAM: The Open Source CFD Toolbox
   \\    /   O peration     | Website:  https://openfoam.org
    \\  /    A nd           | Version:  9
     \\/     M anipulation  |
\*---------------------------------------------------------------------------*/
FoamFile
{
    format      ascii;
    class       volScalarField;
    location    "9.1";
    object      kra;
}
// * * * * * * * * * * * * * * * * * * * * * * * * * * * * * * * * * * * * * //

dimensions      [0 0 0 0 0 0 0];

internalField   nonuniform List<scalar> 
1000
(
0.0147149
0.0146673
0.0146235
0.0145815
0.0145408
0.014501
0.014462
0.0144237
0.0143858
0.0143486
0.0143117
0.0142754
0.0142394
0.0142038
0.0141686
0.0141338
0.0140993
0.0140652
0.0140314
0.0139979
0.0139647
0.0139318
0.0138992
0.0138669
0.0138348
0.0138031
0.0137716
0.0137403
0.0137094
0.0136786
0.0136482
0.0136179
0.0135879
0.0135582
0.0135286
0.0134993
0.0134703
0.0134414
0.0134128
0.0133843
0.0133561
0.0133281
0.0133003
0.0132727
0.0132453
0.0132181
0.013191
0.0131642
0.0131376
0.0131111
0.0130848
0.0130587
0.0130328
0.0130071
0.0129815
0.0129561
0.0129309
0.0129058
0.0128809
0.0128561
0.0128316
0.0128071
0.0127829
0.0127587
0.0127348
0.012711
0.0126873
0.0126638
0.0126404
0.0126172
0.0125941
0.0125712
0.0125484
0.0125257
0.0125031
0.0124807
0.0124585
0.0124363
0.0124143
0.0123925
0.0123707
0.0123491
0.0123276
0.0123062
0.0122849
0.0122638
0.0122428
0.0122219
0.0122011
0.0121804
0.0121599
0.0121394
0.0121191
0.0120989
0.0120788
0.0120588
0.0120389
0.0120191
0.0119994
0.0119799
0.0119604
0.011941
0.0119217
0.0119026
0.0118835
0.0118645
0.0118457
0.0118269
0.0118082
0.0117896
0.0117711
0.0117527
0.0117344
0.0117162
0.0116981
0.01168
0.0116621
0.0116442
0.0116265
0.0116088
0.0115912
0.0115737
0.0115562
0.0115389
0.0115216
0.0115044
0.0114873
0.0114703
0.0114534
0.0114365
0.0114197
0.011403
0.0113864
0.0113698
0.0113534
0.011337
0.0113206
0.0113044
0.0112882
0.0112721
0.0112561
0.0112401
0.0112242
0.0112084
0.0111927
0.011177
0.0111614
0.0111458
0.0111304
0.0111149
0.0110996
0.0110843
0.0110691
0.011054
0.0110389
0.0110239
0.0110089
0.010994
0.0109792
0.0109645
0.0109497
0.0109351
0.0109205
0.010906
0.0108915
0.0108771
0.0108628
0.0108485
0.0108343
0.0108201
0.010806
0.010792
0.010778
0.010764
0.0107501
0.0107363
0.0107225
0.0107088
0.0106951
0.0106815
0.010668
0.0106545
0.010641
0.0106276
0.0106142
0.0106009
0.0105877
0.0105745
0.0105613
0.0105482
0.0105352
0.0105222
0.0105092
0.0104963
0.0104835
0.0104707
0.0104579
0.0104452
0.0104325
0.0104199
0.0104074
0.0103948
0.0103824
0.0103699
0.0103575
0.0103452
0.0103329
0.0103206
0.0103084
0.0102962
0.0102841
0.010272
0.01026
0.010248
0.0102361
0.0102241
0.0102123
0.0102004
0.0101887
0.0101769
0.0101652
0.0101535
0.0101419
0.0101303
0.0101188
0.0101073
0.0100958
0.0100844
0.010073
0.0100616
0.0100503
0.0100391
0.0100278
0.0100166
0.0100055
0.00999434
0.00998325
0.0099722
0.00996118
0.00995021
0.00993926
0.00992836
0.00991749
0.00990665
0.00989585
0.00988508
0.00987435
0.00986366
0.00985299
0.00984237
0.00983177
0.00982121
0.00981069
0.00980019
0.00978973
0.00977931
0.00976891
0.00975855
0.00974822
0.00973792
0.00972766
0.00971742
0.00970722
0.00969705
0.00968691
0.00967681
0.00966673
0.00965668
0.00964667
0.00963669
0.00962673
0.00961681
0.00960691
0.00959705
0.00958721
0.00957741
0.00956763
0.00955788
0.00954817
0.00953848
0.00952882
0.00951919
0.00950958
0.00950001
0.00949046
0.00948094
0.00947145
0.00946199
0.00945255
0.00944314
0.00943376
0.00942441
0.00941508
0.00940578
0.0093965
0.00938725
0.00937803
0.00936884
0.00935967
0.00935053
0.00934141
0.00933232
0.00932325
0.00931421
0.00930519
0.0092962
0.00928724
0.0092783
0.00926938
0.00926049
0.00925163
0.00924278
0.00923397
0.00922517
0.0092164
0.00920766
0.00919894
0.00919024
0.00918156
0.00917291
0.00916429
0.00915568
0.0091471
0.00913854
0.00913001
0.00912149
0.009113
0.00910454
0.00909609
0.00908767
0.00907927
0.00907089
0.00906253
0.0090542
0.00904589
0.0090376
0.00902933
0.00902108
0.00901285
0.00900465
0.00899646
0.0089883
0.00898016
0.00897204
0.00896394
0.00895586
0.0089478
0.00893976
0.00893174
0.00892375
0.00891577
0.00890781
0.00889988
0.00889196
0.00888406
0.00887618
0.00886833
0.00886049
0.00885267
0.00884487
0.00883709
0.00882933
0.00882159
0.00881386
0.00880616
0.00879847
0.00879081
0.00878316
0.00877553
0.00876792
0.00876033
0.00875276
0.0087452
0.00873767
0.00873015
0.00872265
0.00871516
0.0087077
0.00870025
0.00869282
0.00868541
0.00867802
0.00867064
0.00866328
0.00865594
0.00864861
0.00864131
0.00863402
0.00862674
0.00861949
0.00861225
0.00860503
0.00859782
0.00859063
0.00858346
0.0085763
0.00856916
0.00856204
0.00855493
0.00854784
0.00854077
0.00853371
0.00852667
0.00851964
0.00851263
0.00850564
0.00849866
0.0084917
0.00848475
0.00847782
0.00847091
0.008464
0.00845712
0.00845025
0.0084434
0.00843656
0.00842973
0.00842292
0.00841613
0.00840935
0.00840259
0.00839584
0.0083891
0.00838238
0.00837568
0.00836899
0.00836231
0.00835565
0.008349
0.00834237
0.00833575
0.00832915
0.00832256
0.00831598
0.00830942
0.00830287
0.00829634
0.00828982
0.00828331
0.00827682
0.00827034
0.00826387
0.00825742
0.00825099
0.00824456
0.00823815
0.00823175
0.00822537
0.008219
0.00821264
0.0082063
0.00819996
0.00819365
0.00818734
0.00818105
0.00817477
0.0081685
0.00816225
0.00815601
0.00814978
0.00814356
0.00813736
0.00813117
0.00812499
0.00811883
0.00811268
0.00810654
0.00810041
0.00809429
0.00808819
0.0080821
0.00807602
0.00806995
0.00806389
0.00805785
0.00805182
0.0080458
0.00803979
0.0080338
0.00802781
0.00802184
0.00801588
0.00800993
0.00800399
0.00799807
0.00799215
0.00798625
0.00798036
0.00797448
0.00796861
0.00796275
0.00795691
0.00795107
0.00794525
0.00793943
0.00793363
0.00792784
0.00792206
0.00791629
0.00791053
0.00790479
0.00789905
0.00789332
0.00788761
0.0078819
0.00787621
0.00787053
0.00786485
0.00785919
0.00785354
0.0078479
0.00784227
0.00783665
0.00783104
0.00782544
0.00781985
0.00781427
0.0078087
0.00780314
0.00779759
0.00779205
0.00778652
0.007781
0.00777549
0.00776999
0.0077645
0.00775902
0.00775354
0.00774808
0.00774263
0.00773719
0.00773176
0.00772633
0.00772092
0.00771552
0.00771012
0.00770474
0.00769936
0.00769399
0.00768864
0.00768329
0.00767795
0.00767262
0.0076673
0.00766198
0.00765668
0.00765139
0.0076461
0.00764082
0.00763556
0.0076303
0.00762505
0.00761981
0.00761457
0.00760935
0.00760413
0.00759893
0.00759373
0.00758854
0.00758336
0.00757818
0.00757302
0.00756786
0.00756271
0.00755757
0.00755244
0.00754732
0.0075422
0.00753709
0.00753199
0.0075269
0.00752181
0.00751674
0.00751167
0.00750661
0.00750155
0.00749651
0.00749147
0.00748644
0.00748142
0.0074764
0.00747139
0.00746639
0.0074614
0.00745641
0.00745143
0.00744646
0.00744149
0.00743654
0.00743159
0.00742664
0.0074217
0.00741677
0.00741185
0.00740693
0.00740202
0.00739712
0.00739222
0.00738733
0.00738244
0.00737757
0.00737269
0.00736783
0.00736297
0.00735811
0.00735326
0.00734842
0.00734358
0.00733875
0.00733393
0.00732911
0.00732429
0.00731948
0.00731468
0.00730988
0.00730509
0.0073003
0.00729551
0.00729074
0.00728596
0.00728119
0.00727642
0.00727166
0.00726691
0.00726215
0.0072574
0.00725266
0.00724791
0.00724318
0.00723844
0.00723371
0.00722898
0.00722425
0.00721953
0.00721481
0.00721009
0.00720537
0.00720065
0.00719594
0.00719123
0.00718652
0.0071818
0.00717709
0.00717238
0.00716768
0.00716297
0.00715825
0.00715354
0.00714883
0.00714412
0.0071394
0.00713468
0.00712996
0.00712523
0.0071205
0.00711577
0.00711103
0.00710629
0.00710154
0.00709678
0.00709201
0.00708724
0.00708246
0.00707767
0.00707287
0.00706805
0.00706323
0.00705839
0.00705354
0.00704866
0.00704378
0.00703887
0.00703394
0.007029
0.00702402
0.00701903
0.007014
0.00700895
0.00700386
0.00699874
0.00699358
0.00698838
0.00698314
0.00697784
0.0069725
0.0069671
0.00696164
0.00695611
0.00695051
0.00694483
0.00693907
0.00693321
0.00692725
0.00692117
0.00691497
0.00690863
0.00690214
0.00689548
0.00688864
0.00688159
0.0068743
0.00686676
0.00685892
0.00685075
0.00684221
0.00683324
0.00682378
0.00681377
0.00680309
0.00679166
0.00677934
0.00676596
0.00675131
0.00673513
0.00671708
0.0066967
0.0066734
0.00664635
0.00661436
0.00657574
0.0065279
0.00646673
0.0063853
0.00627106
0.00609878
0.00581146
0.00526042
0.00360802
0.00357071
0.00354043
0.00349133
0.00341694
0.00332059
0.0032083
0.00308825
0.00297088
0.00286812
0.00279213
0.00275319
0.00275662
0.00279922
0.0028675
0.00294089
0.00299954
0.00303192
0.00303682
0.00302035
0.0029915
0.00295892
0.00292953
0.00290798
0.00289666
0.00289573
0.00290342
0.00291655
0.00293135
0.00294437
0.00295324
0.00295699
0.00295597
0.00295148
0.00294521
0.00293885
0.00293375
0.00293071
0.00292996
0.00293123
0.00293387
0.00293708
0.00294011
0.00294238
0.00294358
0.00294369
0.00294291
0.00294159
0.00294009
0.00293875
0.00293779
0.00293733
0.00293732
0.00293768
0.00293822
0.00293879
0.00293923
0.00293947
0.00293947
0.00293926
0.0029389
0.00293848
0.00293808
0.00293776
0.00293756
0.0029375
0.00293755
0.00293769
0.00293788
0.00293809
0.00293828
0.00293845
0.00293857
0.00293867
0.00293875
0.00293881
0.00293888
0.00293896
0.00293905
0.00293915
0.00293924
0.00293934
0.00293942
0.00293948
0.00293953
0.00293955
0.00293956
0.00293955
0.00293954
0.00293952
0.0029395
0.00293948
0.00293946
0.00293944
0.00293942
0.00293939
0.00293936
0.00293932
0.00293927
0.00293921
0.00293915
0.00293909
0.00293902
0.00293895
0.00293888
0.0029388
0.00293874
0.00293867
0.00293861
0.00293855
0.0029385
0.00293846
0.00293842
0.0029384
0.00293838
0.00293838
0.00293838
0.0029384
0.00293843
0.00293847
0.00293852
0.00293857
0.00293864
0.0029387
0.00293877
0.00293884
0.00293891
0.00293898
0.00293904
0.0029391
0.00293916
0.00293921
0.00293925
0.00293929
0.00293933
0.00293935
0.00293937
0.00293938
0.00293939
0.00293939
0.00293938
0.00293937
0.00293935
0.00293933
0.0029393
0.00293927
0.00293924
0.0029392
0.00293916
0.00293911
0.00293906
0.00293902
0.00293897
0.00293892
0.00293887
0.00293883
0.00293878
0.00293874
0.0029387
0.00293867
0.00293864
0.00293862
0.0029386
0.00293859
0.00293858
0.00293858
0.00293858
0.00293859
0.0029386
0.00293862
0.00293864
0.00293866
0.00293869
0.00293872
0.00293874
0.00293877
0.0029388
0.00293882
0.00293884
0.00293886
0.00293888
0.00293889
0.0029389
0.00293891
0.00293891
0.00293891
0.0029389
0.00293889
0.00293888
0.00293887
0.00293885
0.00293883
0.00293882
0.0029388
0.00293878
0.00293877
0.00293875
0.00293874
0.00293873
0.00293873
0.00293873
0.00293873
0.00293873
0.00293874
0.00293875
0.00293877
0.00293879
0.00293881
0.00293884
0.00293886
0.00293889
0.00293892
0.00293895
0.00293898
0.00293901
0.00293905
0.00293907
0.0029391
0.00293913
0.00293915
0.00293917
0.00293919
0.00293921
0.00293922
0.00293923
0.00293923
0.00293923
0.00293923
0.00293922
0.00293921
0.0029392
0.00293919
0.00293917
0.00293915
0.00293913
0.00293911
0.00293908
0.00293906
0.00293903
0.002939
0.00293898
0.00293895
0.00293893
0.00293891
0.00293888
0.00293886
0.00293885
0.00293883
0.00293882
0.0029388
0.00293879
0.00293879
0.00293878
0.00293878
0.00293878
0.00293878
0.00293878
0.00293878
0.00293879
0.00293879
0.0029388
0.00293881
0.00293881
0.00293882
0.00293883
0.00293884
0.00293884
0.00293885
0.00293885
0.00293885
0.00293886
0.00293886
0.00293886
)
;

boundaryField
{
    inlet
    {
        type            calculated;
        value           uniform 0.0147929;
    }
    outlet
    {
        type            calculated;
        value           uniform 0.00293886;
    }
    emptyWalls
    {
        type            empty;
    }
}


// ************************************************************************* //
