/*--------------------------------*- C++ -*----------------------------------*\
  =========                 |
  \\      /  F ield         | OpenFOAM: The Open Source CFD Toolbox
   \\    /   O peration     | Website:  https://openfoam.org
    \\  /    A nd           | Version:  9
     \\/     M anipulation  |
\*---------------------------------------------------------------------------*/
FoamFile
{
    format      ascii;
    class       volScalarField;
    location    "5.5";
    object      krc;
}
// * * * * * * * * * * * * * * * * * * * * * * * * * * * * * * * * * * * * * //

dimensions      [0 0 0 0 0 0 0];

internalField   nonuniform List<scalar> 
1000
(
1.85186e-05
4.78412e-05
8.68082e-05
0.000134728
0.000191084
0.000255448
0.00032745
0.000406758
0.000493069
0.000586102
0.000685597
0.00079131
0.00090301
0.00102048
0.00114351
0.00127191
0.00140549
0.00154408
0.00168749
0.00183558
0.00198818
0.00214515
0.00230634
0.00247162
0.00264085
0.00281391
0.00299068
0.00317104
0.00335488
0.00354209
0.00373257
0.00392621
0.00412292
0.0043226
0.00452517
0.00473054
0.00493863
0.00514935
0.00536262
0.00557838
0.00579654
0.00601704
0.00623981
0.00646478
0.00669189
0.00692108
0.00715228
0.00738545
0.00762051
0.00785743
0.00809614
0.00833659
0.00857874
0.00882253
0.00906793
0.00931488
0.00956334
0.00981328
0.0100646
0.0103174
0.0105715
0.0108269
0.0110836
0.0113415
0.0116006
0.0118609
0.0121223
0.0123849
0.0126485
0.0129131
0.0131788
0.0134455
0.0137131
0.0139817
0.0142511
0.0145215
0.0147927
0.0150647
0.0153375
0.0156112
0.0158856
0.0161607
0.0164366
0.0167131
0.0169904
0.0172683
0.0175468
0.017826
0.0181058
0.0183861
0.0186671
0.0189485
0.0192306
0.0195131
0.0197962
0.0200797
0.0203638
0.0206483
0.0209332
0.0212186
0.0215044
0.0217906
0.0220772
0.0223642
0.0226516
0.0229393
0.0232274
0.0235158
0.0238046
0.0240936
0.024383
0.0246727
0.0249626
0.0252528
0.0255433
0.0258341
0.0261251
0.0264163
0.0267078
0.0269995
0.0272914
0.0275836
0.0278759
0.0281684
0.0284611
0.028754
0.029047
0.0293403
0.0296336
0.0299271
0.0302208
0.0305146
0.0308085
0.0311026
0.0313968
0.0316911
0.0319855
0.03228
0.0325746
0.0328693
0.033164
0.0334589
0.0337538
0.0340488
0.0343439
0.0346391
0.0349343
0.0352295
0.0355248
0.0358202
0.0361156
0.036411
0.0367065
0.037002
0.0372975
0.037593
0.0378886
0.0381842
0.0384798
0.0387754
0.039071
0.0393666
0.0396622
0.0399579
0.0402535
0.0405491
0.0408447
0.0411402
0.0414358
0.0417313
0.0420269
0.0423224
0.0426178
0.0429133
0.0432087
0.0435041
0.0437994
0.0440947
0.04439
0.0446852
0.0449804
0.0452756
0.0455707
0.0458657
0.0461607
0.0464557
0.0467506
0.0470454
0.0473402
0.0476349
0.0479296
0.0482242
0.0485187
0.0488132
0.0491076
0.049402
0.0496963
0.0499905
0.0502846
0.0505787
0.0508727
0.0511666
0.0514605
0.0517542
0.0520479
0.0523416
0.0526351
0.0529286
0.053222
0.0535153
0.0538085
0.0541016
0.0543947
0.0546877
0.0549806
0.0552734
0.0555661
0.0558587
0.0561513
0.0564437
0.0567361
0.0570284
0.0573206
0.0576127
0.0579048
0.0581967
0.0584885
0.0587803
0.0590719
0.0593635
0.059655
0.0599464
0.0602377
0.0605289
0.06082
0.061111
0.0614019
0.0616928
0.0619835
0.0622742
0.0625647
0.0628552
0.0631456
0.0634358
0.063726
0.0640161
0.0643061
0.064596
0.0648858
0.0651756
0.0654652
0.0657547
0.0660442
0.0663335
0.0666228
0.066912
0.067201
0.06749
0.0677789
0.0680677
0.0683564
0.0686451
0.0689336
0.069222
0.0695104
0.0697987
0.0700868
0.0703749
0.0706629
0.0709509
0.0712387
0.0715265
0.0718141
0.0721017
0.0723892
0.0726766
0.0729639
0.0732512
0.0735383
0.0738254
0.0741124
0.0743993
0.0746862
0.074973
0.0752597
0.0755463
0.0758328
0.0761193
0.0764057
0.076692
0.0769782
0.0772644
0.0775505
0.0778365
0.0781225
0.0784084
0.0786942
0.07898
0.0792657
0.0795514
0.079837
0.0801225
0.0804079
0.0806934
0.0809787
0.081264
0.0815493
0.0818345
0.0821196
0.0824047
0.0826897
0.0829748
0.0832597
0.0835446
0.0838295
0.0841144
0.0843992
0.0846839
0.0849687
0.0852534
0.0855381
0.0858228
0.0861074
0.086392
0.0866766
0.0869612
0.0872458
0.0875303
0.0878149
0.0880994
0.088384
0.0886685
0.0889531
0.0892377
0.0895222
0.0898068
0.0900914
0.0903761
0.0906607
0.0909454
0.0912302
0.0915149
0.0917998
0.0920846
0.0923696
0.0926545
0.0929396
0.0932247
0.0935099
0.0937952
0.0940806
0.094366
0.0946516
0.0949373
0.0952231
0.095509
0.0957951
0.0960813
0.0963677
0.0966542
0.096941
0.0972279
0.097515
0.0978023
0.0980898
0.0983776
0.0986656
0.0989539
0.0992424
0.0995313
0.0998205
0.10011
0.1004
0.10069
0.100981
0.101272
0.101563
0.101855
0.102148
0.102441
0.102734
0.103029
0.103323
0.103619
0.103915
0.104212
0.10451
0.104809
0.105108
0.105409
0.10571
0.106013
0.106317
0.106622
0.106929
0.107237
0.107547
0.107858
0.108171
0.108487
0.108804
0.109123
0.109446
0.10977
0.110098
0.110429
0.110763
0.111101
0.111444
0.11179
0.112142
0.112499
0.112862
0.113232
0.113609
0.113995
0.114389
0.114794
0.11521
0.115639
0.116083
0.116544
0.117024
0.117526
0.118053
0.118611
0.119203
0.119837
0.12052
0.121263
0.122078
0.122984
0.124004
0.125168
0.126522
0.12813
0.130089
0.13255
0.135767
0.140195
0.146738
0.157473
0.178349
0.234922
0.195828
0.214496
0.221525
0.22313
0.224292
0.226301
0.228572
0.230252
0.230799
0.230084
0.228397
0.226361
0.224642
0.223641
0.223404
0.223751
0.224439
0.225245
0.226001
0.226587
0.226932
0.227016
0.226869
0.226562
0.22619
0.225845
0.225598
0.225481
0.225489
0.225593
0.225751
0.225918
0.226059
0.226152
0.226186
0.226166
0.226108
0.226032
0.225956
0.225897
0.225865
0.22586
0.225879
0.225913
0.225953
0.22599
0.226018
0.226034
0.226036
0.226029
0.226015
0.225999
0.225985
0.225975
0.22597
0.225971
0.225975
0.225982
0.225989
0.225995
0.226
0.226002
0.226002
0.226002
0.226002
0.226002
0.226004
0.226007
0.226011
0.226016
0.226022
0.226028
0.226034
0.226039
0.226043
0.226046
0.226049
0.226051
0.226052
0.226054
0.226055
0.226056
0.226058
0.226059
0.22606
0.226061
0.226062
0.226062
0.226063
0.226063
0.226063
0.226064
0.226064
0.226064
0.226065
0.226066
0.226066
0.226068
0.226069
0.22607
0.226072
0.226074
0.226076
0.226078
0.22608
0.226083
0.226085
0.226087
0.22609
0.226092
0.226095
0.226097
0.226099
0.226102
0.226104
0.226106
0.226108
0.22611
0.226112
0.226113
0.226115
0.226117
0.226119
0.226121
0.226123
0.226125
0.226127
0.226129
0.22613
0.226132
0.226134
0.226136
0.226138
0.226139
0.226141
0.226142
0.226144
0.226145
0.226147
0.226148
0.226149
0.22615
0.226152
0.226153
0.226154
0.226156
0.226157
0.226159
0.22616
0.226162
0.226164
0.226166
0.226168
0.226171
0.226173
0.226176
0.226179
0.226182
0.226185
0.226188
0.226192
0.226195
0.226199
0.226202
0.226206
0.226209
0.226213
0.226217
0.22622
0.226223
0.226227
0.22623
0.226233
0.226236
0.226238
0.226241
0.226243
0.226246
0.226248
0.226249
0.226251
0.226253
0.226254
0.226255
0.226257
0.226258
0.226259
0.22626
0.226261
0.226262
0.226263
0.226264
0.226265
0.226266
0.226267
0.226269
0.22627
0.226272
0.226273
0.226275
0.226277
0.226279
0.226281
0.226283
0.226286
0.226288
0.22629
0.226293
0.226295
0.226297
0.2263
0.226302
0.226305
0.226307
0.226309
0.226312
0.226314
0.226316
0.226318
0.226321
0.226323
0.226325
0.226327
0.226329
0.226331
0.226332
0.226334
0.226336
0.226338
0.22634
0.226342
0.226344
0.226346
0.226348
0.22635
0.226352
0.226354
0.226356
0.226358
0.226361
0.226363
0.226365
0.226367
0.22637
0.226372
0.226375
0.226377
0.226379
0.226382
0.226384
0.226387
0.226389
0.226392
0.226394
0.226397
0.226399
0.226402
0.226404
0.226407
0.226409
0.226412
0.226414
0.226417
0.226419
0.226422
0.226424
0.226427
0.226429
0.226432
0.226434
0.226437
0.22644
0.226442
0.226445
0.226447
0.22645
0.226453
0.226455
0.226458
0.22646
0.226463
0.226466
0.226468
0.226471
0.226473
0.226476
0.226478
0.226481
0.226483
0.226486
0.226488
0.22649
0.226493
0.226495
0.226498
0.2265
0.226502
0.226505
0.226507
0.226511
0.226518
0.226551
0.226724
0.227699
0.233217
0.263766
0.395327
0.570608
0.596569
0.596701
0.596705
0.596707
0.596708
0.596708
0.596709
0.59671
0.596711
0.596712
0.596713
0.596714
0.596715
0.596716
0.596716
0.596717
0.596717
0.596717
0.596717
0.596717
0.596717
0.596717
0.596717
0.596716
0.596716
0.596715
0.596715
0.596714
0.596713
0.596713
0.596712
0.596712
0.596711
0.596711
0.596711
0.59671
0.59671
0.59671
0.596711
0.596711
0.596711
0.596711
0.596712
0.596712
0.596713
0.596713
0.596714
0.596715
0.596715
0.596716
0.596716
0.596716
0.596717
0.596717
0.596717
0.596717
0.596718
0.596718
0.596718
0.596717
0.596717
0.596717
0.596717
0.596717
0.596717
0.596716
0.596716
0.596716
0.596716
0.596716
0.596716
0.596716
0.596716
0.596716
0.596717
0.596717
0.596718
0.596718
0.596719
0.596719
0.59672
0.596721
0.596721
0.596722
0.596723
0.596724
0.596725
0.596725
0.596726
0.596727
0.596727
0.596728
0.596728
0.596729
0.596729
0.596729
0.596729
0.596729
0.596729
0.596729
0.596729
0.596729
0.596729
0.596728
0.596728
0.596727
0.596727
0.596727
0.596726
0.596726
0.596725
0.596725
0.596724
0.596724
0.596724
0.596724
0.596724
0.596723
0.596723
0.596724
0.596724
0.596724
0.596724
0.596725
0.596725
0.596726
0.596726
0.596727
0.596728
0.596728
0.596729
0.59673
0.596731
0.596731
0.596732
0.596733
0.596734
0.596734
0.596735
0.596736
0.596736
0.596737
0.596737
0.596738
0.596738
0.596738
0.596738
0.596738
0.596738
0.596738
0.596738
0.596738
0.596738
0.596738
0.596737
0.596737
0.596736
0.596736
0.596735
0.596735
0.596734
0.596734
0.596733
0.596733
0.596732
0.596732
0.596732
0.596731
0.596731
0.596731
0.59673
0.59673
0.59673
0.59673
0.59673
0.59673
0.596731
0.596731
0.596731
0.596732
0.596732
0.596733
0.596733
0.596734
0.596735
0.596736
0.596737
0.596737
0.596738
0.596739
0.59674
0.596741
0.596742
0.596743
0.596744
0.596745
0.596746
0.596747
0.596748
0.596749
0.59675
0.596751
0.596751
0.596752
0.596753
0.596754
0.596754
0.596755
0.596756
0.596756
0.596757
0.596757
0.596758
0.596758
0.596758
0.596759
0.596759
0.596759
0.59676
0.59676
0.59676
0.59676
0.59676
0.59676
0.59676
0.59676
0.59676
0.59676
0.59676
0.59676
0.596759
0.596759
0.596759
0.596759
0.596758
0.596758
0.596758
0.596757
0.596757
0.596756
0.596756
0.596755
0.596755
0.596754
0.596754
0.596753
0.596753
0.596752
)
;

boundaryField
{
    inlet
    {
        type            calculated;
        value           uniform 0;
    }
    outlet
    {
        type            calculated;
        value           uniform 0.596752;
    }
    emptyWalls
    {
        type            empty;
    }
}


// ************************************************************************* //
