/*--------------------------------*- C++ -*----------------------------------*\
  =========                 |
  \\      /  F ield         | OpenFOAM: The Open Source CFD Toolbox
   \\    /   O peration     | Website:  https://openfoam.org
    \\  /    A nd           | Version:  9
     \\/     M anipulation  |
\*---------------------------------------------------------------------------*/
FoamFile
{
    format      ascii;
    class       volScalarField;
    location    "13.1";
    object      krb;
}
// * * * * * * * * * * * * * * * * * * * * * * * * * * * * * * * * * * * * * //

dimensions      [0 0 0 0 0 0 0];

internalField   nonuniform List<scalar> 
1000
(
0.301839
0.301153
0.300519
0.29991
0.299317
0.298736
0.298164
0.2976
0.297043
0.296491
0.295946
0.295405
0.294869
0.294337
0.293809
0.293286
0.292766
0.29225
0.291738
0.291229
0.290724
0.290222
0.289723
0.289228
0.288735
0.288246
0.287759
0.287275
0.286795
0.286317
0.285842
0.285369
0.2849
0.284433
0.283968
0.283506
0.283047
0.28259
0.282136
0.281684
0.281235
0.280788
0.280343
0.279901
0.279461
0.279023
0.278588
0.278154
0.277723
0.277294
0.276867
0.276443
0.27602
0.2756
0.275181
0.274765
0.274351
0.273938
0.273528
0.27312
0.272713
0.272309
0.271906
0.271505
0.271106
0.270709
0.270314
0.269921
0.269529
0.269139
0.268751
0.268365
0.26798
0.267597
0.267216
0.266837
0.266459
0.266083
0.265708
0.265335
0.264964
0.264594
0.264226
0.26386
0.263495
0.263131
0.262769
0.262409
0.26205
0.261693
0.261337
0.260982
0.260629
0.260278
0.259928
0.259579
0.259232
0.258886
0.258541
0.258198
0.257857
0.257516
0.257177
0.25684
0.256503
0.256168
0.255834
0.255502
0.255171
0.254841
0.254512
0.254185
0.253859
0.253534
0.25321
0.252888
0.252567
0.252247
0.251928
0.25161
0.251294
0.250978
0.250664
0.250351
0.250039
0.249729
0.249419
0.24911
0.248803
0.248497
0.248192
0.247888
0.247585
0.247283
0.246982
0.246682
0.246383
0.246085
0.245789
0.245493
0.245199
0.244905
0.244612
0.244321
0.24403
0.24374
0.243452
0.243164
0.242877
0.242592
0.242307
0.242023
0.24174
0.241458
0.241177
0.240897
0.240618
0.24034
0.240062
0.239786
0.23951
0.239236
0.238962
0.238689
0.238417
0.238146
0.237876
0.237606
0.237338
0.23707
0.236803
0.236537
0.236272
0.236007
0.235744
0.235481
0.235219
0.234958
0.234698
0.234438
0.234179
0.233921
0.233664
0.233408
0.233152
0.232897
0.232643
0.23239
0.232137
0.231886
0.231634
0.231384
0.231135
0.230886
0.230638
0.23039
0.230144
0.229898
0.229652
0.229408
0.229164
0.228921
0.228678
0.228437
0.228196
0.227955
0.227716
0.227477
0.227238
0.227001
0.226764
0.226528
0.226292
0.226057
0.225823
0.225589
0.225356
0.225123
0.224892
0.224661
0.22443
0.2242
0.223971
0.223742
0.223514
0.223287
0.22306
0.222834
0.222609
0.222384
0.222159
0.221936
0.221712
0.22149
0.221268
0.221046
0.220826
0.220605
0.220386
0.220167
0.219948
0.21973
0.219513
0.219296
0.21908
0.218864
0.218649
0.218434
0.21822
0.218007
0.217794
0.217581
0.217369
0.217158
0.216947
0.216737
0.216527
0.216318
0.216109
0.215901
0.215693
0.215486
0.21528
0.215073
0.214868
0.214663
0.214458
0.214254
0.21405
0.213847
0.213644
0.213442
0.21324
0.213039
0.212838
0.212638
0.212438
0.212239
0.21204
0.211842
0.211644
0.211447
0.21125
0.211053
0.210857
0.210662
0.210467
0.210272
0.210078
0.209884
0.209691
0.209498
0.209305
0.209113
0.208922
0.208731
0.20854
0.20835
0.20816
0.207971
0.207782
0.207593
0.207405
0.207218
0.20703
0.206844
0.206657
0.206471
0.206286
0.2061
0.205916
0.205731
0.205547
0.205364
0.205181
0.204998
0.204816
0.204634
0.204452
0.204271
0.20409
0.20391
0.20373
0.20355
0.203371
0.203192
0.203014
0.202836
0.202658
0.202481
0.202304
0.202127
0.201951
0.201775
0.2016
0.201425
0.20125
0.201076
0.200902
0.200728
0.200555
0.200382
0.200209
0.200037
0.199865
0.199694
0.199523
0.199352
0.199182
0.199012
0.198842
0.198673
0.198503
0.198335
0.198166
0.197998
0.197831
0.197663
0.197496
0.19733
0.197163
0.196997
0.196832
0.196666
0.196501
0.196337
0.196172
0.196008
0.195844
0.195681
0.195518
0.195355
0.195193
0.195031
0.194869
0.194707
0.194546
0.194385
0.194225
0.194064
0.193904
0.193745
0.193585
0.193426
0.193268
0.193109
0.192951
0.192793
0.192636
0.192478
0.192321
0.192165
0.192008
0.191852
0.191697
0.191541
0.191386
0.191231
0.191076
0.190922
0.190768
0.190614
0.190461
0.190308
0.190155
0.190002
0.18985
0.189697
0.189546
0.189394
0.189243
0.189092
0.188941
0.188791
0.188641
0.188491
0.188341
0.188192
0.188043
0.187894
0.187745
0.187597
0.187449
0.187301
0.187154
0.187006
0.186859
0.186713
0.186566
0.18642
0.186274
0.186128
0.185983
0.185837
0.185693
0.185548
0.185403
0.185259
0.185115
0.184972
0.184828
0.184685
0.184542
0.184399
0.184257
0.184114
0.183972
0.183831
0.183689
0.183548
0.183407
0.183266
0.183125
0.182985
0.182845
0.182705
0.182565
0.182426
0.182287
0.182148
0.182009
0.181871
0.181733
0.181595
0.181457
0.181319
0.181182
0.181045
0.180908
0.180771
0.180635
0.180498
0.180362
0.180227
0.180091
0.179956
0.179821
0.179686
0.179551
0.179417
0.179282
0.179148
0.179014
0.178881
0.178747
0.178614
0.178481
0.178348
0.178216
0.178083
0.177951
0.177819
0.177688
0.177556
0.177425
0.177294
0.177163
0.177032
0.176902
0.176771
0.176641
0.176511
0.176382
0.176252
0.176123
0.175994
0.175865
0.175736
0.175608
0.175479
0.175351
0.175223
0.175095
0.174968
0.174841
0.174713
0.174586
0.17446
0.174333
0.174207
0.174081
0.173955
0.173829
0.173703
0.173578
0.173452
0.173327
0.173202
0.173078
0.172953
0.172829
0.172705
0.172581
0.172457
0.172333
0.17221
0.172087
0.171963
0.171841
0.171718
0.171595
0.171473
0.171351
0.171229
0.171107
0.170985
0.170864
0.170742
0.170621
0.1705
0.17038
0.170259
0.170139
0.170018
0.169898
0.169778
0.169658
0.169539
0.169419
0.1693
0.169181
0.169062
0.168943
0.168825
0.168706
0.168588
0.16847
0.168352
0.168234
0.168117
0.167999
0.167882
0.167765
0.167648
0.167531
0.167414
0.167298
0.167182
0.167065
0.166949
0.166834
0.166718
0.166602
0.166487
0.166372
0.166257
0.166142
0.166027
0.165912
0.165798
0.165684
0.16557
0.165456
0.165342
0.165228
0.165114
0.165001
0.164888
0.164775
0.164662
0.164549
0.164436
0.164324
0.164211
0.164099
0.163987
0.163875
0.163764
0.163652
0.16354
0.163429
0.163318
0.163207
0.163096
0.162985
0.162875
0.162764
0.162654
0.162544
0.162434
0.162324
0.162214
0.162104
0.161995
0.161885
0.161776
0.161667
0.161558
0.161449
0.161341
0.161232
0.161124
0.161016
0.160908
0.1608
0.160692
0.160584
0.160476
0.160369
0.160262
0.160154
0.160047
0.159941
0.159834
0.159727
0.159621
0.159514
0.159408
0.159302
0.159196
0.15909
0.158984
0.158879
0.158773
0.158668
0.158562
0.158457
0.158352
0.158248
0.158143
0.158038
0.157934
0.157829
0.157725
0.157621
0.157517
0.157413
0.157309
0.157206
0.157102
0.156999
0.156896
0.156793
0.15669
0.156587
0.156484
0.156381
0.156279
0.156176
0.156074
0.155972
0.15587
0.155768
0.155666
0.155565
0.155463
0.155361
0.15526
0.155159
0.155058
0.154957
0.154856
0.154755
0.154655
0.154554
0.154454
0.154353
0.154253
0.154153
0.154053
0.153953
0.153853
0.153754
0.153654
0.153555
0.153456
0.153356
0.153257
0.153158
0.153059
0.152961
0.152862
0.152764
0.152665
0.152567
0.152469
0.15237
0.152272
0.152175
0.152077
0.151979
0.151882
0.151784
0.151687
0.15159
0.151492
0.151395
0.151298
0.151202
0.151105
0.151008
0.150912
0.150815
0.150719
0.150623
0.150527
0.150431
0.150335
0.150239
0.150143
0.150048
0.149952
0.149857
0.149761
0.149666
0.149571
0.149476
0.149381
0.149286
0.149192
0.149097
0.149002
0.148908
0.148814
0.148719
0.148625
0.148531
0.148437
0.148343
0.14825
0.148156
0.148062
0.147969
0.147876
0.147782
0.147689
0.147596
0.147503
0.14741
0.147317
0.147225
0.147132
0.147039
0.146947
0.146855
0.146762
0.14667
0.146578
0.146486
0.146394
0.146302
0.146211
0.146119
0.146027
0.145936
0.145845
0.145753
0.145662
0.145571
0.14548
0.145389
0.145298
0.145207
0.145117
0.145026
0.144935
0.144845
0.144755
0.144664
0.144574
0.144484
0.144394
0.144304
0.144214
0.144125
0.144035
0.143945
0.143856
0.143766
0.143677
0.143588
0.143499
0.143409
0.14332
0.143231
0.143143
0.143054
0.142965
0.142876
0.142788
0.142699
0.142611
0.142523
0.142434
0.142346
0.142258
0.14217
0.142082
0.141994
0.141906
0.141819
0.141731
0.141643
0.141556
0.141468
0.141381
0.141294
0.141207
0.141119
0.141032
0.140945
0.140858
0.140772
0.140685
0.140598
0.140511
0.140425
0.140338
0.140252
0.140165
0.140079
0.139993
0.139907
0.139821
0.139734
0.139648
0.139563
0.139477
0.139391
0.139305
0.139219
0.139134
0.139048
0.138963
0.138877
0.138792
0.138707
0.138622
0.138536
0.138451
0.138366
0.138281
0.138196
0.138111
0.138026
0.137942
0.137857
0.137772
0.137688
0.137603
0.137519
0.137434
0.13735
0.137265
0.137181
0.137097
0.137013
0.136928
0.136844
0.13676
0.136676
0.136592
0.136508
0.136424
0.13634
0.136257
0.136173
0.136089
0.136005
0.135922
0.135838
0.135755
0.135671
0.135587
0.135504
0.135421
0.135337
0.135254
0.13517
0.135087
0.135004
0.13492
0.134837
0.134754
0.134671
0.134587
0.134504
0.134421
0.134338
0.134255
0.134172
0.134089
0.134005
0.133922
0.133839
0.133756
0.133673
0.13359
0.133507
0.133424
0.133341
0.133257
0.133174
0.133091
0.133008
0.132925
0.132841
0.132758
0.132675
0.132591
0.132508
0.132425
0.132341
0.132258
0.132174
0.13209
0.132007
0.131923
0.131839
0.131755
0.131671
0.131587
0.131503
0.131418
0.131334
0.13125
0.131165
0.13108
0.130995
0.13091
0.130825
0.13074
0.130654
0.130568
0.130482
0.130396
0.13031
0.130223
0.130136
0.130049
0.129962
0.129874
0.129786
0.129698
0.129609
0.12952
0.129431
0.129341
0.129251
0.12916
0.129069
0.128977
0.128885
0.128792
0.128699
0.128605
0.12851
0.128414
0.128318
0.128221
0.128122
0.128023
0.127923
0.127822
0.127719
0.127616
0.12751
0.127404
0.127296
0.127186
)
;

boundaryField
{
    inlet
    {
        type            calculated;
        value           uniform 0.302959;
    }
    outlet
    {
        type            calculated;
        value           uniform 0.127186;
    }
    emptyWalls
    {
        type            empty;
    }
}


// ************************************************************************* //
