/*--------------------------------*- C++ -*----------------------------------*\
  =========                 |
  \\      /  F ield         | OpenFOAM: The Open Source CFD Toolbox
   \\    /   O peration     | Website:  https://openfoam.org
    \\  /    A nd           | Version:  9
     \\/     M anipulation  |
\*---------------------------------------------------------------------------*/
FoamFile
{
    format      ascii;
    class       volScalarField;
    location    "11";
    object      krb;
}
// * * * * * * * * * * * * * * * * * * * * * * * * * * * * * * * * * * * * * //

dimensions      [0 0 0 0 0 0 0];

internalField   nonuniform List<scalar> 
1000
(
0.30163
0.300817
0.300067
0.299348
0.298648
0.297963
0.29729
0.296626
0.295971
0.295324
0.294684
0.29405
0.293423
0.292802
0.292185
0.291575
0.290969
0.290368
0.289772
0.289181
0.288594
0.288011
0.287433
0.286859
0.286289
0.285723
0.285161
0.284603
0.284049
0.283498
0.282951
0.282407
0.281868
0.281331
0.280798
0.280268
0.279742
0.279219
0.278699
0.278183
0.277669
0.277159
0.276651
0.276147
0.275646
0.275147
0.274652
0.274159
0.273669
0.273182
0.272698
0.272216
0.271738
0.271262
0.270788
0.270317
0.269849
0.269383
0.26892
0.268459
0.268001
0.267545
0.267091
0.26664
0.266191
0.265745
0.265301
0.264859
0.26442
0.263982
0.263547
0.263115
0.262684
0.262255
0.261829
0.261405
0.260982
0.260562
0.260144
0.259728
0.259314
0.258902
0.258492
0.258084
0.257678
0.257273
0.256871
0.25647
0.256072
0.255675
0.25528
0.254887
0.254496
0.254106
0.253718
0.253332
0.252948
0.252565
0.252184
0.251805
0.251427
0.251052
0.250677
0.250305
0.249934
0.249564
0.249197
0.24883
0.248466
0.248103
0.247741
0.247381
0.247022
0.246665
0.24631
0.245956
0.245603
0.245252
0.244902
0.244554
0.244207
0.243862
0.243518
0.243175
0.242834
0.242494
0.242155
0.241818
0.241482
0.241148
0.240814
0.240482
0.240152
0.239822
0.239494
0.239167
0.238842
0.238517
0.238194
0.237872
0.237551
0.237232
0.236914
0.236597
0.236281
0.235966
0.235652
0.23534
0.235029
0.234718
0.234409
0.234102
0.233795
0.233489
0.233185
0.232881
0.232579
0.232277
0.231977
0.231678
0.23138
0.231083
0.230787
0.230492
0.230198
0.229905
0.229613
0.229322
0.229032
0.228743
0.228455
0.228168
0.227882
0.227597
0.227313
0.22703
0.226748
0.226466
0.226186
0.225907
0.225628
0.225351
0.225074
0.224798
0.224524
0.22425
0.223977
0.223704
0.223433
0.223163
0.222893
0.222624
0.222357
0.22209
0.221824
0.221558
0.221294
0.22103
0.220767
0.220505
0.220244
0.219984
0.219724
0.219465
0.219208
0.21895
0.218694
0.218438
0.218183
0.217929
0.217676
0.217424
0.217172
0.216921
0.216671
0.216421
0.216172
0.215924
0.215677
0.21543
0.215184
0.214939
0.214695
0.214451
0.214208
0.213966
0.213724
0.213483
0.213243
0.213003
0.212765
0.212526
0.212289
0.212052
0.211816
0.21158
0.211345
0.211111
0.210878
0.210645
0.210413
0.210181
0.20995
0.20972
0.20949
0.209261
0.209033
0.208805
0.208578
0.208351
0.208125
0.2079
0.207675
0.207451
0.207227
0.207004
0.206782
0.20656
0.206339
0.206118
0.205898
0.205679
0.20546
0.205242
0.205024
0.204807
0.20459
0.204374
0.204159
0.203944
0.20373
0.203516
0.203302
0.20309
0.202878
0.202666
0.202455
0.202244
0.202034
0.201825
0.201616
0.201407
0.201199
0.200992
0.200785
0.200578
0.200372
0.200167
0.199962
0.199758
0.199554
0.19935
0.199148
0.198945
0.198743
0.198542
0.198341
0.19814
0.19794
0.197741
0.197542
0.197343
0.197145
0.196948
0.19675
0.196554
0.196357
0.196162
0.195966
0.195772
0.195577
0.195383
0.19519
0.194997
0.194804
0.194612
0.19442
0.194229
0.194038
0.193848
0.193658
0.193468
0.193279
0.19309
0.192902
0.192714
0.192527
0.19234
0.192153
0.191967
0.191781
0.191596
0.191411
0.191227
0.191043
0.190859
0.190676
0.190493
0.19031
0.190128
0.189946
0.189765
0.189584
0.189404
0.189224
0.189044
0.188864
0.188685
0.188507
0.188329
0.188151
0.187973
0.187796
0.18762
0.187443
0.187267
0.187092
0.186917
0.186742
0.186567
0.186393
0.186219
0.186046
0.185873
0.1857
0.185528
0.185356
0.185184
0.185013
0.184842
0.184671
0.184501
0.184331
0.184162
0.183993
0.183824
0.183655
0.183487
0.183319
0.183152
0.182985
0.182818
0.182651
0.182485
0.182319
0.182154
0.181989
0.181824
0.181659
0.181495
0.181331
0.181168
0.181004
0.180841
0.180679
0.180516
0.180354
0.180193
0.180031
0.17987
0.17971
0.179549
0.179389
0.179229
0.17907
0.17891
0.178751
0.178593
0.178434
0.178276
0.178119
0.177961
0.177804
0.177647
0.177491
0.177334
0.177178
0.177023
0.176867
0.176712
0.176557
0.176403
0.176249
0.176095
0.175941
0.175788
0.175634
0.175482
0.175329
0.175177
0.175025
0.174873
0.174721
0.17457
0.174419
0.174269
0.174118
0.173968
0.173818
0.173669
0.173519
0.17337
0.173221
0.173073
0.172924
0.172776
0.172629
0.172481
0.172334
0.172187
0.17204
0.171894
0.171747
0.171601
0.171456
0.17131
0.171165
0.17102
0.170875
0.170731
0.170586
0.170442
0.170299
0.170155
0.170012
0.169869
0.169726
0.169584
0.169441
0.169299
0.169157
0.169016
0.168874
0.168733
0.168592
0.168452
0.168311
0.168171
0.168031
0.167891
0.167752
0.167612
0.167473
0.167335
0.167196
0.167058
0.166919
0.166781
0.166644
0.166506
0.166369
0.166232
0.166095
0.165959
0.165822
0.165686
0.16555
0.165414
0.165279
0.165143
0.165008
0.164873
0.164739
0.164604
0.16447
0.164336
0.164202
0.164068
0.163935
0.163802
0.163669
0.163536
0.163403
0.163271
0.163139
0.163007
0.162875
0.162743
0.162612
0.162481
0.16235
0.162219
0.162089
0.161958
0.161828
0.161698
0.161568
0.161439
0.161309
0.16118
0.161051
0.160922
0.160793
0.160665
0.160537
0.160409
0.160281
0.160153
0.160025
0.159898
0.159771
0.159644
0.159517
0.159391
0.159264
0.159138
0.159012
0.158886
0.158761
0.158635
0.15851
0.158385
0.15826
0.158135
0.15801
0.157886
0.157762
0.157638
0.157514
0.15739
0.157266
0.157143
0.15702
0.156897
0.156774
0.156651
0.156529
0.156406
0.156284
0.156162
0.15604
0.155919
0.155797
0.155676
0.155555
0.155434
0.155313
0.155192
0.155072
0.154951
0.154831
0.154711
0.154591
0.154472
0.154352
0.154233
0.154113
0.153994
0.153875
0.153757
0.153638
0.15352
0.153401
0.153283
0.153165
0.153048
0.15293
0.152812
0.152695
0.152578
0.152461
0.152344
0.152227
0.152111
0.151994
0.151878
0.151762
0.151646
0.15153
0.151414
0.151299
0.151183
0.151068
0.150953
0.150838
0.150723
0.150609
0.150494
0.15038
0.150266
0.150151
0.150038
0.149924
0.14981
0.149697
0.149583
0.14947
0.149357
0.149244
0.149131
0.149018
0.148906
0.148793
0.148681
0.148569
0.148457
0.148345
0.148233
0.148122
0.14801
0.147899
0.147788
0.147677
0.147566
0.147455
0.147344
0.147234
0.147123
0.147013
0.146903
0.146793
0.146683
0.146573
0.146463
0.146354
0.146244
0.146135
0.146026
0.145917
0.145808
0.145699
0.14559
0.145482
0.145373
0.145265
0.145157
0.145049
0.144941
0.144833
0.144725
0.144618
0.14451
0.144403
0.144296
0.144189
0.144082
0.143975
0.143868
0.143761
0.143655
0.143548
0.143442
0.143336
0.14323
0.143124
0.143018
0.142912
0.142806
0.142701
0.142595
0.14249
0.142385
0.14228
0.142175
0.14207
0.141965
0.14186
0.141755
0.141651
0.141547
0.141442
0.141338
0.141234
0.14113
0.141026
0.140922
0.140819
0.140715
0.140611
0.140508
0.140405
0.140301
0.140198
0.140095
0.139992
0.139889
0.139787
0.139684
0.139581
0.139479
0.139377
0.139274
0.139172
0.13907
0.138968
0.138866
0.138764
0.138662
0.13856
0.138459
0.138357
0.138256
0.138154
0.138053
0.137951
0.13785
0.137749
0.137648
0.137547
0.137446
0.137345
0.137245
0.137144
0.137043
0.136943
0.136842
0.136742
0.136641
0.136541
0.136441
0.13634
0.13624
0.13614
0.13604
0.13594
0.13584
0.13574
0.13564
0.13554
0.13544
0.135341
0.135241
0.135141
0.135041
0.134942
0.134842
0.134742
0.134643
0.134543
0.134444
0.134344
0.134245
0.134145
0.134046
0.133946
0.133847
0.133747
0.133648
0.133548
0.133448
0.133349
0.133249
0.133149
0.13305
0.13295
0.13285
0.13275
0.13265
0.132551
0.13245
0.13235
0.13225
0.13215
0.132049
0.131949
0.131848
0.131748
0.131647
0.131546
0.131445
0.131343
0.131242
0.13114
0.131038
0.130936
0.130834
0.130731
0.130628
0.130525
0.130422
0.130318
0.130214
0.130109
0.130005
0.129899
0.129794
0.129688
0.129581
0.129474
0.129366
0.129258
0.129149
0.129039
0.128929
0.128818
0.128706
0.128593
0.128479
0.128364
0.128248
0.128131
0.128012
0.127893
0.127771
0.127648
0.127524
0.127397
0.127269
0.127138
0.127005
0.126869
0.12673
0.126588
0.126443
0.126294
0.12614
0.125983
0.12582
0.125651
0.125476
0.125294
0.125104
0.124905
0.124696
0.124475
0.124241
0.123992
0.123725
0.123437
0.123126
0.122786
0.122411
0.121996
0.121529
0.120999
0.12039
0.119679
0.118832
0.117804
0.116521
0.114867
0.112645
0.109484
0.104613
0.096129
0.0779042
0.0368402
0.0417859
0.0381381
0.0366004
0.036365
0.0366063
0.0369296
0.0372315
0.0375102
0.0377654
0.0379764
0.0381137
0.038154
0.0380937
0.0379547
0.0377813
0.0376228
0.0375155
0.0374722
0.037486
0.0375392
0.0376115
0.0376847
0.037745
0.0377838
0.0377978
0.0377889
0.0377631
0.0377289
0.0376949
0.0376682
0.0376527
0.037649
0.0376552
0.0376677
0.0376827
0.0376964
0.0377064
0.0377113
0.0377112
0.0377071
0.0377007
0.0376938
0.0376879
0.037684
0.0376826
0.0376833
0.0376857
0.0376887
0.0376916
0.0376938
0.0376949
0.0376948
0.0376938
0.0376921
0.0376902
0.0376886
0.0376874
0.0376868
0.0376869
0.0376875
0.0376885
0.0376895
0.0376906
0.0376914
0.0376919
0.0376922
0.0376922
0.037692
0.0376917
0.0376914
0.037691
0.0376907
0.0376905
0.0376902
0.03769
0.0376897
0.0376894
0.0376891
0.0376887
0.0376884
0.037688
0.0376877
0.0376874
0.0376872
0.0376872
0.0376871
0.0376872
0.0376873
0.0376875
0.0376876
0.0376878
0.037688
0.0376881
0.0376882
0.0376882
0.0376882
0.0376882
0.0376881
0.0376879
0.0376877
0.0376875
0.0376871
0.0376867
0.0376863
0.0376858
0.0376852
0.0376847
0.0376841
0.0376834
0.0376828
0.0376822
0.0376816
0.0376809
0.0376804
0.0376798
0.0376793
0.0376788
0.0376784
0.037678
0.0376776
0.0376774
0.0376771
0.037677
)
;

boundaryField
{
    inlet
    {
        type            calculated;
        value           uniform 0.302959;
    }
    outlet
    {
        type            calculated;
        value           uniform 0.037677;
    }
    emptyWalls
    {
        type            empty;
    }
}


// ************************************************************************* //
