/*--------------------------------*- C++ -*----------------------------------*\
  =========                 |
  \\      /  F ield         | OpenFOAM: The Open Source CFD Toolbox
   \\    /   O peration     | Website:  https://openfoam.org
    \\  /    A nd           | Version:  9
     \\/     M anipulation  |
\*---------------------------------------------------------------------------*/
FoamFile
{
    format      ascii;
    class       volScalarField;
    location    "10.3";
    object      AcumCoeff_csw;
}
// * * * * * * * * * * * * * * * * * * * * * * * * * * * * * * * * * * * * * //

dimensions      [0 0 0 0 0 0 0];

internalField   nonuniform List<scalar> 
1000
(
0.149719
0.149547
0.149389
0.149236
0.149088
0.148942
0.148799
0.148658
0.148519
0.148381
0.148245
0.14811
0.147976
0.147843
0.147712
0.147581
0.147452
0.147323
0.147195
0.147069
0.146943
0.146818
0.146693
0.14657
0.146447
0.146326
0.146204
0.146084
0.145965
0.145846
0.145727
0.14561
0.145493
0.145377
0.145262
0.145147
0.145032
0.144919
0.144806
0.144694
0.144582
0.144471
0.14436
0.14425
0.144141
0.144032
0.143924
0.143816
0.143709
0.143603
0.143496
0.143391
0.143286
0.143181
0.143077
0.142974
0.142871
0.142768
0.142666
0.142565
0.142464
0.142363
0.142263
0.142163
0.142064
0.141966
0.141867
0.141769
0.141672
0.141575
0.141478
0.141382
0.141286
0.141191
0.141096
0.141002
0.140908
0.140814
0.140721
0.140628
0.140535
0.140443
0.140352
0.14026
0.140169
0.140079
0.139988
0.139898
0.139809
0.13972
0.139631
0.139543
0.139454
0.139367
0.139279
0.139192
0.139105
0.139019
0.138933
0.138847
0.138762
0.138677
0.138592
0.138508
0.138423
0.13834
0.138256
0.138173
0.13809
0.138007
0.137925
0.137843
0.137761
0.13768
0.137599
0.137518
0.137437
0.137357
0.137277
0.137197
0.137118
0.137039
0.13696
0.136881
0.136803
0.136725
0.136647
0.136569
0.136492
0.136415
0.136338
0.136262
0.136185
0.136109
0.136034
0.135958
0.135883
0.135808
0.135733
0.135658
0.135584
0.13551
0.135436
0.135362
0.135289
0.135216
0.135143
0.13507
0.134998
0.134925
0.134853
0.134782
0.13471
0.134639
0.134568
0.134497
0.134426
0.134355
0.134285
0.134215
0.134145
0.134075
0.134006
0.133937
0.133867
0.133799
0.13373
0.133661
0.133593
0.133525
0.133457
0.133389
0.133322
0.133255
0.133187
0.133121
0.133054
0.132987
0.132921
0.132855
0.132789
0.132723
0.132657
0.132592
0.132526
0.132461
0.132396
0.132331
0.132267
0.132202
0.132138
0.132074
0.13201
0.131946
0.131883
0.131819
0.131756
0.131693
0.13163
0.131567
0.131505
0.131442
0.13138
0.131318
0.131256
0.131194
0.131132
0.131071
0.13101
0.130948
0.130887
0.130827
0.130766
0.130705
0.130645
0.130584
0.130524
0.130464
0.130404
0.130345
0.130285
0.130226
0.130166
0.130107
0.130048
0.129989
0.129931
0.129872
0.129814
0.129755
0.129697
0.129639
0.129581
0.129524
0.129466
0.129408
0.129351
0.129294
0.129237
0.12918
0.129123
0.129066
0.12901
0.128953
0.128897
0.128841
0.128785
0.128729
0.128673
0.128617
0.128561
0.128506
0.128451
0.128395
0.12834
0.128285
0.12823
0.128176
0.128121
0.128066
0.128012
0.127958
0.127904
0.12785
0.127796
0.127742
0.127688
0.127634
0.127581
0.127528
0.127474
0.127421
0.127368
0.127315
0.127262
0.12721
0.127157
0.127104
0.127052
0.127
0.126947
0.126895
0.126843
0.126792
0.12674
0.126688
0.126636
0.126585
0.126534
0.126482
0.126431
0.12638
0.126329
0.126278
0.126227
0.126177
0.126126
0.126076
0.126025
0.125975
0.125925
0.125875
0.125825
0.125775
0.125725
0.125675
0.125626
0.125576
0.125527
0.125477
0.125428
0.125379
0.12533
0.125281
0.125232
0.125183
0.125134
0.125086
0.125037
0.124989
0.12494
0.124892
0.124844
0.124796
0.124748
0.1247
0.124652
0.124604
0.124557
0.124509
0.124461
0.124414
0.124367
0.124319
0.124272
0.124225
0.124178
0.124131
0.124084
0.124038
0.123991
0.123944
0.123898
0.123851
0.123805
0.123759
0.123712
0.123666
0.12362
0.123574
0.123528
0.123482
0.123437
0.123391
0.123345
0.1233
0.123254
0.123209
0.123164
0.123118
0.123073
0.123028
0.122983
0.122938
0.122893
0.122848
0.122804
0.122759
0.122714
0.12267
0.122625
0.122581
0.122537
0.122493
0.122448
0.122404
0.12236
0.122316
0.122272
0.122229
0.122185
0.122141
0.122098
0.122054
0.12201
0.121967
0.121924
0.12188
0.121837
0.121794
0.121751
0.121708
0.121665
0.121622
0.121579
0.121536
0.121494
0.121451
0.121408
0.121366
0.121323
0.121281
0.121239
0.121196
0.121154
0.121112
0.12107
0.121028
0.120986
0.120944
0.120902
0.12086
0.120819
0.120777
0.120735
0.120694
0.120652
0.120611
0.12057
0.120528
0.120487
0.120446
0.120405
0.120364
0.120323
0.120282
0.120241
0.1202
0.120159
0.120118
0.120078
0.120037
0.119996
0.119956
0.119915
0.119875
0.119835
0.119794
0.119754
0.119714
0.119674
0.119634
0.119594
0.119554
0.119514
0.119474
0.119434
0.119394
0.119354
0.119315
0.119275
0.119236
0.119196
0.119157
0.119117
0.119078
0.119038
0.118999
0.11896
0.118921
0.118882
0.118843
0.118804
0.118765
0.118726
0.118687
0.118648
0.118609
0.118571
0.118532
0.118493
0.118455
0.118416
0.118378
0.118339
0.118301
0.118262
0.118224
0.118186
0.118148
0.11811
0.118071
0.118033
0.117995
0.117957
0.117919
0.117882
0.117844
0.117806
0.117768
0.11773
0.117693
0.117655
0.117618
0.11758
0.117543
0.117505
0.117468
0.11743
0.117393
0.117356
0.117319
0.117281
0.117244
0.117207
0.11717
0.117133
0.117096
0.117059
0.117022
0.116985
0.116949
0.116912
0.116875
0.116838
0.116802
0.116765
0.116729
0.116692
0.116656
0.116619
0.116583
0.116546
0.11651
0.116474
0.116438
0.116401
0.116365
0.116329
0.116293
0.116257
0.116221
0.116185
0.116149
0.116113
0.116077
0.116041
0.116006
0.11597
0.115934
0.115898
0.115863
0.115827
0.115792
0.115756
0.115721
0.115685
0.11565
0.115614
0.115579
0.115544
0.115508
0.115473
0.115438
0.115403
0.115368
0.115333
0.115298
0.115262
0.115227
0.115193
0.115158
0.115123
0.115088
0.115053
0.115018
0.114983
0.114949
0.114914
0.114879
0.114845
0.11481
0.114776
0.114741
0.114707
0.114672
0.114638
0.114603
0.114569
0.114535
0.1145
0.114466
0.114432
0.114398
0.114363
0.114329
0.114295
0.114261
0.114227
0.114193
0.114159
0.114125
0.114091
0.114057
0.114023
0.113989
0.113956
0.113922
0.113888
0.113854
0.113821
0.113787
0.113753
0.11372
0.113686
0.113653
0.113619
0.113586
0.113552
0.113519
0.113485
0.113452
0.113418
0.113385
0.113352
0.113319
0.113285
0.113252
0.113219
0.113186
0.113153
0.113119
0.113086
0.113053
0.11302
0.112987
0.112954
0.112921
0.112888
0.112855
0.112823
0.11279
0.112757
0.112724
0.112691
0.112658
0.112626
0.112593
0.11256
0.112528
0.112495
0.112462
0.11243
0.112397
0.112365
0.112332
0.1123
0.112267
0.112235
0.112202
0.11217
0.112137
0.112105
0.112073
0.11204
0.112008
0.111976
0.111943
0.111911
0.111879
0.111847
0.111814
0.111782
0.11175
0.111718
0.111686
0.111654
0.111622
0.111589
0.111557
0.111525
0.111493
0.111461
0.111429
0.111397
0.111365
0.111333
0.111302
0.11127
0.111238
0.111206
0.111174
0.111142
0.11111
0.111078
0.111047
0.111015
0.110983
0.110951
0.11092
0.110888
0.110856
0.110824
0.110793
0.110761
0.110729
0.110697
0.110666
0.110634
0.110602
0.110571
0.110539
0.110507
0.110476
0.110444
0.110412
0.110381
0.110349
0.110318
0.110286
0.110254
0.110223
0.110191
0.110159
0.110128
0.110096
0.110064
0.110033
0.110001
0.109969
0.109938
0.109906
0.109874
0.109843
0.109811
0.109779
0.109747
0.109716
0.109684
0.109652
0.10962
0.109588
0.109556
0.109524
0.109493
0.109461
0.109429
0.109397
0.109364
0.109332
0.1093
0.109268
0.109236
0.109203
0.109171
0.109139
0.109106
0.109074
0.109041
0.109008
0.108976
0.108943
0.10891
0.108877
0.108844
0.10881
0.108777
0.108744
0.10871
0.108676
0.108643
0.108609
0.108574
0.10854
0.108506
0.108471
0.108436
0.108401
0.108366
0.10833
0.108294
0.108258
0.108222
0.108185
0.108148
0.10811
0.108073
0.108034
0.107996
0.107956
0.107917
0.107876
0.107835
0.107794
0.107751
0.107708
0.107664
0.107619
0.107573
0.107526
0.107477
0.107427
0.107376
0.107322
0.107267
0.10721
0.10715
0.107087
0.107022
0.106953
0.106879
0.106802
0.106718
0.106629
0.106532
0.106426
0.10631
0.106181
0.106037
0.105873
0.105686
0.105467
0.105206
0.104891
0.104497
0.103991
0.103311
0.102345
0.100857
0.0982597
0.0925974
0.0753906
0.0663364
0.0683164
0.0683255
0.0674898
0.0669127
0.0667347
0.0667564
0.066846
0.0669565
0.0670723
0.067183
0.0672774
0.0673447
0.0673769
0.0673712
0.0673326
0.0672738
0.0672119
0.0671621
0.0671335
0.0671274
0.0671397
0.0671634
0.0671912
0.0672168
0.0672358
0.0672459
0.0672468
0.0672401
0.0672286
0.0672157
0.0672042
0.0671964
0.067193
0.0671938
0.0671978
0.0672034
0.0672092
0.067214
0.067217
0.067218
0.0672172
0.0672151
0.0672124
0.0672098
0.0672077
0.0672066
0.0672064
0.0672069
0.067208
0.0672092
0.0672103
0.0672111
0.0672115
0.0672114
0.0672111
0.0672105
0.0672099
0.0672093
0.0672089
0.0672087
0.0672087
0.0672088
0.067209
0.0672091
0.0672092
0.0672092
0.0672091
0.0672089
0.0672086
0.0672083
0.0672079
0.0672076
0.0672073
0.0672071
0.0672068
0.0672066
0.0672063
0.0672061
0.0672058
0.0672055
0.0672053
0.067205
0.0672047
0.0672044
0.0672042
0.067204
0.0672039
0.0672038
0.0672038
0.0672038
0.0672038
0.0672038
0.0672039
0.067204
0.0672042
0.0672043
0.0672045
0.0672046
0.0672048
0.067205
0.0672052
0.0672053
0.0672055
0.0672056
0.0672057
0.0672058
0.0672058
0.0672058
0.0672058
0.0672058
0.0672057
0.0672056
0.0672055
0.0672054
0.0672052
0.0672051
0.0672049
0.0672047
0.0672045
0.0672044
0.0672042
0.067204
0.0672038
0.0672037
0.0672035
0.0672034
0.0672033
0.0672032
0.0672031
0.067203
0.0672029
0.0672028
0.0672028
0.0672027
0.0672027
0.0672026
0.0672026
0.0672025
0.0672025
0.0672025
0.0672024
0.0672023
0.0672023
0.0672022
0.0672021
0.067202
0.0672019
0.0672018
0.0672017
0.0672016
0.0672015
0.0672014
0.0672013
0.0672012
0.0672011
0.067201
0.0672009
0.0672008
0.0672007
0.0672006
0.0672005
0.0672004
0.0672003
0.0672002
0.0672001
0.0672001
0.0672
0.0671999
0.0671999
0.0671998
0.0671998
0.0671997
0.0671996
0.0671996
0.0671995
0.0671995
0.0671994
)
;

boundaryField
{
    inlet
    {
        type            calculated;
        value           uniform 0.15;
    }
    outlet
    {
        type            calculated;
        value           uniform 0.0671994;
    }
    emptyWalls
    {
        type            empty;
    }
}


// ************************************************************************* //
