/*--------------------------------*- C++ -*----------------------------------*\
  =========                 |
  \\      /  F ield         | OpenFOAM: The Open Source CFD Toolbox
   \\    /   O peration     | Website:  https://openfoam.org
    \\  /    A nd           | Version:  9
     \\/     M anipulation  |
\*---------------------------------------------------------------------------*/
FoamFile
{
    format      ascii;
    class       volVectorField;
    location    "5.9";
    object      Ua;
}
// * * * * * * * * * * * * * * * * * * * * * * * * * * * * * * * * * * * * * //

dimensions      [0 0 0 0 0 0 0];

internalField   nonuniform List<vector> 
1000
(
(0.70942 0 0)
(0.709418 0 0)
(0.709416 0 0)
(0.709412 0 0)
(0.709408 0 0)
(0.709403 0 0)
(0.709397 0 0)
(0.70939 0 0)
(0.709383 0 0)
(0.709376 0 0)
(0.709367 0 0)
(0.709358 0 0)
(0.709349 0 0)
(0.709339 0 0)
(0.709328 0 0)
(0.709317 0 0)
(0.709305 0 0)
(0.709293 0 0)
(0.70928 0 0)
(0.709267 0 0)
(0.709253 0 0)
(0.709239 0 0)
(0.709224 0 0)
(0.709209 0 0)
(0.709193 0 0)
(0.709177 0 0)
(0.709161 0 0)
(0.709144 0 0)
(0.709126 0 0)
(0.709108 0 0)
(0.70909 0 0)
(0.709072 0 0)
(0.709053 0 0)
(0.709033 0 0)
(0.709013 0 0)
(0.708993 0 0)
(0.708973 0 0)
(0.708952 0 0)
(0.708931 0 0)
(0.708909 0 0)
(0.708887 0 0)
(0.708865 0 0)
(0.708842 0 0)
(0.708819 0 0)
(0.708796 0 0)
(0.708773 0 0)
(0.708749 0 0)
(0.708725 0 0)
(0.7087 0 0)
(0.708675 0 0)
(0.70865 0 0)
(0.708625 0 0)
(0.708599 0 0)
(0.708573 0 0)
(0.708547 0 0)
(0.708521 0 0)
(0.708494 0 0)
(0.708467 0 0)
(0.70844 0 0)
(0.708412 0 0)
(0.708385 0 0)
(0.708357 0 0)
(0.708328 0 0)
(0.7083 0 0)
(0.708271 0 0)
(0.708242 0 0)
(0.708213 0 0)
(0.708183 0 0)
(0.708154 0 0)
(0.708124 0 0)
(0.708094 0 0)
(0.708063 0 0)
(0.708033 0 0)
(0.708002 0 0)
(0.707971 0 0)
(0.70794 0 0)
(0.707908 0 0)
(0.707877 0 0)
(0.707845 0 0)
(0.707813 0 0)
(0.707781 0 0)
(0.707749 0 0)
(0.707716 0 0)
(0.707683 0 0)
(0.70765 0 0)
(0.707617 0 0)
(0.707584 0 0)
(0.70755 0 0)
(0.707517 0 0)
(0.707483 0 0)
(0.707449 0 0)
(0.707415 0 0)
(0.70738 0 0)
(0.707346 0 0)
(0.707311 0 0)
(0.707276 0 0)
(0.707241 0 0)
(0.707206 0 0)
(0.707171 0 0)
(0.707135 0 0)
(0.7071 0 0)
(0.707064 0 0)
(0.707028 0 0)
(0.706992 0 0)
(0.706955 0 0)
(0.706919 0 0)
(0.706883 0 0)
(0.706846 0 0)
(0.706809 0 0)
(0.706772 0 0)
(0.706735 0 0)
(0.706698 0 0)
(0.70666 0 0)
(0.706623 0 0)
(0.706585 0 0)
(0.706547 0 0)
(0.706509 0 0)
(0.706471 0 0)
(0.706433 0 0)
(0.706395 0 0)
(0.706356 0 0)
(0.706318 0 0)
(0.706279 0 0)
(0.70624 0 0)
(0.706201 0 0)
(0.706162 0 0)
(0.706123 0 0)
(0.706084 0 0)
(0.706045 0 0)
(0.706005 0 0)
(0.705965 0 0)
(0.705926 0 0)
(0.705886 0 0)
(0.705846 0 0)
(0.705806 0 0)
(0.705766 0 0)
(0.705725 0 0)
(0.705685 0 0)
(0.705644 0 0)
(0.705604 0 0)
(0.705563 0 0)
(0.705522 0 0)
(0.705481 0 0)
(0.70544 0 0)
(0.705399 0 0)
(0.705358 0 0)
(0.705317 0 0)
(0.705275 0 0)
(0.705234 0 0)
(0.705192 0 0)
(0.70515 0 0)
(0.705108 0 0)
(0.705066 0 0)
(0.705024 0 0)
(0.704982 0 0)
(0.70494 0 0)
(0.704898 0 0)
(0.704855 0 0)
(0.704813 0 0)
(0.70477 0 0)
(0.704728 0 0)
(0.704685 0 0)
(0.704642 0 0)
(0.704599 0 0)
(0.704556 0 0)
(0.704513 0 0)
(0.70447 0 0)
(0.704427 0 0)
(0.704383 0 0)
(0.70434 0 0)
(0.704297 0 0)
(0.704253 0 0)
(0.704209 0 0)
(0.704166 0 0)
(0.704122 0 0)
(0.704078 0 0)
(0.704034 0 0)
(0.70399 0 0)
(0.703946 0 0)
(0.703901 0 0)
(0.703857 0 0)
(0.703813 0 0)
(0.703768 0 0)
(0.703724 0 0)
(0.703679 0 0)
(0.703635 0 0)
(0.70359 0 0)
(0.703545 0 0)
(0.7035 0 0)
(0.703455 0 0)
(0.70341 0 0)
(0.703365 0 0)
(0.70332 0 0)
(0.703275 0 0)
(0.703229 0 0)
(0.703184 0 0)
(0.703139 0 0)
(0.703093 0 0)
(0.703047 0 0)
(0.703002 0 0)
(0.702956 0 0)
(0.70291 0 0)
(0.702864 0 0)
(0.702819 0 0)
(0.702773 0 0)
(0.702727 0 0)
(0.70268 0 0)
(0.702634 0 0)
(0.702588 0 0)
(0.702542 0 0)
(0.702495 0 0)
(0.702449 0 0)
(0.702403 0 0)
(0.702356 0 0)
(0.702309 0 0)
(0.702263 0 0)
(0.702216 0 0)
(0.702169 0 0)
(0.702122 0 0)
(0.702075 0 0)
(0.702029 0 0)
(0.701981 0 0)
(0.701934 0 0)
(0.701887 0 0)
(0.70184 0 0)
(0.701793 0 0)
(0.701746 0 0)
(0.701698 0 0)
(0.701651 0 0)
(0.701603 0 0)
(0.701556 0 0)
(0.701508 0 0)
(0.701461 0 0)
(0.701413 0 0)
(0.701365 0 0)
(0.701317 0 0)
(0.701269 0 0)
(0.701222 0 0)
(0.701174 0 0)
(0.701126 0 0)
(0.701077 0 0)
(0.701029 0 0)
(0.700981 0 0)
(0.700933 0 0)
(0.700885 0 0)
(0.700836 0 0)
(0.700788 0 0)
(0.70074 0 0)
(0.700691 0 0)
(0.700643 0 0)
(0.700594 0 0)
(0.700545 0 0)
(0.700497 0 0)
(0.700448 0 0)
(0.700399 0 0)
(0.70035 0 0)
(0.700301 0 0)
(0.700252 0 0)
(0.700204 0 0)
(0.700154 0 0)
(0.700105 0 0)
(0.700056 0 0)
(0.700007 0 0)
(0.699958 0 0)
(0.699909 0 0)
(0.699859 0 0)
(0.69981 0 0)
(0.699761 0 0)
(0.699711 0 0)
(0.699662 0 0)
(0.699612 0 0)
(0.699563 0 0)
(0.699513 0 0)
(0.699463 0 0)
(0.699413 0 0)
(0.699364 0 0)
(0.699314 0 0)
(0.699264 0 0)
(0.699214 0 0)
(0.699164 0 0)
(0.699114 0 0)
(0.699064 0 0)
(0.699014 0 0)
(0.698964 0 0)
(0.698914 0 0)
(0.698864 0 0)
(0.698813 0 0)
(0.698763 0 0)
(0.698713 0 0)
(0.698662 0 0)
(0.698612 0 0)
(0.698561 0 0)
(0.698511 0 0)
(0.69846 0 0)
(0.69841 0 0)
(0.698359 0 0)
(0.698308 0 0)
(0.698258 0 0)
(0.698207 0 0)
(0.698156 0 0)
(0.698105 0 0)
(0.698054 0 0)
(0.698003 0 0)
(0.697952 0 0)
(0.697901 0 0)
(0.69785 0 0)
(0.697799 0 0)
(0.697748 0 0)
(0.697697 0 0)
(0.697646 0 0)
(0.697594 0 0)
(0.697543 0 0)
(0.697492 0 0)
(0.69744 0 0)
(0.697389 0 0)
(0.697338 0 0)
(0.697286 0 0)
(0.697234 0 0)
(0.697183 0 0)
(0.697131 0 0)
(0.69708 0 0)
(0.697028 0 0)
(0.696976 0 0)
(0.696924 0 0)
(0.696872 0 0)
(0.69682 0 0)
(0.696769 0 0)
(0.696717 0 0)
(0.696665 0 0)
(0.696613 0 0)
(0.69656 0 0)
(0.696508 0 0)
(0.696456 0 0)
(0.696404 0 0)
(0.696352 0 0)
(0.696299 0 0)
(0.696247 0 0)
(0.696195 0 0)
(0.696142 0 0)
(0.69609 0 0)
(0.696037 0 0)
(0.695985 0 0)
(0.695932 0 0)
(0.695879 0 0)
(0.695827 0 0)
(0.695774 0 0)
(0.695721 0 0)
(0.695668 0 0)
(0.695616 0 0)
(0.695563 0 0)
(0.69551 0 0)
(0.695457 0 0)
(0.695404 0 0)
(0.695351 0 0)
(0.695297 0 0)
(0.695244 0 0)
(0.695191 0 0)
(0.695138 0 0)
(0.695084 0 0)
(0.695031 0 0)
(0.694978 0 0)
(0.694924 0 0)
(0.694871 0 0)
(0.694817 0 0)
(0.694764 0 0)
(0.69471 0 0)
(0.694656 0 0)
(0.694602 0 0)
(0.694549 0 0)
(0.694495 0 0)
(0.694441 0 0)
(0.694387 0 0)
(0.694333 0 0)
(0.694279 0 0)
(0.694225 0 0)
(0.69417 0 0)
(0.694116 0 0)
(0.694062 0 0)
(0.694007 0 0)
(0.693953 0 0)
(0.693898 0 0)
(0.693844 0 0)
(0.693789 0 0)
(0.693735 0 0)
(0.69368 0 0)
(0.693625 0 0)
(0.69357 0 0)
(0.693515 0 0)
(0.69346 0 0)
(0.693405 0 0)
(0.69335 0 0)
(0.693294 0 0)
(0.693239 0 0)
(0.693184 0 0)
(0.693128 0 0)
(0.693072 0 0)
(0.693017 0 0)
(0.692961 0 0)
(0.692905 0 0)
(0.692849 0 0)
(0.692793 0 0)
(0.692737 0 0)
(0.69268 0 0)
(0.692624 0 0)
(0.692567 0 0)
(0.692511 0 0)
(0.692454 0 0)
(0.692397 0 0)
(0.69234 0 0)
(0.692283 0 0)
(0.692225 0 0)
(0.692168 0 0)
(0.69211 0 0)
(0.692052 0 0)
(0.691994 0 0)
(0.691936 0 0)
(0.691877 0 0)
(0.691819 0 0)
(0.69176 0 0)
(0.691701 0 0)
(0.691642 0 0)
(0.691582 0 0)
(0.691522 0 0)
(0.691462 0 0)
(0.691402 0 0)
(0.691341 0 0)
(0.69128 0 0)
(0.691218 0 0)
(0.691156 0 0)
(0.691094 0 0)
(0.691032 0 0)
(0.690968 0 0)
(0.690905 0 0)
(0.690841 0 0)
(0.690776 0 0)
(0.690711 0 0)
(0.690644 0 0)
(0.690578 0 0)
(0.69051 0 0)
(0.690442 0 0)
(0.690372 0 0)
(0.690302 0 0)
(0.690231 0 0)
(0.690158 0 0)
(0.690084 0 0)
(0.690008 0 0)
(0.689931 0 0)
(0.689852 0 0)
(0.689771 0 0)
(0.689688 0 0)
(0.689602 0 0)
(0.689514 0 0)
(0.689422 0 0)
(0.689326 0 0)
(0.689227 0 0)
(0.689122 0 0)
(0.689012 0 0)
(0.688896 0 0)
(0.688771 0 0)
(0.688638 0 0)
(0.688494 0 0)
(0.688337 0 0)
(0.688165 0 0)
(0.687972 0 0)
(0.687755 0 0)
(0.687507 0 0)
(0.687218 0 0)
(0.686873 0 0)
(0.686453 0 0)
(0.685923 0 0)
(0.685229 0 0)
(0.684271 0 0)
(0.682853 0 0)
(0.68053 0 0)
(0.676143 0 0)
(0.65371 0 0)
(0.622344 0 0)
(0.596111 0 0)
(0.569593 0 0)
(0.553114 0 0)
(0.555173 0 0)
(0.575274 0 0)
(0.602355 0 0)
(0.623788 0 0)
(0.634379 0 0)
(0.635793 0 0)
(0.631647 0 0)
(0.624831 0 0)
(0.617209 0 0)
(0.61002 0 0)
(0.604188 0 0)
(0.600411 0 0)
(0.599074 0 0)
(0.600117 0 0)
(0.602981 0 0)
(0.606735 0 0)
(0.610362 0 0)
(0.613068 0 0)
(0.61446 0 0)
(0.614547 0 0)
(0.613618 0 0)
(0.6121 0 0)
(0.61043 0 0)
(0.608975 0 0)
(0.607983 0 0)
(0.607566 0 0)
(0.607698 0 0)
(0.608247 0 0)
(0.60902 0 0)
(0.60981 0 0)
(0.61045 0 0)
(0.61084 0 0)
(0.610952 0 0)
(0.610822 0 0)
(0.610527 0 0)
(0.610161 0 0)
(0.609813 0 0)
(0.609549 0 0)
(0.609403 0 0)
(0.60938 0 0)
(0.609458 0 0)
(0.609599 0 0)
(0.609758 0 0)
(0.609897 0 0)
(0.60999 0 0)
(0.610024 0 0)
(0.610002 0 0)
(0.609938 0 0)
(0.60985 0 0)
(0.60976 0 0)
(0.609684 0 0)
(0.609633 0 0)
(0.609611 0 0)
(0.609617 0 0)
(0.609642 0 0)
(0.60968 0 0)
(0.609719 0 0)
(0.609755 0 0)
(0.609781 0 0)
(0.609797 0 0)
(0.609804 0 0)
(0.609805 0 0)
(0.609804 0 0)
(0.609803 0 0)
(0.609805 0 0)
(0.609811 0 0)
(0.60982 0 0)
(0.609832 0 0)
(0.609845 0 0)
(0.609856 0 0)
(0.609864 0 0)
(0.609868 0 0)
(0.609868 0 0)
(0.609865 0 0)
(0.609858 0 0)
(0.60985 0 0)
(0.609841 0 0)
(0.609832 0 0)
(0.609823 0 0)
(0.609815 0 0)
(0.609807 0 0)
(0.609799 0 0)
(0.609792 0 0)
(0.609785 0 0)
(0.609777 0 0)
(0.60977 0 0)
(0.609763 0 0)
(0.609756 0 0)
(0.60975 0 0)
(0.609745 0 0)
(0.609742 0 0)
(0.60974 0 0)
(0.609739 0 0)
(0.60974 0 0)
(0.609741 0 0)
(0.609744 0 0)
(0.609747 0 0)
(0.609751 0 0)
(0.609754 0 0)
(0.609758 0 0)
(0.609761 0 0)
(0.609763 0 0)
(0.609765 0 0)
(0.609767 0 0)
(0.609768 0 0)
(0.609768 0 0)
(0.609768 0 0)
(0.609767 0 0)
(0.609766 0 0)
(0.609765 0 0)
(0.609764 0 0)
(0.609763 0 0)
(0.609762 0 0)
(0.609762 0 0)
(0.609762 0 0)
(0.609763 0 0)
(0.609765 0 0)
(0.609767 0 0)
(0.60977 0 0)
(0.609773 0 0)
(0.609778 0 0)
(0.609782 0 0)
(0.609787 0 0)
(0.609792 0 0)
(0.609797 0 0)
(0.609802 0 0)
(0.609807 0 0)
(0.609811 0 0)
(0.609815 0 0)
(0.609819 0 0)
(0.609822 0 0)
(0.609824 0 0)
(0.609825 0 0)
(0.609826 0 0)
(0.609826 0 0)
(0.609825 0 0)
(0.609823 0 0)
(0.609821 0 0)
(0.609818 0 0)
(0.609815 0 0)
(0.609811 0 0)
(0.609807 0 0)
(0.609803 0 0)
(0.609798 0 0)
(0.609794 0 0)
(0.609789 0 0)
(0.609785 0 0)
(0.609781 0 0)
(0.609777 0 0)
(0.609774 0 0)
(0.609771 0 0)
(0.609768 0 0)
(0.609766 0 0)
(0.609764 0 0)
(0.609762 0 0)
(0.609761 0 0)
(0.60976 0 0)
(0.60976 0 0)
(0.60976 0 0)
(0.60976 0 0)
(0.60976 0 0)
(0.60976 0 0)
(0.609761 0 0)
(0.609762 0 0)
(0.609762 0 0)
(0.609763 0 0)
(0.609764 0 0)
(0.609765 0 0)
(0.609765 0 0)
(0.609766 0 0)
(0.609767 0 0)
(0.609768 0 0)
(0.609769 0 0)
(0.60977 0 0)
(0.609772 0 0)
(0.609773 0 0)
(0.609775 0 0)
(0.609777 0 0)
(0.609779 0 0)
(0.609781 0 0)
(0.609783 0 0)
(0.609785 0 0)
(0.609788 0 0)
(0.60979 0 0)
(0.609793 0 0)
(0.609796 0 0)
(0.609798 0 0)
(0.6098 0 0)
(0.609802 0 0)
(0.609804 0 0)
(0.609806 0 0)
(0.609808 0 0)
(0.609809 0 0)
(0.60981 0 0)
(0.60981 0 0)
(0.60981 0 0)
(0.60981 0 0)
(0.609809 0 0)
(0.609808 0 0)
(0.609807 0 0)
(0.609805 0 0)
(0.609804 0 0)
(0.609802 0 0)
(0.609799 0 0)
(0.609797 0 0)
(0.609794 0 0)
(0.609792 0 0)
(0.609789 0 0)
(0.609786 0 0)
(0.609784 0 0)
(0.609781 0 0)
(0.609779 0 0)
(0.609777 0 0)
(0.609774 0 0)
(0.609772 0 0)
(0.609771 0 0)
(0.609769 0 0)
(0.609767 0 0)
(0.609766 0 0)
(0.609765 0 0)
(0.609764 0 0)
(0.609763 0 0)
(0.609762 0 0)
(0.609761 0 0)
(0.609761 0 0)
(0.60976 0 0)
(0.60976 0 0)
(0.60976 0 0)
(0.609759 0 0)
(0.609759 0 0)
(0.609759 0 0)
(0.609759 0 0)
(0.609759 0 0)
(0.609758 0 0)
(0.609758 0 0)
(0.609758 0 0)
(0.609758 0 0)
(0.609758 0 0)
(0.609758 0 0)
(0.609758 0 0)
(0.609758 0 0)
(0.609758 0 0)
(0.609758 0 0)
(0.609758 0 0)
(0.609759 0 0)
(0.609759 0 0)
(0.609759 0 0)
(0.609759 0 0)
(0.609759 0 0)
(0.609759 0 0)
(0.609759 0 0)
(0.609759 0 0)
(0.60976 0 0)
(0.60976 0 0)
(0.60976 0 0)
(0.60976 0 0)
(0.60976 0 0)
(0.60976 0 0)
(0.609761 0 0)
(0.609761 0 0)
(0.609761 0 0)
(0.609761 0 0)
(0.609762 0 0)
(0.609762 0 0)
(0.609762 0 0)
(0.609763 0 0)
(0.609763 0 0)
(0.609763 0 0)
(0.609764 0 0)
(0.609765 0 0)
(0.609765 0 0)
(0.609766 0 0)
(0.609767 0 0)
(0.609767 0 0)
(0.609768 0 0)
(0.609769 0 0)
(0.60977 0 0)
(0.609771 0 0)
(0.609772 0 0)
(0.609773 0 0)
(0.609774 0 0)
(0.609775 0 0)
(0.609777 0 0)
(0.609778 0 0)
(0.609779 0 0)
(0.609781 0 0)
(0.609782 0 0)
(0.609784 0 0)
(0.609785 0 0)
(0.609786 0 0)
(0.609788 0 0)
(0.609789 0 0)
(0.609791 0 0)
(0.609792 0 0)
(0.609793 0 0)
(0.609795 0 0)
(0.609796 0 0)
(0.609797 0 0)
(0.609798 0 0)
(0.609799 0 0)
(0.609799 0 0)
(0.6098 0 0)
(0.609801 0 0)
(0.609801 0 0)
(0.609801 0 0)
(0.609801 0 0)
(0.609801 0 0)
(0.609801 0 0)
(0.6098 0 0)
(0.6098 0 0)
(0.609799 0 0)
(0.609798 0 0)
(0.609797 0 0)
(0.609796 0 0)
(0.609795 0 0)
(0.609794 0 0)
(0.609793 0 0)
(0.609791 0 0)
(0.60979 0 0)
(0.609788 0 0)
(0.609787 0 0)
(0.609785 0 0)
(0.609784 0 0)
(0.609782 0 0)
(0.609781 0 0)
(0.609779 0 0)
(0.609778 0 0)
(0.609777 0 0)
(0.609775 0 0)
(0.609774 0 0)
(0.609773 0 0)
(0.609772 0 0)
(0.609771 0 0)
(0.60977 0 0)
(0.609769 0 0)
(0.609768 0 0)
(0.609767 0 0)
(0.609766 0 0)
(0.609765 0 0)
(0.609765 0 0)
(0.609764 0 0)
(0.609763 0 0)
(0.609763 0 0)
(0.609762 0 0)
(0.609762 0 0)
(0.609762 0 0)
(0.609761 0 0)
(0.609761 0 0)
(0.609761 0 0)
(0.60976 0 0)
(0.60976 0 0)
(0.60976 0 0)
(0.609759 0 0)
(0.609759 0 0)
(0.609759 0 0)
(0.609759 0 0)
(0.609758 0 0)
(0.609758 0 0)
(0.609758 0 0)
(0.609757 0 0)
(0.609757 0 0)
(0.609757 0 0)
(0.609756 0 0)
(0.609756 0 0)
(0.609755 0 0)
(0.609755 0 0)
(0.609754 0 0)
(0.609754 0 0)
(0.609753 0 0)
(0.609753 0 0)
(0.609752 0 0)
(0.609751 0 0)
(0.609751 0 0)
(0.60975 0 0)
(0.609749 0 0)
(0.609748 0 0)
(0.609747 0 0)
(0.609746 0 0)
(0.609746 0 0)
(0.609745 0 0)
(0.609744 0 0)
(0.609743 0 0)
(0.609742 0 0)
(0.609741 0 0)
(0.60974 0 0)
(0.609739 0 0)
(0.609738 0 0)
(0.609737 0 0)
(0.609736 0 0)
(0.609735 0 0)
(0.609734 0 0)
(0.609733 0 0)
(0.609732 0 0)
(0.609732 0 0)
(0.609731 0 0)
(0.60973 0 0)
(0.60973 0 0)
(0.609729 0 0)
(0.609729 0 0)
(0.609729 0 0)
(0.609728 0 0)
(0.609728 0 0)
(0.609728 0 0)
(0.609728 0 0)
(0.609728 0 0)
(0.609729 0 0)
(0.609729 0 0)
(0.609729 0 0)
(0.60973 0 0)
(0.60973 0 0)
(0.609731 0 0)
(0.609732 0 0)
(0.609733 0 0)
(0.609733 0 0)
(0.609734 0 0)
(0.609735 0 0)
(0.609736 0 0)
(0.609737 0 0)
(0.609739 0 0)
(0.60974 0 0)
(0.609741 0 0)
(0.609742 0 0)
(0.609743 0 0)
(0.609744 0 0)
(0.609745 0 0)
(0.609747 0 0)
(0.609748 0 0)
(0.609749 0 0)
(0.60975 0 0)
(0.609751 0 0)
(0.609752 0 0)
(0.609753 0 0)
(0.609754 0 0)
(0.609755 0 0)
(0.609755 0 0)
(0.609753 0 0)
(0.609743 0 0)
(0.609706 0 0)
(0.609656 0 0)
(0.611431 0 0)
(0.626746 0 0)
(0.644358 0 0)
(0.648457 0 0)
(0.648459 0 0)
(0.648454 0 0)
(0.648456 0 0)
(0.648459 0 0)
(0.64846 0 0)
(0.64846 0 0)
(0.64846 0 0)
(0.64846 0 0)
(0.64846 0 0)
(0.64846 0 0)
(0.64846 0 0)
(0.64846 0 0)
(0.648459 0 0)
(0.648459 0 0)
(0.648459 0 0)
(0.648458 0 0)
(0.648458 0 0)
(0.648457 0 0)
(0.648457 0 0)
(0.648456 0 0)
(0.648456 0 0)
(0.648455 0 0)
(0.648454 0 0)
(0.648453 0 0)
(0.648452 0 0)
(0.648451 0 0)
(0.64845 0 0)
(0.648449 0 0)
(0.648448 0 0)
(0.648447 0 0)
(0.648446 0 0)
(0.648445 0 0)
(0.648444 0 0)
(0.648443 0 0)
(0.648442 0 0)
(0.648441 0 0)
(0.64844 0 0)
(0.648439 0 0)
(0.648438 0 0)
(0.648437 0 0)
(0.648436 0 0)
(0.648436 0 0)
(0.648435 0 0)
(0.648435 0 0)
(0.648434 0 0)
(0.648434 0 0)
(0.648433 0 0)
(0.648433 0 0)
(0.648433 0 0)
(0.648433 0 0)
(0.648433 0 0)
(0.648433 0 0)
(0.648434 0 0)
(0.648434 0 0)
(0.648434 0 0)
(0.648435 0 0)
(0.648435 0 0)
(0.648435 0 0)
(0.648436 0 0)
(0.648436 0 0)
(0.648436 0 0)
(0.648437 0 0)
(0.648437 0 0)
(0.648437 0 0)
(0.648438 0 0)
(0.648438 0 0)
(0.648438 0 0)
(0.648438 0 0)
(0.648438 0 0)
(0.648438 0 0)
(0.648437 0 0)
(0.648437 0 0)
(0.648437 0 0)
(0.648437 0 0)
(0.648436 0 0)
(0.648436 0 0)
(0.648435 0 0)
)
;

boundaryField
{
    inlet
    {
        type            fractionalVelocity;
        U               1((1 0 0));
        fractionalFlow  Fa;
        value           uniform (0.709421 0 0);
    }
    outlet
    {
        type            zeroGradient;
    }
    emptyWalls
    {
        type            empty;
    }
}


// ************************************************************************* //
