/*--------------------------------*- C++ -*----------------------------------*\
  =========                 |
  \\      /  F ield         | OpenFOAM: The Open Source CFD Toolbox
   \\    /   O peration     | Website:  https://openfoam.org
    \\  /    A nd           | Version:  9
     \\/     M anipulation  |
\*---------------------------------------------------------------------------*/
FoamFile
{
    format      ascii;
    class       volScalarField;
    location    "2.4";
    object      krc;
}
// * * * * * * * * * * * * * * * * * * * * * * * * * * * * * * * * * * * * * //

dimensions      [0 0 0 0 0 0 0];

internalField   nonuniform List<scalar> 
1000
(
8.89087e-05
0.000226337
0.000405079
0.000620502
0.000869051
0.00114779
0.00145419
0.00178606
0.00214142
0.00251853
0.0029158
0.00333178
0.00376517
0.00421476
0.00467945
0.00515823
0.00565016
0.00615439
0.0066701
0.00719656
0.00773309
0.00827904
0.00883383
0.00939688
0.0099677
0.0105458
0.0111307
0.011722
0.0123194
0.0129223
0.0135306
0.0141438
0.0147617
0.0153839
0.0160102
0.0166404
0.0172742
0.0179113
0.0185517
0.0191949
0.019841
0.0204896
0.0211407
0.021794
0.0224494
0.0231069
0.0237661
0.024427
0.0250896
0.0257536
0.0264189
0.0270856
0.0277533
0.0284222
0.029092
0.0297628
0.0304343
0.0311066
0.0317796
0.0324532
0.0331274
0.033802
0.0344771
0.0351525
0.0358283
0.0365043
0.0371806
0.0378571
0.0385337
0.0392104
0.0398872
0.040564
0.0412409
0.0419177
0.0425944
0.0432711
0.0439477
0.0446241
0.0453004
0.0459765
0.0466524
0.0473281
0.0480035
0.0486787
0.0493537
0.0500283
0.0507027
0.0513767
0.0520505
0.0527239
0.0533969
0.0540697
0.054742
0.0554141
0.0560857
0.056757
0.0574279
0.0580984
0.0587685
0.0594383
0.0601076
0.0607766
0.0614452
0.0621133
0.0627811
0.0634486
0.0641156
0.0647822
0.0654485
0.0661144
0.0667799
0.0674451
0.0681099
0.0687744
0.0694385
0.0701023
0.0707657
0.0714289
0.0720917
0.0727542
0.0734165
0.0740785
0.0747402
0.0754017
0.076063
0.0767241
0.077385
0.0780457
0.0787062
0.0793667
0.080027
0.0806872
0.0813474
0.0820076
0.0826678
0.083328
0.0839882
0.0846486
0.0853091
0.0859698
0.0866308
0.087292
0.0879535
0.0886154
0.0892778
0.0899407
0.0906041
0.0912682
0.091933
0.0925987
0.0932653
0.0939328
0.0946016
0.0952715
0.0959429
0.0966158
0.0972905
0.097967
0.0986456
0.0993265
0.10001
0.100696
0.101386
0.102079
0.102776
0.103477
0.104183
0.104895
0.105612
0.106337
0.107069
0.10781
0.10856
0.109322
0.110096
0.110885
0.111691
0.112517
0.113364
0.114239
0.115144
0.116087
0.117075
0.118116
0.119223
0.120411
0.121702
0.123125
0.124717
0.126537
0.128669
0.131244
0.134473
0.138731
0.144729
0.154011
0.170639
0.20916
0.409396
0.247597
0.220893
0.218449
0.219683
0.220729
0.221916
0.223509
0.22537
0.227247
0.228904
0.230138
0.230784
0.230763
0.230137
0.229129
0.22805
0.227189
0.226708
0.226624
0.226854
0.227271
0.227746
0.228173
0.22848
0.22863
0.228626
0.228497
0.228297
0.228083
0.227906
0.227798
0.227767
0.227805
0.22789
0.227997
0.2281
0.228181
0.22823
0.228244
0.228229
0.228196
0.228156
0.228121
0.228098
0.22809
0.228097
0.228114
0.228137
0.228162
0.228182
0.228196
0.228204
0.228206
0.228204
0.228201
0.228199
0.2282
0.228204
0.228213
0.228224
0.228237
0.22825
0.228263
0.228275
0.228285
0.228293
0.228301
0.228307
0.228314
0.22832
0.228327
0.228334
0.228341
0.228348
0.228355
0.228362
0.228369
0.228375
0.22838
0.228385
0.22839
0.228395
0.2284
0.228405
0.22841
0.228416
0.228422
0.228428
0.228434
0.228441
0.228448
0.228455
0.228463
0.22847
0.228478
0.228486
0.228494
0.228503
0.228511
0.228519
0.228528
0.228536
0.228544
0.228553
0.228561
0.228568
0.228576
0.228584
0.228591
0.228599
0.228606
0.228613
0.22862
0.228627
0.228634
0.228641
0.228648
0.228655
0.228662
0.228669
0.228676
0.228683
0.22869
0.228698
0.228706
0.228714
0.228722
0.22873
0.228739
0.228748
0.228757
0.228766
0.228775
0.228785
0.228795
0.228804
0.228814
0.228824
0.228835
0.228845
0.228855
0.228865
0.228875
0.228885
0.228895
0.228905
0.228915
0.228924
0.228934
0.228944
0.228953
0.228962
0.228972
0.228981
0.22899
0.228999
0.229008
0.229018
0.229027
0.229036
0.229044
0.229053
0.229062
0.229071
0.22908
0.229089
0.229098
0.229106
0.229115
0.229124
0.229132
0.229138
0.229135
0.229096
0.228913
0.22814
0.224964
0.211928
0.159223
0.0345413
0.00014013
2.31294e-10
1.5177e-23
5.4153e-23
0
6.74039e-21
5.04781e-23
0
9.00516e-23
0
2.89401e-24
1.03886e-23
0
1.18879e-22
0
2.38787e-24
7.52746e-21
0
0
0
1.50192e-24
4.61232e-21
2.32993e-23
0
0
7.91963e-25
0
0
0
4.82903e-21
6.92065e-21
0
4.35595e-23
0
0
0
0
7.60139e-21
0
0
8.78141e-24
4.73919e-21
7.69087e-21
0
0
0
0
0
0
2.55236e-24
1.88957e-24
0
1.19942e-23
6.037e-21
7.20411e-21
9.60419e-25
0
1.14888e-23
0
7.30326e-21
5.55965e-21
0
0
0
3.43347e-24
5.57188e-21
8.7632e-21
4.26369e-23
0
1.3913e-24
0
1.21204e-22
7.88675e-21
6.13982e-21
4.09568e-24
5.55674e-21
6.17656e-23
1.63904e-23
0
4.385e-24
0
8.5872e-23
0
8.92488e-21
1.61637e-24
0
0
0
1.04107e-22
2.55084e-24
0
0
5.76369e-21
8.80116e-21
2.7228e-25
0
8.95751e-21
0
8.83207e-21
0
1.69812e-23
7.94619e-23
0
7.19273e-23
0
2.25536e-23
0
0
8.86015e-21
0
1.07111e-23
0
5.63345e-21
9.02721e-21
0
1.08026e-23
8.30935e-23
0
6.25835e-23
5.10648e-21
8.25416e-21
0
1.45279e-23
7.7188e-23
0
8.1796e-21
0
1.6993e-23
7.20618e-23
0
2.99251e-23
0
9.56421e-24
5.80949e-23
0
2.20085e-23
0
1.65952e-23
0
8.47005e-21
2.62456e-23
0
0
4.7331e-21
7.37464e-23
0
2.78444e-24
5.75634e-21
5.06637e-21
4.65199e-24
6.2313e-24
1.30367e-24
0
5.01449e-21
1.38084e-24
6.64939e-21
6.60085e-21
0
0
9.69768e-25
6.481e-21
2.06436e-24
0
0
1.71668e-24
2.03529e-24
1.72667e-24
5.23726e-21
0
9.51735e-25
1.86176e-24
6.15218e-21
5.18332e-21
4.54394e-21
3.30768e-24
1.2492e-24
5.97111e-21
0
0
1.6492e-24
2.41934e-24
3.23768e-24
4.95795e-21
0
5.86365e-21
9.25918e-25
5.84511e-21
0
8.32227e-24
0
0
4.22834e-24
0
5.68619e-21
4.1379e-21
5.58152e-21
2.98812e-24
4.49868e-21
5.54712e-21
3.91855e-21
1.19035e-24
5.48948e-21
4.46076e-21
9.01058e-25
0
5.3529e-21
5.73179e-24
4.35752e-21
5.18081e-21
3.90328e-21
1.39279e-24
8.44756e-25
4.29089e-21
4.10403e-24
3.67174e-21
9.36939e-25
5.08785e-21
4.13994e-21
1.61838e-24
0
1.61919e-24
4.966e-21
3.97171e-21
4.91894e-21
3.46962e-21
4.76269e-21
4.82374e-21
4.69781e-21
0
3.46779e-21
1.09011e-24
4.73947e-21
2.75804e-24
0
0
4.62504e-21
2.11756e-24
4.65386e-21
0
3.20783e-21
1.15599e-24
1.49028e-24
3.76066e-24
3.54873e-21
3.12026e-21
1.26985e-24
1.49415e-24
5.82176e-24
3.49332e-21
3.03747e-21
1.46944e-24
1.40781e-24
4.29642e-21
3.38107e-21
0
1.06116e-24
1.75765e-24
4.11381e-21
3.28137e-21
0
1.51751e-24
1.06705e-24
4.05862e-21
3.19577e-21
2.82752e-21
3.93036e-21
3.94756e-21
3.86469e-21
3.12448e-21
2.64956e-21
3.92849e-21
2.01003e-24
3.77927e-21
0
0
3.76789e-21
3.75167e-21
3.72788e-21
0
2.52676e-21
3.61602e-21
3.52489e-21
3.64158e-21
2.79818e-21
0
1.67866e-24
3.53307e-21
3.50698e-21
2.79396e-21
2.35072e-21
3.44836e-21
3.44478e-21
3.95377e-24
0
0
1.75093e-24
3.43229e-24
1.37712e-24
2.62939e-21
0
0
4.16854e-24
1.65491e-24
2.51784e-21
2.10468e-21
1.42593e-24
9.91757e-25
1.19243e-24
0
0
3.07594e-21
3.06108e-21
7.90834e-25
0
0
2.88121e-21
2.93612e-21
1.26628e-24
0
0
1.31747e-24
1.14239e-24
0
2.79459e-21
0
2.79315e-21
2.78879e-21
0
2.75439e-21
1.77557e-21
2.69215e-21
1.81019e-24
2.04702e-21
1.67455e-24
0
3.25025e-24
2.58269e-21
2.03157e-21
1.14443e-24
1.65184e-21
2.49295e-21
2.49076e-21
0
1.26842e-24
1.77367e-24
1.56419e-21
3.21944e-24
1.82231e-21
2.37162e-21
1.06051e-24
0
1.85139e-24
0
1.84018e-24
1.71502e-24
0
2.49091e-24
0
2.21022e-21
2.19938e-21
0
0
0
2.16111e-21
2.13172e-21
1.2621e-21
2.06549e-21
0
3.40844e-25
3.06215e-25
1.2057e-21
5.97824e-25
0
2.0136e-21
3.92607e-24
0
0
1.36382e-21
1.89308e-21
3.6996e-25
0
1.88698e-21
0
1.04998e-21
1.29291e-21
1.01422e-21
1.60125e-25
0
9.72211e-22
0
0
0
0
0
0
0
2.73596e-24
0
8.43217e-22
0
8.29676e-22
1.84621e-24
0
0
0
0
2.84832e-24
1.01931e-21
7.71103e-22
1.01725e-21
0
1.42442e-24
0
0
0
7.01052e-22
2.36732e-24
0
6.47313e-22
0
0
4.22237e-25
1.3205e-21
1.30038e-21
0
5.80241e-22
2.3391e-24
1.25629e-21
1.23531e-21
7.92049e-22
0
1.3951e-25
9.56072e-25
4.8567e-24
7.37374e-22
0
1.13545e-21
6.87273e-25
1.11843e-21
0
0
8.12418e-25
1.07615e-21
1.06337e-21
0
4.52796e-22
0
1.83932e-24
0
5.96584e-22
4.36755e-22
9.74269e-22
5.42613e-24
8.95712e-26
0
0
0
6.03725e-25
9.1245e-22
0
3.10521e-22
4.14267e-24
0
4.37438e-24
0
3.20551e-22
3.43442e-25
8.16952e-22
7.97002e-22
0
0
7.87324e-22
4.43029e-24
7.64914e-22
4.37325e-22
0
0
2.3508e-25
7.03574e-22
3.85132e-22
0
2.59511e-24
6.62558e-22
1.56089e-25
0
1.85471e-22
6.43445e-22
3.17552e-25
1.40698e-25
0
1.88874e-22
3.06566e-25
5.26763e-23
0
0
2.09818e-22
3.1826e-22
3.94993e-22
1.00793e-26
3.58709e-22
0
3.22307e-23
0
0
0
1.06261e-23
0
3.41357e-22
2.1262e-22
8.42416e-28
7.18452e-28
0
2.75641e-22
0
0
6.38979e-22
0
1.00793e-26
1.00793e-26
5.97429e-24
5.97405e-22
1.6545e-26
5.48548e-22
2.03507e-22
0
7.18452e-28
0
5.66931e-22
9.94318e-23
0
4.90962e-22
0
1.60168e-22
1.49792e-22
1.94268e-25
1.24052e-23
0
1.00793e-26
4.33684e-22
0
1.00793e-26
0
1.09055e-22
0
2.76437e-24
3.66695e-22
0
1.41353e-23
0
0
3.46115e-26
0
1.56879e-23
2.07098e-23
6.90432e-25
3.2606e-22
0
0
0
0
7.35557e-28
0
0
7.18452e-28
0
7.35557e-28
2.03756e-30
2.03756e-30
0
0
0
0
7.35557e-28
7.18452e-28
0
0
2.03756e-30
7.35557e-28
0
0
7.35557e-28
0
7.35557e-28
7.35557e-28
0
7.35557e-28
1.2326e-30
0
7.35557e-28
0
7.35557e-28
1.2326e-30
7.35557e-28
7.35557e-28
0
7.35557e-28
1.2326e-30
0
0
0
0
0
6.54282e-29
0
0
0
0
0
0
0
0
0
0
0
0
0
0
0
0
0
0
)
;

boundaryField
{
    inlet
    {
        type            calculated;
        value           uniform 0;
    }
    outlet
    {
        type            calculated;
        value           uniform 0;
    }
    emptyWalls
    {
        type            empty;
    }
}


// ************************************************************************* //
