/*--------------------------------*- C++ -*----------------------------------*\
  =========                 |
  \\      /  F ield         | OpenFOAM: The Open Source CFD Toolbox
   \\    /   O peration     | Website:  https://openfoam.org
    \\  /    A nd           | Version:  9
     \\/     M anipulation  |
\*---------------------------------------------------------------------------*/
FoamFile
{
    format      ascii;
    class       volVectorField;
    location    "2275";
    object      Ua;
}
// * * * * * * * * * * * * * * * * * * * * * * * * * * * * * * * * * * * * * //

dimensions      [0 0 0 0 0 0 0];

internalField   nonuniform List<vector> 
100
(
(0 0 1.6145e-05)
(0 0 1.61382e-05)
(0 0 1.61233e-05)
(0 0 1.61064e-05)
(0 0 1.60883e-05)
(0 0 1.60694e-05)
(0 0 1.60502e-05)
(0 0 1.60307e-05)
(0 0 1.60112e-05)
(0 0 1.59919e-05)
(0 0 1.59728e-05)
(0 0 1.5954e-05)
(0 0 1.59354e-05)
(0 0 1.59171e-05)
(0 0 1.5899e-05)
(0 0 1.58811e-05)
(0 0 1.58634e-05)
(0 0 1.58458e-05)
(0 0 1.58285e-05)
(0 0 1.58113e-05)
(0 0 1.57942e-05)
(0 0 1.57772e-05)
(0 0 1.57604e-05)
(0 0 1.57438e-05)
(0 0 1.57273e-05)
(0 0 1.57109e-05)
(0 0 1.56947e-05)
(0 0 1.56786e-05)
(0 0 1.56626e-05)
(0 0 1.56466e-05)
(0 0 1.56301e-05)
(0 0 1.561e-05)
(0 0 1.55812e-05)
(0 0 1.55391e-05)
(0 0 1.54822e-05)
(0 0 1.54126e-05)
(0 0 1.53344e-05)
(0 0 1.5251e-05)
(0 0 1.5165e-05)
(0 0 1.50777e-05)
(0 0 1.49898e-05)
(0 0 1.49016e-05)
(0 0 1.4813e-05)
(0 0 1.47238e-05)
(0 0 1.46341e-05)
(0 0 1.45437e-05)
(0 0 1.44529e-05)
(0 0 1.43635e-05)
(0 0 1.42834e-05)
(0 0 1.42362e-05)
(0 0 1.42643e-05)
(0 0 1.43984e-05)
(0 0 1.46022e-05)
(0 0 1.47905e-05)
(0 0 1.49138e-05)
(0 0 1.4979e-05)
(0 0 1.50087e-05)
(0 0 1.50189e-05)
(0 0 1.5018e-05)
(0 0 1.50106e-05)
(0 0 1.49306e-05)
(0 0 1.46568e-05)
(0 0 1.41997e-05)
(0 0 1.36576e-05)
(0 0 1.30749e-05)
(0 0 1.24588e-05)
(0 0 1.1792e-05)
(0 0 1.10184e-05)
(0 0 9.84667e-06)
(0 0 5.85401e-06)
(0 0 1.3046e-06)
(0 0 6.53986e-13)
(0 0 3.96999e-22)
(0 0 9.91113e-24)
(0 0 1.78213e-27)
(0 0 1.31307e-27)
(0 0 1.31234e-27)
(0 0 1.31234e-27)
(0 0 1.31234e-27)
(0 0 1.31234e-27)
(0 0 1.31234e-27)
(0 0 1.31234e-27)
(0 0 1.31234e-27)
(0 0 1.31234e-27)
(0 0 1.31234e-27)
(0 0 1.31234e-27)
(0 0 1.31234e-27)
(0 0 1.31234e-27)
(0 0 1.31234e-27)
(0 0 1.31234e-27)
(0 0 1.31234e-27)
(0 0 1.31234e-27)
(0 0 1.31234e-27)
(0 0 1.31234e-27)
(0 0 1.31234e-27)
(0 0 1.31234e-27)
(0 0 1.31234e-27)
(0 0 1.31234e-27)
(0 0 1.31234e-27)
(0 0 1.31234e-27)
)
;

boundaryField
{
    inlet
    {
        type            prescribedFracFlowVelocity;
        U               1((0 0 1.61572e-05));
        fractionalFlow  1;
        value           uniform (0 0 1.61572e-05);
    }
    outlet
    {
        type            zeroGradient;
    }
    emptyWalls
    {
        type            empty;
    }
}


// ************************************************************************* //
