/*--------------------------------*- C++ -*----------------------------------*\
  =========                 |
  \\      /  F ield         | OpenFOAM: The Open Source CFD Toolbox
   \\    /   O peration     | Website:  https://openfoam.org
    \\  /    A nd           | Version:  9
     \\/     M anipulation  |
\*---------------------------------------------------------------------------*/
FoamFile
{
    format      ascii;
    class       volVectorField;
    location    "3.7";
    object      Uc;
}
// * * * * * * * * * * * * * * * * * * * * * * * * * * * * * * * * * * * * * //

dimensions      [0 0 0 0 0 0 0];

internalField   nonuniform List<vector> 
1000
(
(4.7837e-06 0 0)
(1.71645e-05 0 0)
(3.48796e-05 0 0)
(5.74658e-05 0 0)
(8.46261e-05 0 0)
(0.000116132 0 0)
(0.000151792 0 0)
(0.000191439 0 0)
(0.000234923 0 0)
(0.000282108 0 0)
(0.000332869 0 0)
(0.000387087 0 0)
(0.000444655 0 0)
(0.000505468 0 0)
(0.000569431 0 0)
(0.000636451 0 0)
(0.000706442 0 0)
(0.000779321 0 0)
(0.000855009 0 0)
(0.000933433 0 0)
(0.00101452 0 0)
(0.0010982 0 0)
(0.00118441 0 0)
(0.00127309 0 0)
(0.00136417 0 0)
(0.00145761 0 0)
(0.00155333 0 0)
(0.0016513 0 0)
(0.00175146 0 0)
(0.00185376 0 0)
(0.00195815 0 0)
(0.00206459 0 0)
(0.00217304 0 0)
(0.00228344 0 0)
(0.00239577 0 0)
(0.00250997 0 0)
(0.00262602 0 0)
(0.00274388 0 0)
(0.0028635 0 0)
(0.00298486 0 0)
(0.00310793 0 0)
(0.00323266 0 0)
(0.00335903 0 0)
(0.00348702 0 0)
(0.00361658 0 0)
(0.00374769 0 0)
(0.00388032 0 0)
(0.00401446 0 0)
(0.00415006 0 0)
(0.00428711 0 0)
(0.00442558 0 0)
(0.00456545 0 0)
(0.00470669 0 0)
(0.00484929 0 0)
(0.00499321 0 0)
(0.00513845 0 0)
(0.00528497 0 0)
(0.00543276 0 0)
(0.00558181 0 0)
(0.00573208 0 0)
(0.00588356 0 0)
(0.00603624 0 0)
(0.0061901 0 0)
(0.00634511 0 0)
(0.00650127 0 0)
(0.00665856 0 0)
(0.00681695 0 0)
(0.00697645 0 0)
(0.00713702 0 0)
(0.00729866 0 0)
(0.00746136 0 0)
(0.00762509 0 0)
(0.00778984 0 0)
(0.00795561 0 0)
(0.00812238 0 0)
(0.00829014 0 0)
(0.00845886 0 0)
(0.00862855 0 0)
(0.0087992 0 0)
(0.00897078 0 0)
(0.00914328 0 0)
(0.00931671 0 0)
(0.00949104 0 0)
(0.00966627 0 0)
(0.00984239 0 0)
(0.0100194 0 0)
(0.0101972 0 0)
(0.010376 0 0)
(0.0105555 0 0)
(0.0107359 0 0)
(0.0109171 0 0)
(0.0110992 0 0)
(0.0112821 0 0)
(0.0114657 0 0)
(0.0116502 0 0)
(0.0118355 0 0)
(0.0120215 0 0)
(0.0122083 0 0)
(0.0123959 0 0)
(0.0125842 0 0)
(0.0127733 0 0)
(0.0129631 0 0)
(0.0131537 0 0)
(0.013345 0 0)
(0.013537 0 0)
(0.0137297 0 0)
(0.0139232 0 0)
(0.0141174 0 0)
(0.0143122 0 0)
(0.0145078 0 0)
(0.014704 0 0)
(0.0149009 0 0)
(0.0150985 0 0)
(0.0152968 0 0)
(0.0154957 0 0)
(0.0156953 0 0)
(0.0158956 0 0)
(0.0160965 0 0)
(0.016298 0 0)
(0.0165002 0 0)
(0.0167031 0 0)
(0.0169065 0 0)
(0.0171106 0 0)
(0.0173153 0 0)
(0.0175207 0 0)
(0.0177266 0 0)
(0.0179332 0 0)
(0.0181404 0 0)
(0.0183481 0 0)
(0.0185565 0 0)
(0.0187655 0 0)
(0.018975 0 0)
(0.0191852 0 0)
(0.0193959 0 0)
(0.0196072 0 0)
(0.0198191 0 0)
(0.0200316 0 0)
(0.0202447 0 0)
(0.0204583 0 0)
(0.0206724 0 0)
(0.0208872 0 0)
(0.0211025 0 0)
(0.0213183 0 0)
(0.0215348 0 0)
(0.0217517 0 0)
(0.0219692 0 0)
(0.0221873 0 0)
(0.0224059 0 0)
(0.022625 0 0)
(0.0228447 0 0)
(0.0230649 0 0)
(0.0232857 0 0)
(0.023507 0 0)
(0.0237288 0 0)
(0.0239512 0 0)
(0.024174 0 0)
(0.0243974 0 0)
(0.0246213 0 0)
(0.0248458 0 0)
(0.0250708 0 0)
(0.0252962 0 0)
(0.0255222 0 0)
(0.0257487 0 0)
(0.0259758 0 0)
(0.0262033 0 0)
(0.0264313 0 0)
(0.0266599 0 0)
(0.0268889 0 0)
(0.0271185 0 0)
(0.0273486 0 0)
(0.0275792 0 0)
(0.0278102 0 0)
(0.0280418 0 0)
(0.0282739 0 0)
(0.0285065 0 0)
(0.0287396 0 0)
(0.0289732 0 0)
(0.0292073 0 0)
(0.0294418 0 0)
(0.0296769 0 0)
(0.0299125 0 0)
(0.0301486 0 0)
(0.0303851 0 0)
(0.0306222 0 0)
(0.0308598 0 0)
(0.0310978 0 0)
(0.0313364 0 0)
(0.0315755 0 0)
(0.031815 0 0)
(0.0320551 0 0)
(0.0322956 0 0)
(0.0325367 0 0)
(0.0327782 0 0)
(0.0330203 0 0)
(0.0332629 0 0)
(0.0335059 0 0)
(0.0337495 0 0)
(0.0339935 0 0)
(0.0342381 0 0)
(0.0344832 0 0)
(0.0347288 0 0)
(0.0349749 0 0)
(0.0352215 0 0)
(0.0354686 0 0)
(0.0357163 0 0)
(0.0359645 0 0)
(0.0362131 0 0)
(0.0364624 0 0)
(0.0367121 0 0)
(0.0369624 0 0)
(0.0372132 0 0)
(0.0374645 0 0)
(0.0377164 0 0)
(0.0379689 0 0)
(0.0382219 0 0)
(0.0384754 0 0)
(0.0387295 0 0)
(0.0389842 0 0)
(0.0392394 0 0)
(0.0394952 0 0)
(0.0397516 0 0)
(0.0400086 0 0)
(0.0402662 0 0)
(0.0405244 0 0)
(0.0407832 0 0)
(0.0410426 0 0)
(0.0413027 0 0)
(0.0415634 0 0)
(0.0418247 0 0)
(0.0420867 0 0)
(0.0423494 0 0)
(0.0426128 0 0)
(0.0428768 0 0)
(0.0431416 0 0)
(0.0434071 0 0)
(0.0436734 0 0)
(0.0439404 0 0)
(0.0442082 0 0)
(0.0444768 0 0)
(0.0447462 0 0)
(0.0450165 0 0)
(0.0452876 0 0)
(0.0455596 0 0)
(0.0458326 0 0)
(0.0461065 0 0)
(0.0463814 0 0)
(0.0466573 0 0)
(0.0469343 0 0)
(0.0472124 0 0)
(0.0474917 0 0)
(0.0477721 0 0)
(0.0480538 0 0)
(0.0483369 0 0)
(0.0486213 0 0)
(0.0489071 0 0)
(0.0491945 0 0)
(0.0494835 0 0)
(0.0497742 0 0)
(0.0500667 0 0)
(0.0503611 0 0)
(0.0506575 0 0)
(0.0509561 0 0)
(0.0512571 0 0)
(0.0515605 0 0)
(0.0518666 0 0)
(0.0521755 0 0)
(0.0524876 0 0)
(0.0528031 0 0)
(0.0531222 0 0)
(0.0534453 0 0)
(0.0537728 0 0)
(0.0541051 0 0)
(0.0544427 0 0)
(0.0547861 0 0)
(0.055136 0 0)
(0.0554931 0 0)
(0.0558583 0 0)
(0.0562326 0 0)
(0.0566172 0 0)
(0.0570134 0 0)
(0.057423 0 0)
(0.0578478 0 0)
(0.0582904 0 0)
(0.0587535 0 0)
(0.0592408 0 0)
(0.0597568 0 0)
(0.060307 0 0)
(0.0608985 0 0)
(0.0615406 0 0)
(0.0622452 0 0)
(0.0630287 0 0)
(0.0639131 0 0)
(0.0649299 0 0)
(0.0661243 0 0)
(0.067565 0 0)
(0.0693605 0 0)
(0.0716933 0 0)
(0.0748953 0 0)
(0.0796389 0 0)
(0.0875171 0 0)
(0.10338 0 0)
(0.152952 0 0)
(0.207226 0 0)
(0.230212 0 0)
(0.24249 0 0)
(0.2522 0 0)
(0.26042 0 0)
(0.263218 0 0)
(0.25786 0 0)
(0.24644 0 0)
(0.234339 0 0)
(0.225942 0 0)
(0.222454 0 0)
(0.222877 0 0)
(0.225664 0 0)
(0.229528 0 0)
(0.233553 0 0)
(0.237087 0 0)
(0.239663 0 0)
(0.240995 0 0)
(0.241021 0 0)
(0.239937 0 0)
(0.238161 0 0)
(0.236214 0 0)
(0.234568 0 0)
(0.233525 0 0)
(0.233177 0 0)
(0.233439 0 0)
(0.234119 0 0)
(0.234987 0 0)
(0.23583 0 0)
(0.236486 0 0)
(0.236861 0 0)
(0.236936 0 0)
(0.236757 0 0)
(0.236412 0 0)
(0.236008 0 0)
(0.235642 0 0)
(0.235382 0 0)
(0.235261 0 0)
(0.235274 0 0)
(0.235389 0 0)
(0.235561 0 0)
(0.235744 0 0)
(0.235897 0 0)
(0.235995 0 0)
(0.23603 0 0)
(0.236007 0 0)
(0.235944 0 0)
(0.235862 0 0)
(0.235782 0 0)
(0.235721 0 0)
(0.235687 0 0)
(0.235683 0 0)
(0.235702 0 0)
(0.235737 0 0)
(0.235777 0 0)
(0.235814 0 0)
(0.23584 0 0)
(0.235854 0 0)
(0.235855 0 0)
(0.235847 0 0)
(0.235834 0 0)
(0.235819 0 0)
(0.235808 0 0)
(0.235801 0 0)
(0.235801 0 0)
(0.235806 0 0)
(0.235814 0 0)
(0.235824 0 0)
(0.235833 0 0)
(0.23584 0 0)
(0.235844 0 0)
(0.235844 0 0)
(0.235842 0 0)
(0.235838 0 0)
(0.235833 0 0)
(0.235828 0 0)
(0.235824 0 0)
(0.235821 0 0)
(0.23582 0 0)
(0.23582 0 0)
(0.235821 0 0)
(0.235824 0 0)
(0.235827 0 0)
(0.23583 0 0)
(0.235834 0 0)
(0.235838 0 0)
(0.235844 0 0)
(0.23585 0 0)
(0.235857 0 0)
(0.235864 0 0)
(0.235873 0 0)
(0.235882 0 0)
(0.235892 0 0)
(0.235901 0 0)
(0.235911 0 0)
(0.23592 0 0)
(0.235929 0 0)
(0.235937 0 0)
(0.235944 0 0)
(0.235951 0 0)
(0.235958 0 0)
(0.235964 0 0)
(0.235969 0 0)
(0.235974 0 0)
(0.235979 0 0)
(0.235984 0 0)
(0.235988 0 0)
(0.235992 0 0)
(0.235996 0 0)
(0.236 0 0)
(0.236004 0 0)
(0.236007 0 0)
(0.236011 0 0)
(0.236014 0 0)
(0.236018 0 0)
(0.236021 0 0)
(0.236025 0 0)
(0.236028 0 0)
(0.236032 0 0)
(0.236036 0 0)
(0.236039 0 0)
(0.236043 0 0)
(0.236046 0 0)
(0.23605 0 0)
(0.236054 0 0)
(0.236057 0 0)
(0.236061 0 0)
(0.236064 0 0)
(0.236068 0 0)
(0.236072 0 0)
(0.236075 0 0)
(0.236079 0 0)
(0.236082 0 0)
(0.236086 0 0)
(0.236089 0 0)
(0.236093 0 0)
(0.236096 0 0)
(0.2361 0 0)
(0.236103 0 0)
(0.236107 0 0)
(0.23611 0 0)
(0.236114 0 0)
(0.236118 0 0)
(0.236121 0 0)
(0.236125 0 0)
(0.236129 0 0)
(0.236132 0 0)
(0.236136 0 0)
(0.23614 0 0)
(0.236144 0 0)
(0.236148 0 0)
(0.236152 0 0)
(0.236156 0 0)
(0.236159 0 0)
(0.236163 0 0)
(0.236167 0 0)
(0.236171 0 0)
(0.236175 0 0)
(0.236179 0 0)
(0.236183 0 0)
(0.236187 0 0)
(0.236191 0 0)
(0.236195 0 0)
(0.236199 0 0)
(0.236202 0 0)
(0.236206 0 0)
(0.23621 0 0)
(0.236214 0 0)
(0.236218 0 0)
(0.236222 0 0)
(0.236225 0 0)
(0.236229 0 0)
(0.236233 0 0)
(0.236237 0 0)
(0.236241 0 0)
(0.236245 0 0)
(0.236248 0 0)
(0.236252 0 0)
(0.236256 0 0)
(0.23626 0 0)
(0.236264 0 0)
(0.236268 0 0)
(0.236273 0 0)
(0.236277 0 0)
(0.236281 0 0)
(0.236285 0 0)
(0.236289 0 0)
(0.236294 0 0)
(0.236298 0 0)
(0.236302 0 0)
(0.236306 0 0)
(0.236311 0 0)
(0.236315 0 0)
(0.236319 0 0)
(0.236324 0 0)
(0.236328 0 0)
(0.236332 0 0)
(0.236337 0 0)
(0.236341 0 0)
(0.236345 0 0)
(0.236349 0 0)
(0.236353 0 0)
(0.236358 0 0)
(0.236362 0 0)
(0.236366 0 0)
(0.23637 0 0)
(0.236374 0 0)
(0.236378 0 0)
(0.236382 0 0)
(0.236386 0 0)
(0.23639 0 0)
(0.236394 0 0)
(0.236399 0 0)
(0.236403 0 0)
(0.236407 0 0)
(0.236411 0 0)
(0.236415 0 0)
(0.236419 0 0)
(0.236423 0 0)
(0.236428 0 0)
(0.236432 0 0)
(0.236436 0 0)
(0.236441 0 0)
(0.236445 0 0)
(0.23645 0 0)
(0.236454 0 0)
(0.236459 0 0)
(0.236463 0 0)
(0.236468 0 0)
(0.236472 0 0)
(0.236477 0 0)
(0.236482 0 0)
(0.236486 0 0)
(0.236491 0 0)
(0.236496 0 0)
(0.236501 0 0)
(0.236506 0 0)
(0.23651 0 0)
(0.236515 0 0)
(0.23652 0 0)
(0.236525 0 0)
(0.23653 0 0)
(0.236535 0 0)
(0.236539 0 0)
(0.236544 0 0)
(0.236549 0 0)
(0.236554 0 0)
(0.236559 0 0)
(0.236564 0 0)
(0.236569 0 0)
(0.236574 0 0)
(0.236579 0 0)
(0.236583 0 0)
(0.236588 0 0)
(0.236593 0 0)
(0.236598 0 0)
(0.236603 0 0)
(0.236608 0 0)
(0.236613 0 0)
(0.236618 0 0)
(0.236623 0 0)
(0.236629 0 0)
(0.236634 0 0)
(0.236639 0 0)
(0.236644 0 0)
(0.236649 0 0)
(0.236654 0 0)
(0.23666 0 0)
(0.236665 0 0)
(0.236669 0 0)
(0.236673 0 0)
(0.236669 0 0)
(0.236638 0 0)
(0.236492 0 0)
(0.235875 0 0)
(0.233294 0 0)
(0.222185 0 0)
(0.173522 0 0)
(0.0723134 0 0)
(0.00537528 0 0)
(4.35306e-06 0 0)
(5.82534e-13 0 0)
(1.11022e-16 0 0)
(-5.55112e-17 0 0)
(5.55112e-17 0 0)
(-5.55112e-17 0 0)
(-1.11022e-16 0 0)
(-1.66533e-16 0 0)
(-5.55112e-17 0 0)
(-1.11022e-16 0 0)
(-5.55112e-17 0 0)
(1.11022e-16 0 0)
(5.55112e-17 0 0)
(-1.11022e-16 0 0)
(-1.11022e-16 0 0)
(0 0 0)
(0 0 0)
(0 0 0)
(-5.55112e-17 0 0)
(-2.22045e-16 0 0)
(-2.22045e-16 0 0)
(-1.11022e-16 0 0)
(0 0 0)
(-1.66533e-16 0 0)
(-1.11022e-16 0 0)
(-2.22045e-16 0 0)
(-1.11022e-16 0 0)
(5.55112e-17 0 0)
(-5.55112e-17 0 0)
(-1.11022e-16 0 0)
(-1.66533e-16 0 0)
(-1.11022e-16 0 0)
(-5.55112e-17 0 0)
(-1.11022e-16 0 0)
(-1.11022e-16 0 0)
(-2.22045e-16 0 0)
(0 0 0)
(0 0 0)
(0 0 0)
(-1.11022e-16 0 0)
(-1.11022e-16 0 0)
(0 0 0)
(-1.11022e-16 0 0)
(0 0 0)
(1.11022e-16 0 0)
(-1.11022e-16 0 0)
(-1.11022e-16 0 0)
(-1.11022e-16 0 0)
(5.55112e-17 0 0)
(0 0 0)
(5.55112e-17 0 0)
(0 0 0)
(-1.11022e-16 0 0)
(-1.11022e-16 0 0)
(0 0 0)
(1.11022e-16 0 0)
(1.11022e-16 0 0)
(-1.11022e-16 0 0)
(-1.11022e-16 0 0)
(0 0 0)
(0 0 0)
(0 0 0)
(-1.11022e-16 0 0)
(-1.11022e-16 0 0)
(-1.11022e-16 0 0)
(-1.11022e-16 0 0)
(0 0 0)
(-2.22045e-16 0 0)
(-5.55112e-17 0 0)
(-1.11022e-16 0 0)
(0 0 0)
(0 0 0)
(-1.11022e-16 0 0)
(-1.11022e-16 0 0)
(-1.11022e-16 0 0)
(-5.55112e-17 0 0)
(0 0 0)
(-5.55112e-17 0 0)
(-1.11022e-16 0 0)
(-1.11022e-16 0 0)
(-2.22045e-16 0 0)
(-1.11022e-16 0 0)
(0 0 0)
(-1.11022e-16 0 0)
(0 0 0)
(1.11022e-16 0 0)
(0 0 0)
(-1.11022e-16 0 0)
(0 0 0)
(0 0 0)
(0 0 0)
(0 0 0)
(0 0 0)
(5.55112e-17 0 0)
(0 0 0)
(0 0 0)
(-1.11022e-16 0 0)
(-5.55112e-17 0 0)
(-1.11022e-16 0 0)
(-1.11022e-16 0 0)
(0 0 0)
(-1.11022e-16 0 0)
(0 0 0)
(1.11022e-16 0 0)
(0 0 0)
(0 0 0)
(0 0 0)
(-1.66533e-16 0 0)
(-1.11022e-16 0 0)
(0 0 0)
(5.55112e-17 0 0)
(0 0 0)
(-2.22045e-16 0 0)
(-1.66533e-16 0 0)
(0 0 0)
(-1.11022e-16 0 0)
(-1.11022e-16 0 0)
(-5.55112e-17 0 0)
(-5.55112e-17 0 0)
(0 0 0)
(-1.11022e-16 0 0)
(-1.11022e-16 0 0)
(-1.11022e-16 0 0)
(0 0 0)
(-2.22045e-16 0 0)
(-1.11022e-16 0 0)
(-1.11022e-16 0 0)
(-1.66533e-16 0 0)
(0 0 0)
(0 0 0)
(-1.11022e-16 0 0)
(0 0 0)
(-5.55112e-17 0 0)
(-1.11022e-16 0 0)
(-2.22045e-16 0 0)
(0 0 0)
(-1.11022e-16 0 0)
(-1.66533e-16 0 0)
(-1.11022e-16 0 0)
(0 0 0)
(0 0 0)
(0 0 0)
(0 0 0)
(-1.11022e-16 0 0)
(-5.55112e-17 0 0)
(0 0 0)
(-5.55112e-17 0 0)
(0 0 0)
(0 0 0)
(-5.55112e-17 0 0)
(-5.55112e-17 0 0)
(-5.55112e-17 0 0)
(0 0 0)
(-1.11022e-16 0 0)
(0 0 0)
(-1.11022e-16 0 0)
(-1.11022e-16 0 0)
(5.55112e-17 0 0)
(-5.55112e-17 0 0)
(-2.22045e-16 0 0)
(0 0 0)
(0 0 0)
(-2.22045e-16 0 0)
(-1.66533e-16 0 0)
(0 0 0)
(-5.55112e-17 0 0)
(0 0 0)
(-5.55112e-17 0 0)
(-1.11022e-16 0 0)
(-1.11022e-16 0 0)
(5.55112e-17 0 0)
(-1.66533e-16 0 0)
(0 0 0)
(0 0 0)
(-1.11022e-16 0 0)
(-1.11022e-16 0 0)
(-5.55112e-17 0 0)
(0 0 0)
(-1.66533e-16 0 0)
(-2.22045e-16 0 0)
(-1.11022e-16 0 0)
(0 0 0)
(5.55112e-17 0 0)
(1.11022e-16 0 0)
(-2.22045e-16 0 0)
(-2.22045e-16 0 0)
(-1.11022e-16 0 0)
(0 0 0)
(0 0 0)
(-1.11022e-16 0 0)
(-1.11022e-16 0 0)
(0 0 0)
(-1.11022e-16 0 0)
(-1.11022e-16 0 0)
(0 0 0)
(0 0 0)
(0 0 0)
(0 0 0)
(0 0 0)
(0 0 0)
(0 0 0)
(0 0 0)
(0 0 0)
(0 0 0)
(0 0 0)
(0 0 0)
(0 0 0)
(0 0 0)
(0 0 0)
(0 0 0)
(0 0 0)
(0 0 0)
(0 0 0)
(0 0 0)
(0 0 0)
(0 0 0)
(0 0 0)
(0 0 0)
(0 0 0)
(0 0 0)
(0 0 0)
(0 0 0)
(0 0 0)
(0 0 0)
(0 0 0)
(0 0 0)
(0 0 0)
(0 0 0)
(0 0 0)
(0 0 0)
(0 0 0)
(0 0 0)
(0 0 0)
(0 0 0)
(0 0 0)
(0 0 0)
(0 0 0)
(0 0 0)
(0 0 0)
(0 0 0)
(0 0 0)
(0 0 0)
(0 0 0)
(0 0 0)
(0 0 0)
(0 0 0)
(0 0 0)
(0 0 0)
(0 0 0)
(0 0 0)
(0 0 0)
(0 0 0)
(0 0 0)
(0 0 0)
(0 0 0)
(0 0 0)
(0 0 0)
(0 0 0)
(0 0 0)
(0 0 0)
(0 0 0)
(0 0 0)
(0 0 0)
(0 0 0)
(0 0 0)
(0 0 0)
(0 0 0)
(0 0 0)
(0 0 0)
(0 0 0)
(0 0 0)
(0 0 0)
(0 0 0)
(0 0 0)
(0 0 0)
(0 0 0)
(0 0 0)
(0 0 0)
(0 0 0)
(0 0 0)
(0 0 0)
(0 0 0)
(0 0 0)
(0 0 0)
(0 0 0)
(0 0 0)
(0 0 0)
(0 0 0)
(0 0 0)
(0 0 0)
(0 0 0)
(0 0 0)
(0 0 0)
(0 0 0)
(0 0 0)
(0 0 0)
(0 0 0)
(0 0 0)
(0 0 0)
(0 0 0)
(0 0 0)
(0 0 0)
(0 0 0)
(0 0 0)
(0 0 0)
(0 0 0)
(0 0 0)
(0 0 0)
(0 0 0)
(0 0 0)
(0 0 0)
(0 0 0)
(0 0 0)
(0 0 0)
(0 0 0)
(0 0 0)
(0 0 0)
(0 0 0)
(0 0 0)
(0 0 0)
(0 0 0)
(0 0 0)
(0 0 0)
(0 0 0)
(0 0 0)
(0 0 0)
(0 0 0)
(0 0 0)
(0 0 0)
(0 0 0)
(0 0 0)
(0 0 0)
(0 0 0)
(0 0 0)
(0 0 0)
(0 0 0)
(0 0 0)
(0 0 0)
(0 0 0)
(0 0 0)
(0 0 0)
(0 0 0)
(0 0 0)
(0 0 0)
(0 0 0)
(0 0 0)
(0 0 0)
(0 0 0)
(0 0 0)
(0 0 0)
(0 0 0)
(0 0 0)
(0 0 0)
(0 0 0)
(0 0 0)
(0 0 0)
(0 0 0)
(0 0 0)
(0 0 0)
(0 0 0)
(0 0 0)
(0 0 0)
(0 0 0)
(0 0 0)
(0 0 0)
(0 0 0)
(0 0 0)
(0 0 0)
(0 0 0)
(0 0 0)
(0 0 0)
(0 0 0)
(0 0 0)
(0 0 0)
(0 0 0)
(0 0 0)
(0 0 0)
(0 0 0)
(0 0 0)
(0 0 0)
(0 0 0)
(0 0 0)
(0 0 0)
(0 0 0)
(0 0 0)
(0 0 0)
(0 0 0)
(0 0 0)
(0 0 0)
(0 0 0)
(0 0 0)
(0 0 0)
(0 0 0)
(0 0 0)
(0 0 0)
(0 0 0)
(0 0 0)
(0 0 0)
(0 0 0)
(0 0 0)
(0 0 0)
(0 0 0)
(0 0 0)
(0 0 0)
(0 0 0)
(0 0 0)
(0 0 0)
(0 0 0)
(0 0 0)
(0 0 0)
(0 0 0)
(0 0 0)
(0 0 0)
(0 0 0)
(0 0 0)
(0 0 0)
(0 0 0)
(0 0 0)
)
;

boundaryField
{
    inlet
    {
        type            fixedValue;
        value           uniform (0 0 0);
    }
    outlet
    {
        type            zeroGradient;
    }
    emptyWalls
    {
        type            empty;
    }
}


// ************************************************************************* //
