/*--------------------------------*- C++ -*----------------------------------*\
  =========                 |
  \\      /  F ield         | OpenFOAM: The Open Source CFD Toolbox
   \\    /   O peration     | Website:  https://openfoam.org
    \\  /    A nd           | Version:  9
     \\/     M anipulation  |
\*---------------------------------------------------------------------------*/
FoamFile
{
    format      ascii;
    class       volVectorField;
    location    "2";
    object      Uc;
}
// * * * * * * * * * * * * * * * * * * * * * * * * * * * * * * * * * * * * * //

dimensions      [0 0 0 0 0 0 0];

internalField   nonuniform List<vector> 
1000
(
(1.52787e-05 0 0)
(5.45093e-05 0 0)
(0.000109984 0 0)
(0.000179921 0 0)
(0.000263129 0 0)
(0.000358677 0 0)
(0.000465785 0 0)
(0.000583779 0 0)
(0.000712062 0 0)
(0.000850099 0 0)
(0.000997406 0 0)
(0.00115354 0 0)
(0.0013181 0 0)
(0.00149071 0 0)
(0.00167102 0 0)
(0.00185872 0 0)
(0.0020535 0 0)
(0.00225509 0 0)
(0.00246323 0 0)
(0.00267768 0 0)
(0.0028982 0 0)
(0.00312459 0 0)
(0.00335664 0 0)
(0.00359416 0 0)
(0.00383698 0 0)
(0.00408492 0 0)
(0.00433783 0 0)
(0.00459555 0 0)
(0.00485794 0 0)
(0.00512486 0 0)
(0.00539619 0 0)
(0.0056718 0 0)
(0.00595158 0 0)
(0.00623541 0 0)
(0.00652319 0 0)
(0.00681482 0 0)
(0.0071102 0 0)
(0.00740924 0 0)
(0.00771185 0 0)
(0.00801796 0 0)
(0.00832747 0 0)
(0.00864032 0 0)
(0.00895643 0 0)
(0.00927573 0 0)
(0.00959816 0 0)
(0.00992364 0 0)
(0.0102521 0 0)
(0.0105835 0 0)
(0.0109179 0 0)
(0.011255 0 0)
(0.0115949 0 0)
(0.0119375 0 0)
(0.0122829 0 0)
(0.0126308 0 0)
(0.0129814 0 0)
(0.0133345 0 0)
(0.0136901 0 0)
(0.0140481 0 0)
(0.0144086 0 0)
(0.0147715 0 0)
(0.0151368 0 0)
(0.0155044 0 0)
(0.0158743 0 0)
(0.0162464 0 0)
(0.0166208 0 0)
(0.0169974 0 0)
(0.0173761 0 0)
(0.0177571 0 0)
(0.0181401 0 0)
(0.0185253 0 0)
(0.0189125 0 0)
(0.0193018 0 0)
(0.0196932 0 0)
(0.0200866 0 0)
(0.0204819 0 0)
(0.0208793 0 0)
(0.0212786 0 0)
(0.0216799 0 0)
(0.0220831 0 0)
(0.0224883 0 0)
(0.0228953 0 0)
(0.0233043 0 0)
(0.0237151 0 0)
(0.0241278 0 0)
(0.0245424 0 0)
(0.0249588 0 0)
(0.0253771 0 0)
(0.0257972 0 0)
(0.0262191 0 0)
(0.0266429 0 0)
(0.0270685 0 0)
(0.0274959 0 0)
(0.0279251 0 0)
(0.0283561 0 0)
(0.0287889 0 0)
(0.0292236 0 0)
(0.02966 0 0)
(0.0300983 0 0)
(0.0305384 0 0)
(0.0309803 0 0)
(0.031424 0 0)
(0.0318696 0 0)
(0.032317 0 0)
(0.0327662 0 0)
(0.0332174 0 0)
(0.0336704 0 0)
(0.0341252 0 0)
(0.034582 0 0)
(0.0350407 0 0)
(0.0355014 0 0)
(0.035964 0 0)
(0.0364287 0 0)
(0.0368953 0 0)
(0.0373641 0 0)
(0.0378349 0 0)
(0.0383078 0 0)
(0.038783 0 0)
(0.0392603 0 0)
(0.03974 0 0)
(0.040222 0 0)
(0.0407064 0 0)
(0.0411932 0 0)
(0.0416827 0 0)
(0.0421748 0 0)
(0.0426696 0 0)
(0.0431674 0 0)
(0.0436681 0 0)
(0.0441719 0 0)
(0.044679 0 0)
(0.0451896 0 0)
(0.0457038 0 0)
(0.0462219 0 0)
(0.0467441 0 0)
(0.0472707 0 0)
(0.047802 0 0)
(0.0483384 0 0)
(0.0488803 0 0)
(0.0494282 0 0)
(0.0499826 0 0)
(0.0505442 0 0)
(0.0511137 0 0)
(0.051692 0 0)
(0.0522801 0 0)
(0.0528791 0 0)
(0.0534907 0 0)
(0.0541163 0 0)
(0.0547582 0 0)
(0.0554188 0 0)
(0.0561012 0 0)
(0.0568093 0 0)
(0.0575478 0 0)
(0.0583227 0 0)
(0.0591418 0 0)
(0.0600154 0 0)
(0.0609567 0 0)
(0.0619841 0 0)
(0.0631228 0 0)
(0.064409 0 0)
(0.0658957 0 0)
(0.0676649 0 0)
(0.0698488 0 0)
(0.0726762 0 0)
(0.0765784 0 0)
(0.0824748 0 0)
(0.0927243 0 0)
(0.115582 0 0)
(0.260206 0 0)
(0.358994 0 0)
(0.291502 0 0)
(0.236161 0 0)
(0.21464 0 0)
(0.211219 0 0)
(0.213923 0 0)
(0.218759 0 0)
(0.224653 0 0)
(0.230995 0 0)
(0.237139 0 0)
(0.242371 0 0)
(0.245984 0 0)
(0.247444 0 0)
(0.246619 0 0)
(0.243939 0 0)
(0.240321 0 0)
(0.236835 0 0)
(0.234307 0 0)
(0.233106 0 0)
(0.233167 0 0)
(0.234159 0 0)
(0.235651 0 0)
(0.237235 0 0)
(0.238581 0 0)
(0.239476 0 0)
(0.239832 0 0)
(0.239685 0 0)
(0.239166 0 0)
(0.238463 0 0)
(0.237768 0 0)
(0.237231 0 0)
(0.236937 0 0)
(0.236897 0 0)
(0.237069 0 0)
(0.237375 0 0)
(0.237727 0 0)
(0.238046 0 0)
(0.238278 0 0)
(0.238396 0 0)
(0.238402 0 0)
(0.23832 0 0)
(0.238189 0 0)
(0.238046 0 0)
(0.237925 0 0)
(0.237847 0 0)
(0.237819 0 0)
(0.237836 0 0)
(0.237883 0 0)
(0.237945 0 0)
(0.238006 0 0)
(0.238053 0 0)
(0.23808 0 0)
(0.238086 0 0)
(0.238078 0 0)
(0.23806 0 0)
(0.238042 0 0)
(0.238031 0 0)
(0.23803 0 0)
(0.23804 0 0)
(0.238061 0 0)
(0.238088 0 0)
(0.238119 0 0)
(0.238149 0 0)
(0.238174 0 0)
(0.238193 0 0)
(0.238205 0 0)
(0.238212 0 0)
(0.238214 0 0)
(0.238213 0 0)
(0.238212 0 0)
(0.238211 0 0)
(0.238212 0 0)
(0.238215 0 0)
(0.23822 0 0)
(0.238226 0 0)
(0.238234 0 0)
(0.238242 0 0)
(0.23825 0 0)
(0.238259 0 0)
(0.238268 0 0)
(0.238277 0 0)
(0.238287 0 0)
(0.238298 0 0)
(0.23831 0 0)
(0.238322 0 0)
(0.238335 0 0)
(0.238348 0 0)
(0.238361 0 0)
(0.238373 0 0)
(0.238384 0 0)
(0.238395 0 0)
(0.238405 0 0)
(0.238413 0 0)
(0.238421 0 0)
(0.238429 0 0)
(0.238435 0 0)
(0.238442 0 0)
(0.238449 0 0)
(0.238456 0 0)
(0.238463 0 0)
(0.238471 0 0)
(0.238479 0 0)
(0.238487 0 0)
(0.238497 0 0)
(0.238506 0 0)
(0.238517 0 0)
(0.238528 0 0)
(0.238539 0 0)
(0.238551 0 0)
(0.238563 0 0)
(0.238575 0 0)
(0.238587 0 0)
(0.238599 0 0)
(0.238612 0 0)
(0.238624 0 0)
(0.238636 0 0)
(0.238648 0 0)
(0.238659 0 0)
(0.238671 0 0)
(0.238682 0 0)
(0.238694 0 0)
(0.238705 0 0)
(0.238717 0 0)
(0.238728 0 0)
(0.23874 0 0)
(0.238753 0 0)
(0.238765 0 0)
(0.238778 0 0)
(0.238791 0 0)
(0.238804 0 0)
(0.238818 0 0)
(0.238832 0 0)
(0.238846 0 0)
(0.23886 0 0)
(0.238875 0 0)
(0.238889 0 0)
(0.238904 0 0)
(0.238918 0 0)
(0.238933 0 0)
(0.238947 0 0)
(0.23896 0 0)
(0.238971 0 0)
(0.238974 0 0)
(0.238945 0 0)
(0.238788 0 0)
(0.238113 0 0)
(0.235309 0 0)
(0.223367 0 0)
(0.171755 0 0)
(0.0695089 0 0)
(0.00459887 0 0)
(2.96442e-06 0 0)
(2.52298e-13 0 0)
(-5.55112e-17 0 0)
(-1.11022e-16 0 0)
(-1.11022e-16 0 0)
(0 0 0)
(-1.66533e-16 0 0)
(-1.11022e-16 0 0)
(-1.11022e-16 0 0)
(0 0 0)
(-1.11022e-16 0 0)
(0 0 0)
(-1.11022e-16 0 0)
(-1.11022e-16 0 0)
(-1.11022e-16 0 0)
(-2.22045e-16 0 0)
(-1.66533e-16 0 0)
(-1.66533e-16 0 0)
(0 0 0)
(0 0 0)
(0 0 0)
(0 0 0)
(0 0 0)
(-1.11022e-16 0 0)
(0 0 0)
(0 0 0)
(0 0 0)
(0 0 0)
(0 0 0)
(-2.22045e-16 0 0)
(-1.11022e-16 0 0)
(0 0 0)
(0 0 0)
(5.55112e-17 0 0)
(0 0 0)
(-5.55112e-17 0 0)
(0 0 0)
(-5.55112e-17 0 0)
(0 0 0)
(0 0 0)
(1.11022e-16 0 0)
(5.55112e-17 0 0)
(5.55112e-17 0 0)
(0 0 0)
(0 0 0)
(-1.11022e-16 0 0)
(0 0 0)
(0 0 0)
(0 0 0)
(-1.11022e-16 0 0)
(-1.66533e-16 0 0)
(-1.11022e-16 0 0)
(0 0 0)
(-1.66533e-16 0 0)
(0 0 0)
(-1.11022e-16 0 0)
(0 0 0)
(-5.55112e-17 0 0)
(0 0 0)
(-5.55112e-17 0 0)
(-5.55112e-17 0 0)
(-1.11022e-16 0 0)
(1.11022e-16 0 0)
(0 0 0)
(-2.77556e-16 0 0)
(0 0 0)
(-2.22045e-16 0 0)
(-1.11022e-16 0 0)
(0 0 0)
(-1.11022e-16 0 0)
(-1.11022e-16 0 0)
(-5.55112e-17 0 0)
(0 0 0)
(-1.11022e-16 0 0)
(-2.22045e-16 0 0)
(-5.55112e-17 0 0)
(-1.11022e-16 0 0)
(-1.11022e-16 0 0)
(-1.66533e-16 0 0)
(-1.11022e-16 0 0)
(1.11022e-16 0 0)
(-1.66533e-16 0 0)
(-1.11022e-16 0 0)
(-1.11022e-16 0 0)
(-1.11022e-16 0 0)
(-1.11022e-16 0 0)
(-1.11022e-16 0 0)
(0 0 0)
(0 0 0)
(1.66533e-16 0 0)
(-1.11022e-16 0 0)
(0 0 0)
(0 0 0)
(0 0 0)
(0 0 0)
(-5.55112e-17 0 0)
(-1.11022e-16 0 0)
(-5.55112e-17 0 0)
(0 0 0)
(-5.55112e-17 0 0)
(0 0 0)
(1.11022e-16 0 0)
(0 0 0)
(0 0 0)
(0 0 0)
(0 0 0)
(0 0 0)
(0 0 0)
(0 0 0)
(0 0 0)
(0 0 0)
(0 0 0)
(0 0 0)
(0 0 0)
(0 0 0)
(0 0 0)
(0 0 0)
(0 0 0)
(0 0 0)
(0 0 0)
(0 0 0)
(0 0 0)
(0 0 0)
(0 0 0)
(0 0 0)
(0 0 0)
(0 0 0)
(0 0 0)
(0 0 0)
(0 0 0)
(0 0 0)
(0 0 0)
(0 0 0)
(0 0 0)
(0 0 0)
(0 0 0)
(0 0 0)
(0 0 0)
(0 0 0)
(0 0 0)
(0 0 0)
(0 0 0)
(0 0 0)
(0 0 0)
(0 0 0)
(0 0 0)
(0 0 0)
(0 0 0)
(0 0 0)
(0 0 0)
(0 0 0)
(0 0 0)
(0 0 0)
(0 0 0)
(0 0 0)
(0 0 0)
(0 0 0)
(0 0 0)
(0 0 0)
(0 0 0)
(0 0 0)
(0 0 0)
(0 0 0)
(0 0 0)
(0 0 0)
(0 0 0)
(0 0 0)
(0 0 0)
(0 0 0)
(0 0 0)
(0 0 0)
(0 0 0)
(0 0 0)
(0 0 0)
(0 0 0)
(0 0 0)
(0 0 0)
(0 0 0)
(0 0 0)
(0 0 0)
(0 0 0)
(0 0 0)
(0 0 0)
(0 0 0)
(0 0 0)
(0 0 0)
(0 0 0)
(0 0 0)
(0 0 0)
(0 0 0)
(0 0 0)
(0 0 0)
(0 0 0)
(0 0 0)
(0 0 0)
(0 0 0)
(0 0 0)
(0 0 0)
(0 0 0)
(0 0 0)
(0 0 0)
(0 0 0)
(0 0 0)
(0 0 0)
(0 0 0)
(0 0 0)
(0 0 0)
(0 0 0)
(0 0 0)
(0 0 0)
(0 0 0)
(0 0 0)
(0 0 0)
(0 0 0)
(0 0 0)
(0 0 0)
(0 0 0)
(0 0 0)
(0 0 0)
(0 0 0)
(0 0 0)
(0 0 0)
(0 0 0)
(0 0 0)
(0 0 0)
(0 0 0)
(0 0 0)
(0 0 0)
(0 0 0)
(0 0 0)
(0 0 0)
(0 0 0)
(0 0 0)
(0 0 0)
(0 0 0)
(0 0 0)
(0 0 0)
(0 0 0)
(0 0 0)
(0 0 0)
(0 0 0)
(0 0 0)
(0 0 0)
(0 0 0)
(0 0 0)
(0 0 0)
(0 0 0)
(0 0 0)
(0 0 0)
(0 0 0)
(0 0 0)
(0 0 0)
(0 0 0)
(0 0 0)
(0 0 0)
(0 0 0)
(0 0 0)
(0 0 0)
(0 0 0)
(0 0 0)
(0 0 0)
(0 0 0)
(0 0 0)
(0 0 0)
(0 0 0)
(0 0 0)
(0 0 0)
(0 0 0)
(0 0 0)
(0 0 0)
(0 0 0)
(0 0 0)
(0 0 0)
(0 0 0)
(0 0 0)
(0 0 0)
(0 0 0)
(0 0 0)
(0 0 0)
(0 0 0)
(0 0 0)
(0 0 0)
(0 0 0)
(0 0 0)
(0 0 0)
(0 0 0)
(0 0 0)
(0 0 0)
(0 0 0)
(0 0 0)
(0 0 0)
(0 0 0)
(0 0 0)
(0 0 0)
(0 0 0)
(0 0 0)
(0 0 0)
(0 0 0)
(0 0 0)
(0 0 0)
(0 0 0)
(0 0 0)
(0 0 0)
(0 0 0)
(0 0 0)
(0 0 0)
(0 0 0)
(0 0 0)
(0 0 0)
(0 0 0)
(0 0 0)
(0 0 0)
(0 0 0)
(0 0 0)
(0 0 0)
(0 0 0)
(0 0 0)
(0 0 0)
(0 0 0)
(0 0 0)
(0 0 0)
(0 0 0)
(0 0 0)
(0 0 0)
(0 0 0)
(0 0 0)
(0 0 0)
(0 0 0)
(0 0 0)
(0 0 0)
(0 0 0)
(0 0 0)
(0 0 0)
(0 0 0)
(0 0 0)
(0 0 0)
(0 0 0)
(0 0 0)
(0 0 0)
(0 0 0)
(0 0 0)
(0 0 0)
(0 0 0)
(0 0 0)
(0 0 0)
(0 0 0)
(0 0 0)
(0 0 0)
(0 0 0)
(0 0 0)
(0 0 0)
(0 0 0)
(0 0 0)
(0 0 0)
(0 0 0)
(0 0 0)
(0 0 0)
(0 0 0)
(0 0 0)
(0 0 0)
(0 0 0)
(0 0 0)
(0 0 0)
(0 0 0)
(0 0 0)
(0 0 0)
(0 0 0)
(0 0 0)
(0 0 0)
(0 0 0)
(0 0 0)
(0 0 0)
(0 0 0)
(0 0 0)
(0 0 0)
(0 0 0)
(0 0 0)
(0 0 0)
(0 0 0)
(0 0 0)
(0 0 0)
(0 0 0)
(0 0 0)
(0 0 0)
(0 0 0)
(0 0 0)
(0 0 0)
(0 0 0)
(0 0 0)
(0 0 0)
(0 0 0)
(0 0 0)
(0 0 0)
(0 0 0)
(0 0 0)
(0 0 0)
(0 0 0)
(0 0 0)
(0 0 0)
(0 0 0)
(0 0 0)
(0 0 0)
(0 0 0)
(0 0 0)
(0 0 0)
(0 0 0)
(0 0 0)
(0 0 0)
(0 0 0)
(0 0 0)
(0 0 0)
(0 0 0)
(0 0 0)
(0 0 0)
(0 0 0)
(0 0 0)
(0 0 0)
(0 0 0)
(0 0 0)
(0 0 0)
(0 0 0)
(0 0 0)
(0 0 0)
(0 0 0)
(0 0 0)
(0 0 0)
(0 0 0)
(0 0 0)
(0 0 0)
(0 0 0)
(0 0 0)
(0 0 0)
(0 0 0)
(0 0 0)
(0 0 0)
(0 0 0)
(0 0 0)
(0 0 0)
(0 0 0)
(0 0 0)
(0 0 0)
(0 0 0)
(0 0 0)
(0 0 0)
(0 0 0)
(0 0 0)
(0 0 0)
(0 0 0)
(0 0 0)
(0 0 0)
(0 0 0)
(0 0 0)
(0 0 0)
(0 0 0)
(0 0 0)
(0 0 0)
(0 0 0)
(0 0 0)
(0 0 0)
(0 0 0)
(0 0 0)
(0 0 0)
(0 0 0)
(0 0 0)
(0 0 0)
(0 0 0)
(0 0 0)
(0 0 0)
(0 0 0)
(0 0 0)
(0 0 0)
(0 0 0)
(0 0 0)
(0 0 0)
(0 0 0)
(0 0 0)
(0 0 0)
(0 0 0)
(0 0 0)
(0 0 0)
(0 0 0)
(0 0 0)
(0 0 0)
(0 0 0)
(0 0 0)
(0 0 0)
(0 0 0)
(0 0 0)
(0 0 0)
(0 0 0)
(0 0 0)
(0 0 0)
(0 0 0)
(0 0 0)
(0 0 0)
(0 0 0)
(0 0 0)
(0 0 0)
(0 0 0)
(0 0 0)
(0 0 0)
(0 0 0)
(0 0 0)
(0 0 0)
(0 0 0)
(0 0 0)
(0 0 0)
(0 0 0)
(0 0 0)
(0 0 0)
(0 0 0)
(0 0 0)
(0 0 0)
(0 0 0)
(0 0 0)
(0 0 0)
(0 0 0)
(0 0 0)
(0 0 0)
(0 0 0)
(0 0 0)
(0 0 0)
(0 0 0)
(0 0 0)
(0 0 0)
(0 0 0)
(0 0 0)
(0 0 0)
(0 0 0)
(0 0 0)
(0 0 0)
(0 0 0)
(0 0 0)
(0 0 0)
(0 0 0)
(0 0 0)
(0 0 0)
(0 0 0)
(0 0 0)
(0 0 0)
(0 0 0)
(0 0 0)
(0 0 0)
(0 0 0)
(0 0 0)
(0 0 0)
(0 0 0)
(0 0 0)
(0 0 0)
(0 0 0)
(0 0 0)
(0 0 0)
(0 0 0)
(0 0 0)
(0 0 0)
(0 0 0)
(0 0 0)
(0 0 0)
(0 0 0)
(0 0 0)
(0 0 0)
(0 0 0)
(0 0 0)
(0 0 0)
(0 0 0)
(0 0 0)
(0 0 0)
(0 0 0)
(0 0 0)
(0 0 0)
(0 0 0)
(0 0 0)
(0 0 0)
(0 0 0)
(0 0 0)
(0 0 0)
(0 0 0)
(0 0 0)
(0 0 0)
(0 0 0)
(0 0 0)
(0 0 0)
(0 0 0)
(0 0 0)
(0 0 0)
(0 0 0)
(0 0 0)
(0 0 0)
(0 0 0)
(0 0 0)
(0 0 0)
(0 0 0)
(0 0 0)
(0 0 0)
(0 0 0)
(0 0 0)
(0 0 0)
(0 0 0)
(0 0 0)
(0 0 0)
(0 0 0)
(0 0 0)
(0 0 0)
(0 0 0)
(0 0 0)
(0 0 0)
(0 0 0)
(0 0 0)
(0 0 0)
(0 0 0)
(0 0 0)
(0 0 0)
(0 0 0)
(0 0 0)
(0 0 0)
(0 0 0)
(0 0 0)
(0 0 0)
(0 0 0)
(0 0 0)
(0 0 0)
(0 0 0)
(0 0 0)
(0 0 0)
(0 0 0)
(0 0 0)
(0 0 0)
(0 0 0)
(0 0 0)
(0 0 0)
(0 0 0)
(0 0 0)
(0 0 0)
(0 0 0)
(0 0 0)
(0 0 0)
(0 0 0)
(0 0 0)
(0 0 0)
(0 0 0)
(0 0 0)
(0 0 0)
(0 0 0)
(0 0 0)
(0 0 0)
(0 0 0)
(0 0 0)
(0 0 0)
(0 0 0)
(0 0 0)
(0 0 0)
(0 0 0)
(0 0 0)
(0 0 0)
(0 0 0)
(0 0 0)
(0 0 0)
(0 0 0)
(0 0 0)
(0 0 0)
(0 0 0)
(0 0 0)
(0 0 0)
(0 0 0)
(0 0 0)
(0 0 0)
(0 0 0)
(0 0 0)
(0 0 0)
(0 0 0)
(0 0 0)
(0 0 0)
(0 0 0)
(0 0 0)
(0 0 0)
(0 0 0)
(0 0 0)
(0 0 0)
(0 0 0)
(0 0 0)
(0 0 0)
(0 0 0)
)
;

boundaryField
{
    inlet
    {
        type            fixedValue;
        value           uniform (0 0 0);
    }
    outlet
    {
        type            zeroGradient;
    }
    emptyWalls
    {
        type            empty;
    }
}


// ************************************************************************* //
