/*--------------------------------*- C++ -*----------------------------------*\
  =========                 |
  \\      /  F ield         | OpenFOAM: The Open Source CFD Toolbox
   \\    /   O peration     | Website:  https://openfoam.org
    \\  /    A nd           | Version:  9
     \\/     M anipulation  |
\*---------------------------------------------------------------------------*/
FoamFile
{
    format      ascii;
    class       volScalarField;
    location    "12.6";
    object      Fcsw;
}
// * * * * * * * * * * * * * * * * * * * * * * * * * * * * * * * * * * * * * //

dimensions      [0 0 0 0 0 0 0];

internalField   nonuniform List<scalar> 
1000
(
1.79484e-05
2.88717e-05
3.89198e-05
4.85197e-05
5.78205e-05
6.6894e-05
7.57809e-05
8.4507e-05
9.30901e-05
0.000101543
0.000109875
0.000118094
0.000126207
0.000134217
0.00014213
0.00014995
0.000157679
0.000165321
0.000172878
0.000180352
0.000187746
0.000195063
0.000202302
0.000209468
0.00021656
0.000223581
0.000230532
0.000237415
0.00024423
0.00025098
0.000257666
0.000264287
0.000270847
0.000277345
0.000283784
0.000290163
0.000296484
0.000302748
0.000308955
0.000315108
0.000321206
0.00032725
0.000333242
0.000339182
0.000345071
0.000350909
0.000356698
0.000362438
0.000368129
0.000373774
0.000379371
0.000384923
0.000390429
0.00039589
0.000401307
0.00040668
0.000412011
0.000417299
0.000422545
0.00042775
0.000432915
0.000438039
0.000443124
0.000448169
0.000453177
0.000458146
0.000463077
0.000467971
0.000472829
0.000477651
0.000482437
0.000487187
0.000491903
0.000496585
0.000501232
0.000505846
0.000510427
0.000514976
0.000519492
0.000523976
0.000528428
0.00053285
0.00053724
0.000541601
0.000545931
0.000550231
0.000554502
0.000558745
0.000562958
0.000567143
0.0005713
0.00057543
0.000579532
0.000583607
0.000587655
0.000591677
0.000595673
0.000599642
0.000603587
0.000607505
0.000611399
0.000615268
0.000619113
0.000622934
0.00062673
0.000630503
0.000634253
0.000637979
0.000641682
0.000645363
0.000649021
0.000652657
0.000656271
0.000659864
0.000663434
0.000666984
0.000670512
0.00067402
0.000677507
0.000680974
0.00068442
0.000687847
0.000691253
0.00069464
0.000698008
0.000701356
0.000704685
0.000707996
0.000711288
0.000714561
0.000717816
0.000721054
0.000724273
0.000727474
0.000730658
0.000733825
0.000736974
0.000740106
0.000743221
0.00074632
0.000749402
0.000752468
0.000755517
0.00075855
0.000761567
0.000764569
0.000767555
0.000770525
0.00077348
0.00077642
0.000779344
0.000782254
0.000785149
0.000788029
0.000790895
0.000793747
0.000796584
0.000799407
0.000802216
0.000805011
0.000807792
0.00081056
0.000813314
0.000816055
0.000818782
0.000821496
0.000824198
0.000826886
0.000829562
0.000832225
0.000834875
0.000837513
0.000840138
0.000842752
0.000845353
0.000847942
0.000850519
0.000853084
0.000855637
0.000858179
0.00086071
0.000863228
0.000865736
0.000868232
0.000870717
0.000873191
0.000875655
0.000878107
0.000880548
0.000882979
0.000885399
0.000887809
0.000890208
0.000892597
0.000894975
0.000897344
0.000899702
0.00090205
0.000904389
0.000906717
0.000909036
0.000911345
0.000913644
0.000915934
0.000918215
0.000920486
0.000922748
0.000925
0.000927243
0.000929478
0.000931703
0.000933919
0.000936127
0.000938325
0.000940515
0.000942696
0.000944869
0.000947033
0.000949189
0.000951336
0.000953475
0.000955606
0.000957728
0.000959842
0.000961948
0.000964047
0.000966137
0.000968219
0.000970293
0.00097236
0.000974419
0.00097647
0.000978514
0.00098055
0.000982579
0.0009846
0.000986614
0.000988621
0.00099062
0.000992612
0.000994597
0.000996575
0.000998545
0.00100051
0.00100247
0.00100442
0.00100636
0.00100829
0.00101022
0.00101215
0.00101406
0.00101597
0.00101788
0.00101977
0.00102166
0.00102355
0.00102542
0.00102729
0.00102916
0.00103102
0.00103287
0.00103471
0.00103655
0.00103839
0.00104022
0.00104204
0.00104385
0.00104566
0.00104747
0.00104927
0.00105106
0.00105285
0.00105463
0.0010564
0.00105817
0.00105994
0.0010617
0.00106345
0.0010652
0.00106694
0.00106868
0.00107041
0.00107214
0.00107386
0.00107557
0.00107728
0.00107899
0.00108069
0.00108239
0.00108408
0.00108576
0.00108744
0.00108912
0.00109079
0.00109245
0.00109411
0.00109577
0.00109742
0.00109907
0.00110071
0.00110235
0.00110398
0.00110561
0.00110723
0.00110885
0.00111046
0.00111207
0.00111368
0.00111528
0.00111687
0.00111847
0.00112005
0.00112164
0.00112322
0.00112479
0.00112636
0.00112793
0.00112949
0.00113105
0.0011326
0.00113415
0.0011357
0.00113724
0.00113877
0.00114031
0.00114184
0.00114336
0.00114488
0.0011464
0.00114792
0.00114943
0.00115093
0.00115243
0.00115393
0.00115543
0.00115692
0.00115841
0.00115989
0.00116137
0.00116285
0.00116432
0.00116579
0.00116725
0.00116872
0.00117018
0.00117163
0.00117308
0.00117453
0.00117598
0.00117742
0.00117886
0.00118029
0.00118172
0.00118315
0.00118457
0.001186
0.00118741
0.00118883
0.00119024
0.00119165
0.00119305
0.00119446
0.00119586
0.00119725
0.00119865
0.00120004
0.00120142
0.00120281
0.00120419
0.00120556
0.00120694
0.00120831
0.00120968
0.00121105
0.00121241
0.00121377
0.00121513
0.00121648
0.00121783
0.00121918
0.00122053
0.00122187
0.00122321
0.00122455
0.00122588
0.00122722
0.00122855
0.00122987
0.0012312
0.00123252
0.00123384
0.00123515
0.00123647
0.00123778
0.00123909
0.00124039
0.0012417
0.001243
0.0012443
0.00124559
0.00124689
0.00124818
0.00124947
0.00125075
0.00125204
0.00125332
0.0012546
0.00125588
0.00125715
0.00125842
0.00125969
0.00126096
0.00126222
0.00126349
0.00126475
0.00126601
0.00126726
0.00126852
0.00126977
0.00127102
0.00127227
0.00127351
0.00127475
0.001276
0.00127723
0.00127847
0.00127971
0.00128094
0.00128217
0.0012834
0.00128462
0.00128585
0.00128707
0.00128829
0.00128951
0.00129073
0.00129194
0.00129315
0.00129436
0.00129557
0.00129678
0.00129798
0.00129919
0.00130039
0.00130159
0.00130279
0.00130398
0.00130517
0.00130637
0.00130756
0.00130874
0.00130993
0.00131112
0.0013123
0.00131348
0.00131466
0.00131584
0.00131701
0.00131819
0.00131936
0.00132053
0.0013217
0.00132287
0.00132403
0.0013252
0.00132636
0.00132752
0.00132868
0.00132984
0.001331
0.00133215
0.0013333
0.00133446
0.00133561
0.00133675
0.0013379
0.00133905
0.00134019
0.00134133
0.00134247
0.00134361
0.00134475
0.00134589
0.00134702
0.00134816
0.00134929
0.00135042
0.00135155
0.00135268
0.00135381
0.00135493
0.00135605
0.00135718
0.0013583
0.00135942
0.00136054
0.00136165
0.00136277
0.00136389
0.001365
0.00136611
0.00136722
0.00136833
0.00136944
0.00137055
0.00137165
0.00137276
0.00137386
0.00137496
0.00137606
0.00137716
0.00137826
0.00137936
0.00138046
0.00138155
0.00138265
0.00138374
0.00138483
0.00138592
0.00138701
0.0013881
0.00138919
0.00139027
0.00139136
0.00139244
0.00139352
0.00139461
0.00139569
0.00139677
0.00139785
0.00139892
0.0014
0.00140108
0.00140215
0.00140323
0.0014043
0.00140537
0.00140644
0.00140751
0.00140858
0.00140965
0.00141071
0.00141178
0.00141285
0.00141391
0.00141497
0.00141604
0.0014171
0.00141816
0.00141922
0.00142028
0.00142134
0.00142239
0.00142345
0.00142451
0.00142556
0.00142662
0.00142767
0.00142872
0.00142977
0.00143082
0.00143187
0.00143292
0.00143397
0.00143502
0.00143607
0.00143711
0.00143816
0.0014392
0.00144025
0.00144129
0.00144234
0.00144338
0.00144442
0.00144546
0.0014465
0.00144754
0.00144858
0.00144962
0.00145065
0.00145169
0.00145273
0.00145376
0.0014548
0.00145583
0.00145687
0.0014579
0.00145893
0.00145996
0.001461
0.00146203
0.00146306
0.00146409
0.00146512
0.00146615
0.00146717
0.0014682
0.00146923
0.00147026
0.00147128
0.00147231
0.00147333
0.00147436
0.00147538
0.00147641
0.00147743
0.00147845
0.00147948
0.0014805
0.00148152
0.00148254
0.00148356
0.00148458
0.0014856
0.00148662
0.00148764
0.00148866
0.00148968
0.0014907
0.00149172
0.00149274
0.00149375
0.00149477
0.00149579
0.0014968
0.00149782
0.00149884
0.00149985
0.00150087
0.00150188
0.0015029
0.00150391
0.00150493
0.00150594
0.00150696
0.00150797
0.00150898
0.00151
0.00151101
0.00151202
0.00151304
0.00151405
0.00151506
0.00151607
0.00151709
0.0015181
0.00151911
0.00152012
0.00152114
0.00152215
0.00152316
0.00152417
0.00152518
0.00152619
0.00152721
0.00152822
0.00152923
0.00153024
0.00153125
0.00153226
0.00153327
0.00153429
0.0015353
0.00153631
0.00153732
0.00153833
0.00153934
0.00154036
0.00154137
0.00154238
0.00154339
0.0015444
0.00154542
0.00154643
0.00154744
0.00154845
0.00154947
0.00155048
0.00155149
0.00155251
0.00155352
0.00155453
0.00155555
0.00155656
0.00155758
0.00155859
0.00155961
0.00156062
0.00156164
0.00156266
0.00156367
0.00156469
0.00156571
0.00156672
0.00156774
0.00156876
0.00156978
0.0015708
0.00157182
0.00157284
0.00157386
0.00157488
0.0015759
0.00157692
0.00157795
0.00157897
0.00157999
0.00158102
0.00158204
0.00158307
0.00158409
0.00158512
0.00158615
0.00158717
0.0015882
0.00158923
0.00159026
0.00159129
0.00159232
0.00159336
0.00159439
0.00159542
0.00159646
0.00159749
0.00159853
0.00159956
0.0016006
0.00160164
0.00160268
0.00160372
0.00160476
0.00160581
0.00160685
0.00160789
0.00160894
0.00160999
0.00161103
0.00161208
0.00161313
0.00161418
0.00161524
0.00161629
0.00161734
0.0016184
0.00161946
0.00162052
0.00162158
0.00162264
0.0016237
0.00162477
0.00162583
0.0016269
0.00162797
0.00162904
0.00163011
0.00163118
0.00163226
0.00163334
0.00163441
0.00163549
0.00163658
0.00163766
0.00163875
0.00163983
0.00164092
0.00164201
0.00164311
0.0016442
0.0016453
0.0016464
0.0016475
0.00164861
0.00164971
0.00165082
0.00165193
0.00165305
0.00165416
0.00165528
0.0016564
0.00165753
0.00165865
0.00165978
0.00166091
0.00166205
0.00166319
0.00166433
0.00166547
0.00166662
0.00166777
0.00166892
0.00167008
0.00167124
0.0016724
0.00167357
0.00167474
0.00167591
0.00167709
0.00167827
0.00167946
0.00168065
0.00168184
0.00168304
0.00168424
0.00168545
0.00168666
0.00168787
0.00168909
0.00169032
0.00169155
0.00169278
0.00169402
0.00169527
0.00169652
0.00169777
0.00169904
0.0017003
0.00170158
0.00170285
0.00170414
0.00170543
0.00170673
0.00170803
0.00170935
0.00171066
0.00171199
0.00171332
0.00171466
0.00171601
0.00171737
0.00171873
0.0017201
0.00172148
0.00172287
0.00172427
0.00172568
0.00172709
0.00172852
0.00172996
0.0017314
0.00173286
0.00173433
0.0017358
0.00173729
0.0017388
0.00174031
0.00174184
0.00174337
0.00174492
0.00174649
0.00174807
0.00174966
0.00175127
0.00175289
0.00175453
0.00175618
0.00175785
0.00175954
0.00176124
0.00176296
0.0017647
0.00176646
0.00176824
0.00177004
0.00177186
0.0017737
0.00177557
0.00177745
0.00177936
0.0017813
0.00178326
0.00178524
0.00178726
0.0017893
0.00179137
0.00179347
0.0017956
0.00179776
0.00179996
0.00180219
0.00180445
0.00180676
0.0018091
0.00181148
0.0018139
0.00181636
0.00181887
0.00182142
0.00182402
0.00182667
0.00182938
0.00183213
0.00183494
0.00183781
0.00184074
0.00184373
0.00184678
0.0018499
0.0018531
0.00185636
0.0018597
0.00186313
0.00186663
0.00187022
0.00187391
0.00187769
0.00188156
0.00188554
0.00188963
0.00189383
0.00189815
0.0019026
0.00190718
0.00191189
0.00191674
0.00192175
0.00192691
0.00193224
0.00193774
0.00194343
0.00194931
0.00195539
0.00196169
0.00196821
0.00197497
0.00198198
0.00198925
0.00199681
0.00200466
0.00201283
0.00202132
0.00203017
0.0020394
0.00204901
0.00205905
0.00206954
0.0020805
0.00209197
0.00210398
0.00211657
0.00212977
0.00214363
0.0021582
0.00217351
0.00218964
0.00220663
0.00222456
0.00224348
0.00226349
0.00228466
0.00230709
0.00233088
0.00235614
0.002383
0.00241159
0.00244207
0.00247461
0.00250939
0.00254662
0.00258654
0.0026294
0.00267551
0.0027252
0.00277883
0.00283684
0.0028997
0.00296797
0.00304226
0.0031233
0.00321191
0.00330906
0.00341586
0.00353359
0.00366379
0.00380825
0.00396907
0.0041488
0.00435047
0.00457773
0.00483503
0.00512782
0.00546285
0.00584853
0.00629546
0.00681715
0.00743104
0.00815995
0.00903417
0.0100946
0.0113977
0.0130226
0.015084
0.0177518
0.0212873
0.0261091
0.032921
0.0429792
0.0587082
0.0852817
0.135448
0.247682
)
;

boundaryField
{
    inlet
    {
        type            calculated;
        value           uniform 1.79484e-05;
    }
    outlet
    {
        type            calculated;
        value           uniform 0.247682;
    }
    emptyWalls
    {
        type            empty;
    }
}


// ************************************************************************* //
