/*--------------------------------*- C++ -*----------------------------------*\
  =========                 |
  \\      /  F ield         | OpenFOAM: The Open Source CFD Toolbox
   \\    /   O peration     | Website:  https://openfoam.org
    \\  /    A nd           | Version:  9
     \\/     M anipulation  |
\*---------------------------------------------------------------------------*/
FoamFile
{
    format      ascii;
    class       volScalarField;
    location    "12.6";
    object      Sa;
}
// * * * * * * * * * * * * * * * * * * * * * * * * * * * * * * * * * * * * * //

dimensions      [0 0 0 0 0 0 0];

internalField   nonuniform List<scalar> 
1000
(
0.49952
0.499225
0.498953
0.498692
0.498437
0.498187
0.497941
0.497699
0.497459
0.497221
0.496986
0.496753
0.496522
0.496293
0.496065
0.49584
0.495615
0.495393
0.495171
0.494952
0.494733
0.494516
0.4943
0.494086
0.493873
0.493661
0.49345
0.493241
0.493032
0.492825
0.492619
0.492414
0.49221
0.492007
0.491806
0.491605
0.491406
0.491207
0.49101
0.490813
0.490617
0.490423
0.490229
0.490037
0.489845
0.489654
0.489464
0.489275
0.489087
0.4889
0.488714
0.488528
0.488344
0.48816
0.487977
0.487795
0.487614
0.487433
0.487254
0.487075
0.486897
0.48672
0.486543
0.486368
0.486193
0.486019
0.485845
0.485673
0.485501
0.48533
0.485159
0.48499
0.484821
0.484652
0.484485
0.484318
0.484152
0.483986
0.483821
0.483657
0.483493
0.48333
0.483168
0.483007
0.482846
0.482685
0.482526
0.482367
0.482208
0.48205
0.481893
0.481737
0.481581
0.481425
0.48127
0.481116
0.480962
0.480809
0.480657
0.480505
0.480354
0.480203
0.480053
0.479903
0.479754
0.479605
0.479457
0.47931
0.479163
0.479016
0.47887
0.478725
0.47858
0.478435
0.478291
0.478148
0.478005
0.477863
0.477721
0.47758
0.477439
0.477298
0.477158
0.477019
0.47688
0.476741
0.476603
0.476466
0.476328
0.476192
0.476056
0.47592
0.475785
0.47565
0.475515
0.475381
0.475248
0.475115
0.474982
0.47485
0.474718
0.474586
0.474455
0.474325
0.474195
0.474065
0.473936
0.473807
0.473678
0.47355
0.473422
0.473295
0.473168
0.473041
0.472915
0.47279
0.472664
0.472539
0.472415
0.47229
0.472166
0.472043
0.47192
0.471797
0.471675
0.471553
0.471431
0.47131
0.471189
0.471068
0.470948
0.470828
0.470709
0.470589
0.47047
0.470352
0.470234
0.470116
0.469999
0.469881
0.469765
0.469648
0.469532
0.469416
0.469301
0.469185
0.469071
0.468956
0.468842
0.468728
0.468614
0.468501
0.468388
0.468275
0.468163
0.468051
0.467939
0.467828
0.467717
0.467606
0.467495
0.467385
0.467275
0.467166
0.467056
0.466947
0.466838
0.46673
0.466622
0.466514
0.466406
0.466299
0.466192
0.466085
0.465978
0.465872
0.465766
0.465661
0.465555
0.46545
0.465345
0.46524
0.465136
0.465032
0.464928
0.464825
0.464721
0.464618
0.464515
0.464413
0.464311
0.464209
0.464107
0.464005
0.463904
0.463803
0.463702
0.463602
0.463501
0.463401
0.463302
0.463202
0.463103
0.463004
0.462905
0.462806
0.462708
0.46261
0.462512
0.462414
0.462317
0.462219
0.462122
0.462026
0.461929
0.461833
0.461737
0.461641
0.461545
0.46145
0.461355
0.46126
0.461165
0.46107
0.460976
0.460882
0.460788
0.460695
0.460601
0.460508
0.460415
0.460322
0.460229
0.460137
0.460045
0.459953
0.459861
0.459769
0.459678
0.459587
0.459496
0.459405
0.459314
0.459224
0.459134
0.459044
0.458954
0.458865
0.458775
0.458686
0.458597
0.458508
0.458419
0.458331
0.458243
0.458155
0.458067
0.457979
0.457892
0.457804
0.457717
0.45763
0.457543
0.457457
0.45737
0.457284
0.457198
0.457112
0.457027
0.456941
0.456856
0.456771
0.456686
0.456601
0.456516
0.456432
0.456348
0.456263
0.456179
0.456096
0.456012
0.455929
0.455845
0.455762
0.455679
0.455597
0.455514
0.455432
0.455349
0.455267
0.455185
0.455104
0.455022
0.45494
0.454859
0.454778
0.454697
0.454616
0.454536
0.454455
0.454375
0.454295
0.454214
0.454135
0.454055
0.453975
0.453896
0.453817
0.453738
0.453659
0.45358
0.453501
0.453423
0.453344
0.453266
0.453188
0.45311
0.453032
0.452955
0.452877
0.4528
0.452723
0.452646
0.452569
0.452492
0.452415
0.452339
0.452262
0.452186
0.45211
0.452034
0.451959
0.451883
0.451807
0.451732
0.451657
0.451582
0.451507
0.451432
0.451357
0.451283
0.451208
0.451134
0.45106
0.450986
0.450912
0.450838
0.450765
0.450691
0.450618
0.450545
0.450471
0.450399
0.450326
0.450253
0.45018
0.450108
0.450036
0.449963
0.449891
0.449819
0.449748
0.449676
0.449604
0.449533
0.449461
0.44939
0.449319
0.449248
0.449177
0.449107
0.449036
0.448966
0.448895
0.448825
0.448755
0.448685
0.448615
0.448545
0.448475
0.448406
0.448337
0.448267
0.448198
0.448129
0.44806
0.447991
0.447922
0.447854
0.447785
0.447717
0.447649
0.44758
0.447512
0.447445
0.447377
0.447309
0.447241
0.447174
0.447106
0.447039
0.446972
0.446905
0.446838
0.446771
0.446704
0.446638
0.446571
0.446505
0.446439
0.446372
0.446306
0.44624
0.446174
0.446109
0.446043
0.445977
0.445912
0.445846
0.445781
0.445716
0.445651
0.445586
0.445521
0.445456
0.445392
0.445327
0.445263
0.445198
0.445134
0.44507
0.445006
0.444942
0.444878
0.444814
0.444751
0.444687
0.444624
0.44456
0.444497
0.444434
0.444371
0.444308
0.444245
0.444182
0.444119
0.444057
0.443994
0.443932
0.443869
0.443807
0.443745
0.443683
0.443621
0.443559
0.443497
0.443436
0.443374
0.443312
0.443251
0.44319
0.443128
0.443067
0.443006
0.442945
0.442884
0.442824
0.442763
0.442702
0.442642
0.442581
0.442521
0.442461
0.442401
0.44234
0.44228
0.442221
0.442161
0.442101
0.442041
0.441982
0.441922
0.441863
0.441804
0.441744
0.441685
0.441626
0.441567
0.441508
0.441449
0.441391
0.441332
0.441273
0.441215
0.441156
0.441098
0.44104
0.440982
0.440924
0.440866
0.440808
0.44075
0.440692
0.440634
0.440577
0.440519
0.440462
0.440405
0.440347
0.44029
0.440233
0.440176
0.440119
0.440062
0.440005
0.439948
0.439892
0.439835
0.439779
0.439722
0.439666
0.439609
0.439553
0.439497
0.439441
0.439385
0.439329
0.439273
0.439218
0.439162
0.439106
0.439051
0.438995
0.43894
0.438885
0.438829
0.438774
0.438719
0.438664
0.438609
0.438554
0.438499
0.438444
0.43839
0.438335
0.438281
0.438226
0.438172
0.438117
0.438063
0.438009
0.437955
0.437901
0.437847
0.437793
0.437739
0.437685
0.437632
0.437578
0.437524
0.437471
0.437418
0.437364
0.437311
0.437258
0.437204
0.437151
0.437098
0.437045
0.436992
0.43694
0.436887
0.436834
0.436782
0.436729
0.436676
0.436624
0.436572
0.436519
0.436467
0.436415
0.436363
0.436311
0.436259
0.436207
0.436155
0.436103
0.436051
0.436
0.435948
0.435897
0.435845
0.435794
0.435742
0.435691
0.43564
0.435589
0.435538
0.435487
0.435436
0.435385
0.435334
0.435283
0.435232
0.435181
0.435131
0.43508
0.43503
0.434979
0.434929
0.434879
0.434828
0.434778
0.434728
0.434678
0.434628
0.434578
0.434528
0.434478
0.434428
0.434379
0.434329
0.434279
0.43423
0.43418
0.434131
0.434081
0.434032
0.433983
0.433933
0.433884
0.433835
0.433786
0.433737
0.433688
0.433639
0.43359
0.433542
0.433493
0.433444
0.433396
0.433347
0.433299
0.43325
0.433202
0.433153
0.433105
0.433057
0.433009
0.43296
0.432912
0.432864
0.432816
0.432768
0.432721
0.432673
0.432625
0.432577
0.43253
0.432482
0.432435
0.432387
0.43234
0.432292
0.432245
0.432198
0.43215
0.432103
0.432056
0.432009
0.431962
0.431915
0.431868
0.431821
0.431774
0.431727
0.431681
0.431634
0.431587
0.431541
0.431494
0.431448
0.431401
0.431355
0.431309
0.431262
0.431216
0.43117
0.431124
0.431078
0.431032
0.430986
0.43094
0.430894
0.430848
0.430802
0.430756
0.43071
0.430665
0.430619
0.430574
0.430528
0.430483
0.430437
0.430392
0.430346
0.430301
0.430256
0.430211
0.430165
0.43012
0.430075
0.43003
0.429985
0.42994
0.429895
0.42985
0.429806
0.429761
0.429716
0.429672
0.429627
0.429582
0.429538
0.429493
0.429449
0.429404
0.42936
0.429316
0.429271
0.429227
0.429183
0.429139
0.429095
0.429051
0.429006
0.428962
0.428919
0.428875
0.428831
0.428787
0.428743
0.428699
0.428656
0.428612
0.428568
0.428525
0.428481
0.428438
0.428394
0.428351
0.428307
0.428264
0.428221
0.428177
0.428134
0.428091
0.428048
0.428005
0.427962
0.427919
0.427876
0.427833
0.42779
0.427747
0.427704
0.427661
0.427618
0.427576
0.427533
0.42749
0.427448
0.427405
0.427362
0.42732
0.427277
0.427235
0.427193
0.42715
0.427108
0.427065
0.427023
0.426981
0.426939
0.426896
0.426854
0.426812
0.42677
0.426728
0.426686
0.426644
0.426602
0.42656
0.426518
0.426476
0.426434
0.426393
0.426351
0.426309
0.426267
0.426226
0.426184
0.426142
0.426101
0.426059
0.426018
0.425976
0.425935
0.425893
0.425852
0.42581
0.425769
0.425728
0.425686
0.425645
0.425604
0.425562
0.425521
0.42548
0.425439
0.425397
0.425356
0.425315
0.425274
0.425233
0.425192
0.425151
0.42511
0.425069
0.425028
0.424987
0.424946
0.424905
0.424864
0.424823
0.424782
0.424741
0.4247
0.424659
0.424619
0.424578
0.424537
0.424496
0.424455
0.424414
0.424374
0.424333
0.424292
0.424251
0.42421
0.42417
0.424129
0.424088
0.424047
0.424006
0.423966
0.423925
0.423884
0.423843
0.423802
0.423761
0.423721
0.42368
0.423639
0.423598
0.423557
0.423516
0.423475
0.423434
0.423393
0.423352
0.423311
0.423269
0.423228
0.423187
0.423146
0.423104
0.423063
0.423021
0.42298
0.422938
0.422897
0.422855
0.422813
0.422771
0.422729
0.422687
0.422645
0.422603
0.422561
0.422518
0.422475
0.422433
0.42239
0.422347
0.422304
0.42226
0.422217
0.422173
0.422129
0.422085
0.422041
0.421996
0.421951
0.421906
0.421861
0.421815
0.421769
0.421722
0.421676
0.421628
0.421581
0.421533
0.421484
0.421435
0.421386
0.421335
0.421284
0.421233
0.421181
0.421127
0.421073
0.421018
0.420962
0.420905
0.420847
0.420787
0.420726
0.420664
0.420599
0.420533
0.420464
0.420394
0.42032
0.420244
0.420165
0.420082
0.419995
0.419903
0.419806
0.419703
0.419594
0.419476
0.41935
0.419212
0.419062
0.418897
0.418714
0.418509
0.418277
0.41801
0.4177
0.417334
0.416891
0.416344
0.415648
0.414728
0.413452
0.411562
0.408483
)
;

boundaryField
{
    inlet
    {
        type            fixedValue;
        value           uniform 0.5;
    }
    outlet
    {
        type            zeroGradient;
    }
    emptyWalls
    {
        type            empty;
    }
}


// ************************************************************************* //
