/*--------------------------------*- C++ -*----------------------------------*\
  =========                 |
  \\      /  F ield         | OpenFOAM: The Open Source CFD Toolbox
   \\    /   O peration     | Website:  https://openfoam.org
    \\  /    A nd           | Version:  9
     \\/     M anipulation  |
\*---------------------------------------------------------------------------*/
FoamFile
{
    format      ascii;
    class       volScalarField;
    location    "11.7";
    object      Sb;
}
// * * * * * * * * * * * * * * * * * * * * * * * * * * * * * * * * * * * * * //

dimensions      [0 0 0 0 0 0 0];

internalField   nonuniform List<scalar> 
1000
(
0.499173
0.498667
0.498198
0.497748
0.49731
0.49688
0.496456
0.496039
0.495626
0.495218
0.494813
0.494412
0.494014
0.49362
0.493228
0.492839
0.492453
0.49207
0.491689
0.491311
0.490935
0.490561
0.49019
0.489821
0.489454
0.489089
0.488726
0.488365
0.488006
0.487649
0.487294
0.486941
0.48659
0.486241
0.485894
0.485548
0.485204
0.484862
0.484521
0.484183
0.483846
0.48351
0.483176
0.482844
0.482514
0.482185
0.481857
0.481531
0.481207
0.480884
0.480562
0.480242
0.479924
0.479607
0.479291
0.478977
0.478664
0.478353
0.478042
0.477734
0.477426
0.47712
0.476815
0.476512
0.476209
0.475909
0.475609
0.47531
0.475013
0.474717
0.474422
0.474129
0.473836
0.473545
0.473255
0.472966
0.472678
0.472392
0.472106
0.471822
0.471538
0.471256
0.470975
0.470695
0.470416
0.470138
0.469861
0.469586
0.469311
0.469037
0.468764
0.468492
0.468222
0.467952
0.467683
0.467415
0.467149
0.466883
0.466618
0.466354
0.466091
0.465829
0.465567
0.465307
0.465048
0.464789
0.464532
0.464275
0.464019
0.463764
0.46351
0.463257
0.463005
0.462753
0.462503
0.462253
0.462004
0.461755
0.461508
0.461262
0.461016
0.460771
0.460527
0.460283
0.460041
0.459799
0.459558
0.459317
0.459078
0.458839
0.458601
0.458364
0.458127
0.457891
0.457656
0.457422
0.457188
0.456955
0.456723
0.456492
0.456261
0.456031
0.455801
0.455572
0.455344
0.455117
0.45489
0.454664
0.454439
0.454214
0.45399
0.453767
0.453544
0.453322
0.4531
0.452879
0.452659
0.452439
0.45222
0.452002
0.451784
0.451567
0.45135
0.451134
0.450919
0.450704
0.45049
0.450277
0.450064
0.449851
0.449639
0.449428
0.449217
0.449007
0.448798
0.448589
0.44838
0.448172
0.447965
0.447758
0.447552
0.447346
0.447141
0.446936
0.446732
0.446528
0.446325
0.446123
0.445921
0.445719
0.445518
0.445318
0.445118
0.444918
0.444719
0.444521
0.444323
0.444125
0.443928
0.443732
0.443535
0.44334
0.443145
0.44295
0.442756
0.442562
0.442369
0.442176
0.441984
0.441792
0.441601
0.44141
0.44122
0.44103
0.44084
0.440651
0.440462
0.440274
0.440086
0.439899
0.439712
0.439526
0.439339
0.439154
0.438969
0.438784
0.438599
0.438416
0.438232
0.438049
0.437866
0.437684
0.437502
0.437321
0.437139
0.436959
0.436779
0.436599
0.436419
0.43624
0.436061
0.435883
0.435705
0.435528
0.43535
0.435174
0.434997
0.434821
0.434646
0.43447
0.434295
0.434121
0.433947
0.433773
0.4336
0.433427
0.433254
0.433081
0.43291
0.432738
0.432567
0.432396
0.432225
0.432055
0.431885
0.431716
0.431546
0.431378
0.431209
0.431041
0.430873
0.430706
0.430538
0.430372
0.430205
0.430039
0.429873
0.429708
0.429543
0.429378
0.429213
0.429049
0.428885
0.428722
0.428558
0.428395
0.428233
0.42807
0.427908
0.427747
0.427585
0.427424
0.427264
0.427103
0.426943
0.426783
0.426624
0.426464
0.426305
0.426147
0.425988
0.42583
0.425672
0.425515
0.425358
0.425201
0.425044
0.424888
0.424732
0.424576
0.424421
0.424265
0.42411
0.423956
0.423801
0.423647
0.423494
0.42334
0.423187
0.423034
0.422881
0.422729
0.422576
0.422424
0.422273
0.422121
0.42197
0.421819
0.421669
0.421518
0.421368
0.421218
0.421069
0.42092
0.420771
0.420622
0.420473
0.420325
0.420177
0.420029
0.419881
0.419734
0.419587
0.41944
0.419294
0.419147
0.419001
0.418855
0.41871
0.418564
0.418419
0.418274
0.41813
0.417985
0.417841
0.417697
0.417554
0.41741
0.417267
0.417124
0.416981
0.416838
0.416696
0.416554
0.416412
0.41627
0.416129
0.415988
0.415847
0.415706
0.415566
0.415425
0.415285
0.415145
0.415006
0.414866
0.414727
0.414588
0.414449
0.41431
0.414172
0.414034
0.413896
0.413758
0.413621
0.413483
0.413346
0.413209
0.413073
0.412936
0.4128
0.412664
0.412528
0.412392
0.412257
0.412121
0.411986
0.411851
0.411717
0.411582
0.411448
0.411314
0.41118
0.411046
0.410912
0.410779
0.410646
0.410513
0.41038
0.410248
0.410115
0.409983
0.409851
0.409719
0.409588
0.409456
0.409325
0.409194
0.409063
0.408932
0.408802
0.408672
0.408541
0.408411
0.408282
0.408152
0.408023
0.407893
0.407764
0.407635
0.407507
0.407378
0.40725
0.407122
0.406994
0.406866
0.406738
0.40661
0.406483
0.406356
0.406229
0.406102
0.405975
0.405849
0.405723
0.405597
0.405471
0.405345
0.405219
0.405094
0.404968
0.404843
0.404718
0.404593
0.404469
0.404344
0.40422
0.404096
0.403972
0.403848
0.403724
0.4036
0.403477
0.403354
0.403231
0.403108
0.402985
0.402862
0.40274
0.402618
0.402495
0.402373
0.402252
0.40213
0.402008
0.401887
0.401766
0.401645
0.401524
0.401403
0.401282
0.401162
0.401041
0.400921
0.400801
0.400681
0.400561
0.400442
0.400322
0.400203
0.400084
0.399965
0.399846
0.399727
0.399608
0.39949
0.399372
0.399253
0.399135
0.399017
0.3989
0.398782
0.398664
0.398547
0.39843
0.398313
0.398196
0.398079
0.397962
0.397846
0.397729
0.397613
0.397497
0.397381
0.397265
0.397149
0.397034
0.396918
0.396803
0.396687
0.396572
0.396457
0.396343
0.396228
0.396113
0.395999
0.395884
0.39577
0.395656
0.395542
0.395428
0.395315
0.395201
0.395088
0.394974
0.394861
0.394748
0.394635
0.394522
0.39441
0.394297
0.394184
0.394072
0.39396
0.393848
0.393736
0.393624
0.393512
0.393401
0.393289
0.393178
0.393066
0.392955
0.392844
0.392733
0.392622
0.392512
0.392401
0.392291
0.39218
0.39207
0.39196
0.39185
0.39174
0.39163
0.391521
0.391411
0.391302
0.391192
0.391083
0.390974
0.390865
0.390756
0.390647
0.390538
0.39043
0.390321
0.390213
0.390105
0.389997
0.389889
0.389781
0.389673
0.389565
0.389458
0.38935
0.389243
0.389135
0.389028
0.388921
0.388814
0.388707
0.3886
0.388494
0.388387
0.388281
0.388174
0.388068
0.387962
0.387856
0.38775
0.387644
0.387538
0.387433
0.387327
0.387222
0.387116
0.387011
0.386906
0.386801
0.386696
0.386591
0.386486
0.386381
0.386277
0.386172
0.386068
0.385964
0.385859
0.385755
0.385651
0.385547
0.385444
0.38534
0.385236
0.385133
0.385029
0.384926
0.384822
0.384719
0.384616
0.384513
0.38441
0.384307
0.384205
0.384102
0.384
0.383897
0.383795
0.383692
0.38359
0.383488
0.383386
0.383284
0.383182
0.38308
0.382979
0.382877
0.382776
0.382674
0.382573
0.382472
0.38237
0.382269
0.382168
0.382067
0.381967
0.381866
0.381765
0.381665
0.381564
0.381464
0.381363
0.381263
0.381163
0.381063
0.380963
0.380863
0.380763
0.380663
0.380564
0.380464
0.380364
0.380265
0.380166
0.380066
0.379967
0.379868
0.379769
0.37967
0.379571
0.379472
0.379373
0.379275
0.379176
0.379077
0.378979
0.378881
0.378782
0.378684
0.378586
0.378488
0.37839
0.378292
0.378194
0.378096
0.377998
0.377901
0.377803
0.377705
0.377608
0.377511
0.377413
0.377316
0.377219
0.377122
0.377025
0.376928
0.376831
0.376734
0.376637
0.37654
0.376444
0.376347
0.376251
0.376154
0.376058
0.375962
0.375865
0.375769
0.375673
0.375577
0.375481
0.375385
0.375289
0.375193
0.375098
0.375002
0.374906
0.374811
0.374715
0.37462
0.374524
0.374429
0.374334
0.374239
0.374143
0.374048
0.373953
0.373858
0.373763
0.373669
0.373574
0.373479
0.373384
0.37329
0.373195
0.3731
0.373006
0.372912
0.372817
0.372723
0.372629
0.372534
0.37244
0.372346
0.372252
0.372158
0.372064
0.37197
0.371876
0.371782
0.371689
0.371595
0.371501
0.371407
0.371314
0.37122
0.371127
0.371033
0.37094
0.370846
0.370753
0.37066
0.370566
0.370473
0.37038
0.370287
0.370194
0.370101
0.370007
0.369914
0.369821
0.369728
0.369635
0.369543
0.36945
0.369357
0.369264
0.369171
0.369078
0.368986
0.368893
0.3688
0.368708
0.368615
0.368522
0.36843
0.368337
0.368245
0.368152
0.368059
0.367967
0.367874
0.367782
0.367689
0.367597
0.367504
0.367412
0.367319
0.367227
0.367134
0.367042
0.366949
0.366857
0.366764
0.366672
0.366579
0.366487
0.366394
0.366301
0.366209
0.366116
0.366023
0.365931
0.365838
0.365745
0.365652
0.36556
0.365467
0.365374
0.365281
0.365188
0.365094
0.365001
0.364908
0.364815
0.364721
0.364628
0.364534
0.36444
0.364347
0.364253
0.364159
0.364065
0.36397
0.363876
0.363781
0.363687
0.363592
0.363497
0.363402
0.363306
0.363211
0.363115
0.363019
0.362923
0.362826
0.36273
0.362633
0.362536
0.362438
0.36234
0.362242
0.362143
0.362044
0.361945
0.361845
0.361745
0.361645
0.361543
0.361442
0.36134
0.361237
0.361133
0.361029
0.360924
0.360819
0.360712
0.360605
0.360497
0.360388
0.360278
0.360166
0.360054
0.35994
0.359825
0.359708
0.35959
0.35947
0.359348
0.359224
0.359098
0.358969
0.358838
0.358704
0.358567
0.358427
0.358283
0.358135
0.357983
0.357825
0.357663
0.357494
0.357318
0.357135
0.356944
0.356742
0.356531
0.356306
0.356068
0.355813
0.355539
0.355243
0.354922
0.354569
0.354179
0.353745
0.353254
0.352695
0.352049
0.351288
0.350378
0.349262
0.347856
0.34602
0.343511
0.33986
0.334039
0.323289
0.297073
0.234975
0.226714
0.22265
0.221837
0.222372
0.223111
0.223728
0.224228
0.224633
0.224908
0.224999
0.224882
0.224595
0.224233
0.223908
0.223698
0.223625
0.223668
0.223785
0.223935
0.224083
0.224201
0.224276
0.2243
0.224279
0.224225
0.224154
0.224086
0.224033
0.224004
0.224
0.224015
0.224043
0.224076
0.224105
0.224126
0.224136
0.224135
0.224126
0.224112
0.224097
0.224085
0.224076
0.224073
0.224074
0.224079
0.224086
0.224092
0.224097
0.2241
0.224101
0.224099
0.224096
0.224093
0.224089
0.224086
0.224085
0.224084
0.224084
0.224085
0.224085
0.224086
0.224086
0.224086
0.224086
0.224085
0.224084
0.224084
0.224083
)
;

boundaryField
{
    inlet
    {
        type            fixedValue;
        value           uniform 0.5;
    }
    outlet
    {
        type            zeroGradient;
    }
    emptyWalls
    {
        type            empty;
    }
}


// ************************************************************************* //
