/*--------------------------------*- C++ -*----------------------------------*\
  =========                 |
  \\      /  F ield         | OpenFOAM: The Open Source CFD Toolbox
   \\    /   O peration     | Website:  https://openfoam.org
    \\  /    A nd           | Version:  9
     \\/     M anipulation  |
\*---------------------------------------------------------------------------*/
FoamFile
{
    format      ascii;
    class       volScalarField;
    location    "11.7";
    object      Sc;
}
// * * * * * * * * * * * * * * * * * * * * * * * * * * * * * * * * * * * * * //

dimensions      [0 0 0 0 0 0 0];

internalField   nonuniform List<scalar> 
1000
(
0.00134304
0.00216601
0.00292716
0.00365812
0.0043699
0.00506772
0.00575453
0.00643217
0.00710188
0.00776454
0.0084208
0.00907116
0.00971601
0.0103557
0.0109904
0.0116205
0.012246
0.0128672
0.0134842
0.0140971
0.0147061
0.0153112
0.0159125
0.0165102
0.0171043
0.0176949
0.018282
0.0188657
0.0194461
0.0200233
0.0205972
0.021168
0.0217357
0.0223003
0.0228619
0.0234205
0.0239762
0.024529
0.0250789
0.0256261
0.0261704
0.0267121
0.027251
0.0277872
0.0283208
0.0288518
0.0293802
0.0299061
0.0304294
0.0309502
0.0314686
0.0319846
0.0324981
0.0330092
0.033518
0.0340245
0.0345287
0.0350305
0.0355301
0.0360275
0.0365226
0.0370156
0.0375064
0.037995
0.0384815
0.0389659
0.0394482
0.0399285
0.0404067
0.0408828
0.041357
0.0418291
0.0422993
0.0427676
0.0432339
0.0436982
0.0441607
0.0446213
0.04508
0.0455369
0.0459919
0.0464452
0.0468966
0.0473462
0.047794
0.0482401
0.0486845
0.0491271
0.049568
0.0500072
0.0504448
0.0508806
0.0513148
0.0517474
0.0521783
0.0526076
0.0530353
0.0534614
0.053886
0.0543089
0.0547304
0.0551502
0.0555686
0.0559854
0.0564007
0.0568146
0.0572269
0.0576378
0.0580472
0.0584552
0.0588617
0.0592669
0.0596706
0.0600728
0.0604737
0.0608733
0.0612714
0.0616682
0.0620636
0.0624577
0.0628504
0.0632419
0.063632
0.0640208
0.0644083
0.0647945
0.0651794
0.0655631
0.0659455
0.0663267
0.0667066
0.0670853
0.0674628
0.067839
0.0682141
0.0685879
0.0689606
0.069332
0.0697023
0.0700715
0.0704394
0.0708062
0.0711719
0.0715365
0.0718999
0.0722622
0.0726233
0.0729834
0.0733424
0.0737003
0.074057
0.0744128
0.0747674
0.075121
0.0754735
0.075825
0.0761754
0.0765248
0.0768732
0.0772205
0.0775669
0.0779122
0.0782565
0.0785998
0.0789421
0.0792834
0.0796238
0.0799632
0.0803016
0.0806391
0.0809755
0.0813111
0.0816457
0.0819794
0.0823121
0.0826439
0.0829748
0.0833047
0.0836338
0.0839619
0.0842892
0.0846155
0.084941
0.0852656
0.0855893
0.0859121
0.0862341
0.0865552
0.0868754
0.0871948
0.0875133
0.087831
0.0881479
0.0884639
0.0887791
0.0890934
0.089407
0.0897197
0.0900316
0.0903427
0.090653
0.0909625
0.0912713
0.0915792
0.0918863
0.0921927
0.0924983
0.0928031
0.0931071
0.0934104
0.0937129
0.0940147
0.0943157
0.094616
0.0949155
0.0952143
0.0955124
0.0958097
0.0961063
0.0964022
0.0966974
0.0969918
0.0972855
0.0975785
0.0978709
0.0981625
0.0984534
0.0987436
0.0990332
0.099322
0.0996102
0.0998977
0.100184
0.100471
0.100756
0.101041
0.101325
0.101609
0.101891
0.102174
0.102455
0.102736
0.103016
0.103296
0.103575
0.103853
0.104131
0.104408
0.104684
0.10496
0.105235
0.10551
0.105784
0.106057
0.10633
0.106602
0.106874
0.107145
0.107415
0.107685
0.107954
0.108223
0.108491
0.108758
0.109025
0.109292
0.109557
0.109823
0.110087
0.110351
0.110615
0.110878
0.11114
0.111402
0.111663
0.111924
0.112184
0.112444
0.112703
0.112961
0.113219
0.113477
0.113734
0.11399
0.114246
0.114501
0.114756
0.115011
0.115264
0.115518
0.115771
0.116023
0.116275
0.116526
0.116777
0.117027
0.117277
0.117526
0.117775
0.118023
0.118271
0.118518
0.118765
0.119011
0.119257
0.119503
0.119748
0.119992
0.120236
0.12048
0.120723
0.120965
0.121207
0.121449
0.12169
0.121931
0.122171
0.122411
0.12265
0.122889
0.123128
0.123366
0.123603
0.12384
0.124077
0.124313
0.124549
0.124784
0.125019
0.125254
0.125488
0.125722
0.125955
0.126188
0.12642
0.126652
0.126884
0.127115
0.127345
0.127576
0.127805
0.128035
0.128264
0.128493
0.128721
0.128949
0.129176
0.129403
0.12963
0.129856
0.130082
0.130307
0.130532
0.130757
0.130981
0.131205
0.131429
0.131652
0.131874
0.132097
0.132319
0.13254
0.132761
0.132982
0.133203
0.133423
0.133642
0.133862
0.134081
0.134299
0.134518
0.134735
0.134953
0.13517
0.135387
0.135603
0.135819
0.136035
0.13625
0.136465
0.13668
0.136894
0.137108
0.137322
0.137535
0.137748
0.13796
0.138173
0.138384
0.138596
0.138807
0.139018
0.139228
0.139439
0.139648
0.139858
0.140067
0.140276
0.140484
0.140693
0.1409
0.141108
0.141315
0.141522
0.141729
0.141935
0.142141
0.142346
0.142551
0.142756
0.142961
0.143165
0.143369
0.143573
0.143776
0.14398
0.144182
0.144385
0.144587
0.144789
0.14499
0.145192
0.145392
0.145593
0.145793
0.145993
0.146193
0.146393
0.146592
0.146791
0.146989
0.147187
0.147385
0.147583
0.147781
0.147978
0.148174
0.148371
0.148567
0.148763
0.148959
0.149154
0.149349
0.149544
0.149739
0.149933
0.150127
0.150321
0.150514
0.150707
0.1509
0.151093
0.151285
0.151477
0.151669
0.15186
0.152052
0.152243
0.152433
0.152624
0.152814
0.153004
0.153194
0.153383
0.153572
0.153761
0.15395
0.154138
0.154326
0.154514
0.154702
0.154889
0.155076
0.155263
0.15545
0.155636
0.155822
0.156008
0.156193
0.156379
0.156564
0.156749
0.156933
0.157118
0.157302
0.157485
0.157669
0.157852
0.158036
0.158218
0.158401
0.158583
0.158766
0.158948
0.159129
0.159311
0.159492
0.159673
0.159854
0.160034
0.160215
0.160395
0.160574
0.160754
0.160933
0.161112
0.161291
0.16147
0.161649
0.161827
0.162005
0.162183
0.16236
0.162537
0.162715
0.162891
0.163068
0.163245
0.163421
0.163597
0.163773
0.163948
0.164124
0.164299
0.164474
0.164648
0.164823
0.164997
0.165171
0.165345
0.165519
0.165692
0.165866
0.166039
0.166211
0.166384
0.166556
0.166729
0.166901
0.167072
0.167244
0.167415
0.167587
0.167757
0.167928
0.168099
0.168269
0.168439
0.168609
0.168779
0.168949
0.169118
0.169287
0.169456
0.169625
0.169794
0.169962
0.17013
0.170298
0.170466
0.170634
0.170801
0.170968
0.171135
0.171302
0.171469
0.171635
0.171802
0.171968
0.172134
0.1723
0.172465
0.17263
0.172796
0.172961
0.173125
0.17329
0.173455
0.173619
0.173783
0.173947
0.174111
0.174274
0.174437
0.174601
0.174764
0.174926
0.175089
0.175252
0.175414
0.175576
0.175738
0.1759
0.176061
0.176223
0.176384
0.176545
0.176706
0.176867
0.177027
0.177188
0.177348
0.177508
0.177668
0.177828
0.177987
0.178147
0.178306
0.178465
0.178624
0.178783
0.178941
0.1791
0.179258
0.179416
0.179574
0.179732
0.179889
0.180047
0.180204
0.180361
0.180518
0.180675
0.180832
0.180988
0.181144
0.181301
0.181457
0.181612
0.181768
0.181924
0.182079
0.182234
0.182389
0.182544
0.182699
0.182854
0.183008
0.183163
0.183317
0.183471
0.183625
0.183778
0.183932
0.184085
0.184239
0.184392
0.184545
0.184698
0.18485
0.185003
0.185155
0.185308
0.18546
0.185612
0.185763
0.185915
0.186067
0.186218
0.186369
0.186521
0.186671
0.186822
0.186973
0.187124
0.187274
0.187424
0.187574
0.187724
0.187874
0.188024
0.188174
0.188323
0.188473
0.188622
0.188771
0.18892
0.189069
0.189217
0.189366
0.189514
0.189662
0.189811
0.189959
0.190107
0.190254
0.190402
0.190549
0.190697
0.190844
0.190991
0.191138
0.191285
0.191432
0.191578
0.191725
0.191871
0.192018
0.192164
0.19231
0.192456
0.192601
0.192747
0.192892
0.193038
0.193183
0.193328
0.193473
0.193618
0.193763
0.193908
0.194052
0.194197
0.194341
0.194485
0.194629
0.194773
0.194917
0.195061
0.195205
0.195348
0.195492
0.195635
0.195778
0.195921
0.196064
0.196207
0.19635
0.196493
0.196635
0.196778
0.19692
0.197062
0.197205
0.197347
0.197489
0.19763
0.197772
0.197914
0.198055
0.198197
0.198338
0.198479
0.19862
0.198761
0.198902
0.199043
0.199184
0.199325
0.199465
0.199606
0.199746
0.199886
0.200026
0.200166
0.200306
0.200446
0.200586
0.200726
0.200866
0.201005
0.201145
0.201284
0.201423
0.201563
0.201702
0.201841
0.20198
0.202119
0.202257
0.202396
0.202535
0.202673
0.202812
0.20295
0.203089
0.203227
0.203365
0.203503
0.203641
0.203779
0.203917
0.204055
0.204193
0.204331
0.204469
0.204606
0.204744
0.204881
0.205019
0.205156
0.205293
0.205431
0.205568
0.205705
0.205842
0.205979
0.206117
0.206254
0.206391
0.206528
0.206664
0.206801
0.206938
0.207075
0.207212
0.207348
0.207485
0.207622
0.207759
0.207895
0.208032
0.208169
0.208305
0.208442
0.208578
0.208715
0.208852
0.208988
0.209125
0.209262
0.209398
0.209535
0.209672
0.209809
0.209945
0.210082
0.210219
0.210356
0.210493
0.21063
0.210767
0.210904
0.211041
0.211179
0.211316
0.211454
0.211591
0.211729
0.211867
0.212005
0.212143
0.212281
0.212419
0.212558
0.212696
0.212835
0.212974
0.213113
0.213253
0.213392
0.213532
0.213673
0.213813
0.213954
0.214095
0.214236
0.214378
0.21452
0.214662
0.214805
0.214948
0.215092
0.215236
0.21538
0.215526
0.215671
0.215818
0.215964
0.216112
0.21626
0.216409
0.216559
0.21671
0.216862
0.217014
0.217168
0.217322
0.217478
0.217635
0.217794
0.217953
0.218115
0.218278
0.218442
0.218609
0.218777
0.218948
0.219121
0.219296
0.219474
0.219656
0.21984
0.220027
0.220219
0.220414
0.220614
0.220819
0.221029
0.221245
0.221467
0.221697
0.221934
0.22218
0.222436
0.222703
0.222982
0.223275
0.223583
0.22391
0.224257
0.224627
0.225025
0.225455
0.225922
0.226434
0.226999
0.22763
0.22834
0.229149
0.230084
0.231182
0.232496
0.234103
0.236124
0.238754
0.242336
0.247518
0.255703
0.270538
0.305127
0.44886
0.457491
0.46202
0.463585
0.464073
0.464557
0.465261
0.466047
0.466732
0.467181
0.467314
0.467115
0.466654
0.466083
0.465575
0.465247
0.465135
0.465204
0.46539
0.465626
0.465859
0.466047
0.466166
0.466208
0.466178
0.466096
0.465989
0.465884
0.465803
0.465759
0.465752
0.465777
0.46582
0.465871
0.465916
0.465948
0.465964
0.465963
0.465949
0.465927
0.465904
0.465885
0.465872
0.465867
0.465869
0.465877
0.465887
0.465897
0.465905
0.46591
0.465911
0.465908
0.465904
0.465898
0.465893
0.465889
0.465887
0.465886
0.465886
0.465888
0.465889
0.465891
0.465892
0.465893
0.465892
0.465892
0.465892
0.465891
0.465891
)
;

boundaryField
{
    inlet
    {
        type            calculated;
        value           uniform 0;
    }
    outlet
    {
        type            calculated;
        value           uniform 0.465891;
    }
    emptyWalls
    {
        type            empty;
    }
}


// ************************************************************************* //
