/*--------------------------------*- C++ -*----------------------------------*\
  =========                 |
  \\      /  F ield         | OpenFOAM: The Open Source CFD Toolbox
   \\    /   O peration     | Website:  https://openfoam.org
    \\  /    A nd           | Version:  9
     \\/     M anipulation  |
\*---------------------------------------------------------------------------*/
FoamFile
{
    format      ascii;
    class       volScalarField;
    location    "37000";
    object      krc;
}
// * * * * * * * * * * * * * * * * * * * * * * * * * * * * * * * * * * * * * //

dimensions      [0 0 0 0 0 0 0];

internalField   nonuniform List<scalar> 
1000
(
1.30731e-07
6.64964e-07
1.53372e-06
2.75206e-06
4.32173e-06
6.24128e-06
8.50857e-06
1.11214e-05
1.40777e-05
1.73753e-05
2.10121e-05
2.49861e-05
2.92953e-05
3.39377e-05
3.89115e-05
4.42148e-05
4.98457e-05
5.58023e-05
6.2083e-05
6.8686e-05
7.56095e-05
8.28519e-05
9.04117e-05
9.8287e-05
0.000106477
0.000114979
0.000123792
0.000132915
0.000142346
0.000152084
0.000162127
0.000172475
0.000183125
0.000194078
0.000205331
0.000216883
0.000228733
0.000240881
0.000253325
0.000266064
0.000279097
0.000292423
0.000306043
0.000319953
0.000334155
0.000348647
0.000363428
0.000378498
0.000393857
0.000409503
0.000425437
0.000441659
0.000458167
0.000474961
0.000492043
0.00050941
0.000527065
0.000545006
0.000563235
0.000581751
0.000600555
0.000619648
0.000639032
0.000658707
0.000678675
0.000698937
0.000719497
0.000740356
0.000761517
0.000782986
0.000804765
0.00082686
0.000849279
0.000872028
0.000895119
0.000918562
0.000942374
0.000966572
0.000991183
0.00101624
0.00104178
0.00106786
0.00109458
0.00112204
0.00115043
0.00118006
0.00121143
0.00124554
0.00128437
0.00133251
0.00140196
0.00153267
0.00193415
0.00577376
0.0752159
0.106517
0.10651
0.106526
0.106527
0.106526
0.106526
0.106526
0.106526
0.106526
0.106526
0.106526
0.106526
0.106525
0.106525
0.106525
0.106525
0.106525
0.106525
0.106525
0.106525
0.106524
0.106524
0.106524
0.106524
0.106524
0.106524
0.106524
0.106524
0.106523
0.106523
0.106523
0.106523
0.106523
0.106523
0.106522
0.106522
0.106522
0.106522
0.106522
0.106522
0.106521
0.106521
0.106521
0.106521
0.106521
0.10652
0.10652
0.10652
0.10652
0.10652
0.106519
0.106519
0.106519
0.106519
0.106518
0.106518
0.106518
0.106518
0.106517
0.106517
0.106517
0.106517
0.106516
0.106516
0.106516
0.106516
0.106515
0.106515
0.106515
0.106514
0.106514
0.106513
0.106513
0.106513
0.106512
0.106512
0.106512
0.106511
0.10651
0.106503
0.106444
0.105906
0.101519
0.0810365
0.0562476
0.0508059
0.0506256
0.050625
0.050625
0.050625
0.050625
0.050625
0.050625
0.050625
0.050625
0.050625
0.050625
0.050625
0.050625
0.050625
0.050625
0.050625
0.050625
0.050625
0.050625
0.050625
0.050625
0.050625
0.050625
0.050625
0.050625
0.050625
0.050625
0.050625
0.050625
0.050625
0.050625
0.050625
0.050625
0.050625
0.050625
0.050625
0.050625
0.050625
0.050625
0.050625
0.050625
0.050625
0.050625
0.050625
0.050625
0.050625
0.050625
0.050625
0.050625
0.050625
0.050625
0.050625
0.050625
0.050625
0.050625
0.050625
0.050625
0.050625
0.050625
0.050625
0.050625
0.050625
0.050625
0.050625
0.050625
0.050625
0.050625
0.050625
0.050625
0.050625
0.050625
0.050625
0.050625
0.050625
0.050625
0.050625
0.050625
0.050625
0.050625
0.050625
0.050625
0.050625
0.050625
0.050625
0.050625
0.050625
0.050625
0.050625
0.050625
0.050625
0.050625
0.050625
0.050625
0.050625
0.050625
0.050625
0.050625
0.050625
0.050625
0.050625
0.050625
0.050625
0.050625
0.050625
0.050625
0.050625
0.050625
0.050625
0.050625
0.050625
0.050625
0.050625
0.050625
0.050625
0.050625
0.050625
0.050625
0.050625
0.050625
0.050625
0.050625
0.050625
0.050625
0.050625
0.050625
0.050625
0.050625
0.050625
0.050625
0.050625
0.050625
0.050625
0.050625
0.050625
0.050625
0.050625
0.050625
0.050625
0.050625
0.050625
0.050625
0.050625
0.050625
0.050625
0.050625
0.050625
0.050625
0.050625
0.050625
0.050625
0.050625
0.050625
0.050625
0.050625
0.050625
0.050625
0.050625
0.050625
0.050625
0.050625
0.050625
0.050625
0.050625
0.050625
0.050625
0.050625
0.050625
0.050625
0.050625
0.050625
0.050625
0.050625
0.050625
0.050625
0.050625
0.050625
0.050625
0.050625
0.050625
0.050625
0.050625
0.050625
0.050625
0.050625
0.050625
0.050625
0.050625
0.050625
0.050625
0.050625
0.050625
0.050625
0.050625
0.050625
0.050625
0.050625
0.050625
0.050625
0.050625
0.050625
0.050625
0.050625
0.050625
0.050625
0.050625
0.050625
0.050625
0.050625
0.050625
0.050625
0.050625
0.050625
0.050625
0.050625
0.050625
0.050625
0.050625
0.050625
0.050625
0.050625
0.050625
0.050625
0.050625
0.050625
0.050625
0.050625
0.050625
0.050625
0.050625
0.050625
0.050625
0.050625
0.050625
0.050625
0.050625
0.050625
0.050625
0.050625
0.050625
0.050625
0.050625
0.050625
0.050625
0.050625
0.050625
0.050625
0.050625
0.050625
0.050625
0.050625
0.050625
0.050625
0.050625
0.050625
0.050625
0.050625
0.050625
0.050625
0.050625
0.050625
0.050625
0.050625
0.050625
0.050625
0.050625
0.050625
0.050625
0.050625
0.050625
0.050625
0.050625
0.050625
0.050625
0.050625
0.050625
0.050625
0.050625
0.050625
0.050625
0.050625
0.050625
0.050625
0.050625
0.050625
0.050625
0.050625
0.050625
0.050625
0.050625
0.050625
0.050625
0.050625
0.050625
0.050625
0.050625
0.050625
0.050625
0.050625
0.050625
0.050625
0.050625
0.050625
0.050625
0.050625
0.050625
0.050625
0.050625
0.050625
0.050625
0.050625
0.050625
0.050625
0.050625
0.050625
0.050625
0.050625
0.050625
0.050625
0.050625
0.050625
0.050625
0.050625
0.050625
0.050625
0.050625
0.050625
0.050625
0.050625
0.050625
0.050625
0.050625
0.050625
0.050625
0.050625
0.050625
0.050625
0.050625
0.050625
0.050625
0.050625
0.050625
0.050625
0.050625
0.050625
0.050625
0.050625
0.050625
0.050625
0.050625
0.050625
0.050625
0.050625
0.050625
0.050625
0.050625
0.050625
0.050625
0.050625
0.050625
0.050625
0.050625
0.050625
0.050625
0.050625
0.050625
0.050625
0.050625
0.050625
0.050625
0.050625
0.050625
0.050625
0.050625
0.050625
0.050625
0.050625
0.050625
0.050625
0.050625
0.050625
0.050625
0.050625
0.050625
0.050625
0.050625
0.050625
0.050625
0.050625
0.050625
0.050625
0.050625
0.050625
0.050625
0.050625
0.050625
0.050625
0.050625
0.050625
0.050625
0.050625
0.050625
0.050625
0.050625
0.050625
0.050625
0.050625
0.050625
0.050625
0.050625
0.050625
0.050625
0.050625
0.050625
0.050625
0.050625
0.050625
0.050625
0.050625
0.050625
0.050625
0.050625
0.050625
0.050625
0.050625
0.050625
0.050625
0.050625
0.050625
0.050625
0.050625
0.050625
0.050625
0.050625
0.050625
0.050625
0.050625
0.050625
0.050625
0.050625
0.050625
0.050625
0.050625
0.050625
0.050625
0.050625
0.050625
0.050625
0.050625
0.050625
0.050625
0.050625
0.050625
0.050625
0.050625
0.050625
0.050625
0.050625
0.050625
0.050625
0.050625
0.050625
0.050625
0.050625
0.050625
0.050625
0.050625
0.050625
0.050625
0.050625
0.050625
0.050625
0.050625
0.050625
0.050625
0.050625
0.050625
0.050625
0.050625
0.050625
0.050625
0.050625
0.050625
0.050625
0.050625
0.050625
0.050625
0.050625
0.050625
0.050625
0.050625
0.050625
0.050625
0.050625
0.050625
0.050625
0.050625
0.050625
0.050625
0.050625
0.050625
0.050625
0.050625
0.050625
0.050625
0.050625
0.050625
0.050625
0.050625
0.050625
0.050625
0.050625
0.050625
0.050625
0.050625
0.050625
0.050625
0.050625
0.050625
0.050625
0.050625
0.050625
0.050625
0.050625
0.050625
0.050625
0.050625
0.050625
0.050625
0.050625
0.050625
0.050625
0.050625
0.050625
0.050625
0.050625
0.050625
0.050625
0.050625
0.050625
0.050625
0.050625
0.050625
0.050625
0.050625
0.050625
0.050625
0.050625
0.050625
0.050625
0.050625
0.050625
0.050625
0.050625
0.050625
0.050625
0.050625
0.050625
0.050625
0.050625
0.050625
0.050625
0.050625
0.050625
0.050625
0.050625
0.050625
0.050625
0.050625
0.050625
0.050625
0.050625
0.050625
0.050625
0.050625
0.050625
0.050625
0.050625
0.050625
0.050625
0.050625
0.050625
0.050625
0.050625
0.050625
0.050625
0.050625
0.050625
0.050625
0.050625
0.050625
0.050625
0.050625
0.050625
0.050625
0.050625
0.050625
0.050625
0.050625
0.050625
0.050625
0.050625
0.050625
0.050625
0.050625
0.050625
0.050625
0.050625
0.050625
0.050625
0.050625
0.050625
0.050625
0.050625
0.050625
0.050625
0.050625
0.050625
0.050625
0.050625
0.050625
0.050625
0.050625
0.050625
0.050625
0.050625
0.050625
0.050625
0.050625
0.050625
0.050625
0.050625
0.050625
0.050625
0.050625
0.050625
0.050625
0.050625
0.050625
0.050625
0.050625
0.050625
0.050625
0.050625
0.050625
0.050625
0.050625
0.050625
0.050625
0.050625
0.050625
0.050625
0.050625
0.050625
0.050625
0.050625
0.050625
0.050625
0.050625
0.050625
0.050625
0.050625
0.050625
0.050625
0.050625
0.050625
0.050625
0.050625
0.050625
0.050625
0.050625
0.050625
0.050625
0.050625
0.050625
0.050625
0.050625
0.050625
0.050625
0.050625
0.050625
0.050625
0.050625
0.050625
0.050625
0.050625
0.050625
0.050625
0.050625
0.050625
0.050625
0.050625
0.050625
0.050625
0.050625
0.050625
0.050625
0.050625
0.050625
0.050625
0.050625
0.050625
0.050625
0.050625
0.050625
0.050625
0.050625
0.050625
0.050625
0.050625
0.050625
0.050625
0.050625
0.050625
0.050625
0.050625
0.050625
0.050625
0.050625
0.050625
0.050625
0.050625
0.050625
0.050625
0.050625
0.050625
0.050625
0.050625
0.050625
0.050625
0.050625
0.050625
0.050625
0.050625
0.050625
0.050625
0.050625
0.050625
0.050625
0.050625
0.050625
0.050625
0.050625
0.050625
0.050625
0.050625
0.050625
0.050625
0.050625
0.050625
0.050625
0.050625
0.050625
0.050625
0.050625
0.050625
0.050625
0.050625
0.050625
0.050625
0.050625
0.050625
0.050625
0.050625
0.050625
0.050625
0.050625
0.050625
0.050625
0.050625
0.050625
0.050625
0.050625
0.050625
0.050625
0.050625
0.050625
0.050625
0.050625
0.050625
0.050625
0.050625
0.050625
0.050625
0.050625
0.050625
0.050625
0.050625
0.050625
0.050625
0.050625
0.050625
0.050625
0.050625
0.050625
0.050625
0.050625
0.050625
0.050625
0.050625
0.050625
0.050625
0.050625
0.050625
0.050625
0.050625
0.050625
0.050625
0.050625
0.050625
0.050625
0.050625
0.050625
0.050625
0.050625
0.050625
0.050625
0.050625
0.050625
0.050625
)
;

boundaryField
{
    inlet
    {
        type            calculated;
        value           uniform 0;
    }
    outlet
    {
        type            calculated;
        value           uniform 0.050625;
    }
    emptyWalls
    {
        type            empty;
    }
}


// ************************************************************************* //
