/*--------------------------------*- C++ -*----------------------------------*\
  =========                 |
  \\      /  F ield         | OpenFOAM: The Open Source CFD Toolbox
   \\    /   O peration     | Website:  https://openfoam.org
    \\  /    A nd           | Version:  9
     \\/     M anipulation  |
\*---------------------------------------------------------------------------*/
FoamFile
{
    format      ascii;
    class       volScalarField;
    location    "7.6";
    object      krc;
}
// * * * * * * * * * * * * * * * * * * * * * * * * * * * * * * * * * * * * * //

dimensions      [0 0 0 0 0 0 0];

internalField   nonuniform List<scalar> 
1000
(
9.90602e-06
2.56804e-05
4.67516e-05
7.27916e-05
0.000103561
0.000138865
0.000178536
0.000222422
0.000270386
0.000322302
0.000378049
0.000437516
0.000500596
0.000567187
0.000637193
0.00071052
0.000787081
0.000866788
0.000949561
0.00103532
0.00112399
0.00121549
0.00130976
0.00140672
0.00150631
0.00160846
0.00171312
0.00182021
0.00192969
0.00204149
0.00215556
0.00227184
0.00239029
0.00251085
0.00263348
0.00275812
0.00288473
0.00301326
0.00314368
0.00327593
0.00340998
0.00354578
0.00368329
0.00382249
0.00396332
0.00410576
0.00424977
0.00439531
0.00454235
0.00469086
0.0048408
0.00499215
0.00514487
0.00529893
0.00545431
0.00561097
0.0057689
0.00592805
0.00608841
0.00624995
0.00641265
0.00657648
0.00674142
0.00690743
0.00707451
0.00724263
0.00741177
0.0075819
0.007753
0.00792506
0.00809806
0.00827197
0.00844678
0.00862246
0.00879901
0.00897639
0.00915461
0.00933363
0.00951344
0.00969402
0.00987537
0.0100575
0.0102403
0.0104238
0.010608
0.010793
0.0109785
0.0111648
0.0113517
0.0115392
0.0117273
0.0119161
0.0121054
0.0122953
0.0124858
0.0126768
0.0128684
0.0130605
0.0132532
0.0134463
0.01364
0.0138342
0.0140288
0.0142239
0.0144195
0.0146155
0.014812
0.0150089
0.0152062
0.015404
0.0156021
0.0158007
0.0159996
0.016199
0.0163987
0.0165988
0.0167992
0.017
0.0172011
0.0174026
0.0176044
0.0178065
0.018009
0.0182118
0.0184148
0.0186182
0.0188219
0.0190258
0.01923
0.0194345
0.0196393
0.0198443
0.0200496
0.0202551
0.0204609
0.0206669
0.0208732
0.0210796
0.0212863
0.0214933
0.0217004
0.0219078
0.0221153
0.0223231
0.022531
0.0227391
0.0229475
0.023156
0.0233647
0.0235735
0.0237825
0.0239917
0.0242011
0.0244106
0.0246203
0.0248301
0.02504
0.0252502
0.0254604
0.0256708
0.0258813
0.0260919
0.0263027
0.0265136
0.0267246
0.0269357
0.027147
0.0273583
0.0275698
0.0277813
0.027993
0.0282048
0.0284166
0.0286286
0.0288406
0.0290527
0.0292649
0.0294772
0.0296896
0.029902
0.0301146
0.0303272
0.0305398
0.0307526
0.0309653
0.0311782
0.0313911
0.0316041
0.0318171
0.0320302
0.0322434
0.0324566
0.0326698
0.0328831
0.0330964
0.0333098
0.0335232
0.0337367
0.0339502
0.0341637
0.0343773
0.0345908
0.0348045
0.0350181
0.0352318
0.0354455
0.0356592
0.035873
0.0360867
0.0363005
0.0365143
0.0367282
0.036942
0.0371559
0.0373697
0.0375836
0.0377975
0.0380114
0.0382253
0.0384392
0.0386531
0.038867
0.0390809
0.0392948
0.0395087
0.0397227
0.0399366
0.0401505
0.0403644
0.0405783
0.0407922
0.041006
0.0412199
0.0414338
0.0416476
0.0418615
0.0420753
0.0422891
0.0425029
0.0427167
0.0429305
0.0431442
0.043358
0.0435717
0.0437854
0.043999
0.0442127
0.0444263
0.0446399
0.0448535
0.0450671
0.0452806
0.0454941
0.0457076
0.0459211
0.0461345
0.0463479
0.0465613
0.0467746
0.0469879
0.0472012
0.0474145
0.0476277
0.0478409
0.048054
0.0482672
0.0484802
0.0486933
0.0489063
0.0491193
0.0493322
0.0495452
0.049758
0.0499709
0.0501837
0.0503964
0.0506092
0.0508218
0.0510345
0.0512471
0.0514596
0.0516722
0.0518847
0.0520971
0.0523095
0.0525219
0.0527342
0.0529464
0.0531587
0.0533709
0.053583
0.0537951
0.0540071
0.0542192
0.0544311
0.054643
0.0548549
0.0550667
0.0552785
0.0554903
0.0557019
0.0559136
0.0561252
0.0563367
0.0565482
0.0567597
0.0569711
0.0571825
0.0573938
0.057605
0.0578162
0.0580274
0.0582385
0.0584496
0.0586606
0.0588716
0.0590825
0.0592934
0.0595042
0.059715
0.0599257
0.0601364
0.060347
0.0605576
0.0607681
0.0609786
0.061189
0.0613994
0.0616097
0.06182
0.0620302
0.0622404
0.0624505
0.0626606
0.0628706
0.0630806
0.0632905
0.0635004
0.0637102
0.06392
0.0641297
0.0643393
0.064549
0.0647585
0.064968
0.0651775
0.0653869
0.0655963
0.0658056
0.0660149
0.0662241
0.0664332
0.0666423
0.0668514
0.0670604
0.0672694
0.0674783
0.0676872
0.067896
0.0681047
0.0683134
0.0685221
0.0687307
0.0689393
0.0691478
0.0693563
0.0695647
0.0697731
0.0699814
0.0701896
0.0703979
0.070606
0.0708142
0.0710222
0.0712303
0.0714383
0.0716462
0.0718541
0.0720619
0.0722697
0.0724775
0.0726851
0.0728928
0.0731004
0.073308
0.0735155
0.0737229
0.0739304
0.0741377
0.0743451
0.0745524
0.0747596
0.0749668
0.075174
0.0753811
0.0755881
0.0757952
0.0760021
0.0762091
0.076416
0.0766228
0.0768296
0.0770364
0.0772431
0.0774498
0.0776565
0.0778631
0.0780696
0.0782762
0.0784827
0.0786891
0.0788955
0.0791019
0.0793082
0.0795145
0.0797208
0.079927
0.0801332
0.0803393
0.0805455
0.0807515
0.0809576
0.0811636
0.0813696
0.0815755
0.0817814
0.0819873
0.0821932
0.082399
0.0826048
0.0828105
0.0830162
0.0832219
0.0834276
0.0836332
0.0838388
0.0840444
0.08425
0.0844555
0.084661
0.0848665
0.085072
0.0852774
0.0854828
0.0856882
0.0858936
0.0860989
0.0863043
0.0865096
0.0867149
0.0869201
0.0871254
0.0873307
0.0875359
0.0877411
0.0879463
0.0881515
0.0883567
0.0885618
0.088767
0.0889722
0.0891773
0.0893825
0.0895876
0.0897927
0.0899979
0.090203
0.0904081
0.0906132
0.0908184
0.0910235
0.0912287
0.0914338
0.091639
0.0918441
0.0920493
0.0922545
0.0924597
0.0926649
0.0928702
0.0930754
0.0932807
0.093486
0.0936914
0.0938967
0.0941021
0.0943075
0.094513
0.0947185
0.094924
0.0951296
0.0953352
0.0955408
0.0957465
0.0959523
0.0961581
0.096364
0.0965699
0.0967759
0.096982
0.0971881
0.0973943
0.0976006
0.097807
0.0980135
0.09822
0.0984267
0.0986334
0.0988403
0.0990472
0.0992543
0.0994615
0.0996689
0.0998763
0.100084
0.100292
0.1005
0.100708
0.100916
0.101124
0.101333
0.101542
0.101751
0.10196
0.102169
0.102379
0.102589
0.102799
0.103009
0.10322
0.103431
0.103642
0.103854
0.104066
0.104278
0.104491
0.104704
0.104918
0.105131
0.105346
0.105561
0.105776
0.105992
0.106209
0.106426
0.106643
0.106862
0.107081
0.107301
0.107521
0.107743
0.107965
0.108188
0.108412
0.108638
0.108864
0.109092
0.109321
0.109551
0.109783
0.110016
0.110251
0.110487
0.110726
0.110967
0.111209
0.111455
0.111702
0.111953
0.112206
0.112463
0.112723
0.112987
0.113255
0.113528
0.113805
0.114088
0.114378
0.114673
0.114976
0.115287
0.115607
0.115937
0.116278
0.116632
0.117
0.117385
0.117788
0.118212
0.11866
0.119137
0.119647
0.120196
0.120791
0.121442
0.122161
0.122962
0.123867
0.124904
0.126111
0.127543
0.129281
0.131452
0.13426
0.13806
0.143527
0.152116
0.167594
0.2032
0.368497
0.25688
0.233345
0.223682
0.219635
0.21836
0.218635
0.219751
0.221316
0.223055
0.224755
0.226232
0.227319
0.227877
0.227845
0.227282
0.226381
0.225411
0.224624
0.224167
0.224064
0.22425
0.224615
0.225045
0.225442
0.225737
0.225894
0.225908
0.225804
0.225624
0.225422
0.225244
0.225122
0.225069
0.225082
0.225142
0.225229
0.225317
0.22539
0.225435
0.225449
0.225435
0.225402
0.225362
0.225323
0.225295
0.225282
0.225283
0.225297
0.225319
0.225343
0.225365
0.225382
0.225392
0.225395
0.225393
0.225387
0.22538
0.225374
0.225371
0.225369
0.225371
0.225374
0.225378
0.225381
0.225384
0.225385
0.225384
0.225382
0.225379
0.225376
0.225373
0.225371
0.225369
0.225368
0.225368
0.225368
0.225369
0.225371
0.225372
0.225374
0.225375
0.225377
0.225379
0.225382
0.225385
0.225387
0.225391
0.225394
0.225397
0.2254
0.225403
0.225406
0.225409
0.225411
0.225413
0.225415
0.225416
0.225417
0.225419
0.22542
0.225421
0.225422
0.225422
0.225423
0.225424
0.225425
0.225425
0.225426
0.225426
0.225427
0.225427
0.225427
0.225428
0.225428
0.225428
0.225428
0.225429
0.225429
0.225429
0.225429
0.225429
0.22543
0.22543
0.22543
0.225431
0.225432
0.225433
0.225434
0.225435
0.225436
0.225438
0.22544
0.225441
0.225443
0.225446
0.225448
0.22545
0.225453
0.225455
0.225457
0.225459
0.225462
0.225464
0.225466
0.225467
0.225469
0.22547
0.225471
0.225472
0.225473
0.225473
0.225473
0.225473
0.225473
0.225472
0.225472
0.225471
0.225471
0.22547
0.225469
0.225469
0.225468
0.225467
0.225467
0.225467
0.225467
0.225467
0.225467
0.225468
0.225468
0.225469
0.22547
0.225472
0.225473
0.225475
0.225477
0.225479
0.225481
0.225484
0.225486
0.225489
0.225492
0.225495
0.225497
0.2255
0.225503
0.225506
0.225509
0.225512
0.225515
0.225517
0.22552
0.225522
0.225525
0.225527
0.225529
0.225532
0.225534
0.225535
0.225537
0.225539
0.22554
0.225542
0.225543
0.225544
0.225546
0.225547
0.225548
0.225549
0.22555
0.22555
0.225551
0.225552
0.225553
0.225554
0.225554
0.225555
0.225556
0.225557
0.225557
0.225558
0.225559
0.22556
0.225561
0.225562
0.225563
0.225564
0.225565
0.225566
0.225567
0.225568
0.225569
0.22557
0.225571
0.225572
0.225573
0.225574
0.225576
0.225577
0.225578
0.225579
0.22558
0.225581
0.225582
0.225583
0.225584
0.225586
0.225587
0.225588
0.225589
0.22559
0.225591
0.225592
0.225593
0.225594
0.225595
0.225596
0.225598
0.225599
0.2256
0.225601
0.225602
0.225604
0.225605
0.225607
0.225608
0.225609
0.225611
0.225613
0.225614
0.225616
0.225617
0.225619
0.225621
0.225622
0.225624
0.225626
0.225627
0.225629
0.225631
0.225633
0.225634
0.225636
0.225638
0.225639
0.225641
0.225642
0.225644
0.225645
0.225647
0.225648
0.22565
0.225651
0.225653
0.225654
0.225655
0.225657
0.225658
0.225659
0.22566
0.225662
0.225663
0.225664
0.225665
0.225666
0.225667
0.225668
0.225669
0.22567
0.225672
0.225673
0.225674
0.225675
0.225676
0.225677
0.225678
0.225679
0.225681
0.225682
0.225683
0.225684
0.225686
0.225687
0.225688
0.22569
0.225691
0.225692
0.225694
0.225695
0.225697
0.225698
0.2257
0.225701
0.225703
0.225704
0.225706
0.225707
0.225709
0.22571
0.225712
0.225713
0.225715
0.225716
0.225718
0.225719
0.225721
0.225722
0.225724
0.225725
0.225727
0.225728
0.225729
0.225731
0.225732
0.225733
0.225735
0.225736
0.225737
0.225739
0.22574
0.225741
0.225743
0.225744
0.225745
0.225747
0.225748
0.22575
0.225751
0.225753
0.225754
0.225756
0.225757
0.225759
0.22576
0.225762
0.225764
0.225765
0.225767
0.225769
0.22577
0.225772
0.225774
0.225776
0.225778
0.22578
0.225781
0.225783
0.225785
0.225787
0.225789
)
;

boundaryField
{
    inlet
    {
        type            calculated;
        value           uniform 0;
    }
    outlet
    {
        type            calculated;
        value           uniform 0.225789;
    }
    emptyWalls
    {
        type            empty;
    }
}


// ************************************************************************* //
