/*--------------------------------*- C++ -*----------------------------------*\
  =========                 |
  \\      /  F ield         | OpenFOAM: The Open Source CFD Toolbox
   \\    /   O peration     | Website:  https://openfoam.org
    \\  /    A nd           | Version:  9
     \\/     M anipulation  |
\*---------------------------------------------------------------------------*/
FoamFile
{
    format      ascii;
    class       volScalarField;
    location    "13.7";
    object      Sa;
}
// * * * * * * * * * * * * * * * * * * * * * * * * * * * * * * * * * * * * * //

dimensions      [0 0 0 0 0 0 0];

internalField   nonuniform List<scalar> 
1000
(
0.499558
0.499287
0.499036
0.498794
0.498559
0.498329
0.498102
0.497878
0.497656
0.497437
0.497219
0.497003
0.496789
0.496577
0.496366
0.496157
0.495949
0.495742
0.495537
0.495333
0.49513
0.494929
0.494728
0.494529
0.49433
0.494133
0.493937
0.493742
0.493548
0.493355
0.493163
0.492972
0.492782
0.492593
0.492404
0.492217
0.492031
0.491845
0.491661
0.491477
0.491294
0.491112
0.490931
0.490751
0.490571
0.490393
0.490215
0.490038
0.489862
0.489686
0.489511
0.489338
0.489164
0.488992
0.48882
0.488649
0.488479
0.48831
0.488141
0.487973
0.487806
0.487639
0.487473
0.487308
0.487143
0.486979
0.486816
0.486653
0.486491
0.48633
0.48617
0.48601
0.48585
0.485691
0.485533
0.485376
0.485219
0.485063
0.484907
0.484752
0.484597
0.484444
0.48429
0.484138
0.483985
0.483834
0.483683
0.483532
0.483382
0.483233
0.483084
0.482936
0.482788
0.482641
0.482494
0.482348
0.482203
0.482058
0.481913
0.481769
0.481625
0.481482
0.48134
0.481198
0.481056
0.480915
0.480775
0.480634
0.480495
0.480356
0.480217
0.480079
0.479941
0.479804
0.479667
0.479531
0.479395
0.479259
0.479124
0.47899
0.478856
0.478722
0.478589
0.478456
0.478324
0.478192
0.47806
0.477929
0.477798
0.477668
0.477538
0.477409
0.47728
0.477151
0.477023
0.476895
0.476768
0.476641
0.476514
0.476388
0.476262
0.476137
0.476012
0.475887
0.475763
0.475639
0.475515
0.475392
0.475269
0.475147
0.475024
0.474903
0.474781
0.47466
0.47454
0.474419
0.474299
0.47418
0.474061
0.473942
0.473823
0.473705
0.473587
0.473469
0.473352
0.473235
0.473119
0.473003
0.472887
0.472771
0.472656
0.472541
0.472426
0.472312
0.472198
0.472085
0.471971
0.471858
0.471746
0.471633
0.471521
0.471409
0.471298
0.471187
0.471076
0.470965
0.470855
0.470745
0.470635
0.470526
0.470417
0.470308
0.470199
0.470091
0.469983
0.469876
0.469768
0.469661
0.469554
0.469448
0.469341
0.469235
0.46913
0.469024
0.468919
0.468814
0.468709
0.468605
0.468501
0.468397
0.468293
0.46819
0.468087
0.467984
0.467882
0.467779
0.467677
0.467575
0.467474
0.467373
0.467271
0.467171
0.46707
0.46697
0.46687
0.46677
0.46667
0.466571
0.466472
0.466373
0.466274
0.466176
0.466078
0.46598
0.465882
0.465785
0.465688
0.465591
0.465494
0.465397
0.465301
0.465205
0.465109
0.465013
0.464918
0.464823
0.464728
0.464633
0.464538
0.464444
0.46435
0.464256
0.464162
0.464069
0.463976
0.463883
0.46379
0.463697
0.463605
0.463512
0.46342
0.463329
0.463237
0.463146
0.463054
0.462963
0.462873
0.462782
0.462692
0.462601
0.462511
0.462422
0.462332
0.462243
0.462153
0.462064
0.461976
0.461887
0.461798
0.46171
0.461622
0.461534
0.461446
0.461359
0.461272
0.461185
0.461098
0.461011
0.460924
0.460838
0.460752
0.460665
0.46058
0.460494
0.460408
0.460323
0.460238
0.460153
0.460068
0.459983
0.459899
0.459815
0.459731
0.459647
0.459563
0.459479
0.459396
0.459313
0.459229
0.459147
0.459064
0.458981
0.458899
0.458816
0.458734
0.458652
0.458571
0.458489
0.458408
0.458326
0.458245
0.458164
0.458083
0.458003
0.457922
0.457842
0.457762
0.457682
0.457602
0.457522
0.457442
0.457363
0.457284
0.457205
0.457126
0.457047
0.456968
0.45689
0.456811
0.456733
0.456655
0.456577
0.456499
0.456422
0.456344
0.456267
0.45619
0.456113
0.456036
0.455959
0.455882
0.455806
0.45573
0.455653
0.455577
0.455501
0.455426
0.45535
0.455275
0.455199
0.455124
0.455049
0.454974
0.454899
0.454824
0.45475
0.454676
0.454601
0.454527
0.454453
0.454379
0.454306
0.454232
0.454158
0.454085
0.454012
0.453939
0.453866
0.453793
0.45372
0.453648
0.453575
0.453503
0.453431
0.453359
0.453287
0.453215
0.453143
0.453072
0.453
0.452929
0.452858
0.452787
0.452716
0.452645
0.452574
0.452504
0.452433
0.452363
0.452292
0.452222
0.452152
0.452082
0.452013
0.451943
0.451874
0.451804
0.451735
0.451666
0.451597
0.451528
0.451459
0.45139
0.451322
0.451253
0.451185
0.451116
0.451048
0.45098
0.450912
0.450845
0.450777
0.450709
0.450642
0.450574
0.450507
0.45044
0.450373
0.450306
0.450239
0.450172
0.450106
0.450039
0.449973
0.449907
0.44984
0.449774
0.449708
0.449643
0.449577
0.449511
0.449446
0.44938
0.449315
0.449249
0.449184
0.449119
0.449054
0.44899
0.448925
0.44886
0.448796
0.448731
0.448667
0.448603
0.448538
0.448474
0.44841
0.448347
0.448283
0.448219
0.448156
0.448092
0.448029
0.447966
0.447902
0.447839
0.447776
0.447714
0.447651
0.447588
0.447526
0.447463
0.447401
0.447338
0.447276
0.447214
0.447152
0.44709
0.447028
0.446966
0.446905
0.446843
0.446782
0.44672
0.446659
0.446598
0.446537
0.446476
0.446415
0.446354
0.446293
0.446233
0.446172
0.446111
0.446051
0.445991
0.445931
0.44587
0.44581
0.44575
0.445691
0.445631
0.445571
0.445511
0.445452
0.445392
0.445333
0.445274
0.445215
0.445155
0.445096
0.445037
0.444979
0.44492
0.444861
0.444803
0.444744
0.444686
0.444627
0.444569
0.444511
0.444453
0.444395
0.444337
0.444279
0.444221
0.444163
0.444106
0.444048
0.44399
0.443933
0.443876
0.443819
0.443761
0.443704
0.443647
0.44359
0.443533
0.443477
0.44342
0.443363
0.443307
0.44325
0.443194
0.443138
0.443081
0.443025
0.442969
0.442913
0.442857
0.442801
0.442746
0.44269
0.442634
0.442579
0.442523
0.442468
0.442412
0.442357
0.442302
0.442247
0.442192
0.442137
0.442082
0.442027
0.441972
0.441918
0.441863
0.441808
0.441754
0.4417
0.441645
0.441591
0.441537
0.441483
0.441429
0.441375
0.441321
0.441267
0.441213
0.441159
0.441106
0.441052
0.440999
0.440945
0.440892
0.440839
0.440785
0.440732
0.440679
0.440626
0.440573
0.44052
0.440467
0.440415
0.440362
0.440309
0.440257
0.440204
0.440152
0.440099
0.440047
0.439995
0.439943
0.439891
0.439839
0.439787
0.439735
0.439683
0.439631
0.439579
0.439528
0.439476
0.439425
0.439373
0.439322
0.43927
0.439219
0.439168
0.439117
0.439066
0.439015
0.438964
0.438913
0.438862
0.438811
0.43876
0.43871
0.438659
0.438609
0.438558
0.438508
0.438457
0.438407
0.438357
0.438307
0.438256
0.438206
0.438156
0.438106
0.438057
0.438007
0.437957
0.437907
0.437858
0.437808
0.437759
0.437709
0.43766
0.43761
0.437561
0.437512
0.437463
0.437413
0.437364
0.437315
0.437266
0.437217
0.437169
0.43712
0.437071
0.437022
0.436974
0.436925
0.436877
0.436828
0.43678
0.436732
0.436683
0.436635
0.436587
0.436539
0.436491
0.436443
0.436395
0.436347
0.436299
0.436251
0.436203
0.436156
0.436108
0.436061
0.436013
0.435966
0.435918
0.435871
0.435823
0.435776
0.435729
0.435682
0.435635
0.435588
0.435541
0.435494
0.435447
0.4354
0.435353
0.435306
0.43526
0.435213
0.435167
0.43512
0.435074
0.435027
0.434981
0.434934
0.434888
0.434842
0.434796
0.434749
0.434703
0.434657
0.434611
0.434565
0.43452
0.434474
0.434428
0.434382
0.434336
0.434291
0.434245
0.4342
0.434154
0.434109
0.434063
0.434018
0.433973
0.433927
0.433882
0.433837
0.433792
0.433747
0.433702
0.433657
0.433612
0.433567
0.433522
0.433477
0.433433
0.433388
0.433343
0.433299
0.433254
0.43321
0.433165
0.433121
0.433076
0.433032
0.432988
0.432944
0.432899
0.432855
0.432811
0.432767
0.432723
0.432679
0.432635
0.432591
0.432547
0.432504
0.43246
0.432416
0.432373
0.432329
0.432285
0.432242
0.432198
0.432155
0.432112
0.432068
0.432025
0.431982
0.431938
0.431895
0.431852
0.431809
0.431766
0.431723
0.43168
0.431637
0.431594
0.431551
0.431508
0.431466
0.431423
0.43138
0.431338
0.431295
0.431253
0.43121
0.431168
0.431125
0.431083
0.43104
0.430998
0.430956
0.430914
0.430871
0.430829
0.430787
0.430745
0.430703
0.430661
0.430619
0.430577
0.430535
0.430493
0.430452
0.43041
0.430368
0.430326
0.430285
0.430243
0.430202
0.43016
0.430119
0.430077
0.430036
0.429994
0.429953
0.429912
0.429871
0.429829
0.429788
0.429747
0.429706
0.429665
0.429624
0.429583
0.429542
0.429501
0.42946
0.429419
0.429378
0.429338
0.429297
0.429256
0.429216
0.429175
0.429134
0.429094
0.429053
0.429013
0.428972
0.428932
0.428891
0.428851
0.428811
0.428771
0.42873
0.42869
0.42865
0.42861
0.42857
0.42853
0.42849
0.42845
0.42841
0.42837
0.42833
0.42829
0.42825
0.42821
0.42817
0.428131
0.428091
0.428051
0.428012
0.427972
0.427933
0.427893
0.427853
0.427814
0.427775
0.427735
0.427696
0.427656
0.427617
0.427578
0.427539
0.427499
0.42746
0.427421
0.427382
0.427343
0.427304
0.427265
0.427226
0.427187
0.427148
0.427109
0.42707
0.427031
0.426992
0.426953
0.426914
0.426876
0.426837
0.426798
0.42676
0.426721
0.426682
0.426644
0.426605
0.426567
0.426528
0.42649
0.426451
0.426413
0.426374
0.426336
0.426298
0.426259
0.426221
0.426183
0.426144
0.426106
0.426068
0.42603
0.425992
0.425954
0.425915
0.425877
0.425839
0.425801
0.425763
0.425725
0.425687
0.425649
0.425611
0.425573
0.425536
0.425498
0.42546
0.425422
0.425384
0.425346
0.425309
0.425271
0.425233
0.425195
0.425158
0.42512
0.425082
0.425045
0.425007
0.424969
0.424932
0.424894
0.424857
0.424819
0.424781
0.424744
0.424706
0.424669
0.424631
0.424594
0.424556
0.424519
0.424481
0.424444
0.424406
0.424369
0.424332
0.424294
0.424257
0.424219
0.424182
0.424144
0.424107
0.424069
0.424032
0.423995
0.423957
0.42392
0.423882
0.423845
0.423807
0.42377
0.423732
0.423695
0.423657
0.42362
0.423582
0.423545
0.423507
0.423469
0.423432
0.423394
0.423356
0.423319
0.423281
0.423243
0.423205
0.423168
0.42313
0.423092
0.423054
0.423016
)
;

boundaryField
{
    inlet
    {
        type            fixedValue;
        value           uniform 0.5;
    }
    outlet
    {
        type            zeroGradient;
    }
    emptyWalls
    {
        type            empty;
    }
}


// ************************************************************************* //
