/*--------------------------------*- C++ -*----------------------------------*\
  =========                 |
  \\      /  F ield         | OpenFOAM: The Open Source CFD Toolbox
   \\    /   O peration     | Website:  https://openfoam.org
    \\  /    A nd           | Version:  9
     \\/     M anipulation  |
\*---------------------------------------------------------------------------*/
FoamFile
{
    format      ascii;
    class       volVectorField;
    location    "2575";
    object      Uc;
}
// * * * * * * * * * * * * * * * * * * * * * * * * * * * * * * * * * * * * * //

dimensions      [0 0 0 0 0 0 0];

internalField   nonuniform List<vector> 
100
(
(0 0 4.65734e-08)
(0 0 8.04656e-08)
(0 0 1.5956e-07)
(0 0 2.61928e-07)
(0 0 3.80917e-07)
(0 0 5.02669e-07)
(0 0 6.2217e-07)
(0 0 7.4066e-07)
(0 0 8.5724e-07)
(0 0 9.72112e-07)
(0 0 1.08509e-06)
(0 0 1.19559e-06)
(0 0 1.30357e-06)
(0 0 1.4096e-06)
(0 0 1.51407e-06)
(0 0 1.6163e-06)
(0 0 1.7166e-06)
(0 0 1.81554e-06)
(0 0 1.91328e-06)
(0 0 2.00986e-06)
(0 0 2.10533e-06)
(0 0 2.19969e-06)
(0 0 2.29272e-06)
(0 0 2.38446e-06)
(0 0 2.47555e-06)
(0 0 2.56559e-06)
(0 0 2.65449e-06)
(0 0 2.74237e-06)
(0 0 2.82918e-06)
(0 0 2.91477e-06)
(0 0 2.99945e-06)
(0 0 3.0856e-06)
(0 0 3.17677e-06)
(0 0 3.27872e-06)
(0 0 3.3933e-06)
(0 0 3.51697e-06)
(0 0 3.64389e-06)
(0 0 3.76857e-06)
(0 0 3.88833e-06)
(0 0 4.00244e-06)
(0 0 4.11135e-06)
(0 0 4.2157e-06)
(0 0 4.31663e-06)
(0 0 4.4157e-06)
(0 0 4.5149e-06)
(0 0 4.61662e-06)
(0 0 4.72348e-06)
(0 0 4.83802e-06)
(0 0 4.96242e-06)
(0 0 5.09814e-06)
(0 0 5.24573e-06)
(0 0 5.40454e-06)
(0 0 5.57221e-06)
(0 0 5.74352e-06)
(0 0 5.90961e-06)
(0 0 6.06186e-06)
(0 0 6.19723e-06)
(0 0 6.31837e-06)
(0 0 6.42796e-06)
(0 0 6.50861e-06)
(0 0 6.48407e-06)
(0 0 6.38486e-06)
(0 0 6.4224e-06)
(0 0 6.60762e-06)
(0 0 6.79906e-06)
(0 0 6.97499e-06)
(0 0 7.13466e-06)
(0 0 7.28039e-06)
(0 0 7.42722e-06)
(0 0 7.58055e-06)
(0 0 7.74488e-06)
(0 0 7.92736e-06)
(0 0 8.13753e-06)
(0 0 8.38514e-06)
(0 0 8.67744e-06)
(0 0 9.01734e-06)
(0 0 9.40312e-06)
(0 0 9.82949e-06)
(0 0 1.02893e-05)
(0 0 1.07755e-05)
(0 0 9.89853e-06)
(0 0 6.58878e-06)
(0 0 3.9095e-06)
(0 0 3.24735e-06)
(0 0 2.50459e-06)
(0 0 1.44826e-06)
(0 0 8.42487e-07)
(0 0 6.97768e-07)
(0 0 6.98763e-07)
(0 0 6.52886e-07)
(0 0 3.12297e-07)
(0 0 3.72892e-08)
(0 0 3.67369e-08)
(0 0 3.67358e-08)
(0 0 3.67358e-08)
(0 0 3.67358e-08)
(0 0 3.67358e-08)
(0 0 3.67358e-08)
(0 0 3.67358e-08)
(0 0 3.67358e-08)
)
;

boundaryField
{
    inlet
    {
        type            fixedValue;
        value           uniform (0 0 0);
    }
    outlet
    {
        type            zeroGradient;
    }
    emptyWalls
    {
        type            empty;
    }
}


// ************************************************************************* //
