/*--------------------------------*- C++ -*----------------------------------*\
  =========                 |
  \\      /  F ield         | OpenFOAM: The Open Source CFD Toolbox
   \\    /   O peration     | Website:  https://openfoam.org
    \\  /    A nd           | Version:  9
     \\/     M anipulation  |
\*---------------------------------------------------------------------------*/
FoamFile
{
    format      ascii;
    class       volVectorField;
    location    "2400";
    object      Ua;
}
// * * * * * * * * * * * * * * * * * * * * * * * * * * * * * * * * * * * * * //

dimensions      [0 0 0 0 0 0 0];

internalField   nonuniform List<vector> 
100
(
(0 0 1.61484e-05)
(0 0 1.61435e-05)
(0 0 1.61326e-05)
(0 0 1.61199e-05)
(0 0 1.61062e-05)
(0 0 1.6092e-05)
(0 0 1.60773e-05)
(0 0 1.60624e-05)
(0 0 1.60474e-05)
(0 0 1.60326e-05)
(0 0 1.60179e-05)
(0 0 1.60034e-05)
(0 0 1.59891e-05)
(0 0 1.5975e-05)
(0 0 1.5961e-05)
(0 0 1.59472e-05)
(0 0 1.59335e-05)
(0 0 1.592e-05)
(0 0 1.59066e-05)
(0 0 1.58933e-05)
(0 0 1.58801e-05)
(0 0 1.58669e-05)
(0 0 1.58539e-05)
(0 0 1.5841e-05)
(0 0 1.58283e-05)
(0 0 1.58156e-05)
(0 0 1.5803e-05)
(0 0 1.57905e-05)
(0 0 1.57781e-05)
(0 0 1.57658e-05)
(0 0 1.57531e-05)
(0 0 1.57383e-05)
(0 0 1.57182e-05)
(0 0 1.56892e-05)
(0 0 1.56497e-05)
(0 0 1.56008e-05)
(0 0 1.55444e-05)
(0 0 1.54831e-05)
(0 0 1.54188e-05)
(0 0 1.53527e-05)
(0 0 1.52856e-05)
(0 0 1.5218e-05)
(0 0 1.51502e-05)
(0 0 1.5082e-05)
(0 0 1.50136e-05)
(0 0 1.49449e-05)
(0 0 1.4876e-05)
(0 0 1.48069e-05)
(0 0 1.47389e-05)
(0 0 1.46756e-05)
(0 0 1.4627e-05)
(0 0 1.4614e-05)
(0 0 1.46674e-05)
(0 0 1.48005e-05)
(0 0 1.49733e-05)
(0 0 1.51184e-05)
(0 0 1.52062e-05)
(0 0 1.52487e-05)
(0 0 1.52656e-05)
(0 0 1.52692e-05)
(0 0 1.52454e-05)
(0 0 1.51581e-05)
(0 0 1.49991e-05)
(0 0 1.47915e-05)
(0 0 1.45571e-05)
(0 0 1.43094e-05)
(0 0 1.40553e-05)
(0 0 1.37979e-05)
(0 0 1.35385e-05)
(0 0 1.32766e-05)
(0 0 1.30111e-05)
(0 0 1.27395e-05)
(0 0 1.24587e-05)
(0 0 1.21643e-05)
(0 0 1.18511e-05)
(0 0 1.15151e-05)
(0 0 1.11557e-05)
(0 0 1.07623e-05)
(0 0 1.02845e-05)
(0 0 5.01077e-06)
(0 0 3.43468e-09)
(0 0 1.87195e-27)
(0 0 1.31263e-27)
(0 0 1.31234e-27)
(0 0 1.31234e-27)
(0 0 1.31234e-27)
(0 0 1.31234e-27)
(0 0 1.31234e-27)
(0 0 1.31234e-27)
(0 0 1.31234e-27)
(0 0 1.31234e-27)
(0 0 1.31234e-27)
(0 0 1.31234e-27)
(0 0 1.31234e-27)
(0 0 1.31234e-27)
(0 0 1.31234e-27)
(0 0 1.31234e-27)
(0 0 1.31234e-27)
(0 0 1.31234e-27)
(0 0 1.31234e-27)
)
;

boundaryField
{
    inlet
    {
        type            prescribedFracFlowVelocity;
        U               1((0 0 1.61572e-05));
        fractionalFlow  1;
        value           uniform (0 0 1.61572e-05);
    }
    outlet
    {
        type            zeroGradient;
    }
    emptyWalls
    {
        type            empty;
    }
}


// ************************************************************************* //
