/*--------------------------------*- C++ -*----------------------------------*\
  =========                 |
  \\      /  F ield         | OpenFOAM: The Open Source CFD Toolbox
   \\    /   O peration     | Website:  https://openfoam.org
    \\  /    A nd           | Version:  9
     \\/     M anipulation  |
\*---------------------------------------------------------------------------*/
FoamFile
{
    format      ascii;
    class       volVectorField;
    location    "3425";
    object      Uc;
}
// * * * * * * * * * * * * * * * * * * * * * * * * * * * * * * * * * * * * * //

dimensions      [0 0 0 0 0 0 0];

internalField   nonuniform List<vector> 
100
(
(0 0 1.98297e-09)
(0 0 2.78095e-09)
(0 0 4.50114e-09)
(0 0 6.56337e-09)
(0 0 9.18414e-09)
(0 0 1.26369e-08)
(0 0 1.71398e-08)
(0 0 2.20741e-08)
(0 0 2.68756e-08)
(0 0 3.17106e-08)
(0 0 3.66246e-08)
(0 0 4.15946e-08)
(0 0 4.65795e-08)
(0 0 5.15561e-08)
(0 0 5.65211e-08)
(0 0 6.14672e-08)
(0 0 6.6376e-08)
(0 0 7.12411e-08)
(0 0 7.60745e-08)
(0 0 8.08914e-08)
(0 0 8.57026e-08)
(0 0 9.05146e-08)
(0 0 9.53143e-08)
(0 0 1.0009e-07)
(0 0 1.04835e-07)
(0 0 1.0955e-07)
(0 0 1.1424e-07)
(0 0 1.1891e-07)
(0 0 1.23565e-07)
(0 0 1.28204e-07)
(0 0 1.32835e-07)
(0 0 1.37502e-07)
(0 0 1.42373e-07)
(0 0 1.4786e-07)
(0 0 1.54687e-07)
(0 0 1.63839e-07)
(0 0 1.76348e-07)
(0 0 1.92913e-07)
(0 0 2.13666e-07)
(0 0 2.38176e-07)
(0 0 2.65656e-07)
(0 0 2.95255e-07)
(0 0 3.26232e-07)
(0 0 3.58026e-07)
(0 0 3.9027e-07)
(0 0 4.22757e-07)
(0 0 4.55388e-07)
(0 0 4.8813e-07)
(0 0 5.20982e-07)
(0 0 5.53947e-07)
(0 0 5.86996e-07)
(0 0 6.2e-07)
(0 0 6.52588e-07)
(0 0 6.83829e-07)
(0 0 7.11713e-07)
(0 0 7.32543e-07)
(0 0 7.40845e-07)
(0 0 7.30706e-07)
(0 0 6.99042e-07)
(0 0 6.49226e-07)
(0 0 5.9113e-07)
(0 0 5.36181e-07)
(0 0 4.92088e-07)
(0 0 4.62115e-07)
(0 0 4.481e-07)
(0 0 4.53102e-07)
(0 0 4.80092e-07)
(0 0 5.28536e-07)
(0 0 5.93966e-07)
(0 0 6.70523e-07)
(0 0 7.53147e-07)
(0 0 8.38337e-07)
(0 0 9.24039e-07)
(0 0 1.00925e-06)
(0 0 1.09364e-06)
(0 0 1.17721e-06)
(0 0 1.26014e-06)
(0 0 1.34266e-06)
(0 0 1.42499e-06)
(0 0 1.50733e-06)
(0 0 1.58986e-06)
(0 0 1.67275e-06)
(0 0 1.75614e-06)
(0 0 1.84004e-06)
(0 0 1.92408e-06)
(0 0 2.00622e-06)
(0 0 2.0797e-06)
(0 0 2.12585e-06)
(0 0 2.10146e-06)
(0 0 1.93888e-06)
(0 0 1.62307e-06)
(0 0 1.31468e-06)
(0 0 1.20311e-06)
(0 0 1.29468e-06)
(0 0 1.50345e-06)
(0 0 1.76865e-06)
(0 0 2.06103e-06)
(0 0 2.3679e-06)
(0 0 2.68467e-06)
(0 0 3.0112e-06)
)
;

boundaryField
{
    inlet
    {
        type            fixedValue;
        value           uniform (0 0 0);
    }
    outlet
    {
        type            zeroGradient;
    }
    emptyWalls
    {
        type            empty;
    }
}


// ************************************************************************* //
