/*--------------------------------*- C++ -*----------------------------------*\
  =========                 |
  \\      /  F ield         | OpenFOAM: The Open Source CFD Toolbox
   \\    /   O peration     | Website:  https://openfoam.org
    \\  /    A nd           | Version:  9
     \\/     M anipulation  |
\*---------------------------------------------------------------------------*/
FoamFile
{
    format      ascii;
    class       volVectorField;
    location    "950";
    object      Uc;
}
// * * * * * * * * * * * * * * * * * * * * * * * * * * * * * * * * * * * * * //

dimensions      [0 0 0 0 0 0 0];

internalField   nonuniform List<vector> 
100
(
(0 0 4.4473e-08)
(0 0 6.93265e-08)
(0 0 1.19417e-07)
(0 0 1.69406e-07)
(0 0 2.18197e-07)
(0 0 2.65574e-07)
(0 0 3.11585e-07)
(0 0 3.5632e-07)
(0 0 3.99891e-07)
(0 0 4.42422e-07)
(0 0 4.84029e-07)
(0 0 5.24795e-07)
(0 0 5.64804e-07)
(0 0 6.04129e-07)
(0 0 6.42821e-07)
(0 0 6.80925e-07)
(0 0 7.1849e-07)
(0 0 7.55556e-07)
(0 0 7.92154e-07)
(0 0 8.28316e-07)
(0 0 8.64067e-07)
(0 0 8.99432e-07)
(0 0 9.34435e-07)
(0 0 9.69099e-07)
(0 0 1.00344e-06)
(0 0 1.03748e-06)
(0 0 1.07123e-06)
(0 0 1.10473e-06)
(0 0 1.138e-06)
(0 0 1.17113e-06)
(0 0 1.24126e-06)
(0 0 1.33154e-06)
(0 0 1.40455e-06)
(0 0 1.47685e-06)
(0 0 1.5328e-06)
(0 0 1.01134e-06)
(0 0 2.58629e-07)
(0 0 4.21402e-08)
(0 0 3.68336e-08)
(0 0 3.67374e-08)
(0 0 3.67358e-08)
(0 0 3.67358e-08)
(0 0 3.67358e-08)
(0 0 3.67358e-08)
(0 0 3.67358e-08)
(0 0 3.67358e-08)
(0 0 3.67358e-08)
(0 0 3.67358e-08)
(0 0 3.67358e-08)
(0 0 3.67358e-08)
(0 0 3.67358e-08)
(0 0 3.67358e-08)
(0 0 3.67358e-08)
(0 0 3.67358e-08)
(0 0 3.67358e-08)
(0 0 3.67358e-08)
(0 0 3.67358e-08)
(0 0 3.67358e-08)
(0 0 3.67358e-08)
(0 0 3.67358e-08)
(0 0 3.67358e-08)
(0 0 3.67358e-08)
(0 0 3.67358e-08)
(0 0 3.67358e-08)
(0 0 3.67358e-08)
(0 0 3.67358e-08)
(0 0 3.67358e-08)
(0 0 3.67358e-08)
(0 0 3.67358e-08)
(0 0 3.67358e-08)
(0 0 3.67358e-08)
(0 0 3.67358e-08)
(0 0 3.67358e-08)
(0 0 3.67358e-08)
(0 0 3.67358e-08)
(0 0 3.67358e-08)
(0 0 3.67358e-08)
(0 0 3.67358e-08)
(0 0 3.67358e-08)
(0 0 3.67358e-08)
(0 0 3.67358e-08)
(0 0 3.67358e-08)
(0 0 3.67358e-08)
(0 0 3.67358e-08)
(0 0 3.67358e-08)
(0 0 3.67358e-08)
(0 0 3.67358e-08)
(0 0 3.67358e-08)
(0 0 3.67358e-08)
(0 0 3.67358e-08)
(0 0 3.67358e-08)
(0 0 3.67358e-08)
(0 0 3.67358e-08)
(0 0 3.67358e-08)
(0 0 3.67358e-08)
(0 0 3.67358e-08)
(0 0 3.67358e-08)
(0 0 3.67358e-08)
(0 0 3.67358e-08)
(0 0 3.67358e-08)
)
;

boundaryField
{
    inlet
    {
        type            fixedValue;
        value           uniform (0 0 0);
    }
    outlet
    {
        type            zeroGradient;
    }
    emptyWalls
    {
        type            empty;
    }
}


// ************************************************************************* //
