/*--------------------------------*- C++ -*----------------------------------*\
  =========                 |
  \\      /  F ield         | OpenFOAM: The Open Source CFD Toolbox
   \\    /   O peration     | Website:  https://openfoam.org
    \\  /    A nd           | Version:  9
     \\/     M anipulation  |
\*---------------------------------------------------------------------------*/
FoamFile
{
    format      ascii;
    class       volScalarField;
    location    "4.4";
    object      Sb;
}
// * * * * * * * * * * * * * * * * * * * * * * * * * * * * * * * * * * * * * //

dimensions      [0 0 0 0 0 0 0];

internalField   nonuniform List<scalar> 
1000
(
0.497867
0.496576
0.495393
0.494267
0.49318
0.492123
0.491092
0.490082
0.489091
0.488118
0.487161
0.48622
0.485293
0.484379
0.483479
0.482591
0.481715
0.48085
0.479996
0.479153
0.478321
0.477498
0.476685
0.475881
0.475086
0.474301
0.473524
0.472755
0.471994
0.471242
0.470497
0.46976
0.46903
0.468307
0.467592
0.466883
0.466182
0.465486
0.464798
0.464115
0.463439
0.462769
0.462105
0.461446
0.460794
0.460147
0.459505
0.458869
0.458238
0.457613
0.456992
0.456377
0.455766
0.45516
0.454559
0.453963
0.453371
0.452784
0.452201
0.451622
0.451048
0.450478
0.449912
0.44935
0.448792
0.448238
0.447688
0.447142
0.4466
0.446061
0.445526
0.444994
0.444466
0.443942
0.443421
0.442903
0.442388
0.441877
0.441369
0.440865
0.440363
0.439864
0.439369
0.438876
0.438387
0.4379
0.437417
0.436936
0.436458
0.435983
0.43551
0.43504
0.434573
0.434109
0.433647
0.433187
0.43273
0.432276
0.431824
0.431375
0.430927
0.430483
0.43004
0.4296
0.429163
0.428727
0.428294
0.427863
0.427434
0.427007
0.426582
0.42616
0.425739
0.425321
0.424905
0.42449
0.424078
0.423667
0.423259
0.422852
0.422448
0.422045
0.421644
0.421245
0.420847
0.420452
0.420058
0.419666
0.419276
0.418887
0.4185
0.418115
0.417731
0.417349
0.416969
0.416591
0.416213
0.415838
0.415464
0.415092
0.414721
0.414351
0.413983
0.413617
0.413252
0.412889
0.412526
0.412166
0.411807
0.411449
0.411092
0.410737
0.410383
0.410031
0.40968
0.40933
0.408982
0.408635
0.408289
0.407944
0.407601
0.407258
0.406917
0.406578
0.406239
0.405902
0.405566
0.405231
0.404897
0.404564
0.404233
0.403902
0.403573
0.403245
0.402918
0.402592
0.402267
0.401943
0.40162
0.401299
0.400978
0.400658
0.40034
0.400022
0.399705
0.39939
0.399075
0.398761
0.398448
0.398137
0.397826
0.397516
0.397207
0.396899
0.396592
0.396285
0.39598
0.395676
0.395372
0.395069
0.394768
0.394467
0.394166
0.393867
0.393569
0.393271
0.392974
0.392678
0.392383
0.392089
0.391795
0.391502
0.39121
0.390919
0.390629
0.390339
0.39005
0.389762
0.389474
0.389188
0.388901
0.388616
0.388332
0.388048
0.387764
0.387482
0.3872
0.386919
0.386638
0.386358
0.386079
0.385801
0.385523
0.385246
0.384969
0.384693
0.384418
0.384143
0.383869
0.383595
0.383322
0.38305
0.382778
0.382507
0.382236
0.381966
0.381697
0.381428
0.381159
0.380891
0.380624
0.380357
0.380091
0.379825
0.379559
0.379295
0.37903
0.378766
0.378503
0.37824
0.377978
0.377715
0.377454
0.377193
0.376932
0.376672
0.376412
0.376152
0.375893
0.375635
0.375376
0.375118
0.374861
0.374603
0.374346
0.37409
0.373834
0.373578
0.373322
0.373066
0.372811
0.372556
0.372302
0.372047
0.371793
0.371539
0.371285
0.371032
0.370778
0.370525
0.370272
0.370019
0.369765
0.369512
0.369259
0.369006
0.368753
0.3685
0.368247
0.367994
0.36774
0.367486
0.367232
0.366978
0.366724
0.366469
0.366213
0.365957
0.365701
0.365444
0.365186
0.364928
0.364668
0.364408
0.364146
0.363884
0.36362
0.363354
0.363087
0.362818
0.362547
0.362274
0.361999
0.36172
0.361439
0.361154
0.360865
0.360572
0.360275
0.359972
0.359662
0.359346
0.359023
0.35869
0.358348
0.357993
0.357626
0.357243
0.356842
0.356419
0.355971
0.355493
0.354979
0.35442
0.353806
0.353124
0.352354
0.351469
0.350433
0.349189
0.347649
0.345671
0.343001
0.339152
0.333044
0.321728
0.29392
0.232677
0.224824
0.22154
0.221306
0.222098
0.222914
0.223543
0.22402
0.224354
0.224502
0.224427
0.224151
0.223766
0.223397
0.223143
0.223038
0.223065
0.22318
0.223336
0.223492
0.223619
0.2237
0.223728
0.223706
0.223648
0.223572
0.223497
0.223439
0.223407
0.223401
0.223417
0.223446
0.223479
0.223509
0.22353
0.223539
0.223537
0.223526
0.22351
0.223493
0.223479
0.22347
0.223466
0.223467
0.223472
0.223478
0.223485
0.223489
0.223492
0.223492
0.22349
0.223486
0.223482
0.223479
0.223476
0.223474
0.223474
0.223474
0.223475
0.223476
0.223477
0.223477
0.223477
0.223476
0.223475
0.223473
0.223472
0.22347
0.223469
0.223468
0.223467
0.223466
0.223466
0.223465
0.223464
0.223463
0.223462
0.223461
0.22346
0.223458
0.223457
0.223456
0.223455
0.223454
0.223453
0.223451
0.22345
0.223449
0.223448
0.223447
0.223445
0.223444
0.223443
0.223442
0.223441
0.22344
0.223439
0.223438
0.223437
0.223436
0.223435
0.223434
0.223434
0.223433
0.223432
0.223432
0.223431
0.223431
0.22343
0.223429
0.223429
0.223428
0.223427
0.223427
0.223426
0.223425
0.223424
0.223423
0.223422
0.223421
0.22342
0.223419
0.223418
0.223417
0.223416
0.223415
0.223413
0.223412
0.223411
0.22341
0.223409
0.223408
0.223407
0.223406
0.223405
0.223404
0.223404
0.223403
0.223402
0.223401
0.2234
0.223399
0.223398
0.223397
0.223396
0.223395
0.223394
0.223393
0.223392
0.223391
0.22339
0.223389
0.223388
0.223387
0.223386
0.223384
0.223383
0.223382
0.223381
0.22338
0.223378
0.223377
0.223376
0.223375
0.223373
0.223372
0.223371
0.22337
0.223369
0.223367
0.223366
0.223365
0.223364
0.223363
0.223362
0.223361
0.223359
0.223358
0.223357
0.223356
0.223355
0.223354
0.223353
0.223351
0.22335
0.223349
0.223348
0.223347
0.223345
0.223344
0.223343
0.223342
0.22334
0.223339
0.223338
0.223336
0.223335
0.223334
0.223332
0.223331
0.22333
0.223329
0.223327
0.223326
0.223325
0.223323
0.223322
0.223321
0.223319
0.223318
0.223317
0.223316
0.223314
0.223313
0.223312
0.22331
0.223309
0.223308
0.223307
0.223306
0.223304
0.223303
0.223302
0.223301
0.2233
0.223298
0.223297
0.223296
0.223295
0.223294
0.223293
0.223291
0.22329
0.223289
0.223288
0.223286
0.223283
0.223271
0.223206
0.222839
0.220763
0.209369
0.162929
0.107677
0.100037
0.1
0.1
0.1
0.1
0.1
0.1
0.1
0.1
0.1
0.1
0.1
0.1
0.1
0.1
0.1
0.1
0.1
0.1
0.1
0.1
0.1
0.1
0.1
0.1
0.1
0.1
0.1
0.1
0.1
0.1
0.1
0.1
0.1
0.1
0.1
0.1
0.1
0.1
0.1
0.1
0.1
0.1
0.1
0.1
0.1
0.1
0.1
0.1
0.1
0.1
0.1
0.1
0.1
0.1
0.1
0.1
0.1
0.1
0.1
0.1
0.1
0.1
0.1
0.1
0.1
0.1
0.1
0.1
0.1
0.1
0.1
0.1
0.1
0.1
0.1
0.1
0.1
0.1
0.1
0.1
0.1
0.1
0.1
0.1
0.1
0.1
0.1
0.1
0.1
0.1
0.1
0.1
0.1
0.1
0.1
0.1
0.1
0.1
0.1
0.1
0.1
0.1
0.1
0.1
0.1
0.1
0.1
0.1
0.1
0.1
0.1
0.1
0.1
0.1
0.1
0.1
0.1
0.1
0.1
0.1
0.1
0.1
0.1
0.1
0.1
0.1
0.1
0.1
0.1
0.1
0.1
0.1
0.1
0.1
0.1
0.1
0.1
0.1
0.1
0.1
0.1
0.1
0.1
0.1
0.1
0.1
0.1
0.1
0.1
0.1
0.1
0.1
0.1
0.1
0.1
0.1
0.1
0.1
0.1
0.1
0.1
0.1
0.1
0.1
0.1
0.1
0.1
0.1
0.1
0.1
0.1
0.1
0.1
0.1
0.1
0.1
0.1
0.1
0.1
0.1
0.1
0.1
0.1
0.1
0.1
0.1
0.1
0.1
0.1
0.1
0.1
0.1
0.1
0.1
0.1
0.1
0.1
0.1
0.1
0.1
0.1
0.1
0.1
0.1
0.1
0.1
0.1
0.1
0.1
0.1
0.1
0.1
0.1
0.1
0.1
0.1
0.1
0.1
0.1
0.1
0.1
0.1
0.1
0.1
0.1
0.1
0.1
0.1
0.1
0.1
0.1
0.1
0.1
0.1
0.1
0.1
0.1
0.1
0.1
0.1
0.1
0.1
0.1
0.1
0.1
0.1
0.1
0.1
0.1
0.1
0.1
0.1
0.1
0.1
0.1
0.1
0.1
0.1
0.1
0.1
0.1
0.1
0.1
0.1
0.1
0.1
0.1
0.1
0.1
0.1
0.1
0.1
0.1
0.1
0.1
0.1
0.1
0.1
0.1
0.1
0.1
0.1
0.1
0.1
0.1
0.1
0.1
0.1
0.1
0.1
0.1
0.1
0.1
0.1
0.1
0.1
0.1
0.1
0.1
0.1
0.1
0.1
0.1
0.1
0.1
0.1
0.1
0.1
0.1
0.1
0.1
0.1
0.1
0.1
0.1
0.1
0.1
0.1
0.1
0.1
0.1
0.1
0.1
0.1
0.1
0.1
0.1
0.1
0.1
0.1
0.1
0.1
0.1
0.1
0.1
0.1
0.1
0.1
0.1
0.1
0.1
0.1
0.1
0.1
0.1
0.1
0.1
0.1
0.1
0.1
0.1
0.1
0.1
0.1
0.1
0.1
0.1
0.1
0.1
0.1
0.1
0.1
0.1
0.1
0.1
0.1
0.1
0.1
0.1
0.1
0.1
0.1
0.1
0.1
0.1
0.1
0.1
0.1
0.1
0.1
0.1
0.1
0.1
0.1
0.1
0.1
0.1
0.1
0.1
0.1
0.1
0.1
0.1
0.1
0.1
0.1
0.1
0.1
)
;

boundaryField
{
    inlet
    {
        type            fixedValue;
        value           uniform 0.5;
    }
    outlet
    {
        type            zeroGradient;
    }
    emptyWalls
    {
        type            empty;
    }
}


// ************************************************************************* //
