/*--------------------------------*- C++ -*----------------------------------*\
  =========                 |
  \\      /  F ield         | OpenFOAM: The Open Source CFD Toolbox
   \\    /   O peration     | Website:  https://openfoam.org
    \\  /    A nd           | Version:  9
     \\/     M anipulation  |
\*---------------------------------------------------------------------------*/
FoamFile
{
    format      ascii;
    class       volVectorField;
    location    "2350";
    object      Ua;
}
// * * * * * * * * * * * * * * * * * * * * * * * * * * * * * * * * * * * * * //

dimensions      [0 0 0 0 0 0 0];

internalField   nonuniform List<vector> 
100
(
(0 0 1.61473e-05)
(0 0 1.61418e-05)
(0 0 1.61297e-05)
(0 0 1.61156e-05)
(0 0 1.61005e-05)
(0 0 1.60848e-05)
(0 0 1.60686e-05)
(0 0 1.60522e-05)
(0 0 1.60358e-05)
(0 0 1.60195e-05)
(0 0 1.60034e-05)
(0 0 1.59875e-05)
(0 0 1.59717e-05)
(0 0 1.59562e-05)
(0 0 1.59409e-05)
(0 0 1.59258e-05)
(0 0 1.59108e-05)
(0 0 1.58959e-05)
(0 0 1.58812e-05)
(0 0 1.58666e-05)
(0 0 1.58521e-05)
(0 0 1.58378e-05)
(0 0 1.58235e-05)
(0 0 1.58094e-05)
(0 0 1.57954e-05)
(0 0 1.57815e-05)
(0 0 1.57677e-05)
(0 0 1.57541e-05)
(0 0 1.57405e-05)
(0 0 1.5727e-05)
(0 0 1.5713e-05)
(0 0 1.56965e-05)
(0 0 1.56736e-05)
(0 0 1.56404e-05)
(0 0 1.55954e-05)
(0 0 1.55397e-05)
(0 0 1.54762e-05)
(0 0 1.54077e-05)
(0 0 1.53361e-05)
(0 0 1.5263e-05)
(0 0 1.5189e-05)
(0 0 1.51147e-05)
(0 0 1.504e-05)
(0 0 1.4965e-05)
(0 0 1.48896e-05)
(0 0 1.48139e-05)
(0 0 1.47379e-05)
(0 0 1.4662e-05)
(0 0 1.45885e-05)
(0 0 1.4525e-05)
(0 0 1.449e-05)
(0 0 1.4516e-05)
(0 0 1.46295e-05)
(0 0 1.48076e-05)
(0 0 1.49789e-05)
(0 0 1.50936e-05)
(0 0 1.51539e-05)
(0 0 1.51804e-05)
(0 0 1.5189e-05)
(0 0 1.5188e-05)
(0 0 1.51499e-05)
(0 0 1.50198e-05)
(0 0 1.4793e-05)
(0 0 1.45083e-05)
(0 0 1.4195e-05)
(0 0 1.38684e-05)
(0 0 1.35347e-05)
(0 0 1.31955e-05)
(0 0 1.28489e-05)
(0 0 1.24908e-05)
(0 0 1.21141e-05)
(0 0 1.17091e-05)
(0 0 1.12616e-05)
(0 0 1.07342e-05)
(0 0 9.90097e-06)
(0 0 6.83885e-06)
(0 0 2.15948e-06)
(0 0 1.89562e-12)
(0 0 2.64506e-27)
(0 0 1.31418e-27)
(0 0 1.31234e-27)
(0 0 1.31234e-27)
(0 0 1.31234e-27)
(0 0 1.31234e-27)
(0 0 1.31234e-27)
(0 0 1.31234e-27)
(0 0 1.31234e-27)
(0 0 1.31234e-27)
(0 0 1.31234e-27)
(0 0 1.31234e-27)
(0 0 1.31234e-27)
(0 0 1.31234e-27)
(0 0 1.31234e-27)
(0 0 1.31234e-27)
(0 0 1.31234e-27)
(0 0 1.31234e-27)
(0 0 1.31234e-27)
(0 0 1.31234e-27)
(0 0 1.31234e-27)
(0 0 1.31234e-27)
)
;

boundaryField
{
    inlet
    {
        type            prescribedFracFlowVelocity;
        U               1((0 0 1.61572e-05));
        fractionalFlow  1;
        value           uniform (0 0 1.61572e-05);
    }
    outlet
    {
        type            zeroGradient;
    }
    emptyWalls
    {
        type            empty;
    }
}


// ************************************************************************* //
