/*--------------------------------*- C++ -*----------------------------------*\
  =========                 |
  \\      /  F ield         | OpenFOAM: The Open Source CFD Toolbox
   \\    /   O peration     | Website:  https://openfoam.org
    \\  /    A nd           | Version:  9
     \\/     M anipulation  |
\*---------------------------------------------------------------------------*/
FoamFile
{
    format      ascii;
    class       volScalarField;
    location    "12";
    object      krc;
}
// * * * * * * * * * * * * * * * * * * * * * * * * * * * * * * * * * * * * * //

dimensions      [0 0 0 0 0 0 0];

internalField   nonuniform List<scalar> 
1000
(
4.06272e-06
1.05688e-05
1.93047e-05
3.01543e-05
4.30366e-05
5.78871e-05
7.46512e-05
9.32809e-05
0.000113732
0.000135965
0.000159941
0.000185624
0.000212981
0.000241979
0.000272587
0.000304774
0.000338512
0.000373772
0.000410526
0.000448749
0.000488415
0.000529498
0.000571974
0.00061582
0.000661011
0.000707526
0.000755342
0.000804438
0.000854792
0.000906383
0.000959193
0.0010132
0.00106839
0.00112473
0.00118222
0.00124083
0.00130054
0.00136134
0.00142321
0.00148614
0.0015501
0.00161509
0.00168108
0.00174806
0.00181601
0.00188493
0.00195479
0.00202558
0.00209729
0.0021699
0.0022434
0.00231778
0.00239302
0.00246911
0.00254604
0.00262379
0.00270236
0.00278173
0.00286189
0.00294282
0.00302453
0.00310698
0.00319019
0.00327412
0.00335878
0.00344416
0.00353023
0.003617
0.00370445
0.00379257
0.00388136
0.0039708
0.00406089
0.00415161
0.00424296
0.00433492
0.0044275
0.00452068
0.00461444
0.0047088
0.00480373
0.00489922
0.00499528
0.00509189
0.00518904
0.00528674
0.00538496
0.0054837
0.00558296
0.00568273
0.005783
0.00588377
0.00598502
0.00608675
0.00618896
0.00629164
0.00639478
0.00649838
0.00660242
0.00670691
0.00681184
0.0069172
0.00702298
0.00712919
0.00723581
0.00734283
0.00745027
0.0075581
0.00766632
0.00777493
0.00788393
0.0079933
0.00810305
0.00821316
0.00832364
0.00843447
0.00854566
0.0086572
0.00876908
0.0088813
0.00899385
0.00910674
0.00921995
0.00933348
0.00944734
0.0095615
0.00967598
0.00979076
0.00990584
0.0100212
0.0101369
0.0102529
0.0103691
0.0104856
0.0106025
0.0107195
0.0108369
0.0109545
0.0110724
0.0111906
0.011309
0.0114276
0.0115466
0.0116657
0.0117851
0.0119048
0.0120247
0.0121448
0.0122651
0.0123857
0.0125065
0.0126276
0.0127488
0.0128703
0.012992
0.0131139
0.013236
0.0133583
0.0134808
0.0136035
0.0137264
0.0138496
0.0139729
0.0140964
0.01422
0.0143439
0.014468
0.0145922
0.0147166
0.0148412
0.014966
0.0150909
0.015216
0.0153413
0.0154667
0.0155923
0.0157181
0.015844
0.01597
0.0160963
0.0162227
0.0163492
0.0164759
0.0166027
0.0167297
0.0168568
0.016984
0.0171114
0.017239
0.0173666
0.0174944
0.0176223
0.0177504
0.0178786
0.0180069
0.0181353
0.0182639
0.0183926
0.0185214
0.0186503
0.0187793
0.0189085
0.0190378
0.0191671
0.0192966
0.0194262
0.0195559
0.0196857
0.0198156
0.0199456
0.0200758
0.020206
0.0203363
0.0204667
0.0205972
0.0207278
0.0208585
0.0209893
0.0211201
0.0212511
0.0213822
0.0215133
0.0216445
0.0217758
0.0219072
0.0220387
0.0221703
0.0223019
0.0224336
0.0225654
0.0226973
0.0228292
0.0229612
0.0230933
0.0232255
0.0233577
0.02349
0.0236223
0.0237548
0.0238873
0.0240198
0.0241525
0.0242852
0.0244179
0.0245507
0.0246836
0.0248165
0.0249495
0.0250826
0.0252157
0.0253489
0.0254821
0.0256154
0.0257487
0.0258821
0.0260155
0.026149
0.0262825
0.0264161
0.0265497
0.0266834
0.0268171
0.0269509
0.0270847
0.0272185
0.0273524
0.0274864
0.0276203
0.0277544
0.0278884
0.0280225
0.0281567
0.0282908
0.0284251
0.0285593
0.0286936
0.0288279
0.0289623
0.0290967
0.0292311
0.0293656
0.0295001
0.0296346
0.0297691
0.0299037
0.0300383
0.030173
0.0303076
0.0304423
0.0305771
0.0307118
0.0308466
0.0309814
0.0311162
0.0312511
0.031386
0.0315209
0.0316558
0.0317907
0.0319257
0.0320607
0.0321957
0.0323307
0.0324657
0.0326008
0.0327359
0.032871
0.0330061
0.0331412
0.0332764
0.0334116
0.0335467
0.0336819
0.0338172
0.0339524
0.0340876
0.0342229
0.0343581
0.0344934
0.0346287
0.034764
0.0348993
0.0350347
0.03517
0.0353053
0.0354407
0.0355761
0.0357114
0.0358468
0.0359822
0.0361176
0.036253
0.0363884
0.0365238
0.0366592
0.0367947
0.0369301
0.0370655
0.037201
0.0373364
0.0374719
0.0376073
0.0377428
0.0378783
0.0380137
0.0381492
0.0382847
0.0384201
0.0385556
0.0386911
0.0388266
0.038962
0.0390975
0.039233
0.0393684
0.0395039
0.0396394
0.0397749
0.0399103
0.0400458
0.0401813
0.0403167
0.0404522
0.0405876
0.0407231
0.0408585
0.040994
0.0411294
0.0412649
0.0414003
0.0415357
0.0416712
0.0418066
0.041942
0.0420774
0.0422128
0.0423482
0.0424836
0.042619
0.0427543
0.0428897
0.0430251
0.0431604
0.0432958
0.0434311
0.0435664
0.0437017
0.0438371
0.0439724
0.0441077
0.0442429
0.0443782
0.0445135
0.0446488
0.044784
0.0449192
0.0450545
0.0451897
0.0453249
0.0454601
0.0455953
0.0457304
0.0458656
0.0460008
0.0461359
0.046271
0.0464061
0.0465412
0.0466763
0.0468114
0.0469465
0.0470815
0.0472166
0.0473516
0.0474866
0.0476216
0.0477566
0.0478916
0.0480265
0.0481615
0.0482964
0.0484313
0.0485662
0.0487011
0.048836
0.0489709
0.0491057
0.0492405
0.0493754
0.0495102
0.049645
0.0497797
0.0499145
0.0500492
0.0501839
0.0503186
0.0504533
0.050588
0.0507227
0.0508573
0.0509919
0.0511266
0.0512611
0.0513957
0.0515303
0.0516648
0.0517994
0.0519339
0.0520684
0.0522028
0.0523373
0.0524717
0.0526062
0.0527406
0.0528749
0.0530093
0.0531437
0.053278
0.0534123
0.0535466
0.0536809
0.0538152
0.0539494
0.0540836
0.0542178
0.054352
0.0544862
0.0546203
0.0547545
0.0548886
0.0550227
0.0551567
0.0552908
0.0554248
0.0555589
0.0556928
0.0558268
0.0559608
0.0560947
0.0562286
0.0563625
0.0564964
0.0566303
0.0567641
0.056898
0.0570318
0.0571655
0.0572993
0.057433
0.0575668
0.0577005
0.0578342
0.0579678
0.0581015
0.0582351
0.0583687
0.0585023
0.0586358
0.0587694
0.0589029
0.0590364
0.0591699
0.0593033
0.0594368
0.0595702
0.0597036
0.059837
0.0599703
0.0601037
0.060237
0.0603703
0.0605036
0.0606368
0.0607701
0.0609033
0.0610365
0.0611696
0.0613028
0.0614359
0.061569
0.0617021
0.0618352
0.0619682
0.0621012
0.0622342
0.0623672
0.0625002
0.0626331
0.062766
0.0628989
0.0630318
0.0631647
0.0632975
0.0634303
0.0635631
0.0636959
0.0638286
0.0639614
0.0640941
0.0642268
0.0643594
0.0644921
0.0646247
0.0647573
0.0648899
0.0650225
0.065155
0.0652875
0.06542
0.0655525
0.0656849
0.0658174
0.0659498
0.0660822
0.0662146
0.0663469
0.0664792
0.0666115
0.0667438
0.0668761
0.0670083
0.0671406
0.0672728
0.0674049
0.0675371
0.0676692
0.0678014
0.0679335
0.0680655
0.0681976
0.0683296
0.0684616
0.0685936
0.0687256
0.0688576
0.0689895
0.0691214
0.0692533
0.0693852
0.069517
0.0696488
0.0697806
0.0699124
0.0700442
0.0701759
0.0703077
0.0704394
0.070571
0.0707027
0.0708343
0.070966
0.0710976
0.0712291
0.0713607
0.0714922
0.0716238
0.0717553
0.0718867
0.0720182
0.0721496
0.0722811
0.0724125
0.0725438
0.0726752
0.0728065
0.0729378
0.0730691
0.0732004
0.0733317
0.0734629
0.0735941
0.0737253
0.0738565
0.0739877
0.0741188
0.0742499
0.074381
0.0745121
0.0746432
0.0747742
0.0749053
0.0750363
0.0751673
0.0752982
0.0754292
0.0755601
0.075691
0.0758219
0.0759528
0.0760836
0.0762145
0.0763453
0.0764761
0.0766069
0.0767376
0.0768684
0.0769991
0.0771298
0.0772605
0.0773911
0.0775218
0.0776524
0.077783
0.0779136
0.0780442
0.0781748
0.0783053
0.0784358
0.0785663
0.0786968
0.0788273
0.0789578
0.0790882
0.0792186
0.079349
0.0794794
0.0796098
0.0797401
0.0798705
0.0800008
0.0801311
0.0802614
0.0803916
0.0805219
0.0806521
0.0807824
0.0809126
0.0810427
0.0811729
0.0813031
0.0814332
0.0815633
0.0816934
0.0818235
0.0819536
0.0820837
0.0822137
0.0823438
0.0824738
0.0826038
0.0827338
0.0828637
0.0829937
0.0831236
0.0832536
0.0833835
0.0835134
0.0836433
0.0837731
0.083903
0.0840328
0.0841627
0.0842925
0.0844223
0.0845521
0.0846818
0.0848116
0.0849414
0.0850711
0.0852008
0.0853305
0.0854602
0.0855899
0.0857196
0.0858493
0.0859789
0.0861086
0.0862382
0.0863678
0.0864974
0.086627
0.0867566
0.0868862
0.0870157
0.0871453
0.0872748
0.0874043
0.0875339
0.0876634
0.0877929
0.0879224
0.0880519
0.0881813
0.0883108
0.0884403
0.0885697
0.0886991
0.0888286
0.088958
0.0890874
0.0892168
0.0893462
0.0894756
0.089605
0.0897344
0.0898637
0.0899931
0.0901225
0.0902518
0.0903812
0.0905105
0.0906399
0.0907692
0.0908985
0.0910278
0.0911572
0.0912865
0.0914158
0.0915451
0.0916744
0.0918037
0.091933
0.0920623
0.0921916
0.0923209
0.0924502
0.0925795
0.0927088
0.0928381
0.0929674
0.0930967
0.093226
0.0933553
0.0934846
0.0936139
0.0937432
0.0938725
0.0940018
0.0941311
0.0942604
0.0943897
0.0945191
0.0946484
0.0947777
0.0949071
0.0950364
0.0951658
0.0952951
0.0954245
0.0955539
0.0956833
0.0958127
0.0959421
0.0960715
0.0962009
0.0963304
0.0964598
0.0965893
0.0967188
0.0968483
0.0969778
0.0971073
0.0972369
0.0973664
0.097496
0.0976256
0.0977552
0.0978849
0.0980145
0.0981442
0.0982739
0.0984036
0.0985334
0.0986632
0.098793
0.0989228
0.0990527
0.0991826
0.0993125
0.0994424
0.0995724
0.0997024
0.0998325
0.0999626
0.100093
0.100223
0.100353
0.100483
0.100614
0.100744
0.100874
0.101005
0.101135
0.101266
0.101396
0.101527
0.101658
0.101789
0.101919
0.10205
0.102181
0.102312
0.102443
0.102575
0.102706
0.102837
0.102968
0.1031
0.103232
0.103363
0.103495
0.103627
0.103759
0.103891
0.104023
0.104155
0.104287
0.10442
0.104553
0.104685
0.104818
0.104951
0.105084
0.105217
0.105351
0.105484
0.105618
0.105752
0.105886
0.10602
0.106155
0.10629
0.106424
0.106559
0.106695
0.10683
0.106966
0.107102
0.107238
0.107375
0.107511
0.107649
0.107786
0.107924
0.108062
0.1082
0.108339
0.108478
0.108617
0.108757
0.108897
0.109038
0.109179
0.109321
0.109463
0.109606
0.109749
0.109893
0.110038
0.110183
0.110329
0.110476
0.110623
0.110771
0.11092
0.11107
0.111221
0.111373
0.111526
0.11168
0.111836
0.111992
0.11215
0.112309
0.11247
0.112633
0.112797
0.112963
0.113131
0.113302
0.113474
0.113649
0.113827
0.114007
0.114191
0.114378
0.114568
0.114763
0.114961
0.115165
0.115373
0.115587
0.115807
0.116033
0.116267
0.116509
0.11676
0.117021
0.117293
0.117577
0.117876
0.118191
0.118524
0.118878
0.119255
0.119661
0.120098
0.120573
0.121093
0.121667
0.122305
0.123022
0.123838
0.124778
0.125877
0.127187
0.12878
0.130769
0.133334
0.136784
0.14169
0.14924
0.162363
0.190477
0.286542
0.234738
0.235302
0.232973
0.233
0.23245
0.229295
0.224898
0.221541
0.220085
0.220142
0.221049
0.222315
0.223642
0.224836
0.225757
0.226305
0.226437
0.226179
0.225638
0.224979
0.224372
0.223944
0.223751
0.223779
0.22397
0.22425
0.224542
0.224787
0.224947
0.225007
0.224973
0.224872
0.224736
0.224601
0.224496
0.224435
0.224423
0.224451
0.224507
0.224574
0.224636
0.224682
0.224707
0.22471
0.224696
)
;

boundaryField
{
    inlet
    {
        type            calculated;
        value           uniform 0;
    }
    outlet
    {
        type            calculated;
        value           uniform 0.224696;
    }
    emptyWalls
    {
        type            empty;
    }
}


// ************************************************************************* //
