/*--------------------------------*- C++ -*----------------------------------*\
  =========                 |
  \\      /  F ield         | OpenFOAM: The Open Source CFD Toolbox
   \\    /   O peration     | Website:  https://openfoam.org
    \\  /    A nd           | Version:  9
     \\/     M anipulation  |
\*---------------------------------------------------------------------------*/
FoamFile
{
    format      ascii;
    class       volVectorField;
    location    "2675";
    object      Uc;
}
// * * * * * * * * * * * * * * * * * * * * * * * * * * * * * * * * * * * * * //

dimensions      [0 0 0 0 0 0 0];

internalField   nonuniform List<vector> 
100
(
(0 0 2.59876e-08)
(0 0 4.34225e-08)
(0 0 8.32895e-08)
(0 0 1.33686e-07)
(0 0 1.95552e-07)
(0 0 2.62441e-07)
(0 0 3.27748e-07)
(0 0 3.92179e-07)
(0 0 4.55961e-07)
(0 0 5.19078e-07)
(0 0 5.81516e-07)
(0 0 6.43078e-07)
(0 0 7.03693e-07)
(0 0 7.63552e-07)
(0 0 8.2288e-07)
(0 0 8.81503e-07)
(0 0 9.39411e-07)
(0 0 9.96796e-07)
(0 0 1.05378e-06)
(0 0 1.11039e-06)
(0 0 1.16662e-06)
(0 0 1.22247e-06)
(0 0 1.27783e-06)
(0 0 1.33267e-06)
(0 0 1.3872e-06)
(0 0 1.44141e-06)
(0 0 1.49524e-06)
(0 0 1.54873e-06)
(0 0 1.60192e-06)
(0 0 1.65479e-06)
(0 0 1.70747e-06)
(0 0 1.7608e-06)
(0 0 1.81648e-06)
(0 0 1.87737e-06)
(0 0 1.94577e-06)
(0 0 2.02165e-06)
(0 0 2.10263e-06)
(0 0 2.18544e-06)
(0 0 2.26769e-06)
(0 0 2.34846e-06)
(0 0 2.4278e-06)
(0 0 2.506e-06)
(0 0 2.58341e-06)
(0 0 2.66035e-06)
(0 0 2.73703e-06)
(0 0 2.81361e-06)
(0 0 2.89014e-06)
(0 0 2.96667e-06)
(0 0 3.04321e-06)
(0 0 3.11968e-06)
(0 0 3.1959e-06)
(0 0 3.27145e-06)
(0 0 3.34541e-06)
(0 0 3.41584e-06)
(0 0 3.47953e-06)
(0 0 3.53367e-06)
(0 0 3.5779e-06)
(0 0 3.61429e-06)
(0 0 3.64592e-06)
(0 0 3.6757e-06)
(0 0 3.70639e-06)
(0 0 3.74153e-06)
(0 0 3.7861e-06)
(0 0 3.84747e-06)
(0 0 3.93235e-06)
(0 0 4.03295e-06)
(0 0 4.12891e-06)
(0 0 4.21298e-06)
(0 0 4.29138e-06)
(0 0 4.36812e-06)
(0 0 4.44464e-06)
(0 0 4.52162e-06)
(0 0 4.59959e-06)
(0 0 4.67896e-06)
(0 0 4.76009e-06)
(0 0 4.84327e-06)
(0 0 4.92873e-06)
(0 0 5.01666e-06)
(0 0 5.10717e-06)
(0 0 5.2003e-06)
(0 0 5.29602e-06)
(0 0 5.39417e-06)
(0 0 5.49424e-06)
(0 0 5.59411e-06)
(0 0 5.68406e-06)
(0 0 5.74903e-06)
(0 0 5.79125e-06)
(0 0 5.8257e-06)
(0 0 5.86018e-06)
(0 0 5.89756e-06)
(0 0 6.00157e-06)
(0 0 6.21548e-06)
(0 0 5.75393e-06)
(0 0 2.62891e-06)
(0 0 6.59593e-08)
(0 0 3.68581e-08)
(0 0 3.67363e-08)
(0 0 3.67358e-08)
(0 0 3.67358e-08)
(0 0 3.67358e-08)
)
;

boundaryField
{
    inlet
    {
        type            fixedValue;
        value           uniform (0 0 0);
    }
    outlet
    {
        type            zeroGradient;
    }
    emptyWalls
    {
        type            empty;
    }
}


// ************************************************************************* //
