/*--------------------------------*- C++ -*----------------------------------*\
  =========                 |
  \\      /  F ield         | OpenFOAM: The Open Source CFD Toolbox
   \\    /   O peration     | Website:  https://openfoam.org
    \\  /    A nd           | Version:  9
     \\/     M anipulation  |
\*---------------------------------------------------------------------------*/
FoamFile
{
    format      ascii;
    class       volScalarField;
    location    "12.9";
    object      Fa;
}
// * * * * * * * * * * * * * * * * * * * * * * * * * * * * * * * * * * * * * //

dimensions      [0 0 0 0 0 0 0];

internalField   nonuniform List<scalar> 
1000
(
0.709421
0.70942
0.70942
0.709419
0.709418
0.709416
0.709415
0.709414
0.709412
0.70941
0.709408
0.709406
0.709404
0.709401
0.709399
0.709396
0.709393
0.70939
0.709387
0.709384
0.70938
0.709377
0.709373
0.709369
0.709365
0.709361
0.709357
0.709353
0.709349
0.709344
0.709339
0.709335
0.70933
0.709325
0.70932
0.709314
0.709309
0.709304
0.709298
0.709292
0.709287
0.709281
0.709275
0.709269
0.709262
0.709256
0.70925
0.709243
0.709237
0.70923
0.709223
0.709216
0.709209
0.709202
0.709195
0.709188
0.70918
0.709173
0.709165
0.709158
0.70915
0.709142
0.709134
0.709126
0.709118
0.70911
0.709102
0.709093
0.709085
0.709076
0.709068
0.709059
0.70905
0.709041
0.709032
0.709023
0.709014
0.709005
0.708996
0.708987
0.708977
0.708968
0.708958
0.708949
0.708939
0.708929
0.708919
0.708909
0.708899
0.708889
0.708879
0.708869
0.708859
0.708848
0.708838
0.708827
0.708817
0.708806
0.708796
0.708785
0.708774
0.708763
0.708752
0.708741
0.70873
0.708719
0.708708
0.708697
0.708685
0.708674
0.708662
0.708651
0.708639
0.708628
0.708616
0.708604
0.708592
0.70858
0.708569
0.708557
0.708545
0.708532
0.70852
0.708508
0.708496
0.708483
0.708471
0.708459
0.708446
0.708434
0.708421
0.708408
0.708396
0.708383
0.70837
0.708357
0.708344
0.708331
0.708318
0.708305
0.708292
0.708279
0.708266
0.708252
0.708239
0.708226
0.708212
0.708199
0.708185
0.708172
0.708158
0.708145
0.708131
0.708117
0.708103
0.708089
0.708076
0.708062
0.708048
0.708034
0.70802
0.708006
0.707991
0.707977
0.707963
0.707949
0.707934
0.70792
0.707906
0.707891
0.707877
0.707862
0.707847
0.707833
0.707818
0.707803
0.707789
0.707774
0.707759
0.707744
0.707729
0.707714
0.707699
0.707684
0.707669
0.707654
0.707639
0.707624
0.707609
0.707593
0.707578
0.707563
0.707547
0.707532
0.707517
0.707501
0.707486
0.70747
0.707454
0.707439
0.707423
0.707407
0.707392
0.707376
0.70736
0.707344
0.707328
0.707312
0.707297
0.707281
0.707265
0.707249
0.707232
0.707216
0.7072
0.707184
0.707168
0.707152
0.707135
0.707119
0.707103
0.707086
0.70707
0.707053
0.707037
0.70702
0.707004
0.706987
0.706971
0.706954
0.706938
0.706921
0.706904
0.706887
0.706871
0.706854
0.706837
0.70682
0.706803
0.706786
0.706769
0.706752
0.706735
0.706718
0.706701
0.706684
0.706667
0.70665
0.706633
0.706615
0.706598
0.706581
0.706564
0.706546
0.706529
0.706512
0.706494
0.706477
0.706459
0.706442
0.706424
0.706407
0.706389
0.706372
0.706354
0.706336
0.706319
0.706301
0.706283
0.706266
0.706248
0.70623
0.706212
0.706194
0.706176
0.706159
0.706141
0.706123
0.706105
0.706087
0.706069
0.706051
0.706033
0.706014
0.705996
0.705978
0.70596
0.705942
0.705924
0.705905
0.705887
0.705869
0.705851
0.705832
0.705814
0.705796
0.705777
0.705759
0.70574
0.705722
0.705703
0.705685
0.705666
0.705648
0.705629
0.705611
0.705592
0.705573
0.705555
0.705536
0.705517
0.705498
0.70548
0.705461
0.705442
0.705423
0.705404
0.705386
0.705367
0.705348
0.705329
0.70531
0.705291
0.705272
0.705253
0.705234
0.705215
0.705196
0.705177
0.705158
0.705139
0.705119
0.7051
0.705081
0.705062
0.705043
0.705023
0.705004
0.704985
0.704966
0.704946
0.704927
0.704908
0.704888
0.704869
0.704849
0.70483
0.704811
0.704791
0.704772
0.704752
0.704733
0.704713
0.704693
0.704674
0.704654
0.704635
0.704615
0.704595
0.704576
0.704556
0.704536
0.704517
0.704497
0.704477
0.704457
0.704438
0.704418
0.704398
0.704378
0.704358
0.704338
0.704318
0.704299
0.704279
0.704259
0.704239
0.704219
0.704199
0.704179
0.704159
0.704139
0.704119
0.704098
0.704078
0.704058
0.704038
0.704018
0.703998
0.703978
0.703957
0.703937
0.703917
0.703897
0.703877
0.703856
0.703836
0.703816
0.703795
0.703775
0.703755
0.703734
0.703714
0.703694
0.703673
0.703653
0.703632
0.703612
0.703591
0.703571
0.70355
0.70353
0.703509
0.703489
0.703468
0.703448
0.703427
0.703406
0.703386
0.703365
0.703344
0.703324
0.703303
0.703282
0.703262
0.703241
0.70322
0.7032
0.703179
0.703158
0.703137
0.703116
0.703096
0.703075
0.703054
0.703033
0.703012
0.702991
0.70297
0.702949
0.702928
0.702908
0.702887
0.702866
0.702845
0.702824
0.702803
0.702782
0.702761
0.702739
0.702718
0.702697
0.702676
0.702655
0.702634
0.702613
0.702592
0.702571
0.702549
0.702528
0.702507
0.702486
0.702465
0.702443
0.702422
0.702401
0.70238
0.702358
0.702337
0.702316
0.702294
0.702273
0.702252
0.70223
0.702209
0.702188
0.702166
0.702145
0.702123
0.702102
0.70208
0.702059
0.702038
0.702016
0.701995
0.701973
0.701952
0.70193
0.701908
0.701887
0.701865
0.701844
0.701822
0.701801
0.701779
0.701757
0.701736
0.701714
0.701692
0.701671
0.701649
0.701627
0.701606
0.701584
0.701562
0.70154
0.701519
0.701497
0.701475
0.701453
0.701432
0.70141
0.701388
0.701366
0.701344
0.701322
0.701301
0.701279
0.701257
0.701235
0.701213
0.701191
0.701169
0.701147
0.701125
0.701103
0.701081
0.701059
0.701037
0.701015
0.700993
0.700971
0.700949
0.700927
0.700905
0.700883
0.700861
0.700839
0.700817
0.700795
0.700773
0.70075
0.700728
0.700706
0.700684
0.700662
0.70064
0.700617
0.700595
0.700573
0.700551
0.700529
0.700506
0.700484
0.700462
0.70044
0.700417
0.700395
0.700373
0.70035
0.700328
0.700306
0.700283
0.700261
0.700239
0.700216
0.700194
0.700171
0.700149
0.700127
0.700104
0.700082
0.700059
0.700037
0.700014
0.699992
0.69997
0.699947
0.699925
0.699902
0.69988
0.699857
0.699834
0.699812
0.699789
0.699767
0.699744
0.699722
0.699699
0.699676
0.699654
0.699631
0.699609
0.699586
0.699563
0.699541
0.699518
0.699495
0.699473
0.69945
0.699427
0.699404
0.699382
0.699359
0.699336
0.699314
0.699291
0.699268
0.699245
0.699222
0.6992
0.699177
0.699154
0.699131
0.699108
0.699086
0.699063
0.69904
0.699017
0.698994
0.698971
0.698948
0.698925
0.698903
0.69888
0.698857
0.698834
0.698811
0.698788
0.698765
0.698742
0.698719
0.698696
0.698673
0.69865
0.698627
0.698604
0.698581
0.698558
0.698535
0.698512
0.698489
0.698466
0.698443
0.698419
0.698396
0.698373
0.69835
0.698327
0.698304
0.698281
0.698258
0.698234
0.698211
0.698188
0.698165
0.698142
0.698119
0.698095
0.698072
0.698049
0.698026
0.698002
0.697979
0.697956
0.697933
0.697909
0.697886
0.697863
0.69784
0.697816
0.697793
0.69777
0.697746
0.697723
0.6977
0.697676
0.697653
0.69763
0.697606
0.697583
0.697559
0.697536
0.697513
0.697489
0.697466
0.697442
0.697419
0.697395
0.697372
0.697348
0.697325
0.697302
0.697278
0.697255
0.697231
0.697208
0.697184
0.69716
0.697137
0.697113
0.69709
0.697066
0.697043
0.697019
0.696996
0.696972
0.696948
0.696925
0.696901
0.696878
0.696854
0.69683
0.696807
0.696783
0.696759
0.696736
0.696712
0.696688
0.696665
0.696641
0.696617
0.696593
0.69657
0.696546
0.696522
0.696499
0.696475
0.696451
0.696427
0.696403
0.69638
0.696356
0.696332
0.696308
0.696284
0.696261
0.696237
0.696213
0.696189
0.696165
0.696141
0.696117
0.696094
0.69607
0.696046
0.696022
0.695998
0.695974
0.69595
0.695926
0.695902
0.695878
0.695854
0.69583
0.695806
0.695782
0.695759
0.695735
0.695711
0.695686
0.695662
0.695638
0.695614
0.69559
0.695566
0.695542
0.695518
0.695494
0.69547
0.695446
0.695422
0.695398
0.695374
0.69535
0.695325
0.695301
0.695277
0.695253
0.695229
0.695205
0.69518
0.695156
0.695132
0.695108
0.695084
0.695059
0.695035
0.695011
0.694987
0.694962
0.694938
0.694914
0.69489
0.694865
0.694841
0.694817
0.694792
0.694768
0.694744
0.694719
0.694695
0.694671
0.694646
0.694622
0.694598
0.694573
0.694549
0.694525
0.6945
0.694476
0.694451
0.694427
0.694402
0.694378
0.694353
0.694329
0.694304
0.69428
0.694256
0.694231
0.694206
0.694182
0.694157
0.694133
0.694108
0.694084
0.694059
0.694035
0.69401
0.693985
0.693961
0.693936
0.693912
0.693887
0.693862
0.693838
0.693813
0.693788
0.693764
0.693739
0.693714
0.693689
0.693665
0.69364
0.693615
0.69359
0.693566
0.693541
0.693516
0.693491
0.693466
0.693442
0.693417
0.693392
0.693367
0.693342
0.693317
0.693292
0.693267
0.693242
0.693218
0.693193
0.693168
0.693143
0.693118
0.693093
0.693068
0.693043
0.693018
0.692992
0.692967
0.692942
0.692917
0.692892
0.692867
0.692842
0.692817
0.692792
0.692766
0.692741
0.692716
0.692691
0.692665
0.69264
0.692615
0.69259
0.692564
0.692539
0.692514
0.692488
0.692463
0.692437
0.692412
0.692386
0.692361
0.692335
0.69231
0.692284
0.692259
0.692233
0.692208
0.692182
0.692156
0.692131
0.692105
0.692079
0.692054
0.692028
0.692002
0.691976
0.69195
0.691924
0.691898
0.691872
0.691846
0.69182
0.691794
0.691768
0.691742
0.691716
0.69169
0.691664
0.691637
0.691611
0.691585
0.691558
0.691532
0.691505
0.691479
0.691452
0.691426
0.691399
0.691372
0.691345
0.691319
0.691292
0.691265
0.691238
0.691211
0.691183
0.691156
0.691129
0.691102
0.691074
0.691047
0.691019
0.690991
0.690964
0.690936
0.690908
0.69088
0.690851
0.690823
0.690795
0.690766
0.690737
0.690709
0.69068
0.690651
0.690621
0.690592
0.690562
0.690532
0.690503
0.690472
0.690442
0.690411
0.690381
0.69035
0.690318
0.690287
0.690255
0.690222
0.69019
0.690157
0.690124
0.69009
0.690056
0.690021
0.689986
0.689951
0.689915
0.689878
0.689841
0.689802
0.689764
0.689724
0.689683
0.689642
0.689599
0.689555
0.68951
0.689464
0.689416
0.689366
0.689315
0.689261
0.689205
0.689147
)
;

boundaryField
{
    inlet
    {
        type            calculated;
        value           uniform 0.709421;
    }
    outlet
    {
        type            calculated;
        value           uniform 0.689147;
    }
    emptyWalls
    {
        type            empty;
    }
}


// ************************************************************************* //
