/*--------------------------------*- C++ -*----------------------------------*\
  =========                 |
  \\      /  F ield         | OpenFOAM: The Open Source CFD Toolbox
   \\    /   O peration     | Website:  https://openfoam.org
    \\  /    A nd           | Version:  9
     \\/     M anipulation  |
\*---------------------------------------------------------------------------*/
FoamFile
{
    format      ascii;
    class       volScalarField;
    location    "15";
    object      kra;
}
// * * * * * * * * * * * * * * * * * * * * * * * * * * * * * * * * * * * * * //

dimensions      [0 0 0 0 0 0 0];

internalField   nonuniform List<scalar> 
1000
(
0.0147451
0.0147157
0.0146886
0.0146626
0.0146372
0.0146123
0.0145878
0.0145636
0.0145398
0.0145161
0.0144927
0.0144695
0.0144464
0.0144236
0.0144009
0.0143784
0.0143561
0.0143339
0.0143118
0.0142899
0.0142682
0.0142465
0.014225
0.0142037
0.0141824
0.0141613
0.0141403
0.0141194
0.0140987
0.0140781
0.0140575
0.0140371
0.0140168
0.0139966
0.0139765
0.0139566
0.0139367
0.0139169
0.0138973
0.0138777
0.0138582
0.0138389
0.0138196
0.0138004
0.0137813
0.0137624
0.0137435
0.0137247
0.013706
0.0136874
0.0136688
0.0136504
0.0136321
0.0136138
0.0135956
0.0135775
0.0135595
0.0135416
0.0135238
0.013506
0.0134883
0.0134707
0.0134532
0.0134358
0.0134184
0.0134012
0.0133839
0.0133668
0.0133498
0.0133328
0.0133159
0.0132991
0.0132823
0.0132656
0.013249
0.0132325
0.013216
0.0131996
0.0131833
0.013167
0.0131508
0.0131347
0.0131187
0.0131027
0.0130868
0.0130709
0.0130551
0.0130394
0.0130237
0.0130081
0.0129926
0.0129771
0.0129617
0.0129464
0.0129311
0.0129158
0.0129007
0.0128856
0.0128705
0.0128555
0.0128406
0.0128257
0.0128109
0.0127962
0.0127815
0.0127668
0.0127523
0.0127377
0.0127232
0.0127088
0.0126945
0.0126802
0.0126659
0.0126517
0.0126375
0.0126234
0.0126094
0.0125954
0.0125815
0.0125676
0.0125537
0.0125399
0.0125262
0.0125125
0.0124989
0.0124853
0.0124717
0.0124583
0.0124448
0.0124314
0.0124181
0.0124048
0.0123915
0.0123783
0.0123651
0.012352
0.0123389
0.0123259
0.0123129
0.0123
0.0122871
0.0122743
0.0122615
0.0122487
0.012236
0.0122233
0.0122107
0.0121981
0.0121856
0.0121731
0.0121606
0.0121482
0.0121358
0.0121235
0.0121112
0.0120989
0.0120867
0.0120745
0.0120624
0.0120503
0.0120383
0.0120262
0.0120143
0.0120023
0.0119904
0.0119786
0.0119667
0.0119549
0.0119432
0.0119315
0.0119198
0.0119082
0.0118966
0.011885
0.0118735
0.011862
0.0118505
0.0118391
0.0118277
0.0118164
0.0118051
0.0117938
0.0117826
0.0117713
0.0117602
0.011749
0.0117379
0.0117268
0.0117158
0.0117048
0.0116938
0.0116829
0.011672
0.0116611
0.0116503
0.0116394
0.0116287
0.0116179
0.0116072
0.0115965
0.0115859
0.0115752
0.0115646
0.0115541
0.0115436
0.0115331
0.0115226
0.0115122
0.0115017
0.0114914
0.011481
0.0114707
0.0114604
0.0114502
0.0114399
0.0114297
0.0114196
0.0114094
0.0113993
0.0113892
0.0113791
0.0113691
0.0113591
0.0113491
0.0113392
0.0113293
0.0113194
0.0113095
0.0112997
0.0112899
0.0112801
0.0112703
0.0112606
0.0112509
0.0112412
0.0112316
0.0112219
0.0112123
0.0112028
0.0111932
0.0111837
0.0111742
0.0111647
0.0111553
0.0111459
0.0111365
0.0111271
0.0111177
0.0111084
0.0110991
0.0110898
0.0110806
0.0110714
0.0110622
0.011053
0.0110438
0.0110347
0.0110256
0.0110165
0.0110075
0.0109984
0.0109894
0.0109804
0.0109714
0.0109625
0.0109536
0.0109447
0.0109358
0.0109269
0.0109181
0.0109093
0.0109005
0.0108917
0.010883
0.0108743
0.0108656
0.0108569
0.0108482
0.0108396
0.010831
0.0108224
0.0108138
0.0108053
0.0107967
0.0107882
0.0107797
0.0107713
0.0107628
0.0107544
0.010746
0.0107376
0.0107292
0.0107209
0.0107126
0.0107043
0.010696
0.0106877
0.0106794
0.0106712
0.010663
0.0106548
0.0106467
0.0106385
0.0106304
0.0106223
0.0106142
0.0106061
0.010598
0.01059
0.010582
0.010574
0.010566
0.010558
0.0105501
0.0105422
0.0105343
0.0105264
0.0105185
0.0105106
0.0105028
0.010495
0.0104872
0.0104794
0.0104716
0.0104639
0.0104562
0.0104484
0.0104408
0.0104331
0.0104254
0.0104178
0.0104101
0.0104025
0.0103949
0.0103874
0.0103798
0.0103723
0.0103647
0.0103572
0.0103497
0.0103423
0.0103348
0.0103274
0.0103199
0.0103125
0.0103051
0.0102977
0.0102904
0.010283
0.0102757
0.0102684
0.0102611
0.0102538
0.0102465
0.0102393
0.010232
0.0102248
0.0102176
0.0102104
0.0102032
0.0101961
0.0101889
0.0101818
0.0101747
0.0101676
0.0101605
0.0101534
0.0101464
0.0101393
0.0101323
0.0101253
0.0101183
0.0101113
0.0101044
0.0100974
0.0100905
0.0100835
0.0100766
0.0100697
0.0100628
0.010056
0.0100491
0.0100423
0.0100355
0.0100286
0.0100218
0.0100151
0.0100083
0.0100015
0.00999479
0.00998805
0.00998134
0.00997463
0.00996794
0.00996127
0.0099546
0.00994795
0.00994132
0.00993469
0.00992808
0.00992149
0.0099149
0.00990833
0.00990177
0.00989523
0.00988869
0.00988217
0.00987567
0.00986917
0.00986269
0.00985622
0.00984977
0.00984332
0.00983689
0.00983047
0.00982407
0.00981767
0.00981129
0.00980492
0.00979856
0.00979222
0.00978588
0.00977956
0.00977326
0.00976696
0.00976067
0.0097544
0.00974814
0.00974189
0.00973565
0.00972943
0.00972322
0.00971701
0.00971082
0.00970464
0.00969848
0.00969232
0.00968618
0.00968005
0.00967392
0.00966781
0.00966172
0.00965563
0.00964955
0.00964349
0.00963744
0.00963139
0.00962536
0.00961934
0.00961333
0.00960734
0.00960135
0.00959537
0.00958941
0.00958345
0.00957751
0.00957158
0.00956566
0.00955974
0.00955384
0.00954795
0.00954208
0.00953621
0.00953035
0.0095245
0.00951866
0.00951284
0.00950702
0.00950122
0.00949542
0.00948964
0.00948386
0.0094781
0.00947234
0.0094666
0.00946086
0.00945514
0.00944943
0.00944372
0.00943803
0.00943234
0.00942667
0.00942101
0.00941535
0.00940971
0.00940407
0.00939845
0.00939283
0.00938723
0.00938163
0.00937605
0.00937047
0.00936491
0.00935935
0.0093538
0.00934826
0.00934274
0.00933722
0.00933171
0.00932621
0.00932072
0.00931524
0.00930976
0.0093043
0.00929885
0.0092934
0.00928797
0.00928254
0.00927713
0.00927172
0.00926632
0.00926093
0.00925555
0.00925018
0.00924482
0.00923946
0.00923412
0.00922878
0.00922346
0.00921814
0.00921283
0.00920753
0.00920224
0.00919695
0.00919168
0.00918642
0.00918116
0.00917591
0.00917067
0.00916544
0.00916022
0.009155
0.0091498
0.0091446
0.00913941
0.00913423
0.00912906
0.0091239
0.00911874
0.0091136
0.00910846
0.00910333
0.00909821
0.0090931
0.00908799
0.00908289
0.0090778
0.00907272
0.00906765
0.00906259
0.00905753
0.00905248
0.00904744
0.00904241
0.00903739
0.00903237
0.00902736
0.00902236
0.00901737
0.00901238
0.00900741
0.00900244
0.00899748
0.00899252
0.00898758
0.00898264
0.00897771
0.00897278
0.00896787
0.00896296
0.00895806
0.00895317
0.00894829
0.00894341
0.00893854
0.00893368
0.00892882
0.00892397
0.00891914
0.0089143
0.00890948
0.00890466
0.00889985
0.00889505
0.00889025
0.00888546
0.00888068
0.00887591
0.00887114
0.00886638
0.00886163
0.00885689
0.00885215
0.00884742
0.0088427
0.00883798
0.00883327
0.00882857
0.00882387
0.00881919
0.00881451
0.00880983
0.00880516
0.0088005
0.00879585
0.0087912
0.00878657
0.00878193
0.00877731
0.00877269
0.00876808
0.00876347
0.00875887
0.00875428
0.0087497
0.00874512
0.00874055
0.00873598
0.00873142
0.00872687
0.00872233
0.00871779
0.00871326
0.00870873
0.00870421
0.0086997
0.0086952
0.0086907
0.00868621
0.00868172
0.00867724
0.00867277
0.0086683
0.00866384
0.00865939
0.00865494
0.0086505
0.00864606
0.00864164
0.00863721
0.0086328
0.00862839
0.00862399
0.00861959
0.0086152
0.00861081
0.00860643
0.00860206
0.0085977
0.00859334
0.00858898
0.00858464
0.00858029
0.00857596
0.00857163
0.00856731
0.00856299
0.00855868
0.00855437
0.00855007
0.00854578
0.00854149
0.00853721
0.00853294
0.00852867
0.0085244
0.00852014
0.00851589
0.00851165
0.00850741
0.00850317
0.00849894
0.00849472
0.0084905
0.00848629
0.00848209
0.00847789
0.00847369
0.0084695
0.00846532
0.00846115
0.00845697
0.00845281
0.00844865
0.00844449
0.00844035
0.0084362
0.00843206
0.00842793
0.00842381
0.00841968
0.00841557
0.00841146
0.00840736
0.00840326
0.00839916
0.00839507
0.00839099
0.00838691
0.00838284
0.00837878
0.00837472
0.00837066
0.00836661
0.00836257
0.00835853
0.00835449
0.00835046
0.00834644
0.00834242
0.00833841
0.0083344
0.0083304
0.0083264
0.00832241
0.00831842
0.00831444
0.00831046
0.00830649
0.00830253
0.00829856
0.00829461
0.00829066
0.00828671
0.00828277
0.00827884
0.00827491
0.00827098
0.00826706
0.00826314
0.00825923
0.00825533
0.00825143
0.00824753
0.00824364
0.00823976
0.00823588
0.008232
0.00822813
0.00822427
0.0082204
0.00821655
0.0082127
0.00820885
0.00820501
0.00820117
0.00819734
0.00819352
0.00818969
0.00818588
0.00818206
0.00817826
0.00817445
0.00817066
0.00816686
0.00816307
0.00815929
0.00815551
0.00815174
0.00814797
0.0081442
0.00814044
0.00813668
0.00813293
0.00812919
0.00812544
0.00812171
0.00811797
0.00811425
0.00811052
0.0081068
0.00810309
0.00809938
0.00809567
0.00809197
0.00808828
0.00808458
0.0080809
0.00807721
0.00807354
0.00806986
0.00806619
0.00806253
0.00805887
0.00805521
0.00805156
0.00804791
0.00804427
0.00804063
0.008037
0.00803337
0.00802974
0.00802612
0.0080225
0.00801889
0.00801528
0.00801168
0.00800808
0.00800448
0.00800089
0.0079973
0.00799372
0.00799014
0.00798657
0.007983
0.00797943
0.00797587
0.00797231
0.00796876
0.00796521
0.00796166
0.00795812
0.00795459
0.00795105
0.00794753
0.007944
0.00794048
0.00793697
0.00793345
0.00792995
0.00792644
0.00792294
0.00791945
0.00791595
0.00791247
0.00790898
0.0079055
0.00790203
0.00789856
0.00789509
0.00789162
0.00788816
0.00788471
0.00788126
0.00787781
0.00787436
0.00787092
0.00786749
0.00786406
0.00786063
0.0078572
0.00785378
0.00785036
0.00784695
0.00784354
0.00784014
0.00783674
0.00783334
0.00782994
0.00782655
0.00782317
0.00781979
0.00781641
0.00781303
0.00780966
0.00780629
0.00780293
0.00779957
0.00779621
0.00779286
0.00778951
0.00778617
0.00778282
0.00777949
0.00777615
0.00777282
0.0077695
0.00776617
0.00776285
0.00775954
0.00775622
0.00775292
0.00774961
0.00774631
0.00774301
0.00773972
0.00773643
0.00773314
0.00772985
0.00772657
0.0077233
0.00772002
0.00771675
0.00771349
0.00771023
0.00770697
0.00770371
0.00770046
0.00769721
0.00769397
0.00769072
0.00768749
0.00768425
0.00768102
0.00767779
0.00767457
0.00767134
0.00766813
0.00766491
0.0076617
0.00765849
0.00765529
0.00765209
0.00764889
0.0076457
0.0076425
0.00763932
0.00763613
0.00763295
0.00762977
0.0076266
0.00762343
0.00762026
0.00761709
0.00761393
0.00761077
0.00760762
0.00760447
0.00760132
0.00759817
0.00759503
0.00759189
0.00758876
0.00758562
0.00758249
0.00757937
0.00757624
0.00757312
0.00757001
0.00756689
0.00756378
0.00756067
0.00755757
0.00755447
0.00755137
0.00754827
0.00754518
0.00754209
0.007539
0.00753592
0.00753284
0.00752976
0.00752669
0.00752362
0.00752055
0.00751748
0.00751442
0.00751136
0.00750831
0.00750525
0.0075022
0.00749915
0.00749611
0.00749307
0.00749003
0.00748699
0.00748396
0.00748093
0.0074779
0.00747488
0.00747186
0.00746884
0.00746582
0.00746281
0.0074598
0.00745679
0.00745378
0.00745078
0.00744778
0.00744479
0.00744179
0.0074388
0.00743581
0.00743283
0.00742984
0.00742686
0.00742389
0.00742091
0.00741794
0.00741497
0.007412
0.00740904
0.00740607
0.00740311
0.00740016
0.0073972
0.00739425
0.0073913
0.00738836
0.00738541
0.00738247
0.00737953
0.00737659
0.00737366
0.00737073
0.0073678
0.00736487
0.00736195
0.00735903
0.00735611
)
;

boundaryField
{
    inlet
    {
        type            calculated;
        value           uniform 0.0147929;
    }
    outlet
    {
        type            calculated;
        value           uniform 0.00735611;
    }
    emptyWalls
    {
        type            empty;
    }
}


// ************************************************************************* //
