/*--------------------------------*- C++ -*----------------------------------*\
  =========                 |
  \\      /  F ield         | OpenFOAM: The Open Source CFD Toolbox
   \\    /   O peration     | Website:  https://openfoam.org
    \\  /    A nd           | Version:  9
     \\/     M anipulation  |
\*---------------------------------------------------------------------------*/
FoamFile
{
    format      ascii;
    class       volScalarField;
    location    "19.1";
    object      krc;
}
// * * * * * * * * * * * * * * * * * * * * * * * * * * * * * * * * * * * * * //

dimensions      [0 0 0 0 0 0 0];

internalField   nonuniform List<scalar> 
1000
(
1.62784e-06
4.24446e-06
7.77002e-06
1.21633e-05
1.73968e-05
2.34491e-05
3.03029e-05
3.79431e-05
4.63561e-05
5.55295e-05
6.54519e-05
7.61123e-05
8.75006e-05
9.96068e-05
0.000112422
0.000125936
0.000140141
0.000155028
0.000170588
0.000186815
0.000203699
0.000221233
0.00023941
0.000258221
0.00027766
0.00029772
0.000318394
0.000339674
0.000361555
0.000384029
0.00040709
0.000430731
0.000454946
0.000479729
0.000505075
0.000530975
0.000557426
0.000584421
0.000611954
0.00064002
0.000668613
0.000697727
0.000727357
0.000757498
0.000788144
0.000819291
0.000850932
0.000883064
0.00091568
0.000948777
0.000982348
0.00101639
0.0010509
0.00108587
0.00112129
0.00115717
0.00119349
0.00123026
0.00126746
0.0013051
0.00134317
0.00138166
0.00142057
0.00145991
0.00149965
0.00153981
0.00158036
0.00162132
0.00166268
0.00170443
0.00174657
0.0017891
0.001832
0.00187529
0.00191895
0.00196298
0.00200738
0.00205215
0.00209727
0.00214275
0.00218859
0.00223477
0.00228131
0.00232818
0.0023754
0.00242296
0.00247085
0.00251907
0.00256762
0.00261649
0.00266569
0.00271521
0.00276504
0.00281518
0.00286564
0.0029164
0.00296747
0.00301884
0.00307051
0.00312248
0.00317473
0.00322728
0.00328012
0.00333325
0.00338665
0.00344034
0.00349431
0.00354855
0.00360307
0.00365785
0.0037129
0.00376822
0.00382381
0.00387965
0.00393575
0.00399211
0.00404872
0.00410559
0.0041627
0.00422007
0.00427767
0.00433552
0.00439361
0.00445194
0.00451051
0.00456931
0.00462834
0.00468761
0.0047471
0.00480682
0.00486676
0.00492693
0.00498731
0.00504792
0.00510874
0.00516978
0.00523103
0.00529249
0.00535416
0.00541604
0.00547812
0.00554041
0.0056029
0.00566559
0.00572848
0.00579156
0.00585484
0.00591832
0.00598198
0.00604584
0.00610989
0.00617412
0.00623854
0.00630314
0.00636793
0.00643289
0.00649804
0.00656336
0.00662886
0.00669453
0.00676038
0.0068264
0.00689258
0.00695894
0.00702547
0.00709216
0.00715901
0.00722603
0.00729321
0.00736056
0.00742806
0.00749571
0.00756353
0.0076315
0.00769962
0.0077679
0.00783633
0.00790491
0.00797363
0.00804251
0.00811153
0.00818069
0.00825
0.00831946
0.00838905
0.00845879
0.00852866
0.00859867
0.00866882
0.0087391
0.00880952
0.00888008
0.00895076
0.00902158
0.00909252
0.0091636
0.0092348
0.00930613
0.00937759
0.00944917
0.00952087
0.0095927
0.00966465
0.00973672
0.00980891
0.00988122
0.00995365
0.0100262
0.0100989
0.0101716
0.0102445
0.0103175
0.0103906
0.0104639
0.0105372
0.0106106
0.0106842
0.0107579
0.0108316
0.0109055
0.0109795
0.0110536
0.0111277
0.011202
0.0112764
0.0113509
0.0114255
0.0115002
0.011575
0.0116499
0.0117249
0.0117999
0.0118751
0.0119504
0.0120257
0.0121012
0.0121767
0.0122524
0.0123281
0.0124039
0.0124798
0.0125558
0.0126319
0.0127081
0.0127843
0.0128607
0.0129371
0.0130136
0.0130902
0.0131669
0.0132436
0.0133205
0.0133974
0.0134744
0.0135515
0.0136286
0.0137059
0.0137832
0.0138606
0.013938
0.0140156
0.0140932
0.0141709
0.0142487
0.0143265
0.0144044
0.0144824
0.0145604
0.0146386
0.0147168
0.014795
0.0148734
0.0149518
0.0150302
0.0151088
0.0151874
0.015266
0.0153448
0.0154236
0.0155024
0.0155814
0.0156603
0.0157394
0.0158185
0.0158977
0.0159769
0.0160562
0.0161356
0.016215
0.0162945
0.016374
0.0164536
0.0165333
0.016613
0.0166928
0.0167726
0.0168525
0.0169324
0.0170124
0.0170925
0.0171726
0.0172527
0.0173329
0.0174132
0.0174935
0.0175739
0.0176543
0.0177347
0.0178153
0.0178958
0.0179764
0.0180571
0.0181378
0.0182186
0.0182994
0.0183803
0.0184612
0.0185421
0.0186231
0.0187042
0.0187852
0.0188664
0.0189476
0.0190288
0.0191101
0.0191914
0.0192727
0.0193541
0.0194356
0.0195171
0.0195986
0.0196801
0.0197618
0.0198434
0.0199251
0.0200068
0.0200886
0.0201704
0.0202522
0.0203341
0.0204161
0.020498
0.02058
0.0206621
0.0207441
0.0208262
0.0209084
0.0209906
0.0210728
0.021155
0.0212373
0.0213196
0.021402
0.0214844
0.0215668
0.0216493
0.0217318
0.0218143
0.0218968
0.0219794
0.0220621
0.0221447
0.0222274
0.0223101
0.0223928
0.0224756
0.0225584
0.0226413
0.0227241
0.022807
0.0228899
0.0229729
0.0230559
0.0231389
0.0232219
0.023305
0.0233881
0.0234712
0.0235544
0.0236375
0.0237207
0.023804
0.0238872
0.0239705
0.0240538
0.0241371
0.0242205
0.0243038
0.0243872
0.0244707
0.0245541
0.0246376
0.0247211
0.0248046
0.0248882
0.0249717
0.0250553
0.0251389
0.0252226
0.0253062
0.0253899
0.0254736
0.0255573
0.0256411
0.0257248
0.0258086
0.0258924
0.0259762
0.0260601
0.0261439
0.0262278
0.0263117
0.0263956
0.0264796
0.0265635
0.0266475
0.0267315
0.0268155
0.0268995
0.0269836
0.0270677
0.0271517
0.0272358
0.02732
0.0274041
0.0274882
0.0275724
0.0276566
0.0277408
0.027825
0.0279092
0.0279935
0.0280777
0.028162
0.0282463
0.0283306
0.0284149
0.0284993
0.0285836
0.028668
0.0287524
0.0288368
0.0289212
0.0290056
0.02909
0.0291745
0.0292589
0.0293434
0.0294279
0.0295124
0.0295969
0.0296814
0.0297659
0.0298505
0.029935
0.0300196
0.0301042
0.0301887
0.0302733
0.030358
0.0304426
0.0305272
0.0306119
0.0306965
0.0307812
0.0308658
0.0309505
0.0310352
0.0311199
0.0312046
0.0312894
0.0313741
0.0314588
0.0315436
0.0316283
0.0317131
0.0317979
0.0318827
0.0319674
0.0320522
0.032137
0.0322219
0.0323067
0.0323915
0.0324764
0.0325612
0.032646
0.0327309
0.0328158
0.0329006
0.0329855
0.0330704
0.0331553
0.0332402
0.0333251
0.03341
0.0334949
0.0335799
0.0336648
0.0337497
0.0338347
0.0339196
0.0340046
0.0340895
0.0341745
0.0342595
0.0343444
0.0344294
0.0345144
0.0345994
0.0346844
0.0347694
0.0348544
0.0349394
0.0350244
0.0351094
0.0351944
0.0352794
0.0353644
0.0354495
0.0355345
0.0356195
0.0357046
0.0357896
0.0358747
0.0359597
0.0360448
0.0361298
0.0362149
0.0362999
0.036385
0.03647
0.0365551
0.0366402
0.0367252
0.0368103
0.0368954
0.0369805
0.0370655
0.0371506
0.0372357
0.0373208
0.0374059
0.0374909
0.037576
0.0376611
0.0377462
0.0378313
0.0379164
0.0380015
0.0380866
0.0381717
0.0382568
0.0383419
0.038427
0.038512
0.0385971
0.0386822
0.0387673
0.0388524
0.0389375
0.0390226
0.0391077
0.0391928
0.0392779
0.039363
0.0394481
0.0395332
0.0396183
0.0397034
0.0397885
0.0398736
0.0399587
0.0400438
0.0401288
0.0402139
0.040299
0.0403841
0.0404692
0.0405543
0.0406394
0.0407244
0.0408095
0.0408946
0.0409797
0.0410648
0.0411498
0.0412349
0.04132
0.041405
0.0414901
0.0415752
0.0416602
0.0417453
0.0418303
0.0419154
0.0420005
0.0420855
0.0421706
0.0422556
0.0423406
0.0424257
0.0425107
0.0425958
0.0426808
0.0427658
0.0428508
0.0429359
0.0430209
0.0431059
0.0431909
0.0432759
0.0433609
0.043446
0.043531
0.043616
0.0437009
0.0437859
0.0438709
0.0439559
0.0440409
0.0441259
0.0442108
0.0442958
0.0443808
0.0444657
0.0445507
0.0446357
0.0447206
0.0448056
0.0448905
0.0449754
0.0450604
0.0451453
0.0452302
0.0453151
0.0454001
0.045485
0.0455699
0.0456548
0.0457397
0.0458246
0.0459095
0.0459944
0.0460792
0.0461641
0.046249
0.0463339
0.0464187
0.0465036
0.0465884
0.0466733
0.0467581
0.046843
0.0469278
0.0470126
0.0470974
0.0471823
0.0472671
0.0473519
0.0474367
0.0475215
0.0476063
0.047691
0.0477758
0.0478606
0.0479454
0.0480301
0.0481149
0.0481996
0.0482844
0.0483691
0.0484539
0.0485386
0.0486233
0.048708
0.0487927
0.0488774
0.0489621
0.0490468
0.0491315
0.0492162
0.0493009
0.0493856
0.0494702
0.0495549
0.0496395
0.0497242
0.0498088
0.0498934
0.0499781
0.0500627
0.0501473
0.0502319
0.0503165
0.0504011
0.0504857
0.0505703
0.0506549
0.0507394
0.050824
0.0509085
0.0509931
0.0510776
0.0511622
0.0512467
0.0513312
0.0514157
0.0515003
0.0515848
0.0516693
0.0517537
0.0518382
0.0519227
0.0520072
0.0520916
0.0521761
0.0522605
0.052345
0.0524294
0.0525138
0.0525983
0.0526827
0.0527671
0.0528515
0.0529359
0.0530202
0.0531046
0.053189
0.0532734
0.0533577
0.0534421
0.0535264
0.0536107
0.0536951
0.0537794
0.0538637
0.053948
0.0540323
0.0541166
0.0542009
0.0542851
0.0543694
0.0544537
0.0545379
0.0546222
0.0547064
0.0547906
0.0548749
0.0549591
0.0550433
0.0551275
0.0552117
0.0552959
0.05538
0.0554642
0.0555484
0.0556325
0.0557167
0.0558008
0.0558849
0.0559691
0.0560532
0.0561373
0.0562214
0.0563055
0.0563896
0.0564736
0.0565577
0.0566418
0.0567258
0.0568099
0.0568939
0.0569779
0.0570619
0.057146
0.05723
0.057314
0.0573979
0.0574819
0.0575659
0.0576499
0.0577338
0.0578178
0.0579017
0.0579856
0.0580696
0.0581535
0.0582374
0.0583213
0.0584052
0.0584891
0.0585729
0.0586568
0.0587407
0.0588245
0.0589084
0.0589922
0.059076
0.0591599
0.0592437
0.0593275
0.0594113
0.059495
0.0595788
0.0596626
0.0597464
0.0598301
0.0599139
0.0599976
0.0600813
0.060165
0.0602487
0.0603325
0.0604161
0.0604998
0.0605835
0.0606672
0.0607508
0.0608345
0.0609181
0.0610018
0.0610854
0.061169
0.0612526
0.0613362
0.0614198
0.0615034
0.061587
0.0616706
0.0617541
0.0618377
0.0619212
0.0620048
0.0620883
0.0621718
0.0622553
0.0623388
0.0624223
0.0625058
0.0625893
0.0626727
0.0627562
0.0628397
0.0629231
0.0630065
0.06309
0.0631734
0.0632568
0.0633402
0.0634236
0.063507
0.0635903
0.0636737
0.0637571
0.0638404
0.0639238
0.0640071
0.0640904
0.0641737
0.064257
0.0643403
0.0644236
0.0645069
0.0645902
0.0646734
0.0647567
0.0648399
0.0649232
0.0650064
0.0650896
0.0651729
0.0652561
0.0653393
0.0654224
0.0655056
0.0655888
0.065672
0.0657551
0.0658383
0.0659214
0.0660045
0.0660876
0.0661707
0.0662539
0.0663369
0.06642
0.0665031
0.0665862
0.0666692
0.0667523
0.0668353
0.0669184
0.0670014
0.0670844
0.0671674
0.0672504
0.0673334
0.0674164
0.0674994
0.0675823
0.0676653
0.0677482
0.0678312
0.0679141
0.067997
0.06808
0.0681629
0.0682458
0.0683287
0.0684115
0.0684944
0.0685773
0.0686601
0.068743
0.0688258
0.0689086
0.0689915
0.0690743
0.0691571
0.0692399
0.0693227
0.0694055
0.0694882
0.069571
0.0696537
0.0697365
0.0698192
0.069902
0.0699847
0.0700674
0.0701501
0.0702328
0.0703155
0.0703982
0.0704808
0.0705635
0.0706461
0.0707288
0.0708114
0.0708941
0.0709767
0.0710593
0.0711419
0.0712245
0.0713071
0.0713897
0.0714722
0.0715548
0.0716374
0.0717199
0.0718024
0.071885
0.0719675
0.07205
0.0721325
0.072215
0.0722975
0.07238
0.0724624
0.0725449
0.0726274
0.0727098
0.0727922
0.0728747
0.0729571
0.0730395
0.0731219
0.0732043
0.0732867
0.0733691
0.0734515
0.0735338
0.0736162
0.0736985
0.0737809
0.0738632
0.0739455
0.0740279
0.0741102
0.0741925
0.0742748
0.0743571
0.0744393
0.0745216
0.0746039
0.0746861
0.0747684
0.0748506
0.0749328
0.0750151
0.0750973
0.0751795
0.0752617
0.0753439
0.075426
0.0755082
0.0755904
0.0756725
0.0757547
)
;

boundaryField
{
    inlet
    {
        type            calculated;
        value           uniform 0;
    }
    outlet
    {
        type            calculated;
        value           uniform 0.0757547;
    }
    emptyWalls
    {
        type            empty;
    }
}


// ************************************************************************* //
