/*--------------------------------*- C++ -*----------------------------------*\
  =========                 |
  \\      /  F ield         | OpenFOAM: The Open Source CFD Toolbox
   \\    /   O peration     | Website:  https://openfoam.org
    \\  /    A nd           | Version:  9
     \\/     M anipulation  |
\*---------------------------------------------------------------------------*/
FoamFile
{
    format      ascii;
    class       volScalarField;
    location    "18.1";
    object      Fcsw;
}
// * * * * * * * * * * * * * * * * * * * * * * * * * * * * * * * * * * * * * //

dimensions      [0 0 0 0 0 0 0];

internalField   nonuniform List<scalar> 
1000
(
8.79423e-06
1.41707e-05
1.9134e-05
2.38921e-05
2.8517e-05
3.30434e-05
3.74906e-05
4.18709e-05
4.61925e-05
5.04613e-05
5.46816e-05
5.88567e-05
6.29895e-05
6.7082e-05
7.11361e-05
7.51533e-05
7.91349e-05
8.30822e-05
8.69961e-05
9.08775e-05
9.47273e-05
9.85463e-05
0.000102335
0.000106094
0.000109825
0.000113526
0.0001172
0.000120847
0.000124467
0.00012806
0.000131627
0.000135169
0.000138685
0.000142177
0.000145644
0.000149087
0.000152506
0.000155901
0.000159273
0.000162623
0.00016595
0.000169254
0.000172536
0.000175797
0.000179036
0.000182254
0.000185451
0.000188627
0.000191783
0.000194919
0.000198034
0.00020113
0.000204206
0.000207263
0.0002103
0.000213319
0.000216319
0.0002193
0.000222264
0.000225209
0.000228136
0.000231045
0.000233937
0.000236812
0.000239669
0.000242509
0.000245333
0.000248139
0.00025093
0.000253704
0.000256461
0.000259203
0.000261929
0.00026464
0.000267334
0.000270014
0.000272678
0.000275327
0.000277961
0.00028058
0.000283185
0.000285775
0.000288351
0.000290912
0.00029346
0.000295993
0.000298513
0.000301018
0.000303511
0.000305989
0.000308455
0.000310907
0.000313346
0.000315772
0.000318186
0.000320586
0.000322974
0.000325349
0.000327712
0.000330063
0.000332402
0.000334728
0.000337042
0.000339345
0.000341636
0.000343915
0.000346182
0.000348438
0.000350683
0.000352916
0.000355139
0.00035735
0.00035955
0.000361739
0.000363918
0.000366086
0.000368243
0.000370389
0.000372525
0.000374651
0.000376767
0.000378872
0.000380967
0.000383052
0.000385128
0.000387193
0.000389249
0.000391295
0.000393331
0.000395358
0.000397375
0.000399383
0.000401381
0.000403371
0.000405351
0.000407322
0.000409284
0.000411237
0.000413181
0.000415117
0.000417043
0.000418961
0.00042087
0.000422771
0.000424664
0.000426547
0.000428423
0.00043029
0.000432149
0.000434
0.000435843
0.000437677
0.000439504
0.000441323
0.000443134
0.000444937
0.000446733
0.00044852
0.0004503
0.000452073
0.000453838
0.000455596
0.000457346
0.000459088
0.000460824
0.000462552
0.000464273
0.000465987
0.000467694
0.000469394
0.000471087
0.000472773
0.000474452
0.000476124
0.000477789
0.000479448
0.0004811
0.000482745
0.000484384
0.000486016
0.000487642
0.000489261
0.000490874
0.00049248
0.00049408
0.000495674
0.000497261
0.000498843
0.000500418
0.000501987
0.00050355
0.000505107
0.000506658
0.000508203
0.000509742
0.000511276
0.000512803
0.000514325
0.000515841
0.000517351
0.000518856
0.000520355
0.000521848
0.000523336
0.000524818
0.000526295
0.000527766
0.000529232
0.000530693
0.000532148
0.000533598
0.000535042
0.000536482
0.000537916
0.000539345
0.000540769
0.000542188
0.000543601
0.00054501
0.000546414
0.000547813
0.000549206
0.000550595
0.000551979
0.000553358
0.000554733
0.000556102
0.000557467
0.000558827
0.000560183
0.000561533
0.000562879
0.000564221
0.000565558
0.00056689
0.000568218
0.000569541
0.00057086
0.000572175
0.000573485
0.00057479
0.000576092
0.000577389
0.000578681
0.00057997
0.000581254
0.000582534
0.000583809
0.000585081
0.000586348
0.000587612
0.000588871
0.000590126
0.000591377
0.000592624
0.000593867
0.000595106
0.000596341
0.000597572
0.0005988
0.000600023
0.000601243
0.000602458
0.00060367
0.000604878
0.000606083
0.000607283
0.00060848
0.000609673
0.000610863
0.000612049
0.000613231
0.000614409
0.000615584
0.000616756
0.000617924
0.000619088
0.000620249
0.000621406
0.00062256
0.00062371
0.000624857
0.000626001
0.000627141
0.000628278
0.000629411
0.000630541
0.000631668
0.000632791
0.000633911
0.000635028
0.000636142
0.000637252
0.00063836
0.000639464
0.000640564
0.000641662
0.000642757
0.000643848
0.000644937
0.000646022
0.000647104
0.000648183
0.000649259
0.000650332
0.000651402
0.00065247
0.000653534
0.000654595
0.000655653
0.000656708
0.000657761
0.00065881
0.000659857
0.000660901
0.000661942
0.00066298
0.000664015
0.000665048
0.000666078
0.000667105
0.000668129
0.00066915
0.000670169
0.000671185
0.000672199
0.000673209
0.000674217
0.000675223
0.000676225
0.000677226
0.000678223
0.000679218
0.00068021
0.0006812
0.000682187
0.000683172
0.000684154
0.000685134
0.000686111
0.000687086
0.000688058
0.000689028
0.000689995
0.00069096
0.000691922
0.000692882
0.00069384
0.000694795
0.000695748
0.000696698
0.000697646
0.000698592
0.000699536
0.000700477
0.000701416
0.000702352
0.000703287
0.000704219
0.000705148
0.000706076
0.000707001
0.000707924
0.000708845
0.000709764
0.00071068
0.000711595
0.000712507
0.000713417
0.000714324
0.00071523
0.000716134
0.000717035
0.000717935
0.000718832
0.000719727
0.00072062
0.000721511
0.0007224
0.000723287
0.000724172
0.000725055
0.000725936
0.000726815
0.000727692
0.000728567
0.00072944
0.000730311
0.00073118
0.000732047
0.000732912
0.000733775
0.000734637
0.000735496
0.000736354
0.000737209
0.000738063
0.000738915
0.000739765
0.000740613
0.00074146
0.000742304
0.000743147
0.000743988
0.000744827
0.000745664
0.0007465
0.000747333
0.000748165
0.000748996
0.000749824
0.000750651
0.000751476
0.000752299
0.00075312
0.00075394
0.000754758
0.000755575
0.00075639
0.000757203
0.000758014
0.000758824
0.000759632
0.000760438
0.000761243
0.000762046
0.000762847
0.000763647
0.000764446
0.000765242
0.000766037
0.000766831
0.000767623
0.000768413
0.000769202
0.000769989
0.000770775
0.000771559
0.000772341
0.000773122
0.000773902
0.00077468
0.000775456
0.000776231
0.000777005
0.000777777
0.000778547
0.000779317
0.000780084
0.00078085
0.000781615
0.000782378
0.00078314
0.0007839
0.000784659
0.000785417
0.000786173
0.000786928
0.000787681
0.000788433
0.000789183
0.000789932
0.00079068
0.000791427
0.000792172
0.000792915
0.000793658
0.000794398
0.000795138
0.000795876
0.000796613
0.000797349
0.000798083
0.000798816
0.000799548
0.000800279
0.000801008
0.000801736
0.000802462
0.000803187
0.000803911
0.000804634
0.000805356
0.000806076
0.000806795
0.000807513
0.000808229
0.000808945
0.000809659
0.000810372
0.000811083
0.000811794
0.000812503
0.000813211
0.000813918
0.000814624
0.000815328
0.000816031
0.000816733
0.000817434
0.000818134
0.000818833
0.000819531
0.000820227
0.000820922
0.000821616
0.000822309
0.000823001
0.000823692
0.000824381
0.00082507
0.000825757
0.000826444
0.000827129
0.000827813
0.000828496
0.000829178
0.000829859
0.000830539
0.000831218
0.000831895
0.000832572
0.000833247
0.000833922
0.000834595
0.000835268
0.000835939
0.00083661
0.000837279
0.000837947
0.000838615
0.000839281
0.000839946
0.000840611
0.000841274
0.000841936
0.000842598
0.000843258
0.000843917
0.000844576
0.000845233
0.00084589
0.000846545
0.0008472
0.000847853
0.000848506
0.000849158
0.000849808
0.000850458
0.000851107
0.000851755
0.000852402
0.000853048
0.000853693
0.000854337
0.000854981
0.000855623
0.000856265
0.000856905
0.000857545
0.000858184
0.000858822
0.000859459
0.000860095
0.00086073
0.000861365
0.000861998
0.000862631
0.000863263
0.000863894
0.000864524
0.000865153
0.000865782
0.000866409
0.000867036
0.000867662
0.000868287
0.000868912
0.000869535
0.000870158
0.000870779
0.0008714
0.000872021
0.00087264
0.000873259
0.000873876
0.000874493
0.00087511
0.000875725
0.00087634
0.000876953
0.000877566
0.000878179
0.00087879
0.000879401
0.000880011
0.00088062
0.000881229
0.000881836
0.000882443
0.000883049
0.000883655
0.00088426
0.000884864
0.000885467
0.000886069
0.000886671
0.000887272
0.000887872
0.000888472
0.000889071
0.000889669
0.000890267
0.000890863
0.000891459
0.000892055
0.000892649
0.000893243
0.000893837
0.000894429
0.000895021
0.000895612
0.000896203
0.000896793
0.000897382
0.00089797
0.000898558
0.000899145
0.000899732
0.000900318
0.000900903
0.000901487
0.000902071
0.000902654
0.000903237
0.000903819
0.0009044
0.000904981
0.000905561
0.00090614
0.000906719
0.000907297
0.000907875
0.000908452
0.000909028
0.000909604
0.000910179
0.000910753
0.000911327
0.0009119
0.000912473
0.000913045
0.000913616
0.000914187
0.000914757
0.000915327
0.000915896
0.000916465
0.000917033
0.0009176
0.000918167
0.000918733
0.000919298
0.000919864
0.000920428
0.000920992
0.000921555
0.000922118
0.00092268
0.000923242
0.000923803
0.000924364
0.000924924
0.000925483
0.000926042
0.000926601
0.000927159
0.000927716
0.000928273
0.000928829
0.000929385
0.00092994
0.000930495
0.000931049
0.000931603
0.000932156
0.000932709
0.000933261
0.000933813
0.000934364
0.000934914
0.000935465
0.000936014
0.000936563
0.000937112
0.00093766
0.000938208
0.000938755
0.000939302
0.000939848
0.000940394
0.000940939
0.000941484
0.000942028
0.000942572
0.000943116
0.000943659
0.000944201
0.000944743
0.000945285
0.000945826
0.000946366
0.000946907
0.000947446
0.000947986
0.000948524
0.000949063
0.000949601
0.000950138
0.000950675
0.000951212
0.000951748
0.000952284
0.000952819
0.000953354
0.000953889
0.000954423
0.000954956
0.00095549
0.000956022
0.000956555
0.000957087
0.000957618
0.00095815
0.00095868
0.000959211
0.000959741
0.00096027
0.000960799
0.000961328
0.000961856
0.000962384
0.000962912
0.000963439
0.000963966
0.000964492
0.000965018
0.000965544
0.000966069
0.000966594
0.000967119
0.000967643
0.000968167
0.00096869
0.000969213
0.000969736
0.000970258
0.00097078
0.000971302
0.000971823
0.000972344
0.000972864
0.000973384
0.000973904
0.000974424
0.000974943
0.000975462
0.00097598
0.000976498
0.000977016
0.000977533
0.00097805
0.000978567
0.000979083
0.0009796
0.000980115
0.000980631
0.000981146
0.000981661
0.000982175
0.000982689
0.000983203
0.000983716
0.00098423
0.000984743
0.000985255
0.000985767
0.000986279
0.000986791
0.000987302
0.000987813
0.000988324
0.000988835
0.000989345
0.000989855
0.000990364
0.000990873
0.000991382
0.000991891
0.000992399
0.000992908
0.000993415
0.000993923
0.00099443
0.000994937
0.000995444
0.00099595
0.000996457
0.000996963
0.000997468
0.000997974
0.000998479
0.000998984
0.000999488
0.000999993
0.0010005
0.001001
0.0010015
0.00100201
0.00100251
0.00100301
0.00100352
0.00100402
0.00100452
0.00100502
0.00100552
0.00100602
0.00100653
0.00100703
0.00100753
0.00100803
0.00100853
0.00100903
0.00100953
0.00101003
0.00101053
0.00101103
0.00101152
0.00101202
0.00101252
0.00101302
0.00101352
0.00101402
0.00101451
0.00101501
0.00101551
0.001016
0.0010165
0.001017
0.00101749
0.00101799
0.00101849
0.00101898
0.00101948
0.00101997
0.00102047
0.00102096
0.00102146
0.00102195
0.00102245
0.00102294
0.00102343
0.00102393
0.00102442
0.00102491
0.00102541
0.0010259
0.00102639
0.00102689
0.00102738
0.00102787
0.00102836
0.00102886
0.00102935
0.00102984
0.00103033
0.00103082
0.00103131
0.00103181
0.0010323
0.00103279
0.00103328
0.00103377
0.00103426
0.00103475
0.00103524
0.00103573
0.00103622
0.00103671
0.0010372
0.00103769
0.00103818
0.00103867
0.00103916
0.00103964
0.00104013
0.00104062
0.00104111
0.0010416
0.00104209
0.00104258
0.00104306
0.00104355
0.00104404
0.00104453
0.00104501
0.0010455
0.00104599
0.00104648
0.00104696
0.00104745
0.00104794
0.00104842
0.00104891
0.0010494
0.00104988
0.00105037
0.00105086
0.00105134
0.00105183
0.00105232
0.0010528
0.00105329
0.00105377
0.00105426
0.00105475
0.00105523
0.00105572
0.0010562
0.00105669
0.00105717
0.00105766
0.00105814
0.00105863
0.00105912
0.0010596
0.00106009
0.00106057
0.00106106
0.00106154
0.00106203
0.00106251
0.00106299
0.00106348
0.00106396
0.00106445
0.00106493
0.00106542
0.0010659
0.00106639
0.00106687
0.00106736
0.00106784
0.00106832
0.00106881
0.00106929
0.00106978
0.00107026
0.00107075
0.00107123
0.00107172
0.0010722
0.00107268
0.00107317
0.00107365
0.00107414
0.00107462
0.0010751
0.00107559
0.00107607
0.00107656
0.00107704
0.00107753
0.00107801
0.0010785
0.00107898
0.00107946
0.00107995
0.00108043
0.00108092
0.0010814
0.00108189
0.00108237
0.00108286
0.00108334
0.00108382
0.00108431
0.00108479
0.00108528
0.00108576
0.00108625
0.00108673
0.00108722
0.0010877
0.00108819
0.00108867
0.00108916
0.00108964
0.00109013
0.00109062
)
;

boundaryField
{
    inlet
    {
        type            calculated;
        value           uniform 8.79423e-06;
    }
    outlet
    {
        type            calculated;
        value           uniform 0.00109062;
    }
    emptyWalls
    {
        type            empty;
    }
}


// ************************************************************************* //
