/*--------------------------------*- C++ -*----------------------------------*\
  =========                 |
  \\      /  F ield         | OpenFOAM: The Open Source CFD Toolbox
   \\    /   O peration     | Website:  https://openfoam.org
    \\  /    A nd           | Version:  9
     \\/     M anipulation  |
\*---------------------------------------------------------------------------*/
FoamFile
{
    format      ascii;
    class       surfaceScalarField;
    location    "18.1";
    object      phic;
}
// * * * * * * * * * * * * * * * * * * * * * * * * * * * * * * * * * * * * * //

dimensions      [0 2 0 0 0 0 0];

internalField   nonuniform List<scalar> 
999
(
4.35493e-07
1.13714e-06
2.08445e-06
3.26718e-06
4.67872e-06
6.31414e-06
8.16946e-06
1.02414e-05
1.25269e-05
1.50233e-05
1.77283e-05
2.06395e-05
2.37548e-05
2.70722e-05
3.05898e-05
3.43056e-05
3.82179e-05
4.2325e-05
4.66251e-05
5.11166e-05
5.57979e-05
6.06675e-05
6.57239e-05
7.09654e-05
7.63908e-05
8.19984e-05
8.7787e-05
9.37552e-05
9.99015e-05
0.000106225
0.000112723
0.000119396
0.000126242
0.00013326
0.000140448
0.000147805
0.00015533
0.000163022
0.00017088
0.000178902
0.000187087
0.000195435
0.000203944
0.000212613
0.000221441
0.000230426
0.000239568
0.000248867
0.000258319
0.000267926
0.000277685
0.000287595
0.000297657
0.000307868
0.000318228
0.000328735
0.000339389
0.000350189
0.000361135
0.000372224
0.000383456
0.00039483
0.000406346
0.000418002
0.000429798
0.000441732
0.000453805
0.000466014
0.00047836
0.000490841
0.000503456
0.000516205
0.000529087
0.000542102
0.000555247
0.000568523
0.000581929
0.000595464
0.000609128
0.000622918
0.000636836
0.00065088
0.000665049
0.000679342
0.00069376
0.0007083
0.000722963
0.000737748
0.000752654
0.000767681
0.000782827
0.000798092
0.000813476
0.000828977
0.000844596
0.000860331
0.000876182
0.000892148
0.000908228
0.000924423
0.000940731
0.000957151
0.000973684
0.000990328
0.00100708
0.00102395
0.00104092
0.00105801
0.0010752
0.0010925
0.00110991
0.00112743
0.00114505
0.00116277
0.00118061
0.00119854
0.00121659
0.00123473
0.00125298
0.00127133
0.00128978
0.00130834
0.00132699
0.00134575
0.0013646
0.00138356
0.00140261
0.00142177
0.00144102
0.00146037
0.00147981
0.00149935
0.00151899
0.00153873
0.00155856
0.00157848
0.0015985
0.00161861
0.00163882
0.00165911
0.00167951
0.00169999
0.00172056
0.00174123
0.00176199
0.00178283
0.00180377
0.0018248
0.00184591
0.00186712
0.00188841
0.00190979
0.00193126
0.00195281
0.00197445
0.00199618
0.002018
0.00203989
0.00206188
0.00208395
0.0021061
0.00212834
0.00215066
0.00217306
0.00219555
0.00221812
0.00224077
0.00226351
0.00228632
0.00230922
0.00233219
0.00235525
0.00237839
0.0024016
0.0024249
0.00244827
0.00247173
0.00249526
0.00251887
0.00254256
0.00256632
0.00259016
0.00261408
0.00263808
0.00266215
0.00268629
0.00271051
0.00273481
0.00275918
0.00278363
0.00280815
0.00283274
0.00285741
0.00288215
0.00290697
0.00293185
0.00295681
0.00298184
0.00300694
0.00303212
0.00305736
0.00308268
0.00310807
0.00313352
0.00315905
0.00318465
0.00321031
0.00323605
0.00326185
0.00328773
0.00331367
0.00333968
0.00336576
0.0033919
0.00341812
0.0034444
0.00347074
0.00349716
0.00352364
0.00355018
0.00357679
0.00360347
0.00363021
0.00365702
0.0036839
0.00371083
0.00373783
0.0037649
0.00379203
0.00381922
0.00384648
0.0038738
0.00390118
0.00392863
0.00395614
0.00398371
0.00401134
0.00403904
0.00406679
0.00409461
0.00412249
0.00415043
0.00417843
0.00420649
0.00423461
0.00426279
0.00429103
0.00431933
0.00434769
0.00437611
0.00440459
0.00443313
0.00446172
0.00449038
0.00451909
0.00454786
0.00457669
0.00460557
0.00463452
0.00466352
0.00469257
0.00472169
0.00475086
0.00478009
0.00480937
0.00483871
0.0048681
0.00489756
0.00492706
0.00495662
0.00498624
0.00501591
0.00504564
0.00507542
0.00510526
0.00513514
0.00516509
0.00519509
0.00522514
0.00525524
0.0052854
0.00531561
0.00534588
0.00537619
0.00540656
0.00543698
0.00546746
0.00549798
0.00552856
0.00555919
0.00558987
0.00562061
0.00565139
0.00568223
0.00571312
0.00574405
0.00577504
0.00580608
0.00583717
0.00586831
0.0058995
0.00593074
0.00596202
0.00599336
0.00602475
0.00605619
0.00608767
0.00611921
0.00615079
0.00618243
0.00621411
0.00624584
0.00627761
0.00630944
0.00634131
0.00637324
0.00640521
0.00643722
0.00646929
0.0065014
0.00653356
0.00656576
0.00659801
0.00663031
0.00666266
0.00669505
0.00672749
0.00675997
0.0067925
0.00682508
0.0068577
0.00689037
0.00692308
0.00695584
0.00698864
0.00702149
0.00705438
0.00708732
0.00712031
0.00715333
0.0071864
0.00721952
0.00725268
0.00728589
0.00731913
0.00735243
0.00738576
0.00741914
0.00745257
0.00748603
0.00751954
0.0075531
0.00758669
0.00762033
0.00765401
0.00768773
0.0077215
0.00775531
0.00778916
0.00782305
0.00785699
0.00789097
0.00792499
0.00795905
0.00799315
0.00802729
0.00806148
0.00809571
0.00812997
0.00816428
0.00819863
0.00823302
0.00826746
0.00830193
0.00833644
0.00837099
0.00840559
0.00844022
0.0084749
0.00850961
0.00854436
0.00857916
0.00861399
0.00864886
0.00868377
0.00871873
0.00875372
0.00878875
0.00882382
0.00885893
0.00889407
0.00892926
0.00896448
0.00899975
0.00903505
0.00907039
0.00910577
0.00914118
0.00917664
0.00921213
0.00924766
0.00928323
0.00931884
0.00935448
0.00939017
0.00942588
0.00946164
0.00949744
0.00953327
0.00956914
0.00960504
0.00964098
0.00967696
0.00971298
0.00974903
0.00978512
0.00982125
0.00985741
0.00989361
0.00992984
0.00996611
0.0100024
0.0100388
0.0100751
0.0101116
0.010148
0.0101845
0.010221
0.0102576
0.0102942
0.0103308
0.0103675
0.0104042
0.0104409
0.0104777
0.0105145
0.0105513
0.0105882
0.0106251
0.010662
0.010699
0.010736
0.0107731
0.0108101
0.0108473
0.0108844
0.0109216
0.0109588
0.0109961
0.0110333
0.0110707
0.011108
0.0111454
0.0111828
0.0112203
0.0112578
0.0112953
0.0113328
0.0113704
0.011408
0.0114457
0.0114834
0.0115211
0.0115589
0.0115966
0.0116345
0.0116723
0.0117102
0.0117481
0.0117861
0.011824
0.011862
0.0119001
0.0119382
0.0119763
0.0120144
0.0120526
0.0120908
0.012129
0.0121673
0.0122056
0.0122439
0.0122823
0.0123207
0.0123591
0.0123976
0.0124361
0.0124746
0.0125131
0.0125517
0.0125903
0.012629
0.0126677
0.0127064
0.0127451
0.0127839
0.0128227
0.0128615
0.0129004
0.0129392
0.0129782
0.0130171
0.0130561
0.0130951
0.0131342
0.0131732
0.0132123
0.0132515
0.0132906
0.0133298
0.013369
0.0134083
0.0134476
0.0134869
0.0135262
0.0135656
0.013605
0.0136444
0.0136839
0.0137234
0.0137629
0.0138025
0.013842
0.0138817
0.0139213
0.013961
0.0140006
0.0140404
0.0140801
0.0141199
0.0141597
0.0141996
0.0142394
0.0142793
0.0143192
0.0143592
0.0143992
0.0144392
0.0144792
0.0145193
0.0145594
0.0145995
0.0146397
0.0146798
0.0147201
0.0147603
0.0148006
0.0148409
0.0148812
0.0149215
0.0149619
0.0150023
0.0150427
0.0150832
0.0151237
0.0151642
0.0152047
0.0152453
0.0152859
0.0153265
0.0153672
0.0154079
0.0154486
0.0154893
0.0155301
0.0155708
0.0156117
0.0156525
0.0156934
0.0157343
0.0157752
0.0158161
0.0158571
0.0158981
0.0159392
0.0159802
0.0160213
0.0160624
0.0161035
0.0161447
0.0161859
0.0162271
0.0162684
0.0163096
0.0163509
0.0163922
0.0164336
0.016475
0.0165164
0.0165578
0.0165992
0.0166407
0.0166822
0.0167237
0.0167653
0.0168069
0.0168485
0.0168901
0.0169318
0.0169735
0.0170152
0.0170569
0.0170987
0.0171405
0.0171823
0.0172241
0.017266
0.0173079
0.0173498
0.0173917
0.0174337
0.0174757
0.0175177
0.0175597
0.0176018
0.0176439
0.017686
0.0177282
0.0177703
0.0178125
0.0178547
0.017897
0.0179392
0.0179815
0.0180238
0.0180662
0.0181085
0.0181509
0.0181934
0.0182358
0.0182783
0.0183207
0.0183633
0.0184058
0.0184484
0.0184909
0.0185335
0.0185762
0.0186188
0.0186615
0.0187042
0.018747
0.0187897
0.0188325
0.0188753
0.0189181
0.018961
0.0190039
0.0190468
0.0190897
0.0191326
0.0191756
0.0192186
0.0192616
0.0193047
0.0193477
0.0193908
0.0194339
0.0194771
0.0195202
0.0195634
0.0196066
0.0196499
0.0196931
0.0197364
0.0197797
0.019823
0.0198664
0.0199097
0.0199531
0.0199966
0.02004
0.0200835
0.0201269
0.0201705
0.020214
0.0202576
0.0203011
0.0203447
0.0203884
0.020432
0.0204757
0.0205194
0.0205631
0.0206069
0.0206506
0.0206944
0.0207382
0.0207821
0.0208259
0.0208698
0.0209137
0.0209576
0.0210016
0.0210455
0.0210895
0.0211335
0.0211776
0.0212216
0.0212657
0.0213098
0.021354
0.0213981
0.0214423
0.0214865
0.0215307
0.0215749
0.0216192
0.0216635
0.0217078
0.0217521
0.0217965
0.0218408
0.0218852
0.0219296
0.0219741
0.0220185
0.022063
0.0221075
0.0221521
0.0221966
0.0222412
0.0222858
0.0223304
0.022375
0.0224197
0.0224644
0.0225091
0.0225538
0.0225985
0.0226433
0.0226881
0.0227329
0.0227777
0.0228226
0.0228675
0.0229124
0.0229573
0.0230022
0.0230472
0.0230922
0.0231372
0.0231822
0.0232272
0.0232723
0.0233174
0.0233625
0.0234077
0.0234528
0.023498
0.0235432
0.0235884
0.0236336
0.0236789
0.0237242
0.0237695
0.0238148
0.0238602
0.0239055
0.0239509
0.0239963
0.0240418
0.0240872
0.0241327
0.0241782
0.0242237
0.0242692
0.0243148
0.0243604
0.024406
0.0244516
0.0244972
0.0245429
0.0245886
0.0246343
0.02468
0.0247257
0.0247715
0.0248173
0.0248631
0.0249089
0.0249548
0.0250007
0.0250465
0.0250925
0.0251384
0.0251843
0.0252303
0.0252763
0.0253223
0.0253683
0.0254144
0.0254605
0.0255066
0.0255527
0.0255988
0.025645
0.0256912
0.0257374
0.0257836
0.0258298
0.0258761
0.0259224
0.0259687
0.026015
0.0260613
0.0261077
0.0261541
0.0262005
0.0262469
0.0262933
0.0263398
0.0263863
0.0264328
0.0264793
0.0265258
0.0265724
0.026619
0.0266656
0.0267122
0.0267588
0.0268055
0.0268522
0.0268989
0.0269456
0.0269924
0.0270391
0.0270859
0.0271327
0.0271795
0.0272264
0.0272732
0.0273201
0.027367
0.0274139
0.0274609
0.0275078
0.0275548
0.0276018
0.0276488
0.0276959
0.0277429
0.02779
0.0278371
0.0278842
0.0279314
0.0279785
0.0280257
0.0280729
0.0281201
0.0281674
0.0282146
0.0282619
0.0283092
0.0283565
0.0284039
0.0284512
0.0284986
0.028546
0.0285934
0.0286408
0.0286883
0.0287358
0.0287833
0.0288308
0.0288783
0.0289259
0.0289734
0.029021
0.0290686
0.0291163
0.0291639
0.0292116
0.0292593
0.029307
0.0293547
0.0294024
0.0294502
0.029498
0.0295458
0.0295936
0.0296414
0.0296893
0.0297372
0.0297851
0.029833
0.0298809
0.0299289
0.0299769
0.0300249
0.0300729
0.0301209
0.030169
0.030217
0.0302651
0.0303132
0.0303614
0.0304095
0.0304577
0.0305059
0.0305541
0.0306023
0.0306506
0.0306988
0.0307471
0.0307954
0.0308437
0.0308921
0.0309404
0.0309888
0.0310372
0.0310856
0.031134
0.0311825
0.031231
0.0312795
0.031328
0.0313765
0.031425
0.0314736
0.0315222
0.0315708
0.0316194
0.0316681
0.0317167
0.0317654
0.0318141
0.0318628
0.0319116
0.0319603
0.0320091
0.0320579
0.0321067
0.0321556
0.0322044
0.0322533
0.0323022
0.0323511
0.0324
0.0324489
0.0324979
0.0325469
0.0325959
0.0326449
0.032694
0.032743
0.0327921
0.0328412
0.0328903
0.0329394
0.0329886
0.0330378
0.0330869
0.0331362
0.0331854
0.0332346
0.0332839
0.0333332
0.0333825
0.0334318
0.0334811
0.0335305
0.0335799
0.0336293
0.0336787
0.0337281
0.0337776
0.033827
0.0338765
0.033926
0.0339756
0.0340251
0.0340747
0.0341243
0.0341739
0.0342235
0.0342731
0.0343228
0.0343725
0.0344222
0.0344719
0.0345216
0.0345713
0.0346211
0.0346709
0.0347207
0.0347705
0.0348204
0.0348702
0.0349201
0.03497
0.0350199
0.0350699
0.0351198
0.0351698
0.0352198
0.0352698
0.0353199
0.0353699
)
;

boundaryField
{
    inlet
    {
        type            calculated;
        value           uniform 0;
    }
    outlet
    {
        type            calculated;
        value           uniform 0.03542;
    }
    emptyWalls
    {
        type            empty;
        value           nonuniform List<scalar> 0();
    }
}


// ************************************************************************* //
