/*--------------------------------*- C++ -*----------------------------------*\
  =========                 |
  \\      /  F ield         | OpenFOAM: The Open Source CFD Toolbox
   \\    /   O peration     | Website:  https://openfoam.org
    \\  /    A nd           | Version:  9
     \\/     M anipulation  |
\*---------------------------------------------------------------------------*/
FoamFile
{
    format      ascii;
    class       volScalarField;
    location    "18.1";
    object      Sb;
}
// * * * * * * * * * * * * * * * * * * * * * * * * * * * * * * * * * * * * * //

dimensions      [0 0 0 0 0 0 0];

internalField   nonuniform List<scalar> 
1000
(
0.499462
0.499131
0.498824
0.498529
0.49824
0.497957
0.497678
0.497402
0.497128
0.496857
0.496588
0.496321
0.496055
0.495791
0.495529
0.495268
0.495008
0.49475
0.494493
0.494237
0.493983
0.49373
0.493477
0.493226
0.492976
0.492727
0.492479
0.492232
0.491986
0.491741
0.491497
0.491254
0.491012
0.490771
0.49053
0.490291
0.490052
0.489815
0.489578
0.489342
0.489107
0.488873
0.488639
0.488407
0.488175
0.487944
0.487714
0.487484
0.487255
0.487028
0.4868
0.486574
0.486348
0.486124
0.485899
0.485676
0.485453
0.485231
0.48501
0.48479
0.48457
0.484351
0.484132
0.483915
0.483698
0.483481
0.483265
0.48305
0.482836
0.482622
0.482409
0.482197
0.481985
0.481774
0.481563
0.481353
0.481144
0.480935
0.480727
0.48052
0.480313
0.480107
0.479901
0.479696
0.479492
0.479288
0.479085
0.478882
0.47868
0.478478
0.478277
0.478077
0.477877
0.477678
0.477479
0.477281
0.477083
0.476886
0.476689
0.476493
0.476298
0.476103
0.475909
0.475715
0.475521
0.475328
0.475136
0.474944
0.474753
0.474562
0.474372
0.474182
0.473992
0.473804
0.473615
0.473427
0.47324
0.473053
0.472867
0.472681
0.472495
0.47231
0.472126
0.471942
0.471758
0.471575
0.471392
0.47121
0.471028
0.470847
0.470666
0.470485
0.470305
0.470126
0.469947
0.469768
0.46959
0.469412
0.469235
0.469058
0.468881
0.468705
0.468529
0.468354
0.468179
0.468005
0.467831
0.467657
0.467484
0.467311
0.467138
0.466966
0.466795
0.466624
0.466453
0.466282
0.466112
0.465943
0.465773
0.465604
0.465436
0.465268
0.4651
0.464933
0.464766
0.464599
0.464433
0.464267
0.464101
0.463936
0.463771
0.463607
0.463443
0.463279
0.463116
0.462953
0.46279
0.462628
0.462466
0.462304
0.462143
0.461982
0.461822
0.461662
0.461502
0.461342
0.461183
0.461024
0.460865
0.460707
0.460549
0.460392
0.460235
0.460078
0.459921
0.459765
0.459609
0.459453
0.459298
0.459143
0.458989
0.458834
0.45868
0.458527
0.458373
0.45822
0.458067
0.457915
0.457763
0.457611
0.457459
0.457308
0.457157
0.457006
0.456856
0.456706
0.456556
0.456407
0.456257
0.456109
0.45596
0.455812
0.455664
0.455516
0.455368
0.455221
0.455074
0.454928
0.454781
0.454635
0.454489
0.454344
0.454199
0.454054
0.453909
0.453765
0.45362
0.453477
0.453333
0.45319
0.453047
0.452904
0.452761
0.452619
0.452477
0.452335
0.452194
0.452052
0.451911
0.451771
0.45163
0.45149
0.45135
0.45121
0.451071
0.450931
0.450793
0.450654
0.450515
0.450377
0.450239
0.450101
0.449964
0.449827
0.44969
0.449553
0.449416
0.44928
0.449144
0.449008
0.448872
0.448737
0.448602
0.448467
0.448332
0.448198
0.448064
0.44793
0.447796
0.447663
0.447529
0.447396
0.447263
0.447131
0.446998
0.446866
0.446734
0.446603
0.446471
0.44634
0.446209
0.446078
0.445947
0.445817
0.445687
0.445557
0.445427
0.445297
0.445168
0.445039
0.44491
0.444781
0.444653
0.444524
0.444396
0.444268
0.444141
0.444013
0.443886
0.443759
0.443632
0.443505
0.443379
0.443252
0.443126
0.443
0.442875
0.442749
0.442624
0.442499
0.442374
0.442249
0.442125
0.442001
0.441876
0.441753
0.441629
0.441505
0.441382
0.441259
0.441136
0.441013
0.44089
0.440768
0.440646
0.440524
0.440402
0.44028
0.440159
0.440037
0.439916
0.439795
0.439675
0.439554
0.439434
0.439313
0.439193
0.439074
0.438954
0.438834
0.438715
0.438596
0.438477
0.438358
0.43824
0.438121
0.438003
0.437885
0.437767
0.437649
0.437531
0.437414
0.437297
0.43718
0.437063
0.436946
0.436829
0.436713
0.436597
0.436481
0.436365
0.436249
0.436133
0.436018
0.435903
0.435787
0.435673
0.435558
0.435443
0.435329
0.435214
0.4351
0.434986
0.434872
0.434759
0.434645
0.434532
0.434419
0.434306
0.434193
0.43408
0.433967
0.433855
0.433743
0.433631
0.433519
0.433407
0.433295
0.433184
0.433072
0.432961
0.43285
0.432739
0.432628
0.432518
0.432407
0.432297
0.432187
0.432077
0.431967
0.431857
0.431747
0.431638
0.431528
0.431419
0.43131
0.431201
0.431093
0.430984
0.430876
0.430767
0.430659
0.430551
0.430443
0.430335
0.430228
0.43012
0.430013
0.429906
0.429799
0.429692
0.429585
0.429478
0.429372
0.429265
0.429159
0.429053
0.428947
0.428841
0.428735
0.42863
0.428524
0.428419
0.428314
0.428209
0.428104
0.427999
0.427894
0.42779
0.427685
0.427581
0.427477
0.427373
0.427269
0.427165
0.427062
0.426958
0.426855
0.426751
0.426648
0.426545
0.426442
0.42634
0.426237
0.426134
0.426032
0.42593
0.425828
0.425726
0.425624
0.425522
0.42542
0.425319
0.425217
0.425116
0.425015
0.424914
0.424813
0.424712
0.424611
0.424511
0.42441
0.42431
0.42421
0.424109
0.424009
0.42391
0.42381
0.42371
0.423611
0.423511
0.423412
0.423313
0.423214
0.423115
0.423016
0.422917
0.422818
0.42272
0.422621
0.422523
0.422425
0.422327
0.422229
0.422131
0.422033
0.421936
0.421838
0.421741
0.421644
0.421546
0.421449
0.421352
0.421255
0.421159
0.421062
0.420965
0.420869
0.420773
0.420676
0.42058
0.420484
0.420388
0.420293
0.420197
0.420101
0.420006
0.41991
0.419815
0.41972
0.419625
0.41953
0.419435
0.41934
0.419246
0.419151
0.419057
0.418962
0.418868
0.418774
0.41868
0.418586
0.418492
0.418398
0.418305
0.418211
0.418118
0.418024
0.417931
0.417838
0.417745
0.417652
0.417559
0.417466
0.417373
0.417281
0.417188
0.417096
0.417004
0.416911
0.416819
0.416727
0.416635
0.416544
0.416452
0.41636
0.416269
0.416177
0.416086
0.415995
0.415903
0.415812
0.415721
0.415631
0.41554
0.415449
0.415358
0.415268
0.415178
0.415087
0.414997
0.414907
0.414817
0.414727
0.414637
0.414547
0.414457
0.414368
0.414278
0.414189
0.414099
0.41401
0.413921
0.413832
0.413743
0.413654
0.413565
0.413476
0.413388
0.413299
0.413211
0.413122
0.413034
0.412946
0.412858
0.41277
0.412682
0.412594
0.412506
0.412418
0.412331
0.412243
0.412156
0.412068
0.411981
0.411894
0.411807
0.41172
0.411633
0.411546
0.411459
0.411372
0.411286
0.411199
0.411113
0.411026
0.41094
0.410854
0.410768
0.410682
0.410596
0.41051
0.410424
0.410338
0.410253
0.410167
0.410081
0.409996
0.409911
0.409825
0.40974
0.409655
0.40957
0.409485
0.4094
0.409315
0.409231
0.409146
0.409062
0.408977
0.408893
0.408808
0.408724
0.40864
0.408556
0.408472
0.408388
0.408304
0.40822
0.408136
0.408053
0.407969
0.407886
0.407802
0.407719
0.407636
0.407552
0.407469
0.407386
0.407303
0.40722
0.407137
0.407055
0.406972
0.406889
0.406807
0.406724
0.406642
0.40656
0.406477
0.406395
0.406313
0.406231
0.406149
0.406067
0.405985
0.405903
0.405822
0.40574
0.405658
0.405577
0.405496
0.405414
0.405333
0.405252
0.405171
0.40509
0.405009
0.404928
0.404847
0.404766
0.404685
0.404605
0.404524
0.404443
0.404363
0.404283
0.404202
0.404122
0.404042
0.403962
0.403882
0.403802
0.403722
0.403642
0.403562
0.403482
0.403403
0.403323
0.403244
0.403164
0.403085
0.403005
0.402926
0.402847
0.402768
0.402689
0.40261
0.402531
0.402452
0.402373
0.402294
0.402216
0.402137
0.402058
0.40198
0.401901
0.401823
0.401745
0.401666
0.401588
0.40151
0.401432
0.401354
0.401276
0.401198
0.40112
0.401043
0.400965
0.400887
0.40081
0.400732
0.400655
0.400577
0.4005
0.400423
0.400346
0.400269
0.400191
0.400114
0.400037
0.399961
0.399884
0.399807
0.39973
0.399654
0.399577
0.3995
0.399424
0.399347
0.399271
0.399195
0.399119
0.399042
0.398966
0.39889
0.398814
0.398738
0.398662
0.398586
0.398511
0.398435
0.398359
0.398284
0.398208
0.398133
0.398057
0.397982
0.397906
0.397831
0.397756
0.397681
0.397606
0.39753
0.397455
0.397381
0.397306
0.397231
0.397156
0.397081
0.397007
0.396932
0.396857
0.396783
0.396709
0.396634
0.39656
0.396485
0.396411
0.396337
0.396263
0.396189
0.396115
0.396041
0.395967
0.395893
0.395819
0.395746
0.395672
0.395598
0.395525
0.395451
0.395378
0.395304
0.395231
0.395157
0.395084
0.395011
0.394938
0.394865
0.394792
0.394719
0.394646
0.394573
0.3945
0.394427
0.394354
0.394282
0.394209
0.394136
0.394064
0.393991
0.393919
0.393846
0.393774
0.393702
0.393629
0.393557
0.393485
0.393413
0.393341
0.393269
0.393197
0.393125
0.393053
0.392981
0.39291
0.392838
0.392766
0.392695
0.392623
0.392551
0.39248
0.392409
0.392337
0.392266
0.392195
0.392123
0.392052
0.391981
0.39191
0.391839
0.391768
0.391697
0.391626
0.391555
0.391484
0.391414
0.391343
0.391272
0.391202
0.391131
0.391061
0.39099
0.39092
0.390849
0.390779
0.390709
0.390638
0.390568
0.390498
0.390428
0.390358
0.390288
0.390218
0.390148
0.390078
0.390008
0.389938
0.389869
0.389799
0.389729
0.38966
0.38959
0.389521
0.389451
0.389382
0.389312
0.389243
0.389174
0.389104
0.389035
0.388966
0.388897
0.388828
0.388759
0.38869
0.388621
0.388552
0.388483
0.388414
0.388345
0.388277
0.388208
0.388139
0.388071
0.388002
0.387933
0.387865
0.387797
0.387728
0.38766
0.387591
0.387523
0.387455
0.387387
0.387319
0.38725
0.387182
0.387114
0.387046
0.386978
0.386911
0.386843
0.386775
0.386707
0.386639
0.386572
0.386504
0.386436
0.386369
0.386301
0.386234
0.386166
0.386099
0.386032
0.385964
0.385897
0.38583
0.385762
0.385695
0.385628
0.385561
0.385494
0.385427
0.38536
0.385293
0.385226
0.385159
0.385092
0.385026
0.384959
0.384892
0.384825
0.384759
0.384692
0.384626
0.384559
0.384493
0.384426
0.38436
0.384293
0.384227
0.384161
0.384095
0.384028
0.383962
0.383896
0.38383
0.383764
0.383698
0.383632
0.383566
0.3835
0.383434
0.383368
0.383303
0.383237
0.383171
0.383105
)
;

boundaryField
{
    inlet
    {
        type            fixedValue;
        value           uniform 0.5;
    }
    outlet
    {
        type            zeroGradient;
    }
    emptyWalls
    {
        type            empty;
    }
}


// ************************************************************************* //
