/*--------------------------------*- C++ -*----------------------------------*\
  =========                 |
  \\      /  F ield         | OpenFOAM: The Open Source CFD Toolbox
   \\    /   O peration     | Website:  https://openfoam.org
    \\  /    A nd           | Version:  9
     \\/     M anipulation  |
\*---------------------------------------------------------------------------*/
FoamFile
{
    format      ascii;
    class       volVectorField;
    location    "18.1";
    object      Ub;
}
// * * * * * * * * * * * * * * * * * * * * * * * * * * * * * * * * * * * * * //

dimensions      [0 0 0 0 0 0 0];

internalField   nonuniform List<vector> 
1000
(
(0.290579 0 0)
(0.290578 0 0)
(0.290578 0 0)
(0.290577 0 0)
(0.290576 0 0)
(0.290576 0 0)
(0.290574 0 0)
(0.290573 0 0)
(0.290572 0 0)
(0.29057 0 0)
(0.290569 0 0)
(0.290567 0 0)
(0.290565 0 0)
(0.290563 0 0)
(0.290561 0 0)
(0.290559 0 0)
(0.290557 0 0)
(0.290554 0 0)
(0.290551 0 0)
(0.290549 0 0)
(0.290546 0 0)
(0.290543 0 0)
(0.29054 0 0)
(0.290537 0 0)
(0.290533 0 0)
(0.29053 0 0)
(0.290527 0 0)
(0.290523 0 0)
(0.290519 0 0)
(0.290515 0 0)
(0.290511 0 0)
(0.290507 0 0)
(0.290503 0 0)
(0.290499 0 0)
(0.290494 0 0)
(0.29049 0 0)
(0.290485 0 0)
(0.290481 0 0)
(0.290476 0 0)
(0.290471 0 0)
(0.290466 0 0)
(0.290461 0 0)
(0.290456 0 0)
(0.29045 0 0)
(0.290445 0 0)
(0.290439 0 0)
(0.290434 0 0)
(0.290428 0 0)
(0.290422 0 0)
(0.290416 0 0)
(0.29041 0 0)
(0.290404 0 0)
(0.290398 0 0)
(0.290392 0 0)
(0.290386 0 0)
(0.290379 0 0)
(0.290373 0 0)
(0.290366 0 0)
(0.290359 0 0)
(0.290352 0 0)
(0.290345 0 0)
(0.290338 0 0)
(0.290331 0 0)
(0.290324 0 0)
(0.290317 0 0)
(0.29031 0 0)
(0.290302 0 0)
(0.290295 0 0)
(0.290287 0 0)
(0.290279 0 0)
(0.290272 0 0)
(0.290264 0 0)
(0.290256 0 0)
(0.290248 0 0)
(0.29024 0 0)
(0.290231 0 0)
(0.290223 0 0)
(0.290215 0 0)
(0.290206 0 0)
(0.290198 0 0)
(0.290189 0 0)
(0.290181 0 0)
(0.290172 0 0)
(0.290163 0 0)
(0.290154 0 0)
(0.290145 0 0)
(0.290136 0 0)
(0.290127 0 0)
(0.290118 0 0)
(0.290108 0 0)
(0.290099 0 0)
(0.29009 0 0)
(0.29008 0 0)
(0.290071 0 0)
(0.290061 0 0)
(0.290051 0 0)
(0.290041 0 0)
(0.290031 0 0)
(0.290021 0 0)
(0.290011 0 0)
(0.290001 0 0)
(0.289991 0 0)
(0.289981 0 0)
(0.289971 0 0)
(0.28996 0 0)
(0.28995 0 0)
(0.289939 0 0)
(0.289929 0 0)
(0.289918 0 0)
(0.289907 0 0)
(0.289897 0 0)
(0.289886 0 0)
(0.289875 0 0)
(0.289864 0 0)
(0.289853 0 0)
(0.289842 0 0)
(0.28983 0 0)
(0.289819 0 0)
(0.289808 0 0)
(0.289796 0 0)
(0.289785 0 0)
(0.289773 0 0)
(0.289762 0 0)
(0.28975 0 0)
(0.289739 0 0)
(0.289727 0 0)
(0.289715 0 0)
(0.289703 0 0)
(0.289691 0 0)
(0.289679 0 0)
(0.289667 0 0)
(0.289655 0 0)
(0.289643 0 0)
(0.28963 0 0)
(0.289618 0 0)
(0.289606 0 0)
(0.289593 0 0)
(0.289581 0 0)
(0.289568 0 0)
(0.289556 0 0)
(0.289543 0 0)
(0.28953 0 0)
(0.289517 0 0)
(0.289504 0 0)
(0.289492 0 0)
(0.289479 0 0)
(0.289466 0 0)
(0.289452 0 0)
(0.289439 0 0)
(0.289426 0 0)
(0.289413 0 0)
(0.2894 0 0)
(0.289386 0 0)
(0.289373 0 0)
(0.289359 0 0)
(0.289346 0 0)
(0.289332 0 0)
(0.289318 0 0)
(0.289305 0 0)
(0.289291 0 0)
(0.289277 0 0)
(0.289263 0 0)
(0.289249 0 0)
(0.289235 0 0)
(0.289221 0 0)
(0.289207 0 0)
(0.289193 0 0)
(0.289179 0 0)
(0.289165 0 0)
(0.289151 0 0)
(0.289136 0 0)
(0.289122 0 0)
(0.289107 0 0)
(0.289093 0 0)
(0.289078 0 0)
(0.289064 0 0)
(0.289049 0 0)
(0.289035 0 0)
(0.28902 0 0)
(0.289005 0 0)
(0.28899 0 0)
(0.288975 0 0)
(0.28896 0 0)
(0.288945 0 0)
(0.28893 0 0)
(0.288915 0 0)
(0.2889 0 0)
(0.288885 0 0)
(0.28887 0 0)
(0.288854 0 0)
(0.288839 0 0)
(0.288824 0 0)
(0.288808 0 0)
(0.288793 0 0)
(0.288777 0 0)
(0.288762 0 0)
(0.288746 0 0)
(0.28873 0 0)
(0.288715 0 0)
(0.288699 0 0)
(0.288683 0 0)
(0.288667 0 0)
(0.288652 0 0)
(0.288636 0 0)
(0.28862 0 0)
(0.288604 0 0)
(0.288588 0 0)
(0.288571 0 0)
(0.288555 0 0)
(0.288539 0 0)
(0.288523 0 0)
(0.288507 0 0)
(0.28849 0 0)
(0.288474 0 0)
(0.288457 0 0)
(0.288441 0 0)
(0.288424 0 0)
(0.288408 0 0)
(0.288391 0 0)
(0.288375 0 0)
(0.288358 0 0)
(0.288341 0 0)
(0.288325 0 0)
(0.288308 0 0)
(0.288291 0 0)
(0.288274 0 0)
(0.288257 0 0)
(0.28824 0 0)
(0.288223 0 0)
(0.288206 0 0)
(0.288189 0 0)
(0.288172 0 0)
(0.288155 0 0)
(0.288137 0 0)
(0.28812 0 0)
(0.288103 0 0)
(0.288086 0 0)
(0.288068 0 0)
(0.288051 0 0)
(0.288033 0 0)
(0.288016 0 0)
(0.287998 0 0)
(0.287981 0 0)
(0.287963 0 0)
(0.287945 0 0)
(0.287928 0 0)
(0.28791 0 0)
(0.287892 0 0)
(0.287874 0 0)
(0.287856 0 0)
(0.287839 0 0)
(0.287821 0 0)
(0.287803 0 0)
(0.287785 0 0)
(0.287767 0 0)
(0.287749 0 0)
(0.28773 0 0)
(0.287712 0 0)
(0.287694 0 0)
(0.287676 0 0)
(0.287658 0 0)
(0.287639 0 0)
(0.287621 0 0)
(0.287603 0 0)
(0.287584 0 0)
(0.287566 0 0)
(0.287547 0 0)
(0.287529 0 0)
(0.28751 0 0)
(0.287491 0 0)
(0.287473 0 0)
(0.287454 0 0)
(0.287435 0 0)
(0.287417 0 0)
(0.287398 0 0)
(0.287379 0 0)
(0.28736 0 0)
(0.287341 0 0)
(0.287322 0 0)
(0.287304 0 0)
(0.287285 0 0)
(0.287265 0 0)
(0.287246 0 0)
(0.287227 0 0)
(0.287208 0 0)
(0.287189 0 0)
(0.28717 0 0)
(0.287151 0 0)
(0.287131 0 0)
(0.287112 0 0)
(0.287093 0 0)
(0.287073 0 0)
(0.287054 0 0)
(0.287034 0 0)
(0.287015 0 0)
(0.286995 0 0)
(0.286976 0 0)
(0.286956 0 0)
(0.286937 0 0)
(0.286917 0 0)
(0.286897 0 0)
(0.286878 0 0)
(0.286858 0 0)
(0.286838 0 0)
(0.286818 0 0)
(0.286799 0 0)
(0.286779 0 0)
(0.286759 0 0)
(0.286739 0 0)
(0.286719 0 0)
(0.286699 0 0)
(0.286679 0 0)
(0.286659 0 0)
(0.286639 0 0)
(0.286619 0 0)
(0.286598 0 0)
(0.286578 0 0)
(0.286558 0 0)
(0.286538 0 0)
(0.286517 0 0)
(0.286497 0 0)
(0.286477 0 0)
(0.286456 0 0)
(0.286436 0 0)
(0.286416 0 0)
(0.286395 0 0)
(0.286375 0 0)
(0.286354 0 0)
(0.286333 0 0)
(0.286313 0 0)
(0.286292 0 0)
(0.286272 0 0)
(0.286251 0 0)
(0.28623 0 0)
(0.286209 0 0)
(0.286189 0 0)
(0.286168 0 0)
(0.286147 0 0)
(0.286126 0 0)
(0.286105 0 0)
(0.286084 0 0)
(0.286063 0 0)
(0.286042 0 0)
(0.286021 0 0)
(0.286 0 0)
(0.285979 0 0)
(0.285958 0 0)
(0.285937 0 0)
(0.285916 0 0)
(0.285895 0 0)
(0.285873 0 0)
(0.285852 0 0)
(0.285831 0 0)
(0.28581 0 0)
(0.285788 0 0)
(0.285767 0 0)
(0.285745 0 0)
(0.285724 0 0)
(0.285703 0 0)
(0.285681 0 0)
(0.28566 0 0)
(0.285638 0 0)
(0.285617 0 0)
(0.285595 0 0)
(0.285573 0 0)
(0.285552 0 0)
(0.28553 0 0)
(0.285508 0 0)
(0.285487 0 0)
(0.285465 0 0)
(0.285443 0 0)
(0.285421 0 0)
(0.285399 0 0)
(0.285377 0 0)
(0.285356 0 0)
(0.285334 0 0)
(0.285312 0 0)
(0.28529 0 0)
(0.285268 0 0)
(0.285246 0 0)
(0.285224 0 0)
(0.285202 0 0)
(0.285179 0 0)
(0.285157 0 0)
(0.285135 0 0)
(0.285113 0 0)
(0.285091 0 0)
(0.285068 0 0)
(0.285046 0 0)
(0.285024 0 0)
(0.285002 0 0)
(0.284979 0 0)
(0.284957 0 0)
(0.284934 0 0)
(0.284912 0 0)
(0.28489 0 0)
(0.284867 0 0)
(0.284845 0 0)
(0.284822 0 0)
(0.284799 0 0)
(0.284777 0 0)
(0.284754 0 0)
(0.284732 0 0)
(0.284709 0 0)
(0.284686 0 0)
(0.284664 0 0)
(0.284641 0 0)
(0.284618 0 0)
(0.284595 0 0)
(0.284572 0 0)
(0.28455 0 0)
(0.284527 0 0)
(0.284504 0 0)
(0.284481 0 0)
(0.284458 0 0)
(0.284435 0 0)
(0.284412 0 0)
(0.284389 0 0)
(0.284366 0 0)
(0.284343 0 0)
(0.28432 0 0)
(0.284297 0 0)
(0.284274 0 0)
(0.28425 0 0)
(0.284227 0 0)
(0.284204 0 0)
(0.284181 0 0)
(0.284157 0 0)
(0.284134 0 0)
(0.284111 0 0)
(0.284088 0 0)
(0.284064 0 0)
(0.284041 0 0)
(0.284017 0 0)
(0.283994 0 0)
(0.28397 0 0)
(0.283947 0 0)
(0.283924 0 0)
(0.2839 0 0)
(0.283876 0 0)
(0.283853 0 0)
(0.283829 0 0)
(0.283806 0 0)
(0.283782 0 0)
(0.283758 0 0)
(0.283735 0 0)
(0.283711 0 0)
(0.283687 0 0)
(0.283663 0 0)
(0.28364 0 0)
(0.283616 0 0)
(0.283592 0 0)
(0.283568 0 0)
(0.283544 0 0)
(0.28352 0 0)
(0.283496 0 0)
(0.283472 0 0)
(0.283448 0 0)
(0.283424 0 0)
(0.2834 0 0)
(0.283376 0 0)
(0.283352 0 0)
(0.283328 0 0)
(0.283304 0 0)
(0.28328 0 0)
(0.283256 0 0)
(0.283232 0 0)
(0.283207 0 0)
(0.283183 0 0)
(0.283159 0 0)
(0.283135 0 0)
(0.28311 0 0)
(0.283086 0 0)
(0.283062 0 0)
(0.283037 0 0)
(0.283013 0 0)
(0.282989 0 0)
(0.282964 0 0)
(0.28294 0 0)
(0.282915 0 0)
(0.282891 0 0)
(0.282866 0 0)
(0.282842 0 0)
(0.282817 0 0)
(0.282793 0 0)
(0.282768 0 0)
(0.282743 0 0)
(0.282719 0 0)
(0.282694 0 0)
(0.282669 0 0)
(0.282645 0 0)
(0.28262 0 0)
(0.282595 0 0)
(0.28257 0 0)
(0.282546 0 0)
(0.282521 0 0)
(0.282496 0 0)
(0.282471 0 0)
(0.282446 0 0)
(0.282421 0 0)
(0.282396 0 0)
(0.282371 0 0)
(0.282346 0 0)
(0.282321 0 0)
(0.282296 0 0)
(0.282271 0 0)
(0.282246 0 0)
(0.282221 0 0)
(0.282196 0 0)
(0.282171 0 0)
(0.282146 0 0)
(0.282121 0 0)
(0.282096 0 0)
(0.28207 0 0)
(0.282045 0 0)
(0.28202 0 0)
(0.281995 0 0)
(0.281969 0 0)
(0.281944 0 0)
(0.281919 0 0)
(0.281893 0 0)
(0.281868 0 0)
(0.281843 0 0)
(0.281817 0 0)
(0.281792 0 0)
(0.281766 0 0)
(0.281741 0 0)
(0.281715 0 0)
(0.28169 0 0)
(0.281664 0 0)
(0.281639 0 0)
(0.281613 0 0)
(0.281588 0 0)
(0.281562 0 0)
(0.281536 0 0)
(0.281511 0 0)
(0.281485 0 0)
(0.281459 0 0)
(0.281434 0 0)
(0.281408 0 0)
(0.281382 0 0)
(0.281356 0 0)
(0.281331 0 0)
(0.281305 0 0)
(0.281279 0 0)
(0.281253 0 0)
(0.281227 0 0)
(0.281201 0 0)
(0.281175 0 0)
(0.28115 0 0)
(0.281124 0 0)
(0.281098 0 0)
(0.281072 0 0)
(0.281046 0 0)
(0.28102 0 0)
(0.280994 0 0)
(0.280967 0 0)
(0.280941 0 0)
(0.280915 0 0)
(0.280889 0 0)
(0.280863 0 0)
(0.280837 0 0)
(0.280811 0 0)
(0.280784 0 0)
(0.280758 0 0)
(0.280732 0 0)
(0.280706 0 0)
(0.280679 0 0)
(0.280653 0 0)
(0.280627 0 0)
(0.2806 0 0)
(0.280574 0 0)
(0.280548 0 0)
(0.280521 0 0)
(0.280495 0 0)
(0.280468 0 0)
(0.280442 0 0)
(0.280416 0 0)
(0.280389 0 0)
(0.280363 0 0)
(0.280336 0 0)
(0.280309 0 0)
(0.280283 0 0)
(0.280256 0 0)
(0.28023 0 0)
(0.280203 0 0)
(0.280176 0 0)
(0.28015 0 0)
(0.280123 0 0)
(0.280096 0 0)
(0.28007 0 0)
(0.280043 0 0)
(0.280016 0 0)
(0.279989 0 0)
(0.279963 0 0)
(0.279936 0 0)
(0.279909 0 0)
(0.279882 0 0)
(0.279855 0 0)
(0.279828 0 0)
(0.279801 0 0)
(0.279774 0 0)
(0.279748 0 0)
(0.279721 0 0)
(0.279694 0 0)
(0.279667 0 0)
(0.27964 0 0)
(0.279613 0 0)
(0.279585 0 0)
(0.279558 0 0)
(0.279531 0 0)
(0.279504 0 0)
(0.279477 0 0)
(0.27945 0 0)
(0.279423 0 0)
(0.279396 0 0)
(0.279368 0 0)
(0.279341 0 0)
(0.279314 0 0)
(0.279287 0 0)
(0.279259 0 0)
(0.279232 0 0)
(0.279205 0 0)
(0.279178 0 0)
(0.27915 0 0)
(0.279123 0 0)
(0.279095 0 0)
(0.279068 0 0)
(0.279041 0 0)
(0.279013 0 0)
(0.278986 0 0)
(0.278958 0 0)
(0.278931 0 0)
(0.278903 0 0)
(0.278876 0 0)
(0.278848 0 0)
(0.278821 0 0)
(0.278793 0 0)
(0.278765 0 0)
(0.278738 0 0)
(0.27871 0 0)
(0.278683 0 0)
(0.278655 0 0)
(0.278627 0 0)
(0.2786 0 0)
(0.278572 0 0)
(0.278544 0 0)
(0.278516 0 0)
(0.278489 0 0)
(0.278461 0 0)
(0.278433 0 0)
(0.278405 0 0)
(0.278377 0 0)
(0.278349 0 0)
(0.278322 0 0)
(0.278294 0 0)
(0.278266 0 0)
(0.278238 0 0)
(0.27821 0 0)
(0.278182 0 0)
(0.278154 0 0)
(0.278126 0 0)
(0.278098 0 0)
(0.27807 0 0)
(0.278042 0 0)
(0.278014 0 0)
(0.277986 0 0)
(0.277958 0 0)
(0.27793 0 0)
(0.277901 0 0)
(0.277873 0 0)
(0.277845 0 0)
(0.277817 0 0)
(0.277789 0 0)
(0.277761 0 0)
(0.277732 0 0)
(0.277704 0 0)
(0.277676 0 0)
(0.277647 0 0)
(0.277619 0 0)
(0.277591 0 0)
(0.277563 0 0)
(0.277534 0 0)
(0.277506 0 0)
(0.277477 0 0)
(0.277449 0 0)
(0.277421 0 0)
(0.277392 0 0)
(0.277364 0 0)
(0.277335 0 0)
(0.277307 0 0)
(0.277278 0 0)
(0.27725 0 0)
(0.277221 0 0)
(0.277193 0 0)
(0.277164 0 0)
(0.277135 0 0)
(0.277107 0 0)
(0.277078 0 0)
(0.27705 0 0)
(0.277021 0 0)
(0.276992 0 0)
(0.276964 0 0)
(0.276935 0 0)
(0.276906 0 0)
(0.276877 0 0)
(0.276849 0 0)
(0.27682 0 0)
(0.276791 0 0)
(0.276762 0 0)
(0.276733 0 0)
(0.276705 0 0)
(0.276676 0 0)
(0.276647 0 0)
(0.276618 0 0)
(0.276589 0 0)
(0.27656 0 0)
(0.276531 0 0)
(0.276502 0 0)
(0.276473 0 0)
(0.276444 0 0)
(0.276415 0 0)
(0.276386 0 0)
(0.276357 0 0)
(0.276328 0 0)
(0.276299 0 0)
(0.27627 0 0)
(0.276241 0 0)
(0.276212 0 0)
(0.276183 0 0)
(0.276154 0 0)
(0.276124 0 0)
(0.276095 0 0)
(0.276066 0 0)
(0.276037 0 0)
(0.276008 0 0)
(0.275978 0 0)
(0.275949 0 0)
(0.27592 0 0)
(0.275891 0 0)
(0.275861 0 0)
(0.275832 0 0)
(0.275803 0 0)
(0.275773 0 0)
(0.275744 0 0)
(0.275714 0 0)
(0.275685 0 0)
(0.275656 0 0)
(0.275626 0 0)
(0.275597 0 0)
(0.275567 0 0)
(0.275538 0 0)
(0.275508 0 0)
(0.275479 0 0)
(0.275449 0 0)
(0.27542 0 0)
(0.27539 0 0)
(0.275361 0 0)
(0.275331 0 0)
(0.275301 0 0)
(0.275272 0 0)
(0.275242 0 0)
(0.275212 0 0)
(0.275183 0 0)
(0.275153 0 0)
(0.275123 0 0)
(0.275094 0 0)
(0.275064 0 0)
(0.275034 0 0)
(0.275004 0 0)
(0.274975 0 0)
(0.274945 0 0)
(0.274915 0 0)
(0.274885 0 0)
(0.274855 0 0)
(0.274825 0 0)
(0.274795 0 0)
(0.274766 0 0)
(0.274736 0 0)
(0.274706 0 0)
(0.274676 0 0)
(0.274646 0 0)
(0.274616 0 0)
(0.274586 0 0)
(0.274556 0 0)
(0.274526 0 0)
(0.274496 0 0)
(0.274466 0 0)
(0.274436 0 0)
(0.274406 0 0)
(0.274376 0 0)
(0.274345 0 0)
(0.274315 0 0)
(0.274285 0 0)
(0.274255 0 0)
(0.274225 0 0)
(0.274195 0 0)
(0.274164 0 0)
(0.274134 0 0)
(0.274104 0 0)
(0.274074 0 0)
(0.274043 0 0)
(0.274013 0 0)
(0.273983 0 0)
(0.273952 0 0)
(0.273922 0 0)
(0.273892 0 0)
(0.273861 0 0)
(0.273831 0 0)
(0.273801 0 0)
(0.27377 0 0)
(0.27374 0 0)
(0.273709 0 0)
(0.273679 0 0)
(0.273648 0 0)
(0.273618 0 0)
(0.273587 0 0)
(0.273557 0 0)
(0.273526 0 0)
(0.273496 0 0)
(0.273465 0 0)
(0.273435 0 0)
(0.273404 0 0)
(0.273373 0 0)
(0.273343 0 0)
(0.273312 0 0)
(0.273282 0 0)
(0.273251 0 0)
(0.27322 0 0)
(0.27319 0 0)
(0.273159 0 0)
(0.273128 0 0)
(0.273097 0 0)
(0.273067 0 0)
(0.273036 0 0)
(0.273005 0 0)
(0.272974 0 0)
(0.272943 0 0)
(0.272913 0 0)
(0.272882 0 0)
(0.272851 0 0)
(0.27282 0 0)
(0.272789 0 0)
(0.272758 0 0)
(0.272727 0 0)
(0.272696 0 0)
(0.272665 0 0)
(0.272634 0 0)
(0.272603 0 0)
(0.272572 0 0)
(0.272541 0 0)
(0.27251 0 0)
(0.272479 0 0)
(0.272448 0 0)
(0.272417 0 0)
(0.272386 0 0)
(0.272355 0 0)
(0.272324 0 0)
(0.272293 0 0)
(0.272261 0 0)
(0.27223 0 0)
(0.272199 0 0)
(0.272168 0 0)
(0.272137 0 0)
(0.272105 0 0)
(0.272074 0 0)
(0.272043 0 0)
(0.272012 0 0)
(0.27198 0 0)
(0.271949 0 0)
(0.271918 0 0)
(0.271886 0 0)
(0.271855 0 0)
(0.271824 0 0)
(0.271792 0 0)
(0.271761 0 0)
(0.271729 0 0)
(0.271698 0 0)
(0.271667 0 0)
(0.271635 0 0)
(0.271604 0 0)
(0.271572 0 0)
(0.271541 0 0)
(0.271509 0 0)
(0.271478 0 0)
(0.271446 0 0)
(0.271414 0 0)
(0.271383 0 0)
(0.271351 0 0)
(0.27132 0 0)
(0.271288 0 0)
(0.271256 0 0)
(0.271225 0 0)
(0.271193 0 0)
(0.271161 0 0)
(0.27113 0 0)
(0.271098 0 0)
(0.271066 0 0)
(0.271035 0 0)
(0.271003 0 0)
(0.270971 0 0)
(0.270939 0 0)
(0.270907 0 0)
(0.270876 0 0)
(0.270844 0 0)
(0.270812 0 0)
(0.27078 0 0)
(0.270748 0 0)
(0.270716 0 0)
(0.270684 0 0)
(0.270653 0 0)
(0.270621 0 0)
(0.270589 0 0)
(0.270557 0 0)
(0.270525 0 0)
(0.270493 0 0)
(0.270461 0 0)
(0.270429 0 0)
(0.270397 0 0)
(0.270365 0 0)
(0.270333 0 0)
(0.2703 0 0)
(0.270268 0 0)
(0.270236 0 0)
(0.270204 0 0)
(0.270172 0 0)
(0.27014 0 0)
(0.270108 0 0)
(0.270075 0 0)
(0.270043 0 0)
(0.270011 0 0)
(0.269979 0 0)
(0.269947 0 0)
(0.269914 0 0)
(0.269882 0 0)
(0.26985 0 0)
(0.269817 0 0)
(0.269785 0 0)
(0.269753 0 0)
(0.26972 0 0)
(0.269688 0 0)
(0.269656 0 0)
(0.269623 0 0)
(0.269591 0 0)
(0.269558 0 0)
(0.269526 0 0)
(0.269494 0 0)
(0.269461 0 0)
(0.269429 0 0)
(0.269396 0 0)
(0.269364 0 0)
(0.269331 0 0)
(0.269299 0 0)
(0.269266 0 0)
(0.269233 0 0)
(0.269201 0 0)
(0.269168 0 0)
(0.269136 0 0)
(0.269103 0 0)
(0.26907 0 0)
(0.269038 0 0)
(0.269005 0 0)
(0.268972 0 0)
(0.26894 0 0)
(0.268907 0 0)
(0.268874 0 0)
(0.268841 0 0)
(0.268809 0 0)
(0.268776 0 0)
(0.268743 0 0)
(0.26871 0 0)
(0.268678 0 0)
(0.268645 0 0)
(0.268612 0 0)
(0.268579 0 0)
(0.268546 0 0)
(0.268513 0 0)
(0.26848 0 0)
(0.268447 0 0)
(0.268414 0 0)
(0.268381 0 0)
(0.268348 0 0)
(0.268315 0 0)
(0.268283 0 0)
(0.268249 0 0)
(0.268216 0 0)
(0.268183 0 0)
(0.26815 0 0)
(0.268117 0 0)
(0.268084 0 0)
(0.268051 0 0)
(0.268018 0 0)
(0.267985 0 0)
(0.267952 0 0)
(0.267919 0 0)
(0.267885 0 0)
(0.267852 0 0)
(0.267819 0 0)
(0.267786 0 0)
(0.267753 0 0)
)
;

boundaryField
{
    inlet
    {
        type            fractionalVelocity;
        U               1((1 0 0));
        fractionalFlow  Fb;
        value           uniform (0.290579 0 0);
    }
    outlet
    {
        type            zeroGradient;
    }
    emptyWalls
    {
        type            empty;
    }
}


// ************************************************************************* //
