/*--------------------------------*- C++ -*----------------------------------*\
  =========                 |
  \\      /  F ield         | OpenFOAM: The Open Source CFD Toolbox
   \\    /   O peration     | Website:  https://openfoam.org
    \\  /    A nd           | Version:  9
     \\/     M anipulation  |
\*---------------------------------------------------------------------------*/
FoamFile
{
    format      ascii;
    class       volVectorField;
    location    "5000";
    object      Uc;
}
// * * * * * * * * * * * * * * * * * * * * * * * * * * * * * * * * * * * * * //

dimensions      [0 0 0 0 0 0 0];

internalField   nonuniform List<vector> 
100
(
(0 0 6.05419e-09)
(0 0 9.46219e-09)
(0 0 1.66944e-08)
(0 0 2.47593e-08)
(0 0 3.36978e-08)
(0 0 4.35827e-08)
(0 0 5.44786e-08)
(0 0 6.64805e-08)
(0 0 7.97167e-08)
(0 0 9.43316e-08)
(0 0 1.10507e-07)
(0 0 1.28451e-07)
(0 0 1.48376e-07)
(0 0 1.70527e-07)
(0 0 1.95193e-07)
(0 0 2.22608e-07)
(0 0 2.52709e-07)
(0 0 2.82749e-07)
(0 0 3.09196e-07)
(0 0 3.32637e-07)
(0 0 3.55042e-07)
(0 0 3.76998e-07)
(0 0 3.98697e-07)
(0 0 4.20212e-07)
(0 0 4.41583e-07)
(0 0 4.62839e-07)
(0 0 4.83996e-07)
(0 0 5.05081e-07)
(0 0 5.26113e-07)
(0 0 5.47079e-07)
(0 0 5.67948e-07)
(0 0 5.88729e-07)
(0 0 6.0946e-07)
(0 0 6.30165e-07)
(0 0 6.50829e-07)
(0 0 6.71434e-07)
(0 0 6.9202e-07)
(0 0 7.12715e-07)
(0 0 7.33742e-07)
(0 0 7.55431e-07)
(0 0 7.78209e-07)
(0 0 8.02568e-07)
(0 0 8.28975e-07)
(0 0 8.57739e-07)
(0 0 8.88892e-07)
(0 0 9.22069e-07)
(0 0 9.56534e-07)
(0 0 9.91403e-07)
(0 0 1.02594e-06)
(0 0 1.05975e-06)
(0 0 1.09269e-06)
(0 0 1.12477e-06)
(0 0 1.15608e-06)
(0 0 1.18675e-06)
(0 0 1.21693e-06)
(0 0 1.24673e-06)
(0 0 1.27626e-06)
(0 0 1.30549e-06)
(0 0 1.33439e-06)
(0 0 1.36283e-06)
(0 0 1.39063e-06)
(0 0 1.41756e-06)
(0 0 1.44331e-06)
(0 0 1.46764e-06)
(0 0 1.4904e-06)
(0 0 1.51157e-06)
(0 0 1.53127e-06)
(0 0 1.54967e-06)
(0 0 1.56699e-06)
(0 0 1.58351e-06)
(0 0 1.5996e-06)
(0 0 1.61574e-06)
(0 0 1.63256e-06)
(0 0 1.6509e-06)
(0 0 1.67192e-06)
(0 0 1.69715e-06)
(0 0 1.72775e-06)
(0 0 1.76276e-06)
(0 0 1.79922e-06)
(0 0 1.83461e-06)
(0 0 1.86818e-06)
(0 0 1.90024e-06)
(0 0 1.93125e-06)
(0 0 1.96154e-06)
(0 0 1.99131e-06)
(0 0 2.02069e-06)
(0 0 2.04976e-06)
(0 0 2.0786e-06)
(0 0 2.10723e-06)
(0 0 2.13571e-06)
(0 0 2.16405e-06)
(0 0 2.19227e-06)
(0 0 2.22035e-06)
(0 0 2.24827e-06)
(0 0 2.27596e-06)
(0 0 2.30328e-06)
(0 0 2.33002e-06)
(0 0 2.35592e-06)
(0 0 2.38076e-06)
(0 0 2.40451e-06)
)
;

boundaryField
{
    inlet
    {
        type            fixedValue;
        value           uniform (0 0 0);
    }
    outlet
    {
        type            zeroGradient;
    }
    emptyWalls
    {
        type            empty;
    }
}


// ************************************************************************* //
