/*--------------------------------*- C++ -*----------------------------------*\
  =========                 |
  \\      /  F ield         | OpenFOAM: The Open Source CFD Toolbox
   \\    /   O peration     | Website:  https://openfoam.org
    \\  /    A nd           | Version:  9
     \\/     M anipulation  |
\*---------------------------------------------------------------------------*/
FoamFile
{
    format      ascii;
    class       volScalarField;
    location    "10.3";
    object      p;
}
// * * * * * * * * * * * * * * * * * * * * * * * * * * * * * * * * * * * * * //

dimensions      [0 0 0 0 0 0 0];

internalField   nonuniform List<scalar> 
1000
(
2.08457e+13
2.08358e+13
2.08258e+13
2.08159e+13
2.08059e+13
2.07958e+13
2.07858e+13
2.07757e+13
2.07656e+13
2.07555e+13
2.07453e+13
2.07352e+13
2.0725e+13
2.07148e+13
2.07045e+13
2.06943e+13
2.0684e+13
2.06737e+13
2.06634e+13
2.0653e+13
2.06426e+13
2.06322e+13
2.06218e+13
2.06114e+13
2.06009e+13
2.05904e+13
2.05799e+13
2.05694e+13
2.05589e+13
2.05483e+13
2.05377e+13
2.05271e+13
2.05165e+13
2.05058e+13
2.04952e+13
2.04845e+13
2.04737e+13
2.0463e+13
2.04523e+13
2.04415e+13
2.04307e+13
2.04199e+13
2.0409e+13
2.03982e+13
2.03873e+13
2.03764e+13
2.03655e+13
2.03545e+13
2.03436e+13
2.03326e+13
2.03216e+13
2.03106e+13
2.02995e+13
2.02885e+13
2.02774e+13
2.02663e+13
2.02552e+13
2.0244e+13
2.02329e+13
2.02217e+13
2.02105e+13
2.01993e+13
2.0188e+13
2.01768e+13
2.01655e+13
2.01542e+13
2.01429e+13
2.01316e+13
2.01202e+13
2.01088e+13
2.00975e+13
2.0086e+13
2.00746e+13
2.00632e+13
2.00517e+13
2.00402e+13
2.00287e+13
2.00172e+13
2.00057e+13
1.99941e+13
1.99825e+13
1.99709e+13
1.99593e+13
1.99477e+13
1.9936e+13
1.99244e+13
1.99127e+13
1.9901e+13
1.98892e+13
1.98775e+13
1.98657e+13
1.9854e+13
1.98422e+13
1.98304e+13
1.98185e+13
1.98067e+13
1.97948e+13
1.97829e+13
1.9771e+13
1.97591e+13
1.97472e+13
1.97352e+13
1.97232e+13
1.97112e+13
1.96992e+13
1.96872e+13
1.96752e+13
1.96631e+13
1.9651e+13
1.96389e+13
1.96268e+13
1.96147e+13
1.96025e+13
1.95904e+13
1.95782e+13
1.9566e+13
1.95538e+13
1.95415e+13
1.95293e+13
1.9517e+13
1.95047e+13
1.94924e+13
1.94801e+13
1.94677e+13
1.94554e+13
1.9443e+13
1.94306e+13
1.94182e+13
1.94058e+13
1.93934e+13
1.93809e+13
1.93684e+13
1.9356e+13
1.93435e+13
1.93309e+13
1.93184e+13
1.93058e+13
1.92933e+13
1.92807e+13
1.92681e+13
1.92555e+13
1.92428e+13
1.92302e+13
1.92175e+13
1.92048e+13
1.91921e+13
1.91794e+13
1.91667e+13
1.91539e+13
1.91411e+13
1.91283e+13
1.91155e+13
1.91027e+13
1.90899e+13
1.90771e+13
1.90642e+13
1.90513e+13
1.90384e+13
1.90255e+13
1.90126e+13
1.89996e+13
1.89867e+13
1.89737e+13
1.89607e+13
1.89477e+13
1.89347e+13
1.89216e+13
1.89086e+13
1.88955e+13
1.88824e+13
1.88693e+13
1.88562e+13
1.88431e+13
1.88299e+13
1.88168e+13
1.88036e+13
1.87904e+13
1.87772e+13
1.8764e+13
1.87507e+13
1.87375e+13
1.87242e+13
1.87109e+13
1.86976e+13
1.86843e+13
1.86709e+13
1.86576e+13
1.86442e+13
1.86309e+13
1.86175e+13
1.86041e+13
1.85906e+13
1.85772e+13
1.85637e+13
1.85503e+13
1.85368e+13
1.85233e+13
1.85098e+13
1.84962e+13
1.84827e+13
1.84691e+13
1.84556e+13
1.8442e+13
1.84284e+13
1.84147e+13
1.84011e+13
1.83875e+13
1.83738e+13
1.83601e+13
1.83464e+13
1.83327e+13
1.8319e+13
1.83052e+13
1.82915e+13
1.82777e+13
1.82639e+13
1.82502e+13
1.82363e+13
1.82225e+13
1.82087e+13
1.81948e+13
1.81809e+13
1.81671e+13
1.81532e+13
1.81392e+13
1.81253e+13
1.81114e+13
1.80974e+13
1.80835e+13
1.80695e+13
1.80555e+13
1.80415e+13
1.80274e+13
1.80134e+13
1.79993e+13
1.79852e+13
1.79712e+13
1.79571e+13
1.79429e+13
1.79288e+13
1.79147e+13
1.79005e+13
1.78863e+13
1.78722e+13
1.7858e+13
1.78437e+13
1.78295e+13
1.78153e+13
1.7801e+13
1.77868e+13
1.77725e+13
1.77582e+13
1.77439e+13
1.77295e+13
1.77152e+13
1.77008e+13
1.76865e+13
1.76721e+13
1.76577e+13
1.76433e+13
1.76289e+13
1.76144e+13
1.76e+13
1.75855e+13
1.7571e+13
1.75565e+13
1.7542e+13
1.75275e+13
1.7513e+13
1.74984e+13
1.74839e+13
1.74693e+13
1.74547e+13
1.74401e+13
1.74255e+13
1.74108e+13
1.73962e+13
1.73815e+13
1.73669e+13
1.73522e+13
1.73375e+13
1.73228e+13
1.7308e+13
1.72933e+13
1.72786e+13
1.72638e+13
1.7249e+13
1.72342e+13
1.72194e+13
1.72046e+13
1.71898e+13
1.71749e+13
1.716e+13
1.71452e+13
1.71303e+13
1.71154e+13
1.71005e+13
1.70855e+13
1.70706e+13
1.70557e+13
1.70407e+13
1.70257e+13
1.70107e+13
1.69957e+13
1.69807e+13
1.69657e+13
1.69506e+13
1.69355e+13
1.69205e+13
1.69054e+13
1.68903e+13
1.68752e+13
1.686e+13
1.68449e+13
1.68298e+13
1.68146e+13
1.67994e+13
1.67842e+13
1.6769e+13
1.67538e+13
1.67386e+13
1.67233e+13
1.67081e+13
1.66928e+13
1.66775e+13
1.66622e+13
1.66469e+13
1.66316e+13
1.66163e+13
1.66009e+13
1.65856e+13
1.65702e+13
1.65548e+13
1.65394e+13
1.6524e+13
1.65086e+13
1.64931e+13
1.64777e+13
1.64622e+13
1.64467e+13
1.64313e+13
1.64158e+13
1.64002e+13
1.63847e+13
1.63692e+13
1.63536e+13
1.63381e+13
1.63225e+13
1.63069e+13
1.62913e+13
1.62757e+13
1.626e+13
1.62444e+13
1.62287e+13
1.62131e+13
1.61974e+13
1.61817e+13
1.6166e+13
1.61503e+13
1.61346e+13
1.61188e+13
1.61031e+13
1.60873e+13
1.60715e+13
1.60557e+13
1.60399e+13
1.60241e+13
1.60083e+13
1.59924e+13
1.59766e+13
1.59607e+13
1.59448e+13
1.59289e+13
1.5913e+13
1.58971e+13
1.58812e+13
1.58653e+13
1.58493e+13
1.58333e+13
1.58174e+13
1.58014e+13
1.57854e+13
1.57693e+13
1.57533e+13
1.57373e+13
1.57212e+13
1.57052e+13
1.56891e+13
1.5673e+13
1.56569e+13
1.56408e+13
1.56247e+13
1.56085e+13
1.55924e+13
1.55762e+13
1.556e+13
1.55438e+13
1.55276e+13
1.55114e+13
1.54952e+13
1.5479e+13
1.54627e+13
1.54465e+13
1.54302e+13
1.54139e+13
1.53976e+13
1.53813e+13
1.5365e+13
1.53487e+13
1.53323e+13
1.5316e+13
1.52996e+13
1.52832e+13
1.52668e+13
1.52504e+13
1.5234e+13
1.52176e+13
1.52011e+13
1.51847e+13
1.51682e+13
1.51517e+13
1.51352e+13
1.51187e+13
1.51022e+13
1.50857e+13
1.50692e+13
1.50526e+13
1.50361e+13
1.50195e+13
1.50029e+13
1.49863e+13
1.49697e+13
1.49531e+13
1.49365e+13
1.49198e+13
1.49032e+13
1.48865e+13
1.48698e+13
1.48531e+13
1.48364e+13
1.48197e+13
1.4803e+13
1.47863e+13
1.47695e+13
1.47527e+13
1.4736e+13
1.47192e+13
1.47024e+13
1.46856e+13
1.46688e+13
1.46519e+13
1.46351e+13
1.46182e+13
1.46014e+13
1.45845e+13
1.45676e+13
1.45507e+13
1.45338e+13
1.45169e+13
1.44999e+13
1.4483e+13
1.4466e+13
1.44491e+13
1.44321e+13
1.44151e+13
1.43981e+13
1.43811e+13
1.4364e+13
1.4347e+13
1.43299e+13
1.43129e+13
1.42958e+13
1.42787e+13
1.42616e+13
1.42445e+13
1.42274e+13
1.42103e+13
1.41931e+13
1.4176e+13
1.41588e+13
1.41416e+13
1.41244e+13
1.41072e+13
1.409e+13
1.40728e+13
1.40556e+13
1.40383e+13
1.4021e+13
1.40038e+13
1.39865e+13
1.39692e+13
1.39519e+13
1.39346e+13
1.39173e+13
1.38999e+13
1.38826e+13
1.38652e+13
1.38478e+13
1.38305e+13
1.38131e+13
1.37957e+13
1.37782e+13
1.37608e+13
1.37434e+13
1.37259e+13
1.37085e+13
1.3691e+13
1.36735e+13
1.3656e+13
1.36385e+13
1.3621e+13
1.36035e+13
1.35859e+13
1.35684e+13
1.35508e+13
1.35332e+13
1.35156e+13
1.3498e+13
1.34804e+13
1.34628e+13
1.34452e+13
1.34275e+13
1.34099e+13
1.33922e+13
1.33746e+13
1.33569e+13
1.33392e+13
1.33215e+13
1.33037e+13
1.3286e+13
1.32683e+13
1.32505e+13
1.32328e+13
1.3215e+13
1.31972e+13
1.31794e+13
1.31616e+13
1.31438e+13
1.31259e+13
1.31081e+13
1.30902e+13
1.30724e+13
1.30545e+13
1.30366e+13
1.30187e+13
1.30008e+13
1.29829e+13
1.2965e+13
1.2947e+13
1.29291e+13
1.29111e+13
1.28931e+13
1.28752e+13
1.28572e+13
1.28392e+13
1.28211e+13
1.28031e+13
1.27851e+13
1.2767e+13
1.2749e+13
1.27309e+13
1.27128e+13
1.26947e+13
1.26766e+13
1.26585e+13
1.26404e+13
1.26222e+13
1.26041e+13
1.25859e+13
1.25678e+13
1.25496e+13
1.25314e+13
1.25132e+13
1.2495e+13
1.24767e+13
1.24585e+13
1.24403e+13
1.2422e+13
1.24037e+13
1.23855e+13
1.23672e+13
1.23489e+13
1.23306e+13
1.23122e+13
1.22939e+13
1.22756e+13
1.22572e+13
1.22389e+13
1.22205e+13
1.22021e+13
1.21837e+13
1.21653e+13
1.21469e+13
1.21284e+13
1.211e+13
1.20916e+13
1.20731e+13
1.20546e+13
1.20361e+13
1.20176e+13
1.19991e+13
1.19806e+13
1.19621e+13
1.19436e+13
1.1925e+13
1.19065e+13
1.18879e+13
1.18693e+13
1.18507e+13
1.18321e+13
1.18135e+13
1.17949e+13
1.17763e+13
1.17576e+13
1.1739e+13
1.17203e+13
1.17016e+13
1.16829e+13
1.16642e+13
1.16455e+13
1.16268e+13
1.16081e+13
1.15894e+13
1.15706e+13
1.15519e+13
1.15331e+13
1.15143e+13
1.14955e+13
1.14767e+13
1.14579e+13
1.14391e+13
1.14202e+13
1.14014e+13
1.13825e+13
1.13637e+13
1.13448e+13
1.13259e+13
1.1307e+13
1.12881e+13
1.12692e+13
1.12503e+13
1.12313e+13
1.12124e+13
1.11934e+13
1.11745e+13
1.11555e+13
1.11365e+13
1.11175e+13
1.10985e+13
1.10795e+13
1.10604e+13
1.10414e+13
1.10223e+13
1.10033e+13
1.09842e+13
1.09651e+13
1.0946e+13
1.09269e+13
1.09078e+13
1.08887e+13
1.08695e+13
1.08504e+13
1.08312e+13
1.0812e+13
1.07929e+13
1.07737e+13
1.07545e+13
1.07353e+13
1.0716e+13
1.06968e+13
1.06776e+13
1.06583e+13
1.06391e+13
1.06198e+13
1.06005e+13
1.05812e+13
1.05619e+13
1.05426e+13
1.05233e+13
1.05039e+13
1.04846e+13
1.04652e+13
1.04459e+13
1.04265e+13
1.04071e+13
1.03877e+13
1.03683e+13
1.03489e+13
1.03294e+13
1.031e+13
1.02905e+13
1.02711e+13
1.02516e+13
1.02321e+13
1.02126e+13
1.01931e+13
1.01736e+13
1.01541e+13
1.01346e+13
1.0115e+13
1.00955e+13
1.00759e+13
1.00563e+13
1.00367e+13
1.00172e+13
9.99755e+12
9.97793e+12
9.95831e+12
9.93867e+12
9.91902e+12
9.89936e+12
9.87969e+12
9.86002e+12
9.84033e+12
9.82063e+12
9.80092e+12
9.7812e+12
9.76147e+12
9.74172e+12
9.72197e+12
9.70221e+12
9.68244e+12
9.66265e+12
9.64286e+12
9.62306e+12
9.60324e+12
9.58342e+12
9.56358e+12
9.54374e+12
9.52388e+12
9.50401e+12
9.48413e+12
9.46425e+12
9.44435e+12
9.42444e+12
9.40452e+12
9.38459e+12
9.36465e+12
9.34469e+12
9.32473e+12
9.30476e+12
9.28477e+12
9.26478e+12
9.24477e+12
9.22476e+12
9.20473e+12
9.18469e+12
9.16465e+12
9.14459e+12
9.12452e+12
9.10444e+12
9.08434e+12
9.06424e+12
9.04413e+12
9.024e+12
9.00387e+12
8.98372e+12
8.96356e+12
8.94339e+12
8.92321e+12
8.90302e+12
8.88282e+12
8.86261e+12
8.84238e+12
8.82214e+12
8.8019e+12
8.78164e+12
8.76136e+12
8.74108e+12
8.72079e+12
8.70048e+12
8.68016e+12
8.65983e+12
8.63949e+12
8.61913e+12
8.59876e+12
8.57838e+12
8.55799e+12
8.53758e+12
8.51716e+12
8.49673e+12
8.47628e+12
8.45583e+12
8.43535e+12
8.41487e+12
8.39436e+12
8.37385e+12
8.35332e+12
8.33277e+12
8.31221e+12
8.29163e+12
8.27104e+12
8.25043e+12
8.2298e+12
8.20916e+12
8.18849e+12
8.16781e+12
8.14711e+12
8.12638e+12
8.10563e+12
8.08486e+12
8.06407e+12
8.04325e+12
8.0224e+12
8.00152e+12
7.9806e+12
7.95965e+12
7.93867e+12
7.91763e+12
7.89655e+12
7.87541e+12
7.85421e+12
7.83294e+12
7.81157e+12
7.79009e+12
7.76848e+12
7.7467e+12
7.72467e+12
7.70231e+12
7.67943e+12
7.65564e+12
7.62993e+12
7.59294e+12
7.54102e+12
7.49141e+12
7.44719e+12
7.40653e+12
7.36696e+12
7.3273e+12
7.2871e+12
7.24619e+12
7.20452e+12
7.16209e+12
7.11898e+12
7.07536e+12
7.03146e+12
6.98756e+12
6.9439e+12
6.90064e+12
6.85782e+12
6.81538e+12
6.77316e+12
6.73101e+12
6.68879e+12
6.64641e+12
6.60383e+12
6.56108e+12
6.51819e+12
6.47521e+12
6.43222e+12
6.38928e+12
6.34642e+12
6.30364e+12
6.26095e+12
6.21833e+12
6.17572e+12
6.13312e+12
6.09049e+12
6.04781e+12
6.0051e+12
5.96234e+12
5.91956e+12
5.87677e+12
5.83398e+12
5.7912e+12
5.74844e+12
5.7057e+12
5.66297e+12
5.62026e+12
5.57754e+12
5.53483e+12
5.4921e+12
5.44937e+12
5.40663e+12
5.36388e+12
5.32113e+12
5.27838e+12
5.23563e+12
5.19288e+12
5.15014e+12
5.1074e+12
5.06466e+12
5.02193e+12
4.9792e+12
4.93646e+12
4.89372e+12
4.85098e+12
4.80824e+12
4.7655e+12
4.72276e+12
4.68001e+12
4.63727e+12
4.59453e+12
4.55179e+12
4.50905e+12
4.46631e+12
4.42357e+12
4.38083e+12
4.33809e+12
4.29535e+12
4.25261e+12
4.20987e+12
4.16713e+12
4.12439e+12
4.08165e+12
4.03891e+12
3.99617e+12
3.95343e+12
3.91069e+12
3.86795e+12
3.82521e+12
3.78247e+12
3.73973e+12
3.69699e+12
3.65425e+12
3.61151e+12
3.56877e+12
3.52603e+12
3.48329e+12
3.44055e+12
3.39781e+12
3.35507e+12
3.31233e+12
3.26959e+12
3.22685e+12
3.18411e+12
3.14137e+12
3.09863e+12
3.05589e+12
3.01315e+12
2.97041e+12
2.92767e+12
2.88493e+12
2.84219e+12
2.79945e+12
2.75671e+12
2.71397e+12
2.67123e+12
2.62849e+12
2.58575e+12
2.54301e+12
2.50027e+12
2.45753e+12
2.41479e+12
2.37205e+12
2.32931e+12
2.28657e+12
2.24383e+12
2.20109e+12
2.15835e+12
2.11561e+12
2.07287e+12
2.03013e+12
1.98739e+12
1.94465e+12
1.90191e+12
1.85917e+12
1.81643e+12
1.77369e+12
1.73095e+12
1.68821e+12
1.64547e+12
1.60273e+12
1.55999e+12
1.51725e+12
1.47452e+12
1.43178e+12
1.38904e+12
1.3463e+12
1.30356e+12
1.26082e+12
1.21808e+12
1.17534e+12
1.1326e+12
1.08986e+12
1.04712e+12
1.00438e+12
9.61639e+11
9.189e+11
8.7616e+11
8.33421e+11
7.90681e+11
7.47941e+11
7.05202e+11
6.62462e+11
6.19723e+11
5.76983e+11
5.34244e+11
4.91504e+11
4.48765e+11
4.06025e+11
3.63286e+11
3.20546e+11
2.77807e+11
2.35067e+11
1.92328e+11
1.49588e+11
1.06849e+11
6.41092e+10
2.13697e+10
)
;

boundaryField
{
    inlet
    {
        type            darcyGradPressure_G;
        gradient        uniform 3.23949e+11;
        Mf              Mf;
        phi             phi;
        phiG            phiG;
        value           uniform 2.08506e+13;
    }
    outlet
    {
        type            fixedValue;
        value           uniform 0;
    }
    emptyWalls
    {
        type            empty;
    }
}


// ************************************************************************* //
