/*--------------------------------*- C++ -*----------------------------------*\
  =========                 |
  \\      /  F ield         | OpenFOAM: The Open Source CFD Toolbox
   \\    /   O peration     | Website:  https://openfoam.org
    \\  /    A nd           | Version:  9
     \\/     M anipulation  |
\*---------------------------------------------------------------------------*/
FoamFile
{
    format      ascii;
    class       surfaceScalarField;
    location    "10.3";
    object      phia;
}
// * * * * * * * * * * * * * * * * * * * * * * * * * * * * * * * * * * * * * //

dimensions      [0 2 0 0 0 0 0];

internalField   nonuniform List<scalar> 
999
(
0.709421
0.70942
0.709419
0.709417
0.709416
0.709414
0.709412
0.709409
0.709407
0.709404
0.709401
0.709398
0.709394
0.70939
0.709386
0.709382
0.709378
0.709373
0.709369
0.709364
0.709359
0.709353
0.709348
0.709342
0.709336
0.70933
0.709324
0.709317
0.709311
0.709304
0.709297
0.70929
0.709282
0.709275
0.709267
0.709259
0.709251
0.709243
0.709235
0.709226
0.709218
0.709209
0.7092
0.709191
0.709182
0.709173
0.709163
0.709153
0.709144
0.709134
0.709124
0.709114
0.709103
0.709093
0.709082
0.709071
0.709061
0.70905
0.709038
0.709027
0.709016
0.709004
0.708993
0.708981
0.708969
0.708957
0.708945
0.708933
0.708921
0.708908
0.708896
0.708883
0.70887
0.708857
0.708844
0.708831
0.708818
0.708805
0.708791
0.708778
0.708764
0.708751
0.708737
0.708723
0.708709
0.708695
0.708681
0.708666
0.708652
0.708637
0.708623
0.708608
0.708593
0.708578
0.708563
0.708548
0.708533
0.708518
0.708503
0.708487
0.708472
0.708456
0.70844
0.708425
0.708409
0.708393
0.708377
0.708361
0.708345
0.708328
0.708312
0.708296
0.708279
0.708263
0.708246
0.708229
0.708212
0.708196
0.708179
0.708162
0.708145
0.708127
0.70811
0.708093
0.708075
0.708058
0.70804
0.708023
0.708005
0.707987
0.70797
0.707952
0.707934
0.707916
0.707898
0.70788
0.707861
0.707843
0.707825
0.707806
0.707788
0.707769
0.707751
0.707732
0.707713
0.707695
0.707676
0.707657
0.707638
0.707619
0.7076
0.707581
0.707561
0.707542
0.707523
0.707503
0.707484
0.707464
0.707445
0.707425
0.707406
0.707386
0.707366
0.707346
0.707326
0.707306
0.707287
0.707266
0.707246
0.707226
0.707206
0.707186
0.707165
0.707145
0.707125
0.707104
0.707084
0.707063
0.707043
0.707022
0.707001
0.70698
0.70696
0.706939
0.706918
0.706897
0.706876
0.706855
0.706834
0.706813
0.706791
0.70677
0.706749
0.706728
0.706706
0.706685
0.706663
0.706642
0.70662
0.706599
0.706577
0.706555
0.706534
0.706512
0.70649
0.706468
0.706446
0.706424
0.706403
0.70638
0.706358
0.706336
0.706314
0.706292
0.70627
0.706248
0.706225
0.706203
0.706181
0.706158
0.706136
0.706113
0.706091
0.706068
0.706045
0.706023
0.706
0.705977
0.705955
0.705932
0.705909
0.705886
0.705863
0.70584
0.705817
0.705794
0.705771
0.705748
0.705725
0.705702
0.705679
0.705655
0.705632
0.705609
0.705585
0.705562
0.705539
0.705515
0.705492
0.705468
0.705445
0.705421
0.705398
0.705374
0.70535
0.705327
0.705303
0.705279
0.705255
0.705231
0.705208
0.705184
0.70516
0.705136
0.705112
0.705088
0.705064
0.70504
0.705016
0.704991
0.704967
0.704943
0.704919
0.704895
0.70487
0.704846
0.704822
0.704797
0.704773
0.704748
0.704724
0.704699
0.704675
0.70465
0.704626
0.704601
0.704577
0.704552
0.704527
0.704502
0.704478
0.704453
0.704428
0.704403
0.704378
0.704354
0.704329
0.704304
0.704279
0.704254
0.704229
0.704204
0.704179
0.704154
0.704128
0.704103
0.704078
0.704053
0.704028
0.704002
0.703977
0.703952
0.703926
0.703901
0.703876
0.70385
0.703825
0.703799
0.703774
0.703749
0.703723
0.703697
0.703672
0.703646
0.703621
0.703595
0.703569
0.703544
0.703518
0.703492
0.703466
0.703441
0.703415
0.703389
0.703363
0.703337
0.703311
0.703285
0.70326
0.703234
0.703208
0.703182
0.703156
0.703129
0.703103
0.703077
0.703051
0.703025
0.702999
0.702973
0.702946
0.70292
0.702894
0.702868
0.702841
0.702815
0.702789
0.702762
0.702736
0.70271
0.702683
0.702657
0.70263
0.702604
0.702577
0.702551
0.702524
0.702498
0.702471
0.702445
0.702418
0.702391
0.702365
0.702338
0.702311
0.702285
0.702258
0.702231
0.702204
0.702177
0.702151
0.702124
0.702097
0.70207
0.702043
0.702016
0.701989
0.701962
0.701935
0.701908
0.701881
0.701854
0.701827
0.7018
0.701773
0.701746
0.701719
0.701692
0.701665
0.701638
0.70161
0.701583
0.701556
0.701529
0.701501
0.701474
0.701447
0.70142
0.701392
0.701365
0.701337
0.70131
0.701283
0.701255
0.701228
0.7012
0.701173
0.701145
0.701118
0.70109
0.701063
0.701035
0.701008
0.70098
0.700953
0.700925
0.700897
0.70087
0.700842
0.700814
0.700787
0.700759
0.700731
0.700703
0.700676
0.700648
0.70062
0.700592
0.700564
0.700536
0.700509
0.700481
0.700453
0.700425
0.700397
0.700369
0.700341
0.700313
0.700285
0.700257
0.700229
0.700201
0.700173
0.700145
0.700117
0.700089
0.700061
0.700033
0.700004
0.699976
0.699948
0.69992
0.699892
0.699863
0.699835
0.699807
0.699779
0.69975
0.699722
0.699694
0.699665
0.699637
0.699609
0.69958
0.699552
0.699524
0.699495
0.699467
0.699438
0.69941
0.699381
0.699353
0.699324
0.699296
0.699267
0.699239
0.69921
0.699182
0.699153
0.699125
0.699096
0.699067
0.699039
0.69901
0.698981
0.698953
0.698924
0.698895
0.698867
0.698838
0.698809
0.69878
0.698752
0.698723
0.698694
0.698665
0.698636
0.698607
0.698579
0.69855
0.698521
0.698492
0.698463
0.698434
0.698405
0.698376
0.698347
0.698318
0.698289
0.69826
0.698231
0.698202
0.698173
0.698144
0.698115
0.698086
0.698057
0.698028
0.697999
0.69797
0.69794
0.697911
0.697882
0.697853
0.697824
0.697794
0.697765
0.697736
0.697707
0.697677
0.697648
0.697619
0.69759
0.69756
0.697531
0.697502
0.697472
0.697443
0.697414
0.697384
0.697355
0.697325
0.697296
0.697266
0.697237
0.697208
0.697178
0.697149
0.697119
0.69709
0.69706
0.69703
0.697001
0.696971
0.696942
0.696912
0.696883
0.696853
0.696823
0.696794
0.696764
0.696734
0.696705
0.696675
0.696645
0.696616
0.696586
0.696556
0.696526
0.696497
0.696467
0.696437
0.696407
0.696377
0.696348
0.696318
0.696288
0.696258
0.696228
0.696198
0.696168
0.696138
0.696108
0.696078
0.696049
0.696019
0.695989
0.695959
0.695929
0.695899
0.695869
0.695839
0.695808
0.695778
0.695748
0.695718
0.695688
0.695658
0.695628
0.695598
0.695568
0.695537
0.695507
0.695477
0.695447
0.695417
0.695386
0.695356
0.695326
0.695296
0.695265
0.695235
0.695205
0.695174
0.695144
0.695114
0.695083
0.695053
0.695023
0.694992
0.694962
0.694931
0.694901
0.69487
0.69484
0.694809
0.694779
0.694748
0.694718
0.694687
0.694657
0.694626
0.694596
0.694565
0.694534
0.694504
0.694473
0.694442
0.694412
0.694381
0.69435
0.69432
0.694289
0.694258
0.694227
0.694197
0.694166
0.694135
0.694104
0.694073
0.694043
0.694012
0.693981
0.69395
0.693919
0.693888
0.693857
0.693826
0.693795
0.693764
0.693733
0.693702
0.693671
0.69364
0.693609
0.693578
0.693547
0.693515
0.693484
0.693453
0.693422
0.693391
0.693359
0.693328
0.693297
0.693265
0.693234
0.693203
0.693171
0.69314
0.693109
0.693077
0.693046
0.693014
0.692983
0.692951
0.69292
0.692888
0.692856
0.692825
0.692793
0.692761
0.69273
0.692698
0.692666
0.692634
0.692603
0.692571
0.692539
0.692507
0.692475
0.692443
0.692411
0.692379
0.692347
0.692315
0.692282
0.69225
0.692218
0.692186
0.692153
0.692121
0.692089
0.692056
0.692024
0.691991
0.691958
0.691926
0.691893
0.69186
0.691828
0.691795
0.691762
0.691729
0.691696
0.691663
0.691629
0.691596
0.691563
0.691529
0.691496
0.691462
0.691429
0.691395
0.691361
0.691327
0.691293
0.691259
0.691225
0.691191
0.691156
0.691122
0.691087
0.691052
0.691017
0.690982
0.690947
0.690912
0.690876
0.69084
0.690804
0.690768
0.690732
0.690695
0.690659
0.690622
0.690584
0.690547
0.690509
0.690471
0.690432
0.690394
0.690355
0.690315
0.690275
0.690235
0.690194
0.690153
0.690111
0.690068
0.690025
0.689981
0.689937
0.689891
0.689845
0.689798
0.68975
0.689701
0.68965
0.689598
0.689545
0.68949
0.689433
0.689374
0.689313
0.68925
0.689184
0.689114
0.689041
0.688964
0.688882
0.688795
0.688701
0.6886
0.688491
0.688371
0.688239
0.688093
0.687927
0.687739
0.687522
0.687268
0.686964
0.686592
0.686124
0.685516
0.684688
0.683493
0.681617
0.678294
0.671303
0.526999
0.486116
0.521029
0.591775
0.636396
0.649974
0.64876
0.642122
0.633364
0.623738
0.614142
0.605549
0.599009
0.595449
0.595351
0.598439
0.603614
0.609289
0.613993
0.616842
0.617656
0.616773
0.614793
0.61236
0.610041
0.608258
0.607254
0.607082
0.607625
0.608636
0.609815
0.610881
0.611634
0.611983
0.61194
0.611593
0.611072
0.610513
0.61003
0.609701
0.609556
0.609585
0.609743
0.60997
0.610204
0.610395
0.610511
0.610545
0.610505
0.610416
0.610306
0.6102
0.61012
0.610076
0.610071
0.610096
0.610141
0.610193
0.610239
0.610271
0.610286
0.610284
0.610269
0.610247
0.610224
0.610204
0.610191
0.610186
0.610189
0.610197
0.610207
0.610218
0.610226
0.610231
0.610232
0.61023
0.610225
0.61022
0.610216
0.610212
0.610211
0.61021
0.610212
0.610214
0.610216
0.610218
0.61022
0.61022
0.61022
0.610219
0.610218
0.610217
0.610217
0.610216
0.610216
0.610216
0.610217
0.610217
0.610218
0.610218
0.610218
0.610218
0.610218
0.610218
0.610218
0.610218
0.610218
0.610218
0.610218
0.610218
0.610218
0.610218
0.610218
0.610218
0.610218
0.610218
0.610218
0.610218
0.610218
0.610218
0.610218
0.610218
0.610218
0.610218
0.610218
0.610218
0.610218
0.610218
0.610218
0.610218
0.610218
0.610218
0.610218
0.610218
0.610218
0.610218
0.610218
0.610218
0.610218
0.610218
0.610218
0.610218
0.610218
0.610218
0.610218
0.610218
0.610218
0.610218
0.610218
0.610218
0.610218
0.610218
0.610218
0.610218
0.610218
0.610218
0.610218
0.610218
0.610218
0.610218
0.610218
0.610218
0.610218
0.610218
0.610218
0.610218
0.610218
0.610218
0.610218
0.610218
0.610218
0.610218
0.610218
0.610218
0.610218
0.610218
0.610218
0.610218
)
;

boundaryField
{
    inlet
    {
        type            calculated;
        value           uniform -0.709421;
    }
    outlet
    {
        type            calculated;
        value           uniform 0.610218;
    }
    emptyWalls
    {
        type            empty;
        value           nonuniform List<scalar> 0();
    }
}


// ************************************************************************* //
