/*--------------------------------*- C++ -*----------------------------------*\
  =========                 |
  \\      /  F ield         | OpenFOAM: The Open Source CFD Toolbox
   \\    /   O peration     | Website:  https://openfoam.org
    \\  /    A nd           | Version:  9
     \\/     M anipulation  |
\*---------------------------------------------------------------------------*/
FoamFile
{
    format      ascii;
    class       volVectorField;
    location    "2900";
    object      Ub;
}
// * * * * * * * * * * * * * * * * * * * * * * * * * * * * * * * * * * * * * //

dimensions      [0 0 0 0 0 0 0];

internalField   nonuniform List<vector> 
100
(
(0 0 1.60962e-05)
(0 0 1.60706e-05)
(0 0 1.6022e-05)
(0 0 1.59781e-05)
(0 0 1.59377e-05)
(0 0 1.5901e-05)
(0 0 1.5867e-05)
(0 0 1.58336e-05)
(0 0 1.57998e-05)
(0 0 1.5766e-05)
(0 0 1.57323e-05)
(0 0 1.56986e-05)
(0 0 1.56651e-05)
(0 0 1.56316e-05)
(0 0 1.55982e-05)
(0 0 1.5565e-05)
(0 0 1.5532e-05)
(0 0 1.54991e-05)
(0 0 1.54665e-05)
(0 0 1.5434e-05)
(0 0 1.54016e-05)
(0 0 1.53695e-05)
(0 0 1.53375e-05)
(0 0 1.53057e-05)
(0 0 1.52741e-05)
(0 0 1.52426e-05)
(0 0 1.52113e-05)
(0 0 1.51801e-05)
(0 0 1.51491e-05)
(0 0 1.51182e-05)
(0 0 1.50875e-05)
(0 0 1.50569e-05)
(0 0 1.50266e-05)
(0 0 1.49966e-05)
(0 0 1.49669e-05)
(0 0 1.49375e-05)
(0 0 1.49079e-05)
(0 0 1.48776e-05)
(0 0 1.48462e-05)
(0 0 1.48135e-05)
(0 0 1.47794e-05)
(0 0 1.47441e-05)
(0 0 1.47077e-05)
(0 0 1.46706e-05)
(0 0 1.46326e-05)
(0 0 1.45941e-05)
(0 0 1.4555e-05)
(0 0 1.45154e-05)
(0 0 1.44754e-05)
(0 0 1.4435e-05)
(0 0 1.43943e-05)
(0 0 1.43533e-05)
(0 0 1.43122e-05)
(0 0 1.42711e-05)
(0 0 1.42304e-05)
(0 0 1.41904e-05)
(0 0 1.41514e-05)
(0 0 1.41138e-05)
(0 0 1.40774e-05)
(0 0 1.40424e-05)
(0 0 1.40085e-05)
(0 0 1.39757e-05)
(0 0 1.3944e-05)
(0 0 1.39134e-05)
(0 0 1.38838e-05)
(0 0 1.38543e-05)
(0 0 1.38228e-05)
(0 0 1.37881e-05)
(0 0 1.37509e-05)
(0 0 1.3712e-05)
(0 0 1.36718e-05)
(0 0 1.36305e-05)
(0 0 1.35884e-05)
(0 0 1.35455e-05)
(0 0 1.3502e-05)
(0 0 1.34579e-05)
(0 0 1.34133e-05)
(0 0 1.33683e-05)
(0 0 1.33228e-05)
(0 0 1.3277e-05)
(0 0 1.32308e-05)
(0 0 1.31843e-05)
(0 0 1.31375e-05)
(0 0 1.30909e-05)
(0 0 1.30453e-05)
(0 0 1.30022e-05)
(0 0 1.29618e-05)
(0 0 1.29239e-05)
(0 0 1.2888e-05)
(0 0 1.28538e-05)
(0 0 1.28221e-05)
(0 0 1.27838e-05)
(0 0 1.27276e-05)
(0 0 1.26621e-05)
(0 0 1.25968e-05)
(0 0 1.25318e-05)
(0 0 1.24861e-05)
(0 0 1.40218e-05)
(0 0 1.58432e-05)
(0 0 1.6118e-05)
)
;

boundaryField
{
    inlet
    {
        type            prescribedFracFlowVelocity;
        U               1((0 0 1.61572e-05));
        fractionalFlow  1;
        value           uniform (0 0 1.61572e-05);
    }
    outlet
    {
        type            zeroGradient;
    }
    emptyWalls
    {
        type            empty;
    }
}


// ************************************************************************* //
