/*--------------------------------*- C++ -*----------------------------------*\
  =========                 |
  \\      /  F ield         | OpenFOAM: The Open Source CFD Toolbox
   \\    /   O peration     | Website:  https://openfoam.org
    \\  /    A nd           | Version:  9
     \\/     M anipulation  |
\*---------------------------------------------------------------------------*/
FoamFile
{
    format      ascii;
    class       volScalarField;
    location    "12.6";
    object      Fcsw;
}
// * * * * * * * * * * * * * * * * * * * * * * * * * * * * * * * * * * * * * //

dimensions      [0 0 0 0 0 0 0];

internalField   nonuniform List<scalar> 
1000
(
1.79273e-05
2.8838e-05
3.88746e-05
4.84635e-05
5.77537e-05
6.68169e-05
7.56938e-05
8.44102e-05
9.29837e-05
0.000101427
0.00010975
0.00011796
0.000126064
0.000134066
0.000141971
0.000149782
0.000157503
0.000165136
0.000172685
0.000180152
0.000187539
0.000194847
0.00020208
0.000209238
0.000216323
0.000223337
0.000230281
0.000237157
0.000243966
0.000250709
0.000257388
0.000264003
0.000270557
0.000277049
0.000283481
0.000289854
0.000296169
0.000302427
0.000308629
0.000314776
0.000320868
0.000326907
0.000332894
0.000338828
0.000344712
0.000350545
0.000356328
0.000362063
0.00036775
0.000373389
0.000378982
0.000384529
0.00039003
0.000395486
0.000400899
0.000406268
0.000411594
0.000416878
0.00042212
0.00042732
0.000432481
0.000437601
0.000442681
0.000447723
0.000452726
0.000457691
0.000462619
0.000467509
0.000472363
0.000477181
0.000481963
0.00048671
0.000491423
0.000496101
0.000500745
0.000505355
0.000509933
0.000514478
0.000518991
0.000523471
0.000527921
0.000532339
0.000536727
0.000541084
0.000545411
0.000549708
0.000553977
0.000558216
0.000562426
0.000566609
0.000570763
0.00057489
0.000578989
0.000583061
0.000587107
0.000591126
0.000595119
0.000599086
0.000603028
0.000606944
0.000610836
0.000614703
0.000618545
0.000622363
0.000626157
0.000629928
0.000633675
0.000637399
0.0006411
0.000644779
0.000648435
0.000652069
0.000655681
0.000659271
0.00066284
0.000666387
0.000669914
0.000673419
0.000676905
0.000680369
0.000683814
0.000687238
0.000690643
0.000694028
0.000697394
0.000700741
0.000704068
0.000707377
0.000710667
0.000713939
0.000717193
0.000720428
0.000723646
0.000726846
0.000730028
0.000733193
0.000736341
0.000739471
0.000742585
0.000745682
0.000748763
0.000751827
0.000754875
0.000757907
0.000760923
0.000763923
0.000766908
0.000769877
0.00077283
0.000775769
0.000778692
0.000781601
0.000784495
0.000787374
0.000790238
0.000793089
0.000795925
0.000798747
0.000801554
0.000804348
0.000807129
0.000809895
0.000812649
0.000815388
0.000818115
0.000820828
0.000823529
0.000826216
0.000828891
0.000831553
0.000834202
0.000836839
0.000839464
0.000842076
0.000844676
0.000847265
0.000849841
0.000852405
0.000854958
0.000857499
0.000860029
0.000862547
0.000865054
0.000867549
0.000870034
0.000872507
0.00087497
0.000877421
0.000879862
0.000882292
0.000884712
0.000887121
0.00088952
0.000891908
0.000894286
0.000896654
0.000899012
0.000901359
0.000903697
0.000906025
0.000908344
0.000910652
0.000912951
0.000915241
0.000917521
0.000919791
0.000922053
0.000924305
0.000926548
0.000928782
0.000931007
0.000933223
0.00093543
0.000937628
0.000939818
0.000941999
0.000944171
0.000946335
0.00094849
0.000950637
0.000952776
0.000954906
0.000957028
0.000959142
0.000961248
0.000963346
0.000965437
0.000967519
0.000969593
0.00097166
0.000973718
0.00097577
0.000977813
0.000979849
0.000981878
0.000983899
0.000985913
0.000987919
0.000989918
0.00099191
0.000993895
0.000995873
0.000997844
0.000999807
0.00100176
0.00100371
0.00100566
0.00100759
0.00100952
0.00101145
0.00101336
0.00101527
0.00101717
0.00101907
0.00102096
0.00102284
0.00102472
0.00102659
0.00102846
0.00103032
0.00103217
0.00103401
0.00103585
0.00103769
0.00103952
0.00104134
0.00104316
0.00104497
0.00104677
0.00104857
0.00105036
0.00105215
0.00105393
0.00105571
0.00105748
0.00105924
0.001061
0.00106275
0.0010645
0.00106625
0.00106798
0.00106971
0.00107144
0.00107316
0.00107488
0.00107659
0.0010783
0.00108
0.00108169
0.00108338
0.00108507
0.00108675
0.00108843
0.0010901
0.00109176
0.00109343
0.00109508
0.00109673
0.00109838
0.00110002
0.00110166
0.00110329
0.00110492
0.00110655
0.00110816
0.00110978
0.00111139
0.00111299
0.0011146
0.00111619
0.00111778
0.00111937
0.00112096
0.00112254
0.00112411
0.00112568
0.00112725
0.00112881
0.00113037
0.00113192
0.00113347
0.00113502
0.00113656
0.0011381
0.00113963
0.00114116
0.00114269
0.00114421
0.00114573
0.00114725
0.00114876
0.00115026
0.00115177
0.00115327
0.00115476
0.00115625
0.00115774
0.00115923
0.00116071
0.00116218
0.00116366
0.00116513
0.00116659
0.00116806
0.00116952
0.00117097
0.00117242
0.00117387
0.00117532
0.00117676
0.0011782
0.00117964
0.00118107
0.0011825
0.00118392
0.00118535
0.00118676
0.00118818
0.00118959
0.001191
0.00119241
0.00119381
0.00119521
0.00119661
0.001198
0.00119939
0.00120078
0.00120217
0.00120355
0.00120493
0.0012063
0.00120767
0.00120904
0.00121041
0.00121178
0.00121314
0.00121449
0.00121585
0.0012172
0.00121855
0.0012199
0.00122124
0.00122259
0.00122392
0.00122526
0.00122659
0.00122792
0.00122925
0.00123058
0.0012319
0.00123322
0.00123454
0.00123585
0.00123716
0.00123847
0.00123978
0.00124109
0.00124239
0.00124369
0.00124499
0.00124628
0.00124757
0.00124886
0.00125015
0.00125143
0.00125272
0.001254
0.00125528
0.00125655
0.00125782
0.0012591
0.00126036
0.00126163
0.0012629
0.00126416
0.00126542
0.00126667
0.00126793
0.00126918
0.00127043
0.00127168
0.00127293
0.00127417
0.00127542
0.00127666
0.00127789
0.00127913
0.00128036
0.00128159
0.00128282
0.00128405
0.00128528
0.0012865
0.00128772
0.00128894
0.00129016
0.00129138
0.00129259
0.0012938
0.00129501
0.00129622
0.00129743
0.00129863
0.00129983
0.00130103
0.00130223
0.00130343
0.00130462
0.00130582
0.00130701
0.0013082
0.00130939
0.00131057
0.00131176
0.00131294
0.00131412
0.0013153
0.00131648
0.00131765
0.00131883
0.00132
0.00132117
0.00132234
0.00132351
0.00132467
0.00132584
0.001327
0.00132816
0.00132932
0.00133048
0.00133163
0.00133279
0.00133394
0.00133509
0.00133624
0.00133739
0.00133854
0.00133968
0.00134083
0.00134197
0.00134311
0.00134425
0.00134539
0.00134652
0.00134766
0.00134879
0.00134993
0.00135106
0.00135219
0.00135332
0.00135444
0.00135557
0.00135669
0.00135781
0.00135894
0.00136006
0.00136117
0.00136229
0.00136341
0.00136452
0.00136564
0.00136675
0.00136786
0.00136897
0.00137008
0.00137119
0.00137229
0.0013734
0.0013745
0.0013756
0.00137671
0.00137781
0.00137891
0.00138
0.0013811
0.0013822
0.00138329
0.00138438
0.00138548
0.00138657
0.00138766
0.00138875
0.00138983
0.00139092
0.00139201
0.00139309
0.00139417
0.00139526
0.00139634
0.00139742
0.0013985
0.00139958
0.00140065
0.00140173
0.00140281
0.00140388
0.00140495
0.00140603
0.0014071
0.00140817
0.00140924
0.00141031
0.00141138
0.00141244
0.00141351
0.00141457
0.00141564
0.0014167
0.00141776
0.00141883
0.00141989
0.00142095
0.00142201
0.00142306
0.00142412
0.00142518
0.00142623
0.00142729
0.00142834
0.0014294
0.00143045
0.0014315
0.00143255
0.0014336
0.00143465
0.0014357
0.00143675
0.0014378
0.00143884
0.00143989
0.00144094
0.00144198
0.00144302
0.00144407
0.00144511
0.00144615
0.00144719
0.00144823
0.00144927
0.00145031
0.00145135
0.00145239
0.00145343
0.00145446
0.0014555
0.00145654
0.00145757
0.00145861
0.00145964
0.00146067
0.00146171
0.00146274
0.00146377
0.0014648
0.00146583
0.00146686
0.00146789
0.00146892
0.00146995
0.00147098
0.00147201
0.00147303
0.00147406
0.00147509
0.00147611
0.00147714
0.00147816
0.00147919
0.00148021
0.00148123
0.00148226
0.00148328
0.0014843
0.00148533
0.00148635
0.00148737
0.00148839
0.00148941
0.00149043
0.00149145
0.00149247
0.00149349
0.00149451
0.00149553
0.00149655
0.00149757
0.00149858
0.0014996
0.00150062
0.00150164
0.00150265
0.00150367
0.00150469
0.0015057
0.00150672
0.00150773
0.00150875
0.00150976
0.00151078
0.00151179
0.00151281
0.00151382
0.00151484
0.00151585
0.00151687
0.00151788
0.0015189
0.00151991
0.00152092
0.00152194
0.00152295
0.00152396
0.00152498
0.00152599
0.00152701
0.00152802
0.00152903
0.00153005
0.00153106
0.00153207
0.00153309
0.0015341
0.00153511
0.00153613
0.00153714
0.00153815
0.00153917
0.00154018
0.00154119
0.00154221
0.00154322
0.00154424
0.00154525
0.00154627
0.00154728
0.00154829
0.00154931
0.00155033
0.00155134
0.00155236
0.00155337
0.00155439
0.0015554
0.00155642
0.00155744
0.00155845
0.00155947
0.00156049
0.00156151
0.00156252
0.00156354
0.00156456
0.00156558
0.0015666
0.00156762
0.00156864
0.00156966
0.00157068
0.0015717
0.00157273
0.00157375
0.00157477
0.0015758
0.00157682
0.00157784
0.00157887
0.00157989
0.00158092
0.00158195
0.00158297
0.001584
0.00158503
0.00158606
0.00158709
0.00158812
0.00158915
0.00159018
0.00159122
0.00159225
0.00159328
0.00159432
0.00159535
0.00159639
0.00159743
0.00159846
0.0015995
0.00160054
0.00160158
0.00160263
0.00160367
0.00160471
0.00160576
0.0016068
0.00160785
0.0016089
0.00160995
0.00161099
0.00161205
0.0016131
0.00161415
0.00161521
0.00161626
0.00161732
0.00161838
0.00161944
0.0016205
0.00162156
0.00162262
0.00162369
0.00162475
0.00162582
0.00162689
0.00162796
0.00162903
0.00163011
0.00163118
0.00163226
0.00163334
0.00163442
0.0016355
0.00163659
0.00163767
0.00163876
0.00163985
0.00164094
0.00164203
0.00164313
0.00164423
0.00164533
0.00164643
0.00164753
0.00164864
0.00164975
0.00165086
0.00165197
0.00165309
0.00165421
0.00165533
0.00165645
0.00165758
0.00165871
0.00165984
0.00166097
0.00166211
0.00166325
0.00166439
0.00166554
0.00166669
0.00166784
0.00166899
0.00167015
0.00167131
0.00167248
0.00167365
0.00167482
0.001676
0.00167718
0.00167836
0.00167955
0.00168074
0.00168194
0.00168314
0.00168434
0.00168555
0.00168676
0.00168798
0.0016892
0.00169043
0.00169166
0.0016929
0.00169414
0.00169539
0.00169664
0.0016979
0.00169916
0.00170043
0.00170171
0.00170299
0.00170428
0.00170557
0.00170687
0.00170818
0.00170949
0.00171081
0.00171214
0.00171348
0.00171482
0.00171617
0.00171753
0.00171889
0.00172027
0.00172165
0.00172304
0.00172444
0.00172585
0.00172727
0.0017287
0.00173014
0.00173159
0.00173305
0.00173452
0.001736
0.00173749
0.001739
0.00174051
0.00174204
0.00174358
0.00174514
0.00174671
0.00174829
0.00174988
0.00175149
0.00175312
0.00175476
0.00175641
0.00175809
0.00175978
0.00176148
0.00176321
0.00176495
0.00176672
0.0017685
0.0017703
0.00177212
0.00177397
0.00177584
0.00177773
0.00177964
0.00178158
0.00178354
0.00178553
0.00178755
0.00178959
0.00179167
0.00179377
0.00179591
0.00179807
0.00180027
0.00180251
0.00180477
0.00180708
0.00180943
0.00181181
0.00181423
0.0018167
0.00181921
0.00182177
0.00182438
0.00182703
0.00182974
0.00183249
0.00183531
0.00183818
0.00184111
0.00184411
0.00184717
0.00185029
0.00185349
0.00185676
0.00186011
0.00186353
0.00186704
0.00187064
0.00187433
0.00187811
0.00188199
0.00188598
0.00189007
0.00189428
0.0018986
0.00190305
0.00190763
0.00191235
0.0019172
0.00192221
0.00192738
0.00193271
0.00193822
0.00194391
0.00194979
0.00195588
0.00196218
0.0019687
0.00197546
0.00198247
0.00198975
0.00199731
0.00200516
0.00201333
0.00202182
0.00203067
0.0020399
0.00204951
0.00205955
0.00207003
0.00208099
0.00209246
0.00210446
0.00211704
0.00213023
0.00214408
0.00215863
0.00217394
0.00219005
0.00220702
0.00222492
0.00224383
0.00226381
0.00228495
0.00230735
0.0023311
0.00235632
0.00238313
0.00241167
0.00244209
0.00247456
0.00250926
0.00254641
0.00258623
0.002629
0.00267499
0.00272454
0.00277803
0.00283586
0.00289853
0.00296658
0.00304063
0.00312139
0.00320969
0.00330648
0.00341286
0.00353012
0.00365978
0.0038036
0.00396369
0.00414257
0.00434324
0.00456932
0.00482523
0.00511637
0.00544942
0.0058327
0.00627671
0.00679482
0.00740426
0.00812756
0.00899465
0.0100459
0.0113368
0.0129456
0.0149847
0.0176212
0.0211114
0.0258648
0.032568
0.0424441
0.0578465
0.0837733
0.132377
0.240179
)
;

boundaryField
{
    inlet
    {
        type            calculated;
        value           uniform 1.79273e-05;
    }
    outlet
    {
        type            calculated;
        value           uniform 0.240179;
    }
    emptyWalls
    {
        type            empty;
    }
}


// ************************************************************************* //
