/*--------------------------------*- C++ -*----------------------------------*\
  =========                 |
  \\      /  F ield         | OpenFOAM: The Open Source CFD Toolbox
   \\    /   O peration     | Website:  https://openfoam.org
    \\  /    A nd           | Version:  9
     \\/     M anipulation  |
\*---------------------------------------------------------------------------*/
FoamFile
{
    format      ascii;
    class       volVectorField;
    location    "6.8";
    object      Ua;
}
// * * * * * * * * * * * * * * * * * * * * * * * * * * * * * * * * * * * * * //

dimensions      [0 0 0 0 0 0 0];

internalField   nonuniform List<vector> 
1000
(
(0.709421 0 0)
(0.709419 0 0)
(0.709417 0 0)
(0.709414 0 0)
(0.709411 0 0)
(0.709407 0 0)
(0.709403 0 0)
(0.709398 0 0)
(0.709392 0 0)
(0.709386 0 0)
(0.70938 0 0)
(0.709373 0 0)
(0.709366 0 0)
(0.709358 0 0)
(0.70935 0 0)
(0.709341 0 0)
(0.709332 0 0)
(0.709322 0 0)
(0.709313 0 0)
(0.709302 0 0)
(0.709291 0 0)
(0.70928 0 0)
(0.709269 0 0)
(0.709257 0 0)
(0.709245 0 0)
(0.709232 0 0)
(0.709219 0 0)
(0.709206 0 0)
(0.709192 0 0)
(0.709178 0 0)
(0.709164 0 0)
(0.70915 0 0)
(0.709135 0 0)
(0.709119 0 0)
(0.709104 0 0)
(0.709088 0 0)
(0.709072 0 0)
(0.709055 0 0)
(0.709039 0 0)
(0.709021 0 0)
(0.709004 0 0)
(0.708987 0 0)
(0.708969 0 0)
(0.708951 0 0)
(0.708932 0 0)
(0.708913 0 0)
(0.708894 0 0)
(0.708875 0 0)
(0.708856 0 0)
(0.708836 0 0)
(0.708816 0 0)
(0.708796 0 0)
(0.708776 0 0)
(0.708755 0 0)
(0.708734 0 0)
(0.708713 0 0)
(0.708692 0 0)
(0.70867 0 0)
(0.708648 0 0)
(0.708626 0 0)
(0.708604 0 0)
(0.708582 0 0)
(0.708559 0 0)
(0.708536 0 0)
(0.708513 0 0)
(0.70849 0 0)
(0.708466 0 0)
(0.708443 0 0)
(0.708419 0 0)
(0.708395 0 0)
(0.708371 0 0)
(0.708346 0 0)
(0.708322 0 0)
(0.708297 0 0)
(0.708272 0 0)
(0.708247 0 0)
(0.708221 0 0)
(0.708196 0 0)
(0.70817 0 0)
(0.708144 0 0)
(0.708118 0 0)
(0.708092 0 0)
(0.708066 0 0)
(0.708039 0 0)
(0.708013 0 0)
(0.707986 0 0)
(0.707959 0 0)
(0.707932 0 0)
(0.707905 0 0)
(0.707877 0 0)
(0.70785 0 0)
(0.707822 0 0)
(0.707794 0 0)
(0.707766 0 0)
(0.707738 0 0)
(0.707709 0 0)
(0.707681 0 0)
(0.707652 0 0)
(0.707624 0 0)
(0.707595 0 0)
(0.707566 0 0)
(0.707537 0 0)
(0.707507 0 0)
(0.707478 0 0)
(0.707448 0 0)
(0.707419 0 0)
(0.707389 0 0)
(0.707359 0 0)
(0.707329 0 0)
(0.707299 0 0)
(0.707269 0 0)
(0.707238 0 0)
(0.707208 0 0)
(0.707177 0 0)
(0.707146 0 0)
(0.707115 0 0)
(0.707084 0 0)
(0.707053 0 0)
(0.707022 0 0)
(0.706991 0 0)
(0.706959 0 0)
(0.706928 0 0)
(0.706896 0 0)
(0.706864 0 0)
(0.706832 0 0)
(0.7068 0 0)
(0.706768 0 0)
(0.706736 0 0)
(0.706704 0 0)
(0.706671 0 0)
(0.706639 0 0)
(0.706606 0 0)
(0.706573 0 0)
(0.70654 0 0)
(0.706508 0 0)
(0.706474 0 0)
(0.706441 0 0)
(0.706408 0 0)
(0.706375 0 0)
(0.706341 0 0)
(0.706308 0 0)
(0.706274 0 0)
(0.706241 0 0)
(0.706207 0 0)
(0.706173 0 0)
(0.706139 0 0)
(0.706105 0 0)
(0.706071 0 0)
(0.706037 0 0)
(0.706002 0 0)
(0.705968 0 0)
(0.705934 0 0)
(0.705899 0 0)
(0.705864 0 0)
(0.70583 0 0)
(0.705795 0 0)
(0.70576 0 0)
(0.705725 0 0)
(0.70569 0 0)
(0.705655 0 0)
(0.705619 0 0)
(0.705584 0 0)
(0.705549 0 0)
(0.705513 0 0)
(0.705478 0 0)
(0.705442 0 0)
(0.705406 0 0)
(0.705371 0 0)
(0.705335 0 0)
(0.705299 0 0)
(0.705263 0 0)
(0.705227 0 0)
(0.705191 0 0)
(0.705155 0 0)
(0.705118 0 0)
(0.705082 0 0)
(0.705046 0 0)
(0.705009 0 0)
(0.704972 0 0)
(0.704936 0 0)
(0.704899 0 0)
(0.704862 0 0)
(0.704826 0 0)
(0.704789 0 0)
(0.704752 0 0)
(0.704715 0 0)
(0.704678 0 0)
(0.70464 0 0)
(0.704603 0 0)
(0.704566 0 0)
(0.704528 0 0)
(0.704491 0 0)
(0.704454 0 0)
(0.704416 0 0)
(0.704378 0 0)
(0.704341 0 0)
(0.704303 0 0)
(0.704265 0 0)
(0.704227 0 0)
(0.704189 0 0)
(0.704151 0 0)
(0.704113 0 0)
(0.704075 0 0)
(0.704037 0 0)
(0.703999 0 0)
(0.703961 0 0)
(0.703922 0 0)
(0.703884 0 0)
(0.703845 0 0)
(0.703807 0 0)
(0.703768 0 0)
(0.70373 0 0)
(0.703691 0 0)
(0.703652 0 0)
(0.703613 0 0)
(0.703575 0 0)
(0.703536 0 0)
(0.703497 0 0)
(0.703458 0 0)
(0.703419 0 0)
(0.70338 0 0)
(0.70334 0 0)
(0.703301 0 0)
(0.703262 0 0)
(0.703223 0 0)
(0.703183 0 0)
(0.703144 0 0)
(0.703104 0 0)
(0.703065 0 0)
(0.703025 0 0)
(0.702986 0 0)
(0.702946 0 0)
(0.702906 0 0)
(0.702866 0 0)
(0.702827 0 0)
(0.702787 0 0)
(0.702747 0 0)
(0.702707 0 0)
(0.702667 0 0)
(0.702627 0 0)
(0.702587 0 0)
(0.702546 0 0)
(0.702506 0 0)
(0.702466 0 0)
(0.702426 0 0)
(0.702385 0 0)
(0.702345 0 0)
(0.702305 0 0)
(0.702264 0 0)
(0.702224 0 0)
(0.702183 0 0)
(0.702142 0 0)
(0.702102 0 0)
(0.702061 0 0)
(0.70202 0 0)
(0.701979 0 0)
(0.701939 0 0)
(0.701898 0 0)
(0.701857 0 0)
(0.701816 0 0)
(0.701775 0 0)
(0.701734 0 0)
(0.701693 0 0)
(0.701651 0 0)
(0.70161 0 0)
(0.701569 0 0)
(0.701528 0 0)
(0.701487 0 0)
(0.701445 0 0)
(0.701404 0 0)
(0.701362 0 0)
(0.701321 0 0)
(0.701279 0 0)
(0.701238 0 0)
(0.701196 0 0)
(0.701155 0 0)
(0.701113 0 0)
(0.701071 0 0)
(0.701029 0 0)
(0.700988 0 0)
(0.700946 0 0)
(0.700904 0 0)
(0.700862 0 0)
(0.70082 0 0)
(0.700778 0 0)
(0.700736 0 0)
(0.700694 0 0)
(0.700652 0 0)
(0.70061 0 0)
(0.700568 0 0)
(0.700526 0 0)
(0.700483 0 0)
(0.700441 0 0)
(0.700399 0 0)
(0.700356 0 0)
(0.700314 0 0)
(0.700272 0 0)
(0.700229 0 0)
(0.700187 0 0)
(0.700144 0 0)
(0.700101 0 0)
(0.700059 0 0)
(0.700016 0 0)
(0.699974 0 0)
(0.699931 0 0)
(0.699888 0 0)
(0.699845 0 0)
(0.699802 0 0)
(0.69976 0 0)
(0.699717 0 0)
(0.699674 0 0)
(0.699631 0 0)
(0.699588 0 0)
(0.699545 0 0)
(0.699502 0 0)
(0.699459 0 0)
(0.699416 0 0)
(0.699372 0 0)
(0.699329 0 0)
(0.699286 0 0)
(0.699243 0 0)
(0.699199 0 0)
(0.699156 0 0)
(0.699113 0 0)
(0.699069 0 0)
(0.699026 0 0)
(0.698982 0 0)
(0.698939 0 0)
(0.698895 0 0)
(0.698852 0 0)
(0.698808 0 0)
(0.698765 0 0)
(0.698721 0 0)
(0.698677 0 0)
(0.698634 0 0)
(0.69859 0 0)
(0.698546 0 0)
(0.698502 0 0)
(0.698458 0 0)
(0.698415 0 0)
(0.698371 0 0)
(0.698327 0 0)
(0.698283 0 0)
(0.698239 0 0)
(0.698195 0 0)
(0.698151 0 0)
(0.698107 0 0)
(0.698062 0 0)
(0.698018 0 0)
(0.697974 0 0)
(0.69793 0 0)
(0.697886 0 0)
(0.697841 0 0)
(0.697797 0 0)
(0.697753 0 0)
(0.697708 0 0)
(0.697664 0 0)
(0.697619 0 0)
(0.697575 0 0)
(0.697531 0 0)
(0.697486 0 0)
(0.697441 0 0)
(0.697397 0 0)
(0.697352 0 0)
(0.697308 0 0)
(0.697263 0 0)
(0.697218 0 0)
(0.697173 0 0)
(0.697129 0 0)
(0.697084 0 0)
(0.697039 0 0)
(0.696994 0 0)
(0.696949 0 0)
(0.696904 0 0)
(0.696859 0 0)
(0.696814 0 0)
(0.696769 0 0)
(0.696724 0 0)
(0.696679 0 0)
(0.696634 0 0)
(0.696589 0 0)
(0.696544 0 0)
(0.696499 0 0)
(0.696453 0 0)
(0.696408 0 0)
(0.696363 0 0)
(0.696318 0 0)
(0.696272 0 0)
(0.696227 0 0)
(0.696181 0 0)
(0.696136 0 0)
(0.696091 0 0)
(0.696045 0 0)
(0.696 0 0)
(0.695954 0 0)
(0.695908 0 0)
(0.695863 0 0)
(0.695817 0 0)
(0.695771 0 0)
(0.695726 0 0)
(0.69568 0 0)
(0.695634 0 0)
(0.695588 0 0)
(0.695542 0 0)
(0.695497 0 0)
(0.695451 0 0)
(0.695405 0 0)
(0.695359 0 0)
(0.695313 0 0)
(0.695267 0 0)
(0.695221 0 0)
(0.695174 0 0)
(0.695128 0 0)
(0.695082 0 0)
(0.695036 0 0)
(0.69499 0 0)
(0.694943 0 0)
(0.694897 0 0)
(0.694851 0 0)
(0.694804 0 0)
(0.694758 0 0)
(0.694711 0 0)
(0.694665 0 0)
(0.694618 0 0)
(0.694572 0 0)
(0.694525 0 0)
(0.694478 0 0)
(0.694432 0 0)
(0.694385 0 0)
(0.694338 0 0)
(0.694291 0 0)
(0.694245 0 0)
(0.694198 0 0)
(0.694151 0 0)
(0.694104 0 0)
(0.694057 0 0)
(0.69401 0 0)
(0.693963 0 0)
(0.693915 0 0)
(0.693868 0 0)
(0.693821 0 0)
(0.693774 0 0)
(0.693726 0 0)
(0.693679 0 0)
(0.693632 0 0)
(0.693584 0 0)
(0.693537 0 0)
(0.693489 0 0)
(0.693441 0 0)
(0.693394 0 0)
(0.693346 0 0)
(0.693298 0 0)
(0.69325 0 0)
(0.693202 0 0)
(0.693154 0 0)
(0.693106 0 0)
(0.693058 0 0)
(0.69301 0 0)
(0.692962 0 0)
(0.692913 0 0)
(0.692865 0 0)
(0.692817 0 0)
(0.692768 0 0)
(0.69272 0 0)
(0.692671 0 0)
(0.692622 0 0)
(0.692573 0 0)
(0.692524 0 0)
(0.692475 0 0)
(0.692426 0 0)
(0.692377 0 0)
(0.692328 0 0)
(0.692278 0 0)
(0.692229 0 0)
(0.692179 0 0)
(0.692129 0 0)
(0.69208 0 0)
(0.69203 0 0)
(0.691979 0 0)
(0.691929 0 0)
(0.691879 0 0)
(0.691828 0 0)
(0.691778 0 0)
(0.691727 0 0)
(0.691676 0 0)
(0.691624 0 0)
(0.691573 0 0)
(0.691521 0 0)
(0.69147 0 0)
(0.691418 0 0)
(0.691365 0 0)
(0.691313 0 0)
(0.69126 0 0)
(0.691207 0 0)
(0.691154 0 0)
(0.6911 0 0)
(0.691046 0 0)
(0.690992 0 0)
(0.690938 0 0)
(0.690883 0 0)
(0.690827 0 0)
(0.690771 0 0)
(0.690715 0 0)
(0.690658 0 0)
(0.690601 0 0)
(0.690543 0 0)
(0.690484 0 0)
(0.690425 0 0)
(0.690365 0 0)
(0.690304 0 0)
(0.690242 0 0)
(0.69018 0 0)
(0.690116 0 0)
(0.690051 0 0)
(0.689985 0 0)
(0.689918 0 0)
(0.689849 0 0)
(0.689778 0 0)
(0.689706 0 0)
(0.689631 0 0)
(0.689555 0 0)
(0.689475 0 0)
(0.689393 0 0)
(0.689307 0 0)
(0.689218 0 0)
(0.689125 0 0)
(0.689026 0 0)
(0.688922 0 0)
(0.688811 0 0)
(0.688693 0 0)
(0.688565 0 0)
(0.688426 0 0)
(0.688274 0 0)
(0.688106 0 0)
(0.687918 0 0)
(0.687705 0 0)
(0.687459 0 0)
(0.687171 0 0)
(0.686827 0 0)
(0.686403 0 0)
(0.685866 0 0)
(0.685158 0 0)
(0.684173 0 0)
(0.682698 0 0)
(0.68025 0 0)
(0.675533 0 0)
(0.63923 0 0)
(0.58688 0 0)
(0.552035 0 0)
(0.534577 0 0)
(0.547045 0 0)
(0.58141 0 0)
(0.615656 0 0)
(0.635511 0 0)
(0.641204 0 0)
(0.638398 0 0)
(0.631567 0 0)
(0.623198 0 0)
(0.614707 0 0)
(0.607129 0 0)
(0.601361 0 0)
(0.598109 0 0)
(0.597701 0 0)
(0.599894 0 0)
(0.603851 0 0)
(0.608373 0 0)
(0.612302 0 0)
(0.614868 0 0)
(0.615818 0 0)
(0.615336 0 0)
(0.613861 0 0)
(0.611913 0 0)
(0.609976 0 0)
(0.608425 0 0)
(0.607486 0 0)
(0.607225 0 0)
(0.607564 0 0)
(0.608316 0 0)
(0.609241 0 0)
(0.610112 0 0)
(0.610759 0 0)
(0.611094 0 0)
(0.611115 0 0)
(0.610885 0 0)
(0.610503 0 0)
(0.61008 0 0)
(0.609708 0 0)
(0.609453 0 0)
(0.609343 0 0)
(0.60937 0 0)
(0.6095 0 0)
(0.609687 0 0)
(0.609879 0 0)
(0.610037 0 0)
(0.610135 0 0)
(0.610165 0 0)
(0.610136 0 0)
(0.610066 0 0)
(0.609977 0 0)
(0.609892 0 0)
(0.609828 0 0)
(0.609792 0 0)
(0.609787 0 0)
(0.609807 0 0)
(0.609843 0 0)
(0.609884 0 0)
(0.609921 0 0)
(0.609947 0 0)
(0.609959 0 0)
(0.609958 0 0)
(0.609946 0 0)
(0.609929 0 0)
(0.60991 0 0)
(0.609894 0 0)
(0.609884 0 0)
(0.609881 0 0)
(0.609883 0 0)
(0.60989 0 0)
(0.609898 0 0)
(0.609906 0 0)
(0.609913 0 0)
(0.609917 0 0)
(0.609917 0 0)
(0.609916 0 0)
(0.609912 0 0)
(0.609908 0 0)
(0.609905 0 0)
(0.609902 0 0)
(0.609901 0 0)
(0.609901 0 0)
(0.609902 0 0)
(0.609903 0 0)
(0.609905 0 0)
(0.609907 0 0)
(0.609908 0 0)
(0.609908 0 0)
(0.609908 0 0)
(0.609908 0 0)
(0.609907 0 0)
(0.609906 0 0)
(0.609905 0 0)
(0.609905 0 0)
(0.609905 0 0)
(0.609905 0 0)
(0.609906 0 0)
(0.609906 0 0)
(0.609906 0 0)
(0.609907 0 0)
(0.609907 0 0)
(0.609907 0 0)
(0.609907 0 0)
(0.609907 0 0)
(0.609907 0 0)
(0.609906 0 0)
(0.609906 0 0)
(0.609906 0 0)
(0.609906 0 0)
(0.609906 0 0)
(0.609906 0 0)
(0.609907 0 0)
(0.609907 0 0)
(0.609907 0 0)
(0.609907 0 0)
(0.609907 0 0)
(0.609907 0 0)
(0.609907 0 0)
(0.609907 0 0)
(0.609907 0 0)
(0.609907 0 0)
(0.609907 0 0)
(0.609907 0 0)
(0.609907 0 0)
(0.609907 0 0)
(0.609907 0 0)
(0.609907 0 0)
(0.609907 0 0)
(0.609907 0 0)
(0.609907 0 0)
(0.609907 0 0)
(0.609907 0 0)
(0.609907 0 0)
(0.609907 0 0)
(0.609907 0 0)
(0.609907 0 0)
(0.609907 0 0)
(0.609907 0 0)
(0.609907 0 0)
(0.609907 0 0)
(0.609907 0 0)
(0.609907 0 0)
(0.609907 0 0)
(0.609907 0 0)
(0.609908 0 0)
(0.609908 0 0)
(0.609908 0 0)
(0.609908 0 0)
(0.609908 0 0)
(0.609908 0 0)
(0.609908 0 0)
(0.609908 0 0)
(0.609908 0 0)
(0.609908 0 0)
(0.609908 0 0)
(0.609908 0 0)
(0.609908 0 0)
(0.609908 0 0)
(0.609908 0 0)
(0.609908 0 0)
(0.609908 0 0)
(0.609908 0 0)
(0.609908 0 0)
(0.609908 0 0)
(0.609908 0 0)
(0.609908 0 0)
(0.609908 0 0)
(0.609908 0 0)
(0.609908 0 0)
(0.609908 0 0)
(0.609908 0 0)
(0.609908 0 0)
(0.609908 0 0)
(0.609908 0 0)
(0.609908 0 0)
(0.609908 0 0)
(0.609908 0 0)
(0.609908 0 0)
(0.609908 0 0)
(0.609908 0 0)
(0.609908 0 0)
(0.609908 0 0)
(0.609908 0 0)
(0.609908 0 0)
(0.609908 0 0)
(0.609908 0 0)
(0.609908 0 0)
(0.609908 0 0)
(0.609908 0 0)
(0.609908 0 0)
(0.609908 0 0)
(0.609909 0 0)
(0.609909 0 0)
(0.609909 0 0)
(0.609909 0 0)
(0.609909 0 0)
(0.609909 0 0)
(0.609909 0 0)
(0.609909 0 0)
(0.609909 0 0)
(0.609909 0 0)
(0.609909 0 0)
(0.609909 0 0)
(0.609909 0 0)
(0.609909 0 0)
(0.609909 0 0)
(0.609909 0 0)
(0.609909 0 0)
(0.609909 0 0)
(0.609909 0 0)
(0.609909 0 0)
(0.609909 0 0)
(0.609909 0 0)
(0.609909 0 0)
(0.609909 0 0)
(0.609909 0 0)
(0.609909 0 0)
(0.609909 0 0)
(0.609909 0 0)
(0.609909 0 0)
(0.609909 0 0)
(0.609909 0 0)
(0.609909 0 0)
(0.609909 0 0)
(0.609909 0 0)
(0.609909 0 0)
(0.609909 0 0)
(0.609909 0 0)
(0.609909 0 0)
(0.609909 0 0)
(0.609909 0 0)
(0.609909 0 0)
(0.609909 0 0)
(0.609909 0 0)
(0.609909 0 0)
(0.609909 0 0)
(0.609909 0 0)
(0.609909 0 0)
(0.609909 0 0)
(0.609909 0 0)
(0.609909 0 0)
(0.609909 0 0)
(0.609908 0 0)
(0.609908 0 0)
(0.609908 0 0)
(0.609908 0 0)
(0.609908 0 0)
(0.609908 0 0)
(0.609908 0 0)
(0.609908 0 0)
(0.609908 0 0)
(0.609908 0 0)
(0.609908 0 0)
(0.609908 0 0)
(0.609908 0 0)
(0.609908 0 0)
(0.609908 0 0)
(0.609908 0 0)
(0.609908 0 0)
(0.609908 0 0)
(0.609908 0 0)
(0.609908 0 0)
(0.609907 0 0)
(0.609907 0 0)
(0.609907 0 0)
(0.609907 0 0)
(0.609907 0 0)
(0.609907 0 0)
(0.609907 0 0)
(0.609907 0 0)
(0.609906 0 0)
(0.609906 0 0)
(0.609906 0 0)
(0.609906 0 0)
(0.609905 0 0)
(0.609905 0 0)
(0.609905 0 0)
(0.609904 0 0)
(0.609904 0 0)
(0.609904 0 0)
(0.609903 0 0)
(0.609903 0 0)
(0.609902 0 0)
(0.609901 0 0)
(0.609901 0 0)
(0.6099 0 0)
(0.609899 0 0)
(0.609898 0 0)
(0.609897 0 0)
(0.609896 0 0)
(0.609895 0 0)
(0.609894 0 0)
(0.609892 0 0)
(0.609891 0 0)
(0.609889 0 0)
(0.609888 0 0)
(0.609886 0 0)
(0.609884 0 0)
(0.609882 0 0)
(0.609881 0 0)
(0.609878 0 0)
(0.609876 0 0)
(0.609874 0 0)
(0.609872 0 0)
(0.60987 0 0)
(0.609867 0 0)
(0.609865 0 0)
(0.609863 0 0)
(0.609861 0 0)
(0.609858 0 0)
(0.609856 0 0)
(0.609854 0 0)
(0.609852 0 0)
(0.609849 0 0)
(0.609848 0 0)
(0.609846 0 0)
(0.609844 0 0)
(0.609842 0 0)
(0.609841 0 0)
(0.60984 0 0)
(0.609839 0 0)
(0.609838 0 0)
(0.609837 0 0)
(0.609837 0 0)
(0.609836 0 0)
(0.609836 0 0)
(0.609836 0 0)
(0.609837 0 0)
(0.609838 0 0)
(0.609838 0 0)
(0.609839 0 0)
(0.609841 0 0)
(0.609842 0 0)
(0.609844 0 0)
(0.609845 0 0)
(0.609847 0 0)
(0.609849 0 0)
(0.609851 0 0)
(0.609854 0 0)
(0.609856 0 0)
(0.609858 0 0)
(0.609861 0 0)
(0.609863 0 0)
(0.609866 0 0)
(0.609868 0 0)
(0.609871 0 0)
(0.609873 0 0)
(0.609876 0 0)
(0.609878 0 0)
(0.60988 0 0)
(0.609883 0 0)
(0.609885 0 0)
(0.609887 0 0)
(0.609889 0 0)
(0.609891 0 0)
(0.609893 0 0)
(0.609894 0 0)
(0.609896 0 0)
(0.609898 0 0)
(0.609899 0 0)
(0.6099 0 0)
(0.609902 0 0)
(0.609903 0 0)
(0.609904 0 0)
(0.609905 0 0)
(0.609906 0 0)
(0.609906 0 0)
(0.609907 0 0)
(0.609908 0 0)
(0.609908 0 0)
(0.609909 0 0)
(0.609909 0 0)
(0.60991 0 0)
(0.60991 0 0)
(0.60991 0 0)
(0.609911 0 0)
(0.609911 0 0)
(0.609911 0 0)
(0.609911 0 0)
(0.609911 0 0)
(0.609911 0 0)
(0.609911 0 0)
(0.609911 0 0)
(0.609911 0 0)
(0.609911 0 0)
(0.609911 0 0)
(0.609911 0 0)
(0.609911 0 0)
(0.609911 0 0)
(0.609911 0 0)
(0.60991 0 0)
(0.60991 0 0)
(0.60991 0 0)
(0.60991 0 0)
(0.609909 0 0)
(0.609909 0 0)
(0.609909 0 0)
(0.609908 0 0)
(0.609908 0 0)
(0.609907 0 0)
(0.609907 0 0)
(0.609906 0 0)
(0.609906 0 0)
(0.609905 0 0)
(0.609904 0 0)
(0.609903 0 0)
(0.609903 0 0)
(0.609902 0 0)
(0.609901 0 0)
(0.6099 0 0)
(0.609899 0 0)
(0.609898 0 0)
(0.609896 0 0)
(0.609895 0 0)
(0.609894 0 0)
(0.609893 0 0)
(0.609891 0 0)
(0.60989 0 0)
(0.609888 0 0)
(0.609887 0 0)
(0.609885 0 0)
(0.609884 0 0)
(0.609882 0 0)
(0.60988 0 0)
(0.609879 0 0)
(0.609877 0 0)
(0.609875 0 0)
(0.609873 0 0)
(0.609872 0 0)
(0.60987 0 0)
(0.609868 0 0)
(0.609867 0 0)
(0.609865 0 0)
(0.609864 0 0)
(0.609862 0 0)
(0.609861 0 0)
(0.609859 0 0)
(0.609858 0 0)
(0.609857 0 0)
(0.609856 0 0)
(0.609855 0 0)
(0.609854 0 0)
(0.609853 0 0)
(0.609852 0 0)
(0.609852 0 0)
(0.609851 0 0)
(0.609851 0 0)
(0.609851 0 0)
(0.609851 0 0)
(0.609851 0 0)
(0.609851 0 0)
(0.609851 0 0)
)
;

boundaryField
{
    inlet
    {
        type            fractionalVelocity;
        U               1((1 0 0));
        fractionalFlow  Fa;
        value           uniform (0.709421 0 0);
    }
    outlet
    {
        type            zeroGradient;
    }
    emptyWalls
    {
        type            empty;
    }
}


// ************************************************************************* //
