/*--------------------------------*- C++ -*----------------------------------*\
  =========                 |
  \\      /  F ield         | OpenFOAM: The Open Source CFD Toolbox
   \\    /   O peration     | Website:  https://openfoam.org
    \\  /    A nd           | Version:  9
     \\/     M anipulation  |
\*---------------------------------------------------------------------------*/
FoamFile
{
    format      ascii;
    class       volScalarField;
    location    "18.3";
    object      kra;
}
// * * * * * * * * * * * * * * * * * * * * * * * * * * * * * * * * * * * * * //

dimensions      [0 0 0 0 0 0 0];

internalField   nonuniform List<scalar> 
1000
(
0.0147536
0.0147294
0.014707
0.0146855
0.0146646
0.014644
0.0146237
0.0146037
0.0145838
0.0145642
0.0145447
0.0145254
0.0145062
0.0144872
0.0144683
0.0144495
0.0144308
0.0144122
0.0143938
0.0143754
0.0143572
0.014339
0.0143209
0.014303
0.0142851
0.0142673
0.0142496
0.014232
0.0142145
0.014197
0.0141797
0.0141624
0.0141452
0.0141281
0.014111
0.0140941
0.0140772
0.0140604
0.0140437
0.014027
0.0140104
0.0139939
0.0139774
0.0139611
0.0139448
0.0139285
0.0139124
0.0138963
0.0138802
0.0138643
0.0138484
0.0138325
0.0138168
0.0138011
0.0137854
0.0137699
0.0137543
0.0137389
0.0137235
0.0137082
0.0136929
0.0136777
0.0136625
0.0136475
0.0136324
0.0136174
0.0136025
0.0135877
0.0135729
0.0135581
0.0135434
0.0135288
0.0135142
0.0134997
0.0134852
0.0134708
0.0134565
0.0134421
0.0134279
0.0134137
0.0133995
0.0133854
0.0133714
0.0133574
0.0133434
0.0133295
0.0133157
0.0133019
0.0132881
0.0132744
0.0132608
0.0132472
0.0132336
0.0132201
0.0132067
0.0131932
0.0131799
0.0131666
0.0131533
0.01314
0.0131269
0.0131137
0.0131006
0.0130876
0.0130746
0.0130616
0.0130487
0.0130358
0.013023
0.0130102
0.0129974
0.0129847
0.0129721
0.0129595
0.0129469
0.0129343
0.0129218
0.0129094
0.012897
0.0128846
0.0128722
0.0128599
0.0128477
0.0128355
0.0128233
0.0128112
0.012799
0.012787
0.012775
0.012763
0.012751
0.0127391
0.0127272
0.0127154
0.0127036
0.0126918
0.0126801
0.0126684
0.0126567
0.0126451
0.0126335
0.012622
0.0126105
0.012599
0.0125876
0.0125761
0.0125648
0.0125534
0.0125421
0.0125308
0.0125196
0.0125084
0.0124972
0.0124861
0.012475
0.0124639
0.0124528
0.0124418
0.0124309
0.0124199
0.012409
0.0123981
0.0123873
0.0123764
0.0123656
0.0123549
0.0123442
0.0123335
0.0123228
0.0123122
0.0123015
0.012291
0.0122804
0.0122699
0.0122594
0.012249
0.0122385
0.0122281
0.0122178
0.0122074
0.0121971
0.0121868
0.0121766
0.0121663
0.0121561
0.012146
0.0121358
0.0121257
0.0121156
0.0121055
0.0120955
0.0120855
0.0120755
0.0120656
0.0120556
0.0120457
0.0120359
0.012026
0.0120162
0.0120064
0.0119966
0.0119869
0.0119772
0.0119675
0.0119578
0.0119482
0.0119385
0.011929
0.0119194
0.0119098
0.0119003
0.0118908
0.0118814
0.0118719
0.0118625
0.0118531
0.0118437
0.0118344
0.0118251
0.0118158
0.0118065
0.0117972
0.011788
0.0117788
0.0117696
0.0117604
0.0117513
0.0117422
0.0117331
0.011724
0.011715
0.011706
0.0116969
0.011688
0.011679
0.0116701
0.0116612
0.0116523
0.0116434
0.0116345
0.0116257
0.0116169
0.0116081
0.0115994
0.0115906
0.0115819
0.0115732
0.0115645
0.0115559
0.0115472
0.0115386
0.01153
0.0115214
0.0115129
0.0115043
0.0114958
0.0114873
0.0114788
0.0114704
0.0114619
0.0114535
0.0114451
0.0114367
0.0114284
0.0114201
0.0114117
0.0114034
0.0113951
0.0113869
0.0113786
0.0113704
0.0113622
0.011354
0.0113459
0.0113377
0.0113296
0.0113215
0.0113134
0.0113053
0.0112972
0.0112892
0.0112812
0.0112732
0.0112652
0.0112572
0.0112493
0.0112413
0.0112334
0.0112255
0.0112176
0.0112098
0.0112019
0.0111941
0.0111863
0.0111785
0.0111707
0.011163
0.0111552
0.0111475
0.0111398
0.0111321
0.0111244
0.0111167
0.0111091
0.0111015
0.0110939
0.0110863
0.0110787
0.0110711
0.0110636
0.0110561
0.0110485
0.011041
0.0110336
0.0110261
0.0110187
0.0110112
0.0110038
0.0109964
0.010989
0.0109816
0.0109743
0.0109669
0.0109596
0.0109523
0.010945
0.0109377
0.0109305
0.0109232
0.010916
0.0109088
0.0109016
0.0108944
0.0108872
0.01088
0.0108729
0.0108657
0.0108586
0.0108515
0.0108444
0.0108374
0.0108303
0.0108233
0.0108162
0.0108092
0.0108022
0.0107952
0.0107882
0.0107813
0.0107743
0.0107674
0.0107605
0.0107536
0.0107467
0.0107398
0.0107329
0.0107261
0.0107192
0.0107124
0.0107056
0.0106988
0.010692
0.0106852
0.0106785
0.0106717
0.010665
0.0106583
0.0106516
0.0106449
0.0106382
0.0106315
0.0106249
0.0106183
0.0106116
0.010605
0.0105984
0.0105918
0.0105852
0.0105787
0.0105721
0.0105656
0.010559
0.0105525
0.010546
0.0105395
0.0105331
0.0105266
0.0105201
0.0105137
0.0105073
0.0105008
0.0104944
0.010488
0.0104817
0.0104753
0.0104689
0.0104626
0.0104562
0.0104499
0.0104436
0.0104373
0.010431
0.0104247
0.0104185
0.0104122
0.010406
0.0103997
0.0103935
0.0103873
0.0103811
0.0103749
0.0103687
0.0103626
0.0103564
0.0103503
0.0103442
0.010338
0.0103319
0.0103258
0.0103197
0.0103137
0.0103076
0.0103015
0.0102955
0.0102895
0.0102834
0.0102774
0.0102714
0.0102654
0.0102595
0.0102535
0.0102475
0.0102416
0.0102356
0.0102297
0.0102238
0.0102179
0.010212
0.0102061
0.0102002
0.0101944
0.0101885
0.0101827
0.0101768
0.010171
0.0101652
0.0101594
0.0101536
0.0101478
0.010142
0.0101363
0.0101305
0.0101248
0.010119
0.0101133
0.0101076
0.0101019
0.0100962
0.0100905
0.0100848
0.0100791
0.0100735
0.0100678
0.0100622
0.0100566
0.0100509
0.0100453
0.0100397
0.0100341
0.0100285
0.010023
0.0100174
0.0100119
0.0100063
0.0100008
0.00999524
0.00998972
0.00998421
0.00997871
0.00997322
0.00996774
0.00996226
0.0099568
0.00995134
0.00994589
0.00994046
0.00993503
0.00992961
0.00992419
0.00991879
0.0099134
0.00990801
0.00990264
0.00989727
0.00989191
0.00988656
0.00988122
0.00987588
0.00987056
0.00986524
0.00985993
0.00985463
0.00984934
0.00984406
0.00983879
0.00983352
0.00982826
0.00982301
0.00981777
0.00981254
0.00980732
0.0098021
0.00979689
0.00979169
0.0097865
0.00978132
0.00977614
0.00977098
0.00976582
0.00976067
0.00975552
0.00975039
0.00974526
0.00974014
0.00973503
0.00972993
0.00972484
0.00971975
0.00971467
0.0097096
0.00970453
0.00969948
0.00969443
0.00968939
0.00968436
0.00967933
0.00967431
0.0096693
0.0096643
0.00965931
0.00965432
0.00964934
0.00964437
0.00963941
0.00963445
0.0096295
0.00962456
0.00961962
0.0096147
0.00960978
0.00960487
0.00959996
0.00959506
0.00959017
0.00958529
0.00958042
0.00957555
0.00957069
0.00956583
0.00956099
0.00955615
0.00955132
0.00954649
0.00954167
0.00953686
0.00953206
0.00952726
0.00952247
0.00951769
0.00951291
0.00950815
0.00950339
0.00949863
0.00949388
0.00948914
0.00948441
0.00947968
0.00947496
0.00947025
0.00946554
0.00946084
0.00945615
0.00945147
0.00944679
0.00944211
0.00943745
0.00943279
0.00942814
0.00942349
0.00941885
0.00941422
0.0094096
0.00940498
0.00940036
0.00939576
0.00939116
0.00938657
0.00938198
0.0093774
0.00937283
0.00936826
0.0093637
0.00935915
0.0093546
0.00935006
0.00934552
0.00934099
0.00933647
0.00933196
0.00932745
0.00932295
0.00931845
0.00931396
0.00930947
0.009305
0.00930052
0.00929606
0.0092916
0.00928715
0.0092827
0.00927826
0.00927382
0.0092694
0.00926497
0.00926056
0.00925615
0.00925174
0.00924735
0.00924295
0.00923857
0.00923419
0.00922981
0.00922544
0.00922108
0.00921673
0.00921238
0.00920803
0.00920369
0.00919936
0.00919503
0.00919071
0.0091864
0.00918209
0.00917778
0.00917349
0.0091692
0.00916491
0.00916063
0.00915635
0.00915209
0.00914782
0.00914356
0.00913931
0.00913507
0.00913083
0.00912659
0.00912236
0.00911814
0.00911392
0.00910971
0.0091055
0.0091013
0.0090971
0.00909291
0.00908873
0.00908455
0.00908038
0.00907621
0.00907204
0.00906789
0.00906374
0.00905959
0.00905545
0.00905131
0.00904718
0.00904306
0.00903894
0.00903482
0.00903071
0.00902661
0.00902251
0.00901842
0.00901433
0.00901025
0.00900617
0.0090021
0.00899803
0.00899397
0.00898992
0.00898587
0.00898182
0.00897778
0.00897374
0.00896971
0.00896569
0.00896167
0.00895765
0.00895364
0.00894964
0.00894564
0.00894165
0.00893766
0.00893367
0.00892969
0.00892572
0.00892175
0.00891778
0.00891382
0.00890987
0.00890592
0.00890198
0.00889804
0.0088941
0.00889017
0.00888625
0.00888233
0.00887841
0.0088745
0.0088706
0.0088667
0.0088628
0.00885891
0.00885502
0.00885114
0.00884727
0.0088434
0.00883953
0.00883567
0.00883181
0.00882796
0.00882411
0.00882027
0.00881643
0.00881259
0.00880877
0.00880494
0.00880112
0.00879731
0.0087935
0.00878969
0.00878589
0.00878209
0.0087783
0.00877451
0.00877073
0.00876695
0.00876318
0.00875941
0.00875565
0.00875189
0.00874813
0.00874438
0.00874063
0.00873689
0.00873316
0.00872942
0.00872569
0.00872197
0.00871825
0.00871454
0.00871083
0.00870712
0.00870342
0.00869972
0.00869603
0.00869234
0.00868865
0.00868498
0.0086813
0.00867763
0.00867396
0.0086703
0.00866664
0.00866299
0.00865934
0.00865569
0.00865205
0.00864841
0.00864478
0.00864115
0.00863753
0.00863391
0.00863029
0.00862668
0.00862308
0.00861947
0.00861587
0.00861228
0.00860869
0.0086051
0.00860152
0.00859794
0.00859437
0.0085908
0.00858723
0.00858367
0.00858012
0.00857656
0.00857301
0.00856947
0.00856593
0.00856239
0.00855886
0.00855533
0.0085518
0.00854828
0.00854477
0.00854125
0.00853774
0.00853424
0.00853074
0.00852724
0.00852375
0.00852026
0.00851677
0.00851329
0.00850982
0.00850634
0.00850287
0.00849941
0.00849595
0.00849249
0.00848903
0.00848558
0.00848214
0.0084787
0.00847526
0.00847182
0.00846839
0.00846497
0.00846154
0.00845812
0.00845471
0.0084513
0.00844789
0.00844448
0.00844108
0.00843769
0.00843429
0.00843091
0.00842752
0.00842414
0.00842076
0.00841739
0.00841402
0.00841065
0.00840729
0.00840393
0.00840057
0.00839722
0.00839387
0.00839053
0.00838719
0.00838385
0.00838051
0.00837718
0.00837386
0.00837054
0.00836722
0.0083639
0.00836059
0.00835728
0.00835397
0.00835067
0.00834738
0.00834408
0.00834079
0.0083375
0.00833422
0.00833094
0.00832766
0.00832439
0.00832112
0.00831785
0.00831459
0.00831133
0.00830808
0.00830483
0.00830158
0.00829833
0.00829509
0.00829185
0.00828862
0.00828538
0.00828216
0.00827893
0.00827571
0.00827249
0.00826928
0.00826607
0.00826286
0.00825966
0.00825645
0.00825326
0.00825006
0.00824687
0.00824368
0.0082405
0.00823732
0.00823414
0.00823097
0.0082278
0.00822463
0.00822147
0.0082183
0.00821515
0.00821199
0.00820884
0.00820569
0.00820255
0.00819941
0.00819627
0.00819313
0.00819
0.00818687
0.00818375
0.00818063
0.00817751
0.00817439
0.00817128
0.00816817
0.00816506
0.00816196
0.00815886
0.00815577
0.00815267
0.00814958
0.00814649
0.00814341
0.00814033
0.00813725
0.00813418
0.00813111
0.00812804
0.00812497
0.00812191
0.00811885
0.0081158
0.00811274
0.00810969
0.00810665
0.0081036
0.00810056
0.00809752
0.00809449
0.00809146
0.00808843
0.0080854
0.00808238
0.00807936
0.00807635
0.00807333
0.00807032
0.00806732
0.00806431
0.00806131
0.00805831
0.00805532
0.00805232
0.00804933
0.00804635
0.00804336
0.00804038
0.00803741
0.00803443
0.00803146
0.00802849
0.00802552
0.00802256
0.0080196
0.00801664
0.00801369
0.00801074
0.00800779
0.00800484
0.0080019
0.00799896
0.00799602
0.00799309
0.00799016
0.00798723
0.0079843
0.00798138
0.00797846
0.00797554
0.00797263
0.00796972
0.00796681
0.0079639
0.007961
0.0079581
0.0079552
0.0079523
0.00794941
0.00794652
0.00794364
0.00794075
0.00793787
0.00793499
0.00793212
)
;

boundaryField
{
    inlet
    {
        type            calculated;
        value           uniform 0.0147929;
    }
    outlet
    {
        type            calculated;
        value           uniform 0.00793212;
    }
    emptyWalls
    {
        type            empty;
    }
}


// ************************************************************************* //
