/*--------------------------------*- C++ -*----------------------------------*\
  =========                 |
  \\      /  F ield         | OpenFOAM: The Open Source CFD Toolbox
   \\    /   O peration     | Website:  https://openfoam.org
    \\  /    A nd           | Version:  9
     \\/     M anipulation  |
\*---------------------------------------------------------------------------*/
FoamFile
{
    format      ascii;
    class       volScalarField;
    location    "9.8";
    object      p;
}
// * * * * * * * * * * * * * * * * * * * * * * * * * * * * * * * * * * * * * //

dimensions      [0 0 0 0 0 0 0];

internalField   nonuniform List<scalar> 
1000
(
2.18681e+13
2.18582e+13
2.18482e+13
2.18383e+13
2.18283e+13
2.18182e+13
2.18082e+13
2.17981e+13
2.1788e+13
2.17778e+13
2.17677e+13
2.17575e+13
2.17473e+13
2.17371e+13
2.17268e+13
2.17165e+13
2.17062e+13
2.16959e+13
2.16856e+13
2.16752e+13
2.16648e+13
2.16544e+13
2.16439e+13
2.16335e+13
2.1623e+13
2.16125e+13
2.16019e+13
2.15914e+13
2.15808e+13
2.15702e+13
2.15596e+13
2.15489e+13
2.15383e+13
2.15276e+13
2.15169e+13
2.15061e+13
2.14954e+13
2.14846e+13
2.14738e+13
2.1463e+13
2.14522e+13
2.14413e+13
2.14304e+13
2.14195e+13
2.14086e+13
2.13976e+13
2.13867e+13
2.13757e+13
2.13647e+13
2.13536e+13
2.13426e+13
2.13315e+13
2.13204e+13
2.13093e+13
2.12982e+13
2.1287e+13
2.12758e+13
2.12646e+13
2.12534e+13
2.12422e+13
2.12309e+13
2.12196e+13
2.12083e+13
2.1197e+13
2.11857e+13
2.11743e+13
2.1163e+13
2.11516e+13
2.11401e+13
2.11287e+13
2.11172e+13
2.11058e+13
2.10943e+13
2.10828e+13
2.10712e+13
2.10597e+13
2.10481e+13
2.10365e+13
2.10249e+13
2.10132e+13
2.10016e+13
2.09899e+13
2.09782e+13
2.09665e+13
2.09548e+13
2.0943e+13
2.09313e+13
2.09195e+13
2.09077e+13
2.08959e+13
2.0884e+13
2.08722e+13
2.08603e+13
2.08484e+13
2.08365e+13
2.08245e+13
2.08126e+13
2.08006e+13
2.07886e+13
2.07766e+13
2.07646e+13
2.07525e+13
2.07405e+13
2.07284e+13
2.07163e+13
2.07041e+13
2.0692e+13
2.06799e+13
2.06677e+13
2.06555e+13
2.06433e+13
2.0631e+13
2.06188e+13
2.06065e+13
2.05943e+13
2.0582e+13
2.05696e+13
2.05573e+13
2.05449e+13
2.05326e+13
2.05202e+13
2.05078e+13
2.04953e+13
2.04829e+13
2.04704e+13
2.0458e+13
2.04455e+13
2.0433e+13
2.04204e+13
2.04079e+13
2.03953e+13
2.03827e+13
2.03701e+13
2.03575e+13
2.03449e+13
2.03322e+13
2.03196e+13
2.03069e+13
2.02942e+13
2.02815e+13
2.02687e+13
2.0256e+13
2.02432e+13
2.02304e+13
2.02176e+13
2.02048e+13
2.01919e+13
2.01791e+13
2.01662e+13
2.01533e+13
2.01404e+13
2.01275e+13
2.01146e+13
2.01016e+13
2.00886e+13
2.00756e+13
2.00626e+13
2.00496e+13
2.00366e+13
2.00235e+13
2.00105e+13
1.99974e+13
1.99843e+13
1.99711e+13
1.9958e+13
1.99448e+13
1.99317e+13
1.99185e+13
1.99053e+13
1.98921e+13
1.98788e+13
1.98656e+13
1.98523e+13
1.9839e+13
1.98257e+13
1.98124e+13
1.97991e+13
1.97857e+13
1.97724e+13
1.9759e+13
1.97456e+13
1.97322e+13
1.97188e+13
1.97053e+13
1.96919e+13
1.96784e+13
1.96649e+13
1.96514e+13
1.96379e+13
1.96243e+13
1.96108e+13
1.95972e+13
1.95836e+13
1.957e+13
1.95564e+13
1.95428e+13
1.95291e+13
1.95154e+13
1.95018e+13
1.94881e+13
1.94744e+13
1.94606e+13
1.94469e+13
1.94331e+13
1.94194e+13
1.94056e+13
1.93918e+13
1.9378e+13
1.93641e+13
1.93503e+13
1.93364e+13
1.93225e+13
1.93086e+13
1.92947e+13
1.92808e+13
1.92669e+13
1.92529e+13
1.92389e+13
1.92249e+13
1.92109e+13
1.91969e+13
1.91829e+13
1.91688e+13
1.91548e+13
1.91407e+13
1.91266e+13
1.91125e+13
1.90984e+13
1.90842e+13
1.90701e+13
1.90559e+13
1.90418e+13
1.90276e+13
1.90133e+13
1.89991e+13
1.89849e+13
1.89706e+13
1.89564e+13
1.89421e+13
1.89278e+13
1.89135e+13
1.88991e+13
1.88848e+13
1.88704e+13
1.8856e+13
1.88417e+13
1.88273e+13
1.88128e+13
1.87984e+13
1.8784e+13
1.87695e+13
1.8755e+13
1.87405e+13
1.8726e+13
1.87115e+13
1.8697e+13
1.86824e+13
1.86679e+13
1.86533e+13
1.86387e+13
1.86241e+13
1.86095e+13
1.85948e+13
1.85802e+13
1.85655e+13
1.85509e+13
1.85362e+13
1.85215e+13
1.85067e+13
1.8492e+13
1.84773e+13
1.84625e+13
1.84477e+13
1.84329e+13
1.84181e+13
1.84033e+13
1.83885e+13
1.83736e+13
1.83588e+13
1.83439e+13
1.8329e+13
1.83141e+13
1.82992e+13
1.82842e+13
1.82693e+13
1.82543e+13
1.82394e+13
1.82244e+13
1.82094e+13
1.81944e+13
1.81793e+13
1.81643e+13
1.81492e+13
1.81342e+13
1.81191e+13
1.8104e+13
1.80889e+13
1.80737e+13
1.80586e+13
1.80435e+13
1.80283e+13
1.80131e+13
1.79979e+13
1.79827e+13
1.79675e+13
1.79522e+13
1.7937e+13
1.79217e+13
1.79065e+13
1.78912e+13
1.78759e+13
1.78605e+13
1.78452e+13
1.78299e+13
1.78145e+13
1.77991e+13
1.77838e+13
1.77684e+13
1.77529e+13
1.77375e+13
1.77221e+13
1.77066e+13
1.76912e+13
1.76757e+13
1.76602e+13
1.76447e+13
1.76292e+13
1.76136e+13
1.75981e+13
1.75825e+13
1.75669e+13
1.75514e+13
1.75358e+13
1.75201e+13
1.75045e+13
1.74889e+13
1.74732e+13
1.74576e+13
1.74419e+13
1.74262e+13
1.74105e+13
1.73948e+13
1.7379e+13
1.73633e+13
1.73475e+13
1.73317e+13
1.7316e+13
1.73002e+13
1.72843e+13
1.72685e+13
1.72527e+13
1.72368e+13
1.7221e+13
1.72051e+13
1.71892e+13
1.71733e+13
1.71574e+13
1.71414e+13
1.71255e+13
1.71096e+13
1.70936e+13
1.70776e+13
1.70616e+13
1.70456e+13
1.70296e+13
1.70135e+13
1.69975e+13
1.69814e+13
1.69654e+13
1.69493e+13
1.69332e+13
1.69171e+13
1.6901e+13
1.68848e+13
1.68687e+13
1.68525e+13
1.68363e+13
1.68201e+13
1.68039e+13
1.67877e+13
1.67715e+13
1.67553e+13
1.6739e+13
1.67227e+13
1.67065e+13
1.66902e+13
1.66739e+13
1.66576e+13
1.66412e+13
1.66249e+13
1.66085e+13
1.65922e+13
1.65758e+13
1.65594e+13
1.6543e+13
1.65266e+13
1.65102e+13
1.64937e+13
1.64773e+13
1.64608e+13
1.64443e+13
1.64278e+13
1.64113e+13
1.63948e+13
1.63783e+13
1.63617e+13
1.63452e+13
1.63286e+13
1.6312e+13
1.62954e+13
1.62788e+13
1.62622e+13
1.62456e+13
1.62289e+13
1.62123e+13
1.61956e+13
1.61789e+13
1.61623e+13
1.61455e+13
1.61288e+13
1.61121e+13
1.60954e+13
1.60786e+13
1.60618e+13
1.60451e+13
1.60283e+13
1.60115e+13
1.59947e+13
1.59778e+13
1.5961e+13
1.59441e+13
1.59273e+13
1.59104e+13
1.58935e+13
1.58766e+13
1.58597e+13
1.58428e+13
1.58258e+13
1.58089e+13
1.57919e+13
1.5775e+13
1.5758e+13
1.5741e+13
1.5724e+13
1.57069e+13
1.56899e+13
1.56729e+13
1.56558e+13
1.56387e+13
1.56216e+13
1.56045e+13
1.55874e+13
1.55703e+13
1.55532e+13
1.5536e+13
1.55189e+13
1.55017e+13
1.54845e+13
1.54673e+13
1.54501e+13
1.54329e+13
1.54157e+13
1.53985e+13
1.53812e+13
1.53639e+13
1.53467e+13
1.53294e+13
1.53121e+13
1.52948e+13
1.52774e+13
1.52601e+13
1.52428e+13
1.52254e+13
1.5208e+13
1.51906e+13
1.51733e+13
1.51558e+13
1.51384e+13
1.5121e+13
1.51036e+13
1.50861e+13
1.50686e+13
1.50512e+13
1.50337e+13
1.50162e+13
1.49987e+13
1.49811e+13
1.49636e+13
1.4946e+13
1.49285e+13
1.49109e+13
1.48933e+13
1.48757e+13
1.48581e+13
1.48405e+13
1.48229e+13
1.48052e+13
1.47876e+13
1.47699e+13
1.47522e+13
1.47345e+13
1.47168e+13
1.46991e+13
1.46814e+13
1.46637e+13
1.46459e+13
1.46281e+13
1.46104e+13
1.45926e+13
1.45748e+13
1.4557e+13
1.45392e+13
1.45213e+13
1.45035e+13
1.44857e+13
1.44678e+13
1.44499e+13
1.4432e+13
1.44141e+13
1.43962e+13
1.43783e+13
1.43604e+13
1.43424e+13
1.43245e+13
1.43065e+13
1.42885e+13
1.42705e+13
1.42525e+13
1.42345e+13
1.42165e+13
1.41984e+13
1.41804e+13
1.41623e+13
1.41442e+13
1.41262e+13
1.41081e+13
1.409e+13
1.40718e+13
1.40537e+13
1.40356e+13
1.40174e+13
1.39993e+13
1.39811e+13
1.39629e+13
1.39447e+13
1.39265e+13
1.39083e+13
1.389e+13
1.38718e+13
1.38535e+13
1.38353e+13
1.3817e+13
1.37987e+13
1.37804e+13
1.37621e+13
1.37438e+13
1.37254e+13
1.37071e+13
1.36887e+13
1.36704e+13
1.3652e+13
1.36336e+13
1.36152e+13
1.35968e+13
1.35784e+13
1.35599e+13
1.35415e+13
1.3523e+13
1.35045e+13
1.34861e+13
1.34676e+13
1.34491e+13
1.34305e+13
1.3412e+13
1.33935e+13
1.33749e+13
1.33564e+13
1.33378e+13
1.33192e+13
1.33006e+13
1.3282e+13
1.32634e+13
1.32448e+13
1.32261e+13
1.32075e+13
1.31888e+13
1.31702e+13
1.31515e+13
1.31328e+13
1.31141e+13
1.30954e+13
1.30766e+13
1.30579e+13
1.30391e+13
1.30204e+13
1.30016e+13
1.29828e+13
1.2964e+13
1.29452e+13
1.29264e+13
1.29076e+13
1.28887e+13
1.28699e+13
1.2851e+13
1.28322e+13
1.28133e+13
1.27944e+13
1.27755e+13
1.27566e+13
1.27376e+13
1.27187e+13
1.26997e+13
1.26808e+13
1.26618e+13
1.26428e+13
1.26238e+13
1.26048e+13
1.25858e+13
1.25668e+13
1.25478e+13
1.25287e+13
1.25096e+13
1.24906e+13
1.24715e+13
1.24524e+13
1.24333e+13
1.24142e+13
1.23951e+13
1.23759e+13
1.23568e+13
1.23376e+13
1.23184e+13
1.22993e+13
1.22801e+13
1.22609e+13
1.22417e+13
1.22224e+13
1.22032e+13
1.21839e+13
1.21647e+13
1.21454e+13
1.21261e+13
1.21068e+13
1.20875e+13
1.20682e+13
1.20489e+13
1.20296e+13
1.20102e+13
1.19909e+13
1.19715e+13
1.19521e+13
1.19327e+13
1.19133e+13
1.18939e+13
1.18745e+13
1.18551e+13
1.18356e+13
1.18162e+13
1.17967e+13
1.17772e+13
1.17577e+13
1.17382e+13
1.17187e+13
1.16992e+13
1.16797e+13
1.16601e+13
1.16406e+13
1.1621e+13
1.16015e+13
1.15819e+13
1.15623e+13
1.15427e+13
1.1523e+13
1.15034e+13
1.14838e+13
1.14641e+13
1.14445e+13
1.14248e+13
1.14051e+13
1.13854e+13
1.13657e+13
1.1346e+13
1.13263e+13
1.13065e+13
1.12868e+13
1.1267e+13
1.12472e+13
1.12274e+13
1.12076e+13
1.11878e+13
1.1168e+13
1.11482e+13
1.11284e+13
1.11085e+13
1.10886e+13
1.10688e+13
1.10489e+13
1.1029e+13
1.10091e+13
1.09892e+13
1.09692e+13
1.09493e+13
1.09294e+13
1.09094e+13
1.08894e+13
1.08694e+13
1.08494e+13
1.08294e+13
1.08094e+13
1.07894e+13
1.07694e+13
1.07493e+13
1.07292e+13
1.07092e+13
1.06891e+13
1.0669e+13
1.06489e+13
1.06287e+13
1.06086e+13
1.05885e+13
1.05683e+13
1.05481e+13
1.0528e+13
1.05078e+13
1.04876e+13
1.04674e+13
1.04471e+13
1.04269e+13
1.04066e+13
1.03864e+13
1.03661e+13
1.03458e+13
1.03255e+13
1.03052e+13
1.02849e+13
1.02645e+13
1.02442e+13
1.02238e+13
1.02034e+13
1.0183e+13
1.01626e+13
1.01422e+13
1.01218e+13
1.01013e+13
1.00809e+13
1.00604e+13
1.00399e+13
1.00194e+13
9.99889e+12
9.97835e+12
9.9578e+12
9.93723e+12
9.91665e+12
9.89604e+12
9.87542e+12
9.85478e+12
9.83412e+12
9.81344e+12
9.79275e+12
9.77202e+12
9.75128e+12
9.73051e+12
9.70972e+12
9.6889e+12
9.66805e+12
9.64717e+12
9.62625e+12
9.6053e+12
9.58431e+12
9.56327e+12
9.54218e+12
9.52103e+12
9.49982e+12
9.47853e+12
9.45715e+12
9.43565e+12
9.41402e+12
9.39219e+12
9.37012e+12
9.34769e+12
9.32469e+12
9.30068e+12
9.27444e+12
9.23633e+12
9.19793e+12
9.15935e+12
9.12045e+12
9.08104e+12
9.04097e+12
9.00009e+12
8.95833e+12
8.91569e+12
8.87227e+12
8.82827e+12
8.78401e+12
8.73983e+12
8.69605e+12
8.65284e+12
8.6102e+12
8.56798e+12
8.52598e+12
8.48398e+12
8.44184e+12
8.39946e+12
8.35684e+12
8.31399e+12
8.27099e+12
8.22792e+12
8.18486e+12
8.14186e+12
8.09898e+12
8.05622e+12
8.01355e+12
7.97095e+12
7.92837e+12
7.88577e+12
7.84313e+12
7.80044e+12
7.7577e+12
7.71491e+12
7.67211e+12
7.62929e+12
7.58649e+12
7.54371e+12
7.50096e+12
7.45822e+12
7.41551e+12
7.3728e+12
7.33009e+12
7.28738e+12
7.24465e+12
7.20192e+12
7.15917e+12
7.11642e+12
7.07366e+12
7.03091e+12
6.98816e+12
6.94541e+12
6.90267e+12
6.85994e+12
6.8172e+12
6.77447e+12
6.73174e+12
6.689e+12
6.64626e+12
6.60352e+12
6.56078e+12
6.51804e+12
6.4753e+12
6.43255e+12
6.38981e+12
6.34707e+12
6.30433e+12
6.26159e+12
6.21885e+12
6.17611e+12
6.13338e+12
6.09064e+12
6.0479e+12
6.00516e+12
5.96242e+12
5.91967e+12
5.87693e+12
5.83419e+12
5.79145e+12
5.74871e+12
5.70597e+12
5.66323e+12
5.62049e+12
5.57775e+12
5.53501e+12
5.49227e+12
5.44953e+12
5.40679e+12
5.36405e+12
5.32131e+12
5.27857e+12
5.23582e+12
5.19308e+12
5.15034e+12
5.1076e+12
5.06485e+12
5.02211e+12
4.97937e+12
4.93662e+12
4.89388e+12
4.85113e+12
4.80839e+12
4.76564e+12
4.7229e+12
4.68015e+12
4.6374e+12
4.59465e+12
4.5519e+12
4.50916e+12
4.46641e+12
4.42366e+12
4.38091e+12
4.33816e+12
4.29541e+12
4.25266e+12
4.20991e+12
4.16716e+12
4.12442e+12
4.08167e+12
4.03892e+12
3.99617e+12
3.95343e+12
3.91068e+12
3.86794e+12
3.82519e+12
3.78245e+12
3.73971e+12
3.69696e+12
3.65422e+12
3.61148e+12
3.56874e+12
3.526e+12
3.48326e+12
3.44052e+12
3.39778e+12
3.35504e+12
3.3123e+12
3.26956e+12
3.22682e+12
3.18408e+12
3.14134e+12
3.0986e+12
3.05586e+12
3.01312e+12
2.97038e+12
2.92764e+12
2.8849e+12
2.84216e+12
2.79943e+12
2.75669e+12
2.71395e+12
2.67121e+12
2.62847e+12
2.58573e+12
2.54299e+12
2.50025e+12
2.45751e+12
2.41477e+12
2.37204e+12
2.3293e+12
2.28656e+12
2.24382e+12
2.20108e+12
2.15834e+12
2.1156e+12
2.07286e+12
2.03012e+12
1.98738e+12
1.94465e+12
1.90191e+12
1.85917e+12
1.81643e+12
1.77369e+12
1.73095e+12
1.68821e+12
1.64547e+12
1.60273e+12
1.56e+12
1.51726e+12
1.47452e+12
1.43178e+12
1.38904e+12
1.3463e+12
1.30356e+12
1.26082e+12
1.21808e+12
1.17534e+12
1.13261e+12
1.08987e+12
1.04713e+12
1.00439e+12
9.61649e+11
9.1891e+11
8.76171e+11
8.33432e+11
7.90692e+11
7.47953e+11
7.05214e+11
6.62474e+11
6.19735e+11
5.76995e+11
5.34256e+11
4.91516e+11
4.48776e+11
4.06036e+11
3.63296e+11
3.20556e+11
2.77816e+11
2.35076e+11
1.92335e+11
1.49594e+11
1.06853e+11
6.41121e+10
2.13708e+10
)
;

boundaryField
{
    inlet
    {
        type            darcyGradPressure_G;
        gradient        uniform 3.23949e+11;
        Mf              Mf;
        phi             phi;
        phiG            phiG;
        value           uniform 2.18731e+13;
    }
    outlet
    {
        type            fixedValue;
        value           uniform 0;
    }
    emptyWalls
    {
        type            empty;
    }
}


// ************************************************************************* //
