/*--------------------------------*- C++ -*----------------------------------*\
  =========                 |
  \\      /  F ield         | OpenFOAM: The Open Source CFD Toolbox
   \\    /   O peration     | Website:  https://openfoam.org
    \\  /    A nd           | Version:  9
     \\/     M anipulation  |
\*---------------------------------------------------------------------------*/
FoamFile
{
    format      ascii;
    class       surfaceScalarField;
    location    "78000";
    object      phic;
}
// * * * * * * * * * * * * * * * * * * * * * * * * * * * * * * * * * * * * * //

dimensions      [0 2 0 0 0 0 0];

internalField   nonuniform List<scalar> 
999
(
2.19903e-16
7.15847e-16
1.46904e-15
2.47797e-15
3.7423e-15
5.26169e-15
7.03572e-15
9.06394e-15
1.13459e-14
1.3881e-14
1.66688e-14
1.97088e-14
2.30006e-14
2.65435e-14
3.03372e-14
3.43811e-14
3.86747e-14
4.32176e-14
4.80092e-14
5.30491e-14
5.83368e-14
6.38718e-14
6.96537e-14
7.56819e-14
8.19561e-14
8.84758e-14
9.52405e-14
1.0225e-13
1.09503e-13
1.17e-13
1.2474e-13
1.32724e-13
1.40949e-13
1.49416e-13
1.58125e-13
1.67075e-13
1.76266e-13
1.85697e-13
1.95368e-13
2.05279e-13
2.15428e-13
2.25817e-13
2.36443e-13
2.47308e-13
2.5841e-13
2.69749e-13
2.81325e-13
2.93138e-13
3.05186e-13
3.1747e-13
3.2999e-13
3.42745e-13
3.55734e-13
3.68958e-13
3.82415e-13
3.96107e-13
4.10031e-13
4.24189e-13
4.38579e-13
4.53202e-13
4.68057e-13
4.83143e-13
4.98461e-13
5.1401e-13
5.2979e-13
5.45801e-13
5.62042e-13
5.78512e-13
5.95213e-13
6.12143e-13
6.29302e-13
6.4669e-13
6.64307e-13
6.82152e-13
7.00225e-13
7.18526e-13
7.37055e-13
7.55811e-13
7.74794e-13
7.94005e-13
8.13442e-13
8.33105e-13
8.52995e-13
8.73111e-13
8.93453e-13
9.14021e-13
9.34814e-13
9.55832e-13
9.77076e-13
9.98544e-13
1.02024e-12
1.04216e-12
1.0643e-12
1.08666e-12
1.10925e-12
1.13207e-12
1.15511e-12
1.17837e-12
1.20186e-12
1.22557e-12
1.2495e-12
1.27365e-12
1.29803e-12
1.32263e-12
1.34746e-12
1.37251e-12
1.39778e-12
1.42327e-12
1.44899e-12
1.47492e-12
1.50109e-12
1.52747e-12
1.55407e-12
1.5809e-12
1.60795e-12
1.63523e-12
1.66272e-12
1.69044e-12
1.71838e-12
1.74654e-12
1.77493e-12
1.80353e-12
1.83237e-12
1.86142e-12
1.89069e-12
1.92019e-12
1.94992e-12
1.97986e-12
2.01003e-12
2.04042e-12
2.07104e-12
2.10188e-12
2.13294e-12
2.16423e-12
2.19574e-12
2.22748e-12
2.25944e-12
2.29163e-12
2.32405e-12
2.35669e-12
2.38956e-12
2.42265e-12
2.45598e-12
2.48953e-12
2.52331e-12
2.55732e-12
2.59156e-12
2.62604e-12
2.66074e-12
2.69568e-12
2.73085e-12
2.76626e-12
2.80191e-12
2.83779e-12
2.87391e-12
2.91028e-12
2.94688e-12
2.98374e-12
3.02083e-12
3.05818e-12
3.09578e-12
3.13364e-12
3.17175e-12
3.21012e-12
3.24876e-12
3.28767e-12
3.32686e-12
3.36632e-12
3.40608e-12
3.44612e-12
3.48648e-12
3.52714e-12
3.56814e-12
3.60947e-12
3.65115e-12
3.69321e-12
3.73567e-12
3.77855e-12
3.82189e-12
3.86573e-12
3.91012e-12
3.95514e-12
4.00086e-12
4.0474e-12
4.09492e-12
4.14365e-12
4.1939e-12
4.24615e-12
4.30116e-12
4.36018e-12
4.4254e-12
4.50082e-12
4.59447e-12
4.72407e-12
4.93514e-12
5.37588e-12
6.77514e-12
1.64827e-11
7.61299e-11
7.82515e-11
7.82458e-11
7.82342e-11
7.82342e-11
7.82354e-11
7.82353e-11
7.82352e-11
7.82352e-11
7.82352e-11
7.82352e-11
7.82352e-11
7.82351e-11
7.82351e-11
7.82351e-11
7.82351e-11
7.82351e-11
7.8235e-11
7.8235e-11
7.8235e-11
7.8235e-11
7.8235e-11
7.82349e-11
7.82349e-11
7.82349e-11
7.82349e-11
7.82348e-11
7.82348e-11
7.82348e-11
7.82348e-11
7.82348e-11
7.82347e-11
7.82347e-11
7.82347e-11
7.82347e-11
7.82346e-11
7.82346e-11
7.82346e-11
7.82346e-11
7.82345e-11
7.82345e-11
7.82345e-11
7.82345e-11
7.82344e-11
7.82344e-11
7.82344e-11
7.82344e-11
7.82343e-11
7.82343e-11
7.82343e-11
7.82343e-11
7.82342e-11
7.82342e-11
7.82342e-11
7.82341e-11
7.82341e-11
7.82341e-11
7.82341e-11
7.8234e-11
7.8234e-11
7.8234e-11
7.8234e-11
7.82339e-11
7.82339e-11
7.82339e-11
7.82338e-11
7.82338e-11
7.82338e-11
7.82337e-11
7.82337e-11
7.82337e-11
7.82336e-11
7.82336e-11
7.82336e-11
7.82335e-11
7.82335e-11
7.82335e-11
7.82334e-11
7.82334e-11
7.82334e-11
7.82333e-11
7.82333e-11
7.82333e-11
7.82332e-11
7.82332e-11
7.82332e-11
7.82331e-11
7.82331e-11
7.82331e-11
7.8233e-11
7.8233e-11
7.82329e-11
7.82329e-11
7.82329e-11
7.82328e-11
7.82328e-11
7.82327e-11
7.82327e-11
7.82327e-11
7.82326e-11
7.82326e-11
7.82325e-11
7.82325e-11
7.82325e-11
7.82324e-11
7.82324e-11
7.82323e-11
7.82323e-11
7.82322e-11
7.82322e-11
7.82321e-11
7.82321e-11
7.82321e-11
7.8232e-11
7.8232e-11
7.82319e-11
7.82319e-11
7.82318e-11
7.82318e-11
7.82317e-11
7.82317e-11
7.82316e-11
7.82316e-11
7.82315e-11
7.82315e-11
7.82314e-11
7.82313e-11
7.82313e-11
7.82312e-11
7.82312e-11
7.82311e-11
7.82311e-11
7.8231e-11
7.82309e-11
7.82309e-11
7.82308e-11
7.82308e-11
7.82307e-11
7.82306e-11
7.82306e-11
7.82305e-11
7.82304e-11
7.82304e-11
7.82303e-11
7.82303e-11
7.82302e-11
7.82301e-11
7.823e-11
7.823e-11
7.82299e-11
7.82298e-11
7.82298e-11
7.82297e-11
7.82296e-11
7.82295e-11
7.82295e-11
7.82294e-11
7.82293e-11
7.82292e-11
7.82291e-11
7.82291e-11
7.8229e-11
7.82289e-11
7.82288e-11
7.82287e-11
7.82286e-11
7.82285e-11
7.82285e-11
7.82284e-11
7.82283e-11
7.82282e-11
7.82281e-11
7.8228e-11
7.82275e-11
7.82242e-11
7.81938e-11
7.79173e-11
7.55167e-11
6.07777e-11
3.50803e-11
2.92535e-11
2.9121e-11
2.91208e-11
2.91208e-11
2.91208e-11
2.91208e-11
2.91208e-11
2.91208e-11
2.91208e-11
2.91208e-11
2.91208e-11
2.91208e-11
2.91208e-11
2.91208e-11
2.91208e-11
2.91208e-11
2.91208e-11
2.91208e-11
2.91208e-11
2.91208e-11
2.91208e-11
2.91208e-11
2.91208e-11
2.91208e-11
2.91208e-11
2.91208e-11
2.91208e-11
2.91208e-11
2.91208e-11
2.91208e-11
2.91208e-11
2.91208e-11
2.91208e-11
2.91208e-11
2.91208e-11
2.91208e-11
2.91208e-11
2.91208e-11
2.91208e-11
2.91208e-11
2.91208e-11
2.91208e-11
2.91208e-11
2.91208e-11
2.91208e-11
2.91208e-11
2.91208e-11
2.91208e-11
2.91208e-11
2.91208e-11
2.91208e-11
2.91208e-11
2.91208e-11
2.91208e-11
2.91208e-11
2.91208e-11
2.91208e-11
2.91208e-11
2.91208e-11
2.91208e-11
2.91208e-11
2.91208e-11
2.91208e-11
2.91208e-11
2.91208e-11
2.91208e-11
2.91208e-11
2.91208e-11
2.91208e-11
2.91208e-11
2.91208e-11
2.91208e-11
2.91208e-11
2.91208e-11
2.91208e-11
2.91208e-11
2.91208e-11
2.91208e-11
2.91208e-11
2.91208e-11
2.91208e-11
2.91208e-11
2.91208e-11
2.91208e-11
2.91208e-11
2.91208e-11
2.91208e-11
2.91208e-11
2.91208e-11
2.91208e-11
2.91208e-11
2.91208e-11
2.91208e-11
2.91208e-11
2.91208e-11
2.91208e-11
2.91208e-11
2.91208e-11
2.91208e-11
2.91208e-11
2.91208e-11
2.91208e-11
2.91208e-11
2.91208e-11
2.91208e-11
2.91208e-11
2.91208e-11
2.91208e-11
2.91208e-11
2.91208e-11
2.91208e-11
2.91208e-11
2.91208e-11
2.91208e-11
2.91208e-11
2.91208e-11
2.91208e-11
2.91208e-11
2.91208e-11
2.91208e-11
2.91208e-11
2.91208e-11
2.91208e-11
2.91208e-11
2.91208e-11
2.91208e-11
2.91208e-11
2.91208e-11
2.91208e-11
2.91208e-11
2.91208e-11
2.91208e-11
2.91208e-11
2.91208e-11
2.91208e-11
2.91208e-11
2.91208e-11
2.91208e-11
2.91208e-11
2.91208e-11
2.91208e-11
2.91208e-11
2.91208e-11
2.91208e-11
2.91208e-11
2.91208e-11
2.91208e-11
2.91208e-11
2.91208e-11
2.91208e-11
2.91208e-11
2.91208e-11
2.91208e-11
2.91208e-11
2.91208e-11
2.91208e-11
2.91208e-11
2.91208e-11
2.91208e-11
2.91208e-11
2.91208e-11
2.91208e-11
2.91208e-11
2.91208e-11
2.91208e-11
2.91208e-11
2.91208e-11
2.91208e-11
2.91208e-11
2.91208e-11
2.91208e-11
2.91208e-11
2.91208e-11
2.91208e-11
2.91208e-11
2.91208e-11
2.91208e-11
2.91208e-11
2.91208e-11
2.91208e-11
2.91208e-11
2.91208e-11
2.91208e-11
2.91208e-11
2.91208e-11
2.91208e-11
2.91208e-11
2.91208e-11
2.91208e-11
2.91208e-11
2.91208e-11
2.91208e-11
2.91208e-11
2.91208e-11
2.91208e-11
2.91208e-11
2.91208e-11
2.91208e-11
2.91208e-11
2.91208e-11
2.91208e-11
2.91208e-11
2.91208e-11
2.91208e-11
2.91208e-11
2.91208e-11
2.91208e-11
2.91208e-11
2.91208e-11
2.91208e-11
2.91208e-11
2.91208e-11
2.91208e-11
2.91208e-11
2.91208e-11
2.91208e-11
2.91208e-11
2.91208e-11
2.91208e-11
2.91208e-11
2.91208e-11
2.91208e-11
2.91208e-11
2.91208e-11
2.91208e-11
2.91208e-11
2.91208e-11
2.91208e-11
2.91208e-11
2.91208e-11
2.91208e-11
2.91208e-11
2.91208e-11
2.91208e-11
2.91208e-11
2.91208e-11
2.91208e-11
2.91208e-11
2.91208e-11
2.91208e-11
2.91208e-11
2.91208e-11
2.91208e-11
2.91208e-11
2.91208e-11
2.91208e-11
2.91208e-11
2.91208e-11
2.91208e-11
2.91208e-11
2.91208e-11
2.91208e-11
2.91208e-11
2.91208e-11
2.91208e-11
2.91208e-11
2.91208e-11
2.91208e-11
2.91208e-11
2.91208e-11
2.91208e-11
2.91208e-11
2.91208e-11
2.91208e-11
2.91208e-11
2.91208e-11
2.91208e-11
2.91208e-11
2.91208e-11
2.91208e-11
2.91208e-11
2.91208e-11
2.91208e-11
2.91208e-11
2.91208e-11
2.91208e-11
2.91208e-11
2.91208e-11
2.91208e-11
2.91208e-11
2.91208e-11
2.91208e-11
2.91208e-11
2.91208e-11
2.91208e-11
2.91208e-11
2.91208e-11
2.91208e-11
2.91208e-11
2.91208e-11
2.91208e-11
2.91208e-11
2.91208e-11
2.91208e-11
2.91208e-11
2.91208e-11
2.91208e-11
2.91208e-11
2.91208e-11
2.91208e-11
2.91208e-11
2.91208e-11
2.91208e-11
2.91208e-11
2.91208e-11
2.91208e-11
2.91208e-11
2.91208e-11
2.91208e-11
2.91208e-11
2.91208e-11
2.91208e-11
2.91208e-11
2.91208e-11
2.91208e-11
2.91208e-11
2.91208e-11
2.91208e-11
2.91208e-11
2.91208e-11
2.91208e-11
2.91208e-11
2.91208e-11
2.91208e-11
2.91208e-11
2.91208e-11
2.91208e-11
2.91208e-11
2.91208e-11
2.91208e-11
2.91208e-11
2.91208e-11
2.91208e-11
2.91208e-11
2.91208e-11
2.91208e-11
2.91208e-11
2.91208e-11
2.91208e-11
2.91208e-11
2.91208e-11
2.91208e-11
2.91208e-11
2.91208e-11
2.91208e-11
2.91208e-11
2.91208e-11
2.91208e-11
2.91208e-11
2.91208e-11
2.91208e-11
2.91208e-11
2.91208e-11
2.91208e-11
2.91208e-11
2.91208e-11
2.91208e-11
2.91208e-11
2.91208e-11
2.91208e-11
2.91208e-11
2.91208e-11
2.91208e-11
2.91208e-11
2.91208e-11
2.91208e-11
2.91208e-11
2.91208e-11
2.91208e-11
2.91208e-11
2.91208e-11
2.91208e-11
2.91208e-11
2.91208e-11
2.91208e-11
2.91208e-11
2.91208e-11
2.91208e-11
2.91208e-11
2.91208e-11
2.91208e-11
2.91208e-11
2.91208e-11
2.91208e-11
2.91208e-11
2.91208e-11
2.91208e-11
2.91208e-11
2.91208e-11
2.91208e-11
2.91208e-11
2.91208e-11
2.91208e-11
2.91208e-11
2.91208e-11
2.91208e-11
2.91208e-11
2.91208e-11
2.91208e-11
2.91208e-11
2.91208e-11
2.91208e-11
2.91208e-11
2.91208e-11
2.91208e-11
2.91208e-11
2.91208e-11
2.91208e-11
2.91208e-11
2.91208e-11
2.91208e-11
2.91208e-11
2.91208e-11
2.91208e-11
2.91208e-11
2.91208e-11
2.91208e-11
2.91208e-11
2.91208e-11
2.91208e-11
2.91208e-11
2.91208e-11
2.91208e-11
2.91208e-11
2.91208e-11
2.91208e-11
2.91208e-11
2.91208e-11
2.91208e-11
2.91208e-11
2.91208e-11
2.91208e-11
2.91208e-11
2.91208e-11
2.91208e-11
2.91208e-11
2.91208e-11
2.91208e-11
2.91208e-11
2.91208e-11
2.91208e-11
2.91208e-11
2.91208e-11
2.91208e-11
2.91208e-11
2.91208e-11
2.91208e-11
2.91208e-11
2.91208e-11
2.91208e-11
2.91208e-11
2.91208e-11
2.91208e-11
2.91208e-11
2.91208e-11
2.91208e-11
2.91208e-11
2.91208e-11
2.91208e-11
2.91208e-11
2.91208e-11
2.91208e-11
2.91208e-11
2.91208e-11
2.91208e-11
2.91208e-11
2.91208e-11
2.91208e-11
2.91208e-11
2.91208e-11
2.91208e-11
2.91208e-11
2.91208e-11
2.91208e-11
2.91208e-11
2.91208e-11
2.91208e-11
2.91208e-11
2.91208e-11
2.91208e-11
2.91208e-11
2.91208e-11
2.91208e-11
2.91208e-11
2.91208e-11
2.91208e-11
2.91208e-11
2.91208e-11
2.91208e-11
2.91208e-11
2.91208e-11
2.91208e-11
2.91208e-11
2.91208e-11
2.91208e-11
2.91208e-11
2.91208e-11
2.91208e-11
2.91208e-11
2.91208e-11
2.91208e-11
2.91208e-11
2.91208e-11
2.91208e-11
2.91208e-11
2.91208e-11
2.91208e-11
2.91208e-11
2.91208e-11
2.91208e-11
2.91208e-11
2.91208e-11
2.91208e-11
2.91208e-11
2.91208e-11
2.91208e-11
2.91208e-11
2.91208e-11
2.91208e-11
2.91208e-11
2.91208e-11
2.91208e-11
2.91208e-11
2.91208e-11
2.91208e-11
2.91208e-11
2.91208e-11
2.91208e-11
2.91208e-11
2.91208e-11
2.91208e-11
2.91208e-11
2.91208e-11
2.91208e-11
2.91208e-11
2.91208e-11
2.91208e-11
2.91208e-11
2.91208e-11
2.91208e-11
2.91208e-11
2.91208e-11
2.91208e-11
2.91208e-11
2.91208e-11
2.91208e-11
2.91208e-11
2.91208e-11
2.91208e-11
2.91208e-11
2.91208e-11
2.91208e-11
2.91208e-11
2.91208e-11
2.91208e-11
2.91208e-11
2.91208e-11
2.91208e-11
2.91208e-11
2.91208e-11
2.91208e-11
2.91208e-11
2.91208e-11
2.91208e-11
2.91208e-11
2.91208e-11
2.91208e-11
2.91208e-11
2.91208e-11
2.91208e-11
2.91208e-11
2.91208e-11
2.91208e-11
2.91208e-11
2.91208e-11
2.91208e-11
2.91208e-11
2.91208e-11
2.91208e-11
2.91208e-11
2.91208e-11
2.91208e-11
2.91208e-11
2.91208e-11
2.91208e-11
2.91208e-11
2.91208e-11
2.91208e-11
2.91208e-11
2.91208e-11
2.91208e-11
2.91208e-11
2.91208e-11
2.91208e-11
2.91208e-11
2.91208e-11
2.91208e-11
2.91208e-11
2.91208e-11
2.91208e-11
2.91208e-11
2.91208e-11
2.91208e-11
2.91208e-11
2.91208e-11
2.91208e-11
2.91208e-11
2.91208e-11
2.91208e-11
2.91208e-11
2.91208e-11
2.91208e-11
2.91208e-11
2.91208e-11
2.91208e-11
2.91208e-11
2.91208e-11
2.91208e-11
2.91208e-11
2.91208e-11
2.91208e-11
)
;

boundaryField
{
    inlet
    {
        type            calculated;
        value           uniform 0;
    }
    outlet
    {
        type            calculated;
        value           uniform 2.91208e-11;
    }
    emptyWalls
    {
        type            empty;
        value           nonuniform List<scalar> 0();
    }
}


// ************************************************************************* //
