/*--------------------------------*- C++ -*----------------------------------*\
  =========                 |
  \\      /  F ield         | OpenFOAM: The Open Source CFD Toolbox
   \\    /   O peration     | Website:  https://openfoam.org
    \\  /    A nd           | Version:  9
     \\/     M anipulation  |
\*---------------------------------------------------------------------------*/
FoamFile
{
    format      ascii;
    class       volVectorField;
    location    "17.8";
    object      Uc;
}
// * * * * * * * * * * * * * * * * * * * * * * * * * * * * * * * * * * * * * //

dimensions      [0 0 0 0 0 0 0];

internalField   nonuniform List<vector> 
1000
(
(2.25048e-07 0 0)
(8.12659e-07 0 0)
(1.66469e-06 0 0)
(2.76523e-06 0 0)
(4.10555e-06 0 0)
(5.67963e-06 0 0)
(7.48288e-06 0 0)
(9.51147e-06 0 0)
(1.17621e-05 0 0)
(1.42319e-05 0 0)
(1.69182e-05 0 0)
(1.98186e-05 0 0)
(2.29306e-05 0 0)
(2.62523e-05 0 0)
(2.97814e-05 0 0)
(3.3516e-05 0 0)
(3.74542e-05 0 0)
(4.15941e-05 0 0)
(4.5934e-05 0 0)
(5.04722e-05 0 0)
(5.52068e-05 0 0)
(6.01364e-05 0 0)
(6.52592e-05 0 0)
(7.05737e-05 0 0)
(7.60784e-05 0 0)
(8.17716e-05 0 0)
(8.76521e-05 0 0)
(9.37182e-05 0 0)
(9.99685e-05 0 0)
(0.000106402 0 0)
(0.000113016 0 0)
(0.000119811 0 0)
(0.000126785 0 0)
(0.000133936 0 0)
(0.000141263 0 0)
(0.000148765 0 0)
(0.00015644 0 0)
(0.000164288 0 0)
(0.000172307 0 0)
(0.000180495 0 0)
(0.000188853 0 0)
(0.000197377 0 0)
(0.000206069 0 0)
(0.000214925 0 0)
(0.000223945 0 0)
(0.000233128 0 0)
(0.000242473 0 0)
(0.000251979 0 0)
(0.000261644 0 0)
(0.000271468 0 0)
(0.000281449 0 0)
(0.000291587 0 0)
(0.00030188 0 0)
(0.000312327 0 0)
(0.000322928 0 0)
(0.000333681 0 0)
(0.000344585 0 0)
(0.000355639 0 0)
(0.000366843 0 0)
(0.000378196 0 0)
(0.000389696 0 0)
(0.000401342 0 0)
(0.000413134 0 0)
(0.000425071 0 0)
(0.000437151 0 0)
(0.000449375 0 0)
(0.00046174 0 0)
(0.000474247 0 0)
(0.000486893 0 0)
(0.000499679 0 0)
(0.000512604 0 0)
(0.000525666 0 0)
(0.000538865 0 0)
(0.0005522 0 0)
(0.00056567 0 0)
(0.000579275 0 0)
(0.000593013 0 0)
(0.000606884 0 0)
(0.000620887 0 0)
(0.000635021 0 0)
(0.000649286 0 0)
(0.00066368 0 0)
(0.000678203 0 0)
(0.000692855 0 0)
(0.000707633 0 0)
(0.000722539 0 0)
(0.00073757 0 0)
(0.000752727 0 0)
(0.000768008 0 0)
(0.000783413 0 0)
(0.000798941 0 0)
(0.000814591 0 0)
(0.000830363 0 0)
(0.000846256 0 0)
(0.000862269 0 0)
(0.000878403 0 0)
(0.000894655 0 0)
(0.000911025 0 0)
(0.000927513 0 0)
(0.000944118 0 0)
(0.00096084 0 0)
(0.000977677 0 0)
(0.00099463 0 0)
(0.0010117 0 0)
(0.00102888 0 0)
(0.00104617 0 0)
(0.00106358 0 0)
(0.0010811 0 0)
(0.00109873 0 0)
(0.00111647 0 0)
(0.00113432 0 0)
(0.00115228 0 0)
(0.00117035 0 0)
(0.00118853 0 0)
(0.00120682 0 0)
(0.00122521 0 0)
(0.00124372 0 0)
(0.00126232 0 0)
(0.00128104 0 0)
(0.00129986 0 0)
(0.00131878 0 0)
(0.00133781 0 0)
(0.00135694 0 0)
(0.00137617 0 0)
(0.00139551 0 0)
(0.00141495 0 0)
(0.00143449 0 0)
(0.00145413 0 0)
(0.00147387 0 0)
(0.00149371 0 0)
(0.00151366 0 0)
(0.0015337 0 0)
(0.00155384 0 0)
(0.00157407 0 0)
(0.00159441 0 0)
(0.00161484 0 0)
(0.00163537 0 0)
(0.00165599 0 0)
(0.00167671 0 0)
(0.00169753 0 0)
(0.00171844 0 0)
(0.00173945 0 0)
(0.00176055 0 0)
(0.00178174 0 0)
(0.00180302 0 0)
(0.0018244 0 0)
(0.00184587 0 0)
(0.00186743 0 0)
(0.00188909 0 0)
(0.00191083 0 0)
(0.00193266 0 0)
(0.00195459 0 0)
(0.0019766 0 0)
(0.00199871 0 0)
(0.0020209 0 0)
(0.00204318 0 0)
(0.00206554 0 0)
(0.002088 0 0)
(0.00211054 0 0)
(0.00213317 0 0)
(0.00215589 0 0)
(0.00217869 0 0)
(0.00220158 0 0)
(0.00222455 0 0)
(0.00224761 0 0)
(0.00227075 0 0)
(0.00229397 0 0)
(0.00231728 0 0)
(0.00234068 0 0)
(0.00236415 0 0)
(0.00238771 0 0)
(0.00241135 0 0)
(0.00243507 0 0)
(0.00245888 0 0)
(0.00248276 0 0)
(0.00250673 0 0)
(0.00253077 0 0)
(0.0025549 0 0)
(0.00257911 0 0)
(0.00260339 0 0)
(0.00262776 0 0)
(0.0026522 0 0)
(0.00267672 0 0)
(0.00270132 0 0)
(0.002726 0 0)
(0.00275075 0 0)
(0.00277559 0 0)
(0.0028005 0 0)
(0.00282548 0 0)
(0.00285054 0 0)
(0.00287568 0 0)
(0.00290089 0 0)
(0.00292618 0 0)
(0.00295154 0 0)
(0.00297698 0 0)
(0.00300249 0 0)
(0.00302808 0 0)
(0.00305374 0 0)
(0.00307947 0 0)
(0.00310528 0 0)
(0.00313115 0 0)
(0.0031571 0 0)
(0.00318313 0 0)
(0.00320922 0 0)
(0.00323539 0 0)
(0.00326163 0 0)
(0.00328794 0 0)
(0.00331432 0 0)
(0.00334077 0 0)
(0.00336729 0 0)
(0.00339388 0 0)
(0.00342054 0 0)
(0.00344727 0 0)
(0.00347406 0 0)
(0.00350093 0 0)
(0.00352787 0 0)
(0.00355487 0 0)
(0.00358194 0 0)
(0.00360908 0 0)
(0.00363629 0 0)
(0.00366357 0 0)
(0.00369091 0 0)
(0.00371832 0 0)
(0.00374579 0 0)
(0.00377333 0 0)
(0.00380094 0 0)
(0.00382861 0 0)
(0.00385635 0 0)
(0.00388416 0 0)
(0.00391203 0 0)
(0.00393996 0 0)
(0.00396796 0 0)
(0.00399602 0 0)
(0.00402415 0 0)
(0.00405234 0 0)
(0.00408059 0 0)
(0.00410891 0 0)
(0.00413729 0 0)
(0.00416573 0 0)
(0.00419424 0 0)
(0.00422281 0 0)
(0.00425144 0 0)
(0.00428013 0 0)
(0.00430888 0 0)
(0.0043377 0 0)
(0.00436658 0 0)
(0.00439551 0 0)
(0.00442451 0 0)
(0.00445357 0 0)
(0.00448269 0 0)
(0.00451187 0 0)
(0.00454111 0 0)
(0.00457041 0 0)
(0.00459977 0 0)
(0.00462919 0 0)
(0.00465867 0 0)
(0.00468821 0 0)
(0.0047178 0 0)
(0.00474746 0 0)
(0.00477717 0 0)
(0.00480694 0 0)
(0.00483677 0 0)
(0.00486666 0 0)
(0.0048966 0 0)
(0.00492661 0 0)
(0.00495667 0 0)
(0.00498678 0 0)
(0.00501695 0 0)
(0.00504718 0 0)
(0.00507747 0 0)
(0.00510781 0 0)
(0.00513821 0 0)
(0.00516866 0 0)
(0.00519917 0 0)
(0.00522974 0 0)
(0.00526036 0 0)
(0.00529103 0 0)
(0.00532177 0 0)
(0.00535255 0 0)
(0.00538339 0 0)
(0.00541428 0 0)
(0.00544523 0 0)
(0.00547623 0 0)
(0.00550729 0 0)
(0.0055384 0 0)
(0.00556956 0 0)
(0.00560078 0 0)
(0.00563205 0 0)
(0.00566337 0 0)
(0.00569475 0 0)
(0.00572618 0 0)
(0.00575766 0 0)
(0.00578919 0 0)
(0.00582078 0 0)
(0.00585241 0 0)
(0.0058841 0 0)
(0.00591584 0 0)
(0.00594763 0 0)
(0.00597948 0 0)
(0.00601137 0 0)
(0.00604332 0 0)
(0.00607531 0 0)
(0.00610736 0 0)
(0.00613946 0 0)
(0.00617161 0 0)
(0.00620381 0 0)
(0.00623605 0 0)
(0.00626835 0 0)
(0.0063007 0 0)
(0.0063331 0 0)
(0.00636555 0 0)
(0.00639804 0 0)
(0.00643059 0 0)
(0.00646318 0 0)
(0.00649583 0 0)
(0.00652852 0 0)
(0.00656126 0 0)
(0.00659405 0 0)
(0.00662689 0 0)
(0.00665977 0 0)
(0.0066927 0 0)
(0.00672569 0 0)
(0.00675871 0 0)
(0.00679179 0 0)
(0.00682492 0 0)
(0.00685809 0 0)
(0.00689131 0 0)
(0.00692457 0 0)
(0.00695788 0 0)
(0.00699124 0 0)
(0.00702465 0 0)
(0.0070581 0 0)
(0.0070916 0 0)
(0.00712514 0 0)
(0.00715873 0 0)
(0.00719237 0 0)
(0.00722605 0 0)
(0.00725978 0 0)
(0.00729356 0 0)
(0.00732738 0 0)
(0.00736124 0 0)
(0.00739515 0 0)
(0.0074291 0 0)
(0.0074631 0 0)
(0.00749715 0 0)
(0.00753124 0 0)
(0.00756537 0 0)
(0.00759955 0 0)
(0.00763377 0 0)
(0.00766804 0 0)
(0.00770235 0 0)
(0.0077367 0 0)
(0.0077711 0 0)
(0.00780554 0 0)
(0.00784003 0 0)
(0.00787456 0 0)
(0.00790913 0 0)
(0.00794374 0 0)
(0.0079784 0 0)
(0.0080131 0 0)
(0.00804785 0 0)
(0.00808263 0 0)
(0.00811746 0 0)
(0.00815234 0 0)
(0.00818725 0 0)
(0.00822221 0 0)
(0.00825721 0 0)
(0.00829225 0 0)
(0.00832733 0 0)
(0.00836245 0 0)
(0.00839762 0 0)
(0.00843283 0 0)
(0.00846808 0 0)
(0.00850337 0 0)
(0.0085387 0 0)
(0.00857408 0 0)
(0.00860949 0 0)
(0.00864495 0 0)
(0.00868044 0 0)
(0.00871598 0 0)
(0.00875156 0 0)
(0.00878717 0 0)
(0.00882283 0 0)
(0.00885853 0 0)
(0.00889427 0 0)
(0.00893005 0 0)
(0.00896587 0 0)
(0.00900173 0 0)
(0.00903763 0 0)
(0.00907357 0 0)
(0.00910955 0 0)
(0.00914556 0 0)
(0.00918162 0 0)
(0.00921772 0 0)
(0.00925385 0 0)
(0.00929003 0 0)
(0.00932624 0 0)
(0.0093625 0 0)
(0.00939879 0 0)
(0.00943512 0 0)
(0.00947149 0 0)
(0.0095079 0 0)
(0.00954434 0 0)
(0.00958083 0 0)
(0.00961735 0 0)
(0.00965391 0 0)
(0.00969051 0 0)
(0.00972715 0 0)
(0.00976382 0 0)
(0.00980054 0 0)
(0.00983729 0 0)
(0.00987407 0 0)
(0.0099109 0 0)
(0.00994776 0 0)
(0.00998466 0 0)
(0.0100216 0 0)
(0.0100586 0 0)
(0.0100956 0 0)
(0.0101326 0 0)
(0.0101697 0 0)
(0.0102068 0 0)
(0.010244 0 0)
(0.0102812 0 0)
(0.0103184 0 0)
(0.0103557 0 0)
(0.010393 0 0)
(0.0104304 0 0)
(0.0104677 0 0)
(0.0105051 0 0)
(0.0105426 0 0)
(0.0105801 0 0)
(0.0106176 0 0)
(0.0106552 0 0)
(0.0106928 0 0)
(0.0107304 0 0)
(0.0107681 0 0)
(0.0108058 0 0)
(0.0108435 0 0)
(0.0108813 0 0)
(0.0109191 0 0)
(0.0109569 0 0)
(0.0109948 0 0)
(0.0110327 0 0)
(0.0110707 0 0)
(0.0111086 0 0)
(0.0111467 0 0)
(0.0111847 0 0)
(0.0112228 0 0)
(0.0112609 0 0)
(0.0112991 0 0)
(0.0113373 0 0)
(0.0113755 0 0)
(0.0114137 0 0)
(0.011452 0 0)
(0.0114904 0 0)
(0.0115287 0 0)
(0.0115671 0 0)
(0.0116055 0 0)
(0.011644 0 0)
(0.0116825 0 0)
(0.011721 0 0)
(0.0117596 0 0)
(0.0117982 0 0)
(0.0118368 0 0)
(0.0118755 0 0)
(0.0119142 0 0)
(0.0119529 0 0)
(0.0119917 0 0)
(0.0120305 0 0)
(0.0120693 0 0)
(0.0121082 0 0)
(0.0121471 0 0)
(0.012186 0 0)
(0.012225 0 0)
(0.0122639 0 0)
(0.012303 0 0)
(0.012342 0 0)
(0.0123811 0 0)
(0.0124203 0 0)
(0.0124594 0 0)
(0.0124986 0 0)
(0.0125378 0 0)
(0.0125771 0 0)
(0.0126164 0 0)
(0.0126557 0 0)
(0.012695 0 0)
(0.0127344 0 0)
(0.0127738 0 0)
(0.0128133 0 0)
(0.0128527 0 0)
(0.0128923 0 0)
(0.0129318 0 0)
(0.0129714 0 0)
(0.013011 0 0)
(0.0130506 0 0)
(0.0130903 0 0)
(0.01313 0 0)
(0.0131697 0 0)
(0.0132095 0 0)
(0.0132492 0 0)
(0.0132891 0 0)
(0.0133289 0 0)
(0.0133688 0 0)
(0.0134087 0 0)
(0.0134487 0 0)
(0.0134886 0 0)
(0.0135287 0 0)
(0.0135687 0 0)
(0.0136088 0 0)
(0.0136489 0 0)
(0.013689 0 0)
(0.0137291 0 0)
(0.0137693 0 0)
(0.0138096 0 0)
(0.0138498 0 0)
(0.0138901 0 0)
(0.0139304 0 0)
(0.0139707 0 0)
(0.0140111 0 0)
(0.0140515 0 0)
(0.0140919 0 0)
(0.0141324 0 0)
(0.0141729 0 0)
(0.0142134 0 0)
(0.014254 0 0)
(0.0142945 0 0)
(0.0143352 0 0)
(0.0143758 0 0)
(0.0144165 0 0)
(0.0144572 0 0)
(0.0144979 0 0)
(0.0145386 0 0)
(0.0145794 0 0)
(0.0146202 0 0)
(0.0146611 0 0)
(0.014702 0 0)
(0.0147429 0 0)
(0.0147838 0 0)
(0.0148248 0 0)
(0.0148657 0 0)
(0.0149068 0 0)
(0.0149478 0 0)
(0.0149889 0 0)
(0.01503 0 0)
(0.0150711 0 0)
(0.0151123 0 0)
(0.0151535 0 0)
(0.0151947 0 0)
(0.0152359 0 0)
(0.0152772 0 0)
(0.0153185 0 0)
(0.0153598 0 0)
(0.0154012 0 0)
(0.0154426 0 0)
(0.015484 0 0)
(0.0155255 0 0)
(0.0155669 0 0)
(0.0156084 0 0)
(0.01565 0 0)
(0.0156915 0 0)
(0.0157331 0 0)
(0.0157747 0 0)
(0.0158163 0 0)
(0.015858 0 0)
(0.0158997 0 0)
(0.0159414 0 0)
(0.0159832 0 0)
(0.016025 0 0)
(0.0160668 0 0)
(0.0161086 0 0)
(0.0161505 0 0)
(0.0161923 0 0)
(0.0162343 0 0)
(0.0162762 0 0)
(0.0163182 0 0)
(0.0163602 0 0)
(0.0164022 0 0)
(0.0164443 0 0)
(0.0164863 0 0)
(0.0165284 0 0)
(0.0165706 0 0)
(0.0166127 0 0)
(0.0166549 0 0)
(0.0166971 0 0)
(0.0167394 0 0)
(0.0167816 0 0)
(0.0168239 0 0)
(0.0168662 0 0)
(0.0169086 0 0)
(0.016951 0 0)
(0.0169934 0 0)
(0.0170358 0 0)
(0.0170782 0 0)
(0.0171207 0 0)
(0.0171632 0 0)
(0.0172058 0 0)
(0.0172483 0 0)
(0.0172909 0 0)
(0.0173335 0 0)
(0.0173762 0 0)
(0.0174188 0 0)
(0.0174615 0 0)
(0.0175042 0 0)
(0.017547 0 0)
(0.0175897 0 0)
(0.0176325 0 0)
(0.0176753 0 0)
(0.0177182 0 0)
(0.0177611 0 0)
(0.017804 0 0)
(0.0178469 0 0)
(0.0178898 0 0)
(0.0179328 0 0)
(0.0179758 0 0)
(0.0180188 0 0)
(0.0180619 0 0)
(0.018105 0 0)
(0.0181481 0 0)
(0.0181912 0 0)
(0.0182343 0 0)
(0.0182775 0 0)
(0.0183207 0 0)
(0.018364 0 0)
(0.0184072 0 0)
(0.0184505 0 0)
(0.0184938 0 0)
(0.0185371 0 0)
(0.0185805 0 0)
(0.0186239 0 0)
(0.0186673 0 0)
(0.0187107 0 0)
(0.0187541 0 0)
(0.0187976 0 0)
(0.0188411 0 0)
(0.0188847 0 0)
(0.0189282 0 0)
(0.0189718 0 0)
(0.0190154 0 0)
(0.019059 0 0)
(0.0191027 0 0)
(0.0191464 0 0)
(0.0191901 0 0)
(0.0192338 0 0)
(0.0192776 0 0)
(0.0193213 0 0)
(0.0193651 0 0)
(0.019409 0 0)
(0.0194528 0 0)
(0.0194967 0 0)
(0.0195406 0 0)
(0.0195845 0 0)
(0.0196285 0 0)
(0.0196724 0 0)
(0.0197164 0 0)
(0.0197605 0 0)
(0.0198045 0 0)
(0.0198486 0 0)
(0.0198927 0 0)
(0.0199368 0 0)
(0.0199809 0 0)
(0.0200251 0 0)
(0.0200693 0 0)
(0.0201135 0 0)
(0.0201577 0 0)
(0.020202 0 0)
(0.0202463 0 0)
(0.0202906 0 0)
(0.0203349 0 0)
(0.0203793 0 0)
(0.0204237 0 0)
(0.0204681 0 0)
(0.0205125 0 0)
(0.020557 0 0)
(0.0206014 0 0)
(0.0206459 0 0)
(0.0206905 0 0)
(0.020735 0 0)
(0.0207796 0 0)
(0.0208242 0 0)
(0.0208688 0 0)
(0.0209134 0 0)
(0.0209581 0 0)
(0.0210028 0 0)
(0.0210475 0 0)
(0.0210922 0 0)
(0.021137 0 0)
(0.0211818 0 0)
(0.0212266 0 0)
(0.0212714 0 0)
(0.0213163 0 0)
(0.0213611 0 0)
(0.021406 0 0)
(0.021451 0 0)
(0.0214959 0 0)
(0.0215409 0 0)
(0.0215859 0 0)
(0.0216309 0 0)
(0.0216759 0 0)
(0.021721 0 0)
(0.0217661 0 0)
(0.0218112 0 0)
(0.0218563 0 0)
(0.0219014 0 0)
(0.0219466 0 0)
(0.0219918 0 0)
(0.022037 0 0)
(0.0220823 0 0)
(0.0221275 0 0)
(0.0221728 0 0)
(0.0222181 0 0)
(0.0222635 0 0)
(0.0223088 0 0)
(0.0223542 0 0)
(0.0223996 0 0)
(0.022445 0 0)
(0.0224905 0 0)
(0.022536 0 0)
(0.0225814 0 0)
(0.022627 0 0)
(0.0226725 0 0)
(0.0227181 0 0)
(0.0227636 0 0)
(0.0228092 0 0)
(0.0228549 0 0)
(0.0229005 0 0)
(0.0229462 0 0)
(0.0229919 0 0)
(0.0230376 0 0)
(0.0230833 0 0)
(0.0231291 0 0)
(0.0231749 0 0)
(0.0232207 0 0)
(0.0232665 0 0)
(0.0233124 0 0)
(0.0233582 0 0)
(0.0234041 0 0)
(0.02345 0 0)
(0.023496 0 0)
(0.0235419 0 0)
(0.0235879 0 0)
(0.0236339 0 0)
(0.02368 0 0)
(0.023726 0 0)
(0.0237721 0 0)
(0.0238182 0 0)
(0.0238643 0 0)
(0.0239104 0 0)
(0.0239566 0 0)
(0.0240027 0 0)
(0.0240489 0 0)
(0.0240952 0 0)
(0.0241414 0 0)
(0.0241877 0 0)
(0.024234 0 0)
(0.0242803 0 0)
(0.0243266 0 0)
(0.024373 0 0)
(0.0244193 0 0)
(0.0244657 0 0)
(0.0245121 0 0)
(0.0245586 0 0)
(0.024605 0 0)
(0.0246515 0 0)
(0.024698 0 0)
(0.0247446 0 0)
(0.0247911 0 0)
(0.0248377 0 0)
(0.0248843 0 0)
(0.0249309 0 0)
(0.0249775 0 0)
(0.0250242 0 0)
(0.0250708 0 0)
(0.0251175 0 0)
(0.0251642 0 0)
(0.025211 0 0)
(0.0252577 0 0)
(0.0253045 0 0)
(0.0253513 0 0)
(0.0253981 0 0)
(0.025445 0 0)
(0.0254919 0 0)
(0.0255387 0 0)
(0.0255857 0 0)
(0.0256326 0 0)
(0.0256795 0 0)
(0.0257265 0 0)
(0.0257735 0 0)
(0.0258205 0 0)
(0.0258676 0 0)
(0.0259146 0 0)
(0.0259617 0 0)
(0.0260088 0 0)
(0.0260559 0 0)
(0.026103 0 0)
(0.0261502 0 0)
(0.0261974 0 0)
(0.0262446 0 0)
(0.0262918 0 0)
(0.0263391 0 0)
(0.0263863 0 0)
(0.0264336 0 0)
(0.0264809 0 0)
(0.0265282 0 0)
(0.0265756 0 0)
(0.026623 0 0)
(0.0266704 0 0)
(0.0267178 0 0)
(0.0267652 0 0)
(0.0268127 0 0)
(0.0268601 0 0)
(0.0269076 0 0)
(0.0269551 0 0)
(0.0270027 0 0)
(0.0270502 0 0)
(0.0270978 0 0)
(0.0271454 0 0)
(0.027193 0 0)
(0.0272407 0 0)
(0.0272883 0 0)
(0.027336 0 0)
(0.0273837 0 0)
(0.0274314 0 0)
(0.0274792 0 0)
(0.0275269 0 0)
(0.0275747 0 0)
(0.0276225 0 0)
(0.0276703 0 0)
(0.0277182 0 0)
(0.027766 0 0)
(0.0278139 0 0)
(0.0278618 0 0)
(0.0279098 0 0)
(0.0279577 0 0)
(0.0280057 0 0)
(0.0280537 0 0)
(0.0281017 0 0)
(0.0281497 0 0)
(0.0281977 0 0)
(0.0282458 0 0)
(0.0282939 0 0)
(0.028342 0 0)
(0.0283901 0 0)
(0.0284383 0 0)
(0.0284865 0 0)
(0.0285346 0 0)
(0.0285829 0 0)
(0.0286311 0 0)
(0.0286793 0 0)
(0.0287276 0 0)
(0.0287759 0 0)
(0.0288242 0 0)
(0.0288725 0 0)
(0.0289209 0 0)
(0.0289693 0 0)
(0.0290177 0 0)
(0.0290661 0 0)
(0.0291145 0 0)
(0.0291629 0 0)
(0.0292114 0 0)
(0.0292599 0 0)
(0.0293084 0 0)
(0.029357 0 0)
(0.0294055 0 0)
(0.0294541 0 0)
(0.0295027 0 0)
(0.0295513 0 0)
(0.0295999 0 0)
(0.0296486 0 0)
(0.0296972 0 0)
(0.0297459 0 0)
(0.0297946 0 0)
(0.0298434 0 0)
(0.0298921 0 0)
(0.0299409 0 0)
(0.0299897 0 0)
(0.0300385 0 0)
(0.0300873 0 0)
(0.0301362 0 0)
(0.030185 0 0)
(0.0302339 0 0)
(0.0302828 0 0)
(0.0303318 0 0)
(0.0303807 0 0)
(0.0304297 0 0)
(0.0304787 0 0)
(0.0305277 0 0)
(0.0305767 0 0)
(0.0306258 0 0)
(0.0306748 0 0)
(0.0307239 0 0)
(0.030773 0 0)
(0.0308222 0 0)
(0.0308713 0 0)
(0.0309205 0 0)
(0.0309697 0 0)
(0.0310189 0 0)
(0.0310681 0 0)
(0.0311173 0 0)
(0.0311666 0 0)
(0.0312159 0 0)
(0.0312652 0 0)
(0.0313145 0 0)
(0.0313639 0 0)
(0.0314132 0 0)
(0.0314626 0 0)
(0.031512 0 0)
(0.0315614 0 0)
(0.0316109 0 0)
(0.0316603 0 0)
(0.0317098 0 0)
(0.0317593 0 0)
(0.0318088 0 0)
(0.0318584 0 0)
(0.0319079 0 0)
(0.0319575 0 0)
(0.0320071 0 0)
(0.0320567 0 0)
(0.0321064 0 0)
(0.032156 0 0)
(0.0322057 0 0)
(0.0322554 0 0)
(0.0323051 0 0)
(0.0323549 0 0)
(0.0324046 0 0)
(0.0324544 0 0)
(0.0325042 0 0)
(0.032554 0 0)
(0.0326038 0 0)
(0.0326537 0 0)
(0.0327035 0 0)
(0.0327534 0 0)
(0.0328033 0 0)
(0.0328533 0 0)
(0.0329032 0 0)
(0.0329532 0 0)
(0.0330032 0 0)
(0.0330532 0 0)
(0.0331032 0 0)
(0.0331533 0 0)
(0.0332033 0 0)
(0.0332534 0 0)
(0.0333035 0 0)
(0.0333536 0 0)
(0.0334038 0 0)
(0.0334539 0 0)
(0.0335041 0 0)
(0.0335543 0 0)
(0.0336045 0 0)
(0.0336548 0 0)
(0.033705 0 0)
(0.0337553 0 0)
(0.0338056 0 0)
(0.0338559 0 0)
(0.0339063 0 0)
(0.0339566 0 0)
(0.034007 0 0)
(0.0340574 0 0)
(0.0341078 0 0)
(0.0341583 0 0)
(0.0342087 0 0)
(0.0342592 0 0)
(0.0343097 0 0)
(0.0343602 0 0)
(0.0344107 0 0)
(0.0344613 0 0)
(0.0345118 0 0)
(0.0345624 0 0)
(0.034613 0 0)
(0.0346636 0 0)
(0.0347143 0 0)
(0.034765 0 0)
(0.0348156 0 0)
(0.0348663 0 0)
(0.0349171 0 0)
(0.0349678 0 0)
(0.0350186 0 0)
(0.0350694 0 0)
(0.0351202 0 0)
(0.035171 0 0)
(0.0352218 0 0)
(0.0352727 0 0)
(0.0353236 0 0)
(0.0353744 0 0)
(0.0354254 0 0)
(0.0354763 0 0)
(0.0355273 0 0)
(0.0355782 0 0)
(0.0356292 0 0)
(0.0356802 0 0)
(0.0357313 0 0)
(0.0357823 0 0)
(0.0358334 0 0)
(0.0358845 0 0)
(0.0359356 0 0)
(0.0359867 0 0)
(0.0360379 0 0)
(0.036089 0 0)
(0.0361402 0 0)
(0.0361914 0 0)
(0.0362426 0 0)
)
;

boundaryField
{
    inlet
    {
        type            fixedValue;
        value           uniform (0 0 0);
    }
    outlet
    {
        type            zeroGradient;
    }
    emptyWalls
    {
        type            empty;
    }
}


// ************************************************************************* //
