/*--------------------------------*- C++ -*----------------------------------*\
  =========                 |
  \\      /  F ield         | OpenFOAM: The Open Source CFD Toolbox
   \\    /   O peration     | Website:  https://openfoam.org
    \\  /    A nd           | Version:  9
     \\/     M anipulation  |
\*---------------------------------------------------------------------------*/
FoamFile
{
    format      ascii;
    class       volScalarField;
    location    "18.1";
    object      Sa;
}
// * * * * * * * * * * * * * * * * * * * * * * * * * * * * * * * * * * * * * //

dimensions      [0 0 0 0 0 0 0];

internalField   nonuniform List<scalar> 
1000
(
0.499664
0.499457
0.499266
0.499081
0.498902
0.498725
0.498551
0.498379
0.498208
0.498039
0.497872
0.497705
0.49754
0.497376
0.497213
0.49705
0.496889
0.496728
0.496569
0.49641
0.496252
0.496094
0.495938
0.495782
0.495627
0.495472
0.495318
0.495165
0.495013
0.494861
0.49471
0.494559
0.494409
0.49426
0.494111
0.493963
0.493815
0.493668
0.493522
0.493376
0.49323
0.493086
0.492941
0.492798
0.492655
0.492512
0.49237
0.492228
0.492087
0.491947
0.491807
0.491667
0.491528
0.491389
0.491251
0.491114
0.490977
0.49084
0.490704
0.490568
0.490433
0.490298
0.490164
0.49003
0.489897
0.489764
0.489631
0.489499
0.489367
0.489236
0.489105
0.488975
0.488845
0.488716
0.488586
0.488458
0.488329
0.488202
0.488074
0.487947
0.487821
0.487694
0.487568
0.487443
0.487318
0.487193
0.487069
0.486945
0.486821
0.486698
0.486576
0.486453
0.486331
0.486209
0.486088
0.485967
0.485847
0.485726
0.485607
0.485487
0.485368
0.485249
0.485131
0.485012
0.484895
0.484777
0.48466
0.484543
0.484427
0.484311
0.484195
0.48408
0.483965
0.48385
0.483735
0.483621
0.483508
0.483394
0.483281
0.483168
0.483056
0.482943
0.482831
0.48272
0.482608
0.482497
0.482387
0.482276
0.482166
0.482056
0.481947
0.481838
0.481729
0.48162
0.481512
0.481404
0.481296
0.481188
0.481081
0.480974
0.480868
0.480761
0.480655
0.480549
0.480444
0.480339
0.480234
0.480129
0.480024
0.47992
0.479816
0.479713
0.479609
0.479506
0.479403
0.479301
0.479198
0.479096
0.478994
0.478893
0.478791
0.47869
0.478589
0.478489
0.478388
0.478288
0.478188
0.478089
0.477989
0.47789
0.477791
0.477693
0.477594
0.477496
0.477398
0.477301
0.477203
0.477106
0.477009
0.476912
0.476815
0.476719
0.476623
0.476527
0.476431
0.476336
0.476241
0.476146
0.476051
0.475957
0.475862
0.475768
0.475674
0.47558
0.475487
0.475394
0.475301
0.475208
0.475115
0.475023
0.474931
0.474839
0.474747
0.474655
0.474564
0.474473
0.474382
0.474291
0.4742
0.47411
0.47402
0.47393
0.47384
0.47375
0.473661
0.473572
0.473483
0.473394
0.473305
0.473217
0.473129
0.473041
0.472953
0.472865
0.472778
0.47269
0.472603
0.472516
0.47243
0.472343
0.472257
0.47217
0.472084
0.471999
0.471913
0.471827
0.471742
0.471657
0.471572
0.471487
0.471403
0.471318
0.471234
0.47115
0.471066
0.470982
0.470899
0.470815
0.470732
0.470649
0.470566
0.470483
0.470401
0.470319
0.470236
0.470154
0.470072
0.469991
0.469909
0.469828
0.469746
0.469665
0.469584
0.469504
0.469423
0.469343
0.469262
0.469182
0.469102
0.469022
0.468943
0.468863
0.468784
0.468705
0.468626
0.468547
0.468468
0.468389
0.468311
0.468233
0.468154
0.468076
0.467998
0.467921
0.467843
0.467766
0.467689
0.467611
0.467534
0.467458
0.467381
0.467304
0.467228
0.467152
0.467076
0.467
0.466924
0.466848
0.466772
0.466697
0.466622
0.466547
0.466472
0.466397
0.466322
0.466247
0.466173
0.466098
0.466024
0.46595
0.465876
0.465802
0.465729
0.465655
0.465582
0.465509
0.465435
0.465362
0.46529
0.465217
0.465144
0.465072
0.464999
0.464927
0.464855
0.464783
0.464711
0.464639
0.464568
0.464496
0.464425
0.464354
0.464282
0.464211
0.464141
0.46407
0.463999
0.463929
0.463858
0.463788
0.463718
0.463648
0.463578
0.463508
0.463438
0.463369
0.463299
0.46323
0.463161
0.463092
0.463023
0.462954
0.462885
0.462817
0.462748
0.46268
0.462611
0.462543
0.462475
0.462407
0.462339
0.462272
0.462204
0.462137
0.462069
0.462002
0.461935
0.461868
0.461801
0.461734
0.461667
0.461601
0.461534
0.461468
0.461401
0.461335
0.461269
0.461203
0.461137
0.461071
0.461006
0.46094
0.460875
0.460809
0.460744
0.460679
0.460614
0.460549
0.460484
0.460419
0.460355
0.46029
0.460226
0.460161
0.460097
0.460033
0.459969
0.459905
0.459841
0.459777
0.459714
0.45965
0.459587
0.459523
0.45946
0.459397
0.459334
0.459271
0.459208
0.459145
0.459083
0.45902
0.458958
0.458895
0.458833
0.458771
0.458709
0.458647
0.458585
0.458523
0.458461
0.4584
0.458338
0.458277
0.458215
0.458154
0.458093
0.458032
0.457971
0.45791
0.457849
0.457788
0.457727
0.457667
0.457606
0.457546
0.457486
0.457426
0.457365
0.457305
0.457246
0.457186
0.457126
0.457066
0.457007
0.456947
0.456888
0.456828
0.456769
0.45671
0.456651
0.456592
0.456533
0.456474
0.456415
0.456357
0.456298
0.45624
0.456181
0.456123
0.456065
0.456007
0.455948
0.45589
0.455833
0.455775
0.455717
0.455659
0.455602
0.455544
0.455487
0.455429
0.455372
0.455315
0.455258
0.455201
0.455144
0.455087
0.45503
0.454973
0.454917
0.45486
0.454804
0.454747
0.454691
0.454635
0.454579
0.454522
0.454466
0.45441
0.454355
0.454299
0.454243
0.454187
0.454132
0.454076
0.454021
0.453966
0.45391
0.453855
0.4538
0.453745
0.45369
0.453635
0.45358
0.453525
0.453471
0.453416
0.453362
0.453307
0.453253
0.453198
0.453144
0.45309
0.453036
0.452982
0.452928
0.452874
0.45282
0.452766
0.452713
0.452659
0.452605
0.452552
0.452498
0.452445
0.452392
0.452339
0.452285
0.452232
0.452179
0.452126
0.452074
0.452021
0.451968
0.451915
0.451863
0.45181
0.451758
0.451705
0.451653
0.451601
0.451549
0.451496
0.451444
0.451392
0.45134
0.451289
0.451237
0.451185
0.451133
0.451082
0.45103
0.450979
0.450927
0.450876
0.450825
0.450773
0.450722
0.450671
0.45062
0.450569
0.450518
0.450467
0.450417
0.450366
0.450315
0.450265
0.450214
0.450163
0.450113
0.450063
0.450012
0.449962
0.449912
0.449862
0.449812
0.449762
0.449712
0.449662
0.449612
0.449562
0.449513
0.449463
0.449414
0.449364
0.449315
0.449265
0.449216
0.449167
0.449117
0.449068
0.449019
0.44897
0.448921
0.448872
0.448823
0.448774
0.448726
0.448677
0.448628
0.44858
0.448531
0.448483
0.448434
0.448386
0.448338
0.448289
0.448241
0.448193
0.448145
0.448097
0.448049
0.448001
0.447953
0.447905
0.447858
0.44781
0.447762
0.447715
0.447667
0.44762
0.447572
0.447525
0.447478
0.447431
0.447383
0.447336
0.447289
0.447242
0.447195
0.447148
0.447101
0.447054
0.447008
0.446961
0.446914
0.446868
0.446821
0.446775
0.446728
0.446682
0.446635
0.446589
0.446543
0.446497
0.44645
0.446404
0.446358
0.446312
0.446266
0.44622
0.446175
0.446129
0.446083
0.446037
0.445992
0.445946
0.445901
0.445855
0.44581
0.445764
0.445719
0.445674
0.445628
0.445583
0.445538
0.445493
0.445448
0.445403
0.445358
0.445313
0.445268
0.445223
0.445179
0.445134
0.445089
0.445045
0.445
0.444956
0.444911
0.444867
0.444822
0.444778
0.444734
0.444689
0.444645
0.444601
0.444557
0.444513
0.444469
0.444425
0.444381
0.444337
0.444293
0.44425
0.444206
0.444162
0.444119
0.444075
0.444032
0.443988
0.443945
0.443901
0.443858
0.443815
0.443771
0.443728
0.443685
0.443642
0.443599
0.443556
0.443513
0.44347
0.443427
0.443384
0.443341
0.443298
0.443256
0.443213
0.44317
0.443128
0.443085
0.443043
0.443
0.442958
0.442915
0.442873
0.442831
0.442788
0.442746
0.442704
0.442662
0.44262
0.442578
0.442536
0.442494
0.442452
0.44241
0.442368
0.442326
0.442285
0.442243
0.442201
0.44216
0.442118
0.442076
0.442035
0.441994
0.441952
0.441911
0.441869
0.441828
0.441787
0.441746
0.441704
0.441663
0.441622
0.441581
0.44154
0.441499
0.441458
0.441417
0.441377
0.441336
0.441295
0.441254
0.441214
0.441173
0.441132
0.441092
0.441051
0.441011
0.44097
0.44093
0.440889
0.440849
0.440809
0.440769
0.440728
0.440688
0.440648
0.440608
0.440568
0.440528
0.440488
0.440448
0.440408
0.440368
0.440328
0.440288
0.440249
0.440209
0.440169
0.44013
0.44009
0.44005
0.440011
0.439971
0.439932
0.439893
0.439853
0.439814
0.439774
0.439735
0.439696
0.439657
0.439618
0.439578
0.439539
0.4395
0.439461
0.439422
0.439383
0.439344
0.439306
0.439267
0.439228
0.439189
0.43915
0.439112
0.439073
0.439034
0.438996
0.438957
0.438919
0.43888
0.438842
0.438803
0.438765
0.438727
0.438688
0.43865
0.438612
0.438574
0.438536
0.438497
0.438459
0.438421
0.438383
0.438345
0.438307
0.438269
0.438231
0.438194
0.438156
0.438118
0.43808
0.438042
0.438005
0.437967
0.43793
0.437892
0.437854
0.437817
0.437779
0.437742
0.437705
0.437667
0.43763
0.437592
0.437555
0.437518
0.437481
0.437443
0.437406
0.437369
0.437332
0.437295
0.437258
0.437221
0.437184
0.437147
0.43711
0.437073
0.437037
0.437
0.436963
0.436926
0.43689
0.436853
0.436816
0.43678
0.436743
0.436706
0.43667
0.436634
0.436597
0.436561
0.436524
0.436488
0.436452
0.436415
0.436379
0.436343
0.436307
0.43627
0.436234
0.436198
0.436162
0.436126
0.43609
0.436054
0.436018
0.435982
0.435946
0.43591
0.435875
0.435839
0.435803
0.435767
0.435732
0.435696
0.43566
0.435625
0.435589
0.435553
0.435518
0.435482
0.435447
0.435411
0.435376
0.435341
0.435305
0.43527
0.435235
0.435199
0.435164
0.435129
0.435094
0.435059
0.435024
0.434988
0.434953
0.434918
0.434883
0.434848
0.434813
0.434778
0.434744
0.434709
0.434674
0.434639
0.434604
0.43457
0.434535
0.4345
0.434465
0.434431
0.434396
0.434362
0.434327
0.434293
0.434258
0.434224
0.434189
0.434155
0.43412
0.434086
0.434052
0.434017
0.433983
0.433949
0.433915
0.43388
0.433846
0.433812
0.433778
0.433744
0.43371
0.433676
0.433642
0.433608
0.433574
0.43354
0.433506
0.433472
0.433438
0.433405
0.433371
0.433337
0.433303
0.43327
0.433236
0.433202
0.433169
0.433135
0.433102
0.433068
0.433034
0.433001
0.432967
0.432934
0.432901
0.432867
0.432834
0.432801
0.432767
0.432734
0.432701
)
;

boundaryField
{
    inlet
    {
        type            fixedValue;
        value           uniform 0.5;
    }
    outlet
    {
        type            zeroGradient;
    }
    emptyWalls
    {
        type            empty;
    }
}


// ************************************************************************* //
