/*--------------------------------*- C++ -*----------------------------------*\
  =========                 |
  \\      /  F ield         | OpenFOAM: The Open Source CFD Toolbox
   \\    /   O peration     | Website:  https://openfoam.org
    \\  /    A nd           | Version:  9
     \\/     M anipulation  |
\*---------------------------------------------------------------------------*/
FoamFile
{
    format      ascii;
    class       volScalarField;
    location    "2.7";
    object      kra;
}
// * * * * * * * * * * * * * * * * * * * * * * * * * * * * * * * * * * * * * //

dimensions      [0 0 0 0 0 0 0];

internalField   nonuniform List<scalar> 
1000
(
0.0145436
0.0143959
0.0142626
0.0141376
0.0140186
0.0139043
0.0137942
0.0136876
0.0135843
0.013484
0.0133865
0.0132915
0.013199
0.0131088
0.0130207
0.0129347
0.0128506
0.0127684
0.0126879
0.0126092
0.0125321
0.0124566
0.0123825
0.01231
0.0122388
0.0121689
0.0121004
0.0120331
0.011967
0.0119021
0.0118383
0.0117756
0.011714
0.0116533
0.0115937
0.0115351
0.0114773
0.0114205
0.0113646
0.0113095
0.0112553
0.0112019
0.0111492
0.0110974
0.0110462
0.0109958
0.0109461
0.0108971
0.0108488
0.0108011
0.0107541
0.0107077
0.0106619
0.0106167
0.0105721
0.010528
0.0104845
0.0104416
0.0103991
0.0103572
0.0103158
0.0102749
0.0102345
0.0101945
0.010155
0.010116
0.0100774
0.0100393
0.0100016
0.00996425
0.00992736
0.00989086
0.00985476
0.00981905
0.00978371
0.00974875
0.00971415
0.00967991
0.00964602
0.00961247
0.00957926
0.00954639
0.00951384
0.00948161
0.00944969
0.00941808
0.00938677
0.00935577
0.00932505
0.00929463
0.00926448
0.00923461
0.00920502
0.0091757
0.00914664
0.00911784
0.00908929
0.009061
0.00903295
0.00900515
0.00897759
0.00895026
0.00892316
0.0088963
0.00886965
0.00884323
0.00881703
0.00879104
0.00876526
0.00873969
0.00871433
0.00868917
0.0086642
0.00863943
0.00861486
0.00859047
0.00856628
0.00854226
0.00851843
0.00849478
0.0084713
0.008448
0.00842487
0.00840191
0.00837911
0.00835648
0.00833401
0.00831171
0.00828955
0.00826756
0.00824571
0.00822402
0.00820248
0.00818108
0.00815982
0.00813871
0.00811774
0.00809691
0.00807621
0.00805565
0.00803522
0.00801492
0.00799475
0.00797471
0.00795479
0.00793499
0.00791532
0.00789576
0.00787632
0.007857
0.00783779
0.00781869
0.00779971
0.00778083
0.00776205
0.00774339
0.00772482
0.00770635
0.00768799
0.00766972
0.00765154
0.00763346
0.00761547
0.00759757
0.00757975
0.00756202
0.00754437
0.0075268
0.00750931
0.0074919
0.00747455
0.00745728
0.00744007
0.00742292
0.00740584
0.00738881
0.00737184
0.00735492
0.00733804
0.0073212
0.0073044
0.00728763
0.00727089
0.00725416
0.00723745
0.00722075
0.00720404
0.00718732
0.00717058
0.00715381
0.00713699
0.00712012
0.00710317
0.00708612
0.00706897
0.00705167
0.00703422
0.00701657
0.00699868
0.00698052
0.00696203
0.00694316
0.00692382
0.00690394
0.0068834
0.00686207
0.00683979
0.00681634
0.00679147
0.00676483
0.00673595
0.00670424
0.00666883
0.00662853
0.00658158
0.00652532
0.00645546
0.00636479
0.00624006
0.00605462
0.0057477
0.00515882
0.00357193
0.00353513
0.00348868
0.0034121
0.00330746
0.00318359
0.00305139
0.00292394
0.00281596
0.00274208
0.00271388
0.00273547
0.00279898
0.00288392
0.00296404
0.00301867
0.00304002
0.00303198
0.00300452
0.00296846
0.00293288
0.00290431
0.00288655
0.00288086
0.00288608
0.00289912
0.00291573
0.00293164
0.00294351
0.00294963
0.00294991
0.00294555
0.00293844
0.00293061
0.00292376
0.00291905
0.00291695
0.00291735
0.00291961
0.00292289
0.00292629
0.00292908
0.00293084
0.00293145
0.00293106
0.00293
0.00292869
0.00292748
0.00292665
0.00292632
0.00292649
0.00292704
0.00292781
0.0029286
0.00292927
0.0029297
0.00292987
0.00292981
0.00292957
0.00292926
0.00292895
0.00292871
0.00292858
0.00292856
0.00292863
0.00292877
0.00292892
0.00292906
0.00292916
0.00292921
0.00292921
0.00292916
0.0029291
0.00292904
0.00292898
0.00292895
0.00292894
0.00292896
0.00292898
0.00292902
0.00292905
0.00292907
0.00292909
0.00292909
0.00292909
0.00292908
0.00292906
0.00292905
0.00292904
0.00292904
0.00292904
0.00292904
0.00292905
0.00292905
0.00292905
0.00292905
0.00292905
0.00292904
0.00292902
0.00292901
0.00292899
0.00292897
0.00292895
0.00292892
0.00292889
0.00292886
0.00292883
0.00292879
0.00292874
0.0029287
0.00292864
0.00292859
0.00292853
0.00292847
0.00292841
0.00292836
0.0029283
0.00292825
0.0029282
0.00292816
0.00292812
0.0029281
0.00292808
0.00292807
0.00292807
0.00292808
0.00292809
0.00292812
0.00292816
0.0029282
0.00292826
0.00292831
0.00292838
0.00292844
0.00292851
0.00292858
0.00292865
0.00292871
0.00292878
0.00292887
0.00292909
0.0029301
0.00293644
0.00299498
0.00357379
0.00489608
0.00515983
0.00516148
0.00516138
0.0051613
0.00516123
0.00516118
0.00516112
0.00516104
0.00516095
0.00516086
0.00516075
0.00516065
0.00516056
0.00516046
0.00516038
0.0051603
0.00516023
0.00516017
0.00516013
0.00516009
0.00516007
0.00516007
0.00516007
0.00516008
0.0051601
0.00516013
0.00516016
0.0051602
0.00516023
0.00516026
0.00516029
0.00516031
0.00516033
0.00516034
0.00516035
0.00516034
0.00516033
0.00516032
0.00516029
0.00516027
0.00516024
0.00516021
0.00516018
0.00516015
0.00516012
0.0051601
0.00516008
0.00516007
0.00516005
0.00516005
0.00516005
0.00516005
0.00516005
0.00516006
0.00516007
0.00516008
0.00516008
0.00516009
0.00516009
0.00516009
0.00516009
0.00516008
0.00516007
0.00516005
0.00516003
0.00516
0.00515997
0.00515994
0.0051599
0.00515986
0.00515982
0.00515977
0.00515973
0.00515968
0.00515964
0.00515959
0.00515955
0.00515951
0.00515948
0.00515944
0.00515941
0.00515938
0.00515935
0.00515932
0.0051593
0.00515928
0.00515926
0.00515925
0.00515923
0.00515922
0.0051592
0.00515919
0.00515918
0.00515917
0.00515916
0.00515915
0.00515914
0.00515913
0.00515912
0.00515911
0.0051591
0.00515909
0.00515908
0.00515906
0.00515905
0.00515904
0.00515902
0.005159
0.00515899
0.00515897
0.00515895
0.00515893
0.0051589
0.00515888
0.00515886
0.00515883
0.0051588
0.00515878
0.00515875
0.00515872
0.00515869
0.00515867
0.00515864
0.00515861
0.00515858
0.00515856
0.00515853
0.00515851
0.00515849
0.00515847
0.00515845
0.00515844
0.00515842
0.00515841
0.00515841
0.0051584
0.0051584
0.0051584
0.0051584
0.0051584
0.00515841
0.00515841
0.00515842
0.00515843
0.00515844
0.00515845
0.00515846
0.00515847
0.00515847
0.00515848
0.00515849
0.00515849
0.00515849
0.00515849
0.00515849
0.00515848
0.00515848
0.00515846
0.00515845
0.00515843
0.00515842
0.00515839
0.00515837
0.00515834
0.00515831
0.00515828
0.00515825
0.00515822
0.00515818
0.00515814
0.00515811
0.00515807
0.00515803
0.00515799
0.00515796
0.00515792
0.00515789
0.00515785
0.00515782
0.00515779
0.00515776
0.00515773
0.00515771
0.00515769
0.00515766
0.00515765
0.00515763
0.00515761
0.0051576
0.00515759
0.00515758
0.00515757
0.00515756
0.00515756
0.00515751
0.00515552
0.00505348
0.00024896
0
0
0
0
0
0
0
0
0
0
0
0
0
0
0
0
0
0
0
0
0
0
0
0
0
0
0
0
0
0
0
0
0
0
0
0
0
0
0
0
0
0
0
0
0
0
0
0
0
0
0
0
0
0
0
0
0
0
0
0
0
0
0
0
0
0
0
0
0
0
0
0
0
0
0
0
0
0
0
0
0
0
0
0
0
0
0
0
0
0
0
0
0
0
0
0
0
0
0
0
0
0
0
0
0
0
0
0
0
0
0
0
0
0
0
0
0
0
0
0
0
0
0
0
0
0
0
0
0
0
0
0
0
0
0
0
0
0
0
0
0
0
0
0
0
0
0
0
0
0
0
0
0
0
0
0
0
0
0
0
0
0
0
0
0
0
0
0
0
0
0
0
0
0
0
0
0
0
0
0
0
0
0
0
0
0
0
0
0
0
0
0
0
0
0
0
0
0
0
0
0
0
0
0
0
0
0
0
0
0
0
0
0
0
0
0
0
0
0
0
0
0
0
0
0
0
0
0
0
0
0
0
0
0
0
0
0
0
0
0
0
0
0
0
0
0
0
0
0
0
0
0
0
0
0
0
0
0
0
0
0
0
0
0
0
0
0
0
0
0
0
0
0
0
0
0
0
0
0
0
0
0
0
0
0
0
0
0
0
0
0
0
0
0
0
0
0
0
0
0
0
0
0
0
0
0
0
0
0
0
0
0
0
0
0
0
0
0
0
0
0
0
0
0
0
0
0
0
0
0
0
0
0
0
0
0
0
0
0
0
0
0
0
0
0
0
0
0
0
0
0
0
0
0
0
0
0
0
0
0
0
0
0
0
0
0
0
0
0
0
0
0
0
0
0
0
0
0
0
0
0
0
0
0
0
0
0
0
0
0
0
0
0
0
0
0
0
0
0
0
0
0
0
0
0
0
0
0
0
0
0
0
0
0
0
0
0
0
0
0
0
0
0
0
0
0
0
0
0
0
0
0
0
0
)
;

boundaryField
{
    inlet
    {
        type            calculated;
        value           uniform 0.0147929;
    }
    outlet
    {
        type            calculated;
        value           uniform 0;
    }
    emptyWalls
    {
        type            empty;
    }
}


// ************************************************************************* //
