/*--------------------------------*- C++ -*----------------------------------*\
  =========                 |
  \\      /  F ield         | OpenFOAM: The Open Source CFD Toolbox
   \\    /   O peration     | Website:  https://openfoam.org
    \\  /    A nd           | Version:  9
     \\/     M anipulation  |
\*---------------------------------------------------------------------------*/
FoamFile
{
    format      ascii;
    class       volVectorField;
    location    "14000";
    object      Ub;
}
// * * * * * * * * * * * * * * * * * * * * * * * * * * * * * * * * * * * * * //

dimensions      [0 0 0 0 0 0 0];

internalField   nonuniform List<vector> 
100
(
(0 0 5.81221e-06)
(0 0 5.81221e-06)
(0 0 5.81221e-06)
(0 0 5.81221e-06)
(0 0 5.81221e-06)
(0 0 5.81221e-06)
(0 0 5.81221e-06)
(0 0 5.81221e-06)
(0 0 5.81221e-06)
(0 0 5.81221e-06)
(0 0 5.81221e-06)
(0 0 5.81221e-06)
(0 0 5.81221e-06)
(0 0 5.81221e-06)
(0 0 5.81221e-06)
(0 0 5.81221e-06)
(0 0 5.81221e-06)
(0 0 5.81221e-06)
(0 0 5.81221e-06)
(0 0 5.81221e-06)
(0 0 5.81221e-06)
(0 0 5.81221e-06)
(0 0 5.81221e-06)
(0 0 5.81221e-06)
(0 0 5.81221e-06)
(0 0 5.81221e-06)
(0 0 5.81221e-06)
(0 0 5.81221e-06)
(0 0 5.81221e-06)
(0 0 5.81221e-06)
(0 0 5.81221e-06)
(0 0 5.81221e-06)
(0 0 5.81221e-06)
(0 0 5.81221e-06)
(0 0 5.81221e-06)
(0 0 5.81221e-06)
(0 0 5.81221e-06)
(0 0 5.81221e-06)
(0 0 5.81221e-06)
(0 0 5.81221e-06)
(0 0 5.81221e-06)
(0 0 5.81221e-06)
(0 0 5.81221e-06)
(0 0 5.81221e-06)
(0 0 5.81221e-06)
(0 0 5.81221e-06)
(0 0 5.81221e-06)
(0 0 5.81221e-06)
(0 0 5.81221e-06)
(0 0 5.81221e-06)
(0 0 5.81221e-06)
(0 0 5.81221e-06)
(0 0 5.81221e-06)
(0 0 5.81221e-06)
(0 0 5.81221e-06)
(0 0 5.81221e-06)
(0 0 5.81221e-06)
(0 0 5.81221e-06)
(0 0 5.81221e-06)
(0 0 5.81221e-06)
(0 0 5.81221e-06)
(0 0 5.81221e-06)
(0 0 5.81221e-06)
(0 0 5.81221e-06)
(0 0 5.81221e-06)
(0 0 5.81221e-06)
(0 0 5.81221e-06)
(0 0 5.81221e-06)
(0 0 5.81221e-06)
(0 0 6.24174e-06)
(0 0 6.67252e-06)
(0 0 6.65886e-06)
(0 0 6.62707e-06)
(0 0 6.59255e-06)
(0 0 6.55611e-06)
(0 0 6.51798e-06)
(0 0 6.48038e-06)
(0 0 6.44707e-06)
(0 0 6.42245e-06)
(0 0 6.41022e-06)
(0 0 6.41715e-06)
(0 0 6.43324e-06)
(0 0 6.45059e-06)
(0 0 6.47435e-06)
(0 0 6.49948e-06)
(0 0 6.52105e-06)
(0 0 6.53606e-06)
(0 0 6.53979e-06)
(0 0 6.53751e-06)
(0 0 6.5343e-06)
(0 0 6.52688e-06)
(0 0 6.51685e-06)
(0 0 6.5061e-06)
(0 0 6.49627e-06)
(0 0 6.48856e-06)
(0 0 6.48572e-06)
(0 0 6.48555e-06)
(0 0 6.48563e-06)
(0 0 6.48788e-06)
(0 0 6.49183e-06)
)
;

boundaryField
{
    inlet
    {
        type            fixedValue;
        value           uniform (0 0 5.81221e-06);
    }
    outlet
    {
        type            zeroGradient;
    }
    emptyWalls
    {
        type            empty;
    }
}


// ************************************************************************* //
