/*--------------------------------*- C++ -*----------------------------------*\
  =========                 |
  \\      /  F ield         | OpenFOAM: The Open Source CFD Toolbox
   \\    /   O peration     | Website:  https://openfoam.org
    \\  /    A nd           | Version:  9
     \\/     M anipulation  |
\*---------------------------------------------------------------------------*/
FoamFile
{
    format      ascii;
    class       surfaceScalarField;
    location    "15.2";
    object      phic;
}
// * * * * * * * * * * * * * * * * * * * * * * * * * * * * * * * * * * * * * //

dimensions      [0 2 0 0 0 0 0];

internalField   nonuniform List<scalar> 
999
(
6.13863e-07
1.60213e-06
2.9354e-06
4.59882e-06
6.5826e-06
8.87941e-06
1.14832e-05
1.4389e-05
1.75922e-05
2.10887e-05
2.48747e-05
2.89467e-05
3.33014e-05
3.79356e-05
4.28462e-05
4.80303e-05
5.34852e-05
5.9208e-05
6.51962e-05
7.14471e-05
7.79582e-05
8.47272e-05
9.17516e-05
9.9029e-05
0.000106557
0.000114334
0.000122357
0.000130624
0.000139134
0.000147883
0.00015687
0.000166093
0.00017555
0.000185239
0.000195158
0.000205305
0.000215678
0.000226276
0.000237096
0.000248138
0.000259398
0.000270876
0.000282569
0.000294476
0.000306596
0.000318926
0.000331466
0.000344213
0.000357166
0.000370323
0.000383683
0.000397244
0.000411005
0.000424964
0.00043912
0.000453472
0.000468017
0.000482755
0.000497684
0.000512804
0.000528111
0.000543606
0.000559286
0.000575151
0.000591199
0.000607429
0.00062384
0.00064043
0.000657199
0.000674144
0.000691265
0.00070856
0.000726029
0.00074367
0.000761482
0.000779464
0.000797615
0.000815934
0.000834419
0.000853069
0.000871884
0.000890862
0.000910003
0.000929304
0.000948766
0.000968387
0.000988166
0.0010081
0.00102819
0.00104844
0.00106884
0.0010894
0.00111011
0.00113096
0.00115197
0.00117313
0.00119444
0.00121589
0.00123749
0.00125924
0.00128113
0.00130317
0.00132535
0.00134767
0.00137013
0.00139274
0.00141548
0.00143836
0.00146138
0.00148454
0.00150784
0.00153127
0.00155484
0.00157854
0.00160237
0.00162634
0.00165043
0.00167466
0.00169903
0.00172352
0.00174813
0.00177288
0.00179776
0.00182276
0.00184789
0.00187314
0.00189852
0.00192402
0.00194965
0.0019754
0.00200127
0.00202726
0.00205338
0.00207961
0.00210596
0.00213244
0.00215903
0.00218573
0.00221256
0.0022395
0.00226656
0.00229373
0.00232102
0.00234842
0.00237593
0.00240356
0.0024313
0.00245915
0.00248712
0.00251519
0.00254337
0.00257167
0.00260007
0.00262858
0.0026572
0.00268592
0.00271475
0.00274369
0.00277274
0.00280189
0.00283114
0.0028605
0.00288996
0.00291953
0.00294919
0.00297896
0.00300884
0.00303881
0.00306888
0.00309906
0.00312933
0.0031597
0.00319018
0.00322075
0.00325141
0.00328218
0.00331304
0.003344
0.00337506
0.00340621
0.00343746
0.0034688
0.00350023
0.00353176
0.00356338
0.0035951
0.00362691
0.00365881
0.0036908
0.00372289
0.00375506
0.00378733
0.00381969
0.00385213
0.00388467
0.0039173
0.00395001
0.00398281
0.0040157
0.00404868
0.00408174
0.00411489
0.00414813
0.00418146
0.00421487
0.00424836
0.00428194
0.00431561
0.00434935
0.00438319
0.0044171
0.0044511
0.00448518
0.00451935
0.0045536
0.00458793
0.00462234
0.00465683
0.0046914
0.00472605
0.00476079
0.0047956
0.00483049
0.00486546
0.00490051
0.00493564
0.00497085
0.00500614
0.0050415
0.00507694
0.00511246
0.00514805
0.00518372
0.00521947
0.00525529
0.00529119
0.00532716
0.00536321
0.00539933
0.00543553
0.0054718
0.00550815
0.00554457
0.00558106
0.00561763
0.00565427
0.00569098
0.00572776
0.00576461
0.00580154
0.00583854
0.00587561
0.00591275
0.00594996
0.00598724
0.00602459
0.00606201
0.0060995
0.00613706
0.00617469
0.00621239
0.00625015
0.00628799
0.00632589
0.00636386
0.0064019
0.00644
0.00647817
0.00651641
0.00655472
0.00659309
0.00663153
0.00667004
0.00670861
0.00674724
0.00678594
0.00682471
0.00686354
0.00690244
0.0069414
0.00698042
0.00701951
0.00705866
0.00709788
0.00713715
0.0071765
0.0072159
0.00725537
0.0072949
0.00733449
0.00737414
0.00741386
0.00745364
0.00749348
0.00753338
0.00757334
0.00761336
0.00765344
0.00769359
0.00773379
0.00777405
0.00781438
0.00785476
0.0078952
0.00793571
0.00797627
0.00801689
0.00805757
0.0080983
0.0081391
0.00817995
0.00822086
0.00826183
0.00830286
0.00834395
0.00838509
0.00842629
0.00846754
0.00850886
0.00855023
0.00859165
0.00863313
0.00867467
0.00871627
0.00875792
0.00879962
0.00884138
0.0088832
0.00892507
0.008967
0.00900898
0.00905101
0.0090931
0.00913525
0.00917745
0.0092197
0.009262
0.00930436
0.00934678
0.00938924
0.00943176
0.00947434
0.00951696
0.00955964
0.00960237
0.00964515
0.00968799
0.00973088
0.00977382
0.00981681
0.00985985
0.00990295
0.00994609
0.00998929
0.0100325
0.0100758
0.0101192
0.0101626
0.010206
0.0102495
0.0102931
0.0103367
0.0103804
0.0104241
0.0104678
0.0105116
0.0105555
0.0105994
0.0106433
0.0106873
0.0107314
0.0107755
0.0108196
0.0108638
0.010908
0.0109523
0.0109967
0.011041
0.0110855
0.01113
0.0111745
0.0112191
0.0112637
0.0113084
0.0113531
0.0113979
0.0114427
0.0114875
0.0115324
0.0115774
0.0116224
0.0116674
0.0117125
0.0117577
0.0118029
0.0118481
0.0118934
0.0119387
0.0119841
0.0120295
0.0120749
0.0121204
0.012166
0.0122116
0.0122572
0.0123029
0.0123486
0.0123944
0.0124402
0.0124861
0.012532
0.0125779
0.0126239
0.01267
0.0127161
0.0127622
0.0128084
0.0128546
0.0129008
0.0129471
0.0129935
0.0130399
0.0130863
0.0131328
0.0131793
0.0132258
0.0132724
0.0133191
0.0133658
0.0134125
0.0134593
0.0135061
0.0135529
0.0135998
0.0136468
0.0136938
0.0137408
0.0137879
0.013835
0.0138821
0.0139293
0.0139765
0.0140238
0.0140711
0.0141185
0.0141659
0.0142133
0.0142608
0.0143083
0.0143558
0.0144034
0.0144511
0.0144988
0.0145465
0.0145942
0.014642
0.0146899
0.0147378
0.0147857
0.0148336
0.0148816
0.0149297
0.0149777
0.0150259
0.015074
0.0151222
0.0151704
0.0152187
0.015267
0.0153154
0.0153638
0.0154122
0.0154607
0.0155092
0.0155577
0.0156063
0.0156549
0.0157036
0.0157523
0.015801
0.0158498
0.0158986
0.0159475
0.0159964
0.0160453
0.0160942
0.0161432
0.0161923
0.0162414
0.0162905
0.0163396
0.0163888
0.016438
0.0164873
0.0165366
0.0165859
0.0166353
0.0166847
0.0167342
0.0167837
0.0168332
0.0168827
0.0169323
0.016982
0.0170316
0.0170813
0.0171311
0.0171809
0.0172307
0.0172805
0.0173304
0.0173803
0.0174303
0.0174803
0.0175303
0.0175804
0.0176305
0.0176806
0.0177308
0.017781
0.0178312
0.0178815
0.0179318
0.0179822
0.0180326
0.018083
0.0181334
0.0181839
0.0182345
0.018285
0.0183356
0.0183862
0.0184369
0.0184876
0.0185383
0.0185891
0.0186399
0.0186907
0.0187416
0.0187925
0.0188434
0.0188944
0.0189454
0.0189965
0.0190475
0.0190987
0.0191498
0.019201
0.0192522
0.0193034
0.0193547
0.019406
0.0194574
0.0195088
0.0195602
0.0196116
0.0196631
0.0197146
0.0197662
0.0198177
0.0198693
0.019921
0.0199727
0.0200244
0.0200761
0.0201279
0.0201797
0.0202316
0.0202834
0.0203354
0.0203873
0.0204393
0.0204913
0.0205433
0.0205954
0.0206475
0.0206996
0.0207518
0.020804
0.0208563
0.0209085
0.0209608
0.0210132
0.0210655
0.0211179
0.0211704
0.0212228
0.0212753
0.0213278
0.0213804
0.021433
0.0214856
0.0215382
0.0215909
0.0216436
0.0216964
0.0217492
0.021802
0.0218548
0.0219077
0.0219606
0.0220135
0.0220665
0.0221195
0.0221725
0.0222256
0.0222787
0.0223318
0.022385
0.0224382
0.0224914
0.0225446
0.0225979
0.0226512
0.0227046
0.0227579
0.0228113
0.0228648
0.0229182
0.0229717
0.0230252
0.0230788
0.0231324
0.023186
0.0232397
0.0232933
0.023347
0.0234008
0.0234546
0.0235084
0.0235622
0.023616
0.0236699
0.0237239
0.0237778
0.0238318
0.0238858
0.0239398
0.0239939
0.024048
0.0241021
0.0241563
0.0242105
0.0242647
0.024319
0.0243732
0.0244276
0.0244819
0.0245363
0.0245907
0.0246451
0.0246996
0.024754
0.0248086
0.0248631
0.0249177
0.0249723
0.0250269
0.0250816
0.0251363
0.025191
0.0252458
0.0253005
0.0253554
0.0254102
0.0254651
0.02552
0.0255749
0.0256299
0.0256848
0.0257399
0.0257949
0.02585
0.0259051
0.0259602
0.0260154
0.0260706
0.0261258
0.026181
0.0262363
0.0262916
0.0263469
0.0264023
0.0264577
0.0265131
0.0265686
0.026624
0.0266795
0.0267351
0.0267906
0.0268462
0.0269018
0.0269575
0.0270132
0.0270689
0.0271246
0.0271804
0.0272362
0.027292
0.0273478
0.0274037
0.0274596
0.0275155
0.0275715
0.0276275
0.0276835
0.0277395
0.0277956
0.0278517
0.0279078
0.027964
0.0280202
0.0280764
0.0281326
0.0281889
0.0282452
0.0283015
0.0283579
0.0284143
0.0284707
0.0285271
0.0285836
0.0286401
0.0286966
0.0287531
0.0288097
0.0288663
0.0289229
0.0289796
0.0290363
0.029093
0.0291498
0.0292065
0.0292633
0.0293201
0.029377
0.0294339
0.0294908
0.0295477
0.0296047
0.0296617
0.0297187
0.0297757
0.0298328
0.0298899
0.029947
0.0300042
0.0300614
0.0301186
0.0301758
0.0302331
0.0302904
0.0303477
0.030405
0.0304624
0.0305198
0.0305772
0.0306347
0.0306922
0.0307497
0.0308072
0.0308648
0.0309224
0.03098
0.0310376
0.0310953
0.031153
0.0312107
0.0312685
0.0313263
0.0313841
0.0314419
0.0314998
0.0315577
0.0316156
0.0316735
0.0317315
0.0317895
0.0318475
0.0319056
0.0319637
0.0320218
0.0320799
0.0321381
0.0321962
0.0322545
0.0323127
0.032371
0.0324293
0.0324876
0.0325459
0.0326043
0.0326627
0.0327211
0.0327796
0.0328381
0.0328966
0.0329551
0.0330137
0.0330723
0.0331309
0.0331895
0.0332482
0.0333069
0.0333656
0.0334244
0.0334832
0.033542
0.0336008
0.0336596
0.0337185
0.0337774
0.0338364
0.0338953
0.0339543
0.0340134
0.0340724
0.0341315
0.0341906
0.0342497
0.0343088
0.034368
0.0344272
0.0344865
0.0345457
0.034605
0.0346643
0.0347237
0.034783
0.0348424
0.0349018
0.0349613
0.0350208
0.0350803
0.0351398
0.0351993
0.0352589
0.0353185
0.0353782
0.0354378
0.0354975
0.0355572
0.0356169
0.0356767
0.0357365
0.0357963
0.0358562
0.035916
0.0359759
0.0360359
0.0360958
0.0361558
0.0362158
0.0362758
0.0363359
0.036396
0.0364561
0.0365163
0.0365764
0.0366366
0.0366968
0.0367571
0.0368174
0.0368777
0.036938
0.0369983
0.0370587
0.0371191
0.0371796
0.03724
0.0373005
0.037361
0.0374216
0.0374822
0.0375428
0.0376034
0.037664
0.0377247
0.0377854
0.0378462
0.0379069
0.0379677
0.0380285
0.0380894
0.0381502
0.0382111
0.038272
0.038333
0.038394
0.038455
0.038516
0.0385771
0.0386381
0.0386993
0.0387604
0.0388216
0.0388828
0.038944
0.0390052
0.0390665
0.0391278
0.0391891
0.0392505
0.0393119
0.0393733
0.0394347
0.0394962
0.0395577
0.0396192
0.0396808
0.0397424
0.039804
0.0398656
0.0399273
0.039989
0.0400507
0.0401124
0.0401742
0.040236
0.0402978
0.0403597
0.0404216
0.0404835
0.0405454
0.0406074
0.0406694
0.0407314
0.0407935
0.0408556
0.0409177
0.0409798
0.041042
0.0411042
0.0411664
0.0412287
0.0412909
0.0413532
0.0414156
0.041478
0.0415404
0.0416028
0.0416652
0.0417277
0.0417902
0.0418528
0.0419153
0.0419779
0.0420406
0.0421032
0.0421659
0.0422286
0.0422914
0.0423542
0.042417
0.0424798
0.0425427
0.0426056
0.0426685
0.0427314
0.0427944
0.0428574
0.0429205
0.0429836
0.0430467
0.0431098
0.043173
0.0432362
0.0432994
0.0433627
0.0434259
0.0434893
0.0435526
0.043616
0.0436794
0.0437429
0.0438063
0.0438698
0.0439334
0.0439969
0.0440606
0.0441242
0.0441879
0.0442516
0.0443153
0.044379
0.0444428
0.0445067
0.0445705
0.0446344
0.0446984
0.0447623
0.0448263
0.0448903
0.0449544
0.0450185
0.0450826
0.0451468
0.045211
0.0452752
)
;

boundaryField
{
    inlet
    {
        type            calculated;
        value           uniform 0;
    }
    outlet
    {
        type            calculated;
        value           uniform 0.0453395;
    }
    emptyWalls
    {
        type            empty;
        value           nonuniform List<scalar> 0();
    }
}


// ************************************************************************* //
