/*--------------------------------*- C++ -*----------------------------------*\
  =========                 |
  \\      /  F ield         | OpenFOAM: The Open Source CFD Toolbox
   \\    /   O peration     | Website:  https://openfoam.org
    \\  /    A nd           | Version:  9
     \\/     M anipulation  |
\*---------------------------------------------------------------------------*/
FoamFile
{
    format      ascii;
    class       volScalarField;
    location    "11.1";
    object      Fcsw;
}
// * * * * * * * * * * * * * * * * * * * * * * * * * * * * * * * * * * * * * //

dimensions      [0 0 0 0 0 0 0];

internalField   nonuniform List<scalar> 
1000
(
2.30197e-05
3.70018e-05
4.98437e-05
6.20946e-05
7.39471e-05
8.54938e-05
9.67878e-05
0.000107863
0.000118742
0.000129443
0.000139977
0.000150356
0.000160588
0.000170679
0.000180635
0.000190463
0.000200165
0.000209747
0.000219213
0.000228564
0.000237806
0.00024694
0.000255969
0.000264895
0.000273722
0.000282451
0.000291085
0.000299625
0.000308074
0.000316433
0.000324705
0.00033289
0.000340991
0.000349008
0.000356945
0.000364802
0.00037258
0.000380281
0.000387907
0.000395458
0.000402936
0.000410342
0.000417678
0.000424945
0.000432143
0.000439273
0.000446338
0.000453338
0.000460274
0.000467146
0.000473957
0.000480707
0.000487396
0.000494027
0.000500599
0.000507113
0.000513571
0.000519974
0.000526321
0.000532615
0.000538855
0.000545042
0.000551178
0.000557263
0.000563297
0.000569282
0.000575218
0.000581105
0.000586945
0.000592739
0.000598486
0.000604187
0.000609843
0.000615455
0.000621023
0.000626548
0.00063203
0.00063747
0.000642869
0.000648227
0.000653544
0.000658821
0.000664059
0.000669258
0.000674418
0.000679541
0.000684626
0.000689674
0.000694686
0.000699661
0.000704601
0.000709506
0.000714376
0.000719212
0.000724014
0.000728782
0.000733517
0.00073822
0.00074289
0.000747529
0.000752136
0.000756711
0.000761256
0.000765771
0.000770255
0.00077471
0.000779135
0.000783532
0.000787899
0.000792239
0.00079655
0.000800833
0.000805089
0.000809318
0.00081352
0.000817696
0.000821846
0.000825969
0.000830067
0.00083414
0.000838187
0.00084221
0.000846208
0.000850182
0.000854132
0.000858058
0.000861961
0.00086584
0.000869697
0.00087353
0.000877342
0.000881131
0.000884898
0.000888643
0.000892366
0.000896069
0.00089975
0.00090341
0.000907049
0.000910669
0.000914267
0.000917846
0.000921405
0.000924944
0.000928464
0.000931965
0.000935446
0.000938909
0.000942352
0.000945778
0.000949185
0.000952574
0.000955945
0.000959298
0.000962634
0.000965952
0.000969253
0.000972537
0.000975803
0.000979053
0.000982287
0.000985504
0.000988705
0.000991889
0.000995058
0.000998211
0.00100135
0.00100447
0.00100758
0.00101067
0.00101374
0.0010168
0.00101985
0.00102288
0.0010259
0.0010289
0.00103189
0.00103486
0.00103782
0.00104077
0.0010437
0.00104662
0.00104952
0.00105242
0.00105529
0.00105816
0.00106101
0.00106385
0.00106668
0.00106949
0.00107229
0.00107508
0.00107786
0.00108062
0.00108337
0.00108611
0.00108884
0.00109156
0.00109426
0.00109695
0.00109964
0.00110231
0.00110496
0.00110761
0.00111025
0.00111287
0.00111549
0.00111809
0.00112068
0.00112326
0.00112584
0.0011284
0.00113095
0.00113349
0.00113602
0.00113854
0.00114105
0.00114355
0.00114604
0.00114852
0.00115099
0.00115345
0.0011559
0.00115834
0.00116077
0.00116319
0.00116561
0.00116801
0.00117041
0.00117279
0.00117517
0.00117754
0.0011799
0.00118225
0.00118459
0.00118692
0.00118925
0.00119156
0.00119387
0.00119617
0.00119846
0.00120075
0.00120302
0.00120529
0.00120755
0.0012098
0.00121204
0.00121428
0.0012165
0.00121872
0.00122094
0.00122314
0.00122534
0.00122753
0.00122971
0.00123188
0.00123405
0.00123621
0.00123836
0.00124051
0.00124265
0.00124478
0.00124691
0.00124902
0.00125114
0.00125324
0.00125534
0.00125743
0.00125951
0.00126159
0.00126366
0.00126573
0.00126778
0.00126983
0.00127188
0.00127392
0.00127595
0.00127798
0.00128
0.00128201
0.00128402
0.00128602
0.00128802
0.00129001
0.00129199
0.00129397
0.00129594
0.00129791
0.00129987
0.00130183
0.00130378
0.00130572
0.00130766
0.00130959
0.00131152
0.00131344
0.00131536
0.00131727
0.00131918
0.00132108
0.00132297
0.00132486
0.00132675
0.00132863
0.0013305
0.00133237
0.00133424
0.0013361
0.00133795
0.0013398
0.00134165
0.00134349
0.00134532
0.00134715
0.00134898
0.0013508
0.00135262
0.00135443
0.00135624
0.00135804
0.00135984
0.00136163
0.00136342
0.00136521
0.00136699
0.00136876
0.00137054
0.0013723
0.00137407
0.00137582
0.00137758
0.00137933
0.00138108
0.00138282
0.00138456
0.00138629
0.00138802
0.00138975
0.00139147
0.00139319
0.0013949
0.00139661
0.00139832
0.00140002
0.00140172
0.00140341
0.0014051
0.00140679
0.00140847
0.00141015
0.00141183
0.0014135
0.00141517
0.00141684
0.0014185
0.00142016
0.00142181
0.00142346
0.00142511
0.00142676
0.0014284
0.00143004
0.00143167
0.0014333
0.00143493
0.00143655
0.00143817
0.00143979
0.00144141
0.00144302
0.00144463
0.00144623
0.00144783
0.00144943
0.00145103
0.00145262
0.00145421
0.0014558
0.00145738
0.00145896
0.00146054
0.00146212
0.00146369
0.00146526
0.00146682
0.00146839
0.00146995
0.00147151
0.00147306
0.00147461
0.00147616
0.00147771
0.00147925
0.00148079
0.00148233
0.00148387
0.0014854
0.00148693
0.00148846
0.00148999
0.00149151
0.00149303
0.00149455
0.00149607
0.00149758
0.00149909
0.0015006
0.0015021
0.00150361
0.00150511
0.00150661
0.0015081
0.0015096
0.00151109
0.00151258
0.00151407
0.00151555
0.00151703
0.00151851
0.00151999
0.00152147
0.00152294
0.00152441
0.00152588
0.00152735
0.00152882
0.00153028
0.00153174
0.0015332
0.00153466
0.00153611
0.00153757
0.00153902
0.00154047
0.00154191
0.00154336
0.0015448
0.00154624
0.00154768
0.00154912
0.00155056
0.00155199
0.00155342
0.00155485
0.00155628
0.00155771
0.00155913
0.00156055
0.00156198
0.00156339
0.00156481
0.00156623
0.00156764
0.00156906
0.00157047
0.00157188
0.00157328
0.00157469
0.0015761
0.0015775
0.0015789
0.0015803
0.0015817
0.0015831
0.00158449
0.00158588
0.00158728
0.00158867
0.00159006
0.00159145
0.00159283
0.00159422
0.0015956
0.00159698
0.00159836
0.00159974
0.00160112
0.0016025
0.00160387
0.00160525
0.00160662
0.00160799
0.00160936
0.00161073
0.0016121
0.00161347
0.00161483
0.0016162
0.00161756
0.00161892
0.00162028
0.00162164
0.001623
0.00162436
0.00162572
0.00162707
0.00162842
0.00162978
0.00163113
0.00163248
0.00163383
0.00163518
0.00163653
0.00163787
0.00163922
0.00164056
0.00164191
0.00164325
0.00164459
0.00164593
0.00164727
0.00164861
0.00164995
0.00165129
0.00165263
0.00165396
0.0016553
0.00165663
0.00165796
0.0016593
0.00166063
0.00166196
0.00166329
0.00166462
0.00166595
0.00166728
0.0016686
0.00166993
0.00167126
0.00167258
0.00167391
0.00167523
0.00167656
0.00167788
0.0016792
0.00168052
0.00168184
0.00168316
0.00168448
0.0016858
0.00168712
0.00168844
0.00168976
0.00169108
0.00169239
0.00169371
0.00169503
0.00169634
0.00169766
0.00169897
0.00170029
0.0017016
0.00170292
0.00170423
0.00170554
0.00170685
0.00170817
0.00170948
0.00171079
0.0017121
0.00171341
0.00171473
0.00171604
0.00171735
0.00171866
0.00171997
0.00172128
0.00172259
0.0017239
0.00172521
0.00172652
0.00172783
0.00172914
0.00173045
0.00173176
0.00173307
0.00173438
0.00173569
0.001737
0.00173831
0.00173962
0.00174093
0.00174224
0.00174355
0.00174486
0.00174617
0.00174748
0.00174879
0.0017501
0.00175141
0.00175272
0.00175403
0.00175534
0.00175666
0.00175797
0.00175928
0.00176059
0.00176191
0.00176322
0.00176454
0.00176585
0.00176716
0.00176848
0.0017698
0.00177111
0.00177243
0.00177375
0.00177507
0.00177638
0.0017777
0.00177902
0.00178034
0.00178167
0.00178299
0.00178431
0.00178563
0.00178696
0.00178828
0.00178961
0.00179094
0.00179226
0.00179359
0.00179492
0.00179625
0.00179758
0.00179892
0.00180025
0.00180158
0.00180292
0.00180426
0.00180559
0.00180693
0.00180827
0.00180961
0.00181096
0.0018123
0.00181365
0.00181499
0.00181634
0.00181769
0.00181904
0.0018204
0.00182175
0.00182311
0.00182446
0.00182582
0.00182718
0.00182855
0.00182991
0.00183128
0.00183264
0.00183401
0.00183539
0.00183676
0.00183814
0.00183951
0.00184089
0.00184228
0.00184366
0.00184505
0.00184644
0.00184783
0.00184922
0.00185062
0.00185202
0.00185342
0.00185483
0.00185623
0.00185764
0.00185906
0.00186047
0.00186189
0.00186331
0.00186474
0.00186617
0.0018676
0.00186903
0.00187047
0.00187192
0.00187336
0.00187481
0.00187626
0.00187772
0.00187918
0.00188065
0.00188212
0.00188359
0.00188507
0.00188655
0.00188804
0.00188953
0.00189102
0.00189252
0.00189403
0.00189554
0.00189706
0.00189858
0.00190011
0.00190164
0.00190318
0.00190472
0.00190627
0.00190783
0.00190939
0.00191096
0.00191254
0.00191412
0.00191571
0.00191731
0.00191891
0.00192052
0.00192214
0.00192377
0.00192541
0.00192705
0.0019287
0.00193036
0.00193203
0.00193371
0.0019354
0.0019371
0.00193881
0.00194053
0.00194226
0.001944
0.00194575
0.00194752
0.00194929
0.00195108
0.00195288
0.00195469
0.00195652
0.00195836
0.00196021
0.00196208
0.00196396
0.00196586
0.00196777
0.0019697
0.00197165
0.00197361
0.0019756
0.0019776
0.00197961
0.00198165
0.00198371
0.00198579
0.00198789
0.00199001
0.00199216
0.00199433
0.00199652
0.00199874
0.00200098
0.00200325
0.00200555
0.00200788
0.00201024
0.00201262
0.00201504
0.0020175
0.00201998
0.0020225
0.00202506
0.00202766
0.00203029
0.00203297
0.00203569
0.00203845
0.00204126
0.00204411
0.00204702
0.00204998
0.00205298
0.00205605
0.00205917
0.00206235
0.0020656
0.0020689
0.00207228
0.00207573
0.00207925
0.00208284
0.00208652
0.00209028
0.00209412
0.00209806
0.00210209
0.00210622
0.00211046
0.0021148
0.00211926
0.00212384
0.00212854
0.00213337
0.00213834
0.00214345
0.00214872
0.00215414
0.00215973
0.0021655
0.00217145
0.00217759
0.00218394
0.00219051
0.0021973
0.00220433
0.00221162
0.00221917
0.00222701
0.00223515
0.00224361
0.0022524
0.00226155
0.00227108
0.00228102
0.00229138
0.00230219
0.00231349
0.00232531
0.00233768
0.00235063
0.00236422
0.00237848
0.00239345
0.0024092
0.00242578
0.00244325
0.00246167
0.00248112
0.00250169
0.00252346
0.00254652
0.00257098
0.00259697
0.0026246
0.00265403
0.00268542
0.00271894
0.00275479
0.0027932
0.0028344
0.00287868
0.00292634
0.00297775
0.00303329
0.00309342
0.00315865
0.00322956
0.00330683
0.00339123
0.00348365
0.00358512
0.00369683
0.0038202
0.00395687
0.00410879
0.00427827
0.00446809
0.00468158
0.00492276
0.00519657
0.00550907
0.00586778
0.00628216
0.00676416
0.00732914
0.00799703
0.0087941
0.00975553
0.0109293
0.0123822
0.0142092
0.0165497
0.0196136
0.0237307
0.0294404
0.0376761
0.0501667
0.0704139
0.106385
0.179523
0.364975
1.05452
0.788809
0.602821
0.250593
-0.0164545
-0.136391
-0.168473
-0.169156
-0.157728
-0.130805
-0.0822561
-0.0151232
0.0548711
0.104926
0.118704
0.0972785
0.0562347
0.0133217
-0.0202459
-0.0405681
-0.0481417
-0.0452601
-0.03479
-0.0198617
-0.00379362
0.0101903
0.0195396
0.0229979
0.0208754
0.0147672
0.00687149
-0.000726553
-0.0065258
-0.00976866
-0.010379
-0.00879513
-0.00577358
-0.0021943
0.00111907
0.00354707
0.00476635
0.00476742
0.00379893
0.0022623
0.000592656
-0.000840973
-0.00179729
-0.00218294
-0.00203839
-0.00150139
-0.000759719
-4.19562e-06
0.000609949
0.000987313
0.00109992
0.000979476
0.000698712
0.000347991
1.31251e-05
-0.00024113
-0.000379734
-0.000398149
-0.000316849
-0.000171993
-4.92785e-06
0.000147167
0.000257868
0.000314548
0.000317979
0.000279266
0.000215308
0.00014403
8.04269e-05
3.40726e-05
8.30626e-06
9.03115e-07
5.78634e-06
1.52065e-05
2.18404e-05
2.03865e-05
8.42482e-06
-1.34976e-05
-4.24246e-05
-7.39553e-05
-0.000103343
-0.000126479
-0.000140587
-0.000144544
-0.000138834
-0.000125215
-0.000106216
-8.45919e-05
-6.28493e-05
-4.29142e-05
-2.59755e-05
-1.24951e-05
-2.34457e-06
4.98724e-06
1.01715e-05
1.38503e-05
1.65108e-05
1.84322e-05
1.96991e-05
2.02623e-05
2.00209e-05
1.89036e-05
1.69282e-05
1.42311e-05
1.10644e-05
7.76574e-06
4.71208e-06
2.26877e-06
7.44482e-07
3.59844e-07
1.23314e-06
3.38269e-06
6.74241e-06
)
;

boundaryField
{
    inlet
    {
        type            calculated;
        value           uniform 2.30197e-05;
    }
    outlet
    {
        type            calculated;
        value           uniform 6.74241e-06;
    }
    emptyWalls
    {
        type            empty;
    }
}


// ************************************************************************* //
