/*--------------------------------*- C++ -*----------------------------------*\
  =========                 |
  \\      /  F ield         | OpenFOAM: The Open Source CFD Toolbox
   \\    /   O peration     | Website:  https://openfoam.org
    \\  /    A nd           | Version:  9
     \\/     M anipulation  |
\*---------------------------------------------------------------------------*/
FoamFile
{
    format      ascii;
    class       surfaceScalarField;
    location    "11.1";
    object      phib;
}
// * * * * * * * * * * * * * * * * * * * * * * * * * * * * * * * * * * * * * //

dimensions      [0 2 0 0 0 0 0];

internalField   nonuniform List<scalar> 
999
(
0.290578
0.290577
0.290576
0.290574
0.290571
0.290569
0.290566
0.290563
0.290559
0.290555
0.290551
0.290546
0.290541
0.290536
0.290531
0.290525
0.290519
0.290512
0.290506
0.290499
0.290491
0.290484
0.290476
0.290468
0.29046
0.290451
0.290442
0.290433
0.290424
0.290414
0.290404
0.290394
0.290384
0.290373
0.290362
0.290351
0.29034
0.290328
0.290316
0.290304
0.290292
0.290279
0.290267
0.290254
0.29024
0.290227
0.290213
0.2902
0.290186
0.290171
0.290157
0.290142
0.290127
0.290112
0.290097
0.290082
0.290066
0.29005
0.290034
0.290018
0.290001
0.289985
0.289968
0.289951
0.289934
0.289916
0.289899
0.289881
0.289863
0.289845
0.289827
0.289809
0.28979
0.289771
0.289752
0.289733
0.289714
0.289695
0.289675
0.289655
0.289635
0.289615
0.289595
0.289575
0.289554
0.289533
0.289512
0.289491
0.28947
0.289449
0.289427
0.289406
0.289384
0.289362
0.28934
0.289318
0.289295
0.289273
0.28925
0.289228
0.289205
0.289182
0.289158
0.289135
0.289112
0.289088
0.289064
0.28904
0.289016
0.288992
0.288968
0.288943
0.288919
0.288894
0.288869
0.288844
0.288819
0.288794
0.288769
0.288744
0.288718
0.288692
0.288667
0.288641
0.288615
0.288588
0.288562
0.288536
0.288509
0.288483
0.288456
0.288429
0.288402
0.288375
0.288348
0.28832
0.288293
0.288266
0.288238
0.28821
0.288182
0.288154
0.288126
0.288098
0.28807
0.288041
0.288013
0.287984
0.287955
0.287927
0.287898
0.287869
0.287839
0.28781
0.287781
0.287751
0.287722
0.287692
0.287663
0.287633
0.287603
0.287573
0.287543
0.287512
0.287482
0.287452
0.287421
0.28739
0.28736
0.287329
0.287298
0.287267
0.287236
0.287205
0.287174
0.287142
0.287111
0.287079
0.287048
0.287016
0.286984
0.286952
0.28692
0.286888
0.286856
0.286824
0.286791
0.286759
0.286726
0.286694
0.286661
0.286628
0.286595
0.286563
0.286529
0.286496
0.286463
0.28643
0.286397
0.286363
0.28633
0.286296
0.286262
0.286229
0.286195
0.286161
0.286127
0.286093
0.286059
0.286024
0.28599
0.285956
0.285921
0.285887
0.285852
0.285817
0.285783
0.285748
0.285713
0.285678
0.285643
0.285607
0.285572
0.285537
0.285502
0.285466
0.285431
0.285395
0.285359
0.285324
0.285288
0.285252
0.285216
0.28518
0.285144
0.285108
0.285071
0.285035
0.284999
0.284962
0.284926
0.284889
0.284852
0.284816
0.284779
0.284742
0.284705
0.284668
0.284631
0.284594
0.284557
0.284519
0.284482
0.284444
0.284407
0.284369
0.284332
0.284294
0.284256
0.284219
0.284181
0.284143
0.284105
0.284067
0.284029
0.28399
0.283952
0.283914
0.283875
0.283837
0.283798
0.28376
0.283721
0.283683
0.283644
0.283605
0.283566
0.283527
0.283488
0.283449
0.28341
0.283371
0.283331
0.283292
0.283253
0.283213
0.283174
0.283134
0.283095
0.283055
0.283015
0.282975
0.282935
0.282896
0.282856
0.282816
0.282775
0.282735
0.282695
0.282655
0.282615
0.282574
0.282534
0.282493
0.282453
0.282412
0.282371
0.282331
0.28229
0.282249
0.282208
0.282167
0.282126
0.282085
0.282044
0.282003
0.281962
0.28192
0.281879
0.281838
0.281796
0.281755
0.281713
0.281671
0.28163
0.281588
0.281546
0.281504
0.281463
0.281421
0.281379
0.281337
0.281295
0.281252
0.28121
0.281168
0.281126
0.281083
0.281041
0.280998
0.280956
0.280913
0.280871
0.280828
0.280785
0.280743
0.2807
0.280657
0.280614
0.280571
0.280528
0.280485
0.280442
0.280398
0.280355
0.280312
0.280269
0.280225
0.280182
0.280138
0.280095
0.280051
0.280008
0.279964
0.27992
0.279876
0.279832
0.279789
0.279745
0.279701
0.279657
0.279613
0.279568
0.279524
0.27948
0.279436
0.279391
0.279347
0.279303
0.279258
0.279214
0.279169
0.279124
0.27908
0.279035
0.27899
0.278946
0.278901
0.278856
0.278811
0.278766
0.278721
0.278676
0.278631
0.278585
0.27854
0.278495
0.27845
0.278404
0.278359
0.278313
0.278268
0.278222
0.278177
0.278131
0.278085
0.27804
0.277994
0.277948
0.277902
0.277856
0.27781
0.277764
0.277718
0.277672
0.277626
0.27758
0.277533
0.277487
0.277441
0.277394
0.277348
0.277302
0.277255
0.277209
0.277162
0.277115
0.277069
0.277022
0.276975
0.276928
0.276881
0.276834
0.276788
0.276741
0.276694
0.276646
0.276599
0.276552
0.276505
0.276458
0.27641
0.276363
0.276316
0.276268
0.276221
0.276173
0.276126
0.276078
0.27603
0.275983
0.275935
0.275887
0.275839
0.275791
0.275744
0.275696
0.275648
0.2756
0.275551
0.275503
0.275455
0.275407
0.275359
0.27531
0.275262
0.275214
0.275165
0.275117
0.275068
0.27502
0.274971
0.274923
0.274874
0.274825
0.274776
0.274728
0.274679
0.27463
0.274581
0.274532
0.274483
0.274434
0.274385
0.274336
0.274286
0.274237
0.274188
0.274139
0.274089
0.27404
0.27399
0.273941
0.273892
0.273842
0.273792
0.273743
0.273693
0.273643
0.273594
0.273544
0.273494
0.273444
0.273394
0.273344
0.273294
0.273244
0.273194
0.273144
0.273094
0.273044
0.272993
0.272943
0.272893
0.272842
0.272792
0.272741
0.272691
0.27264
0.27259
0.272539
0.272489
0.272438
0.272387
0.272336
0.272286
0.272235
0.272184
0.272133
0.272082
0.272031
0.27198
0.271929
0.271878
0.271826
0.271775
0.271724
0.271673
0.271621
0.27157
0.271518
0.271467
0.271415
0.271364
0.271312
0.271261
0.271209
0.271157
0.271106
0.271054
0.271002
0.27095
0.270898
0.270846
0.270794
0.270742
0.27069
0.270638
0.270586
0.270534
0.270482
0.270429
0.270377
0.270325
0.270272
0.27022
0.270167
0.270115
0.270062
0.27001
0.269957
0.269904
0.269852
0.269799
0.269746
0.269693
0.26964
0.269588
0.269535
0.269482
0.269429
0.269376
0.269322
0.269269
0.269216
0.269163
0.26911
0.269056
0.269003
0.26895
0.268896
0.268843
0.268789
0.268736
0.268682
0.268628
0.268575
0.268521
0.268467
0.268414
0.26836
0.268306
0.268252
0.268198
0.268144
0.26809
0.268036
0.267982
0.267928
0.267874
0.267819
0.267765
0.267711
0.267656
0.267602
0.267548
0.267493
0.267439
0.267384
0.267329
0.267275
0.26722
0.267165
0.267111
0.267056
0.267001
0.266946
0.266891
0.266836
0.266781
0.266726
0.266671
0.266616
0.266561
0.266506
0.266451
0.266395
0.26634
0.266285
0.266229
0.266174
0.266118
0.266063
0.266007
0.265952
0.265896
0.26584
0.265784
0.265729
0.265673
0.265617
0.265561
0.265505
0.265449
0.265393
0.265337
0.265281
0.265225
0.265169
0.265112
0.265056
0.265
0.264943
0.264887
0.264831
0.264774
0.264718
0.264661
0.264604
0.264548
0.264491
0.264434
0.264377
0.264321
0.264264
0.264207
0.26415
0.264093
0.264036
0.263979
0.263922
0.263864
0.263807
0.26375
0.263693
0.263635
0.263578
0.26352
0.263463
0.263405
0.263348
0.26329
0.263232
0.263175
0.263117
0.263059
0.263001
0.262943
0.262885
0.262827
0.262769
0.262711
0.262653
0.262595
0.262536
0.262478
0.26242
0.262361
0.262303
0.262245
0.262186
0.262127
0.262069
0.26201
0.261951
0.261893
0.261834
0.261775
0.261716
0.261657
0.261598
0.261539
0.26148
0.26142
0.261361
0.261302
0.261242
0.261183
0.261124
0.261064
0.261004
0.260945
0.260885
0.260825
0.260766
0.260706
0.260646
0.260586
0.260526
0.260466
0.260406
0.260345
0.260285
0.260225
0.260164
0.260104
0.260043
0.259983
0.259922
0.259861
0.259801
0.25974
0.259679
0.259618
0.259557
0.259496
0.259434
0.259373
0.259312
0.25925
0.259189
0.259127
0.259066
0.259004
0.258942
0.25888
0.258818
0.258756
0.258694
0.258632
0.25857
0.258507
0.258445
0.258382
0.258319
0.258257
0.258194
0.258131
0.258068
0.258005
0.257941
0.257878
0.257815
0.257751
0.257687
0.257623
0.257559
0.257495
0.257431
0.257367
0.257302
0.257238
0.257173
0.257108
0.257043
0.256978
0.256913
0.256847
0.256782
0.256716
0.25665
0.256584
0.256517
0.256451
0.256384
0.256317
0.25625
0.256182
0.256115
0.256047
0.255979
0.25591
0.255842
0.255773
0.255703
0.255634
0.255564
0.255494
0.255423
0.255352
0.255281
0.25521
0.255138
0.255065
0.254992
0.254919
0.254845
0.25477
0.254695
0.25462
0.254543
0.254466
0.254389
0.25431
0.254231
0.254151
0.25407
0.253989
0.253906
0.253822
0.253737
0.25365
0.253562
0.253473
0.253382
0.25329
0.253196
0.253099
0.253001
0.2529
0.252797
0.252691
0.252581
0.252469
0.252352
0.252232
0.252106
0.251976
0.25184
0.251697
0.251547
0.251389
0.251221
0.251042
0.25085
0.250644
0.250421
0.250177
0.249909
0.249612
0.249279
0.248901
0.248468
0.247964
0.247366
0.246643
0.245745
0.244597
0.243068
0.240922
0.237679
0.232207
0.221083
0.188941
0.164898
0.146524
0.138886
0.139387
0.143545
0.14868
0.153836
0.158643
0.16263
0.165137
0.165598
0.163926
0.160728
0.15711
0.154145
0.15243
0.152024
0.152642
0.153878
0.155345
0.156725
0.157785
0.158391
0.158506
0.158196
0.1576
0.156899
0.156263
0.155813
0.155603
0.155626
0.155824
0.156122
0.156439
0.156707
0.156883
0.156949
0.156915
0.156807
0.156662
0.156517
0.156401
0.156332
0.156314
0.156339
0.156394
0.156461
0.156523
0.156569
0.156592
0.156592
0.156573
0.156543
0.15651
0.15648
0.156459
0.156448
0.156448
0.156455
0.156467
0.156479
0.156488
0.156494
0.156494
0.156489
0.156481
0.156472
0.156462
0.156454
0.156447
0.156443
0.15644
0.156439
0.156439
0.156439
0.156439
0.156438
0.156438
0.156437
0.156437
0.156437
0.156438
0.156441
0.156444
0.156448
0.156452
0.156456
0.156461
0.156464
0.156468
0.15647
0.156472
0.156473
0.156474
0.156475
0.156475
0.156474
0.156474
0.156474
0.156473
0.156473
0.156472
0.156471
0.156471
0.15647
0.15647
0.156469
0.156469
0.156469
0.156469
0.156469
0.156469
0.156469
0.156468
0.156468
)
;

boundaryField
{
    inlet
    {
        type            calculated;
        value           uniform -0.290579;
    }
    outlet
    {
        type            calculated;
        value           uniform 0.156468;
    }
    emptyWalls
    {
        type            empty;
        value           nonuniform List<scalar> 0();
    }
}


// ************************************************************************* //
