/*--------------------------------*- C++ -*----------------------------------*\
  =========                 |
  \\      /  F ield         | OpenFOAM: The Open Source CFD Toolbox
   \\    /   O peration     | Website:  https://openfoam.org
    \\  /    A nd           | Version:  9
     \\/     M anipulation  |
\*---------------------------------------------------------------------------*/
FoamFile
{
    format      ascii;
    class       volVectorField;
    location    "4275";
    object      Uc;
}
// * * * * * * * * * * * * * * * * * * * * * * * * * * * * * * * * * * * * * //

dimensions      [0 0 0 0 0 0 0];

internalField   nonuniform List<vector> 
100
(
(0 0 1.39928e-09)
(0 0 1.93952e-09)
(0 0 3.05683e-09)
(0 0 4.28061e-09)
(0 0 5.66685e-09)
(0 0 7.26187e-09)
(0 0 9.11972e-09)
(0 0 1.13119e-08)
(0 0 1.39431e-08)
(0 0 1.71589e-08)
(0 0 2.11255e-08)
(0 0 2.58512e-08)
(0 0 3.0663e-08)
(0 0 3.51214e-08)
(0 0 3.9466e-08)
(0 0 4.38059e-08)
(0 0 4.81791e-08)
(0 0 5.25818e-08)
(0 0 5.69956e-08)
(0 0 6.14163e-08)
(0 0 6.58349e-08)
(0 0 7.02637e-08)
(0 0 7.47172e-08)
(0 0 7.92074e-08)
(0 0 8.37293e-08)
(0 0 8.82726e-08)
(0 0 9.28479e-08)
(0 0 9.74395e-08)
(0 0 1.02026e-07)
(0 0 1.06609e-07)
(0 0 1.11173e-07)
(0 0 1.15722e-07)
(0 0 1.203e-07)
(0 0 1.2493e-07)
(0 0 1.29663e-07)
(0 0 1.34649e-07)
(0 0 1.40162e-07)
(0 0 1.46626e-07)
(0 0 1.54606e-07)
(0 0 1.64736e-07)
(0 0 1.77575e-07)
(0 0 1.9343e-07)
(0 0 2.12261e-07)
(0 0 2.33692e-07)
(0 0 2.57139e-07)
(0 0 2.81965e-07)
(0 0 3.07588e-07)
(0 0 3.33584e-07)
(0 0 3.5973e-07)
(0 0 3.85907e-07)
(0 0 4.12064e-07)
(0 0 4.38212e-07)
(0 0 4.64371e-07)
(0 0 4.90523e-07)
(0 0 5.16543e-07)
(0 0 5.42108e-07)
(0 0 5.66578e-07)
(0 0 5.88745e-07)
(0 0 6.06713e-07)
(0 0 6.1812e-07)
(0 0 6.20855e-07)
(0 0 6.1402e-07)
(0 0 5.98514e-07)
(0 0 5.76806e-07)
(0 0 5.52135e-07)
(0 0 5.27622e-07)
(0 0 5.05782e-07)
(0 0 4.88549e-07)
(0 0 4.77657e-07)
(0 0 4.75251e-07)
(0 0 4.84547e-07)
(0 0 5.09308e-07)
(0 0 5.51175e-07)
(0 0 6.07395e-07)
(0 0 6.72088e-07)
(0 0 7.39648e-07)
(0 0 8.06696e-07)
(0 0 8.7197e-07)
(0 0 9.35433e-07)
(0 0 9.97482e-07)
(0 0 1.05857e-06)
(0 0 1.11905e-06)
(0 0 1.17918e-06)
(0 0 1.23918e-06)
(0 0 1.29922e-06)
(0 0 1.35941e-06)
(0 0 1.41981e-06)
(0 0 1.48038e-06)
(0 0 1.54081e-06)
(0 0 1.60004e-06)
(0 0 1.65504e-06)
(0 0 1.69835e-06)
(0 0 1.71654e-06)
(0 0 1.69569e-06)
(0 0 1.63403e-06)
(0 0 1.54935e-06)
(0 0 1.4706e-06)
(0 0 1.42334e-06)
(0 0 1.42371e-06)
(0 0 1.47683e-06)
)
;

boundaryField
{
    inlet
    {
        type            fixedValue;
        value           uniform (0 0 0);
    }
    outlet
    {
        type            zeroGradient;
    }
    emptyWalls
    {
        type            empty;
    }
}


// ************************************************************************* //
