/*--------------------------------*- C++ -*----------------------------------*\
  =========                 |
  \\      /  F ield         | OpenFOAM: The Open Source CFD Toolbox
   \\    /   O peration     | Website:  https://openfoam.org
    \\  /    A nd           | Version:  9
     \\/     M anipulation  |
\*---------------------------------------------------------------------------*/
FoamFile
{
    format      ascii;
    class       volVectorField;
    location    "13.8";
    object      Uc;
}
// * * * * * * * * * * * * * * * * * * * * * * * * * * * * * * * * * * * * * //

dimensions      [0 0 0 0 0 0 0];

internalField   nonuniform List<vector> 
1000
(
(3.71593e-07 0 0)
(1.34112e-06 0 0)
(2.74536e-06 0 0)
(4.55715e-06 0 0)
(6.76125e-06 0 0)
(9.34697e-06 0 0)
(1.23059e-05 0 0)
(1.56312e-05 0 0)
(1.93166e-05 0 0)
(2.33566e-05 0 0)
(2.77463e-05 0 0)
(3.24809e-05 0 0)
(3.75561e-05 0 0)
(4.29677e-05 0 0)
(4.87116e-05 0 0)
(5.47842e-05 0 0)
(6.11816e-05 0 0)
(6.79004e-05 0 0)
(7.4937e-05 0 0)
(8.22882e-05 0 0)
(8.99506e-05 0 0)
(9.79211e-05 0 0)
(0.000106197 0 0)
(0.000114774 0 0)
(0.000123651 0 0)
(0.000132823 0 0)
(0.000142289 0 0)
(0.000152045 0 0)
(0.000162089 0 0)
(0.000172418 0 0)
(0.000183029 0 0)
(0.00019392 0 0)
(0.000205089 0 0)
(0.000216532 0 0)
(0.000228247 0 0)
(0.000240232 0 0)
(0.000252485 0 0)
(0.000265003 0 0)
(0.000277784 0 0)
(0.000290825 0 0)
(0.000304125 0 0)
(0.000317681 0 0)
(0.00033149 0 0)
(0.000345552 0 0)
(0.000359863 0 0)
(0.000374422 0 0)
(0.000389227 0 0)
(0.000404275 0 0)
(0.000419564 0 0)
(0.000435093 0 0)
(0.00045086 0 0)
(0.000466863 0 0)
(0.0004831 0 0)
(0.000499568 0 0)
(0.000516267 0 0)
(0.000533194 0 0)
(0.000550348 0 0)
(0.000567726 0 0)
(0.000585328 0 0)
(0.000603151 0 0)
(0.000621193 0 0)
(0.000639454 0 0)
(0.000657931 0 0)
(0.000676623 0 0)
(0.000695527 0 0)
(0.000714644 0 0)
(0.00073397 0 0)
(0.000753504 0 0)
(0.000773246 0 0)
(0.000793192 0 0)
(0.000813343 0 0)
(0.000833696 0 0)
(0.00085425 0 0)
(0.000875003 0 0)
(0.000895954 0 0)
(0.000917102 0 0)
(0.000938445 0 0)
(0.000959981 0 0)
(0.00098171 0 0)
(0.00100363 0 0)
(0.00102574 0 0)
(0.00104804 0 0)
(0.00107053 0 0)
(0.0010932 0 0)
(0.00111605 0 0)
(0.00113909 0 0)
(0.00116231 0 0)
(0.00118572 0 0)
(0.0012093 0 0)
(0.00123306 0 0)
(0.001257 0 0)
(0.00128111 0 0)
(0.0013054 0 0)
(0.00132986 0 0)
(0.0013545 0 0)
(0.0013793 0 0)
(0.00140428 0 0)
(0.00142943 0 0)
(0.00145474 0 0)
(0.00148022 0 0)
(0.00150587 0 0)
(0.00153168 0 0)
(0.00155766 0 0)
(0.0015838 0 0)
(0.0016101 0 0)
(0.00163656 0 0)
(0.00166318 0 0)
(0.00168996 0 0)
(0.0017169 0 0)
(0.001744 0 0)
(0.00177125 0 0)
(0.00179865 0 0)
(0.00182621 0 0)
(0.00185393 0 0)
(0.00188179 0 0)
(0.00190981 0 0)
(0.00193798 0 0)
(0.00196629 0 0)
(0.00199476 0 0)
(0.00202337 0 0)
(0.00205213 0 0)
(0.00208104 0 0)
(0.00211009 0 0)
(0.00213928 0 0)
(0.00216862 0 0)
(0.0021981 0 0)
(0.00222772 0 0)
(0.00225749 0 0)
(0.00228739 0 0)
(0.00231743 0 0)
(0.00234761 0 0)
(0.00237793 0 0)
(0.00240839 0 0)
(0.00243898 0 0)
(0.00246971 0 0)
(0.00250057 0 0)
(0.00253157 0 0)
(0.0025627 0 0)
(0.00259396 0 0)
(0.00262535 0 0)
(0.00265688 0 0)
(0.00268853 0 0)
(0.00272032 0 0)
(0.00275223 0 0)
(0.00278427 0 0)
(0.00281644 0 0)
(0.00284873 0 0)
(0.00288116 0 0)
(0.0029137 0 0)
(0.00294637 0 0)
(0.00297917 0 0)
(0.00301209 0 0)
(0.00304513 0 0)
(0.0030783 0 0)
(0.00311158 0 0)
(0.00314499 0 0)
(0.00317852 0 0)
(0.00321216 0 0)
(0.00324593 0 0)
(0.00327981 0 0)
(0.00331382 0 0)
(0.00334793 0 0)
(0.00338217 0 0)
(0.00341652 0 0)
(0.00345099 0 0)
(0.00348557 0 0)
(0.00352027 0 0)
(0.00355508 0 0)
(0.00359 0 0)
(0.00362504 0 0)
(0.00366019 0 0)
(0.00369545 0 0)
(0.00373082 0 0)
(0.0037663 0 0)
(0.00380189 0 0)
(0.00383759 0 0)
(0.0038734 0 0)
(0.00390932 0 0)
(0.00394534 0 0)
(0.00398147 0 0)
(0.00401771 0 0)
(0.00405406 0 0)
(0.00409051 0 0)
(0.00412706 0 0)
(0.00416373 0 0)
(0.00420049 0 0)
(0.00423736 0 0)
(0.00427433 0 0)
(0.00431141 0 0)
(0.00434859 0 0)
(0.00438586 0 0)
(0.00442325 0 0)
(0.00446073 0 0)
(0.00449831 0 0)
(0.00453599 0 0)
(0.00457377 0 0)
(0.00461165 0 0)
(0.00464963 0 0)
(0.00468771 0 0)
(0.00472589 0 0)
(0.00476416 0 0)
(0.00480253 0 0)
(0.004841 0 0)
(0.00487956 0 0)
(0.00491822 0 0)
(0.00495697 0 0)
(0.00499582 0 0)
(0.00503476 0 0)
(0.0050738 0 0)
(0.00511293 0 0)
(0.00515215 0 0)
(0.00519146 0 0)
(0.00523087 0 0)
(0.00527037 0 0)
(0.00530996 0 0)
(0.00534965 0 0)
(0.00538942 0 0)
(0.00542929 0 0)
(0.00546924 0 0)
(0.00550928 0 0)
(0.00554942 0 0)
(0.00558964 0 0)
(0.00562995 0 0)
(0.00567035 0 0)
(0.00571083 0 0)
(0.00575141 0 0)
(0.00579207 0 0)
(0.00583282 0 0)
(0.00587365 0 0)
(0.00591457 0 0)
(0.00595558 0 0)
(0.00599667 0 0)
(0.00603785 0 0)
(0.00607911 0 0)
(0.00612045 0 0)
(0.00616188 0 0)
(0.00620339 0 0)
(0.00624499 0 0)
(0.00628667 0 0)
(0.00632843 0 0)
(0.00637027 0 0)
(0.0064122 0 0)
(0.00645421 0 0)
(0.0064963 0 0)
(0.00653847 0 0)
(0.00658072 0 0)
(0.00662305 0 0)
(0.00666546 0 0)
(0.00670795 0 0)
(0.00675053 0 0)
(0.00679318 0 0)
(0.0068359 0 0)
(0.00687871 0 0)
(0.0069216 0 0)
(0.00696456 0 0)
(0.0070076 0 0)
(0.00705072 0 0)
(0.00709392 0 0)
(0.00713719 0 0)
(0.00718054 0 0)
(0.00722397 0 0)
(0.00726747 0 0)
(0.00731105 0 0)
(0.0073547 0 0)
(0.00739843 0 0)
(0.00744224 0 0)
(0.00748611 0 0)
(0.00753007 0 0)
(0.00757409 0 0)
(0.00761819 0 0)
(0.00766237 0 0)
(0.00770662 0 0)
(0.00775094 0 0)
(0.00779533 0 0)
(0.0078398 0 0)
(0.00788433 0 0)
(0.00792894 0 0)
(0.00797363 0 0)
(0.00801838 0 0)
(0.00806321 0 0)
(0.0081081 0 0)
(0.00815307 0 0)
(0.0081981 0 0)
(0.00824321 0 0)
(0.00828839 0 0)
(0.00833364 0 0)
(0.00837895 0 0)
(0.00842434 0 0)
(0.0084698 0 0)
(0.00851532 0 0)
(0.00856091 0 0)
(0.00860658 0 0)
(0.00865231 0 0)
(0.0086981 0 0)
(0.00874397 0 0)
(0.0087899 0 0)
(0.0088359 0 0)
(0.00888197 0 0)
(0.0089281 0 0)
(0.0089743 0 0)
(0.00902057 0 0)
(0.0090669 0 0)
(0.0091133 0 0)
(0.00915977 0 0)
(0.0092063 0 0)
(0.0092529 0 0)
(0.00929956 0 0)
(0.00934628 0 0)
(0.00939307 0 0)
(0.00943993 0 0)
(0.00948685 0 0)
(0.00953383 0 0)
(0.00958088 0 0)
(0.00962799 0 0)
(0.00967517 0 0)
(0.00972241 0 0)
(0.00976971 0 0)
(0.00981707 0 0)
(0.0098645 0 0)
(0.00991199 0 0)
(0.00995954 0 0)
(0.0100072 0 0)
(0.0100548 0 0)
(0.0101026 0 0)
(0.0101504 0 0)
(0.0101982 0 0)
(0.0102462 0 0)
(0.0102941 0 0)
(0.0103422 0 0)
(0.0103903 0 0)
(0.0104384 0 0)
(0.0104867 0 0)
(0.010535 0 0)
(0.0105833 0 0)
(0.0106317 0 0)
(0.0106802 0 0)
(0.0107287 0 0)
(0.0107773 0 0)
(0.0108259 0 0)
(0.0108746 0 0)
(0.0109234 0 0)
(0.0109722 0 0)
(0.0110211 0 0)
(0.01107 0 0)
(0.011119 0 0)
(0.0111681 0 0)
(0.0112172 0 0)
(0.0112663 0 0)
(0.0113156 0 0)
(0.0113649 0 0)
(0.0114142 0 0)
(0.0114636 0 0)
(0.011513 0 0)
(0.0115625 0 0)
(0.0116121 0 0)
(0.0116617 0 0)
(0.0117114 0 0)
(0.0117611 0 0)
(0.0118109 0 0)
(0.0118608 0 0)
(0.0119107 0 0)
(0.0119606 0 0)
(0.0120107 0 0)
(0.0120607 0 0)
(0.0121108 0 0)
(0.012161 0 0)
(0.0122112 0 0)
(0.0122615 0 0)
(0.0123119 0 0)
(0.0123623 0 0)
(0.0124127 0 0)
(0.0124632 0 0)
(0.0125138 0 0)
(0.0125644 0 0)
(0.0126151 0 0)
(0.0126658 0 0)
(0.0127165 0 0)
(0.0127674 0 0)
(0.0128182 0 0)
(0.0128692 0 0)
(0.0129201 0 0)
(0.0129712 0 0)
(0.0130223 0 0)
(0.0130734 0 0)
(0.0131246 0 0)
(0.0131758 0 0)
(0.0132271 0 0)
(0.0132785 0 0)
(0.0133299 0 0)
(0.0133813 0 0)
(0.0134328 0 0)
(0.0134844 0 0)
(0.013536 0 0)
(0.0135876 0 0)
(0.0136394 0 0)
(0.0136911 0 0)
(0.0137429 0 0)
(0.0137948 0 0)
(0.0138467 0 0)
(0.0138986 0 0)
(0.0139507 0 0)
(0.0140027 0 0)
(0.0140548 0 0)
(0.014107 0 0)
(0.0141592 0 0)
(0.0142114 0 0)
(0.0142637 0 0)
(0.0143161 0 0)
(0.0143685 0 0)
(0.014421 0 0)
(0.0144735 0 0)
(0.014526 0 0)
(0.0145786 0 0)
(0.0146313 0 0)
(0.014684 0 0)
(0.0147367 0 0)
(0.0147895 0 0)
(0.0148424 0 0)
(0.0148953 0 0)
(0.0149482 0 0)
(0.0150012 0 0)
(0.0150542 0 0)
(0.0151073 0 0)
(0.0151604 0 0)
(0.0152136 0 0)
(0.0152668 0 0)
(0.0153201 0 0)
(0.0153734 0 0)
(0.0154268 0 0)
(0.0154802 0 0)
(0.0155337 0 0)
(0.0155872 0 0)
(0.0156407 0 0)
(0.0156943 0 0)
(0.015748 0 0)
(0.0158017 0 0)
(0.0158554 0 0)
(0.0159092 0 0)
(0.015963 0 0)
(0.0160169 0 0)
(0.0160708 0 0)
(0.0161248 0 0)
(0.0161788 0 0)
(0.0162329 0 0)
(0.016287 0 0)
(0.0163411 0 0)
(0.0163953 0 0)
(0.0164496 0 0)
(0.0165038 0 0)
(0.0165582 0 0)
(0.0166126 0 0)
(0.016667 0 0)
(0.0167214 0 0)
(0.016776 0 0)
(0.0168305 0 0)
(0.0168851 0 0)
(0.0169398 0 0)
(0.0169944 0 0)
(0.0170492 0 0)
(0.017104 0 0)
(0.0171588 0 0)
(0.0172136 0 0)
(0.0172685 0 0)
(0.0173235 0 0)
(0.0173785 0 0)
(0.0174335 0 0)
(0.0174886 0 0)
(0.0175437 0 0)
(0.0175989 0 0)
(0.0176541 0 0)
(0.0177094 0 0)
(0.0177647 0 0)
(0.01782 0 0)
(0.0178754 0 0)
(0.0179308 0 0)
(0.0179863 0 0)
(0.0180418 0 0)
(0.0180974 0 0)
(0.018153 0 0)
(0.0182086 0 0)
(0.0182643 0 0)
(0.01832 0 0)
(0.0183758 0 0)
(0.0184316 0 0)
(0.0184875 0 0)
(0.0185434 0 0)
(0.0185993 0 0)
(0.0186553 0 0)
(0.0187113 0 0)
(0.0187674 0 0)
(0.0188235 0 0)
(0.0188796 0 0)
(0.0189358 0 0)
(0.018992 0 0)
(0.0190483 0 0)
(0.0191046 0 0)
(0.019161 0 0)
(0.0192173 0 0)
(0.0192738 0 0)
(0.0193303 0 0)
(0.0193868 0 0)
(0.0194433 0 0)
(0.0194999 0 0)
(0.0195566 0 0)
(0.0196132 0 0)
(0.01967 0 0)
(0.0197267 0 0)
(0.0197835 0 0)
(0.0198404 0 0)
(0.0198972 0 0)
(0.0199542 0 0)
(0.0200111 0 0)
(0.0200681 0 0)
(0.0201252 0 0)
(0.0201822 0 0)
(0.0202394 0 0)
(0.0202965 0 0)
(0.0203537 0 0)
(0.020411 0 0)
(0.0204682 0 0)
(0.0205256 0 0)
(0.0205829 0 0)
(0.0206403 0 0)
(0.0206978 0 0)
(0.0207552 0 0)
(0.0208128 0 0)
(0.0208703 0 0)
(0.0209279 0 0)
(0.0209855 0 0)
(0.0210432 0 0)
(0.0211009 0 0)
(0.0211587 0 0)
(0.0212165 0 0)
(0.0212743 0 0)
(0.0213322 0 0)
(0.0213901 0 0)
(0.021448 0 0)
(0.021506 0 0)
(0.021564 0 0)
(0.0216221 0 0)
(0.0216802 0 0)
(0.0217383 0 0)
(0.0217965 0 0)
(0.0218547 0 0)
(0.021913 0 0)
(0.0219712 0 0)
(0.0220296 0 0)
(0.0220879 0 0)
(0.0221463 0 0)
(0.0222048 0 0)
(0.0222633 0 0)
(0.0223218 0 0)
(0.0223803 0 0)
(0.0224389 0 0)
(0.0224976 0 0)
(0.0225562 0 0)
(0.0226149 0 0)
(0.0226737 0 0)
(0.0227325 0 0)
(0.0227913 0 0)
(0.0228501 0 0)
(0.022909 0 0)
(0.022968 0 0)
(0.0230269 0 0)
(0.0230859 0 0)
(0.023145 0 0)
(0.023204 0 0)
(0.0232632 0 0)
(0.0233223 0 0)
(0.0233815 0 0)
(0.0234407 0 0)
(0.0235 0 0)
(0.0235593 0 0)
(0.0236186 0 0)
(0.023678 0 0)
(0.0237374 0 0)
(0.0237969 0 0)
(0.0238563 0 0)
(0.0239159 0 0)
(0.0239754 0 0)
(0.024035 0 0)
(0.0240946 0 0)
(0.0241543 0 0)
(0.024214 0 0)
(0.0242737 0 0)
(0.0243335 0 0)
(0.0243933 0 0)
(0.0244532 0 0)
(0.0245131 0 0)
(0.024573 0 0)
(0.0246329 0 0)
(0.0246929 0 0)
(0.0247529 0 0)
(0.024813 0 0)
(0.0248731 0 0)
(0.0249332 0 0)
(0.0249934 0 0)
(0.0250536 0 0)
(0.0251138 0 0)
(0.0251741 0 0)
(0.0252344 0 0)
(0.0252948 0 0)
(0.0253552 0 0)
(0.0254156 0 0)
(0.025476 0 0)
(0.0255365 0 0)
(0.0255971 0 0)
(0.0256576 0 0)
(0.0257182 0 0)
(0.0257788 0 0)
(0.0258395 0 0)
(0.0259002 0 0)
(0.0259609 0 0)
(0.0260217 0 0)
(0.0260825 0 0)
(0.0261434 0 0)
(0.0262042 0 0)
(0.0262651 0 0)
(0.0263261 0 0)
(0.0263871 0 0)
(0.0264481 0 0)
(0.0265091 0 0)
(0.0265702 0 0)
(0.0266313 0 0)
(0.0266925 0 0)
(0.0267537 0 0)
(0.0268149 0 0)
(0.0268762 0 0)
(0.0269374 0 0)
(0.0269988 0 0)
(0.0270601 0 0)
(0.0271215 0 0)
(0.027183 0 0)
(0.0272444 0 0)
(0.0273059 0 0)
(0.0273675 0 0)
(0.027429 0 0)
(0.0274906 0 0)
(0.0275523 0 0)
(0.0276139 0 0)
(0.0276756 0 0)
(0.0277374 0 0)
(0.0277992 0 0)
(0.027861 0 0)
(0.0279228 0 0)
(0.0279847 0 0)
(0.0280466 0 0)
(0.0281085 0 0)
(0.0281705 0 0)
(0.0282325 0 0)
(0.0282946 0 0)
(0.0283567 0 0)
(0.0284188 0 0)
(0.0284809 0 0)
(0.0285431 0 0)
(0.0286053 0 0)
(0.0286676 0 0)
(0.0287298 0 0)
(0.0287922 0 0)
(0.0288545 0 0)
(0.0289169 0 0)
(0.0289793 0 0)
(0.0290418 0 0)
(0.0291042 0 0)
(0.0291668 0 0)
(0.0292293 0 0)
(0.0292919 0 0)
(0.0293545 0 0)
(0.0294172 0 0)
(0.0294799 0 0)
(0.0295426 0 0)
(0.0296053 0 0)
(0.0296681 0 0)
(0.0297309 0 0)
(0.0297938 0 0)
(0.0298567 0 0)
(0.0299196 0 0)
(0.0299825 0 0)
(0.0300455 0 0)
(0.0301085 0 0)
(0.0301716 0 0)
(0.0302347 0 0)
(0.0302978 0 0)
(0.030361 0 0)
(0.0304241 0 0)
(0.0304874 0 0)
(0.0305506 0 0)
(0.0306139 0 0)
(0.0306772 0 0)
(0.0307406 0 0)
(0.0308039 0 0)
(0.0308674 0 0)
(0.0309308 0 0)
(0.0309943 0 0)
(0.0310578 0 0)
(0.0311214 0 0)
(0.0311849 0 0)
(0.0312486 0 0)
(0.0313122 0 0)
(0.0313759 0 0)
(0.0314396 0 0)
(0.0315033 0 0)
(0.0315671 0 0)
(0.0316309 0 0)
(0.0316948 0 0)
(0.0317587 0 0)
(0.0318226 0 0)
(0.0318865 0 0)
(0.0319505 0 0)
(0.0320145 0 0)
(0.0320785 0 0)
(0.0321426 0 0)
(0.0322067 0 0)
(0.0322709 0 0)
(0.032335 0 0)
(0.0323992 0 0)
(0.0324635 0 0)
(0.0325277 0 0)
(0.032592 0 0)
(0.0326564 0 0)
(0.0327208 0 0)
(0.0327852 0 0)
(0.0328496 0 0)
(0.0329141 0 0)
(0.0329786 0 0)
(0.0330431 0 0)
(0.0331076 0 0)
(0.0331722 0 0)
(0.0332369 0 0)
(0.0333015 0 0)
(0.0333662 0 0)
(0.033431 0 0)
(0.0334957 0 0)
(0.0335605 0 0)
(0.0336253 0 0)
(0.0336902 0 0)
(0.0337551 0 0)
(0.03382 0 0)
(0.033885 0 0)
(0.0339499 0 0)
(0.034015 0 0)
(0.03408 0 0)
(0.0341451 0 0)
(0.0342102 0 0)
(0.0342754 0 0)
(0.0343406 0 0)
(0.0344058 0 0)
(0.034471 0 0)
(0.0345363 0 0)
(0.0346016 0 0)
(0.0346669 0 0)
(0.0347323 0 0)
(0.0347977 0 0)
(0.0348632 0 0)
(0.0349287 0 0)
(0.0349942 0 0)
(0.0350597 0 0)
(0.0351253 0 0)
(0.0351909 0 0)
(0.0352565 0 0)
(0.0353222 0 0)
(0.0353879 0 0)
(0.0354536 0 0)
(0.0355194 0 0)
(0.0355852 0 0)
(0.035651 0 0)
(0.0357169 0 0)
(0.0357828 0 0)
(0.0358487 0 0)
(0.0359147 0 0)
(0.0359807 0 0)
(0.0360467 0 0)
(0.0361128 0 0)
(0.0361789 0 0)
(0.036245 0 0)
(0.0363111 0 0)
(0.0363773 0 0)
(0.0364436 0 0)
(0.0365098 0 0)
(0.0365761 0 0)
(0.0366424 0 0)
(0.0367088 0 0)
(0.0367752 0 0)
(0.0368416 0 0)
(0.036908 0 0)
(0.0369745 0 0)
(0.037041 0 0)
(0.0371076 0 0)
(0.0371742 0 0)
(0.0372408 0 0)
(0.0373074 0 0)
(0.0373741 0 0)
(0.0374408 0 0)
(0.0375076 0 0)
(0.0375744 0 0)
(0.0376412 0 0)
(0.037708 0 0)
(0.0377749 0 0)
(0.0378418 0 0)
(0.0379088 0 0)
(0.0379757 0 0)
(0.0380427 0 0)
(0.0381098 0 0)
(0.0381769 0 0)
(0.038244 0 0)
(0.0383111 0 0)
(0.0383783 0 0)
(0.0384455 0 0)
(0.0385127 0 0)
(0.03858 0 0)
(0.0386473 0 0)
(0.0387147 0 0)
(0.038782 0 0)
(0.0388495 0 0)
(0.0389169 0 0)
(0.0389844 0 0)
(0.0390519 0 0)
(0.0391194 0 0)
(0.039187 0 0)
(0.0392546 0 0)
(0.0393223 0 0)
(0.0393899 0 0)
(0.0394576 0 0)
(0.0395254 0 0)
(0.0395932 0 0)
(0.039661 0 0)
(0.0397288 0 0)
(0.0397967 0 0)
(0.0398646 0 0)
(0.0399326 0 0)
(0.0400005 0 0)
(0.0400686 0 0)
(0.0401366 0 0)
(0.0402047 0 0)
(0.0402728 0 0)
(0.040341 0 0)
(0.0404092 0 0)
(0.0404774 0 0)
(0.0405456 0 0)
(0.0406139 0 0)
(0.0406822 0 0)
(0.0407506 0 0)
(0.040819 0 0)
(0.0408874 0 0)
(0.0409559 0 0)
(0.0410244 0 0)
(0.0410929 0 0)
(0.0411615 0 0)
(0.0412301 0 0)
(0.0412987 0 0)
(0.0413674 0 0)
(0.0414361 0 0)
(0.0415048 0 0)
(0.0415736 0 0)
(0.0416424 0 0)
(0.0417113 0 0)
(0.0417802 0 0)
(0.0418491 0 0)
(0.041918 0 0)
(0.041987 0 0)
(0.0420561 0 0)
(0.0421251 0 0)
(0.0421942 0 0)
(0.0422634 0 0)
(0.0423325 0 0)
(0.0424017 0 0)
(0.042471 0 0)
(0.0425403 0 0)
(0.0426096 0 0)
(0.0426789 0 0)
(0.0427483 0 0)
(0.0428178 0 0)
(0.0428872 0 0)
(0.0429567 0 0)
(0.0430263 0 0)
(0.0430958 0 0)
(0.0431655 0 0)
(0.0432351 0 0)
(0.0433048 0 0)
(0.0433745 0 0)
(0.0434443 0 0)
(0.0435141 0 0)
(0.0435839 0 0)
(0.0436538 0 0)
(0.0437237 0 0)
(0.0437937 0 0)
(0.0438637 0 0)
(0.0439337 0 0)
(0.0440038 0 0)
(0.0440739 0 0)
(0.0441441 0 0)
(0.0442143 0 0)
(0.0442845 0 0)
(0.0443548 0 0)
(0.0444251 0 0)
(0.0444954 0 0)
(0.0445658 0 0)
(0.0446363 0 0)
(0.0447068 0 0)
(0.0447773 0 0)
(0.0448478 0 0)
(0.0449184 0 0)
(0.0449891 0 0)
(0.0450598 0 0)
(0.0451305 0 0)
(0.0452012 0 0)
(0.0452721 0 0)
(0.0453429 0 0)
(0.0454138 0 0)
(0.0454847 0 0)
(0.0455557 0 0)
(0.0456268 0 0)
(0.0456978 0 0)
(0.0457689 0 0)
(0.0458401 0 0)
(0.0459113 0 0)
(0.0459826 0 0)
(0.0460539 0 0)
(0.0461252 0 0)
(0.0461966 0 0)
(0.046268 0 0)
(0.0463395 0 0)
(0.046411 0 0)
(0.0464826 0 0)
(0.0465542 0 0)
(0.0466259 0 0)
(0.0466976 0 0)
(0.0467694 0 0)
(0.0468412 0 0)
(0.0469131 0 0)
(0.046985 0 0)
(0.047057 0 0)
(0.047129 0 0)
(0.0472011 0 0)
(0.0472732 0 0)
(0.0473454 0 0)
(0.0474176 0 0)
(0.0474899 0 0)
(0.0475622 0 0)
(0.0476346 0 0)
(0.0477071 0 0)
(0.0477796 0 0)
(0.0478522 0 0)
(0.0479248 0 0)
(0.0479974 0 0)
(0.0480702 0 0)
(0.048143 0 0)
(0.0482158 0 0)
(0.0482887 0 0)
(0.0483617 0 0)
(0.0484348 0 0)
(0.0485079 0 0)
(0.048581 0 0)
(0.0486542 0 0)
(0.0487275 0 0)
(0.0488009 0 0)
(0.0488743 0 0)
(0.0489478 0 0)
(0.0490214 0 0)
(0.049095 0 0)
(0.0491687 0 0)
(0.0492425 0 0)
(0.0493163 0 0)
(0.0493902 0 0)
(0.0494642 0 0)
(0.0495383 0 0)
(0.0496124 0 0)
(0.0496867 0 0)
(0.049761 0 0)
(0.0498354 0 0)
(0.0499098 0 0)
(0.0499844 0 0)
(0.050059 0 0)
(0.0501337 0 0)
(0.0502086 0 0)
(0.0502835 0 0)
(0.0503585 0 0)
(0.0504336 0 0)
(0.0505087 0 0)
(0.050584 0 0)
(0.0506594 0 0)
(0.0507349 0 0)
(0.0508105 0 0)
(0.0508862 0 0)
(0.050962 0 0)
(0.0510379 0 0)
(0.051114 0 0)
(0.0511901 0 0)
(0.0512664 0 0)
(0.0513428 0 0)
(0.0514193 0 0)
(0.051496 0 0)
(0.0515727 0 0)
(0.0516497 0 0)
(0.0517267 0 0)
(0.0518039 0 0)
(0.0518812 0 0)
(0.0519587 0 0)
(0.0520364 0 0)
(0.0521142 0 0)
)
;

boundaryField
{
    inlet
    {
        type            fixedValue;
        value           uniform (0 0 0);
    }
    outlet
    {
        type            zeroGradient;
    }
    emptyWalls
    {
        type            empty;
    }
}


// ************************************************************************* //
