/*--------------------------------*- C++ -*----------------------------------*\
  =========                 |
  \\      /  F ield         | OpenFOAM: The Open Source CFD Toolbox
   \\    /   O peration     | Website:  https://openfoam.org
    \\  /    A nd           | Version:  9
     \\/     M anipulation  |
\*---------------------------------------------------------------------------*/
FoamFile
{
    format      ascii;
    class       volScalarField;
    location    "12.7";
    object      krb;
}
// * * * * * * * * * * * * * * * * * * * * * * * * * * * * * * * * * * * * * //

dimensions      [0 0 0 0 0 0 0];

internalField   nonuniform List<scalar> 
1000
(
0.301804
0.301097
0.300444
0.299817
0.299206
0.298608
0.298019
0.297438
0.296865
0.296298
0.295736
0.29518
0.294628
0.294081
0.293539
0.293001
0.292467
0.291937
0.29141
0.290888
0.290369
0.289853
0.289341
0.288832
0.288326
0.287824
0.287325
0.286828
0.286335
0.285845
0.285358
0.284873
0.284392
0.283913
0.283437
0.282963
0.282493
0.282025
0.281559
0.281096
0.280636
0.280178
0.279723
0.27927
0.278819
0.278371
0.277925
0.277482
0.277041
0.276602
0.276165
0.275731
0.275298
0.274868
0.274441
0.274015
0.273591
0.27317
0.27275
0.272333
0.271917
0.271504
0.271092
0.270683
0.270275
0.26987
0.269466
0.269064
0.268664
0.268266
0.26787
0.267476
0.267083
0.266692
0.266303
0.265916
0.265531
0.265147
0.264765
0.264384
0.264005
0.263628
0.263253
0.262879
0.262507
0.262136
0.261767
0.2614
0.261034
0.26067
0.260307
0.259946
0.259586
0.259228
0.258871
0.258516
0.258162
0.25781
0.257459
0.25711
0.256762
0.256415
0.25607
0.255726
0.255384
0.255043
0.254703
0.254364
0.254027
0.253692
0.253357
0.253024
0.252692
0.252362
0.252032
0.251704
0.251378
0.251052
0.250728
0.250405
0.250083
0.249762
0.249443
0.249124
0.248807
0.248492
0.248177
0.247863
0.247551
0.247239
0.246929
0.24662
0.246312
0.246006
0.2457
0.245395
0.245092
0.244789
0.244488
0.244187
0.243888
0.24359
0.243293
0.242997
0.242702
0.242407
0.242114
0.241822
0.241531
0.241241
0.240952
0.240664
0.240377
0.24009
0.239805
0.239521
0.239238
0.238955
0.238674
0.238393
0.238114
0.237835
0.237557
0.23728
0.237004
0.236729
0.236455
0.236182
0.23591
0.235638
0.235367
0.235098
0.234829
0.23456
0.234293
0.234027
0.233761
0.233497
0.233233
0.232969
0.232707
0.232446
0.232185
0.231925
0.231666
0.231408
0.23115
0.230894
0.230638
0.230383
0.230128
0.229875
0.229622
0.22937
0.229118
0.228868
0.228618
0.228369
0.22812
0.227872
0.227625
0.227379
0.227134
0.226889
0.226645
0.226401
0.226159
0.225917
0.225675
0.225435
0.225195
0.224956
0.224717
0.224479
0.224242
0.224005
0.22377
0.223534
0.2233
0.223066
0.222833
0.2226
0.222368
0.222137
0.221906
0.221676
0.221446
0.221218
0.220989
0.220762
0.220535
0.220308
0.220083
0.219858
0.219633
0.219409
0.219186
0.218963
0.218741
0.218519
0.218298
0.218078
0.217858
0.217639
0.21742
0.217202
0.216984
0.216767
0.216551
0.216335
0.21612
0.215905
0.215691
0.215477
0.215264
0.215051
0.214839
0.214628
0.214417
0.214206
0.213996
0.213787
0.213578
0.213369
0.213162
0.212954
0.212747
0.212541
0.212335
0.21213
0.211925
0.211721
0.211517
0.211314
0.211111
0.210909
0.210707
0.210505
0.210305
0.210104
0.209904
0.209705
0.209506
0.209307
0.209109
0.208912
0.208715
0.208518
0.208322
0.208126
0.207931
0.207736
0.207542
0.207348
0.207155
0.206962
0.206769
0.206577
0.206385
0.206194
0.206003
0.205813
0.205623
0.205434
0.205245
0.205056
0.204868
0.20468
0.204493
0.204306
0.204119
0.203933
0.203747
0.203562
0.203377
0.203193
0.203009
0.202825
0.202642
0.202459
0.202277
0.202094
0.201913
0.201732
0.201551
0.20137
0.20119
0.20101
0.200831
0.200652
0.200474
0.200296
0.200118
0.19994
0.199763
0.199587
0.19941
0.199235
0.199059
0.198884
0.198709
0.198535
0.198361
0.198187
0.198013
0.19784
0.197668
0.197496
0.197324
0.197152
0.196981
0.19681
0.19664
0.196469
0.1963
0.19613
0.195961
0.195792
0.195624
0.195456
0.195288
0.19512
0.194953
0.194787
0.19462
0.194454
0.194288
0.194123
0.193958
0.193793
0.193629
0.193464
0.193301
0.193137
0.192974
0.192811
0.192649
0.192486
0.192324
0.192163
0.192002
0.191841
0.19168
0.19152
0.19136
0.1912
0.19104
0.190881
0.190722
0.190564
0.190406
0.190248
0.19009
0.189933
0.189776
0.189619
0.189463
0.189306
0.189151
0.188995
0.18884
0.188685
0.18853
0.188376
0.188222
0.188068
0.187914
0.187761
0.187608
0.187455
0.187303
0.187151
0.186999
0.186847
0.186696
0.186545
0.186394
0.186243
0.186093
0.185943
0.185793
0.185644
0.185495
0.185346
0.185197
0.185049
0.184901
0.184753
0.184605
0.184458
0.184311
0.184164
0.184017
0.183871
0.183725
0.183579
0.183434
0.183289
0.183143
0.182999
0.182854
0.18271
0.182566
0.182422
0.182279
0.182135
0.181992
0.181849
0.181707
0.181564
0.181422
0.181281
0.181139
0.180998
0.180856
0.180716
0.180575
0.180435
0.180294
0.180154
0.180015
0.179875
0.179736
0.179597
0.179458
0.17932
0.179181
0.179043
0.178905
0.178768
0.17863
0.178493
0.178356
0.178219
0.178083
0.177946
0.17781
0.177674
0.177539
0.177403
0.177268
0.177133
0.176998
0.176864
0.17673
0.176595
0.176461
0.176328
0.176194
0.176061
0.175928
0.175795
0.175662
0.17553
0.175398
0.175266
0.175134
0.175002
0.174871
0.17474
0.174609
0.174478
0.174347
0.174217
0.174087
0.173957
0.173827
0.173697
0.173568
0.173439
0.17331
0.173181
0.173052
0.172924
0.172796
0.172668
0.17254
0.172412
0.172285
0.172158
0.17203
0.171904
0.171777
0.17165
0.171524
0.171398
0.171272
0.171146
0.171021
0.170895
0.17077
0.170645
0.17052
0.170396
0.170271
0.170147
0.170023
0.169899
0.169775
0.169652
0.169529
0.169405
0.169282
0.16916
0.169037
0.168914
0.168792
0.16867
0.168548
0.168426
0.168305
0.168183
0.168062
0.167941
0.16782
0.167699
0.167579
0.167458
0.167338
0.167218
0.167098
0.166979
0.166859
0.16674
0.16662
0.166501
0.166383
0.166264
0.166145
0.166027
0.165909
0.165791
0.165673
0.165555
0.165437
0.16532
0.165203
0.165086
0.164969
0.164852
0.164735
0.164619
0.164503
0.164387
0.164271
0.164155
0.164039
0.163924
0.163808
0.163693
0.163578
0.163463
0.163348
0.163234
0.163119
0.163005
0.162891
0.162777
0.162663
0.16255
0.162436
0.162323
0.162209
0.162096
0.161983
0.161871
0.161758
0.161645
0.161533
0.161421
0.161309
0.161197
0.161085
0.160974
0.160862
0.160751
0.16064
0.160529
0.160418
0.160307
0.160196
0.160086
0.159975
0.159865
0.159755
0.159645
0.159536
0.159426
0.159316
0.159207
0.159098
0.158989
0.15888
0.158771
0.158662
0.158554
0.158445
0.158337
0.158229
0.158121
0.158013
0.157905
0.157798
0.15769
0.157583
0.157476
0.157369
0.157262
0.157155
0.157048
0.156942
0.156835
0.156729
0.156623
0.156517
0.156411
0.156305
0.156199
0.156094
0.155988
0.155883
0.155778
0.155673
0.155568
0.155463
0.155358
0.155254
0.155149
0.155045
0.154941
0.154837
0.154733
0.154629
0.154526
0.154422
0.154319
0.154215
0.154112
0.154009
0.153906
0.153803
0.1537
0.153598
0.153495
0.153393
0.153291
0.153189
0.153087
0.152985
0.152883
0.152781
0.15268
0.152578
0.152477
0.152376
0.152275
0.152174
0.152073
0.151972
0.151871
0.151771
0.15167
0.15157
0.15147
0.15137
0.15127
0.15117
0.15107
0.150971
0.150871
0.150772
0.150672
0.150573
0.150474
0.150375
0.150276
0.150177
0.150079
0.14998
0.149882
0.149783
0.149685
0.149587
0.149489
0.149391
0.149293
0.149195
0.149098
0.149
0.148903
0.148806
0.148708
0.148611
0.148514
0.148417
0.148321
0.148224
0.148127
0.148031
0.147934
0.147838
0.147742
0.147646
0.14755
0.147454
0.147358
0.147262
0.147167
0.147071
0.146976
0.146881
0.146785
0.14669
0.146595
0.1465
0.146405
0.146311
0.146216
0.146122
0.146027
0.145933
0.145838
0.145744
0.14565
0.145556
0.145462
0.145368
0.145275
0.145181
0.145088
0.144994
0.144901
0.144807
0.144714
0.144621
0.144528
0.144435
0.144342
0.14425
0.144157
0.144065
0.143972
0.14388
0.143787
0.143695
0.143603
0.143511
0.143419
0.143327
0.143235
0.143144
0.143052
0.142961
0.142869
0.142778
0.142686
0.142595
0.142504
0.142413
0.142322
0.142231
0.14214
0.14205
0.141959
0.141868
0.141778
0.141688
0.141597
0.141507
0.141417
0.141327
0.141237
0.141147
0.141057
0.140967
0.140877
0.140788
0.140698
0.140609
0.140519
0.14043
0.140341
0.140251
0.140162
0.140073
0.139984
0.139895
0.139806
0.139718
0.139629
0.13954
0.139452
0.139363
0.139275
0.139186
0.139098
0.13901
0.138922
0.138833
0.138745
0.138657
0.138569
0.138482
0.138394
0.138306
0.138218
0.138131
0.138043
0.137956
0.137868
0.137781
0.137694
0.137606
0.137519
0.137432
0.137345
0.137258
0.137171
0.137084
0.136997
0.13691
0.136823
0.136736
0.13665
0.136563
0.136476
0.13639
0.136303
0.136217
0.13613
0.136044
0.135958
0.135871
0.135785
0.135699
0.135612
0.135526
0.13544
0.135354
0.135268
0.135182
0.135096
0.13501
0.134924
0.134838
0.134752
0.134666
0.13458
0.134494
0.134408
0.134322
0.134237
0.134151
0.134065
0.133979
0.133893
0.133808
0.133722
0.133636
0.13355
0.133464
0.133378
0.133293
0.133207
0.133121
0.133035
0.132949
0.132863
0.132777
0.132691
0.132605
0.132519
0.132433
0.132347
0.13226
0.132174
0.132088
0.132001
0.131915
0.131828
0.131741
0.131654
0.131568
0.131481
0.131393
0.131306
0.131219
0.131131
0.131044
0.130956
0.130868
0.13078
0.130691
0.130603
0.130514
0.130425
0.130336
0.130247
0.130157
0.130067
0.129977
0.129886
0.129796
0.129704
0.129613
0.129521
0.129429
0.129336
0.129242
0.129149
0.129054
0.12896
0.128864
0.128768
0.128671
0.128574
0.128476
0.128377
0.128277
0.128176
0.128074
0.127972
0.127868
0.127762
0.127656
0.127548
0.127439
0.127328
0.127215
0.1271
0.126983
0.126864
0.126743
0.126619
0.126492
0.126362
0.126228
0.126091
0.125949
0.125803
0.125652
0.125495
0.125332
0.125162
0.124984
0.124798
0.124601
0.124393
0.124171
0.123935
0.123682
0.123408
0.123111
0.122786
0.122428
0.12203
0.121582
0.121074
0.120489
0.119806
)
;

boundaryField
{
    inlet
    {
        type            calculated;
        value           uniform 0.302959;
    }
    outlet
    {
        type            calculated;
        value           uniform 0.119806;
    }
    emptyWalls
    {
        type            empty;
    }
}


// ************************************************************************* //
