/*--------------------------------*- C++ -*----------------------------------*\
  =========                 |
  \\      /  F ield         | OpenFOAM: The Open Source CFD Toolbox
   \\    /   O peration     | Website:  https://openfoam.org
    \\  /    A nd           | Version:  9
     \\/     M anipulation  |
\*---------------------------------------------------------------------------*/
FoamFile
{
    format      ascii;
    class       surfaceScalarField;
    location    "90000";
    object      phia;
}
// * * * * * * * * * * * * * * * * * * * * * * * * * * * * * * * * * * * * * //

dimensions      [0 2 0 0 0 0 0];

internalField   nonuniform List<scalar> 
999
(
1.71429e-10
1.71428e-10
1.71428e-10
1.71428e-10
1.71427e-10
1.71426e-10
1.71425e-10
1.71424e-10
1.71423e-10
1.71422e-10
1.7142e-10
1.71419e-10
1.71417e-10
1.71415e-10
1.71413e-10
1.71411e-10
1.71409e-10
1.71406e-10
1.71404e-10
1.71401e-10
1.71398e-10
1.71395e-10
1.71392e-10
1.71389e-10
1.71386e-10
1.71382e-10
1.71379e-10
1.71375e-10
1.71371e-10
1.71367e-10
1.71363e-10
1.71359e-10
1.71355e-10
1.7135e-10
1.71346e-10
1.71341e-10
1.71336e-10
1.71331e-10
1.71326e-10
1.71321e-10
1.71315e-10
1.7131e-10
1.71304e-10
1.71298e-10
1.71292e-10
1.71286e-10
1.7128e-10
1.71274e-10
1.71267e-10
1.71261e-10
1.71254e-10
1.71247e-10
1.7124e-10
1.71233e-10
1.71226e-10
1.71218e-10
1.71211e-10
1.71203e-10
1.71195e-10
1.71187e-10
1.71179e-10
1.71171e-10
1.71163e-10
1.71154e-10
1.71146e-10
1.71137e-10
1.71128e-10
1.71119e-10
1.7111e-10
1.71101e-10
1.71092e-10
1.71082e-10
1.71073e-10
1.71063e-10
1.71053e-10
1.71043e-10
1.71033e-10
1.71023e-10
1.71012e-10
1.71002e-10
1.70991e-10
1.7098e-10
1.70969e-10
1.70958e-10
1.70947e-10
1.70936e-10
1.70924e-10
1.70913e-10
1.70901e-10
1.70889e-10
1.70877e-10
1.70865e-10
1.70853e-10
1.7084e-10
1.70828e-10
1.70815e-10
1.70802e-10
1.70789e-10
1.70776e-10
1.70763e-10
1.7075e-10
1.70736e-10
1.70723e-10
1.70709e-10
1.70695e-10
1.70681e-10
1.70667e-10
1.70653e-10
1.70638e-10
1.70624e-10
1.70609e-10
1.70594e-10
1.70579e-10
1.70564e-10
1.70549e-10
1.70534e-10
1.70518e-10
1.70503e-10
1.70487e-10
1.70471e-10
1.70455e-10
1.70439e-10
1.70423e-10
1.70406e-10
1.7039e-10
1.70373e-10
1.70356e-10
1.70339e-10
1.70322e-10
1.70305e-10
1.70287e-10
1.7027e-10
1.70252e-10
1.70234e-10
1.70216e-10
1.70198e-10
1.7018e-10
1.70162e-10
1.70143e-10
1.70125e-10
1.70106e-10
1.70087e-10
1.70068e-10
1.70049e-10
1.70029e-10
1.7001e-10
1.6999e-10
1.6997e-10
1.6995e-10
1.6993e-10
1.6991e-10
1.6989e-10
1.69869e-10
1.69849e-10
1.69828e-10
1.69807e-10
1.69786e-10
1.69765e-10
1.69744e-10
1.69722e-10
1.69701e-10
1.69679e-10
1.69657e-10
1.69635e-10
1.69613e-10
1.6959e-10
1.69568e-10
1.69545e-10
1.69522e-10
1.69499e-10
1.69476e-10
1.69453e-10
1.6943e-10
1.69406e-10
1.69382e-10
1.69358e-10
1.69334e-10
1.6931e-10
1.69286e-10
1.69261e-10
1.69237e-10
1.69212e-10
1.69187e-10
1.69162e-10
1.69136e-10
1.69111e-10
1.69085e-10
1.6906e-10
1.69034e-10
1.69008e-10
1.68981e-10
1.68955e-10
1.68928e-10
1.68901e-10
1.68874e-10
1.68847e-10
1.6882e-10
1.68792e-10
1.68764e-10
1.68736e-10
1.68708e-10
1.68679e-10
1.68651e-10
1.68622e-10
1.68593e-10
1.68563e-10
1.68533e-10
1.68503e-10
1.68473e-10
1.68442e-10
1.68411e-10
1.6838e-10
1.68347e-10
1.68315e-10
1.68281e-10
1.68247e-10
1.68212e-10
1.68175e-10
1.68137e-10
1.68096e-10
1.6805e-10
1.67999e-10
1.67937e-10
1.67854e-10
1.67729e-10
1.67499e-10
1.6692e-10
1.64509e-10
9.74011e-11
8.47212e-15
1.10203e-25
4.55114e-48
1.99312e-93
9.88481e-185
0
0
0
0
0
0
0
0
0
0
0
0
0
0
0
0
0
0
0
0
0
0
0
0
0
0
0
0
0
0
0
0
0
0
0
0
0
0
0
0
0
0
0
0
0
0
0
0
0
0
0
0
0
0
0
0
0
0
0
0
0
0
0
0
0
0
0
0
0
0
0
0
0
0
0
0
0
0
0
0
0
0
0
0
0
0
0
0
0
0
0
0
0
0
0
0
0
0
0
0
0
0
0
0
0
0
0
0
0
0
0
0
0
0
0
0
0
0
0
0
0
0
0
0
0
0
0
0
0
0
0
0
0
0
0
0
0
0
0
0
0
0
0
0
0
0
0
0
0
0
0
0
0
0
0
0
0
0
0
0
0
0
0
0
0
0
0
0
0
0
0
0
0
0
0
0
0
0
0
0
0
0
0
0
0
0
0
0
0
0
0
0
0
0
0
0
0
0
0
0
0
0
0
0
0
0
0
0
0
0
0
0
0
0
0
0
0
0
0
0
0
0
0
0
0
0
0
0
0
0
0
0
0
0
0
0
0
0
0
0
0
0
0
0
0
0
0
0
0
0
0
0
0
0
0
0
0
0
0
0
0
0
0
0
0
0
0
0
0
0
0
0
0
0
0
0
0
0
0
0
0
0
0
0
0
0
0
0
0
0
0
0
0
0
0
0
0
0
0
0
0
0
0
0
0
0
0
0
0
0
0
0
0
0
0
0
0
0
0
0
0
0
0
0
0
0
0
0
0
0
0
0
0
0
0
0
0
0
0
0
0
0
0
0
0
0
0
0
0
0
0
0
0
0
0
0
0
0
0
0
0
0
0
0
0
0
0
0
0
0
0
0
0
0
0
0
0
0
0
0
0
0
0
0
0
0
0
0
0
0
0
0
0
0
0
0
0
0
0
0
0
0
0
0
0
0
0
0
0
0
0
0
0
0
0
0
0
0
0
0
0
0
0
0
0
0
0
0
0
0
0
0
0
0
0
0
0
0
0
0
0
0
0
0
0
0
0
0
0
0
0
0
0
0
0
0
0
0
0
0
0
0
0
0
0
0
0
0
0
0
0
0
0
0
0
0
0
0
0
0
0
0
0
0
0
0
0
0
0
0
0
0
0
0
0
0
0
0
0
0
0
0
0
0
0
0
0
0
0
0
0
0
0
0
0
0
0
0
0
0
0
0
0
0
0
0
0
0
0
0
0
0
0
0
0
0
0
0
0
0
0
0
0
0
0
0
0
0
0
0
0
0
0
0
0
0
0
0
0
0
0
0
0
0
0
0
0
0
0
0
0
0
0
0
0
0
0
0
0
0
0
0
0
0
0
0
0
0
0
0
0
0
0
0
0
0
0
0
0
0
0
0
0
0
0
0
0
0
0
0
0
0
0
0
0
0
0
0
0
0
0
0
0
0
0
0
0
0
0
0
0
0
0
0
0
0
0
0
0
0
0
0
0
0
0
0
0
0
0
0
0
0
0
0
0
0
0
0
0
0
0
0
0
0
0
0
0
0
0
0
0
0
0
0
0
0
0
0
0
0
0
0
0
0
0
0
0
0
0
0
0
0
0
0
0
0
0
0
0
0
0
0
0
0
0
0
0
0
0
0
0
0
0
0
0
0
0
0
0
0
0
0
0
0
0
0
0
0
0
0
0
0
0
0
0
0
0
0
0
0
0
0
0
0
0
0
0
0
0
0
0
0
0
0
0
0
0
0
0
0
0
0
0
0
0
)
;

boundaryField
{
    inlet
    {
        type            calculated;
        value           uniform -1.71429e-10;
    }
    outlet
    {
        type            calculated;
        value           uniform 0;
    }
    emptyWalls
    {
        type            empty;
        value           nonuniform List<scalar> 0();
    }
}


// ************************************************************************* //
