/*--------------------------------*- C++ -*----------------------------------*\
  =========                 |
  \\      /  F ield         | OpenFOAM: The Open Source CFD Toolbox
   \\    /   O peration     | Website:  https://openfoam.org
    \\  /    A nd           | Version:  9
     \\/     M anipulation  |
\*---------------------------------------------------------------------------*/
FoamFile
{
    format      ascii;
    class       volVectorField;
    location    "10.4";
    object      Ua;
}
// * * * * * * * * * * * * * * * * * * * * * * * * * * * * * * * * * * * * * //

dimensions      [0 0 0 0 0 0 0];

internalField   nonuniform List<vector> 
1000
(
(0.709421 0 0)
(0.70942 0 0)
(0.709419 0 0)
(0.709418 0 0)
(0.709417 0 0)
(0.709415 0 0)
(0.709413 0 0)
(0.709411 0 0)
(0.709408 0 0)
(0.709406 0 0)
(0.709403 0 0)
(0.7094 0 0)
(0.709396 0 0)
(0.709393 0 0)
(0.709389 0 0)
(0.709385 0 0)
(0.709381 0 0)
(0.709377 0 0)
(0.709372 0 0)
(0.709367 0 0)
(0.709362 0 0)
(0.709357 0 0)
(0.709352 0 0)
(0.709346 0 0)
(0.709341 0 0)
(0.709335 0 0)
(0.709329 0 0)
(0.709322 0 0)
(0.709316 0 0)
(0.709309 0 0)
(0.709303 0 0)
(0.709296 0 0)
(0.709288 0 0)
(0.709281 0 0)
(0.709274 0 0)
(0.709266 0 0)
(0.709258 0 0)
(0.709251 0 0)
(0.709242 0 0)
(0.709234 0 0)
(0.709226 0 0)
(0.709217 0 0)
(0.709209 0 0)
(0.7092 0 0)
(0.709191 0 0)
(0.709182 0 0)
(0.709173 0 0)
(0.709163 0 0)
(0.709154 0 0)
(0.709144 0 0)
(0.709134 0 0)
(0.709124 0 0)
(0.709114 0 0)
(0.709104 0 0)
(0.709094 0 0)
(0.709083 0 0)
(0.709072 0 0)
(0.709062 0 0)
(0.709051 0 0)
(0.70904 0 0)
(0.709029 0 0)
(0.709018 0 0)
(0.709006 0 0)
(0.708995 0 0)
(0.708983 0 0)
(0.708971 0 0)
(0.70896 0 0)
(0.708948 0 0)
(0.708936 0 0)
(0.708924 0 0)
(0.708911 0 0)
(0.708899 0 0)
(0.708886 0 0)
(0.708874 0 0)
(0.708861 0 0)
(0.708848 0 0)
(0.708835 0 0)
(0.708822 0 0)
(0.708809 0 0)
(0.708796 0 0)
(0.708783 0 0)
(0.708769 0 0)
(0.708756 0 0)
(0.708742 0 0)
(0.708728 0 0)
(0.708714 0 0)
(0.7087 0 0)
(0.708686 0 0)
(0.708672 0 0)
(0.708658 0 0)
(0.708644 0 0)
(0.708629 0 0)
(0.708615 0 0)
(0.7086 0 0)
(0.708586 0 0)
(0.708571 0 0)
(0.708556 0 0)
(0.708541 0 0)
(0.708526 0 0)
(0.708511 0 0)
(0.708496 0 0)
(0.70848 0 0)
(0.708465 0 0)
(0.70845 0 0)
(0.708434 0 0)
(0.708418 0 0)
(0.708403 0 0)
(0.708387 0 0)
(0.708371 0 0)
(0.708355 0 0)
(0.708339 0 0)
(0.708323 0 0)
(0.708307 0 0)
(0.70829 0 0)
(0.708274 0 0)
(0.708258 0 0)
(0.708241 0 0)
(0.708225 0 0)
(0.708208 0 0)
(0.708191 0 0)
(0.708174 0 0)
(0.708158 0 0)
(0.708141 0 0)
(0.708124 0 0)
(0.708107 0 0)
(0.708089 0 0)
(0.708072 0 0)
(0.708055 0 0)
(0.708038 0 0)
(0.70802 0 0)
(0.708003 0 0)
(0.707985 0 0)
(0.707967 0 0)
(0.70795 0 0)
(0.707932 0 0)
(0.707914 0 0)
(0.707896 0 0)
(0.707878 0 0)
(0.70786 0 0)
(0.707842 0 0)
(0.707824 0 0)
(0.707806 0 0)
(0.707787 0 0)
(0.707769 0 0)
(0.707751 0 0)
(0.707732 0 0)
(0.707714 0 0)
(0.707695 0 0)
(0.707676 0 0)
(0.707658 0 0)
(0.707639 0 0)
(0.70762 0 0)
(0.707601 0 0)
(0.707582 0 0)
(0.707563 0 0)
(0.707544 0 0)
(0.707525 0 0)
(0.707506 0 0)
(0.707487 0 0)
(0.707467 0 0)
(0.707448 0 0)
(0.707429 0 0)
(0.707409 0 0)
(0.70739 0 0)
(0.70737 0 0)
(0.707351 0 0)
(0.707331 0 0)
(0.707311 0 0)
(0.707291 0 0)
(0.707272 0 0)
(0.707252 0 0)
(0.707232 0 0)
(0.707212 0 0)
(0.707192 0 0)
(0.707172 0 0)
(0.707152 0 0)
(0.707131 0 0)
(0.707111 0 0)
(0.707091 0 0)
(0.70707 0 0)
(0.70705 0 0)
(0.70703 0 0)
(0.707009 0 0)
(0.706989 0 0)
(0.706968 0 0)
(0.706947 0 0)
(0.706927 0 0)
(0.706906 0 0)
(0.706885 0 0)
(0.706865 0 0)
(0.706844 0 0)
(0.706823 0 0)
(0.706802 0 0)
(0.706781 0 0)
(0.70676 0 0)
(0.706739 0 0)
(0.706718 0 0)
(0.706696 0 0)
(0.706675 0 0)
(0.706654 0 0)
(0.706633 0 0)
(0.706611 0 0)
(0.70659 0 0)
(0.706568 0 0)
(0.706547 0 0)
(0.706525 0 0)
(0.706504 0 0)
(0.706482 0 0)
(0.706461 0 0)
(0.706439 0 0)
(0.706417 0 0)
(0.706395 0 0)
(0.706374 0 0)
(0.706352 0 0)
(0.70633 0 0)
(0.706308 0 0)
(0.706286 0 0)
(0.706264 0 0)
(0.706242 0 0)
(0.70622 0 0)
(0.706198 0 0)
(0.706176 0 0)
(0.706153 0 0)
(0.706131 0 0)
(0.706109 0 0)
(0.706087 0 0)
(0.706064 0 0)
(0.706042 0 0)
(0.706019 0 0)
(0.705997 0 0)
(0.705974 0 0)
(0.705952 0 0)
(0.705929 0 0)
(0.705907 0 0)
(0.705884 0 0)
(0.705861 0 0)
(0.705839 0 0)
(0.705816 0 0)
(0.705793 0 0)
(0.70577 0 0)
(0.705748 0 0)
(0.705725 0 0)
(0.705702 0 0)
(0.705679 0 0)
(0.705656 0 0)
(0.705633 0 0)
(0.70561 0 0)
(0.705587 0 0)
(0.705563 0 0)
(0.70554 0 0)
(0.705517 0 0)
(0.705494 0 0)
(0.705471 0 0)
(0.705447 0 0)
(0.705424 0 0)
(0.705401 0 0)
(0.705377 0 0)
(0.705354 0 0)
(0.70533 0 0)
(0.705307 0 0)
(0.705283 0 0)
(0.70526 0 0)
(0.705236 0 0)
(0.705213 0 0)
(0.705189 0 0)
(0.705165 0 0)
(0.705142 0 0)
(0.705118 0 0)
(0.705094 0 0)
(0.70507 0 0)
(0.705046 0 0)
(0.705023 0 0)
(0.704999 0 0)
(0.704975 0 0)
(0.704951 0 0)
(0.704927 0 0)
(0.704903 0 0)
(0.704879 0 0)
(0.704855 0 0)
(0.704831 0 0)
(0.704806 0 0)
(0.704782 0 0)
(0.704758 0 0)
(0.704734 0 0)
(0.70471 0 0)
(0.704685 0 0)
(0.704661 0 0)
(0.704637 0 0)
(0.704612 0 0)
(0.704588 0 0)
(0.704564 0 0)
(0.704539 0 0)
(0.704515 0 0)
(0.70449 0 0)
(0.704466 0 0)
(0.704441 0 0)
(0.704417 0 0)
(0.704392 0 0)
(0.704367 0 0)
(0.704343 0 0)
(0.704318 0 0)
(0.704293 0 0)
(0.704269 0 0)
(0.704244 0 0)
(0.704219 0 0)
(0.704194 0 0)
(0.70417 0 0)
(0.704145 0 0)
(0.70412 0 0)
(0.704095 0 0)
(0.70407 0 0)
(0.704045 0 0)
(0.70402 0 0)
(0.703995 0 0)
(0.70397 0 0)
(0.703945 0 0)
(0.70392 0 0)
(0.703895 0 0)
(0.70387 0 0)
(0.703844 0 0)
(0.703819 0 0)
(0.703794 0 0)
(0.703769 0 0)
(0.703744 0 0)
(0.703718 0 0)
(0.703693 0 0)
(0.703668 0 0)
(0.703642 0 0)
(0.703617 0 0)
(0.703592 0 0)
(0.703566 0 0)
(0.703541 0 0)
(0.703515 0 0)
(0.70349 0 0)
(0.703464 0 0)
(0.703439 0 0)
(0.703413 0 0)
(0.703388 0 0)
(0.703362 0 0)
(0.703336 0 0)
(0.703311 0 0)
(0.703285 0 0)
(0.703259 0 0)
(0.703234 0 0)
(0.703208 0 0)
(0.703182 0 0)
(0.703156 0 0)
(0.703131 0 0)
(0.703105 0 0)
(0.703079 0 0)
(0.703053 0 0)
(0.703027 0 0)
(0.703001 0 0)
(0.702975 0 0)
(0.70295 0 0)
(0.702924 0 0)
(0.702898 0 0)
(0.702872 0 0)
(0.702846 0 0)
(0.702819 0 0)
(0.702793 0 0)
(0.702767 0 0)
(0.702741 0 0)
(0.702715 0 0)
(0.702689 0 0)
(0.702663 0 0)
(0.702637 0 0)
(0.70261 0 0)
(0.702584 0 0)
(0.702558 0 0)
(0.702532 0 0)
(0.702505 0 0)
(0.702479 0 0)
(0.702453 0 0)
(0.702426 0 0)
(0.7024 0 0)
(0.702374 0 0)
(0.702347 0 0)
(0.702321 0 0)
(0.702294 0 0)
(0.702268 0 0)
(0.702241 0 0)
(0.702215 0 0)
(0.702188 0 0)
(0.702162 0 0)
(0.702135 0 0)
(0.702109 0 0)
(0.702082 0 0)
(0.702055 0 0)
(0.702029 0 0)
(0.702002 0 0)
(0.701975 0 0)
(0.701949 0 0)
(0.701922 0 0)
(0.701895 0 0)
(0.701869 0 0)
(0.701842 0 0)
(0.701815 0 0)
(0.701788 0 0)
(0.701761 0 0)
(0.701734 0 0)
(0.701708 0 0)
(0.701681 0 0)
(0.701654 0 0)
(0.701627 0 0)
(0.7016 0 0)
(0.701573 0 0)
(0.701546 0 0)
(0.701519 0 0)
(0.701492 0 0)
(0.701465 0 0)
(0.701438 0 0)
(0.701411 0 0)
(0.701384 0 0)
(0.701357 0 0)
(0.70133 0 0)
(0.701303 0 0)
(0.701276 0 0)
(0.701248 0 0)
(0.701221 0 0)
(0.701194 0 0)
(0.701167 0 0)
(0.70114 0 0)
(0.701112 0 0)
(0.701085 0 0)
(0.701058 0 0)
(0.701031 0 0)
(0.701003 0 0)
(0.700976 0 0)
(0.700949 0 0)
(0.700921 0 0)
(0.700894 0 0)
(0.700866 0 0)
(0.700839 0 0)
(0.700812 0 0)
(0.700784 0 0)
(0.700757 0 0)
(0.700729 0 0)
(0.700702 0 0)
(0.700674 0 0)
(0.700647 0 0)
(0.700619 0 0)
(0.700592 0 0)
(0.700564 0 0)
(0.700537 0 0)
(0.700509 0 0)
(0.700481 0 0)
(0.700454 0 0)
(0.700426 0 0)
(0.700398 0 0)
(0.700371 0 0)
(0.700343 0 0)
(0.700315 0 0)
(0.700288 0 0)
(0.70026 0 0)
(0.700232 0 0)
(0.700204 0 0)
(0.700177 0 0)
(0.700149 0 0)
(0.700121 0 0)
(0.700093 0 0)
(0.700065 0 0)
(0.700038 0 0)
(0.70001 0 0)
(0.699982 0 0)
(0.699954 0 0)
(0.699926 0 0)
(0.699898 0 0)
(0.69987 0 0)
(0.699842 0 0)
(0.699814 0 0)
(0.699786 0 0)
(0.699758 0 0)
(0.69973 0 0)
(0.699702 0 0)
(0.699674 0 0)
(0.699646 0 0)
(0.699618 0 0)
(0.69959 0 0)
(0.699562 0 0)
(0.699534 0 0)
(0.699506 0 0)
(0.699477 0 0)
(0.699449 0 0)
(0.699421 0 0)
(0.699393 0 0)
(0.699365 0 0)
(0.699336 0 0)
(0.699308 0 0)
(0.69928 0 0)
(0.699252 0 0)
(0.699223 0 0)
(0.699195 0 0)
(0.699167 0 0)
(0.699139 0 0)
(0.69911 0 0)
(0.699082 0 0)
(0.699054 0 0)
(0.699025 0 0)
(0.698997 0 0)
(0.698968 0 0)
(0.69894 0 0)
(0.698912 0 0)
(0.698883 0 0)
(0.698855 0 0)
(0.698826 0 0)
(0.698798 0 0)
(0.698769 0 0)
(0.698741 0 0)
(0.698712 0 0)
(0.698684 0 0)
(0.698655 0 0)
(0.698627 0 0)
(0.698598 0 0)
(0.698569 0 0)
(0.698541 0 0)
(0.698512 0 0)
(0.698484 0 0)
(0.698455 0 0)
(0.698426 0 0)
(0.698398 0 0)
(0.698369 0 0)
(0.69834 0 0)
(0.698312 0 0)
(0.698283 0 0)
(0.698254 0 0)
(0.698225 0 0)
(0.698197 0 0)
(0.698168 0 0)
(0.698139 0 0)
(0.69811 0 0)
(0.698082 0 0)
(0.698053 0 0)
(0.698024 0 0)
(0.697995 0 0)
(0.697966 0 0)
(0.697937 0 0)
(0.697908 0 0)
(0.69788 0 0)
(0.697851 0 0)
(0.697822 0 0)
(0.697793 0 0)
(0.697764 0 0)
(0.697735 0 0)
(0.697706 0 0)
(0.697677 0 0)
(0.697648 0 0)
(0.697619 0 0)
(0.69759 0 0)
(0.697561 0 0)
(0.697532 0 0)
(0.697503 0 0)
(0.697474 0 0)
(0.697445 0 0)
(0.697416 0 0)
(0.697386 0 0)
(0.697357 0 0)
(0.697328 0 0)
(0.697299 0 0)
(0.69727 0 0)
(0.697241 0 0)
(0.697212 0 0)
(0.697182 0 0)
(0.697153 0 0)
(0.697124 0 0)
(0.697095 0 0)
(0.697065 0 0)
(0.697036 0 0)
(0.697007 0 0)
(0.696978 0 0)
(0.696948 0 0)
(0.696919 0 0)
(0.69689 0 0)
(0.69686 0 0)
(0.696831 0 0)
(0.696802 0 0)
(0.696772 0 0)
(0.696743 0 0)
(0.696714 0 0)
(0.696684 0 0)
(0.696655 0 0)
(0.696625 0 0)
(0.696596 0 0)
(0.696566 0 0)
(0.696537 0 0)
(0.696507 0 0)
(0.696478 0 0)
(0.696448 0 0)
(0.696419 0 0)
(0.696389 0 0)
(0.69636 0 0)
(0.69633 0 0)
(0.696301 0 0)
(0.696271 0 0)
(0.696242 0 0)
(0.696212 0 0)
(0.696182 0 0)
(0.696153 0 0)
(0.696123 0 0)
(0.696093 0 0)
(0.696064 0 0)
(0.696034 0 0)
(0.696004 0 0)
(0.695975 0 0)
(0.695945 0 0)
(0.695915 0 0)
(0.695886 0 0)
(0.695856 0 0)
(0.695826 0 0)
(0.695796 0 0)
(0.695766 0 0)
(0.695737 0 0)
(0.695707 0 0)
(0.695677 0 0)
(0.695647 0 0)
(0.695617 0 0)
(0.695588 0 0)
(0.695558 0 0)
(0.695528 0 0)
(0.695498 0 0)
(0.695468 0 0)
(0.695438 0 0)
(0.695408 0 0)
(0.695378 0 0)
(0.695348 0 0)
(0.695318 0 0)
(0.695288 0 0)
(0.695258 0 0)
(0.695228 0 0)
(0.695198 0 0)
(0.695168 0 0)
(0.695138 0 0)
(0.695108 0 0)
(0.695078 0 0)
(0.695048 0 0)
(0.695018 0 0)
(0.694988 0 0)
(0.694957 0 0)
(0.694927 0 0)
(0.694897 0 0)
(0.694867 0 0)
(0.694837 0 0)
(0.694807 0 0)
(0.694776 0 0)
(0.694746 0 0)
(0.694716 0 0)
(0.694686 0 0)
(0.694655 0 0)
(0.694625 0 0)
(0.694595 0 0)
(0.694565 0 0)
(0.694534 0 0)
(0.694504 0 0)
(0.694474 0 0)
(0.694443 0 0)
(0.694413 0 0)
(0.694382 0 0)
(0.694352 0 0)
(0.694322 0 0)
(0.694291 0 0)
(0.694261 0 0)
(0.69423 0 0)
(0.6942 0 0)
(0.694169 0 0)
(0.694139 0 0)
(0.694108 0 0)
(0.694078 0 0)
(0.694047 0 0)
(0.694016 0 0)
(0.693986 0 0)
(0.693955 0 0)
(0.693925 0 0)
(0.693894 0 0)
(0.693863 0 0)
(0.693833 0 0)
(0.693802 0 0)
(0.693771 0 0)
(0.693741 0 0)
(0.69371 0 0)
(0.693679 0 0)
(0.693648 0 0)
(0.693617 0 0)
(0.693587 0 0)
(0.693556 0 0)
(0.693525 0 0)
(0.693494 0 0)
(0.693463 0 0)
(0.693432 0 0)
(0.693401 0 0)
(0.69337 0 0)
(0.693339 0 0)
(0.693308 0 0)
(0.693277 0 0)
(0.693246 0 0)
(0.693215 0 0)
(0.693184 0 0)
(0.693153 0 0)
(0.693122 0 0)
(0.693091 0 0)
(0.69306 0 0)
(0.693029 0 0)
(0.692997 0 0)
(0.692966 0 0)
(0.692935 0 0)
(0.692904 0 0)
(0.692872 0 0)
(0.692841 0 0)
(0.69281 0 0)
(0.692778 0 0)
(0.692747 0 0)
(0.692715 0 0)
(0.692684 0 0)
(0.692653 0 0)
(0.692621 0 0)
(0.692589 0 0)
(0.692558 0 0)
(0.692526 0 0)
(0.692495 0 0)
(0.692463 0 0)
(0.692431 0 0)
(0.6924 0 0)
(0.692368 0 0)
(0.692336 0 0)
(0.692304 0 0)
(0.692272 0 0)
(0.69224 0 0)
(0.692208 0 0)
(0.692176 0 0)
(0.692144 0 0)
(0.692112 0 0)
(0.69208 0 0)
(0.692048 0 0)
(0.692016 0 0)
(0.691984 0 0)
(0.691951 0 0)
(0.691919 0 0)
(0.691886 0 0)
(0.691854 0 0)
(0.691821 0 0)
(0.691789 0 0)
(0.691756 0 0)
(0.691724 0 0)
(0.691691 0 0)
(0.691658 0 0)
(0.691625 0 0)
(0.691592 0 0)
(0.691559 0 0)
(0.691526 0 0)
(0.691493 0 0)
(0.69146 0 0)
(0.691426 0 0)
(0.691393 0 0)
(0.691359 0 0)
(0.691326 0 0)
(0.691292 0 0)
(0.691258 0 0)
(0.691224 0 0)
(0.69119 0 0)
(0.691156 0 0)
(0.691122 0 0)
(0.691088 0 0)
(0.691053 0 0)
(0.691019 0 0)
(0.690984 0 0)
(0.690949 0 0)
(0.690914 0 0)
(0.690879 0 0)
(0.690843 0 0)
(0.690808 0 0)
(0.690772 0 0)
(0.690736 0 0)
(0.6907 0 0)
(0.690663 0 0)
(0.690627 0 0)
(0.69059 0 0)
(0.690553 0 0)
(0.690515 0 0)
(0.690478 0 0)
(0.690439 0 0)
(0.690401 0 0)
(0.690362 0 0)
(0.690323 0 0)
(0.690284 0 0)
(0.690244 0 0)
(0.690203 0 0)
(0.690163 0 0)
(0.690121 0 0)
(0.690079 0 0)
(0.690036 0 0)
(0.689993 0 0)
(0.689949 0 0)
(0.689904 0 0)
(0.689859 0 0)
(0.689812 0 0)
(0.689765 0 0)
(0.689716 0 0)
(0.689666 0 0)
(0.689615 0 0)
(0.689563 0 0)
(0.689509 0 0)
(0.689453 0 0)
(0.689395 0 0)
(0.689335 0 0)
(0.689273 0 0)
(0.689208 0 0)
(0.68914 0 0)
(0.689069 0 0)
(0.688993 0 0)
(0.688914 0 0)
(0.688829 0 0)
(0.688738 0 0)
(0.68864 0 0)
(0.688534 0 0)
(0.688419 0 0)
(0.688292 0 0)
(0.688151 0 0)
(0.687993 0 0)
(0.687814 0 0)
(0.687609 0 0)
(0.687369 0 0)
(0.687085 0 0)
(0.686739 0 0)
(0.686309 0 0)
(0.685756 0 0)
(0.685013 0 0)
(0.683959 0 0)
(0.682343 0 0)
(0.679568 0 0)
(0.67392 0 0)
(0.496269 0 0)
(0.450414 0 0)
(0.617297 0 0)
(0.658426 0 0)
(0.658254 0 0)
(0.652486 0 0)
(0.644788 0 0)
(0.635558 0 0)
(0.6253 0 0)
(0.614821 0 0)
(0.605203 0 0)
(0.597695 0 0)
(0.593457 0 0)
(0.593163 0 0)
(0.596593 0 0)
(0.602515 0 0)
(0.609075 0 0)
(0.614522 0 0)
(0.617808 0 0)
(0.618724 0 0)
(0.617683 0 0)
(0.615387 0 0)
(0.61258 0 0)
(0.609906 0 0)
(0.607841 0 0)
(0.606659 0 0)
(0.606426 0 0)
(0.60701 0 0)
(0.608136 0 0)
(0.609465 0 0)
(0.610678 0 0)
(0.611544 0 0)
(0.611958 0 0)
(0.611931 0 0)
(0.611565 0 0)
(0.611004 0 0)
(0.610403 0 0)
(0.609889 0 0)
(0.609548 0 0)
(0.609414 0 0)
(0.609473 0 0)
(0.609672 0 0)
(0.609943 0 0)
(0.610217 0 0)
(0.610435 0 0)
(0.610566 0 0)
(0.610601 0 0)
(0.610553 0 0)
(0.610449 0 0)
(0.610321 0 0)
(0.610201 0 0)
(0.610112 0 0)
(0.610065 0 0)
(0.610061 0 0)
(0.610093 0 0)
(0.610147 0 0)
(0.610207 0 0)
(0.610261 0 0)
(0.610299 0 0)
(0.610318 0 0)
(0.610318 0 0)
(0.610303 0 0)
(0.610282 0 0)
(0.61026 0 0)
(0.610243 0 0)
(0.610235 0 0)
(0.610238 0 0)
(0.610249 0 0)
(0.610268 0 0)
(0.61029 0 0)
(0.610312 0 0)
(0.610331 0 0)
(0.610346 0 0)
(0.610357 0 0)
(0.610364 0 0)
(0.610367 0 0)
(0.610367 0 0)
(0.610367 0 0)
(0.610367 0 0)
(0.610366 0 0)
(0.610365 0 0)
(0.610364 0 0)
(0.610361 0 0)
(0.610357 0 0)
(0.610352 0 0)
(0.610344 0 0)
(0.610334 0 0)
(0.610324 0 0)
(0.610312 0 0)
(0.6103 0 0)
(0.610288 0 0)
(0.610277 0 0)
(0.610268 0 0)
(0.610259 0 0)
(0.610252 0 0)
(0.610246 0 0)
(0.610241 0 0)
(0.610237 0 0)
(0.610234 0 0)
(0.610231 0 0)
(0.610228 0 0)
(0.610226 0 0)
(0.610224 0 0)
(0.610223 0 0)
(0.610221 0 0)
(0.610221 0 0)
(0.61022 0 0)
(0.61022 0 0)
(0.610219 0 0)
(0.610219 0 0)
(0.610219 0 0)
(0.610219 0 0)
(0.610219 0 0)
(0.610219 0 0)
(0.610219 0 0)
(0.610219 0 0)
(0.610219 0 0)
(0.610219 0 0)
(0.610219 0 0)
(0.610219 0 0)
(0.610219 0 0)
(0.610219 0 0)
(0.610219 0 0)
(0.610219 0 0)
(0.610219 0 0)
(0.610219 0 0)
(0.610219 0 0)
(0.610219 0 0)
(0.610219 0 0)
(0.610219 0 0)
(0.610219 0 0)
(0.610219 0 0)
(0.610219 0 0)
(0.610219 0 0)
(0.610219 0 0)
(0.610219 0 0)
(0.610219 0 0)
(0.610219 0 0)
(0.610219 0 0)
(0.610219 0 0)
(0.610219 0 0)
(0.610219 0 0)
(0.610219 0 0)
(0.610219 0 0)
(0.610219 0 0)
(0.610219 0 0)
(0.610219 0 0)
(0.610219 0 0)
(0.610219 0 0)
(0.610219 0 0)
(0.610219 0 0)
(0.610219 0 0)
(0.610219 0 0)
(0.610219 0 0)
(0.610219 0 0)
(0.610219 0 0)
(0.610219 0 0)
(0.610219 0 0)
(0.610219 0 0)
(0.610219 0 0)
(0.610219 0 0)
(0.610219 0 0)
(0.610219 0 0)
(0.610219 0 0)
(0.610219 0 0)
(0.610219 0 0)
(0.610219 0 0)
(0.610219 0 0)
(0.610219 0 0)
(0.610219 0 0)
(0.610219 0 0)
)
;

boundaryField
{
    inlet
    {
        type            fractionalVelocity;
        U               1((1 0 0));
        fractionalFlow  Fa;
        value           uniform (0.709421 0 0);
    }
    outlet
    {
        type            zeroGradient;
    }
    emptyWalls
    {
        type            empty;
    }
}


// ************************************************************************* //
