/*--------------------------------*- C++ -*----------------------------------*\
  =========                 |
  \\      /  F ield         | OpenFOAM: The Open Source CFD Toolbox
   \\    /   O peration     | Website:  https://openfoam.org
    \\  /    A nd           | Version:  9
     \\/     M anipulation  |
\*---------------------------------------------------------------------------*/
FoamFile
{
    format      ascii;
    class       volScalarField;
    location    "14.5";
    object      Sc;
}
// * * * * * * * * * * * * * * * * * * * * * * * * * * * * * * * * * * * * * //

dimensions      [0 0 0 0 0 0 0];

internalField   nonuniform List<scalar> 
1000
(
0.00108813
0.00175596
0.0023744
0.00296903
0.00354871
0.00411767
0.00467828
0.005232
0.00577982
0.00632245
0.00686039
0.00739404
0.00792371
0.00844963
0.00897203
0.00949106
0.0100069
0.0105196
0.0110293
0.0115361
0.0120401
0.0125414
0.01304
0.013536
0.0140294
0.0145204
0.0150089
0.015495
0.0159787
0.0164601
0.0169393
0.0174161
0.0178908
0.0183632
0.0188336
0.0193017
0.0197678
0.0202319
0.0206938
0.0211538
0.0216117
0.0220677
0.0225217
0.0229739
0.023424
0.0238724
0.0243188
0.0247634
0.0252062
0.0256471
0.0260863
0.0265237
0.0269593
0.0273932
0.0278254
0.0282559
0.0286846
0.0291117
0.0295372
0.029961
0.0303832
0.0308037
0.0312227
0.03164
0.0320558
0.0324701
0.0328827
0.0332939
0.0337035
0.0341117
0.0345183
0.0349235
0.0353271
0.0357294
0.0361301
0.0365295
0.0369274
0.0373239
0.037719
0.0381127
0.038505
0.038896
0.0392856
0.0396738
0.0400608
0.0404464
0.0408306
0.0412136
0.0415953
0.0419756
0.0423547
0.0427326
0.0431091
0.0434845
0.0438585
0.0442314
0.044603
0.0449734
0.0453426
0.0457106
0.0460774
0.046443
0.0468075
0.0471708
0.0475329
0.0478939
0.0482537
0.0486124
0.04897
0.0493265
0.0496818
0.0500361
0.0503892
0.0507413
0.0510923
0.0514422
0.051791
0.0521388
0.0524855
0.0528312
0.0531759
0.0535195
0.0538621
0.0542036
0.0545442
0.0548837
0.0552223
0.0555598
0.0558964
0.056232
0.0565666
0.0569002
0.0572329
0.0575646
0.0578953
0.0582252
0.058554
0.058882
0.059209
0.0595351
0.0598603
0.0601845
0.0605079
0.0608303
0.0611519
0.0614726
0.0617924
0.0621113
0.0624293
0.0627465
0.0630628
0.0633782
0.0636928
0.0640065
0.0643194
0.0646315
0.0649427
0.0652531
0.0655627
0.0658714
0.0661793
0.0664865
0.0667928
0.0670983
0.067403
0.0677069
0.06801
0.0683124
0.068614
0.0689147
0.0692148
0.069514
0.0698125
0.0701102
0.0704072
0.0707034
0.0709989
0.0712936
0.0715876
0.0718809
0.0721734
0.0724652
0.0727563
0.0730467
0.0733363
0.0736253
0.0739135
0.074201
0.0744879
0.074774
0.0750594
0.0753442
0.0756282
0.0759116
0.0761943
0.0764763
0.0767577
0.0770384
0.0773184
0.0775978
0.0778765
0.0781545
0.0784319
0.0787086
0.0789847
0.0792602
0.079535
0.0798092
0.0800828
0.0803557
0.080628
0.0808997
0.0811707
0.0814412
0.081711
0.0819802
0.0822488
0.0825168
0.0827842
0.083051
0.0833172
0.0835828
0.0838478
0.0841123
0.0843761
0.0846394
0.0849021
0.0851642
0.0854257
0.0856867
0.0859471
0.0862069
0.0864662
0.0867249
0.086983
0.0872406
0.0874976
0.0877541
0.0880101
0.0882655
0.0885203
0.0887746
0.0890284
0.0892817
0.0895344
0.0897866
0.0900382
0.0902893
0.0905399
0.09079
0.0910396
0.0912886
0.0915372
0.0917852
0.0920327
0.0922797
0.0925262
0.0927722
0.0930177
0.0932627
0.0935072
0.0937512
0.0939947
0.0942378
0.0944803
0.0947224
0.0949639
0.095205
0.0954457
0.0956858
0.0959255
0.0961646
0.0964034
0.0966416
0.0968794
0.0971167
0.0973536
0.09759
0.0978259
0.0980614
0.0982964
0.098531
0.0987651
0.0989988
0.099232
0.0994648
0.0996971
0.099929
0.10016
0.100391
0.100622
0.100852
0.101082
0.101311
0.10154
0.101768
0.101996
0.102224
0.102451
0.102678
0.102904
0.10313
0.103356
0.103581
0.103805
0.10403
0.104253
0.104477
0.1047
0.104922
0.105145
0.105367
0.105588
0.105809
0.10603
0.10625
0.10647
0.106689
0.106908
0.107127
0.107345
0.107563
0.10778
0.107998
0.108214
0.108431
0.108647
0.108862
0.109078
0.109292
0.109507
0.109721
0.109935
0.110148
0.110361
0.110574
0.110786
0.110998
0.11121
0.111421
0.111632
0.111842
0.112052
0.112262
0.112471
0.112681
0.112889
0.113098
0.113306
0.113513
0.113721
0.113928
0.114134
0.114341
0.114547
0.114752
0.114957
0.115162
0.115367
0.115571
0.115775
0.115979
0.116182
0.116385
0.116588
0.11679
0.116992
0.117194
0.117395
0.117596
0.117797
0.117997
0.118197
0.118397
0.118596
0.118795
0.118994
0.119193
0.119391
0.119589
0.119786
0.119983
0.12018
0.120377
0.120573
0.120769
0.120965
0.12116
0.121355
0.12155
0.121745
0.121939
0.122133
0.122326
0.12252
0.122713
0.122905
0.123098
0.12329
0.123482
0.123673
0.123865
0.124056
0.124246
0.124437
0.124627
0.124817
0.125006
0.125196
0.125385
0.125573
0.125762
0.12595
0.126138
0.126325
0.126513
0.1267
0.126887
0.127073
0.127259
0.127445
0.127631
0.127816
0.128002
0.128187
0.128371
0.128556
0.12874
0.128923
0.129107
0.12929
0.129473
0.129656
0.129839
0.130021
0.130203
0.130385
0.130566
0.130748
0.130929
0.131109
0.13129
0.13147
0.13165
0.13183
0.132009
0.132188
0.132367
0.132546
0.132725
0.132903
0.133081
0.133259
0.133436
0.133614
0.133791
0.133967
0.134144
0.13432
0.134496
0.134672
0.134848
0.135023
0.135198
0.135373
0.135548
0.135722
0.135896
0.13607
0.136244
0.136418
0.136591
0.136764
0.136937
0.137109
0.137282
0.137454
0.137626
0.137797
0.137969
0.13814
0.138311
0.138482
0.138652
0.138823
0.138993
0.139163
0.139332
0.139502
0.139671
0.13984
0.140009
0.140177
0.140346
0.140514
0.140682
0.14085
0.141017
0.141185
0.141352
0.141519
0.141685
0.141852
0.142018
0.142184
0.14235
0.142515
0.142681
0.142846
0.143011
0.143176
0.143341
0.143505
0.143669
0.143833
0.143997
0.144161
0.144324
0.144487
0.14465
0.144813
0.144976
0.145138
0.1453
0.145462
0.145624
0.145786
0.145947
0.146108
0.146269
0.14643
0.146591
0.146751
0.146911
0.147072
0.147231
0.147391
0.147551
0.14771
0.147869
0.148028
0.148187
0.148345
0.148504
0.148662
0.14882
0.148978
0.149135
0.149293
0.14945
0.149607
0.149764
0.149921
0.150077
0.150234
0.15039
0.150546
0.150702
0.150857
0.151013
0.151168
0.151323
0.151478
0.151633
0.151787
0.151942
0.152096
0.15225
0.152404
0.152558
0.152711
0.152865
0.153018
0.153171
0.153324
0.153476
0.153629
0.153781
0.153933
0.154085
0.154237
0.154389
0.15454
0.154692
0.154843
0.154994
0.155145
0.155295
0.155446
0.155596
0.155746
0.155896
0.156046
0.156196
0.156346
0.156495
0.156644
0.156793
0.156942
0.157091
0.157239
0.157388
0.157536
0.157684
0.157832
0.15798
0.158127
0.158275
0.158422
0.158569
0.158716
0.158863
0.15901
0.159156
0.159303
0.159449
0.159595
0.159741
0.159887
0.160032
0.160178
0.160323
0.160468
0.160613
0.160758
0.160903
0.161047
0.161192
0.161336
0.16148
0.161624
0.161768
0.161912
0.162055
0.162198
0.162342
0.162485
0.162628
0.162771
0.162913
0.163056
0.163198
0.16334
0.163482
0.163624
0.163766
0.163908
0.164049
0.164191
0.164332
0.164473
0.164614
0.164755
0.164896
0.165036
0.165176
0.165317
0.165457
0.165597
0.165737
0.165876
0.166016
0.166155
0.166295
0.166434
0.166573
0.166712
0.166851
0.166989
0.167128
0.167266
0.167404
0.167542
0.16768
0.167818
0.167956
0.168094
0.168231
0.168368
0.168506
0.168643
0.168779
0.168916
0.169053
0.169189
0.169326
0.169462
0.169598
0.169734
0.16987
0.170006
0.170142
0.170277
0.170413
0.170548
0.170683
0.170818
0.170953
0.171088
0.171222
0.171357
0.171491
0.171626
0.17176
0.171894
0.172028
0.172161
0.172295
0.172429
0.172562
0.172695
0.172829
0.172962
0.173095
0.173227
0.17336
0.173493
0.173625
0.173758
0.17389
0.174022
0.174154
0.174286
0.174418
0.174549
0.174681
0.174812
0.174943
0.175075
0.175206
0.175337
0.175467
0.175598
0.175729
0.175859
0.17599
0.17612
0.17625
0.17638
0.17651
0.17664
0.17677
0.176899
0.177029
0.177158
0.177287
0.177417
0.177546
0.177675
0.177803
0.177932
0.178061
0.178189
0.178318
0.178446
0.178574
0.178702
0.17883
0.178958
0.179086
0.179213
0.179341
0.179468
0.179596
0.179723
0.17985
0.179977
0.180104
0.180231
0.180357
0.180484
0.18061
0.180737
0.180863
0.180989
0.181115
0.181241
0.181367
0.181493
0.181618
0.181744
0.18187
0.181995
0.18212
0.182245
0.18237
0.182495
0.18262
0.182745
0.18287
0.182994
0.183119
0.183243
0.183367
0.183491
0.183615
0.183739
0.183863
0.183987
0.184111
0.184234
0.184358
0.184481
0.184604
0.184728
0.184851
0.184974
0.185097
0.18522
0.185342
0.185465
0.185587
0.18571
0.185832
0.185954
0.186077
0.186199
0.186321
0.186443
0.186564
0.186686
0.186808
0.186929
0.187051
0.187172
0.187293
0.187414
0.187535
0.187656
0.187777
0.187898
0.188019
0.188139
0.18826
0.18838
0.188501
0.188621
0.188741
0.188861
0.188981
0.189101
0.189221
0.189341
0.18946
0.18958
0.189699
0.189819
0.189938
0.190057
0.190177
0.190296
0.190415
0.190533
0.190652
0.190771
0.19089
0.191008
0.191127
0.191245
0.191363
0.191482
0.1916
0.191718
0.191836
0.191954
0.192071
0.192189
0.192307
0.192424
0.192542
0.192659
0.192777
0.192894
0.193011
0.193128
0.193245
0.193362
0.193479
0.193596
0.193712
0.193829
0.193946
0.194062
0.194179
0.194295
0.194411
0.194527
0.194643
0.194759
0.194875
0.194991
0.195107
0.195223
0.195338
0.195454
0.195569
0.195685
0.1958
0.195915
0.196031
0.196146
0.196261
0.196376
0.196491
0.196606
0.19672
0.196835
0.19695
0.197064
0.197179
0.197293
0.197408
0.197522
0.197636
0.19775
0.197864
0.197978
0.198092
0.198206
0.19832
0.198434
0.198547
0.198661
0.198775
0.198888
0.199001
0.199115
0.199228
0.199341
0.199454
0.199568
0.199681
0.199794
0.199907
0.200019
0.200132
0.200245
0.200358
0.20047
0.200583
0.200695
0.200808
0.20092
0.201032
0.201144
0.201257
0.201369
0.201481
0.201593
0.201705
0.201817
0.201929
0.20204
0.202152
0.202264
0.202375
0.202487
0.202599
0.20271
0.202821
0.202933
0.203044
0.203155
0.203267
0.203378
0.203489
0.2036
0.203711
0.203822
0.203933
0.204044
0.204155
0.204265
0.204376
0.204487
0.204597
0.204708
0.204819
0.204929
0.20504
0.20515
0.205261
0.205371
0.205481
0.205592
0.205702
0.205812
0.205922
0.206032
0.206142
0.206253
0.206363
0.206473
0.206583
0.206693
0.206803
0.206912
0.207022
0.207132
0.207242
)
;

boundaryField
{
    inlet
    {
        type            calculated;
        value           uniform 0;
    }
    outlet
    {
        type            calculated;
        value           uniform 0.207242;
    }
    emptyWalls
    {
        type            empty;
    }
}


// ************************************************************************* //
