/*--------------------------------*- C++ -*----------------------------------*\
  =========                 |
  \\      /  F ield         | OpenFOAM: The Open Source CFD Toolbox
   \\    /   O peration     | Website:  https://openfoam.org
    \\  /    A nd           | Version:  9
     \\/     M anipulation  |
\*---------------------------------------------------------------------------*/
FoamFile
{
    format      ascii;
    class       volVectorField;
    location    "14.5";
    object      Ub;
}
// * * * * * * * * * * * * * * * * * * * * * * * * * * * * * * * * * * * * * //

dimensions      [0 0 0 0 0 0 0];

internalField   nonuniform List<vector> 
1000
(
(0.290579 0 0)
(0.290578 0 0)
(0.290577 0 0)
(0.290576 0 0)
(0.290575 0 0)
(0.290574 0 0)
(0.290572 0 0)
(0.29057 0 0)
(0.290568 0 0)
(0.290566 0 0)
(0.290563 0 0)
(0.290561 0 0)
(0.290558 0 0)
(0.290555 0 0)
(0.290552 0 0)
(0.290548 0 0)
(0.290545 0 0)
(0.290541 0 0)
(0.290537 0 0)
(0.290533 0 0)
(0.290528 0 0)
(0.290524 0 0)
(0.290519 0 0)
(0.290514 0 0)
(0.290509 0 0)
(0.290504 0 0)
(0.290499 0 0)
(0.290493 0 0)
(0.290488 0 0)
(0.290482 0 0)
(0.290476 0 0)
(0.29047 0 0)
(0.290464 0 0)
(0.290457 0 0)
(0.29045 0 0)
(0.290444 0 0)
(0.290437 0 0)
(0.29043 0 0)
(0.290423 0 0)
(0.290415 0 0)
(0.290408 0 0)
(0.2904 0 0)
(0.290392 0 0)
(0.290384 0 0)
(0.290376 0 0)
(0.290368 0 0)
(0.290359 0 0)
(0.290351 0 0)
(0.290342 0 0)
(0.290333 0 0)
(0.290325 0 0)
(0.290315 0 0)
(0.290306 0 0)
(0.290297 0 0)
(0.290287 0 0)
(0.290278 0 0)
(0.290268 0 0)
(0.290258 0 0)
(0.290248 0 0)
(0.290238 0 0)
(0.290228 0 0)
(0.290217 0 0)
(0.290207 0 0)
(0.290196 0 0)
(0.290186 0 0)
(0.290175 0 0)
(0.290164 0 0)
(0.290153 0 0)
(0.290141 0 0)
(0.29013 0 0)
(0.290118 0 0)
(0.290107 0 0)
(0.290095 0 0)
(0.290083 0 0)
(0.290071 0 0)
(0.290059 0 0)
(0.290047 0 0)
(0.290035 0 0)
(0.290022 0 0)
(0.29001 0 0)
(0.289997 0 0)
(0.289985 0 0)
(0.289972 0 0)
(0.289959 0 0)
(0.289946 0 0)
(0.289932 0 0)
(0.289919 0 0)
(0.289906 0 0)
(0.289892 0 0)
(0.289879 0 0)
(0.289865 0 0)
(0.289851 0 0)
(0.289837 0 0)
(0.289823 0 0)
(0.289809 0 0)
(0.289795 0 0)
(0.289781 0 0)
(0.289766 0 0)
(0.289752 0 0)
(0.289737 0 0)
(0.289722 0 0)
(0.289708 0 0)
(0.289693 0 0)
(0.289678 0 0)
(0.289663 0 0)
(0.289647 0 0)
(0.289632 0 0)
(0.289617 0 0)
(0.289601 0 0)
(0.289586 0 0)
(0.28957 0 0)
(0.289554 0 0)
(0.289538 0 0)
(0.289523 0 0)
(0.289507 0 0)
(0.28949 0 0)
(0.289474 0 0)
(0.289458 0 0)
(0.289442 0 0)
(0.289425 0 0)
(0.289408 0 0)
(0.289392 0 0)
(0.289375 0 0)
(0.289358 0 0)
(0.289341 0 0)
(0.289324 0 0)
(0.289307 0 0)
(0.28929 0 0)
(0.289273 0 0)
(0.289256 0 0)
(0.289238 0 0)
(0.289221 0 0)
(0.289203 0 0)
(0.289185 0 0)
(0.289168 0 0)
(0.28915 0 0)
(0.289132 0 0)
(0.289114 0 0)
(0.289096 0 0)
(0.289078 0 0)
(0.28906 0 0)
(0.289041 0 0)
(0.289023 0 0)
(0.289005 0 0)
(0.288986 0 0)
(0.288967 0 0)
(0.288949 0 0)
(0.28893 0 0)
(0.288911 0 0)
(0.288892 0 0)
(0.288873 0 0)
(0.288854 0 0)
(0.288835 0 0)
(0.288816 0 0)
(0.288797 0 0)
(0.288777 0 0)
(0.288758 0 0)
(0.288738 0 0)
(0.288719 0 0)
(0.288699 0 0)
(0.288679 0 0)
(0.28866 0 0)
(0.28864 0 0)
(0.28862 0 0)
(0.2886 0 0)
(0.28858 0 0)
(0.28856 0 0)
(0.288539 0 0)
(0.288519 0 0)
(0.288499 0 0)
(0.288478 0 0)
(0.288458 0 0)
(0.288437 0 0)
(0.288417 0 0)
(0.288396 0 0)
(0.288375 0 0)
(0.288354 0 0)
(0.288334 0 0)
(0.288313 0 0)
(0.288292 0 0)
(0.28827 0 0)
(0.288249 0 0)
(0.288228 0 0)
(0.288207 0 0)
(0.288186 0 0)
(0.288164 0 0)
(0.288143 0 0)
(0.288121 0 0)
(0.2881 0 0)
(0.288078 0 0)
(0.288056 0 0)
(0.288034 0 0)
(0.288013 0 0)
(0.287991 0 0)
(0.287969 0 0)
(0.287947 0 0)
(0.287925 0 0)
(0.287902 0 0)
(0.28788 0 0)
(0.287858 0 0)
(0.287836 0 0)
(0.287813 0 0)
(0.287791 0 0)
(0.287768 0 0)
(0.287746 0 0)
(0.287723 0 0)
(0.2877 0 0)
(0.287678 0 0)
(0.287655 0 0)
(0.287632 0 0)
(0.287609 0 0)
(0.287586 0 0)
(0.287563 0 0)
(0.28754 0 0)
(0.287517 0 0)
(0.287494 0 0)
(0.28747 0 0)
(0.287447 0 0)
(0.287424 0 0)
(0.2874 0 0)
(0.287377 0 0)
(0.287353 0 0)
(0.28733 0 0)
(0.287306 0 0)
(0.287282 0 0)
(0.287258 0 0)
(0.287235 0 0)
(0.287211 0 0)
(0.287187 0 0)
(0.287163 0 0)
(0.287139 0 0)
(0.287115 0 0)
(0.287091 0 0)
(0.287066 0 0)
(0.287042 0 0)
(0.287018 0 0)
(0.286994 0 0)
(0.286969 0 0)
(0.286945 0 0)
(0.28692 0 0)
(0.286896 0 0)
(0.286871 0 0)
(0.286846 0 0)
(0.286822 0 0)
(0.286797 0 0)
(0.286772 0 0)
(0.286747 0 0)
(0.286722 0 0)
(0.286697 0 0)
(0.286672 0 0)
(0.286647 0 0)
(0.286622 0 0)
(0.286597 0 0)
(0.286572 0 0)
(0.286547 0 0)
(0.286521 0 0)
(0.286496 0 0)
(0.286471 0 0)
(0.286445 0 0)
(0.28642 0 0)
(0.286394 0 0)
(0.286368 0 0)
(0.286343 0 0)
(0.286317 0 0)
(0.286291 0 0)
(0.286266 0 0)
(0.28624 0 0)
(0.286214 0 0)
(0.286188 0 0)
(0.286162 0 0)
(0.286136 0 0)
(0.28611 0 0)
(0.286084 0 0)
(0.286058 0 0)
(0.286031 0 0)
(0.286005 0 0)
(0.285979 0 0)
(0.285952 0 0)
(0.285926 0 0)
(0.2859 0 0)
(0.285873 0 0)
(0.285847 0 0)
(0.28582 0 0)
(0.285793 0 0)
(0.285767 0 0)
(0.28574 0 0)
(0.285713 0 0)
(0.285687 0 0)
(0.28566 0 0)
(0.285633 0 0)
(0.285606 0 0)
(0.285579 0 0)
(0.285552 0 0)
(0.285525 0 0)
(0.285498 0 0)
(0.285471 0 0)
(0.285443 0 0)
(0.285416 0 0)
(0.285389 0 0)
(0.285362 0 0)
(0.285334 0 0)
(0.285307 0 0)
(0.285279 0 0)
(0.285252 0 0)
(0.285224 0 0)
(0.285197 0 0)
(0.285169 0 0)
(0.285142 0 0)
(0.285114 0 0)
(0.285086 0 0)
(0.285058 0 0)
(0.28503 0 0)
(0.285003 0 0)
(0.284975 0 0)
(0.284947 0 0)
(0.284919 0 0)
(0.284891 0 0)
(0.284863 0 0)
(0.284835 0 0)
(0.284806 0 0)
(0.284778 0 0)
(0.28475 0 0)
(0.284722 0 0)
(0.284693 0 0)
(0.284665 0 0)
(0.284637 0 0)
(0.284608 0 0)
(0.28458 0 0)
(0.284551 0 0)
(0.284523 0 0)
(0.284494 0 0)
(0.284466 0 0)
(0.284437 0 0)
(0.284408 0 0)
(0.284379 0 0)
(0.284351 0 0)
(0.284322 0 0)
(0.284293 0 0)
(0.284264 0 0)
(0.284235 0 0)
(0.284206 0 0)
(0.284177 0 0)
(0.284148 0 0)
(0.284119 0 0)
(0.28409 0 0)
(0.284061 0 0)
(0.284032 0 0)
(0.284002 0 0)
(0.283973 0 0)
(0.283944 0 0)
(0.283914 0 0)
(0.283885 0 0)
(0.283856 0 0)
(0.283826 0 0)
(0.283797 0 0)
(0.283767 0 0)
(0.283738 0 0)
(0.283708 0 0)
(0.283678 0 0)
(0.283649 0 0)
(0.283619 0 0)
(0.283589 0 0)
(0.283559 0 0)
(0.28353 0 0)
(0.2835 0 0)
(0.28347 0 0)
(0.28344 0 0)
(0.28341 0 0)
(0.28338 0 0)
(0.28335 0 0)
(0.28332 0 0)
(0.28329 0 0)
(0.28326 0 0)
(0.283229 0 0)
(0.283199 0 0)
(0.283169 0 0)
(0.283139 0 0)
(0.283108 0 0)
(0.283078 0 0)
(0.283048 0 0)
(0.283017 0 0)
(0.282987 0 0)
(0.282956 0 0)
(0.282926 0 0)
(0.282895 0 0)
(0.282865 0 0)
(0.282834 0 0)
(0.282803 0 0)
(0.282773 0 0)
(0.282742 0 0)
(0.282711 0 0)
(0.28268 0 0)
(0.282649 0 0)
(0.282619 0 0)
(0.282588 0 0)
(0.282557 0 0)
(0.282526 0 0)
(0.282495 0 0)
(0.282464 0 0)
(0.282433 0 0)
(0.282401 0 0)
(0.28237 0 0)
(0.282339 0 0)
(0.282308 0 0)
(0.282277 0 0)
(0.282245 0 0)
(0.282214 0 0)
(0.282183 0 0)
(0.282151 0 0)
(0.28212 0 0)
(0.282089 0 0)
(0.282057 0 0)
(0.282026 0 0)
(0.281994 0 0)
(0.281963 0 0)
(0.281931 0 0)
(0.281899 0 0)
(0.281868 0 0)
(0.281836 0 0)
(0.281804 0 0)
(0.281772 0 0)
(0.281741 0 0)
(0.281709 0 0)
(0.281677 0 0)
(0.281645 0 0)
(0.281613 0 0)
(0.281581 0 0)
(0.281549 0 0)
(0.281517 0 0)
(0.281485 0 0)
(0.281453 0 0)
(0.281421 0 0)
(0.281389 0 0)
(0.281357 0 0)
(0.281325 0 0)
(0.281292 0 0)
(0.28126 0 0)
(0.281228 0 0)
(0.281195 0 0)
(0.281163 0 0)
(0.281131 0 0)
(0.281098 0 0)
(0.281066 0 0)
(0.281033 0 0)
(0.281001 0 0)
(0.280968 0 0)
(0.280936 0 0)
(0.280903 0 0)
(0.28087 0 0)
(0.280838 0 0)
(0.280805 0 0)
(0.280772 0 0)
(0.28074 0 0)
(0.280707 0 0)
(0.280674 0 0)
(0.280641 0 0)
(0.280608 0 0)
(0.280575 0 0)
(0.280543 0 0)
(0.28051 0 0)
(0.280477 0 0)
(0.280444 0 0)
(0.280411 0 0)
(0.280377 0 0)
(0.280344 0 0)
(0.280311 0 0)
(0.280278 0 0)
(0.280245 0 0)
(0.280212 0 0)
(0.280178 0 0)
(0.280145 0 0)
(0.280112 0 0)
(0.280078 0 0)
(0.280045 0 0)
(0.280012 0 0)
(0.279978 0 0)
(0.279945 0 0)
(0.279911 0 0)
(0.279878 0 0)
(0.279844 0 0)
(0.279811 0 0)
(0.279777 0 0)
(0.279743 0 0)
(0.27971 0 0)
(0.279676 0 0)
(0.279642 0 0)
(0.279609 0 0)
(0.279575 0 0)
(0.279541 0 0)
(0.279507 0 0)
(0.279473 0 0)
(0.279439 0 0)
(0.279405 0 0)
(0.279371 0 0)
(0.279337 0 0)
(0.279303 0 0)
(0.279269 0 0)
(0.279235 0 0)
(0.279201 0 0)
(0.279167 0 0)
(0.279133 0 0)
(0.279099 0 0)
(0.279065 0 0)
(0.27903 0 0)
(0.278996 0 0)
(0.278962 0 0)
(0.278928 0 0)
(0.278893 0 0)
(0.278859 0 0)
(0.278824 0 0)
(0.27879 0 0)
(0.278756 0 0)
(0.278721 0 0)
(0.278687 0 0)
(0.278652 0 0)
(0.278618 0 0)
(0.278583 0 0)
(0.278548 0 0)
(0.278514 0 0)
(0.278479 0 0)
(0.278444 0 0)
(0.27841 0 0)
(0.278375 0 0)
(0.27834 0 0)
(0.278305 0 0)
(0.27827 0 0)
(0.278236 0 0)
(0.278201 0 0)
(0.278166 0 0)
(0.278131 0 0)
(0.278096 0 0)
(0.278061 0 0)
(0.278026 0 0)
(0.277991 0 0)
(0.277956 0 0)
(0.277921 0 0)
(0.277885 0 0)
(0.27785 0 0)
(0.277815 0 0)
(0.27778 0 0)
(0.277745 0 0)
(0.277709 0 0)
(0.277674 0 0)
(0.277639 0 0)
(0.277603 0 0)
(0.277568 0 0)
(0.277533 0 0)
(0.277497 0 0)
(0.277462 0 0)
(0.277426 0 0)
(0.277391 0 0)
(0.277355 0 0)
(0.27732 0 0)
(0.277284 0 0)
(0.277249 0 0)
(0.277213 0 0)
(0.277177 0 0)
(0.277142 0 0)
(0.277106 0 0)
(0.27707 0 0)
(0.277034 0 0)
(0.276999 0 0)
(0.276963 0 0)
(0.276927 0 0)
(0.276891 0 0)
(0.276855 0 0)
(0.276819 0 0)
(0.276783 0 0)
(0.276747 0 0)
(0.276711 0 0)
(0.276675 0 0)
(0.276639 0 0)
(0.276603 0 0)
(0.276567 0 0)
(0.276531 0 0)
(0.276495 0 0)
(0.276459 0 0)
(0.276423 0 0)
(0.276386 0 0)
(0.27635 0 0)
(0.276314 0 0)
(0.276277 0 0)
(0.276241 0 0)
(0.276205 0 0)
(0.276168 0 0)
(0.276132 0 0)
(0.276096 0 0)
(0.276059 0 0)
(0.276023 0 0)
(0.275986 0 0)
(0.27595 0 0)
(0.275913 0 0)
(0.275876 0 0)
(0.27584 0 0)
(0.275803 0 0)
(0.275767 0 0)
(0.27573 0 0)
(0.275693 0 0)
(0.275656 0 0)
(0.27562 0 0)
(0.275583 0 0)
(0.275546 0 0)
(0.275509 0 0)
(0.275472 0 0)
(0.275436 0 0)
(0.275399 0 0)
(0.275362 0 0)
(0.275325 0 0)
(0.275288 0 0)
(0.275251 0 0)
(0.275214 0 0)
(0.275177 0 0)
(0.27514 0 0)
(0.275103 0 0)
(0.275065 0 0)
(0.275028 0 0)
(0.274991 0 0)
(0.274954 0 0)
(0.274917 0 0)
(0.274879 0 0)
(0.274842 0 0)
(0.274805 0 0)
(0.274767 0 0)
(0.27473 0 0)
(0.274693 0 0)
(0.274655 0 0)
(0.274618 0 0)
(0.274581 0 0)
(0.274543 0 0)
(0.274506 0 0)
(0.274468 0 0)
(0.27443 0 0)
(0.274393 0 0)
(0.274355 0 0)
(0.274318 0 0)
(0.27428 0 0)
(0.274242 0 0)
(0.274205 0 0)
(0.274167 0 0)
(0.274129 0 0)
(0.274091 0 0)
(0.274054 0 0)
(0.274016 0 0)
(0.273978 0 0)
(0.27394 0 0)
(0.273902 0 0)
(0.273864 0 0)
(0.273826 0 0)
(0.273789 0 0)
(0.273751 0 0)
(0.273713 0 0)
(0.273674 0 0)
(0.273636 0 0)
(0.273598 0 0)
(0.27356 0 0)
(0.273522 0 0)
(0.273484 0 0)
(0.273446 0 0)
(0.273408 0 0)
(0.273369 0 0)
(0.273331 0 0)
(0.273293 0 0)
(0.273255 0 0)
(0.273216 0 0)
(0.273178 0 0)
(0.27314 0 0)
(0.273101 0 0)
(0.273063 0 0)
(0.273024 0 0)
(0.272986 0 0)
(0.272947 0 0)
(0.272909 0 0)
(0.27287 0 0)
(0.272832 0 0)
(0.272793 0 0)
(0.272755 0 0)
(0.272716 0 0)
(0.272677 0 0)
(0.272639 0 0)
(0.2726 0 0)
(0.272561 0 0)
(0.272523 0 0)
(0.272484 0 0)
(0.272445 0 0)
(0.272406 0 0)
(0.272367 0 0)
(0.272328 0 0)
(0.27229 0 0)
(0.272251 0 0)
(0.272212 0 0)
(0.272173 0 0)
(0.272134 0 0)
(0.272095 0 0)
(0.272056 0 0)
(0.272017 0 0)
(0.271978 0 0)
(0.271939 0 0)
(0.271899 0 0)
(0.27186 0 0)
(0.271821 0 0)
(0.271782 0 0)
(0.271743 0 0)
(0.271703 0 0)
(0.271664 0 0)
(0.271625 0 0)
(0.271586 0 0)
(0.271546 0 0)
(0.271507 0 0)
(0.271468 0 0)
(0.271428 0 0)
(0.271389 0 0)
(0.271349 0 0)
(0.27131 0 0)
(0.27127 0 0)
(0.271231 0 0)
(0.271191 0 0)
(0.271152 0 0)
(0.271112 0 0)
(0.271072 0 0)
(0.271033 0 0)
(0.270993 0 0)
(0.270954 0 0)
(0.270914 0 0)
(0.270874 0 0)
(0.270834 0 0)
(0.270795 0 0)
(0.270755 0 0)
(0.270715 0 0)
(0.270675 0 0)
(0.270635 0 0)
(0.270595 0 0)
(0.270555 0 0)
(0.270515 0 0)
(0.270476 0 0)
(0.270436 0 0)
(0.270396 0 0)
(0.270356 0 0)
(0.270315 0 0)
(0.270275 0 0)
(0.270235 0 0)
(0.270195 0 0)
(0.270155 0 0)
(0.270115 0 0)
(0.270075 0 0)
(0.270034 0 0)
(0.269994 0 0)
(0.269954 0 0)
(0.269914 0 0)
(0.269873 0 0)
(0.269833 0 0)
(0.269793 0 0)
(0.269752 0 0)
(0.269712 0 0)
(0.269671 0 0)
(0.269631 0 0)
(0.269591 0 0)
(0.26955 0 0)
(0.26951 0 0)
(0.269469 0 0)
(0.269428 0 0)
(0.269388 0 0)
(0.269347 0 0)
(0.269307 0 0)
(0.269266 0 0)
(0.269225 0 0)
(0.269185 0 0)
(0.269144 0 0)
(0.269103 0 0)
(0.269062 0 0)
(0.269021 0 0)
(0.268981 0 0)
(0.26894 0 0)
(0.268899 0 0)
(0.268858 0 0)
(0.268817 0 0)
(0.268776 0 0)
(0.268735 0 0)
(0.268694 0 0)
(0.268653 0 0)
(0.268612 0 0)
(0.268571 0 0)
(0.26853 0 0)
(0.268489 0 0)
(0.268448 0 0)
(0.268407 0 0)
(0.268366 0 0)
(0.268324 0 0)
(0.268283 0 0)
(0.268242 0 0)
(0.268201 0 0)
(0.268159 0 0)
(0.268118 0 0)
(0.268077 0 0)
(0.268035 0 0)
(0.267994 0 0)
(0.267953 0 0)
(0.267911 0 0)
(0.26787 0 0)
(0.267828 0 0)
(0.267787 0 0)
(0.267745 0 0)
(0.267704 0 0)
(0.267662 0 0)
(0.267621 0 0)
(0.267579 0 0)
(0.267537 0 0)
(0.267496 0 0)
(0.267454 0 0)
(0.267412 0 0)
(0.267371 0 0)
(0.267329 0 0)
(0.267287 0 0)
(0.267245 0 0)
(0.267204 0 0)
(0.267162 0 0)
(0.26712 0 0)
(0.267078 0 0)
(0.267036 0 0)
(0.266994 0 0)
(0.266952 0 0)
(0.26691 0 0)
(0.266868 0 0)
(0.266826 0 0)
(0.266784 0 0)
(0.266742 0 0)
(0.2667 0 0)
(0.266658 0 0)
(0.266616 0 0)
(0.266573 0 0)
(0.266531 0 0)
(0.266489 0 0)
(0.266447 0 0)
(0.266405 0 0)
(0.266362 0 0)
(0.26632 0 0)
(0.266278 0 0)
(0.266235 0 0)
(0.266193 0 0)
(0.26615 0 0)
(0.266108 0 0)
(0.266066 0 0)
(0.266023 0 0)
(0.265981 0 0)
(0.265938 0 0)
(0.265896 0 0)
(0.265853 0 0)
(0.26581 0 0)
(0.265768 0 0)
(0.265725 0 0)
(0.265682 0 0)
(0.26564 0 0)
(0.265597 0 0)
(0.265554 0 0)
(0.265512 0 0)
(0.265469 0 0)
(0.265426 0 0)
(0.265383 0 0)
(0.26534 0 0)
(0.265297 0 0)
(0.265254 0 0)
(0.265211 0 0)
(0.265169 0 0)
(0.265126 0 0)
(0.265083 0 0)
(0.26504 0 0)
(0.264996 0 0)
(0.264953 0 0)
(0.26491 0 0)
(0.264867 0 0)
(0.264824 0 0)
(0.264781 0 0)
(0.264738 0 0)
(0.264694 0 0)
(0.264651 0 0)
(0.264608 0 0)
(0.264565 0 0)
(0.264521 0 0)
(0.264478 0 0)
(0.264435 0 0)
(0.264391 0 0)
(0.264348 0 0)
(0.264304 0 0)
(0.264261 0 0)
(0.264217 0 0)
(0.264174 0 0)
(0.26413 0 0)
(0.264087 0 0)
(0.264043 0 0)
(0.263999 0 0)
(0.263956 0 0)
(0.263912 0 0)
(0.263868 0 0)
(0.263825 0 0)
(0.263781 0 0)
(0.263737 0 0)
(0.263693 0 0)
(0.26365 0 0)
(0.263606 0 0)
(0.263562 0 0)
(0.263518 0 0)
(0.263474 0 0)
(0.26343 0 0)
(0.263386 0 0)
(0.263342 0 0)
(0.263298 0 0)
(0.263254 0 0)
(0.26321 0 0)
(0.263166 0 0)
(0.263122 0 0)
(0.263078 0 0)
(0.263033 0 0)
(0.262989 0 0)
(0.262945 0 0)
(0.262901 0 0)
(0.262856 0 0)
(0.262812 0 0)
(0.262768 0 0)
(0.262723 0 0)
(0.262679 0 0)
(0.262635 0 0)
(0.26259 0 0)
(0.262546 0 0)
(0.262501 0 0)
(0.262457 0 0)
(0.262412 0 0)
(0.262368 0 0)
(0.262323 0 0)
(0.262278 0 0)
(0.262234 0 0)
(0.262189 0 0)
(0.262144 0 0)
(0.2621 0 0)
(0.262055 0 0)
(0.26201 0 0)
(0.261965 0 0)
(0.26192 0 0)
(0.261875 0 0)
(0.26183 0 0)
(0.261786 0 0)
(0.261741 0 0)
(0.261696 0 0)
(0.261651 0 0)
(0.261605 0 0)
(0.26156 0 0)
(0.261515 0 0)
(0.26147 0 0)
(0.261425 0 0)
(0.26138 0 0)
(0.261335 0 0)
(0.261289 0 0)
(0.261244 0 0)
(0.261199 0 0)
(0.261153 0 0)
(0.261108 0 0)
(0.261063 0 0)
(0.261017 0 0)
(0.260972 0 0)
(0.260926 0 0)
(0.260881 0 0)
(0.260835 0 0)
(0.260789 0 0)
(0.260744 0 0)
(0.260698 0 0)
(0.260652 0 0)
(0.260607 0 0)
(0.260561 0 0)
(0.260515 0 0)
(0.260469 0 0)
(0.260424 0 0)
(0.260378 0 0)
(0.260332 0 0)
(0.260286 0 0)
(0.26024 0 0)
(0.260194 0 0)
(0.260148 0 0)
(0.260102 0 0)
(0.260056 0 0)
(0.260009 0 0)
(0.259963 0 0)
(0.259917 0 0)
(0.259871 0 0)
(0.259824 0 0)
(0.259778 0 0)
(0.259732 0 0)
(0.259685 0 0)
(0.259639 0 0)
(0.259592 0 0)
(0.259546 0 0)
(0.259499 0 0)
(0.259453 0 0)
(0.259406 0 0)
(0.259359 0 0)
(0.259313 0 0)
(0.259266 0 0)
(0.259219 0 0)
(0.259172 0 0)
(0.259126 0 0)
(0.259079 0 0)
(0.259032 0 0)
(0.258985 0 0)
)
;

boundaryField
{
    inlet
    {
        type            fractionalVelocity;
        U               1((1 0 0));
        fractionalFlow  Fb;
        value           uniform (0.290579 0 0);
    }
    outlet
    {
        type            zeroGradient;
    }
    emptyWalls
    {
        type            empty;
    }
}


// ************************************************************************* //
