/*--------------------------------*- C++ -*----------------------------------*\
  =========                 |
  \\      /  F ield         | OpenFOAM: The Open Source CFD Toolbox
   \\    /   O peration     | Website:  https://openfoam.org
    \\  /    A nd           | Version:  9
     \\/     M anipulation  |
\*---------------------------------------------------------------------------*/
FoamFile
{
    format      ascii;
    class       volScalarField;
    location    "6.6";
    object      Sa;
}
// * * * * * * * * * * * * * * * * * * * * * * * * * * * * * * * * * * * * * //

dimensions      [0 0 0 0 0 0 0];

internalField   nonuniform List<scalar> 
1000
(
0.499098
0.498549
0.498045
0.497562
0.497095
0.496638
0.496192
0.495753
0.495321
0.494895
0.494475
0.494061
0.493652
0.493248
0.492849
0.492454
0.492063
0.491677
0.491295
0.490916
0.490542
0.490171
0.489803
0.489439
0.489079
0.488722
0.488368
0.488017
0.48767
0.487325
0.486984
0.486645
0.486309
0.485977
0.485646
0.485319
0.484994
0.484672
0.484353
0.484036
0.483721
0.483409
0.483099
0.482792
0.482487
0.482184
0.481884
0.481586
0.481289
0.480996
0.480704
0.480414
0.480126
0.479841
0.479557
0.479275
0.478996
0.478718
0.478442
0.478168
0.477895
0.477625
0.477356
0.477089
0.476824
0.476561
0.476299
0.476039
0.47578
0.475523
0.475268
0.475014
0.474762
0.474512
0.474263
0.474015
0.473769
0.473524
0.473281
0.47304
0.472799
0.47256
0.472323
0.472087
0.471852
0.471618
0.471386
0.471155
0.470926
0.470698
0.470471
0.470245
0.47002
0.469797
0.469575
0.469354
0.469134
0.468916
0.468698
0.468482
0.468267
0.468053
0.46784
0.467628
0.467418
0.467208
0.466999
0.466792
0.466585
0.46638
0.466175
0.465972
0.465769
0.465568
0.465368
0.465168
0.46497
0.464772
0.464575
0.46438
0.464185
0.463991
0.463798
0.463606
0.463415
0.463225
0.463035
0.462847
0.462659
0.462472
0.462286
0.462101
0.461917
0.461733
0.46155
0.461368
0.461187
0.461007
0.460828
0.460649
0.460471
0.460294
0.460117
0.459942
0.459767
0.459592
0.459419
0.459246
0.459074
0.458903
0.458732
0.458562
0.458393
0.458225
0.458057
0.45789
0.457723
0.457557
0.457392
0.457228
0.457064
0.456901
0.456738
0.456576
0.456415
0.456254
0.456094
0.455935
0.455776
0.455618
0.45546
0.455303
0.455147
0.454991
0.454836
0.454681
0.454527
0.454373
0.45422
0.454068
0.453916
0.453765
0.453614
0.453464
0.453315
0.453165
0.453017
0.452869
0.452721
0.452574
0.452428
0.452282
0.452137
0.451992
0.451847
0.451703
0.45156
0.451417
0.451275
0.451133
0.450991
0.45085
0.45071
0.45057
0.45043
0.450291
0.450153
0.450014
0.449877
0.44974
0.449603
0.449466
0.449331
0.449195
0.44906
0.448926
0.448791
0.448658
0.448524
0.448392
0.448259
0.448127
0.447996
0.447864
0.447734
0.447603
0.447473
0.447344
0.447215
0.447086
0.446958
0.44683
0.446702
0.446575
0.446448
0.446322
0.446196
0.44607
0.445945
0.44582
0.445696
0.445571
0.445448
0.445324
0.445201
0.445079
0.444956
0.444834
0.444713
0.444591
0.444471
0.44435
0.44423
0.44411
0.44399
0.443871
0.443752
0.443634
0.443516
0.443398
0.44328
0.443163
0.443046
0.44293
0.442814
0.442698
0.442582
0.442467
0.442352
0.442238
0.442123
0.442009
0.441896
0.441782
0.441669
0.441556
0.441444
0.441332
0.44122
0.441108
0.440997
0.440886
0.440775
0.440665
0.440555
0.440445
0.440336
0.440226
0.440117
0.440009
0.4399
0.439792
0.439684
0.439577
0.43947
0.439362
0.439256
0.439149
0.439043
0.438937
0.438831
0.438726
0.438621
0.438516
0.438411
0.438307
0.438203
0.438099
0.437995
0.437892
0.437789
0.437686
0.437583
0.437481
0.437379
0.437277
0.437175
0.437074
0.436973
0.436872
0.436771
0.43667
0.43657
0.43647
0.436371
0.436271
0.436172
0.436073
0.435974
0.435875
0.435777
0.435679
0.435581
0.435483
0.435386
0.435288
0.435191
0.435094
0.434998
0.434901
0.434805
0.434709
0.434613
0.434518
0.434423
0.434327
0.434232
0.434138
0.434043
0.433949
0.433855
0.433761
0.433667
0.433574
0.43348
0.433387
0.433294
0.433202
0.433109
0.433017
0.432925
0.432833
0.432741
0.432649
0.432558
0.432467
0.432376
0.432285
0.432194
0.432104
0.432014
0.431924
0.431834
0.431744
0.431654
0.431565
0.431476
0.431387
0.431298
0.431209
0.431121
0.431032
0.430944
0.430856
0.430768
0.430681
0.430593
0.430506
0.430419
0.430332
0.430245
0.430158
0.430072
0.429985
0.429899
0.429813
0.429727
0.429641
0.429556
0.42947
0.429385
0.4293
0.429215
0.42913
0.429045
0.428961
0.428876
0.428792
0.428708
0.428624
0.42854
0.428456
0.428373
0.428289
0.428206
0.428123
0.42804
0.427957
0.427874
0.427791
0.427709
0.427626
0.427544
0.427462
0.42738
0.427298
0.427216
0.427134
0.427052
0.426971
0.426889
0.426808
0.426727
0.426646
0.426565
0.426484
0.426403
0.426322
0.426242
0.426161
0.426081
0.426
0.42592
0.42584
0.425759
0.425679
0.425599
0.425519
0.425439
0.425359
0.42528
0.4252
0.42512
0.42504
0.424961
0.424881
0.424801
0.424722
0.424642
0.424562
0.424483
0.424403
0.424323
0.424244
0.424164
0.424084
0.424004
0.423924
0.423844
0.423764
0.423684
0.423604
0.423523
0.423443
0.423362
0.423281
0.4232
0.423118
0.423037
0.422955
0.422873
0.42279
0.422707
0.422624
0.422541
0.422456
0.422372
0.422287
0.422201
0.422114
0.422027
0.421939
0.421851
0.421761
0.42167
0.421578
0.421485
0.42139
0.421294
0.421196
0.421096
0.420994
0.42089
0.420783
0.420673
0.420559
0.420442
0.420321
0.420194
0.420062
0.419924
0.419778
0.419623
0.419458
0.419281
0.419089
0.418879
0.418648
0.418391
0.418101
0.417768
0.41738
0.416919
0.416356
0.415649
0.414727
0.413463
0.411615
0.408647
0.40322
0.38882
0.312542
0.31032
0.307892
0.305936
0.305064
0.305649
0.307493
0.309756
0.311513
0.312354
0.312395
0.31194
0.311254
0.310518
0.309855
0.309346
0.309048
0.308979
0.309121
0.309413
0.309765
0.310088
0.310315
0.310417
0.310401
0.310298
0.31015
0.309996
0.309869
0.309788
0.309762
0.309785
0.309843
0.309917
0.309988
0.310044
0.310074
0.310079
0.310063
0.310034
0.309999
0.309968
0.309946
0.309936
0.309937
0.309946
0.309961
0.309977
0.30999
0.309998
0.310002
0.31
0.309994
0.309987
0.309981
0.309975
0.309972
0.309971
0.309973
0.309975
0.309979
0.309982
0.309984
0.309985
0.309985
0.309984
0.309983
0.309981
0.30998
0.309979
0.309979
0.309979
0.309979
0.30998
0.309981
0.309981
0.309982
0.309982
0.309982
0.309981
0.309981
0.309981
0.309981
0.30998
0.30998
0.309981
0.309981
0.309981
0.309981
0.309981
0.309981
0.309981
0.309981
0.309981
0.309981
0.309981
0.309981
0.309981
0.309981
0.309981
0.309981
0.309981
0.309981
0.309981
0.309981
0.309981
0.309981
0.309981
0.309981
0.309981
0.309981
0.309981
0.309981
0.309981
0.309981
0.309981
0.309981
0.309981
0.309981
0.309981
0.309981
0.309981
0.309981
0.309981
0.309981
0.309981
0.309981
0.309981
0.309981
0.309981
0.309981
0.309981
0.309981
0.309981
0.309981
0.309981
0.309981
0.309981
0.309981
0.309981
0.309981
0.309981
0.309981
0.309981
0.309981
0.309981
0.309981
0.309981
0.309981
0.30998
0.30998
0.30998
0.30998
0.30998
0.30998
0.309979
0.309979
0.309979
0.309979
0.309978
0.309978
0.309978
0.309977
0.309977
0.309977
0.309976
0.309976
0.309975
0.309975
0.309975
0.309974
0.309974
0.309973
0.309973
0.309973
0.309972
0.309972
0.309972
0.309972
0.309972
0.309972
0.309972
0.309972
0.309972
0.309972
0.309972
0.309972
0.309973
0.309973
0.309974
0.309974
0.309974
0.309975
0.309975
0.309976
0.309976
0.309977
0.309977
0.309978
0.309978
0.309979
0.309979
0.309979
0.30998
0.30998
0.30998
0.309981
0.309981
0.309981
0.309981
0.309981
0.309982
0.309982
0.309982
0.309982
0.309982
0.309982
0.309982
0.309982
0.309982
0.309982
0.309982
0.309982
0.309982
0.309982
0.309982
0.309982
0.309982
0.309982
0.309982
0.309982
0.309982
0.309982
0.309982
0.309982
0.309982
0.309982
0.309982
0.309982
0.309982
0.309982
0.309982
0.309982
0.309982
0.309982
0.309981
0.309981
0.309981
0.309981
0.309981
0.309981
0.30998
0.30998
0.30998
0.30998
0.30998
0.309979
0.309979
0.309979
0.309979
0.309978
0.309978
0.309978
0.309978
0.309977
0.309977
0.309977
0.309976
0.309976
0.309976
0.309976
0.309976
0.309975
0.309975
0.309975
0.309975
0.309975
0.309975
0.309975
0.309975
0.309975
0.309975
0.309975
0.309975
0.309975
0.309975
0.309975
0.309976
0.309976
0.309976
0.309976
0.309977
0.309977
0.309977
0.309977
0.309978
0.309978
0.309978
0.309978
0.309979
0.309979
0.309979
0.309979
0.309979
0.30998
0.30998
0.30998
0.30998
0.30998
0.30998
0.30998
0.30998
0.30998
0.30998
0.30998
0.30998
0.30998
0.30998
0.30998
0.309979
0.309979
0.309979
0.309979
0.309979
0.309979
0.309978
0.309978
0.309978
0.309978
0.309978
0.309977
0.309977
0.309977
0.309977
0.309977
0.309977
0.309977
0.309977
0.309977
0.309977
0.309977
0.309977
0.309977
0.309977
0.309977
0.309977
0.309977
0.309977
0.309977
0.309978
0.309978
0.309978
0.309978
0.309978
0.309979
0.309979
0.309979
0.309979
0.309979
0.30998
0.30998
0.30998
0.30998
0.309981
0.309981
0.309981
0.309983
0.309991
0.31004
0.310489
0.315103
0.326794
0.329639
0.329667
0.329667
0.329667
0.329666
0.329666
0.329666
0.329666
0.329666
0.329666
0.329666
0.329665
0.329665
0.329665
0.329664
0.329664
0.329664
0.329664
0.329663
0.329663
0.329663
0.329662
0.329662
0.329662
0.329661
0.329661
0.329661
0.329661
0.329661
0.32966
0.32966
0.32966
0.32966
0.32966
0.32966
0.32966
0.32966
0.32966
0.32966
0.32966
0.32966
0.32966
0.32966
0.32966
0.32966
0.32966
0.32966
0.32966
0.32966
0.32966
0.32966
0.32966
0.32966
0.32966
0.32966
0.32966
0.32966
0.32966
0.32966
0.32966
0.32966
0.32966
0.32966
0.32966
0.32966
0.32966
0.32966
0.32966
0.32966
0.32966
0.32966
0.32966
0.32966
0.32966
0.32966
0.32966
0.32966
0.32966
0.32966
0.32966
0.32966
0.32966
0.32966
0.32966
0.32966
0.32966
0.32966
0.32966
0.32966
0.32966
0.32966
0.32966
0.32966
0.32966
0.32966
0.32966
0.32966
)
;

boundaryField
{
    inlet
    {
        type            fixedValue;
        value           uniform 0.5;
    }
    outlet
    {
        type            zeroGradient;
    }
    emptyWalls
    {
        type            empty;
    }
}


// ************************************************************************* //
