/*--------------------------------*- C++ -*----------------------------------*\
  =========                 |
  \\      /  F ield         | OpenFOAM: The Open Source CFD Toolbox
   \\    /   O peration     | Website:  https://openfoam.org
    \\  /    A nd           | Version:  9
     \\/     M anipulation  |
\*---------------------------------------------------------------------------*/
FoamFile
{
    format      ascii;
    class       volVectorField;
    location    "3375";
    object      Ub;
}
// * * * * * * * * * * * * * * * * * * * * * * * * * * * * * * * * * * * * * //

dimensions      [0 0 0 0 0 0 0];

internalField   nonuniform List<vector> 
100
(
(0 0 5.69474e-09)
(0 0 9.00953e-09)
(0 0 1.5816e-08)
(0 0 2.28629e-08)
(0 0 2.99812e-08)
(0 0 3.7084e-08)
(0 0 4.4182e-08)
(0 0 5.13092e-08)
(0 0 5.84476e-08)
(0 0 6.55802e-08)
(0 0 7.26954e-08)
(0 0 7.97854e-08)
(0 0 8.68454e-08)
(0 0 9.38715e-08)
(0 0 1.00861e-07)
(0 0 1.07812e-07)
(0 0 1.14723e-07)
(0 0 1.21594e-07)
(0 0 1.28424e-07)
(0 0 1.35211e-07)
(0 0 1.41958e-07)
(0 0 1.48662e-07)
(0 0 1.55325e-07)
(0 0 1.61948e-07)
(0 0 1.68531e-07)
(0 0 1.75074e-07)
(0 0 1.81578e-07)
(0 0 1.88044e-07)
(0 0 1.94472e-07)
(0 0 2.00863e-07)
(0 0 2.07217e-07)
(0 0 2.13535e-07)
(0 0 2.19815e-07)
(0 0 2.26052e-07)
(0 0 2.32239e-07)
(0 0 2.38365e-07)
(0 0 2.44421e-07)
(0 0 2.504e-07)
(0 0 2.56306e-07)
(0 0 2.62148e-07)
(0 0 2.67941e-07)
(0 0 2.73699e-07)
(0 0 2.79436e-07)
(0 0 2.8516e-07)
(0 0 2.9088e-07)
(0 0 2.96598e-07)
(0 0 3.02317e-07)
(0 0 3.08038e-07)
(0 0 3.13762e-07)
(0 0 3.19489e-07)
(0 0 3.25222e-07)
(0 0 3.30964e-07)
(0 0 3.36728e-07)
(0 0 3.42541e-07)
(0 0 3.48463e-07)
(0 0 3.54594e-07)
(0 0 3.6106e-07)
(0 0 3.67943e-07)
(0 0 3.75195e-07)
(0 0 3.82612e-07)
(0 0 3.89939e-07)
(0 0 3.96999e-07)
(0 0 4.03735e-07)
(0 0 4.10156e-07)
(0 0 4.1627e-07)
(0 0 4.22045e-07)
(0 0 4.2744e-07)
(0 0 4.3247e-07)
(0 0 4.37214e-07)
(0 0 4.41774e-07)
(0 0 4.4624e-07)
(0 0 4.50674e-07)
(0 0 4.55113e-07)
(0 0 4.5957e-07)
(0 0 4.6405e-07)
(0 0 4.68549e-07)
(0 0 4.73062e-07)
(0 0 4.77582e-07)
(0 0 4.82103e-07)
(0 0 4.86621e-07)
(0 0 4.91131e-07)
(0 0 4.95628e-07)
(0 0 5.00108e-07)
(0 0 5.04578e-07)
(0 0 5.09095e-07)
(0 0 5.13899e-07)
(0 0 5.19715e-07)
(0 0 5.28098e-07)
(0 0 5.40768e-07)
(0 0 5.56832e-07)
(0 0 5.7211e-07)
(0 0 5.82512e-07)
(0 0 5.87175e-07)
(0 0 5.87552e-07)
(0 0 5.84849e-07)
(0 0 5.79586e-07)
(0 0 5.71771e-07)
(0 0 5.6094e-07)
(0 0 5.45913e-07)
(0 0 5.24028e-07)
)
;

boundaryField
{
    inlet
    {
        type            prescribedFracFlowVelocity;
        U               1((0 0 1.61572e-05));
        fractionalFlow  0;
        value           uniform (0 0 0);
    }
    outlet
    {
        type            zeroGradient;
    }
    emptyWalls
    {
        type            empty;
    }
}


// ************************************************************************* //
