/*--------------------------------*- C++ -*----------------------------------*\
  =========                 |
  \\      /  F ield         | OpenFOAM: The Open Source CFD Toolbox
   \\    /   O peration     | Website:  https://openfoam.org
    \\  /    A nd           | Version:  9
     \\/     M anipulation  |
\*---------------------------------------------------------------------------*/
FoamFile
{
    format      ascii;
    class       volScalarField;
    location    "10.8";
    object      Fa;
}
// * * * * * * * * * * * * * * * * * * * * * * * * * * * * * * * * * * * * * //

dimensions      [0 0 0 0 0 0 0];

internalField   nonuniform List<scalar> 
1000
(
0.709421
0.70942
0.709419
0.709418
0.709416
0.709414
0.709413
0.70941
0.709408
0.709405
0.709403
0.7094
0.709396
0.709393
0.709389
0.709386
0.709382
0.709377
0.709373
0.709369
0.709364
0.709359
0.709354
0.709349
0.709343
0.709338
0.709332
0.709326
0.70932
0.709314
0.709307
0.709301
0.709294
0.709287
0.70928
0.709273
0.709265
0.709258
0.70925
0.709243
0.709235
0.709227
0.709218
0.70921
0.709202
0.709193
0.709184
0.709175
0.709166
0.709157
0.709148
0.709139
0.709129
0.709119
0.70911
0.7091
0.70909
0.70908
0.709069
0.709059
0.709048
0.709038
0.709027
0.709016
0.709005
0.708994
0.708983
0.708972
0.70896
0.708949
0.708937
0.708926
0.708914
0.708902
0.70889
0.708878
0.708866
0.708853
0.708841
0.708828
0.708816
0.708803
0.70879
0.708777
0.708764
0.708751
0.708738
0.708725
0.708712
0.708698
0.708685
0.708671
0.708657
0.708643
0.70863
0.708616
0.708602
0.708587
0.708573
0.708559
0.708544
0.70853
0.708515
0.708501
0.708486
0.708471
0.708456
0.708442
0.708427
0.708411
0.708396
0.708381
0.708366
0.70835
0.708335
0.708319
0.708304
0.708288
0.708272
0.708256
0.70824
0.708225
0.708208
0.708192
0.708176
0.70816
0.708144
0.708127
0.708111
0.708094
0.708078
0.708061
0.708044
0.708028
0.708011
0.707994
0.707977
0.70796
0.707943
0.707926
0.707908
0.707891
0.707874
0.707856
0.707839
0.707822
0.707804
0.707786
0.707769
0.707751
0.707733
0.707715
0.707697
0.707679
0.707661
0.707643
0.707625
0.707607
0.707589
0.70757
0.707552
0.707534
0.707515
0.707497
0.707478
0.70746
0.707441
0.707422
0.707403
0.707385
0.707366
0.707347
0.707328
0.707309
0.70729
0.707271
0.707252
0.707232
0.707213
0.707194
0.707174
0.707155
0.707136
0.707116
0.707097
0.707077
0.707057
0.707038
0.707018
0.706998
0.706978
0.706959
0.706939
0.706919
0.706899
0.706879
0.706859
0.706839
0.706818
0.706798
0.706778
0.706758
0.706737
0.706717
0.706697
0.706676
0.706656
0.706635
0.706615
0.706594
0.706573
0.706553
0.706532
0.706511
0.706491
0.70647
0.706449
0.706428
0.706407
0.706386
0.706365
0.706344
0.706323
0.706302
0.70628
0.706259
0.706238
0.706217
0.706195
0.706174
0.706153
0.706131
0.70611
0.706088
0.706067
0.706045
0.706024
0.706002
0.70598
0.705959
0.705937
0.705915
0.705893
0.705871
0.70585
0.705828
0.705806
0.705784
0.705762
0.70574
0.705718
0.705696
0.705673
0.705651
0.705629
0.705607
0.705585
0.705562
0.70554
0.705518
0.705495
0.705473
0.70545
0.705428
0.705405
0.705383
0.70536
0.705338
0.705315
0.705292
0.70527
0.705247
0.705224
0.705202
0.705179
0.705156
0.705133
0.70511
0.705087
0.705064
0.705041
0.705018
0.704995
0.704972
0.704949
0.704926
0.704903
0.70488
0.704857
0.704833
0.70481
0.704787
0.704764
0.70474
0.704717
0.704694
0.70467
0.704647
0.704623
0.7046
0.704576
0.704553
0.704529
0.704506
0.704482
0.704459
0.704435
0.704411
0.704388
0.704364
0.70434
0.704316
0.704293
0.704269
0.704245
0.704221
0.704197
0.704173
0.704149
0.704125
0.704101
0.704077
0.704053
0.704029
0.704005
0.703981
0.703957
0.703933
0.703909
0.703884
0.70386
0.703836
0.703812
0.703787
0.703763
0.703739
0.703714
0.70369
0.703666
0.703641
0.703617
0.703592
0.703568
0.703543
0.703519
0.703494
0.70347
0.703445
0.703421
0.703396
0.703371
0.703347
0.703322
0.703297
0.703272
0.703248
0.703223
0.703198
0.703173
0.703148
0.703124
0.703099
0.703074
0.703049
0.703024
0.702999
0.702974
0.702949
0.702924
0.702899
0.702874
0.702849
0.702824
0.702799
0.702774
0.702748
0.702723
0.702698
0.702673
0.702648
0.702622
0.702597
0.702572
0.702547
0.702521
0.702496
0.702471
0.702445
0.70242
0.702394
0.702369
0.702344
0.702318
0.702293
0.702267
0.702242
0.702216
0.702191
0.702165
0.702139
0.702114
0.702088
0.702063
0.702037
0.702011
0.701986
0.70196
0.701934
0.701908
0.701883
0.701857
0.701831
0.701805
0.701779
0.701754
0.701728
0.701702
0.701676
0.70165
0.701624
0.701598
0.701572
0.701546
0.70152
0.701494
0.701468
0.701442
0.701416
0.70139
0.701364
0.701338
0.701312
0.701286
0.70126
0.701233
0.701207
0.701181
0.701155
0.701129
0.701102
0.701076
0.70105
0.701024
0.700997
0.700971
0.700945
0.700918
0.700892
0.700866
0.700839
0.700813
0.700786
0.70076
0.700733
0.700707
0.70068
0.700654
0.700627
0.700601
0.700574
0.700548
0.700521
0.700495
0.700468
0.700441
0.700415
0.700388
0.700362
0.700335
0.700308
0.700282
0.700255
0.700228
0.700201
0.700175
0.700148
0.700121
0.700094
0.700067
0.700041
0.700014
0.699987
0.69996
0.699933
0.699906
0.699879
0.699852
0.699826
0.699799
0.699772
0.699745
0.699718
0.699691
0.699664
0.699637
0.69961
0.699583
0.699556
0.699528
0.699501
0.699474
0.699447
0.69942
0.699393
0.699366
0.699339
0.699311
0.699284
0.699257
0.69923
0.699202
0.699175
0.699148
0.699121
0.699093
0.699066
0.699039
0.699011
0.698984
0.698957
0.698929
0.698902
0.698875
0.698847
0.69882
0.698792
0.698765
0.698738
0.69871
0.698683
0.698655
0.698628
0.6986
0.698573
0.698545
0.698518
0.69849
0.698462
0.698435
0.698407
0.69838
0.698352
0.698324
0.698297
0.698269
0.698241
0.698214
0.698186
0.698158
0.698131
0.698103
0.698075
0.698047
0.69802
0.697992
0.697964
0.697936
0.697909
0.697881
0.697853
0.697825
0.697797
0.697769
0.697741
0.697714
0.697686
0.697658
0.69763
0.697602
0.697574
0.697546
0.697518
0.69749
0.697462
0.697434
0.697406
0.697378
0.69735
0.697322
0.697294
0.697266
0.697238
0.69721
0.697181
0.697153
0.697125
0.697097
0.697069
0.697041
0.697013
0.696984
0.696956
0.696928
0.6969
0.696871
0.696843
0.696815
0.696787
0.696758
0.69673
0.696702
0.696674
0.696645
0.696617
0.696589
0.69656
0.696532
0.696503
0.696475
0.696447
0.696418
0.69639
0.696361
0.696333
0.696304
0.696276
0.696247
0.696219
0.69619
0.696162
0.696133
0.696105
0.696076
0.696048
0.696019
0.695991
0.695962
0.695933
0.695905
0.695876
0.695848
0.695819
0.69579
0.695762
0.695733
0.695704
0.695675
0.695647
0.695618
0.695589
0.695561
0.695532
0.695503
0.695474
0.695445
0.695417
0.695388
0.695359
0.69533
0.695301
0.695272
0.695243
0.695215
0.695186
0.695157
0.695128
0.695099
0.69507
0.695041
0.695012
0.694983
0.694954
0.694925
0.694896
0.694867
0.694838
0.694809
0.69478
0.694751
0.694721
0.694692
0.694663
0.694634
0.694605
0.694576
0.694547
0.694517
0.694488
0.694459
0.69443
0.694401
0.694371
0.694342
0.694313
0.694283
0.694254
0.694225
0.694195
0.694166
0.694137
0.694107
0.694078
0.694049
0.694019
0.69399
0.69396
0.693931
0.693901
0.693872
0.693842
0.693813
0.693783
0.693754
0.693724
0.693694
0.693665
0.693635
0.693606
0.693576
0.693546
0.693517
0.693487
0.693457
0.693427
0.693398
0.693368
0.693338
0.693308
0.693278
0.693249
0.693219
0.693189
0.693159
0.693129
0.693099
0.693069
0.693039
0.693009
0.692979
0.692949
0.692919
0.692889
0.692859
0.692829
0.692799
0.692768
0.692738
0.692708
0.692678
0.692647
0.692617
0.692587
0.692556
0.692526
0.692495
0.692465
0.692435
0.692404
0.692374
0.692343
0.692312
0.692282
0.692251
0.69222
0.69219
0.692159
0.692128
0.692097
0.692066
0.692035
0.692004
0.691973
0.691942
0.691911
0.69188
0.691849
0.691817
0.691786
0.691755
0.691723
0.691692
0.69166
0.691629
0.691597
0.691565
0.691534
0.691502
0.69147
0.691438
0.691406
0.691374
0.691341
0.691309
0.691277
0.691244
0.691212
0.691179
0.691146
0.691113
0.69108
0.691047
0.691014
0.69098
0.690947
0.690913
0.690879
0.690845
0.690811
0.690777
0.690742
0.690708
0.690673
0.690638
0.690602
0.690567
0.690531
0.690495
0.690459
0.690422
0.690385
0.690348
0.69031
0.690272
0.690233
0.690194
0.690155
0.690115
0.690075
0.690034
0.689992
0.68995
0.689907
0.689863
0.689818
0.689773
0.689726
0.689679
0.68963
0.689579
0.689528
0.689474
0.689419
0.689362
0.689303
0.689242
0.689177
0.68911
0.689039
0.688964
0.688884
0.688799
0.688708
0.68861
0.688504
0.688388
0.68826
0.688118
0.687958
0.687776
0.687567
0.687322
0.68703
0.686675
0.686231
0.685657
0.684884
0.683782
0.682085
0.679163
0.673278
0.631837
0.606613
0.576928
0.553432
0.547776
0.564491
0.594006
0.620147
0.634442
0.637921
0.634708
0.628167
0.620397
0.612728
0.606146
0.601446
0.599175
0.599478
0.601969
0.605779
0.609811
0.613101
0.615077
0.615618
0.614952
0.613498
0.611723
0.610043
0.608771
0.608079
0.607996
0.608424
0.609177
0.610036
0.6108
0.61133
0.611564
0.611514
0.611246
0.610856
0.610443
0.61009
0.609852
0.609749
0.609773
0.60989
0.610054
0.610222
0.610357
0.610438
0.610458
0.610427
0.61036
0.610279
0.610203
0.610145
0.610115
0.610113
0.610132
0.610166
0.610203
0.610236
0.61026
0.61027
0.610268
0.610257
0.610241
0.610224
0.61021
0.610202
0.610199
0.610201
0.610207
0.610215
0.610223
0.610229
0.610233
0.610233
0.610232
0.610229
0.610226
0.610222
0.61022
0.610219
0.610219
0.61022
0.610222
0.610224
0.610226
0.610227
0.610227
0.610227
0.610227
0.610227
0.610226
0.610226
0.610226
0.610226
0.610227
0.610227
0.610228
0.61023
0.610231
0.610232
0.610233
0.610234
0.610236
0.610237
0.610239
0.610242
0.610244
0.610247
0.610251
0.610255
0.610259
0.610264
0.610269
0.610274
0.61028
0.610285
0.610291
0.610297
0.610303
0.610309
0.610314
0.61032
0.610324
0.610328
0.610332
0.610335
0.610337
0.610338
0.610338
0.610338
0.610336
0.610334
0.610331
0.610327
0.610322
0.610317
)
;

boundaryField
{
    inlet
    {
        type            calculated;
        value           uniform 0.709421;
    }
    outlet
    {
        type            calculated;
        value           uniform 0.610317;
    }
    emptyWalls
    {
        type            empty;
    }
}


// ************************************************************************* //
