/*--------------------------------*- C++ -*----------------------------------*\
  =========                 |
  \\      /  F ield         | OpenFOAM: The Open Source CFD Toolbox
   \\    /   O peration     | Website:  https://openfoam.org
    \\  /    A nd           | Version:  9
     \\/     M anipulation  |
\*---------------------------------------------------------------------------*/
FoamFile
{
    format      ascii;
    class       volScalarField;
    location    "74000";
    object      p;
}
// * * * * * * * * * * * * * * * * * * * * * * * * * * * * * * * * * * * * * //

dimensions      [0 0 0 0 0 0 0];

internalField   nonuniform List<scalar> 
1000
(
4.44512e+07
4.43241e+07
4.41971e+07
4.40699e+07
4.39428e+07
4.38155e+07
4.36882e+07
4.35609e+07
4.34335e+07
4.33061e+07
4.31786e+07
4.3051e+07
4.29234e+07
4.27958e+07
4.26681e+07
4.25403e+07
4.24125e+07
4.22846e+07
4.21567e+07
4.20287e+07
4.19007e+07
4.17727e+07
4.16445e+07
4.15164e+07
4.13881e+07
4.12599e+07
4.11315e+07
4.10032e+07
4.08747e+07
4.07463e+07
4.06178e+07
4.04892e+07
4.03606e+07
4.02319e+07
4.01032e+07
3.99744e+07
3.98456e+07
3.97167e+07
3.95878e+07
3.94588e+07
3.93298e+07
3.92007e+07
3.90716e+07
3.89424e+07
3.88132e+07
3.8684e+07
3.85547e+07
3.84253e+07
3.82959e+07
3.81664e+07
3.80369e+07
3.79074e+07
3.77778e+07
3.76482e+07
3.75185e+07
3.73887e+07
3.7259e+07
3.71291e+07
3.69992e+07
3.68693e+07
3.67394e+07
3.66093e+07
3.64793e+07
3.63492e+07
3.6219e+07
3.60888e+07
3.59586e+07
3.58283e+07
3.56979e+07
3.55676e+07
3.54371e+07
3.53067e+07
3.51762e+07
3.50456e+07
3.4915e+07
3.47843e+07
3.46536e+07
3.45229e+07
3.43921e+07
3.42613e+07
3.41304e+07
3.39995e+07
3.38686e+07
3.37376e+07
3.36065e+07
3.34754e+07
3.33443e+07
3.32131e+07
3.30819e+07
3.29506e+07
3.28193e+07
3.2688e+07
3.25566e+07
3.24252e+07
3.22937e+07
3.21622e+07
3.20306e+07
3.1899e+07
3.17674e+07
3.16357e+07
3.1504e+07
3.13722e+07
3.12404e+07
3.11085e+07
3.09767e+07
3.08447e+07
3.07128e+07
3.05807e+07
3.04487e+07
3.03166e+07
3.01845e+07
3.00523e+07
2.99201e+07
2.97878e+07
2.96555e+07
2.95232e+07
2.93908e+07
2.92584e+07
2.91259e+07
2.89935e+07
2.88609e+07
2.87284e+07
2.85957e+07
2.84631e+07
2.83304e+07
2.81977e+07
2.80649e+07
2.79321e+07
2.77993e+07
2.76664e+07
2.75335e+07
2.74005e+07
2.72675e+07
2.71345e+07
2.70014e+07
2.68683e+07
2.67352e+07
2.6602e+07
2.64688e+07
2.63355e+07
2.62022e+07
2.60689e+07
2.59355e+07
2.58021e+07
2.56687e+07
2.55352e+07
2.54017e+07
2.52682e+07
2.51346e+07
2.5001e+07
2.48673e+07
2.47336e+07
2.45999e+07
2.44661e+07
2.43323e+07
2.41985e+07
2.40646e+07
2.39307e+07
2.37968e+07
2.36628e+07
2.35288e+07
2.33947e+07
2.32606e+07
2.31265e+07
2.29924e+07
2.28582e+07
2.2724e+07
2.25897e+07
2.24554e+07
2.23211e+07
2.21867e+07
2.20523e+07
2.19179e+07
2.17834e+07
2.16489e+07
2.15144e+07
2.13798e+07
2.12452e+07
2.11106e+07
2.09759e+07
2.08411e+07
2.07064e+07
2.05715e+07
2.04366e+07
2.03017e+07
2.01665e+07
2.00311e+07
1.98945e+07
1.97571e+07
1.97209e+07
1.96915e+07
1.96622e+07
1.96328e+07
1.96034e+07
1.9574e+07
1.95447e+07
1.95153e+07
1.94859e+07
1.94565e+07
1.94272e+07
1.93978e+07
1.93684e+07
1.9339e+07
1.93097e+07
1.92803e+07
1.92509e+07
1.92215e+07
1.91922e+07
1.91628e+07
1.91334e+07
1.9104e+07
1.90747e+07
1.90453e+07
1.90159e+07
1.89865e+07
1.89572e+07
1.89278e+07
1.88984e+07
1.8869e+07
1.88397e+07
1.88103e+07
1.87809e+07
1.87515e+07
1.87222e+07
1.86928e+07
1.86634e+07
1.8634e+07
1.86047e+07
1.85753e+07
1.85459e+07
1.85165e+07
1.84872e+07
1.84578e+07
1.84284e+07
1.8399e+07
1.83697e+07
1.83403e+07
1.83109e+07
1.82815e+07
1.82522e+07
1.82228e+07
1.81934e+07
1.8164e+07
1.81347e+07
1.81053e+07
1.80759e+07
1.80465e+07
1.80172e+07
1.79878e+07
1.79584e+07
1.7929e+07
1.78997e+07
1.78703e+07
1.78409e+07
1.78115e+07
1.77822e+07
1.77528e+07
1.77234e+07
1.76941e+07
1.76647e+07
1.76353e+07
1.76059e+07
1.75766e+07
1.75472e+07
1.75178e+07
1.74884e+07
1.74591e+07
1.74297e+07
1.74003e+07
1.73709e+07
1.73416e+07
1.73122e+07
1.72828e+07
1.72534e+07
1.72241e+07
1.71947e+07
1.71653e+07
1.71359e+07
1.71066e+07
1.70772e+07
1.70478e+07
1.70184e+07
1.69891e+07
1.69597e+07
1.69303e+07
1.69009e+07
1.68716e+07
1.68422e+07
1.68128e+07
1.67834e+07
1.67541e+07
1.67247e+07
1.66953e+07
1.66659e+07
1.66366e+07
1.66072e+07
1.65778e+07
1.65484e+07
1.65191e+07
1.64897e+07
1.64603e+07
1.64309e+07
1.64016e+07
1.63722e+07
1.63428e+07
1.63134e+07
1.62841e+07
1.62547e+07
1.62253e+07
1.6196e+07
1.61666e+07
1.61372e+07
1.61078e+07
1.60785e+07
1.60491e+07
1.60197e+07
1.59903e+07
1.5961e+07
1.59316e+07
1.59022e+07
1.58728e+07
1.58435e+07
1.58141e+07
1.57847e+07
1.57553e+07
1.5726e+07
1.56966e+07
1.56672e+07
1.56378e+07
1.56085e+07
1.55791e+07
1.55497e+07
1.55203e+07
1.5491e+07
1.54616e+07
1.54322e+07
1.54028e+07
1.53735e+07
1.53441e+07
1.53147e+07
1.52854e+07
1.5256e+07
1.52266e+07
1.51972e+07
1.51679e+07
1.51385e+07
1.51091e+07
1.50797e+07
1.50504e+07
1.5021e+07
1.49916e+07
1.49622e+07
1.49329e+07
1.49035e+07
1.48741e+07
1.48447e+07
1.48155e+07
1.47867e+07
1.47606e+07
1.47373e+07
1.47143e+07
1.46913e+07
1.46682e+07
1.46452e+07
1.46222e+07
1.45992e+07
1.45762e+07
1.45532e+07
1.45302e+07
1.45072e+07
1.44842e+07
1.44612e+07
1.44382e+07
1.44152e+07
1.43921e+07
1.43691e+07
1.43461e+07
1.43231e+07
1.43001e+07
1.42771e+07
1.42541e+07
1.42311e+07
1.42081e+07
1.41851e+07
1.41621e+07
1.4139e+07
1.4116e+07
1.4093e+07
1.407e+07
1.4047e+07
1.4024e+07
1.4001e+07
1.3978e+07
1.3955e+07
1.3932e+07
1.3909e+07
1.38859e+07
1.38629e+07
1.38399e+07
1.38169e+07
1.37939e+07
1.37709e+07
1.37479e+07
1.37249e+07
1.37019e+07
1.36789e+07
1.36559e+07
1.36328e+07
1.36098e+07
1.35868e+07
1.35638e+07
1.35408e+07
1.35178e+07
1.34948e+07
1.34718e+07
1.34488e+07
1.34258e+07
1.34028e+07
1.33797e+07
1.33567e+07
1.33337e+07
1.33107e+07
1.32877e+07
1.32647e+07
1.32417e+07
1.32187e+07
1.31957e+07
1.31727e+07
1.31497e+07
1.31266e+07
1.31036e+07
1.30806e+07
1.30576e+07
1.30346e+07
1.30116e+07
1.29886e+07
1.29656e+07
1.29426e+07
1.29196e+07
1.28966e+07
1.28735e+07
1.28505e+07
1.28275e+07
1.28045e+07
1.27815e+07
1.27585e+07
1.27355e+07
1.27125e+07
1.26895e+07
1.26665e+07
1.26435e+07
1.26204e+07
1.25974e+07
1.25744e+07
1.25514e+07
1.25284e+07
1.25054e+07
1.24824e+07
1.24594e+07
1.24364e+07
1.24134e+07
1.23904e+07
1.23673e+07
1.23443e+07
1.23213e+07
1.22983e+07
1.22753e+07
1.22523e+07
1.22293e+07
1.22063e+07
1.21833e+07
1.21603e+07
1.21373e+07
1.21142e+07
1.20912e+07
1.20682e+07
1.20452e+07
1.20222e+07
1.19992e+07
1.19762e+07
1.19532e+07
1.19302e+07
1.19072e+07
1.18842e+07
1.18611e+07
1.18381e+07
1.18151e+07
1.17921e+07
1.17691e+07
1.17461e+07
1.17231e+07
1.17001e+07
1.16771e+07
1.16541e+07
1.16311e+07
1.16081e+07
1.1585e+07
1.1562e+07
1.1539e+07
1.1516e+07
1.1493e+07
1.147e+07
1.1447e+07
1.1424e+07
1.1401e+07
1.1378e+07
1.1355e+07
1.13319e+07
1.13089e+07
1.12859e+07
1.12629e+07
1.12399e+07
1.12169e+07
1.11939e+07
1.11709e+07
1.11479e+07
1.11249e+07
1.11019e+07
1.10788e+07
1.10558e+07
1.10328e+07
1.10098e+07
1.09868e+07
1.09638e+07
1.09408e+07
1.09178e+07
1.08948e+07
1.08718e+07
1.08488e+07
1.08257e+07
1.08027e+07
1.07797e+07
1.07567e+07
1.07337e+07
1.07107e+07
1.06877e+07
1.06647e+07
1.06417e+07
1.06187e+07
1.05957e+07
1.05726e+07
1.05496e+07
1.05266e+07
1.05036e+07
1.04806e+07
1.04576e+07
1.04346e+07
1.04116e+07
1.03886e+07
1.03656e+07
1.03426e+07
1.03195e+07
1.02965e+07
1.02735e+07
1.02505e+07
1.02275e+07
1.02045e+07
1.01815e+07
1.01585e+07
1.01355e+07
1.01125e+07
1.00895e+07
1.00664e+07
1.00434e+07
1.00204e+07
9.99742e+06
9.97441e+06
9.9514e+06
9.92839e+06
9.90538e+06
9.88237e+06
9.85936e+06
9.83636e+06
9.81335e+06
9.79034e+06
9.76733e+06
9.74432e+06
9.72131e+06
9.6983e+06
9.67529e+06
9.65228e+06
9.62927e+06
9.60627e+06
9.58326e+06
9.56025e+06
9.53724e+06
9.51423e+06
9.49122e+06
9.46821e+06
9.4452e+06
9.42219e+06
9.39918e+06
9.37618e+06
9.35317e+06
9.33016e+06
9.30715e+06
9.28414e+06
9.26113e+06
9.23812e+06
9.21511e+06
9.1921e+06
9.16909e+06
9.14609e+06
9.12308e+06
9.10007e+06
9.07706e+06
9.05405e+06
9.03104e+06
9.00803e+06
8.98502e+06
8.96201e+06
8.939e+06
8.91599e+06
8.89299e+06
8.86998e+06
8.84697e+06
8.82396e+06
8.80095e+06
8.77794e+06
8.75493e+06
8.73192e+06
8.70891e+06
8.6859e+06
8.6629e+06
8.63989e+06
8.61688e+06
8.59387e+06
8.57086e+06
8.54785e+06
8.52484e+06
8.50183e+06
8.47882e+06
8.45581e+06
8.43281e+06
8.4098e+06
8.38679e+06
8.36378e+06
8.34077e+06
8.31776e+06
8.29475e+06
8.27174e+06
8.24873e+06
8.22572e+06
8.20272e+06
8.17971e+06
8.1567e+06
8.13369e+06
8.11068e+06
8.08767e+06
8.06466e+06
8.04165e+06
8.01864e+06
7.99563e+06
7.97263e+06
7.94962e+06
7.92661e+06
7.9036e+06
7.88059e+06
7.85758e+06
7.83457e+06
7.81156e+06
7.78855e+06
7.76554e+06
7.74253e+06
7.71953e+06
7.69652e+06
7.67351e+06
7.6505e+06
7.62749e+06
7.60448e+06
7.58147e+06
7.55846e+06
7.53545e+06
7.51244e+06
7.48944e+06
7.46643e+06
7.44342e+06
7.42041e+06
7.3974e+06
7.37439e+06
7.35138e+06
7.32837e+06
7.30536e+06
7.28235e+06
7.25935e+06
7.23634e+06
7.21333e+06
7.19032e+06
7.16731e+06
7.1443e+06
7.12129e+06
7.09828e+06
7.07527e+06
7.05226e+06
7.02926e+06
7.00625e+06
6.98324e+06
6.96023e+06
6.93722e+06
6.91421e+06
6.8912e+06
6.86819e+06
6.84518e+06
6.82217e+06
6.79917e+06
6.77616e+06
6.75315e+06
6.73014e+06
6.70713e+06
6.68412e+06
6.66111e+06
6.6381e+06
6.61509e+06
6.59208e+06
6.56907e+06
6.54607e+06
6.52306e+06
6.50005e+06
6.47704e+06
6.45403e+06
6.43102e+06
6.40801e+06
6.385e+06
6.36199e+06
6.33898e+06
6.31598e+06
6.29297e+06
6.26996e+06
6.24695e+06
6.22394e+06
6.20093e+06
6.17792e+06
6.15491e+06
6.1319e+06
6.10889e+06
6.08589e+06
6.06288e+06
6.03987e+06
6.01686e+06
5.99385e+06
5.97084e+06
5.94783e+06
5.92482e+06
5.90181e+06
5.8788e+06
5.8558e+06
5.83279e+06
5.80978e+06
5.78677e+06
5.76376e+06
5.74075e+06
5.71774e+06
5.69473e+06
5.67172e+06
5.64871e+06
5.62571e+06
5.6027e+06
5.57969e+06
5.55668e+06
5.53367e+06
5.51066e+06
5.48765e+06
5.46464e+06
5.44163e+06
5.41862e+06
5.39561e+06
5.37261e+06
5.3496e+06
5.32659e+06
5.30358e+06
5.28057e+06
5.25756e+06
5.23455e+06
5.21154e+06
5.18853e+06
5.16552e+06
5.14252e+06
5.11951e+06
5.0965e+06
5.07349e+06
5.05048e+06
5.02747e+06
5.00446e+06
4.98145e+06
4.95844e+06
4.93543e+06
4.91243e+06
4.88942e+06
4.86641e+06
4.8434e+06
4.82039e+06
4.79738e+06
4.77437e+06
4.75136e+06
4.72835e+06
4.70534e+06
4.68234e+06
4.65933e+06
4.63632e+06
4.61331e+06
4.5903e+06
4.56729e+06
4.54428e+06
4.52127e+06
4.49826e+06
4.47525e+06
4.45225e+06
4.42924e+06
4.40623e+06
4.38322e+06
4.36021e+06
4.3372e+06
4.31419e+06
4.29118e+06
4.26817e+06
4.24516e+06
4.22216e+06
4.19915e+06
4.17614e+06
4.15313e+06
4.13012e+06
4.10711e+06
4.0841e+06
4.06109e+06
4.03808e+06
4.01507e+06
3.99206e+06
3.96906e+06
3.94605e+06
3.92304e+06
3.90003e+06
3.87702e+06
3.85401e+06
3.831e+06
3.80799e+06
3.78498e+06
3.76197e+06
3.73897e+06
3.71596e+06
3.69295e+06
3.66994e+06
3.64693e+06
3.62392e+06
3.60091e+06
3.5779e+06
3.55489e+06
3.53188e+06
3.50888e+06
3.48587e+06
3.46286e+06
3.43985e+06
3.41684e+06
3.39383e+06
3.37082e+06
3.34781e+06
3.3248e+06
3.30179e+06
3.27879e+06
3.25578e+06
3.23277e+06
3.20976e+06
3.18675e+06
3.16374e+06
3.14073e+06
3.11772e+06
3.09471e+06
3.0717e+06
3.0487e+06
3.02569e+06
3.00268e+06
2.97967e+06
2.95666e+06
2.93365e+06
2.91064e+06
2.88763e+06
2.86462e+06
2.84161e+06
2.8186e+06
2.7956e+06
2.77259e+06
2.74958e+06
2.72657e+06
2.70356e+06
2.68055e+06
2.65754e+06
2.63453e+06
2.61152e+06
2.58851e+06
2.56551e+06
2.5425e+06
2.51949e+06
2.49648e+06
2.47347e+06
2.45046e+06
2.42745e+06
2.40444e+06
2.38143e+06
2.35842e+06
2.33542e+06
2.31241e+06
2.2894e+06
2.26639e+06
2.24338e+06
2.22037e+06
2.19736e+06
2.17435e+06
2.15134e+06
2.12833e+06
2.10533e+06
2.08232e+06
2.05931e+06
2.0363e+06
2.01329e+06
1.99028e+06
1.96727e+06
1.94426e+06
1.92125e+06
1.89824e+06
1.87524e+06
1.85223e+06
1.82922e+06
1.80621e+06
1.7832e+06
1.76019e+06
1.73718e+06
1.71417e+06
1.69116e+06
1.66815e+06
1.64514e+06
1.62214e+06
1.59913e+06
1.57612e+06
1.55311e+06
1.5301e+06
1.50709e+06
1.48408e+06
1.46107e+06
1.43806e+06
1.41505e+06
1.39205e+06
1.36904e+06
1.34603e+06
1.32302e+06
1.30001e+06
1.277e+06
1.25399e+06
1.23098e+06
1.20797e+06
1.18496e+06
1.16196e+06
1.13895e+06
1.11594e+06
1.09293e+06
1.06992e+06
1.04691e+06
1.0239e+06
1.00089e+06
977883
954874
931865
908856
885847
862838
839829
816820
793811
770802
747793
724784
701775
678766
655757
632748
609739
586730
563721
540712
517703
494694
471685
448676
425667
402658
379649
356640
333631
310622
287613
264604
241595
218586
195577
172568
149559
126550
103541
80531.6
57522.5
34513.5
11504.5
)
;

boundaryField
{
    inlet
    {
        type            darcyGradPressure_G;
        gradient        uniform 1.26942e+08;
        Mf              Mf;
        phi             phi;
        phiG            phiG;
        value           uniform 4.45146e+07;
    }
    outlet
    {
        type            fixedValue;
        value           uniform 0;
    }
    emptyWalls
    {
        type            empty;
    }
}


// ************************************************************************* //
