/*--------------------------------*- C++ -*----------------------------------*\
  =========                 |
  \\      /  F ield         | OpenFOAM: The Open Source CFD Toolbox
   \\    /   O peration     | Website:  https://openfoam.org
    \\  /    A nd           | Version:  9
     \\/     M anipulation  |
\*---------------------------------------------------------------------------*/
FoamFile
{
    format      ascii;
    class       volVectorField;
    location    "74000";
    object      Uc;
}
// * * * * * * * * * * * * * * * * * * * * * * * * * * * * * * * * * * * * * //

dimensions      [0 0 0 0 0 0 0];

internalField   nonuniform List<vector> 
1000
(
(1.22132e-12 0 0)
(5.19697e-12 0 0)
(1.21341e-11 0 0)
(2.19198e-11 0 0)
(3.45434e-11 0 0)
(5.0001e-11 0 0)
(6.82881e-11 0 0)
(8.93995e-11 0 0)
(1.1333e-10 0 0)
(1.40073e-10 0 0)
(1.69624e-10 0 0)
(2.01976e-10 0 0)
(2.37125e-10 0 0)
(2.75063e-10 0 0)
(3.15785e-10 0 0)
(3.59286e-10 0 0)
(4.0556e-10 0 0)
(4.54601e-10 0 0)
(5.06404e-10 0 0)
(5.60962e-10 0 0)
(6.18271e-10 0 0)
(6.78325e-10 0 0)
(7.41118e-10 0 0)
(8.06645e-10 0 0)
(8.74901e-10 0 0)
(9.4588e-10 0 0)
(1.01958e-09 0 0)
(1.09599e-09 0 0)
(1.17511e-09 0 0)
(1.25693e-09 0 0)
(1.34145e-09 0 0)
(1.42866e-09 0 0)
(1.51856e-09 0 0)
(1.61114e-09 0 0)
(1.7064e-09 0 0)
(1.80433e-09 0 0)
(1.90493e-09 0 0)
(2.0082e-09 0 0)
(2.11412e-09 0 0)
(2.2227e-09 0 0)
(2.33393e-09 0 0)
(2.44781e-09 0 0)
(2.56432e-09 0 0)
(2.68348e-09 0 0)
(2.80526e-09 0 0)
(2.92967e-09 0 0)
(3.05671e-09 0 0)
(3.18637e-09 0 0)
(3.31864e-09 0 0)
(3.45352e-09 0 0)
(3.59101e-09 0 0)
(3.7311e-09 0 0)
(3.8738e-09 0 0)
(4.01909e-09 0 0)
(4.16697e-09 0 0)
(4.31744e-09 0 0)
(4.47049e-09 0 0)
(4.62613e-09 0 0)
(4.78434e-09 0 0)
(4.94512e-09 0 0)
(5.10848e-09 0 0)
(5.2744e-09 0 0)
(5.44288e-09 0 0)
(5.61393e-09 0 0)
(5.78753e-09 0 0)
(5.96368e-09 0 0)
(6.14239e-09 0 0)
(6.32364e-09 0 0)
(6.50744e-09 0 0)
(6.69377e-09 0 0)
(6.88265e-09 0 0)
(7.07406e-09 0 0)
(7.268e-09 0 0)
(7.46447e-09 0 0)
(7.66347e-09 0 0)
(7.86499e-09 0 0)
(8.06904e-09 0 0)
(8.2756e-09 0 0)
(8.48468e-09 0 0)
(8.69627e-09 0 0)
(8.91038e-09 0 0)
(9.12699e-09 0 0)
(9.34611e-09 0 0)
(9.56774e-09 0 0)
(9.79187e-09 0 0)
(1.00185e-08 0 0)
(1.02476e-08 0 0)
(1.04793e-08 0 0)
(1.07134e-08 0 0)
(1.095e-08 0 0)
(1.11891e-08 0 0)
(1.14307e-08 0 0)
(1.16748e-08 0 0)
(1.19213e-08 0 0)
(1.21704e-08 0 0)
(1.24219e-08 0 0)
(1.26759e-08 0 0)
(1.29324e-08 0 0)
(1.31914e-08 0 0)
(1.34529e-08 0 0)
(1.37168e-08 0 0)
(1.39832e-08 0 0)
(1.42521e-08 0 0)
(1.45235e-08 0 0)
(1.47973e-08 0 0)
(1.50736e-08 0 0)
(1.53524e-08 0 0)
(1.56337e-08 0 0)
(1.59174e-08 0 0)
(1.62036e-08 0 0)
(1.64923e-08 0 0)
(1.67835e-08 0 0)
(1.70771e-08 0 0)
(1.73732e-08 0 0)
(1.76718e-08 0 0)
(1.79729e-08 0 0)
(1.82764e-08 0 0)
(1.85824e-08 0 0)
(1.88909e-08 0 0)
(1.92019e-08 0 0)
(1.95153e-08 0 0)
(1.98313e-08 0 0)
(2.01497e-08 0 0)
(2.04706e-08 0 0)
(2.0794e-08 0 0)
(2.11199e-08 0 0)
(2.14483e-08 0 0)
(2.17792e-08 0 0)
(2.21126e-08 0 0)
(2.24485e-08 0 0)
(2.27869e-08 0 0)
(2.31278e-08 0 0)
(2.34712e-08 0 0)
(2.38172e-08 0 0)
(2.41657e-08 0 0)
(2.45168e-08 0 0)
(2.48703e-08 0 0)
(2.52265e-08 0 0)
(2.55852e-08 0 0)
(2.59465e-08 0 0)
(2.63103e-08 0 0)
(2.66768e-08 0 0)
(2.70458e-08 0 0)
(2.74175e-08 0 0)
(2.77918e-08 0 0)
(2.81688e-08 0 0)
(2.85484e-08 0 0)
(2.89307e-08 0 0)
(2.93157e-08 0 0)
(2.97034e-08 0 0)
(3.00939e-08 0 0)
(3.04872e-08 0 0)
(3.08832e-08 0 0)
(3.12821e-08 0 0)
(3.1684e-08 0 0)
(3.20887e-08 0 0)
(3.24964e-08 0 0)
(3.29072e-08 0 0)
(3.3321e-08 0 0)
(3.37381e-08 0 0)
(3.41584e-08 0 0)
(3.4582e-08 0 0)
(3.50091e-08 0 0)
(3.54398e-08 0 0)
(3.58743e-08 0 0)
(3.63126e-08 0 0)
(3.67552e-08 0 0)
(3.72021e-08 0 0)
(3.76538e-08 0 0)
(3.81106e-08 0 0)
(3.8573e-08 0 0)
(3.90417e-08 0 0)
(3.95174e-08 0 0)
(4.00012e-08 0 0)
(4.04946e-08 0 0)
(4.09996e-08 0 0)
(4.1519e-08 0 0)
(4.20572e-08 0 0)
(4.26207e-08 0 0)
(4.32206e-08 0 0)
(4.38756e-08 0 0)
(4.46203e-08 0 0)
(4.55227e-08 0 0)
(4.67318e-08 0 0)
(4.86253e-08 0 0)
(5.2424e-08 0 0)
(6.42498e-08 0 0)
(1.52953e-07 0 0)
(5.08235e-07 0 0)
(7.83543e-07 0 0)
(7.82686e-07 0 0)
(7.82312e-07 0 0)
(7.82332e-07 0 0)
(7.82352e-07 0 0)
(7.8235e-07 0 0)
(7.82349e-07 0 0)
(7.82349e-07 0 0)
(7.82349e-07 0 0)
(7.82348e-07 0 0)
(7.82348e-07 0 0)
(7.82348e-07 0 0)
(7.82348e-07 0 0)
(7.82347e-07 0 0)
(7.82347e-07 0 0)
(7.82347e-07 0 0)
(7.82347e-07 0 0)
(7.82347e-07 0 0)
(7.82346e-07 0 0)
(7.82346e-07 0 0)
(7.82346e-07 0 0)
(7.82346e-07 0 0)
(7.82345e-07 0 0)
(7.82345e-07 0 0)
(7.82345e-07 0 0)
(7.82345e-07 0 0)
(7.82344e-07 0 0)
(7.82344e-07 0 0)
(7.82344e-07 0 0)
(7.82343e-07 0 0)
(7.82343e-07 0 0)
(7.82343e-07 0 0)
(7.82343e-07 0 0)
(7.82342e-07 0 0)
(7.82342e-07 0 0)
(7.82342e-07 0 0)
(7.82342e-07 0 0)
(7.82341e-07 0 0)
(7.82341e-07 0 0)
(7.82341e-07 0 0)
(7.82341e-07 0 0)
(7.8234e-07 0 0)
(7.8234e-07 0 0)
(7.8234e-07 0 0)
(7.82339e-07 0 0)
(7.82339e-07 0 0)
(7.82339e-07 0 0)
(7.82338e-07 0 0)
(7.82338e-07 0 0)
(7.82338e-07 0 0)
(7.82338e-07 0 0)
(7.82337e-07 0 0)
(7.82337e-07 0 0)
(7.82337e-07 0 0)
(7.82336e-07 0 0)
(7.82336e-07 0 0)
(7.82336e-07 0 0)
(7.82335e-07 0 0)
(7.82335e-07 0 0)
(7.82335e-07 0 0)
(7.82334e-07 0 0)
(7.82334e-07 0 0)
(7.82334e-07 0 0)
(7.82333e-07 0 0)
(7.82333e-07 0 0)
(7.82333e-07 0 0)
(7.82332e-07 0 0)
(7.82332e-07 0 0)
(7.82332e-07 0 0)
(7.82331e-07 0 0)
(7.82331e-07 0 0)
(7.8233e-07 0 0)
(7.8233e-07 0 0)
(7.8233e-07 0 0)
(7.82329e-07 0 0)
(7.82329e-07 0 0)
(7.82328e-07 0 0)
(7.82328e-07 0 0)
(7.82328e-07 0 0)
(7.82327e-07 0 0)
(7.82327e-07 0 0)
(7.82327e-07 0 0)
(7.82326e-07 0 0)
(7.82326e-07 0 0)
(7.82325e-07 0 0)
(7.82325e-07 0 0)
(7.82324e-07 0 0)
(7.82324e-07 0 0)
(7.82324e-07 0 0)
(7.82323e-07 0 0)
(7.82323e-07 0 0)
(7.82322e-07 0 0)
(7.82322e-07 0 0)
(7.82321e-07 0 0)
(7.82321e-07 0 0)
(7.8232e-07 0 0)
(7.8232e-07 0 0)
(7.82319e-07 0 0)
(7.82319e-07 0 0)
(7.82318e-07 0 0)
(7.82318e-07 0 0)
(7.82317e-07 0 0)
(7.82317e-07 0 0)
(7.82316e-07 0 0)
(7.82316e-07 0 0)
(7.82315e-07 0 0)
(7.82315e-07 0 0)
(7.82314e-07 0 0)
(7.82314e-07 0 0)
(7.82313e-07 0 0)
(7.82313e-07 0 0)
(7.82312e-07 0 0)
(7.82312e-07 0 0)
(7.82311e-07 0 0)
(7.8231e-07 0 0)
(7.8231e-07 0 0)
(7.82309e-07 0 0)
(7.82309e-07 0 0)
(7.82308e-07 0 0)
(7.82307e-07 0 0)
(7.82307e-07 0 0)
(7.82306e-07 0 0)
(7.82306e-07 0 0)
(7.82305e-07 0 0)
(7.82304e-07 0 0)
(7.82304e-07 0 0)
(7.82303e-07 0 0)
(7.82302e-07 0 0)
(7.82302e-07 0 0)
(7.82301e-07 0 0)
(7.823e-07 0 0)
(7.823e-07 0 0)
(7.82299e-07 0 0)
(7.82298e-07 0 0)
(7.82297e-07 0 0)
(7.82297e-07 0 0)
(7.82296e-07 0 0)
(7.82295e-07 0 0)
(7.82294e-07 0 0)
(7.82294e-07 0 0)
(7.82293e-07 0 0)
(7.82292e-07 0 0)
(7.82291e-07 0 0)
(7.8229e-07 0 0)
(7.82289e-07 0 0)
(7.82289e-07 0 0)
(7.82288e-07 0 0)
(7.82287e-07 0 0)
(7.82286e-07 0 0)
(7.82285e-07 0 0)
(7.82284e-07 0 0)
(7.82283e-07 0 0)
(7.82282e-07 0 0)
(7.82281e-07 0 0)
(7.82281e-07 0 0)
(7.8228e-07 0 0)
(7.82279e-07 0 0)
(7.82278e-07 0 0)
(7.82277e-07 0 0)
(7.82276e-07 0 0)
(7.82275e-07 0 0)
(7.82274e-07 0 0)
(7.82272e-07 0 0)
(7.82267e-07 0 0)
(7.82224e-07 0 0)
(7.81838e-07 0 0)
(7.78347e-07 0 0)
(7.49657e-07 0 0)
(6.1261e-07 0 0)
(4.05566e-07 0 0)
(3.00701e-07 0 0)
(2.91293e-07 0 0)
(2.91208e-07 0 0)
(2.91208e-07 0 0)
(2.91208e-07 0 0)
(2.91208e-07 0 0)
(2.91208e-07 0 0)
(2.91208e-07 0 0)
(2.91208e-07 0 0)
(2.91208e-07 0 0)
(2.91208e-07 0 0)
(2.91208e-07 0 0)
(2.91208e-07 0 0)
(2.91208e-07 0 0)
(2.91208e-07 0 0)
(2.91208e-07 0 0)
(2.91208e-07 0 0)
(2.91208e-07 0 0)
(2.91208e-07 0 0)
(2.91208e-07 0 0)
(2.91208e-07 0 0)
(2.91208e-07 0 0)
(2.91208e-07 0 0)
(2.91208e-07 0 0)
(2.91208e-07 0 0)
(2.91208e-07 0 0)
(2.91208e-07 0 0)
(2.91208e-07 0 0)
(2.91208e-07 0 0)
(2.91208e-07 0 0)
(2.91208e-07 0 0)
(2.91208e-07 0 0)
(2.91208e-07 0 0)
(2.91208e-07 0 0)
(2.91208e-07 0 0)
(2.91208e-07 0 0)
(2.91208e-07 0 0)
(2.91208e-07 0 0)
(2.91208e-07 0 0)
(2.91208e-07 0 0)
(2.91208e-07 0 0)
(2.91208e-07 0 0)
(2.91208e-07 0 0)
(2.91208e-07 0 0)
(2.91208e-07 0 0)
(2.91208e-07 0 0)
(2.91208e-07 0 0)
(2.91208e-07 0 0)
(2.91208e-07 0 0)
(2.91208e-07 0 0)
(2.91208e-07 0 0)
(2.91208e-07 0 0)
(2.91208e-07 0 0)
(2.91208e-07 0 0)
(2.91208e-07 0 0)
(2.91208e-07 0 0)
(2.91208e-07 0 0)
(2.91208e-07 0 0)
(2.91208e-07 0 0)
(2.91208e-07 0 0)
(2.91208e-07 0 0)
(2.91208e-07 0 0)
(2.91208e-07 0 0)
(2.91208e-07 0 0)
(2.91208e-07 0 0)
(2.91208e-07 0 0)
(2.91208e-07 0 0)
(2.91208e-07 0 0)
(2.91208e-07 0 0)
(2.91208e-07 0 0)
(2.91208e-07 0 0)
(2.91208e-07 0 0)
(2.91208e-07 0 0)
(2.91208e-07 0 0)
(2.91208e-07 0 0)
(2.91208e-07 0 0)
(2.91208e-07 0 0)
(2.91208e-07 0 0)
(2.91208e-07 0 0)
(2.91208e-07 0 0)
(2.91208e-07 0 0)
(2.91208e-07 0 0)
(2.91208e-07 0 0)
(2.91208e-07 0 0)
(2.91208e-07 0 0)
(2.91208e-07 0 0)
(2.91208e-07 0 0)
(2.91208e-07 0 0)
(2.91208e-07 0 0)
(2.91208e-07 0 0)
(2.91208e-07 0 0)
(2.91208e-07 0 0)
(2.91208e-07 0 0)
(2.91208e-07 0 0)
(2.91208e-07 0 0)
(2.91208e-07 0 0)
(2.91208e-07 0 0)
(2.91208e-07 0 0)
(2.91208e-07 0 0)
(2.91208e-07 0 0)
(2.91208e-07 0 0)
(2.91208e-07 0 0)
(2.91208e-07 0 0)
(2.91208e-07 0 0)
(2.91208e-07 0 0)
(2.91208e-07 0 0)
(2.91208e-07 0 0)
(2.91208e-07 0 0)
(2.91208e-07 0 0)
(2.91208e-07 0 0)
(2.91208e-07 0 0)
(2.91208e-07 0 0)
(2.91208e-07 0 0)
(2.91208e-07 0 0)
(2.91208e-07 0 0)
(2.91208e-07 0 0)
(2.91208e-07 0 0)
(2.91208e-07 0 0)
(2.91208e-07 0 0)
(2.91208e-07 0 0)
(2.91208e-07 0 0)
(2.91208e-07 0 0)
(2.91208e-07 0 0)
(2.91208e-07 0 0)
(2.91208e-07 0 0)
(2.91208e-07 0 0)
(2.91208e-07 0 0)
(2.91208e-07 0 0)
(2.91208e-07 0 0)
(2.91208e-07 0 0)
(2.91208e-07 0 0)
(2.91208e-07 0 0)
(2.91208e-07 0 0)
(2.91208e-07 0 0)
(2.91208e-07 0 0)
(2.91208e-07 0 0)
(2.91208e-07 0 0)
(2.91208e-07 0 0)
(2.91208e-07 0 0)
(2.91208e-07 0 0)
(2.91208e-07 0 0)
(2.91208e-07 0 0)
(2.91208e-07 0 0)
(2.91208e-07 0 0)
(2.91208e-07 0 0)
(2.91208e-07 0 0)
(2.91208e-07 0 0)
(2.91208e-07 0 0)
(2.91208e-07 0 0)
(2.91208e-07 0 0)
(2.91208e-07 0 0)
(2.91208e-07 0 0)
(2.91208e-07 0 0)
(2.91208e-07 0 0)
(2.91208e-07 0 0)
(2.91208e-07 0 0)
(2.91208e-07 0 0)
(2.91208e-07 0 0)
(2.91208e-07 0 0)
(2.91208e-07 0 0)
(2.91208e-07 0 0)
(2.91208e-07 0 0)
(2.91208e-07 0 0)
(2.91208e-07 0 0)
(2.91208e-07 0 0)
(2.91208e-07 0 0)
(2.91208e-07 0 0)
(2.91208e-07 0 0)
(2.91208e-07 0 0)
(2.91208e-07 0 0)
(2.91208e-07 0 0)
(2.91208e-07 0 0)
(2.91208e-07 0 0)
(2.91208e-07 0 0)
(2.91208e-07 0 0)
(2.91208e-07 0 0)
(2.91208e-07 0 0)
(2.91208e-07 0 0)
(2.91208e-07 0 0)
(2.91208e-07 0 0)
(2.91208e-07 0 0)
(2.91208e-07 0 0)
(2.91208e-07 0 0)
(2.91208e-07 0 0)
(2.91208e-07 0 0)
(2.91208e-07 0 0)
(2.91208e-07 0 0)
(2.91208e-07 0 0)
(2.91208e-07 0 0)
(2.91208e-07 0 0)
(2.91208e-07 0 0)
(2.91208e-07 0 0)
(2.91208e-07 0 0)
(2.91208e-07 0 0)
(2.91208e-07 0 0)
(2.91208e-07 0 0)
(2.91208e-07 0 0)
(2.91208e-07 0 0)
(2.91208e-07 0 0)
(2.91208e-07 0 0)
(2.91208e-07 0 0)
(2.91208e-07 0 0)
(2.91208e-07 0 0)
(2.91208e-07 0 0)
(2.91208e-07 0 0)
(2.91208e-07 0 0)
(2.91208e-07 0 0)
(2.91208e-07 0 0)
(2.91208e-07 0 0)
(2.91208e-07 0 0)
(2.91208e-07 0 0)
(2.91208e-07 0 0)
(2.91208e-07 0 0)
(2.91208e-07 0 0)
(2.91208e-07 0 0)
(2.91208e-07 0 0)
(2.91208e-07 0 0)
(2.91208e-07 0 0)
(2.91208e-07 0 0)
(2.91208e-07 0 0)
(2.91208e-07 0 0)
(2.91208e-07 0 0)
(2.91208e-07 0 0)
(2.91208e-07 0 0)
(2.91208e-07 0 0)
(2.91208e-07 0 0)
(2.91208e-07 0 0)
(2.91208e-07 0 0)
(2.91208e-07 0 0)
(2.91208e-07 0 0)
(2.91208e-07 0 0)
(2.91208e-07 0 0)
(2.91208e-07 0 0)
(2.91208e-07 0 0)
(2.91208e-07 0 0)
(2.91208e-07 0 0)
(2.91208e-07 0 0)
(2.91208e-07 0 0)
(2.91208e-07 0 0)
(2.91208e-07 0 0)
(2.91208e-07 0 0)
(2.91208e-07 0 0)
(2.91208e-07 0 0)
(2.91208e-07 0 0)
(2.91208e-07 0 0)
(2.91208e-07 0 0)
(2.91208e-07 0 0)
(2.91208e-07 0 0)
(2.91208e-07 0 0)
(2.91208e-07 0 0)
(2.91208e-07 0 0)
(2.91208e-07 0 0)
(2.91208e-07 0 0)
(2.91208e-07 0 0)
(2.91208e-07 0 0)
(2.91208e-07 0 0)
(2.91208e-07 0 0)
(2.91208e-07 0 0)
(2.91208e-07 0 0)
(2.91208e-07 0 0)
(2.91208e-07 0 0)
(2.91208e-07 0 0)
(2.91208e-07 0 0)
(2.91208e-07 0 0)
(2.91208e-07 0 0)
(2.91208e-07 0 0)
(2.91208e-07 0 0)
(2.91208e-07 0 0)
(2.91208e-07 0 0)
(2.91208e-07 0 0)
(2.91208e-07 0 0)
(2.91208e-07 0 0)
(2.91208e-07 0 0)
(2.91208e-07 0 0)
(2.91208e-07 0 0)
(2.91208e-07 0 0)
(2.91208e-07 0 0)
(2.91208e-07 0 0)
(2.91208e-07 0 0)
(2.91208e-07 0 0)
(2.91208e-07 0 0)
(2.91208e-07 0 0)
(2.91208e-07 0 0)
(2.91208e-07 0 0)
(2.91208e-07 0 0)
(2.91208e-07 0 0)
(2.91208e-07 0 0)
(2.91208e-07 0 0)
(2.91208e-07 0 0)
(2.91208e-07 0 0)
(2.91208e-07 0 0)
(2.91208e-07 0 0)
(2.91208e-07 0 0)
(2.91208e-07 0 0)
(2.91208e-07 0 0)
(2.91208e-07 0 0)
(2.91208e-07 0 0)
(2.91208e-07 0 0)
(2.91208e-07 0 0)
(2.91208e-07 0 0)
(2.91208e-07 0 0)
(2.91208e-07 0 0)
(2.91208e-07 0 0)
(2.91208e-07 0 0)
(2.91208e-07 0 0)
(2.91208e-07 0 0)
(2.91208e-07 0 0)
(2.91208e-07 0 0)
(2.91208e-07 0 0)
(2.91208e-07 0 0)
(2.91208e-07 0 0)
(2.91208e-07 0 0)
(2.91208e-07 0 0)
(2.91208e-07 0 0)
(2.91208e-07 0 0)
(2.91208e-07 0 0)
(2.91208e-07 0 0)
(2.91208e-07 0 0)
(2.91208e-07 0 0)
(2.91208e-07 0 0)
(2.91208e-07 0 0)
(2.91208e-07 0 0)
(2.91208e-07 0 0)
(2.91208e-07 0 0)
(2.91208e-07 0 0)
(2.91208e-07 0 0)
(2.91208e-07 0 0)
(2.91208e-07 0 0)
(2.91208e-07 0 0)
(2.91208e-07 0 0)
(2.91208e-07 0 0)
(2.91208e-07 0 0)
(2.91208e-07 0 0)
(2.91208e-07 0 0)
(2.91208e-07 0 0)
(2.91208e-07 0 0)
(2.91208e-07 0 0)
(2.91208e-07 0 0)
(2.91208e-07 0 0)
(2.91208e-07 0 0)
(2.91208e-07 0 0)
(2.91208e-07 0 0)
(2.91208e-07 0 0)
(2.91208e-07 0 0)
(2.91208e-07 0 0)
(2.91208e-07 0 0)
(2.91208e-07 0 0)
(2.91208e-07 0 0)
(2.91208e-07 0 0)
(2.91208e-07 0 0)
(2.91208e-07 0 0)
(2.91208e-07 0 0)
(2.91208e-07 0 0)
(2.91208e-07 0 0)
(2.91208e-07 0 0)
(2.91208e-07 0 0)
(2.91208e-07 0 0)
(2.91208e-07 0 0)
(2.91208e-07 0 0)
(2.91208e-07 0 0)
(2.91208e-07 0 0)
(2.91208e-07 0 0)
(2.91208e-07 0 0)
(2.91208e-07 0 0)
(2.91208e-07 0 0)
(2.91208e-07 0 0)
(2.91208e-07 0 0)
(2.91208e-07 0 0)
(2.91208e-07 0 0)
(2.91208e-07 0 0)
(2.91208e-07 0 0)
(2.91208e-07 0 0)
(2.91208e-07 0 0)
(2.91208e-07 0 0)
(2.91208e-07 0 0)
(2.91208e-07 0 0)
(2.91208e-07 0 0)
(2.91208e-07 0 0)
(2.91208e-07 0 0)
(2.91208e-07 0 0)
(2.91208e-07 0 0)
(2.91208e-07 0 0)
(2.91208e-07 0 0)
(2.91208e-07 0 0)
(2.91208e-07 0 0)
(2.91208e-07 0 0)
(2.91208e-07 0 0)
(2.91208e-07 0 0)
(2.91208e-07 0 0)
(2.91208e-07 0 0)
(2.91208e-07 0 0)
(2.91208e-07 0 0)
(2.91208e-07 0 0)
(2.91208e-07 0 0)
(2.91208e-07 0 0)
(2.91208e-07 0 0)
(2.91208e-07 0 0)
(2.91208e-07 0 0)
(2.91208e-07 0 0)
(2.91208e-07 0 0)
(2.91208e-07 0 0)
(2.91208e-07 0 0)
(2.91208e-07 0 0)
(2.91208e-07 0 0)
(2.91208e-07 0 0)
(2.91208e-07 0 0)
(2.91208e-07 0 0)
(2.91208e-07 0 0)
(2.91208e-07 0 0)
(2.91208e-07 0 0)
(2.91208e-07 0 0)
(2.91208e-07 0 0)
(2.91208e-07 0 0)
(2.91208e-07 0 0)
(2.91208e-07 0 0)
(2.91208e-07 0 0)
(2.91208e-07 0 0)
(2.91208e-07 0 0)
(2.91208e-07 0 0)
(2.91208e-07 0 0)
(2.91208e-07 0 0)
(2.91208e-07 0 0)
(2.91208e-07 0 0)
(2.91208e-07 0 0)
(2.91208e-07 0 0)
(2.91208e-07 0 0)
(2.91208e-07 0 0)
(2.91208e-07 0 0)
(2.91208e-07 0 0)
(2.91208e-07 0 0)
(2.91208e-07 0 0)
(2.91208e-07 0 0)
(2.91208e-07 0 0)
(2.91208e-07 0 0)
(2.91208e-07 0 0)
(2.91208e-07 0 0)
(2.91208e-07 0 0)
(2.91208e-07 0 0)
(2.91208e-07 0 0)
(2.91208e-07 0 0)
(2.91208e-07 0 0)
(2.91208e-07 0 0)
(2.91208e-07 0 0)
(2.91208e-07 0 0)
(2.91208e-07 0 0)
(2.91208e-07 0 0)
(2.91208e-07 0 0)
(2.91208e-07 0 0)
(2.91208e-07 0 0)
(2.91208e-07 0 0)
(2.91208e-07 0 0)
(2.91208e-07 0 0)
(2.91208e-07 0 0)
(2.91208e-07 0 0)
(2.91208e-07 0 0)
(2.91208e-07 0 0)
(2.91208e-07 0 0)
(2.91208e-07 0 0)
(2.91208e-07 0 0)
(2.91208e-07 0 0)
(2.91208e-07 0 0)
(2.91208e-07 0 0)
(2.91208e-07 0 0)
(2.91208e-07 0 0)
(2.91208e-07 0 0)
(2.91208e-07 0 0)
(2.91208e-07 0 0)
(2.91208e-07 0 0)
(2.91208e-07 0 0)
(2.91208e-07 0 0)
(2.91208e-07 0 0)
(2.91208e-07 0 0)
(2.91208e-07 0 0)
(2.91208e-07 0 0)
(2.91208e-07 0 0)
(2.91208e-07 0 0)
(2.91208e-07 0 0)
(2.91208e-07 0 0)
(2.91208e-07 0 0)
(2.91208e-07 0 0)
(2.91208e-07 0 0)
(2.91208e-07 0 0)
(2.91208e-07 0 0)
(2.91208e-07 0 0)
(2.91208e-07 0 0)
(2.91208e-07 0 0)
(2.91208e-07 0 0)
(2.91208e-07 0 0)
(2.91208e-07 0 0)
(2.91208e-07 0 0)
(2.91208e-07 0 0)
(2.91208e-07 0 0)
(2.91208e-07 0 0)
(2.91208e-07 0 0)
(2.91208e-07 0 0)
(2.91208e-07 0 0)
(2.91208e-07 0 0)
(2.91208e-07 0 0)
(2.91208e-07 0 0)
(2.91208e-07 0 0)
(2.91208e-07 0 0)
(2.91208e-07 0 0)
(2.91208e-07 0 0)
(2.91208e-07 0 0)
(2.91208e-07 0 0)
(2.91208e-07 0 0)
(2.91208e-07 0 0)
(2.91208e-07 0 0)
(2.91208e-07 0 0)
(2.91208e-07 0 0)
(2.91208e-07 0 0)
(2.91208e-07 0 0)
(2.91208e-07 0 0)
(2.91208e-07 0 0)
(2.91208e-07 0 0)
(2.91208e-07 0 0)
(2.91208e-07 0 0)
(2.91208e-07 0 0)
(2.91208e-07 0 0)
(2.91208e-07 0 0)
(2.91208e-07 0 0)
(2.91208e-07 0 0)
(2.91208e-07 0 0)
(2.91208e-07 0 0)
(2.91208e-07 0 0)
(2.91208e-07 0 0)
(2.91208e-07 0 0)
(2.91208e-07 0 0)
(2.91208e-07 0 0)
(2.91208e-07 0 0)
(2.91208e-07 0 0)
(2.91208e-07 0 0)
(2.91208e-07 0 0)
(2.91208e-07 0 0)
(2.91208e-07 0 0)
(2.91208e-07 0 0)
(2.91208e-07 0 0)
(2.91208e-07 0 0)
(2.91208e-07 0 0)
(2.91208e-07 0 0)
(2.91208e-07 0 0)
(2.91208e-07 0 0)
(2.91208e-07 0 0)
(2.91208e-07 0 0)
(2.91208e-07 0 0)
(2.91208e-07 0 0)
(2.91208e-07 0 0)
(2.91208e-07 0 0)
(2.91208e-07 0 0)
(2.91208e-07 0 0)
(2.91208e-07 0 0)
(2.91208e-07 0 0)
(2.91208e-07 0 0)
(2.91208e-07 0 0)
(2.91208e-07 0 0)
(2.91208e-07 0 0)
(2.91208e-07 0 0)
(2.91208e-07 0 0)
(2.91208e-07 0 0)
(2.91208e-07 0 0)
(2.91208e-07 0 0)
(2.91208e-07 0 0)
(2.91208e-07 0 0)
(2.91208e-07 0 0)
(2.91208e-07 0 0)
(2.91208e-07 0 0)
(2.91208e-07 0 0)
(2.91208e-07 0 0)
(2.91208e-07 0 0)
(2.91208e-07 0 0)
(2.91208e-07 0 0)
(2.91208e-07 0 0)
(2.91208e-07 0 0)
(2.91208e-07 0 0)
(2.91208e-07 0 0)
(2.91208e-07 0 0)
(2.91208e-07 0 0)
(2.91208e-07 0 0)
(2.91208e-07 0 0)
(2.91208e-07 0 0)
(2.91208e-07 0 0)
(2.91208e-07 0 0)
(2.91208e-07 0 0)
(2.91208e-07 0 0)
(2.91208e-07 0 0)
(2.91208e-07 0 0)
(2.91208e-07 0 0)
(2.91208e-07 0 0)
(2.91208e-07 0 0)
(2.91208e-07 0 0)
(2.91208e-07 0 0)
(2.91208e-07 0 0)
(2.91208e-07 0 0)
(2.91208e-07 0 0)
(2.91208e-07 0 0)
(2.91208e-07 0 0)
(2.91208e-07 0 0)
(2.91208e-07 0 0)
(2.91208e-07 0 0)
(2.91208e-07 0 0)
(2.91208e-07 0 0)
(2.91208e-07 0 0)
(2.91208e-07 0 0)
(2.91208e-07 0 0)
(2.91208e-07 0 0)
(2.91208e-07 0 0)
(2.91208e-07 0 0)
(2.91208e-07 0 0)
(2.91208e-07 0 0)
(2.91208e-07 0 0)
(2.91208e-07 0 0)
(2.91208e-07 0 0)
(2.91208e-07 0 0)
(2.91208e-07 0 0)
(2.91208e-07 0 0)
(2.91208e-07 0 0)
(2.91208e-07 0 0)
(2.91208e-07 0 0)
(2.91208e-07 0 0)
(2.91208e-07 0 0)
(2.91208e-07 0 0)
(2.91208e-07 0 0)
(2.91208e-07 0 0)
(2.91208e-07 0 0)
(2.91208e-07 0 0)
(2.91208e-07 0 0)
(2.91208e-07 0 0)
(2.91208e-07 0 0)
(2.91208e-07 0 0)
(2.91208e-07 0 0)
(2.91208e-07 0 0)
(2.91208e-07 0 0)
(2.91208e-07 0 0)
(2.91208e-07 0 0)
(2.91208e-07 0 0)
(2.91208e-07 0 0)
(2.91208e-07 0 0)
(2.91208e-07 0 0)
(2.91208e-07 0 0)
(2.91208e-07 0 0)
(2.91208e-07 0 0)
)
;

boundaryField
{
    inlet
    {
        type            fixedValue;
        value           uniform (0 0 0);
    }
    outlet
    {
        type            zeroGradient;
    }
    emptyWalls
    {
        type            empty;
    }
}


// ************************************************************************* //
