/*--------------------------------*- C++ -*----------------------------------*\
  =========                 |
  \\      /  F ield         | OpenFOAM: The Open Source CFD Toolbox
   \\    /   O peration     | Website:  https://openfoam.org
    \\  /    A nd           | Version:  9
     \\/     M anipulation  |
\*---------------------------------------------------------------------------*/
FoamFile
{
    format      ascii;
    class       volVectorField;
    location    "9.7";
    object      Ua;
}
// * * * * * * * * * * * * * * * * * * * * * * * * * * * * * * * * * * * * * //

dimensions      [0 0 0 0 0 0 0];

internalField   nonuniform List<vector> 
1000
(
(0.709421 0 0)
(0.70942 0 0)
(0.709419 0 0)
(0.709418 0 0)
(0.709416 0 0)
(0.709414 0 0)
(0.709412 0 0)
(0.709409 0 0)
(0.709406 0 0)
(0.709403 0 0)
(0.7094 0 0)
(0.709397 0 0)
(0.709393 0 0)
(0.709389 0 0)
(0.709384 0 0)
(0.70938 0 0)
(0.709375 0 0)
(0.70937 0 0)
(0.709365 0 0)
(0.70936 0 0)
(0.709354 0 0)
(0.709348 0 0)
(0.709342 0 0)
(0.709336 0 0)
(0.709329 0 0)
(0.709323 0 0)
(0.709316 0 0)
(0.709309 0 0)
(0.709301 0 0)
(0.709294 0 0)
(0.709286 0 0)
(0.709278 0 0)
(0.70927 0 0)
(0.709262 0 0)
(0.709254 0 0)
(0.709245 0 0)
(0.709236 0 0)
(0.709227 0 0)
(0.709218 0 0)
(0.709209 0 0)
(0.7092 0 0)
(0.70919 0 0)
(0.70918 0 0)
(0.70917 0 0)
(0.70916 0 0)
(0.70915 0 0)
(0.709139 0 0)
(0.709129 0 0)
(0.709118 0 0)
(0.709107 0 0)
(0.709096 0 0)
(0.709085 0 0)
(0.709074 0 0)
(0.709062 0 0)
(0.70905 0 0)
(0.709039 0 0)
(0.709027 0 0)
(0.709015 0 0)
(0.709003 0 0)
(0.70899 0 0)
(0.708978 0 0)
(0.708965 0 0)
(0.708952 0 0)
(0.708939 0 0)
(0.708926 0 0)
(0.708913 0 0)
(0.7089 0 0)
(0.708887 0 0)
(0.708873 0 0)
(0.70886 0 0)
(0.708846 0 0)
(0.708832 0 0)
(0.708818 0 0)
(0.708804 0 0)
(0.70879 0 0)
(0.708775 0 0)
(0.708761 0 0)
(0.708746 0 0)
(0.708731 0 0)
(0.708717 0 0)
(0.708702 0 0)
(0.708687 0 0)
(0.708672 0 0)
(0.708656 0 0)
(0.708641 0 0)
(0.708625 0 0)
(0.70861 0 0)
(0.708594 0 0)
(0.708578 0 0)
(0.708563 0 0)
(0.708547 0 0)
(0.70853 0 0)
(0.708514 0 0)
(0.708498 0 0)
(0.708482 0 0)
(0.708465 0 0)
(0.708449 0 0)
(0.708432 0 0)
(0.708415 0 0)
(0.708398 0 0)
(0.708381 0 0)
(0.708364 0 0)
(0.708347 0 0)
(0.70833 0 0)
(0.708313 0 0)
(0.708295 0 0)
(0.708278 0 0)
(0.70826 0 0)
(0.708242 0 0)
(0.708225 0 0)
(0.708207 0 0)
(0.708189 0 0)
(0.708171 0 0)
(0.708153 0 0)
(0.708135 0 0)
(0.708116 0 0)
(0.708098 0 0)
(0.708079 0 0)
(0.708061 0 0)
(0.708042 0 0)
(0.708024 0 0)
(0.708005 0 0)
(0.707986 0 0)
(0.707967 0 0)
(0.707948 0 0)
(0.707929 0 0)
(0.70791 0 0)
(0.707891 0 0)
(0.707872 0 0)
(0.707852 0 0)
(0.707833 0 0)
(0.707813 0 0)
(0.707794 0 0)
(0.707774 0 0)
(0.707754 0 0)
(0.707735 0 0)
(0.707715 0 0)
(0.707695 0 0)
(0.707675 0 0)
(0.707655 0 0)
(0.707635 0 0)
(0.707614 0 0)
(0.707594 0 0)
(0.707574 0 0)
(0.707553 0 0)
(0.707533 0 0)
(0.707512 0 0)
(0.707492 0 0)
(0.707471 0 0)
(0.70745 0 0)
(0.70743 0 0)
(0.707409 0 0)
(0.707388 0 0)
(0.707367 0 0)
(0.707346 0 0)
(0.707325 0 0)
(0.707304 0 0)
(0.707282 0 0)
(0.707261 0 0)
(0.70724 0 0)
(0.707218 0 0)
(0.707197 0 0)
(0.707175 0 0)
(0.707154 0 0)
(0.707132 0 0)
(0.70711 0 0)
(0.707089 0 0)
(0.707067 0 0)
(0.707045 0 0)
(0.707023 0 0)
(0.707001 0 0)
(0.706979 0 0)
(0.706957 0 0)
(0.706935 0 0)
(0.706913 0 0)
(0.70689 0 0)
(0.706868 0 0)
(0.706846 0 0)
(0.706823 0 0)
(0.706801 0 0)
(0.706778 0 0)
(0.706756 0 0)
(0.706733 0 0)
(0.706711 0 0)
(0.706688 0 0)
(0.706665 0 0)
(0.706642 0 0)
(0.706619 0 0)
(0.706596 0 0)
(0.706574 0 0)
(0.70655 0 0)
(0.706527 0 0)
(0.706504 0 0)
(0.706481 0 0)
(0.706458 0 0)
(0.706435 0 0)
(0.706411 0 0)
(0.706388 0 0)
(0.706365 0 0)
(0.706341 0 0)
(0.706318 0 0)
(0.706294 0 0)
(0.706271 0 0)
(0.706247 0 0)
(0.706223 0 0)
(0.7062 0 0)
(0.706176 0 0)
(0.706152 0 0)
(0.706128 0 0)
(0.706104 0 0)
(0.70608 0 0)
(0.706056 0 0)
(0.706032 0 0)
(0.706008 0 0)
(0.705984 0 0)
(0.70596 0 0)
(0.705936 0 0)
(0.705912 0 0)
(0.705887 0 0)
(0.705863 0 0)
(0.705839 0 0)
(0.705814 0 0)
(0.70579 0 0)
(0.705765 0 0)
(0.705741 0 0)
(0.705716 0 0)
(0.705692 0 0)
(0.705667 0 0)
(0.705643 0 0)
(0.705618 0 0)
(0.705593 0 0)
(0.705568 0 0)
(0.705543 0 0)
(0.705519 0 0)
(0.705494 0 0)
(0.705469 0 0)
(0.705444 0 0)
(0.705419 0 0)
(0.705394 0 0)
(0.705369 0 0)
(0.705343 0 0)
(0.705318 0 0)
(0.705293 0 0)
(0.705268 0 0)
(0.705243 0 0)
(0.705217 0 0)
(0.705192 0 0)
(0.705167 0 0)
(0.705141 0 0)
(0.705116 0 0)
(0.70509 0 0)
(0.705065 0 0)
(0.705039 0 0)
(0.705013 0 0)
(0.704988 0 0)
(0.704962 0 0)
(0.704937 0 0)
(0.704911 0 0)
(0.704885 0 0)
(0.704859 0 0)
(0.704833 0 0)
(0.704808 0 0)
(0.704782 0 0)
(0.704756 0 0)
(0.70473 0 0)
(0.704704 0 0)
(0.704678 0 0)
(0.704652 0 0)
(0.704626 0 0)
(0.704599 0 0)
(0.704573 0 0)
(0.704547 0 0)
(0.704521 0 0)
(0.704495 0 0)
(0.704468 0 0)
(0.704442 0 0)
(0.704416 0 0)
(0.704389 0 0)
(0.704363 0 0)
(0.704337 0 0)
(0.70431 0 0)
(0.704284 0 0)
(0.704257 0 0)
(0.704231 0 0)
(0.704204 0 0)
(0.704177 0 0)
(0.704151 0 0)
(0.704124 0 0)
(0.704097 0 0)
(0.704071 0 0)
(0.704044 0 0)
(0.704017 0 0)
(0.70399 0 0)
(0.703963 0 0)
(0.703937 0 0)
(0.70391 0 0)
(0.703883 0 0)
(0.703856 0 0)
(0.703829 0 0)
(0.703802 0 0)
(0.703775 0 0)
(0.703748 0 0)
(0.703721 0 0)
(0.703693 0 0)
(0.703666 0 0)
(0.703639 0 0)
(0.703612 0 0)
(0.703585 0 0)
(0.703557 0 0)
(0.70353 0 0)
(0.703503 0 0)
(0.703476 0 0)
(0.703448 0 0)
(0.703421 0 0)
(0.703393 0 0)
(0.703366 0 0)
(0.703338 0 0)
(0.703311 0 0)
(0.703283 0 0)
(0.703256 0 0)
(0.703228 0 0)
(0.703201 0 0)
(0.703173 0 0)
(0.703145 0 0)
(0.703118 0 0)
(0.70309 0 0)
(0.703062 0 0)
(0.703035 0 0)
(0.703007 0 0)
(0.702979 0 0)
(0.702951 0 0)
(0.702923 0 0)
(0.702896 0 0)
(0.702868 0 0)
(0.70284 0 0)
(0.702812 0 0)
(0.702784 0 0)
(0.702756 0 0)
(0.702728 0 0)
(0.7027 0 0)
(0.702672 0 0)
(0.702644 0 0)
(0.702616 0 0)
(0.702588 0 0)
(0.702559 0 0)
(0.702531 0 0)
(0.702503 0 0)
(0.702475 0 0)
(0.702447 0 0)
(0.702418 0 0)
(0.70239 0 0)
(0.702362 0 0)
(0.702333 0 0)
(0.702305 0 0)
(0.702277 0 0)
(0.702248 0 0)
(0.70222 0 0)
(0.702191 0 0)
(0.702163 0 0)
(0.702134 0 0)
(0.702106 0 0)
(0.702077 0 0)
(0.702049 0 0)
(0.70202 0 0)
(0.701992 0 0)
(0.701963 0 0)
(0.701935 0 0)
(0.701906 0 0)
(0.701877 0 0)
(0.701848 0 0)
(0.70182 0 0)
(0.701791 0 0)
(0.701762 0 0)
(0.701734 0 0)
(0.701705 0 0)
(0.701676 0 0)
(0.701647 0 0)
(0.701618 0 0)
(0.701589 0 0)
(0.70156 0 0)
(0.701531 0 0)
(0.701503 0 0)
(0.701474 0 0)
(0.701445 0 0)
(0.701416 0 0)
(0.701387 0 0)
(0.701358 0 0)
(0.701328 0 0)
(0.701299 0 0)
(0.70127 0 0)
(0.701241 0 0)
(0.701212 0 0)
(0.701183 0 0)
(0.701154 0 0)
(0.701125 0 0)
(0.701095 0 0)
(0.701066 0 0)
(0.701037 0 0)
(0.701008 0 0)
(0.700978 0 0)
(0.700949 0 0)
(0.70092 0 0)
(0.70089 0 0)
(0.700861 0 0)
(0.700832 0 0)
(0.700802 0 0)
(0.700773 0 0)
(0.700743 0 0)
(0.700714 0 0)
(0.700684 0 0)
(0.700655 0 0)
(0.700625 0 0)
(0.700596 0 0)
(0.700566 0 0)
(0.700537 0 0)
(0.700507 0 0)
(0.700477 0 0)
(0.700448 0 0)
(0.700418 0 0)
(0.700389 0 0)
(0.700359 0 0)
(0.700329 0 0)
(0.700299 0 0)
(0.70027 0 0)
(0.70024 0 0)
(0.70021 0 0)
(0.70018 0 0)
(0.700151 0 0)
(0.700121 0 0)
(0.700091 0 0)
(0.700061 0 0)
(0.700031 0 0)
(0.700001 0 0)
(0.699971 0 0)
(0.699942 0 0)
(0.699912 0 0)
(0.699882 0 0)
(0.699852 0 0)
(0.699822 0 0)
(0.699792 0 0)
(0.699762 0 0)
(0.699732 0 0)
(0.699702 0 0)
(0.699671 0 0)
(0.699641 0 0)
(0.699611 0 0)
(0.699581 0 0)
(0.699551 0 0)
(0.699521 0 0)
(0.699491 0 0)
(0.699461 0 0)
(0.69943 0 0)
(0.6994 0 0)
(0.69937 0 0)
(0.69934 0 0)
(0.699309 0 0)
(0.699279 0 0)
(0.699249 0 0)
(0.699218 0 0)
(0.699188 0 0)
(0.699158 0 0)
(0.699127 0 0)
(0.699097 0 0)
(0.699067 0 0)
(0.699036 0 0)
(0.699006 0 0)
(0.698975 0 0)
(0.698945 0 0)
(0.698914 0 0)
(0.698884 0 0)
(0.698853 0 0)
(0.698823 0 0)
(0.698792 0 0)
(0.698762 0 0)
(0.698731 0 0)
(0.698701 0 0)
(0.69867 0 0)
(0.698639 0 0)
(0.698609 0 0)
(0.698578 0 0)
(0.698547 0 0)
(0.698517 0 0)
(0.698486 0 0)
(0.698455 0 0)
(0.698425 0 0)
(0.698394 0 0)
(0.698363 0 0)
(0.698332 0 0)
(0.698302 0 0)
(0.698271 0 0)
(0.69824 0 0)
(0.698209 0 0)
(0.698178 0 0)
(0.698148 0 0)
(0.698117 0 0)
(0.698086 0 0)
(0.698055 0 0)
(0.698024 0 0)
(0.697993 0 0)
(0.697962 0 0)
(0.697931 0 0)
(0.6979 0 0)
(0.697869 0 0)
(0.697838 0 0)
(0.697807 0 0)
(0.697776 0 0)
(0.697745 0 0)
(0.697714 0 0)
(0.697683 0 0)
(0.697652 0 0)
(0.697621 0 0)
(0.69759 0 0)
(0.697558 0 0)
(0.697527 0 0)
(0.697496 0 0)
(0.697465 0 0)
(0.697434 0 0)
(0.697403 0 0)
(0.697371 0 0)
(0.69734 0 0)
(0.697309 0 0)
(0.697278 0 0)
(0.697246 0 0)
(0.697215 0 0)
(0.697184 0 0)
(0.697152 0 0)
(0.697121 0 0)
(0.69709 0 0)
(0.697058 0 0)
(0.697027 0 0)
(0.696995 0 0)
(0.696964 0 0)
(0.696933 0 0)
(0.696901 0 0)
(0.69687 0 0)
(0.696838 0 0)
(0.696807 0 0)
(0.696775 0 0)
(0.696744 0 0)
(0.696712 0 0)
(0.696681 0 0)
(0.696649 0 0)
(0.696618 0 0)
(0.696586 0 0)
(0.696554 0 0)
(0.696523 0 0)
(0.696491 0 0)
(0.69646 0 0)
(0.696428 0 0)
(0.696396 0 0)
(0.696365 0 0)
(0.696333 0 0)
(0.696301 0 0)
(0.696269 0 0)
(0.696238 0 0)
(0.696206 0 0)
(0.696174 0 0)
(0.696142 0 0)
(0.696111 0 0)
(0.696079 0 0)
(0.696047 0 0)
(0.696015 0 0)
(0.695983 0 0)
(0.695951 0 0)
(0.69592 0 0)
(0.695888 0 0)
(0.695856 0 0)
(0.695824 0 0)
(0.695792 0 0)
(0.69576 0 0)
(0.695728 0 0)
(0.695696 0 0)
(0.695664 0 0)
(0.695632 0 0)
(0.6956 0 0)
(0.695568 0 0)
(0.695536 0 0)
(0.695504 0 0)
(0.695472 0 0)
(0.69544 0 0)
(0.695408 0 0)
(0.695375 0 0)
(0.695343 0 0)
(0.695311 0 0)
(0.695279 0 0)
(0.695247 0 0)
(0.695215 0 0)
(0.695182 0 0)
(0.69515 0 0)
(0.695118 0 0)
(0.695086 0 0)
(0.695053 0 0)
(0.695021 0 0)
(0.694989 0 0)
(0.694956 0 0)
(0.694924 0 0)
(0.694892 0 0)
(0.694859 0 0)
(0.694827 0 0)
(0.694794 0 0)
(0.694762 0 0)
(0.69473 0 0)
(0.694697 0 0)
(0.694665 0 0)
(0.694632 0 0)
(0.6946 0 0)
(0.694567 0 0)
(0.694535 0 0)
(0.694502 0 0)
(0.69447 0 0)
(0.694437 0 0)
(0.694404 0 0)
(0.694372 0 0)
(0.694339 0 0)
(0.694306 0 0)
(0.694274 0 0)
(0.694241 0 0)
(0.694208 0 0)
(0.694176 0 0)
(0.694143 0 0)
(0.69411 0 0)
(0.694077 0 0)
(0.694045 0 0)
(0.694012 0 0)
(0.693979 0 0)
(0.693946 0 0)
(0.693913 0 0)
(0.69388 0 0)
(0.693847 0 0)
(0.693814 0 0)
(0.693782 0 0)
(0.693749 0 0)
(0.693716 0 0)
(0.693683 0 0)
(0.693649 0 0)
(0.693616 0 0)
(0.693583 0 0)
(0.69355 0 0)
(0.693517 0 0)
(0.693484 0 0)
(0.693451 0 0)
(0.693418 0 0)
(0.693384 0 0)
(0.693351 0 0)
(0.693318 0 0)
(0.693285 0 0)
(0.693251 0 0)
(0.693218 0 0)
(0.693185 0 0)
(0.693151 0 0)
(0.693118 0 0)
(0.693084 0 0)
(0.693051 0 0)
(0.693018 0 0)
(0.692984 0 0)
(0.69295 0 0)
(0.692917 0 0)
(0.692883 0 0)
(0.69285 0 0)
(0.692816 0 0)
(0.692782 0 0)
(0.692749 0 0)
(0.692715 0 0)
(0.692681 0 0)
(0.692647 0 0)
(0.692613 0 0)
(0.692579 0 0)
(0.692546 0 0)
(0.692512 0 0)
(0.692478 0 0)
(0.692444 0 0)
(0.692409 0 0)
(0.692375 0 0)
(0.692341 0 0)
(0.692307 0 0)
(0.692273 0 0)
(0.692238 0 0)
(0.692204 0 0)
(0.69217 0 0)
(0.692135 0 0)
(0.692101 0 0)
(0.692066 0 0)
(0.692032 0 0)
(0.691997 0 0)
(0.691962 0 0)
(0.691928 0 0)
(0.691893 0 0)
(0.691858 0 0)
(0.691823 0 0)
(0.691788 0 0)
(0.691753 0 0)
(0.691718 0 0)
(0.691682 0 0)
(0.691647 0 0)
(0.691612 0 0)
(0.691576 0 0)
(0.691541 0 0)
(0.691505 0 0)
(0.691469 0 0)
(0.691434 0 0)
(0.691398 0 0)
(0.691362 0 0)
(0.691325 0 0)
(0.691289 0 0)
(0.691253 0 0)
(0.691216 0 0)
(0.69118 0 0)
(0.691143 0 0)
(0.691106 0 0)
(0.691069 0 0)
(0.691032 0 0)
(0.690994 0 0)
(0.690957 0 0)
(0.690919 0 0)
(0.690881 0 0)
(0.690843 0 0)
(0.690805 0 0)
(0.690766 0 0)
(0.690728 0 0)
(0.690689 0 0)
(0.690649 0 0)
(0.69061 0 0)
(0.69057 0 0)
(0.69053 0 0)
(0.690489 0 0)
(0.690449 0 0)
(0.690407 0 0)
(0.690366 0 0)
(0.690324 0 0)
(0.690281 0 0)
(0.690238 0 0)
(0.690195 0 0)
(0.690151 0 0)
(0.690106 0 0)
(0.690061 0 0)
(0.690015 0 0)
(0.689968 0 0)
(0.68992 0 0)
(0.689872 0 0)
(0.689822 0 0)
(0.689772 0 0)
(0.68972 0 0)
(0.689667 0 0)
(0.689613 0 0)
(0.689557 0 0)
(0.689499 0 0)
(0.689439 0 0)
(0.689378 0 0)
(0.689314 0 0)
(0.689247 0 0)
(0.689177 0 0)
(0.689104 0 0)
(0.689027 0 0)
(0.688946 0 0)
(0.688859 0 0)
(0.688767 0 0)
(0.688668 0 0)
(0.688561 0 0)
(0.688445 0 0)
(0.688317 0 0)
(0.688176 0 0)
(0.688018 0 0)
(0.687839 0 0)
(0.687635 0 0)
(0.687397 0 0)
(0.687115 0 0)
(0.686774 0 0)
(0.686352 0 0)
(0.68581 0 0)
(0.685087 0 0)
(0.684069 0 0)
(0.682522 0 0)
(0.679901 0 0)
(0.674704 0 0)
(0.594681 0 0)
(0.499685 0 0)
(0.503737 0 0)
(0.562946 0 0)
(0.620032 0 0)
(0.64574 0 0)
(0.649779 0 0)
(0.644977 0 0)
(0.636936 0 0)
(0.627585 0 0)
(0.617907 0 0)
(0.608839 0 0)
(0.601407 0 0)
(0.596597 0 0)
(0.595078 0 0)
(0.596881 0 0)
(0.601233 0 0)
(0.606729 0 0)
(0.61184 0 0)
(0.615436 0 0)
(0.617055 0 0)
(0.616834 0 0)
(0.615276 0 0)
(0.613014 0 0)
(0.610651 0 0)
(0.608667 0 0)
(0.607374 0 0)
(0.606898 0 0)
(0.607182 0 0)
(0.608026 0 0)
(0.609148 0 0)
(0.610259 0 0)
(0.611131 0 0)
(0.611633 0 0)
(0.61174 0 0)
(0.611516 0 0)
(0.611076 0 0)
(0.610554 0 0)
(0.610072 0 0)
(0.609718 0 0)
(0.609537 0 0)
(0.609531 0 0)
(0.609666 0 0)
(0.609885 0 0)
(0.610127 0 0)
(0.610337 0 0)
(0.610479 0 0)
(0.610538 0 0)
(0.61052 0 0)
(0.610444 0 0)
(0.610337 0 0)
(0.610228 0 0)
(0.610139 0 0)
(0.610084 0 0)
(0.610067 0 0)
(0.610084 0 0)
(0.610124 0 0)
(0.610175 0 0)
(0.610223 0 0)
(0.61026 0 0)
(0.610281 0 0)
(0.610284 0 0)
(0.610272 0 0)
(0.610252 0 0)
(0.610228 0 0)
(0.610207 0 0)
(0.610192 0 0)
(0.610184 0 0)
(0.610185 0 0)
(0.610192 0 0)
(0.610202 0 0)
(0.610212 0 0)
(0.610221 0 0)
(0.610227 0 0)
(0.61023 0 0)
(0.610228 0 0)
(0.610225 0 0)
(0.61022 0 0)
(0.610215 0 0)
(0.610211 0 0)
(0.610208 0 0)
(0.610208 0 0)
(0.610209 0 0)
(0.61021 0 0)
(0.610212 0 0)
(0.610215 0 0)
(0.610216 0 0)
(0.610217 0 0)
(0.610217 0 0)
(0.610216 0 0)
(0.610215 0 0)
(0.610214 0 0)
(0.610212 0 0)
(0.610212 0 0)
(0.610211 0 0)
(0.610211 0 0)
(0.610211 0 0)
(0.610211 0 0)
(0.610212 0 0)
(0.610212 0 0)
(0.610212 0 0)
(0.610212 0 0)
(0.610211 0 0)
(0.610211 0 0)
(0.61021 0 0)
(0.61021 0 0)
(0.610209 0 0)
(0.610208 0 0)
(0.610208 0 0)
(0.610207 0 0)
(0.610206 0 0)
(0.610206 0 0)
(0.610205 0 0)
(0.610204 0 0)
(0.610202 0 0)
(0.610201 0 0)
(0.610199 0 0)
(0.610197 0 0)
(0.610195 0 0)
(0.610192 0 0)
(0.610189 0 0)
(0.610186 0 0)
(0.610182 0 0)
(0.610179 0 0)
(0.610174 0 0)
(0.61017 0 0)
(0.610165 0 0)
(0.61016 0 0)
(0.610155 0 0)
(0.61015 0 0)
(0.610144 0 0)
(0.610139 0 0)
(0.610133 0 0)
(0.610128 0 0)
(0.610123 0 0)
(0.610118 0 0)
(0.610114 0 0)
(0.610111 0 0)
(0.610107 0 0)
(0.610105 0 0)
(0.610103 0 0)
(0.610102 0 0)
(0.610102 0 0)
(0.610103 0 0)
(0.610104 0 0)
(0.610107 0 0)
(0.610109 0 0)
(0.610113 0 0)
(0.610117 0 0)
(0.610122 0 0)
(0.610127 0 0)
(0.610132 0 0)
(0.610137 0 0)
(0.610143 0 0)
(0.610149 0 0)
(0.610155 0 0)
(0.61016 0 0)
(0.610166 0 0)
(0.610171 0 0)
(0.610176 0 0)
(0.61018 0 0)
(0.610185 0 0)
(0.610189 0 0)
(0.610192 0 0)
(0.610195 0 0)
(0.610198 0 0)
(0.610201 0 0)
(0.610203 0 0)
(0.610205 0 0)
(0.610207 0 0)
(0.610208 0 0)
(0.610209 0 0)
(0.61021 0 0)
(0.610211 0 0)
(0.610211 0 0)
(0.610212 0 0)
(0.610212 0 0)
(0.610212 0 0)
(0.610213 0 0)
(0.610213 0 0)
(0.610213 0 0)
(0.610213 0 0)
(0.610212 0 0)
(0.610212 0 0)
(0.610212 0 0)
(0.610212 0 0)
(0.610211 0 0)
(0.610211 0 0)
(0.61021 0 0)
(0.61021 0 0)
(0.610209 0 0)
(0.610208 0 0)
(0.610207 0 0)
(0.610206 0 0)
(0.610205 0 0)
(0.610204 0 0)
(0.610203 0 0)
(0.610202 0 0)
(0.6102 0 0)
(0.610198 0 0)
(0.610196 0 0)
(0.610194 0 0)
(0.610192 0 0)
(0.61019 0 0)
(0.610187 0 0)
(0.610185 0 0)
(0.610182 0 0)
(0.610179 0 0)
(0.610176 0 0)
(0.610173 0 0)
(0.61017 0 0)
(0.610166 0 0)
(0.610163 0 0)
(0.61016 0 0)
(0.610156 0 0)
(0.610153 0 0)
(0.61015 0 0)
(0.610147 0 0)
(0.610143 0 0)
(0.610141 0 0)
(0.610138 0 0)
(0.610136 0 0)
(0.610133 0 0)
(0.610132 0 0)
(0.61013 0 0)
(0.610129 0 0)
)
;

boundaryField
{
    inlet
    {
        type            fractionalVelocity;
        U               1((1 0 0));
        fractionalFlow  Fa;
        value           uniform (0.709421 0 0);
    }
    outlet
    {
        type            zeroGradient;
    }
    emptyWalls
    {
        type            empty;
    }
}


// ************************************************************************* //
