/*--------------------------------*- C++ -*----------------------------------*\
  =========                 |
  \\      /  F ield         | OpenFOAM: The Open Source CFD Toolbox
   \\    /   O peration     | Website:  https://openfoam.org
    \\  /    A nd           | Version:  9
     \\/     M anipulation  |
\*---------------------------------------------------------------------------*/
FoamFile
{
    format      ascii;
    class       volScalarField;
    location    "15.5";
    object      Sa;
}
// * * * * * * * * * * * * * * * * * * * * * * * * * * * * * * * * * * * * * //

dimensions      [0 0 0 0 0 0 0];

internalField   nonuniform List<scalar> 
1000
(
0.499608
0.499368
0.499145
0.498931
0.498722
0.498517
0.498315
0.498116
0.497919
0.497723
0.497529
0.497337
0.497146
0.496956
0.496768
0.496581
0.496395
0.49621
0.496026
0.495843
0.495661
0.495481
0.495301
0.495122
0.494944
0.494767
0.49459
0.494415
0.49424
0.494067
0.493894
0.493722
0.49355
0.49338
0.49321
0.493041
0.492873
0.492705
0.492538
0.492372
0.492207
0.492042
0.491878
0.491715
0.491552
0.49139
0.491229
0.491069
0.490909
0.490749
0.490591
0.490433
0.490275
0.490119
0.489963
0.489807
0.489652
0.489498
0.489344
0.489191
0.489039
0.488887
0.488735
0.488585
0.488434
0.488285
0.488136
0.487987
0.487839
0.487692
0.487545
0.487398
0.487252
0.487107
0.486962
0.486818
0.486674
0.486531
0.486388
0.486246
0.486104
0.485963
0.485822
0.485682
0.485542
0.485403
0.485264
0.485126
0.484988
0.484851
0.484714
0.484577
0.484441
0.484306
0.484171
0.484036
0.483902
0.483768
0.483635
0.483502
0.48337
0.483237
0.483106
0.482975
0.482844
0.482714
0.482584
0.482454
0.482325
0.482197
0.482068
0.48194
0.481813
0.481686
0.481559
0.481433
0.481307
0.481182
0.481056
0.480932
0.480807
0.480683
0.48056
0.480437
0.480314
0.480191
0.480069
0.479947
0.479826
0.479705
0.479584
0.479464
0.479344
0.479224
0.479105
0.478986
0.478868
0.478749
0.478632
0.478514
0.478397
0.47828
0.478163
0.478047
0.477931
0.477816
0.477701
0.477586
0.477471
0.477357
0.477243
0.477129
0.477016
0.476903
0.47679
0.476678
0.476566
0.476454
0.476343
0.476231
0.476121
0.47601
0.4759
0.47579
0.47568
0.475571
0.475462
0.475353
0.475244
0.475136
0.475028
0.474921
0.474813
0.474706
0.474599
0.474493
0.474387
0.474281
0.474175
0.474069
0.473964
0.473859
0.473755
0.47365
0.473546
0.473443
0.473339
0.473236
0.473133
0.47303
0.472927
0.472825
0.472723
0.472621
0.47252
0.472418
0.472317
0.472217
0.472116
0.472016
0.471916
0.471816
0.471717
0.471617
0.471518
0.471419
0.471321
0.471222
0.471124
0.471026
0.470929
0.470831
0.470734
0.470637
0.47054
0.470444
0.470348
0.470252
0.470156
0.47006
0.469965
0.46987
0.469775
0.46968
0.469586
0.469491
0.469397
0.469303
0.46921
0.469116
0.469023
0.46893
0.468837
0.468745
0.468652
0.46856
0.468468
0.468376
0.468285
0.468194
0.468102
0.468011
0.467921
0.46783
0.46774
0.46765
0.46756
0.46747
0.46738
0.467291
0.467202
0.467113
0.467024
0.466935
0.466847
0.466759
0.466671
0.466583
0.466495
0.466408
0.466321
0.466234
0.466147
0.46606
0.465973
0.465887
0.465801
0.465715
0.465629
0.465543
0.465458
0.465373
0.465288
0.465203
0.465118
0.465033
0.464949
0.464865
0.464781
0.464697
0.464613
0.464529
0.464446
0.464363
0.46428
0.464197
0.464114
0.464032
0.463949
0.463867
0.463785
0.463703
0.463621
0.46354
0.463458
0.463377
0.463296
0.463215
0.463134
0.463054
0.462973
0.462893
0.462813
0.462733
0.462653
0.462573
0.462494
0.462415
0.462335
0.462256
0.462177
0.462099
0.46202
0.461942
0.461863
0.461785
0.461707
0.461629
0.461552
0.461474
0.461397
0.461319
0.461242
0.461165
0.461088
0.461012
0.460935
0.460859
0.460782
0.460706
0.46063
0.460554
0.460479
0.460403
0.460328
0.460252
0.460177
0.460102
0.460027
0.459953
0.459878
0.459804
0.459729
0.459655
0.459581
0.459507
0.459433
0.459359
0.459286
0.459212
0.459139
0.459066
0.458993
0.45892
0.458847
0.458775
0.458702
0.45863
0.458558
0.458485
0.458413
0.458342
0.45827
0.458198
0.458127
0.458055
0.457984
0.457913
0.457842
0.457771
0.4577
0.45763
0.457559
0.457489
0.457418
0.457348
0.457278
0.457208
0.457138
0.457069
0.456999
0.45693
0.45686
0.456791
0.456722
0.456653
0.456584
0.456515
0.456447
0.456378
0.45631
0.456241
0.456173
0.456105
0.456037
0.455969
0.455902
0.455834
0.455766
0.455699
0.455632
0.455564
0.455497
0.45543
0.455364
0.455297
0.45523
0.455164
0.455097
0.455031
0.454965
0.454898
0.454832
0.454767
0.454701
0.454635
0.454569
0.454504
0.454439
0.454373
0.454308
0.454243
0.454178
0.454113
0.454048
0.453984
0.453919
0.453855
0.45379
0.453726
0.453662
0.453598
0.453534
0.45347
0.453406
0.453343
0.453279
0.453216
0.453152
0.453089
0.453026
0.452963
0.4529
0.452837
0.452774
0.452711
0.452649
0.452586
0.452524
0.452461
0.452399
0.452337
0.452275
0.452213
0.452151
0.452089
0.452028
0.451966
0.451905
0.451843
0.451782
0.451721
0.45166
0.451599
0.451538
0.451477
0.451416
0.451355
0.451295
0.451234
0.451174
0.451113
0.451053
0.450993
0.450933
0.450873
0.450813
0.450753
0.450694
0.450634
0.450574
0.450515
0.450456
0.450396
0.450337
0.450278
0.450219
0.45016
0.450101
0.450042
0.449984
0.449925
0.449867
0.449808
0.44975
0.449691
0.449633
0.449575
0.449517
0.449459
0.449401
0.449343
0.449286
0.449228
0.449171
0.449113
0.449056
0.448998
0.448941
0.448884
0.448827
0.44877
0.448713
0.448656
0.448599
0.448543
0.448486
0.448429
0.448373
0.448317
0.44826
0.448204
0.448148
0.448092
0.448036
0.44798
0.447924
0.447868
0.447813
0.447757
0.447701
0.447646
0.447591
0.447535
0.44748
0.447425
0.44737
0.447315
0.44726
0.447205
0.44715
0.447095
0.447041
0.446986
0.446932
0.446877
0.446823
0.446768
0.446714
0.44666
0.446606
0.446552
0.446498
0.446444
0.44639
0.446336
0.446283
0.446229
0.446176
0.446122
0.446069
0.446015
0.445962
0.445909
0.445856
0.445803
0.44575
0.445697
0.445644
0.445591
0.445538
0.445486
0.445433
0.445381
0.445328
0.445276
0.445223
0.445171
0.445119
0.445067
0.445015
0.444963
0.444911
0.444859
0.444807
0.444755
0.444704
0.444652
0.444601
0.444549
0.444498
0.444446
0.444395
0.444344
0.444293
0.444242
0.44419
0.444139
0.444089
0.444038
0.443987
0.443936
0.443886
0.443835
0.443784
0.443734
0.443683
0.443633
0.443583
0.443533
0.443482
0.443432
0.443382
0.443332
0.443282
0.443232
0.443183
0.443133
0.443083
0.443033
0.442984
0.442934
0.442885
0.442835
0.442786
0.442737
0.442688
0.442638
0.442589
0.44254
0.442491
0.442442
0.442393
0.442345
0.442296
0.442247
0.442198
0.44215
0.442101
0.442053
0.442004
0.441956
0.441908
0.441859
0.441811
0.441763
0.441715
0.441667
0.441619
0.441571
0.441523
0.441475
0.441427
0.44138
0.441332
0.441285
0.441237
0.441189
0.441142
0.441095
0.441047
0.441
0.440953
0.440906
0.440858
0.440811
0.440764
0.440717
0.440671
0.440624
0.440577
0.44053
0.440483
0.440437
0.44039
0.440344
0.440297
0.440251
0.440204
0.440158
0.440112
0.440065
0.440019
0.439973
0.439927
0.439881
0.439835
0.439789
0.439743
0.439697
0.439652
0.439606
0.43956
0.439515
0.439469
0.439423
0.439378
0.439332
0.439287
0.439242
0.439196
0.439151
0.439106
0.439061
0.439016
0.438971
0.438926
0.438881
0.438836
0.438791
0.438746
0.438701
0.438657
0.438612
0.438567
0.438523
0.438478
0.438434
0.438389
0.438345
0.438301
0.438256
0.438212
0.438168
0.438124
0.43808
0.438036
0.437992
0.437948
0.437904
0.43786
0.437816
0.437772
0.437729
0.437685
0.437641
0.437598
0.437554
0.437511
0.437467
0.437424
0.43738
0.437337
0.437294
0.437251
0.437207
0.437164
0.437121
0.437078
0.437035
0.436992
0.436949
0.436906
0.436863
0.436821
0.436778
0.436735
0.436692
0.43665
0.436607
0.436565
0.436522
0.43648
0.436437
0.436395
0.436353
0.43631
0.436268
0.436226
0.436184
0.436141
0.436099
0.436057
0.436015
0.435973
0.435932
0.43589
0.435848
0.435806
0.435764
0.435723
0.435681
0.435639
0.435598
0.435556
0.435515
0.435473
0.435432
0.43539
0.435349
0.435308
0.435266
0.435225
0.435184
0.435143
0.435102
0.435061
0.43502
0.434979
0.434938
0.434897
0.434856
0.434815
0.434774
0.434734
0.434693
0.434652
0.434612
0.434571
0.43453
0.43449
0.434449
0.434409
0.434369
0.434328
0.434288
0.434248
0.434207
0.434167
0.434127
0.434087
0.434047
0.434007
0.433967
0.433927
0.433887
0.433847
0.433807
0.433767
0.433727
0.433688
0.433648
0.433608
0.433568
0.433529
0.433489
0.43345
0.43341
0.433371
0.433331
0.433292
0.433253
0.433213
0.433174
0.433135
0.433095
0.433056
0.433017
0.432978
0.432939
0.4329
0.432861
0.432822
0.432783
0.432744
0.432705
0.432666
0.432628
0.432589
0.43255
0.432511
0.432473
0.432434
0.432396
0.432357
0.432318
0.43228
0.432242
0.432203
0.432165
0.432126
0.432088
0.43205
0.432011
0.431973
0.431935
0.431897
0.431859
0.431821
0.431783
0.431745
0.431707
0.431669
0.431631
0.431593
0.431555
0.431517
0.431479
0.431442
0.431404
0.431366
0.431329
0.431291
0.431253
0.431216
0.431178
0.431141
0.431103
0.431066
0.431029
0.430991
0.430954
0.430917
0.430879
0.430842
0.430805
0.430768
0.430731
0.430693
0.430656
0.430619
0.430582
0.430545
0.430508
0.430471
0.430434
0.430398
0.430361
0.430324
0.430287
0.43025
0.430214
0.430177
0.43014
0.430104
0.430067
0.430031
0.429994
0.429957
0.429921
0.429885
0.429848
0.429812
0.429775
0.429739
0.429703
0.429666
0.42963
0.429594
0.429558
0.429522
0.429486
0.429449
0.429413
0.429377
0.429341
0.429305
0.429269
0.429233
0.429198
0.429162
0.429126
0.42909
0.429054
0.429018
0.428983
0.428947
0.428911
0.428876
0.42884
0.428805
0.428769
0.428733
0.428698
0.428662
0.428627
0.428592
0.428556
0.428521
0.428485
0.42845
0.428415
0.428379
0.428344
0.428309
0.428274
0.428239
0.428204
0.428168
0.428133
0.428098
0.428063
0.428028
0.427993
0.427958
0.427923
0.427888
0.427854
0.427819
0.427784
0.427749
0.427714
0.42768
0.427645
0.42761
0.427575
0.427541
0.427506
0.427471
0.427437
)
;

boundaryField
{
    inlet
    {
        type            fixedValue;
        value           uniform 0.5;
    }
    outlet
    {
        type            zeroGradient;
    }
    emptyWalls
    {
        type            empty;
    }
}


// ************************************************************************* //
