/*--------------------------------*- C++ -*----------------------------------*\
  =========                 |
  \\      /  F ield         | OpenFOAM: The Open Source CFD Toolbox
   \\    /   O peration     | Website:  https://openfoam.org
    \\  /    A nd           | Version:  9
     \\/     M anipulation  |
\*---------------------------------------------------------------------------*/
FoamFile
{
    format      ascii;
    class       volScalarField;
    location    "6";
    object      Fcsw;
}
// * * * * * * * * * * * * * * * * * * * * * * * * * * * * * * * * * * * * * //

dimensions      [0 0 0 0 0 0 0];

internalField   nonuniform List<scalar> 
1000
(
7.64493e-05
0.000122256
0.000163886
0.000203207
0.000240889
0.000277261
0.000312521
0.000346797
0.000380182
0.000412747
0.000444547
0.00047563
0.000506034
0.000535794
0.000564939
0.000593496
0.00062149
0.000648942
0.000675874
0.000702303
0.000728248
0.000753725
0.000778749
0.000803335
0.000827498
0.000851249
0.000874601
0.000897566
0.000920156
0.000942381
0.000964251
0.000985777
0.00100697
0.00102783
0.00104838
0.00106861
0.00108855
0.00110819
0.00112755
0.00114662
0.00116543
0.00118397
0.00120225
0.00122028
0.00123806
0.0012556
0.00127291
0.00128998
0.00130684
0.00132347
0.00133989
0.0013561
0.0013721
0.0013879
0.00140351
0.00141892
0.00143415
0.00144919
0.00146406
0.00147875
0.00149326
0.00150761
0.00152179
0.00153581
0.00154967
0.00156337
0.00157693
0.00159033
0.00160359
0.0016167
0.00162967
0.00164251
0.00165521
0.00166777
0.00168021
0.00169252
0.0017047
0.00171676
0.0017287
0.00174052
0.00175222
0.00176381
0.00177529
0.00178665
0.00179791
0.00180906
0.00182011
0.00183106
0.0018419
0.00185264
0.00186329
0.00187384
0.0018843
0.00189467
0.00190494
0.00191512
0.00192522
0.00193523
0.00194516
0.001955
0.00196476
0.00197444
0.00198404
0.00199356
0.002003
0.00201237
0.00202166
0.00203088
0.00204003
0.00204911
0.00205812
0.00206705
0.00207592
0.00208473
0.00209347
0.00210214
0.00211075
0.0021193
0.00212778
0.00213621
0.00214457
0.00215288
0.00216112
0.00216931
0.00217745
0.00218553
0.00219355
0.00220152
0.00220944
0.0022173
0.00222511
0.00223288
0.00224059
0.00224825
0.00225586
0.00226343
0.00227095
0.00227842
0.00228585
0.00229323
0.00230056
0.00230786
0.0023151
0.00232231
0.00232947
0.0023366
0.00234368
0.00235072
0.00235772
0.00236468
0.0023716
0.00237849
0.00238534
0.00239215
0.00239892
0.00240566
0.00241236
0.00241902
0.00242565
0.00243225
0.00243881
0.00244534
0.00245184
0.00245831
0.00246474
0.00247114
0.00247751
0.00248385
0.00249016
0.00249644
0.00250269
0.00250891
0.0025151
0.00252126
0.0025274
0.0025335
0.00253958
0.00254564
0.00255167
0.00255767
0.00256364
0.00256959
0.00257552
0.00258142
0.00258729
0.00259314
0.00259897
0.00260478
0.00261056
0.00261631
0.00262205
0.00262776
0.00263346
0.00263913
0.00264477
0.0026504
0.00265601
0.00266159
0.00266716
0.00267271
0.00267823
0.00268374
0.00268923
0.0026947
0.00270015
0.00270558
0.00271099
0.00271639
0.00272177
0.00272713
0.00273247
0.0027378
0.00274311
0.0027484
0.00275368
0.00275894
0.00276419
0.00276942
0.00277463
0.00277983
0.00278502
0.00279019
0.00279535
0.00280049
0.00280562
0.00281073
0.00281583
0.00282092
0.00282599
0.00283105
0.0028361
0.00284114
0.00284616
0.00285118
0.00285618
0.00286116
0.00286614
0.0028711
0.00287606
0.002881
0.00288593
0.00289086
0.00289577
0.00290067
0.00290556
0.00291044
0.00291531
0.00292017
0.00292502
0.00292987
0.0029347
0.00293953
0.00294434
0.00294915
0.00295395
0.00295874
0.00296353
0.0029683
0.00297307
0.00297783
0.00298259
0.00298734
0.00299208
0.00299681
0.00300154
0.00300626
0.00301097
0.00301568
0.00302038
0.00302508
0.00302977
0.00303446
0.00303914
0.00304381
0.00304848
0.00305315
0.00305781
0.00306247
0.00306712
0.00307177
0.00307642
0.00308106
0.0030857
0.00309034
0.00309497
0.0030996
0.00310423
0.00310885
0.00311347
0.00311809
0.00312271
0.00312733
0.00313194
0.00313656
0.00314117
0.00314578
0.00315039
0.003155
0.00315961
0.00316422
0.00316883
0.00317344
0.00317806
0.00318267
0.00318728
0.00319189
0.00319651
0.00320113
0.00320575
0.00321037
0.00321499
0.00321962
0.00322425
0.00322888
0.00323351
0.00323815
0.0032428
0.00324744
0.0032521
0.00325675
0.00326142
0.00326608
0.00327076
0.00327544
0.00328012
0.00328482
0.00328952
0.00329423
0.00329894
0.00330367
0.0033084
0.00331314
0.00331789
0.00332265
0.00332742
0.0033322
0.003337
0.0033418
0.00334662
0.00335145
0.00335629
0.00336115
0.00336602
0.0033709
0.00337581
0.00338072
0.00338566
0.00339061
0.00339558
0.00340057
0.00340557
0.0034106
0.00341565
0.00342072
0.00342581
0.00343093
0.00343607
0.00344124
0.00344643
0.00345165
0.0034569
0.00346218
0.00346749
0.00347283
0.00347821
0.00348362
0.00348907
0.00349455
0.00350007
0.00350563
0.00351124
0.00351689
0.00352258
0.00352833
0.00353412
0.00353996
0.00354586
0.00355182
0.00355783
0.0035639
0.00357004
0.00357625
0.00358252
0.00358887
0.00359529
0.0036018
0.00360838
0.00361506
0.00362182
0.00362868
0.00363564
0.00364271
0.00364988
0.00365718
0.00366459
0.00367213
0.0036798
0.00368761
0.00369557
0.00370369
0.00371197
0.00372042
0.00372906
0.00373789
0.00374692
0.00375616
0.00376563
0.00377534
0.00378531
0.00379554
0.00380606
0.00381687
0.00382801
0.00383949
0.00385133
0.00386356
0.0038762
0.00388927
0.00390281
0.00391685
0.00393143
0.00394657
0.00396232
0.00397873
0.00399584
0.0040137
0.00403238
0.00405193
0.00407243
0.00409394
0.00411656
0.00414037
0.00416547
0.00419197
0.00421999
0.00424968
0.00428118
0.00431466
0.0043503
0.00438831
0.00442894
0.00447243
0.00451909
0.00456924
0.00462327
0.00468161
0.00474473
0.0048132
0.00488765
0.00496882
0.00505755
0.00515482
0.00526178
0.00537975
0.0055103
0.00565529
0.0058169
0.00599776
0.00620102
0.0064305
0.00669084
0.00698774
0.00732828
0.00772132
0.00817802
0.00871269
0.00934382
0.0100957
0.0110006
0.0121025
0.013462
0.0151649
0.0173355
0.0201598
0.0239258
0.0290985
0.0364685
0.0474662
0.0649026
0.0949094
0.153069
0.2892
0.730607
1.93565
-1.16014
-0.582287
0.673924
0.774728
0.344301
0.0545629
-0.062228
-0.103092
-0.118148
-0.12098
-0.112346
-0.0910249
-0.05764
-0.0163557
0.0247226
0.0555392
0.0684973
0.0624616
0.0429015
0.0182374
-0.00422819
-0.0202183
-0.0283172
-0.0290221
-0.0239042
-0.0150913
-0.00493009
0.00434407
0.0109838
0.0140581
0.0135834
0.010378
0.00570682
0.000874982
-0.00308257
-0.00555501
-0.00636998
-0.00571837
-0.00403583
-0.00187115
0.00023881
0.00187161
0.00278393
0.00292934
0.00243065
0.00152
0.000467031
-0.000485635
-0.00116642
-0.00149401
-0.00147395
-0.00117905
-0.000720848
-0.000219664
0.000221053
0.000531877
0.000684279
0.000687754
0.000579679
0.000411507
0.00023498
9.12732e-05
4.71437e-06
-1.86225e-05
1.17785e-05
7.62292e-05
0.000151189
0.0002151
0.000252612
0.000256652
0.000228338
0.000175203
0.00010843
3.98943e-05
-2.03549e-05
-6.57175e-05
-9.36377e-05
-0.00010525
-0.000104349
-9.60256e-05
-8.53246e-05
-7.61875e-05
-7.08431e-05
-6.96809e-05
-7.15382e-05
-7.4259e-05
-7.53591e-05
-7.26406e-05
-6.4641e-05
-5.086e-05
-3.17592e-05
-8.58004e-06
1.69521e-05
4.29586e-05
6.77037e-05
8.98099e-05
0.000108368
0.000122949
0.000133528
0.000140376
0.00014392
0.000144632
0.000142945
0.000139212
0.000133701
0.000126622
0.000118158
0.000108507
9.79082e-05
8.66524e-05
7.50783e-05
6.35541e-05
5.24523e-05
4.21224e-05
3.2869e-05
2.49359e-05
1.85005e-05
1.36752e-05
1.05151e-05
9.02793e-06
9.18377e-06
1.09227e-05
1.41584e-05
1.87786e-05
2.46429e-05
3.158e-05
3.93856e-05
4.78228e-05
5.66255e-05
6.55062e-05
7.41656e-05
8.23063e-05
8.96454e-05
9.59286e-05
0.000100941
0.000104517
0.000106546
0.000106975
0.000105808
0.000103104
9.89705e-05
9.35581e-05
8.7052e-05
7.96647e-05
7.16272e-05
6.31814e-05
5.4573e-05
4.60437e-05
3.78255e-05
3.01346e-05
2.31668e-05
1.70925e-05
1.20539e-05
8.16214e-06
5.49522e-06
4.09741e-06
3.9789e-06
5.11642e-06
7.45472e-06
1.09086e-05
1.53657e-05
2.06897e-05
2.67246e-05
3.32986e-05
4.0229e-05
4.73275e-05
5.44046e-05
6.12756e-05
6.7765e-05
7.37118e-05
7.8973e-05
8.34279e-05
8.69808e-05
8.95633e-05
9.11351e-05
9.16846e-05
9.12284e-05
8.98096e-05
8.74956e-05
8.43753e-05
8.05557e-05
7.61581e-05
7.13138e-05
6.61601e-05
6.08365e-05
5.548e-05
5.02223e-05
4.51856e-05
4.04803e-05
3.62025e-05
3.24319e-05
2.92307e-05
2.66428e-05
2.46937e-05
2.33905e-05
2.27234e-05
2.26661e-05
2.31784e-05
2.42074e-05
2.56903e-05
2.75567e-05
2.97309e-05
3.21349e-05
3.46905e-05
3.73217e-05
3.99569e-05
4.25309e-05
4.4986e-05
4.72734e-05
4.93542e-05
5.11992e-05
5.27894e-05
5.41156e-05
5.51774e-05
5.59826e-05
5.6546e-05
5.6888e-05
5.70335e-05
5.70104e-05
5.68483e-05
5.65776e-05
5.62282e-05
5.58289e-05
5.54065e-05
5.49858e-05
5.45893e-05
5.42367e-05
5.39458e-05
5.37322e-05
5.36098e-05
5.35913e-05
5.36881e-05
5.39112e-05
5.42709e-05
5.47771e-05
5.54393e-05
5.62663e-05
5.7266e-05
5.8445e-05
5.98082e-05
6.13581e-05
6.30943e-05
6.50128e-05
6.71057e-05
6.93609e-05
7.17613e-05
7.42852e-05
7.69061e-05
7.95926e-05
8.23096e-05
8.50179e-05
8.76759e-05
9.02395e-05
9.26642e-05
9.49052e-05
9.69192e-05
9.86652e-05
0.000100106
0.000101208
0.000101945
0.000102294
0.000102243
0.000101784
0.000100917
9.96512e-05
9.80017e-05
9.59912e-05
9.36485e-05
9.10083e-05
8.81104e-05
8.49983e-05
8.17183e-05
7.83188e-05
7.48489e-05
7.13573e-05
6.78916e-05
6.4497e-05
6.12159e-05
5.80868e-05
5.51439e-05
5.24165e-05
4.99291e-05
4.77007e-05
4.5745e-05
4.40707e-05
4.26814e-05
4.1576e-05
4.07491e-05
4.01915e-05
3.98907e-05
3.98314e-05
3.99959e-05
4.03652e-05
4.09187e-05
4.16353e-05
4.24937e-05
4.34727e-05
4.45518e-05
4.57111e-05
4.69318e-05
4.81964e-05
4.94887e-05
5.0794e-05
5.20988e-05
5.33914e-05
5.46613e-05
5.58993e-05
5.70977e-05
5.82499e-05
5.93503e-05
6.03946e-05
6.13793e-05
6.23018e-05
6.31606e-05
6.39546e-05
6.46837e-05
6.53485e-05
6.59501e-05
6.64905e-05
6.69722e-05
6.7398e-05
6.77719e-05
6.80985e-05
6.83874e-05
6.86711e-05
6.91132e-05
7.06204e-05
7.83255e-05
0.0001214
0.000365743
0.00175484
0.00965111
0.0544257
0.304113
1.49641
2.79572
0.428822
0.00106269
1.29799e-09
4.16076e-22
-0
-0
-0
-0
-0
-0
-0
-0
-0
-0
-0
-0
-0
-0
-0
-0
-0
-0
-0
-0
-0
-0
-0
-0
-0
-0
-0
-0
-0
-0
-0
-0
-0
-0
-0
-0
-0
-0
-0
-0
-0
-0
-0
-0
-0
-0
-0
-0
-0
-0
-0
-0
-0
-0
-0
-0
-0
-0
-0
-0
-0
-0
-0
-0
-0
-0
-0
-0
-0
-0
-0
-0
-0
-0
-0
-0
-0
-0
-0
-0
-0
-0
-0
-0
-0
-0
-0
-0
-0
-0
-0
-0
-0
-0
-0
-0
-0
-0
-0
-0
-0
-0
-0
-0
-0
-0
-0
-0
-0
-0
-0
-0
-0
-0
-0
-0
-0
-0
-0
-0
-0
-0
-0
-0
-0
-0
-0
-0
-0
-0
-0
-0
-0
-0
-0
-0
-0
-0
-0
-0
-0
-0
-0
-0
-0
-0
-0
-0
-0
-0
-0
-0
-0
-0
-0
-0
-0
-0
-0
-0
-0
-0
-0
-0
-0
-0
-0
-0
-0
-0
-0
-0
-0
-0
-0
-0
)
;

boundaryField
{
    inlet
    {
        type            calculated;
        value           uniform 7.64493e-05;
    }
    outlet
    {
        type            calculated;
        value           uniform -0;
    }
    emptyWalls
    {
        type            empty;
    }
}


// ************************************************************************* //
