/*--------------------------------*- C++ -*----------------------------------*\
  =========                 |
  \\      /  F ield         | OpenFOAM: The Open Source CFD Toolbox
   \\    /   O peration     | Website:  https://openfoam.org
    \\  /    A nd           | Version:  9
     \\/     M anipulation  |
\*---------------------------------------------------------------------------*/
FoamFile
{
    format      ascii;
    class       volScalarField;
    location    "6";
    object      Sa;
}
// * * * * * * * * * * * * * * * * * * * * * * * * * * * * * * * * * * * * * //

dimensions      [0 0 0 0 0 0 0];

internalField   nonuniform List<scalar> 
1000
(
0.499011
0.49841
0.497858
0.497331
0.496821
0.496324
0.495837
0.495359
0.494889
0.494427
0.493971
0.493522
0.493079
0.492641
0.492209
0.491782
0.49136
0.490943
0.490531
0.490122
0.489719
0.489319
0.488924
0.488533
0.488146
0.487762
0.487382
0.487006
0.486634
0.486264
0.485899
0.485536
0.485177
0.484822
0.484469
0.484119
0.483773
0.483429
0.483088
0.48275
0.482415
0.482083
0.481754
0.481427
0.481102
0.480781
0.480462
0.480145
0.479831
0.479519
0.479209
0.478902
0.478598
0.478295
0.477995
0.477697
0.477401
0.477107
0.476815
0.476525
0.476238
0.475952
0.475669
0.475387
0.475107
0.474829
0.474553
0.474279
0.474007
0.473736
0.473468
0.473201
0.472936
0.472672
0.47241
0.47215
0.471891
0.471634
0.471379
0.471125
0.470873
0.470622
0.470373
0.470126
0.469879
0.469635
0.469391
0.46915
0.468909
0.46867
0.468433
0.468196
0.467961
0.467728
0.467495
0.467265
0.467035
0.466806
0.466579
0.466353
0.466129
0.465905
0.465683
0.465462
0.465242
0.465023
0.464806
0.464589
0.464374
0.46416
0.463947
0.463735
0.463524
0.463314
0.463106
0.462898
0.462691
0.462486
0.462281
0.462077
0.461875
0.461673
0.461473
0.461273
0.461074
0.460877
0.46068
0.460484
0.460289
0.460095
0.459902
0.45971
0.459518
0.459328
0.459138
0.45895
0.458762
0.458575
0.458389
0.458203
0.458019
0.457835
0.457652
0.45747
0.457289
0.457109
0.456929
0.45675
0.456572
0.456395
0.456218
0.456042
0.455867
0.455693
0.455519
0.455346
0.455174
0.455002
0.454832
0.454662
0.454492
0.454324
0.454156
0.453988
0.453822
0.453656
0.45349
0.453326
0.453162
0.452998
0.452836
0.452674
0.452512
0.452351
0.452191
0.452031
0.451873
0.451714
0.451556
0.451399
0.451243
0.451087
0.450931
0.450776
0.450622
0.450469
0.450315
0.450163
0.450011
0.449859
0.449709
0.449558
0.449408
0.449259
0.449111
0.448962
0.448815
0.448668
0.448521
0.448375
0.448229
0.448084
0.44794
0.447795
0.447652
0.447509
0.447366
0.447224
0.447082
0.446941
0.446801
0.44666
0.446521
0.446381
0.446243
0.446104
0.445966
0.445829
0.445692
0.445555
0.445419
0.445284
0.445149
0.445014
0.444879
0.444746
0.444612
0.444479
0.444346
0.444214
0.444082
0.443951
0.44382
0.44369
0.443559
0.44343
0.4433
0.443171
0.443043
0.442915
0.442787
0.442659
0.442532
0.442406
0.44228
0.442154
0.442028
0.441903
0.441778
0.441654
0.44153
0.441407
0.441283
0.44116
0.441038
0.440916
0.440794
0.440672
0.440551
0.44043
0.44031
0.44019
0.44007
0.439951
0.439831
0.439713
0.439594
0.439476
0.439358
0.439241
0.439124
0.439007
0.438891
0.438774
0.438659
0.438543
0.438428
0.438313
0.438198
0.438084
0.43797
0.437856
0.437743
0.43763
0.437517
0.437405
0.437293
0.437181
0.437069
0.436958
0.436847
0.436736
0.436626
0.436516
0.436406
0.436296
0.436187
0.436078
0.435969
0.435861
0.435752
0.435644
0.435537
0.435429
0.435322
0.435215
0.435109
0.435002
0.434896
0.43479
0.434685
0.43458
0.434474
0.43437
0.434265
0.434161
0.434057
0.433953
0.433849
0.433746
0.433643
0.43354
0.433437
0.433335
0.433233
0.433131
0.433029
0.432928
0.432827
0.432726
0.432625
0.432524
0.432424
0.432324
0.432224
0.432125
0.432025
0.431926
0.431827
0.431728
0.43163
0.431531
0.431433
0.431335
0.431238
0.43114
0.431043
0.430946
0.430849
0.430752
0.430656
0.43056
0.430464
0.430368
0.430272
0.430176
0.430081
0.429986
0.429891
0.429796
0.429702
0.429607
0.429513
0.429419
0.429325
0.429232
0.429138
0.429045
0.428952
0.428859
0.428766
0.428673
0.428581
0.428489
0.428397
0.428305
0.428213
0.428121
0.42803
0.427938
0.427847
0.427756
0.427665
0.427574
0.427484
0.427393
0.427303
0.427213
0.427123
0.427033
0.426943
0.426853
0.426764
0.426674
0.426585
0.426496
0.426406
0.426317
0.426229
0.42614
0.426051
0.425962
0.425874
0.425785
0.425697
0.425609
0.42552
0.425432
0.425344
0.425256
0.425168
0.42508
0.424992
0.424904
0.424816
0.424728
0.42464
0.424552
0.424464
0.424376
0.424288
0.4242
0.424112
0.424024
0.423936
0.423847
0.423759
0.42367
0.423582
0.423493
0.423404
0.423314
0.423225
0.423135
0.423045
0.422954
0.422863
0.422772
0.42268
0.422588
0.422495
0.422402
0.422308
0.422214
0.422118
0.422022
0.421925
0.421827
0.421727
0.421627
0.421525
0.421421
0.421316
0.421208
0.421099
0.420987
0.420873
0.420755
0.420634
0.420509
0.42038
0.420246
0.420106
0.419959
0.419804
0.41964
0.419466
0.419279
0.419076
0.418856
0.418612
0.418341
0.418034
0.417682
0.417271
0.416779
0.416176
0.415414
0.414409
0.413012
0.410926
0.407473
0.400875
0.367019
0.300545
0.300602
0.305304
0.310646
0.313509
0.31413
0.313674
0.312808
0.3118
0.31078
0.309848
0.309101
0.308625
0.308477
0.308656
0.309087
0.309635
0.310148
0.310511
0.310672
0.310647
0.310486
0.310255
0.310017
0.309819
0.309693
0.309648
0.309679
0.309765
0.309878
0.309989
0.310075
0.310123
0.310132
0.310107
0.310062
0.310009
0.309962
0.309927
0.30991
0.30991
0.309924
0.309945
0.309968
0.309988
0.31
0.310004
0.31
0.30999
0.309978
0.309965
0.309956
0.309949
0.309947
0.309949
0.309953
0.309958
0.309963
0.309968
0.309971
0.309972
0.309973
0.309972
0.309972
0.309971
0.309971
0.309972
0.309973
0.309975
0.309976
0.309978
0.309979
0.309979
0.309979
0.309979
0.309978
0.309977
0.309976
0.309975
0.309974
0.309973
0.309972
0.309972
0.309971
0.30997
0.30997
0.309969
0.309968
0.309967
0.309967
0.309967
0.309966
0.309966
0.309966
0.309967
0.309967
0.309968
0.309969
0.309969
0.30997
0.309971
0.309972
0.309973
0.309973
0.309974
0.309974
0.309975
0.309975
0.309976
0.309976
0.309976
0.309976
0.309975
0.309975
0.309975
0.309974
0.309974
0.309973
0.309973
0.309972
0.309972
0.309971
0.309971
0.30997
0.30997
0.30997
0.309969
0.309969
0.309969
0.309969
0.309969
0.309969
0.30997
0.30997
0.30997
0.309971
0.309971
0.309972
0.309972
0.309973
0.309973
0.309973
0.309974
0.309974
0.309974
0.309975
0.309975
0.309975
0.309975
0.309975
0.309974
0.309974
0.309974
0.309974
0.309973
0.309973
0.309973
0.309972
0.309972
0.309972
0.309972
0.309971
0.309971
0.309971
0.309971
0.309971
0.309971
0.309971
0.309971
0.309971
0.309971
0.309971
0.309972
0.309972
0.309972
0.309972
0.309973
0.309973
0.309973
0.309973
0.309974
0.309974
0.309974
0.309974
0.309974
0.309974
0.309974
0.309974
0.309973
0.309973
0.309973
0.309973
0.309973
0.309972
0.309972
0.309972
0.309971
0.309971
0.309971
0.309971
0.30997
0.30997
0.30997
0.30997
0.309969
0.309969
0.309969
0.309969
0.309969
0.309969
0.309969
0.309969
0.309969
0.309969
0.309969
0.309969
0.309969
0.309969
0.309969
0.309969
0.309969
0.309969
0.309969
0.309969
0.309969
0.309969
0.309969
0.309969
0.309969
0.309969
0.309969
0.309969
0.309969
0.309969
0.309969
0.309969
0.309969
0.309969
0.30997
0.30997
0.30997
0.30997
0.30997
0.30997
0.30997
0.30997
0.309971
0.309971
0.309971
0.309971
0.309971
0.309971
0.309972
0.309972
0.309972
0.309972
0.309972
0.309972
0.309973
0.309973
0.309973
0.309973
0.309973
0.309974
0.309974
0.309974
0.309974
0.309974
0.309974
0.309974
0.309974
0.309974
0.309974
0.309974
0.309974
0.309974
0.309974
0.309974
0.309973
0.309973
0.309973
0.309973
0.309973
0.309973
0.309973
0.309972
0.309972
0.309972
0.309972
0.309972
0.309972
0.309971
0.309971
0.309971
0.309971
0.309971
0.309971
0.309971
0.309971
0.309971
0.309971
0.30997
0.30997
0.30997
0.30997
0.30997
0.30997
0.30997
0.30997
0.30997
0.30997
0.30997
0.30997
0.30997
0.30997
0.30997
0.30997
0.30997
0.30997
0.30997
0.30997
0.30997
0.30997
0.30997
0.30997
0.30997
0.30997
0.30997
0.30997
0.309971
0.309971
0.309974
0.309992
0.310123
0.311529
0.320722
0.329109
0.329647
0.329647
0.329647
0.329648
0.329648
0.329648
0.329648
0.329648
0.329648
0.329648
0.329648
0.329648
0.329648
0.329648
0.329648
0.329648
0.329648
0.329648
0.329648
0.329648
0.329648
0.329647
0.329647
0.329647
0.329647
0.329647
0.329647
0.329647
0.329647
0.329647
0.329647
0.329647
0.329647
0.329647
0.329647
0.329647
0.329647
0.329647
0.329647
0.329647
0.329647
0.329647
0.329647
0.329647
0.329647
0.329647
0.329647
0.329647
0.329647
0.329647
0.329647
0.329647
0.329647
0.329647
0.329647
0.329647
0.329647
0.329647
0.329647
0.329647
0.329647
0.329647
0.329647
0.329647
0.329647
0.329647
0.329647
0.329647
0.329647
0.329647
0.329647
0.329647
0.329647
0.329647
0.329647
0.329647
0.329647
0.329647
0.329647
0.329647
0.329647
0.329647
0.329647
0.329647
0.329647
0.329647
0.329647
0.329647
0.329647
0.329647
0.329647
0.329647
0.329647
0.329647
0.329647
0.329647
0.329647
0.329647
0.329647
0.329647
0.329647
0.329647
0.329647
0.329647
0.329647
0.329647
0.329647
0.329647
0.329647
0.329647
0.329647
0.329647
0.329647
0.329647
0.329647
0.329647
0.329647
0.329647
0.329647
0.329646
0.329646
0.329646
0.329646
0.329646
0.329646
0.329646
0.329646
0.329646
0.329646
0.329646
0.329646
0.329646
0.329646
0.329646
0.329646
0.329646
0.329646
0.329646
0.329645
0.329645
0.329645
0.329645
0.329645
0.329645
0.329645
0.329645
0.329645
0.329644
0.329644
0.329644
0.329644
0.329644
0.329644
0.329644
0.329644
0.329643
0.329643
0.329643
0.329643
0.329643
0.329643
0.329643
0.329643
0.329643
0.329643
0.329642
0.329642
0.329642
0.329642
0.329642
0.329642
0.329642
0.329642
0.329642
0.329642
0.329642
0.329642
0.329642
0.329642
)
;

boundaryField
{
    inlet
    {
        type            fixedValue;
        value           uniform 0.5;
    }
    outlet
    {
        type            zeroGradient;
    }
    emptyWalls
    {
        type            empty;
    }
}


// ************************************************************************* //
