/*--------------------------------*- C++ -*----------------------------------*\
  =========                 |
  \\      /  F ield         | OpenFOAM: The Open Source CFD Toolbox
   \\    /   O peration     | Website:  https://openfoam.org
    \\  /    A nd           | Version:  9
     \\/     M anipulation  |
\*---------------------------------------------------------------------------*/
FoamFile
{
    format      ascii;
    class       volScalarField;
    location    "11.9";
    object      Sc;
}
// * * * * * * * * * * * * * * * * * * * * * * * * * * * * * * * * * * * * * //

dimensions      [0 0 0 0 0 0 0];

internalField   nonuniform List<scalar> 
1000
(
0.00132012
0.00212915
0.00287749
0.00359624
0.00429619
0.00498248
0.00565802
0.0063246
0.00698345
0.00763542
0.00828114
0.00892113
0.00955575
0.0101853
0.0108101
0.0114303
0.0120461
0.0126577
0.0132652
0.0138688
0.0144685
0.0150645
0.0156568
0.0162455
0.0168307
0.0174125
0.017991
0.0185662
0.0191381
0.0197069
0.0202725
0.0208351
0.0213946
0.0219512
0.0225048
0.0230556
0.0236035
0.0241485
0.0246908
0.0252304
0.0257672
0.0263014
0.026833
0.0273619
0.0278883
0.0284121
0.0289334
0.0294522
0.0299686
0.0304826
0.0309941
0.0315033
0.0320101
0.0325146
0.0330168
0.0335167
0.0340144
0.0345098
0.035003
0.0354941
0.035983
0.0364697
0.0369543
0.0374369
0.0379173
0.0383957
0.0388721
0.0393464
0.0398187
0.0402891
0.0407575
0.0412239
0.0416885
0.0421511
0.0426118
0.0430706
0.0435276
0.0439828
0.0444361
0.0448876
0.0453373
0.0457852
0.0462314
0.0466758
0.0471185
0.0475595
0.0479987
0.0484363
0.0488722
0.0493064
0.049739
0.05017
0.0505993
0.051027
0.0514532
0.0518777
0.0523007
0.0527221
0.053142
0.0535603
0.0539771
0.0543925
0.0548063
0.0552186
0.0556295
0.0560389
0.0564468
0.0568533
0.0572584
0.057662
0.0580643
0.0584651
0.0588646
0.0592627
0.0596594
0.0600548
0.0604488
0.0608415
0.0612328
0.0616229
0.0620116
0.062399
0.0627852
0.06317
0.0635536
0.063936
0.064317
0.0646969
0.0650755
0.0654528
0.065829
0.0662039
0.0665777
0.0669502
0.0673216
0.0676918
0.0680608
0.0684287
0.0687954
0.0691609
0.0695253
0.0698886
0.0702508
0.0706118
0.0709718
0.0713306
0.0716884
0.072045
0.0724006
0.0727551
0.0731086
0.073461
0.0738123
0.0741626
0.0745119
0.0748601
0.0752073
0.0755535
0.0758986
0.0762428
0.0765859
0.0769281
0.0772693
0.0776095
0.0779487
0.078287
0.0786243
0.0789606
0.079296
0.0796304
0.0799639
0.0802965
0.0806281
0.0809588
0.0812886
0.0816175
0.0819455
0.0822725
0.0825987
0.082924
0.0832484
0.0835719
0.0838946
0.0842164
0.0845373
0.0848573
0.0851765
0.0854949
0.0858124
0.086129
0.0864449
0.0867599
0.087074
0.0873874
0.0876999
0.0880116
0.0883226
0.0886327
0.088942
0.0892505
0.0895582
0.0898652
0.0901713
0.0904767
0.0907813
0.0910852
0.0913883
0.0916906
0.0919921
0.0922929
0.092593
0.0928923
0.0931909
0.0934888
0.0937859
0.0940823
0.0943779
0.0946729
0.0949671
0.0952606
0.0955534
0.0958455
0.0961369
0.0964276
0.0967176
0.0970069
0.0972956
0.0975835
0.0978708
0.0981574
0.0984433
0.0987285
0.0990131
0.099297
0.0995803
0.0998629
0.100145
0.100426
0.100707
0.100987
0.101266
0.101545
0.101823
0.102101
0.102377
0.102654
0.102929
0.103204
0.103479
0.103752
0.104025
0.104298
0.10457
0.104841
0.105112
0.105382
0.105652
0.105921
0.106189
0.106457
0.106724
0.106991
0.107257
0.107522
0.107787
0.108052
0.108315
0.108579
0.108841
0.109103
0.109365
0.109626
0.109886
0.110146
0.110406
0.110665
0.110923
0.111181
0.111438
0.111695
0.111951
0.112206
0.112462
0.112716
0.11297
0.113224
0.113477
0.113729
0.113981
0.114233
0.114484
0.114734
0.114984
0.115234
0.115483
0.115732
0.11598
0.116227
0.116474
0.116721
0.116967
0.117212
0.117458
0.117702
0.117946
0.11819
0.118433
0.118676
0.118918
0.11916
0.119402
0.119642
0.119883
0.120123
0.120362
0.120602
0.12084
0.121078
0.121316
0.121553
0.12179
0.122027
0.122263
0.122498
0.122733
0.122968
0.123202
0.123436
0.123669
0.123902
0.124135
0.124367
0.124598
0.12483
0.125061
0.125291
0.125521
0.125751
0.12598
0.126208
0.126437
0.126665
0.126892
0.127119
0.127346
0.127573
0.127798
0.128024
0.128249
0.128474
0.128698
0.128922
0.129146
0.129369
0.129592
0.129814
0.130036
0.130258
0.130479
0.1307
0.130921
0.131141
0.131361
0.13158
0.131799
0.132018
0.132236
0.132454
0.132671
0.132889
0.133105
0.133322
0.133538
0.133754
0.133969
0.134184
0.134399
0.134613
0.134827
0.135041
0.135254
0.135467
0.135679
0.135892
0.136104
0.136315
0.136526
0.136737
0.136948
0.137158
0.137368
0.137577
0.137786
0.137995
0.138204
0.138412
0.13862
0.138827
0.139035
0.139241
0.139448
0.139654
0.13986
0.140066
0.140271
0.140476
0.140681
0.140885
0.141089
0.141293
0.141496
0.141699
0.141902
0.142104
0.142306
0.142508
0.14271
0.142911
0.143112
0.143312
0.143513
0.143713
0.143912
0.144112
0.144311
0.14451
0.144708
0.144907
0.145104
0.145302
0.145499
0.145697
0.145893
0.14609
0.146286
0.146482
0.146677
0.146873
0.147068
0.147263
0.147457
0.147651
0.147845
0.148039
0.148232
0.148425
0.148618
0.148811
0.149003
0.149195
0.149387
0.149578
0.149769
0.14996
0.150151
0.150341
0.150531
0.150721
0.150911
0.1511
0.151289
0.151478
0.151667
0.151855
0.152043
0.152231
0.152418
0.152605
0.152792
0.152979
0.153166
0.153352
0.153538
0.153724
0.153909
0.154094
0.154279
0.154464
0.154648
0.154833
0.155017
0.1552
0.155384
0.155567
0.15575
0.155933
0.156115
0.156298
0.15648
0.156662
0.156843
0.157024
0.157206
0.157386
0.157567
0.157747
0.157928
0.158107
0.158287
0.158467
0.158646
0.158825
0.159004
0.159182
0.15936
0.159539
0.159716
0.159894
0.160071
0.160249
0.160426
0.160602
0.160779
0.160955
0.161131
0.161307
0.161483
0.161658
0.161833
0.162008
0.162183
0.162358
0.162532
0.162706
0.16288
0.163054
0.163227
0.163401
0.163574
0.163746
0.163919
0.164091
0.164264
0.164436
0.164608
0.164779
0.164951
0.165122
0.165293
0.165464
0.165634
0.165804
0.165975
0.166145
0.166314
0.166484
0.166653
0.166823
0.166992
0.16716
0.167329
0.167497
0.167665
0.167833
0.168001
0.168169
0.168336
0.168503
0.168671
0.168837
0.169004
0.16917
0.169337
0.169503
0.169669
0.169834
0.17
0.170165
0.17033
0.170495
0.17066
0.170825
0.170989
0.171153
0.171317
0.171481
0.171645
0.171808
0.171972
0.172135
0.172298
0.17246
0.172623
0.172785
0.172948
0.17311
0.173272
0.173433
0.173595
0.173756
0.173917
0.174078
0.174239
0.1744
0.17456
0.174721
0.174881
0.175041
0.1752
0.17536
0.17552
0.175679
0.175838
0.175997
0.176156
0.176314
0.176473
0.176631
0.176789
0.176947
0.177105
0.177263
0.17742
0.177577
0.177734
0.177891
0.178048
0.178205
0.178361
0.178518
0.178674
0.17883
0.178986
0.179141
0.179297
0.179452
0.179608
0.179763
0.179918
0.180072
0.180227
0.180381
0.180536
0.18069
0.180844
0.180998
0.181151
0.181305
0.181458
0.181612
0.181765
0.181918
0.18207
0.182223
0.182376
0.182528
0.18268
0.182832
0.182984
0.183136
0.183287
0.183439
0.18359
0.183741
0.183892
0.184043
0.184194
0.184345
0.184495
0.184645
0.184796
0.184946
0.185096
0.185245
0.185395
0.185544
0.185694
0.185843
0.185992
0.186141
0.18629
0.186438
0.186587
0.186735
0.186884
0.187032
0.18718
0.187328
0.187475
0.187623
0.18777
0.187918
0.188065
0.188212
0.188359
0.188506
0.188652
0.188799
0.188945
0.189092
0.189238
0.189384
0.18953
0.189676
0.189821
0.189967
0.190112
0.190257
0.190403
0.190548
0.190692
0.190837
0.190982
0.191126
0.191271
0.191415
0.191559
0.191703
0.191847
0.191991
0.192135
0.192278
0.192422
0.192565
0.192708
0.192852
0.192995
0.193137
0.19328
0.193423
0.193565
0.193708
0.19385
0.193992
0.194134
0.194276
0.194418
0.19456
0.194702
0.194843
0.194985
0.195126
0.195267
0.195408
0.195549
0.19569
0.195831
0.195972
0.196112
0.196253
0.196393
0.196533
0.196673
0.196813
0.196953
0.197093
0.197233
0.197373
0.197512
0.197651
0.197791
0.19793
0.198069
0.198208
0.198347
0.198486
0.198625
0.198764
0.198902
0.199041
0.199179
0.199317
0.199455
0.199594
0.199732
0.199869
0.200007
0.200145
0.200283
0.20042
0.200558
0.200695
0.200833
0.20097
0.201107
0.201244
0.201381
0.201518
0.201655
0.201792
0.201928
0.202065
0.202201
0.202338
0.202474
0.20261
0.202747
0.202883
0.203019
0.203155
0.203291
0.203427
0.203562
0.203698
0.203834
0.203969
0.204105
0.20424
0.204376
0.204511
0.204647
0.204782
0.204917
0.205052
0.205187
0.205322
0.205457
0.205592
0.205727
0.205862
0.205997
0.206131
0.206266
0.206401
0.206535
0.20667
0.206805
0.206939
0.207074
0.207208
0.207343
0.207477
0.207611
0.207746
0.20788
0.208015
0.208149
0.208283
0.208418
0.208552
0.208686
0.208821
0.208955
0.209089
0.209224
0.209358
0.209492
0.209627
0.209761
0.209896
0.21003
0.210165
0.210299
0.210434
0.210569
0.210703
0.210838
0.210973
0.211108
0.211243
0.211378
0.211513
0.211649
0.211784
0.21192
0.212055
0.212191
0.212327
0.212463
0.212599
0.212736
0.212872
0.213009
0.213146
0.213283
0.21342
0.213558
0.213696
0.213834
0.213972
0.214111
0.21425
0.214389
0.214529
0.214669
0.214809
0.21495
0.215091
0.215233
0.215375
0.215518
0.215661
0.215805
0.215949
0.216094
0.21624
0.216386
0.216534
0.216682
0.216831
0.216981
0.217131
0.217283
0.217436
0.21759
0.217746
0.217903
0.218061
0.218221
0.218382
0.218545
0.218711
0.218878
0.219047
0.219219
0.219393
0.21957
0.219751
0.219934
0.220121
0.220311
0.220506
0.220706
0.22091
0.22112
0.221336
0.221558
0.221788
0.222026
0.222273
0.22253
0.222799
0.22308
0.223375
0.223687
0.224018
0.224369
0.224746
0.22515
0.225589
0.226066
0.226591
0.227172
0.227822
0.228557
0.229398
0.230374
0.231526
0.232913
0.234622
0.236792
0.23965
0.243602
0.249447
0.258986
0.277298
0.325172
0.46028
0.465268
0.46616
0.466315
0.466919
0.467698
0.46811
0.467884
0.467105
0.46611
0.465274
0.464805
0.464709
0.46488
0.465196
0.465559
0.465896
0.466159
0.466316
0.466357
0.466291
0.46615
0.465976
0.465812
0.465694
0.465636
0.465638
0.465686
0.465761
0.465843
0.465914
0.465963
0.465986
0.465983
0.46596
0.465927
0.465892
0.465863
0.465845
0.465839
0.465845
0.465857
0.465874
0.465889
0.465901
0.465907
0.465908
0.465903
0.465896
0.465887
0.465879
0.465873
0.46587
)
;

boundaryField
{
    inlet
    {
        type            calculated;
        value           uniform 0;
    }
    outlet
    {
        type            calculated;
        value           uniform 0.46587;
    }
    emptyWalls
    {
        type            empty;
    }
}


// ************************************************************************* //
