/*--------------------------------*- C++ -*----------------------------------*\
  =========                 |
  \\      /  F ield         | OpenFOAM: The Open Source CFD Toolbox
   \\    /   O peration     | Website:  https://openfoam.org
    \\  /    A nd           | Version:  9
     \\/     M anipulation  |
\*---------------------------------------------------------------------------*/
FoamFile
{
    format      ascii;
    class       volVectorField;
    location    "11.9";
    object      Ub;
}
// * * * * * * * * * * * * * * * * * * * * * * * * * * * * * * * * * * * * * //

dimensions      [0 0 0 0 0 0 0];

internalField   nonuniform List<vector> 
1000
(
(0.290579 0 0)
(0.290578 0 0)
(0.290577 0 0)
(0.290575 0 0)
(0.290573 0 0)
(0.290571 0 0)
(0.290569 0 0)
(0.290566 0 0)
(0.290563 0 0)
(0.29056 0 0)
(0.290556 0 0)
(0.290552 0 0)
(0.290548 0 0)
(0.290544 0 0)
(0.290539 0 0)
(0.290534 0 0)
(0.290529 0 0)
(0.290523 0 0)
(0.290518 0 0)
(0.290512 0 0)
(0.290505 0 0)
(0.290499 0 0)
(0.290492 0 0)
(0.290485 0 0)
(0.290478 0 0)
(0.290471 0 0)
(0.290463 0 0)
(0.290455 0 0)
(0.290447 0 0)
(0.290438 0 0)
(0.29043 0 0)
(0.290421 0 0)
(0.290412 0 0)
(0.290403 0 0)
(0.290393 0 0)
(0.290384 0 0)
(0.290374 0 0)
(0.290364 0 0)
(0.290353 0 0)
(0.290343 0 0)
(0.290332 0 0)
(0.290321 0 0)
(0.29031 0 0)
(0.290299 0 0)
(0.290287 0 0)
(0.290275 0 0)
(0.290263 0 0)
(0.290251 0 0)
(0.290239 0 0)
(0.290226 0 0)
(0.290214 0 0)
(0.290201 0 0)
(0.290188 0 0)
(0.290175 0 0)
(0.290161 0 0)
(0.290148 0 0)
(0.290134 0 0)
(0.29012 0 0)
(0.290106 0 0)
(0.290091 0 0)
(0.290077 0 0)
(0.290062 0 0)
(0.290048 0 0)
(0.290033 0 0)
(0.290017 0 0)
(0.290002 0 0)
(0.289987 0 0)
(0.289971 0 0)
(0.289955 0 0)
(0.289939 0 0)
(0.289923 0 0)
(0.289907 0 0)
(0.28989 0 0)
(0.289874 0 0)
(0.289857 0 0)
(0.28984 0 0)
(0.289823 0 0)
(0.289806 0 0)
(0.289789 0 0)
(0.289771 0 0)
(0.289754 0 0)
(0.289736 0 0)
(0.289718 0 0)
(0.2897 0 0)
(0.289682 0 0)
(0.289663 0 0)
(0.289645 0 0)
(0.289626 0 0)
(0.289607 0 0)
(0.289588 0 0)
(0.289569 0 0)
(0.28955 0 0)
(0.289531 0 0)
(0.289511 0 0)
(0.289492 0 0)
(0.289472 0 0)
(0.289452 0 0)
(0.289432 0 0)
(0.289412 0 0)
(0.289392 0 0)
(0.289371 0 0)
(0.289351 0 0)
(0.28933 0 0)
(0.289309 0 0)
(0.289288 0 0)
(0.289267 0 0)
(0.289246 0 0)
(0.289225 0 0)
(0.289204 0 0)
(0.289182 0 0)
(0.289161 0 0)
(0.289139 0 0)
(0.289117 0 0)
(0.289095 0 0)
(0.289073 0 0)
(0.289051 0 0)
(0.289028 0 0)
(0.289006 0 0)
(0.288983 0 0)
(0.288961 0 0)
(0.288938 0 0)
(0.288915 0 0)
(0.288892 0 0)
(0.288869 0 0)
(0.288846 0 0)
(0.288822 0 0)
(0.288799 0 0)
(0.288775 0 0)
(0.288752 0 0)
(0.288728 0 0)
(0.288704 0 0)
(0.28868 0 0)
(0.288656 0 0)
(0.288632 0 0)
(0.288607 0 0)
(0.288583 0 0)
(0.288558 0 0)
(0.288534 0 0)
(0.288509 0 0)
(0.288484 0 0)
(0.288459 0 0)
(0.288434 0 0)
(0.288409 0 0)
(0.288384 0 0)
(0.288359 0 0)
(0.288333 0 0)
(0.288308 0 0)
(0.288282 0 0)
(0.288256 0 0)
(0.28823 0 0)
(0.288205 0 0)
(0.288179 0 0)
(0.288152 0 0)
(0.288126 0 0)
(0.2881 0 0)
(0.288074 0 0)
(0.288047 0 0)
(0.288021 0 0)
(0.287994 0 0)
(0.287967 0 0)
(0.28794 0 0)
(0.287913 0 0)
(0.287886 0 0)
(0.287859 0 0)
(0.287832 0 0)
(0.287805 0 0)
(0.287778 0 0)
(0.28775 0 0)
(0.287723 0 0)
(0.287695 0 0)
(0.287667 0 0)
(0.287639 0 0)
(0.287611 0 0)
(0.287583 0 0)
(0.287555 0 0)
(0.287527 0 0)
(0.287499 0 0)
(0.287471 0 0)
(0.287442 0 0)
(0.287414 0 0)
(0.287385 0 0)
(0.287357 0 0)
(0.287328 0 0)
(0.287299 0 0)
(0.28727 0 0)
(0.287241 0 0)
(0.287212 0 0)
(0.287183 0 0)
(0.287154 0 0)
(0.287125 0 0)
(0.287095 0 0)
(0.287066 0 0)
(0.287036 0 0)
(0.287007 0 0)
(0.286977 0 0)
(0.286947 0 0)
(0.286917 0 0)
(0.286887 0 0)
(0.286857 0 0)
(0.286827 0 0)
(0.286797 0 0)
(0.286767 0 0)
(0.286737 0 0)
(0.286706 0 0)
(0.286676 0 0)
(0.286645 0 0)
(0.286615 0 0)
(0.286584 0 0)
(0.286553 0 0)
(0.286523 0 0)
(0.286492 0 0)
(0.286461 0 0)
(0.28643 0 0)
(0.286399 0 0)
(0.286368 0 0)
(0.286336 0 0)
(0.286305 0 0)
(0.286274 0 0)
(0.286242 0 0)
(0.286211 0 0)
(0.286179 0 0)
(0.286147 0 0)
(0.286116 0 0)
(0.286084 0 0)
(0.286052 0 0)
(0.28602 0 0)
(0.285988 0 0)
(0.285956 0 0)
(0.285924 0 0)
(0.285892 0 0)
(0.285859 0 0)
(0.285827 0 0)
(0.285795 0 0)
(0.285762 0 0)
(0.28573 0 0)
(0.285697 0 0)
(0.285664 0 0)
(0.285632 0 0)
(0.285599 0 0)
(0.285566 0 0)
(0.285533 0 0)
(0.2855 0 0)
(0.285467 0 0)
(0.285434 0 0)
(0.285401 0 0)
(0.285367 0 0)
(0.285334 0 0)
(0.285301 0 0)
(0.285267 0 0)
(0.285234 0 0)
(0.2852 0 0)
(0.285167 0 0)
(0.285133 0 0)
(0.285099 0 0)
(0.285065 0 0)
(0.285031 0 0)
(0.284998 0 0)
(0.284964 0 0)
(0.284929 0 0)
(0.284895 0 0)
(0.284861 0 0)
(0.284827 0 0)
(0.284793 0 0)
(0.284758 0 0)
(0.284724 0 0)
(0.284689 0 0)
(0.284655 0 0)
(0.28462 0 0)
(0.284586 0 0)
(0.284551 0 0)
(0.284516 0 0)
(0.284481 0 0)
(0.284446 0 0)
(0.284412 0 0)
(0.284377 0 0)
(0.284341 0 0)
(0.284306 0 0)
(0.284271 0 0)
(0.284236 0 0)
(0.284201 0 0)
(0.284165 0 0)
(0.28413 0 0)
(0.284094 0 0)
(0.284059 0 0)
(0.284023 0 0)
(0.283988 0 0)
(0.283952 0 0)
(0.283916 0 0)
(0.283881 0 0)
(0.283845 0 0)
(0.283809 0 0)
(0.283773 0 0)
(0.283737 0 0)
(0.283701 0 0)
(0.283665 0 0)
(0.283629 0 0)
(0.283592 0 0)
(0.283556 0 0)
(0.28352 0 0)
(0.283483 0 0)
(0.283447 0 0)
(0.28341 0 0)
(0.283374 0 0)
(0.283337 0 0)
(0.283301 0 0)
(0.283264 0 0)
(0.283227 0 0)
(0.28319 0 0)
(0.283153 0 0)
(0.283117 0 0)
(0.28308 0 0)
(0.283043 0 0)
(0.283005 0 0)
(0.282968 0 0)
(0.282931 0 0)
(0.282894 0 0)
(0.282857 0 0)
(0.282819 0 0)
(0.282782 0 0)
(0.282745 0 0)
(0.282707 0 0)
(0.28267 0 0)
(0.282632 0 0)
(0.282594 0 0)
(0.282557 0 0)
(0.282519 0 0)
(0.282481 0 0)
(0.282443 0 0)
(0.282405 0 0)
(0.282368 0 0)
(0.28233 0 0)
(0.282292 0 0)
(0.282253 0 0)
(0.282215 0 0)
(0.282177 0 0)
(0.282139 0 0)
(0.282101 0 0)
(0.282062 0 0)
(0.282024 0 0)
(0.281986 0 0)
(0.281947 0 0)
(0.281909 0 0)
(0.28187 0 0)
(0.281831 0 0)
(0.281793 0 0)
(0.281754 0 0)
(0.281715 0 0)
(0.281677 0 0)
(0.281638 0 0)
(0.281599 0 0)
(0.28156 0 0)
(0.281521 0 0)
(0.281482 0 0)
(0.281443 0 0)
(0.281404 0 0)
(0.281364 0 0)
(0.281325 0 0)
(0.281286 0 0)
(0.281247 0 0)
(0.281207 0 0)
(0.281168 0 0)
(0.281128 0 0)
(0.281089 0 0)
(0.281049 0 0)
(0.28101 0 0)
(0.28097 0 0)
(0.280931 0 0)
(0.280891 0 0)
(0.280851 0 0)
(0.280811 0 0)
(0.280771 0 0)
(0.280731 0 0)
(0.280692 0 0)
(0.280652 0 0)
(0.280612 0 0)
(0.280571 0 0)
(0.280531 0 0)
(0.280491 0 0)
(0.280451 0 0)
(0.280411 0 0)
(0.28037 0 0)
(0.28033 0 0)
(0.28029 0 0)
(0.280249 0 0)
(0.280209 0 0)
(0.280168 0 0)
(0.280128 0 0)
(0.280087 0 0)
(0.280046 0 0)
(0.280006 0 0)
(0.279965 0 0)
(0.279924 0 0)
(0.279883 0 0)
(0.279842 0 0)
(0.279802 0 0)
(0.279761 0 0)
(0.27972 0 0)
(0.279679 0 0)
(0.279637 0 0)
(0.279596 0 0)
(0.279555 0 0)
(0.279514 0 0)
(0.279473 0 0)
(0.279431 0 0)
(0.27939 0 0)
(0.279349 0 0)
(0.279307 0 0)
(0.279266 0 0)
(0.279224 0 0)
(0.279183 0 0)
(0.279141 0 0)
(0.2791 0 0)
(0.279058 0 0)
(0.279016 0 0)
(0.278974 0 0)
(0.278933 0 0)
(0.278891 0 0)
(0.278849 0 0)
(0.278807 0 0)
(0.278765 0 0)
(0.278723 0 0)
(0.278681 0 0)
(0.278639 0 0)
(0.278597 0 0)
(0.278555 0 0)
(0.278512 0 0)
(0.27847 0 0)
(0.278428 0 0)
(0.278386 0 0)
(0.278343 0 0)
(0.278301 0 0)
(0.278258 0 0)
(0.278216 0 0)
(0.278173 0 0)
(0.278131 0 0)
(0.278088 0 0)
(0.278046 0 0)
(0.278003 0 0)
(0.27796 0 0)
(0.277917 0 0)
(0.277875 0 0)
(0.277832 0 0)
(0.277789 0 0)
(0.277746 0 0)
(0.277703 0 0)
(0.27766 0 0)
(0.277617 0 0)
(0.277574 0 0)
(0.277531 0 0)
(0.277488 0 0)
(0.277444 0 0)
(0.277401 0 0)
(0.277358 0 0)
(0.277315 0 0)
(0.277271 0 0)
(0.277228 0 0)
(0.277184 0 0)
(0.277141 0 0)
(0.277097 0 0)
(0.277054 0 0)
(0.27701 0 0)
(0.276967 0 0)
(0.276923 0 0)
(0.276879 0 0)
(0.276835 0 0)
(0.276792 0 0)
(0.276748 0 0)
(0.276704 0 0)
(0.27666 0 0)
(0.276616 0 0)
(0.276572 0 0)
(0.276528 0 0)
(0.276484 0 0)
(0.27644 0 0)
(0.276396 0 0)
(0.276352 0 0)
(0.276308 0 0)
(0.276263 0 0)
(0.276219 0 0)
(0.276175 0 0)
(0.27613 0 0)
(0.276086 0 0)
(0.276041 0 0)
(0.275997 0 0)
(0.275953 0 0)
(0.275908 0 0)
(0.275863 0 0)
(0.275819 0 0)
(0.275774 0 0)
(0.275729 0 0)
(0.275685 0 0)
(0.27564 0 0)
(0.275595 0 0)
(0.27555 0 0)
(0.275505 0 0)
(0.275461 0 0)
(0.275416 0 0)
(0.275371 0 0)
(0.275326 0 0)
(0.27528 0 0)
(0.275235 0 0)
(0.27519 0 0)
(0.275145 0 0)
(0.2751 0 0)
(0.275055 0 0)
(0.275009 0 0)
(0.274964 0 0)
(0.274919 0 0)
(0.274873 0 0)
(0.274828 0 0)
(0.274782 0 0)
(0.274737 0 0)
(0.274691 0 0)
(0.274646 0 0)
(0.2746 0 0)
(0.274554 0 0)
(0.274509 0 0)
(0.274463 0 0)
(0.274417 0 0)
(0.274371 0 0)
(0.274326 0 0)
(0.27428 0 0)
(0.274234 0 0)
(0.274188 0 0)
(0.274142 0 0)
(0.274096 0 0)
(0.27405 0 0)
(0.274004 0 0)
(0.273958 0 0)
(0.273912 0 0)
(0.273865 0 0)
(0.273819 0 0)
(0.273773 0 0)
(0.273727 0 0)
(0.27368 0 0)
(0.273634 0 0)
(0.273587 0 0)
(0.273541 0 0)
(0.273494 0 0)
(0.273448 0 0)
(0.273401 0 0)
(0.273355 0 0)
(0.273308 0 0)
(0.273262 0 0)
(0.273215 0 0)
(0.273168 0 0)
(0.273121 0 0)
(0.273075 0 0)
(0.273028 0 0)
(0.272981 0 0)
(0.272934 0 0)
(0.272887 0 0)
(0.27284 0 0)
(0.272793 0 0)
(0.272746 0 0)
(0.272699 0 0)
(0.272652 0 0)
(0.272605 0 0)
(0.272557 0 0)
(0.27251 0 0)
(0.272463 0 0)
(0.272416 0 0)
(0.272368 0 0)
(0.272321 0 0)
(0.272273 0 0)
(0.272226 0 0)
(0.272179 0 0)
(0.272131 0 0)
(0.272084 0 0)
(0.272036 0 0)
(0.271988 0 0)
(0.271941 0 0)
(0.271893 0 0)
(0.271845 0 0)
(0.271798 0 0)
(0.27175 0 0)
(0.271702 0 0)
(0.271654 0 0)
(0.271606 0 0)
(0.271558 0 0)
(0.27151 0 0)
(0.271462 0 0)
(0.271414 0 0)
(0.271366 0 0)
(0.271318 0 0)
(0.27127 0 0)
(0.271222 0 0)
(0.271174 0 0)
(0.271125 0 0)
(0.271077 0 0)
(0.271029 0 0)
(0.27098 0 0)
(0.270932 0 0)
(0.270884 0 0)
(0.270835 0 0)
(0.270787 0 0)
(0.270738 0 0)
(0.27069 0 0)
(0.270641 0 0)
(0.270592 0 0)
(0.270544 0 0)
(0.270495 0 0)
(0.270446 0 0)
(0.270397 0 0)
(0.270349 0 0)
(0.2703 0 0)
(0.270251 0 0)
(0.270202 0 0)
(0.270153 0 0)
(0.270104 0 0)
(0.270055 0 0)
(0.270006 0 0)
(0.269957 0 0)
(0.269908 0 0)
(0.269859 0 0)
(0.26981 0 0)
(0.26976 0 0)
(0.269711 0 0)
(0.269662 0 0)
(0.269612 0 0)
(0.269563 0 0)
(0.269514 0 0)
(0.269464 0 0)
(0.269415 0 0)
(0.269365 0 0)
(0.269316 0 0)
(0.269266 0 0)
(0.269217 0 0)
(0.269167 0 0)
(0.269117 0 0)
(0.269068 0 0)
(0.269018 0 0)
(0.268968 0 0)
(0.268918 0 0)
(0.268868 0 0)
(0.268819 0 0)
(0.268769 0 0)
(0.268719 0 0)
(0.268669 0 0)
(0.268619 0 0)
(0.268569 0 0)
(0.268519 0 0)
(0.268468 0 0)
(0.268418 0 0)
(0.268368 0 0)
(0.268318 0 0)
(0.268268 0 0)
(0.268217 0 0)
(0.268167 0 0)
(0.268117 0 0)
(0.268066 0 0)
(0.268016 0 0)
(0.267965 0 0)
(0.267915 0 0)
(0.267864 0 0)
(0.267814 0 0)
(0.267763 0 0)
(0.267713 0 0)
(0.267662 0 0)
(0.267611 0 0)
(0.26756 0 0)
(0.26751 0 0)
(0.267459 0 0)
(0.267408 0 0)
(0.267357 0 0)
(0.267306 0 0)
(0.267255 0 0)
(0.267204 0 0)
(0.267153 0 0)
(0.267102 0 0)
(0.267051 0 0)
(0.267 0 0)
(0.266949 0 0)
(0.266897 0 0)
(0.266846 0 0)
(0.266795 0 0)
(0.266744 0 0)
(0.266692 0 0)
(0.266641 0 0)
(0.266589 0 0)
(0.266538 0 0)
(0.266487 0 0)
(0.266435 0 0)
(0.266383 0 0)
(0.266332 0 0)
(0.26628 0 0)
(0.266229 0 0)
(0.266177 0 0)
(0.266125 0 0)
(0.266073 0 0)
(0.266021 0 0)
(0.26597 0 0)
(0.265918 0 0)
(0.265866 0 0)
(0.265814 0 0)
(0.265762 0 0)
(0.26571 0 0)
(0.265658 0 0)
(0.265606 0 0)
(0.265554 0 0)
(0.265501 0 0)
(0.265449 0 0)
(0.265397 0 0)
(0.265345 0 0)
(0.265292 0 0)
(0.26524 0 0)
(0.265188 0 0)
(0.265135 0 0)
(0.265083 0 0)
(0.26503 0 0)
(0.264978 0 0)
(0.264925 0 0)
(0.264873 0 0)
(0.26482 0 0)
(0.264767 0 0)
(0.264714 0 0)
(0.264662 0 0)
(0.264609 0 0)
(0.264556 0 0)
(0.264503 0 0)
(0.26445 0 0)
(0.264397 0 0)
(0.264344 0 0)
(0.264291 0 0)
(0.264238 0 0)
(0.264185 0 0)
(0.264132 0 0)
(0.264079 0 0)
(0.264026 0 0)
(0.263972 0 0)
(0.263919 0 0)
(0.263866 0 0)
(0.263812 0 0)
(0.263759 0 0)
(0.263706 0 0)
(0.263652 0 0)
(0.263599 0 0)
(0.263545 0 0)
(0.263491 0 0)
(0.263438 0 0)
(0.263384 0 0)
(0.26333 0 0)
(0.263277 0 0)
(0.263223 0 0)
(0.263169 0 0)
(0.263115 0 0)
(0.263061 0 0)
(0.263007 0 0)
(0.262953 0 0)
(0.262899 0 0)
(0.262845 0 0)
(0.262791 0 0)
(0.262737 0 0)
(0.262683 0 0)
(0.262629 0 0)
(0.262574 0 0)
(0.26252 0 0)
(0.262466 0 0)
(0.262411 0 0)
(0.262357 0 0)
(0.262302 0 0)
(0.262248 0 0)
(0.262193 0 0)
(0.262139 0 0)
(0.262084 0 0)
(0.262029 0 0)
(0.261975 0 0)
(0.26192 0 0)
(0.261865 0 0)
(0.26181 0 0)
(0.261755 0 0)
(0.2617 0 0)
(0.261645 0 0)
(0.26159 0 0)
(0.261535 0 0)
(0.26148 0 0)
(0.261425 0 0)
(0.261369 0 0)
(0.261314 0 0)
(0.261259 0 0)
(0.261204 0 0)
(0.261148 0 0)
(0.261093 0 0)
(0.261037 0 0)
(0.260982 0 0)
(0.260926 0 0)
(0.26087 0 0)
(0.260815 0 0)
(0.260759 0 0)
(0.260703 0 0)
(0.260647 0 0)
(0.260591 0 0)
(0.260535 0 0)
(0.260479 0 0)
(0.260423 0 0)
(0.260367 0 0)
(0.260311 0 0)
(0.260255 0 0)
(0.260199 0 0)
(0.260142 0 0)
(0.260086 0 0)
(0.26003 0 0)
(0.259973 0 0)
(0.259917 0 0)
(0.25986 0 0)
(0.259803 0 0)
(0.259747 0 0)
(0.25969 0 0)
(0.259633 0 0)
(0.259576 0 0)
(0.259519 0 0)
(0.259462 0 0)
(0.259405 0 0)
(0.259348 0 0)
(0.259291 0 0)
(0.259234 0 0)
(0.259176 0 0)
(0.259119 0 0)
(0.259062 0 0)
(0.259004 0 0)
(0.258946 0 0)
(0.258889 0 0)
(0.258831 0 0)
(0.258773 0 0)
(0.258716 0 0)
(0.258658 0 0)
(0.2586 0 0)
(0.258542 0 0)
(0.258483 0 0)
(0.258425 0 0)
(0.258367 0 0)
(0.258308 0 0)
(0.25825 0 0)
(0.258191 0 0)
(0.258133 0 0)
(0.258074 0 0)
(0.258015 0 0)
(0.257956 0 0)
(0.257897 0 0)
(0.257838 0 0)
(0.257779 0 0)
(0.25772 0 0)
(0.257661 0 0)
(0.257601 0 0)
(0.257541 0 0)
(0.257482 0 0)
(0.257422 0 0)
(0.257362 0 0)
(0.257302 0 0)
(0.257242 0 0)
(0.257182 0 0)
(0.257121 0 0)
(0.257061 0 0)
(0.257 0 0)
(0.25694 0 0)
(0.256879 0 0)
(0.256818 0 0)
(0.256756 0 0)
(0.256695 0 0)
(0.256634 0 0)
(0.256572 0 0)
(0.25651 0 0)
(0.256448 0 0)
(0.256386 0 0)
(0.256324 0 0)
(0.256261 0 0)
(0.256199 0 0)
(0.256136 0 0)
(0.256073 0 0)
(0.256009 0 0)
(0.255946 0 0)
(0.255882 0 0)
(0.255818 0 0)
(0.255754 0 0)
(0.25569 0 0)
(0.255625 0 0)
(0.25556 0 0)
(0.255495 0 0)
(0.255429 0 0)
(0.255363 0 0)
(0.255297 0 0)
(0.25523 0 0)
(0.255163 0 0)
(0.255096 0 0)
(0.255028 0 0)
(0.25496 0 0)
(0.254892 0 0)
(0.254823 0 0)
(0.254753 0 0)
(0.254684 0 0)
(0.254613 0 0)
(0.254542 0 0)
(0.25447 0 0)
(0.254398 0 0)
(0.254325 0 0)
(0.254252 0 0)
(0.254177 0 0)
(0.254102 0 0)
(0.254026 0 0)
(0.25395 0 0)
(0.253872 0 0)
(0.253793 0 0)
(0.253713 0 0)
(0.253632 0 0)
(0.25355 0 0)
(0.253466 0 0)
(0.253381 0 0)
(0.253295 0 0)
(0.253206 0 0)
(0.253116 0 0)
(0.253024 0 0)
(0.25293 0 0)
(0.252834 0 0)
(0.252735 0 0)
(0.252633 0 0)
(0.252528 0 0)
(0.25242 0 0)
(0.252308 0 0)
(0.252192 0 0)
(0.252072 0 0)
(0.251947 0 0)
(0.251815 0 0)
(0.251678 0 0)
(0.251533 0 0)
(0.25138 0 0)
(0.251218 0 0)
(0.251046 0 0)
(0.250861 0 0)
(0.250661 0 0)
(0.250445 0 0)
(0.25021 0 0)
(0.249951 0 0)
(0.249663 0 0)
(0.249342 0 0)
(0.248978 0 0)
(0.24856 0 0)
(0.248075 0 0)
(0.247501 0 0)
(0.246808 0 0)
(0.245951 0 0)
(0.244859 0 0)
(0.243412 0 0)
(0.241392 0 0)
(0.238362 0 0)
(0.233281 0 0)
(0.222931 0 0)
(0.192962 0 0)
(0.158333 0 0)
(0.14364 0 0)
(0.143842 0 0)
(0.151691 0 0)
(0.160461 0 0)
(0.167134 0 0)
(0.170624 0 0)
(0.17039 0 0)
(0.166639 0 0)
(0.160836 0 0)
(0.155176 0 0)
(0.151322 0 0)
(0.149756 0 0)
(0.15008 0 0)
(0.151604 0 0)
(0.153684 0 0)
(0.155822 0 0)
(0.157651 0 0)
(0.158921 0 0)
(0.159498 0 0)
(0.159381 0 0)
(0.158704 0 0)
(0.157703 0 0)
(0.156655 0 0)
(0.155795 0 0)
(0.155269 0 0)
(0.155115 0 0)
(0.155282 0 0)
(0.155667 0 0)
(0.156148 0 0)
(0.156612 0 0)
(0.156973 0 0)
(0.157182 0 0)
(0.157228 0 0)
(0.157136 0 0)
(0.156952 0 0)
(0.156733 0 0)
(0.156531 0 0)
(0.156385 0 0)
(0.156312 0 0)
(0.156312 0 0)
(0.156369 0 0)
(0.15646 0 0)
(0.156559 0 0)
(0.156644 0 0)
(0.1567 0 0)
(0.156723 0 0)
(0.156713 0 0)
(0.156679 0 0)
(0.156632 0 0)
(0.156584 0 0)
(0.156544 0 0)
(0.156517 0 0)
)
;

boundaryField
{
    inlet
    {
        type            fractionalVelocity;
        U               1((1 0 0));
        fractionalFlow  Fb;
        value           uniform (0.290579 0 0);
    }
    outlet
    {
        type            zeroGradient;
    }
    emptyWalls
    {
        type            empty;
    }
}


// ************************************************************************* //
