/*--------------------------------*- C++ -*----------------------------------*\
  =========                 |
  \\      /  F ield         | OpenFOAM: The Open Source CFD Toolbox
   \\    /   O peration     | Website:  https://openfoam.org
    \\  /    A nd           | Version:  9
     \\/     M anipulation  |
\*---------------------------------------------------------------------------*/
FoamFile
{
    format      ascii;
    class       volScalarField;
    location    "8.9";
    object      kra;
}
// * * * * * * * * * * * * * * * * * * * * * * * * * * * * * * * * * * * * * //

dimensions      [0 0 0 0 0 0 0];

internalField   nonuniform List<scalar> 
1000
(
0.0147132
0.0146646
0.0146198
0.014577
0.0145354
0.0144948
0.014455
0.0144158
0.0143773
0.0143392
0.0143017
0.0142646
0.0142279
0.0141917
0.0141558
0.0141203
0.0140852
0.0140504
0.014016
0.0139819
0.0139481
0.0139146
0.0138814
0.0138485
0.0138159
0.0137836
0.0137516
0.0137198
0.0136883
0.0136571
0.0136261
0.0135954
0.0135649
0.0135346
0.0135046
0.0134748
0.0134453
0.013416
0.0133869
0.013358
0.0133294
0.0133009
0.0132727
0.0132447
0.0132169
0.0131892
0.0131618
0.0131346
0.0131076
0.0130807
0.0130541
0.0130276
0.0130013
0.0129752
0.0129493
0.0129235
0.0128979
0.0128725
0.0128473
0.0128222
0.0127973
0.0127726
0.012748
0.0127235
0.0126993
0.0126751
0.0126512
0.0126274
0.0126037
0.0125802
0.0125568
0.0125336
0.0125105
0.0124875
0.0124647
0.0124421
0.0124195
0.0123971
0.0123749
0.0123527
0.0123307
0.0123089
0.0122871
0.0122655
0.012244
0.0122226
0.0122014
0.0121802
0.0121592
0.0121383
0.0121175
0.0120969
0.0120763
0.0120559
0.0120356
0.0120154
0.0119953
0.0119753
0.0119554
0.0119356
0.0119159
0.0118964
0.0118769
0.0118576
0.0118383
0.0118191
0.0118001
0.0117811
0.0117623
0.0117435
0.0117248
0.0117062
0.0116878
0.0116694
0.0116511
0.0116329
0.0116148
0.0115967
0.0115788
0.011561
0.0115432
0.0115255
0.0115079
0.0114904
0.011473
0.0114557
0.0114384
0.0114213
0.0114042
0.0113872
0.0113703
0.0113534
0.0113366
0.01132
0.0113033
0.0112868
0.0112704
0.011254
0.0112377
0.0112214
0.0112053
0.0111892
0.0111732
0.0111572
0.0111413
0.0111255
0.0111098
0.0110942
0.0110786
0.011063
0.0110476
0.0110322
0.0110169
0.0110016
0.0109864
0.0109713
0.0109562
0.0109412
0.0109263
0.0109114
0.0108966
0.0108819
0.0108672
0.0108526
0.010838
0.0108235
0.0108091
0.0107947
0.0107804
0.0107661
0.0107519
0.0107377
0.0107237
0.0107096
0.0106956
0.0106817
0.0106679
0.010654
0.0106403
0.0106266
0.0106129
0.0105993
0.0105858
0.0105723
0.0105589
0.0105455
0.0105322
0.0105189
0.0105057
0.0104925
0.0104794
0.0104663
0.0104532
0.0104403
0.0104273
0.0104145
0.0104016
0.0103888
0.0103761
0.0103634
0.0103508
0.0103382
0.0103256
0.0103131
0.0103007
0.0102883
0.0102759
0.0102636
0.0102513
0.0102391
0.0102269
0.0102147
0.0102026
0.0101906
0.0101785
0.0101666
0.0101546
0.0101427
0.0101309
0.0101191
0.0101073
0.0100956
0.0100839
0.0100723
0.0100607
0.0100491
0.0100376
0.0100261
0.0100147
0.0100033
0.00999189
0.00998056
0.00996927
0.00995802
0.0099468
0.00993563
0.00992449
0.00991338
0.00990232
0.00989129
0.0098803
0.00986934
0.00985842
0.00984754
0.00983669
0.00982588
0.0098151
0.00980436
0.00979365
0.00978298
0.00977234
0.00976173
0.00975116
0.00974062
0.00973012
0.00971965
0.00970921
0.00969881
0.00968843
0.00967809
0.00966779
0.00965751
0.00964727
0.00963706
0.00962688
0.00961673
0.00960662
0.00959653
0.00958648
0.00957646
0.00956646
0.0095565
0.00954657
0.00953667
0.0095268
0.00951696
0.00950714
0.00949736
0.00948761
0.00947788
0.00946819
0.00945852
0.00944888
0.00943927
0.00942969
0.00942014
0.00941062
0.00940112
0.00939165
0.00938221
0.0093728
0.00936341
0.00935405
0.00934472
0.00933541
0.00932613
0.00931688
0.00930766
0.00929846
0.00928928
0.00928014
0.00927102
0.00926192
0.00925285
0.00924381
0.00923479
0.0092258
0.00921683
0.00920789
0.00919897
0.00919007
0.00918121
0.00917236
0.00916354
0.00915475
0.00914597
0.00913723
0.0091285
0.0091198
0.00911113
0.00910248
0.00909385
0.00908524
0.00907666
0.0090681
0.00905956
0.00905105
0.00904256
0.00903409
0.00902564
0.00901722
0.00900882
0.00900044
0.00899209
0.00898375
0.00897544
0.00896715
0.00895888
0.00895063
0.0089424
0.0089342
0.00892602
0.00891785
0.00890971
0.00890159
0.00889349
0.00888541
0.00887736
0.00886932
0.0088613
0.0088533
0.00884533
0.00883737
0.00882944
0.00882152
0.00881362
0.00880575
0.00879789
0.00879005
0.00878224
0.00877444
0.00876666
0.0087589
0.00875116
0.00874344
0.00873574
0.00872806
0.00872039
0.00871275
0.00870512
0.00869751
0.00868992
0.00868235
0.0086748
0.00866726
0.00865975
0.00865225
0.00864477
0.00863731
0.00862986
0.00862243
0.00861503
0.00860763
0.00860026
0.0085929
0.00858557
0.00857824
0.00857094
0.00856365
0.00855638
0.00854913
0.00854189
0.00853467
0.00852747
0.00852028
0.00851312
0.00850596
0.00849883
0.00849171
0.0084846
0.00847752
0.00847045
0.00846339
0.00845635
0.00844933
0.00844232
0.00843533
0.00842836
0.0084214
0.00841446
0.00840753
0.00840062
0.00839372
0.00838684
0.00837997
0.00837312
0.00836629
0.00835947
0.00835266
0.00834587
0.0083391
0.00833234
0.00832559
0.00831886
0.00831214
0.00830544
0.00829876
0.00829208
0.00828543
0.00827878
0.00827215
0.00826554
0.00825894
0.00825235
0.00824578
0.00823922
0.00823268
0.00822615
0.00821963
0.00821313
0.00820664
0.00820017
0.00819371
0.00818726
0.00818083
0.00817441
0.008168
0.00816161
0.00815523
0.00814886
0.00814251
0.00813617
0.00812984
0.00812352
0.00811722
0.00811094
0.00810466
0.0080984
0.00809215
0.00808591
0.00807969
0.00807348
0.00806728
0.00806109
0.00805492
0.00804876
0.00804261
0.00803647
0.00803035
0.00802424
0.00801814
0.00801205
0.00800597
0.00799991
0.00799386
0.00798782
0.00798179
0.00797578
0.00796977
0.00796378
0.0079578
0.00795183
0.00794587
0.00793993
0.00793399
0.00792807
0.00792216
0.00791626
0.00791037
0.0079045
0.00789863
0.00789278
0.00788693
0.0078811
0.00787528
0.00786947
0.00786367
0.00785788
0.00785211
0.00784634
0.00784059
0.00783484
0.00782911
0.00782338
0.00781767
0.00781197
0.00780628
0.0078006
0.00779493
0.00778927
0.00778362
0.00777798
0.00777235
0.00776673
0.00776112
0.00775552
0.00774994
0.00774436
0.00773879
0.00773323
0.00772768
0.00772214
0.00771662
0.0077111
0.00770559
0.00770009
0.0076946
0.00768912
0.00768365
0.00767819
0.00767274
0.0076673
0.00766186
0.00765644
0.00765103
0.00764562
0.00764023
0.00763484
0.00762946
0.0076241
0.00761874
0.00761339
0.00760805
0.00760272
0.00759739
0.00759208
0.00758677
0.00758148
0.00757619
0.00757091
0.00756564
0.00756038
0.00755513
0.00754988
0.00754464
0.00753942
0.0075342
0.00752899
0.00752378
0.00751859
0.0075134
0.00750822
0.00750305
0.00749789
0.00749273
0.00748759
0.00748245
0.00747732
0.00747219
0.00746708
0.00746197
0.00745687
0.00745177
0.00744669
0.00744161
0.00743654
0.00743147
0.00742642
0.00742137
0.00741632
0.00741129
0.00740626
0.00740124
0.00739622
0.00739121
0.00738621
0.00738122
0.00737623
0.00737125
0.00736627
0.0073613
0.00735634
0.00735138
0.00734643
0.00734148
0.00733655
0.00733161
0.00732668
0.00732176
0.00731684
0.00731193
0.00730703
0.00730213
0.00729723
0.00729234
0.00728745
0.00728257
0.00727769
0.00727282
0.00726795
0.00726309
0.00725823
0.00725337
0.00724852
0.00724367
0.00723883
0.00723398
0.00722915
0.00722431
0.00721948
0.00721464
0.00720982
0.00720499
0.00720016
0.00719534
0.00719052
0.0071857
0.00718088
0.00717606
0.00717124
0.00716642
0.0071616
0.00715678
0.00715195
0.00714713
0.0071423
0.00713748
0.00713264
0.00712781
0.00712297
0.00711813
0.00711328
0.00710843
0.00710357
0.0070987
0.00709383
0.00708895
0.00708406
0.00707916
0.00707424
0.00706932
0.00706438
0.00705943
0.00705447
0.00704948
0.00704448
0.00703946
0.00703442
0.00702936
0.00702427
0.00701916
0.00701402
0.00700884
0.00700363
0.00699839
0.00699311
0.00698778
0.00698241
0.00697699
0.00697151
0.00696597
0.00696037
0.0069547
0.00694896
0.00694313
0.00693721
0.00693119
0.00692505
0.0069188
0.00691242
0.00690589
0.00689919
0.00689232
0.00688524
0.00687794
0.00687039
0.00686256
0.00685441
0.0068459
0.00683698
0.0068276
0.00681767
0.00680712
0.00679585
0.00678373
0.0067706
0.00675628
0.00674051
0.00672298
0.00670328
0.00668085
0.00665494
0.0066245
0.006588
0.00654317
0.00648646
0.00641198
0.00630931
0.00615822
0.00591444
0.00546777
0.004007
0.00268134
0.00239066
0.00227955
0.00240521
0.00271272
0.00303307
0.00322352
0.00327173
0.00323236
0.00315354
0.00306276
0.00297523
0.0029009
0.00284731
0.00281967
0.00281971
0.00284428
0.00288509
0.00293049
0.0029691
0.00299334
0.00300095
0.00299419
0.0029779
0.00295758
0.00293807
0.00292295
0.00291424
0.00291235
0.00291635
0.00292429
0.00293377
0.00294251
0.00294884
0.00295195
0.00295187
0.00294929
0.00294527
0.0029409
0.00293714
0.0029346
0.00293354
0.00293385
0.00293518
0.00293703
0.00293889
0.00294037
0.00294121
0.00294135
0.00294088
0.00293999
0.00293892
0.00293791
0.00293713
0.00293667
0.00293655
0.00293673
0.0029371
0.00293756
0.00293801
0.00293837
0.00293862
0.00293875
0.00293878
0.00293875
0.00293871
0.00293869
0.00293871
0.00293879
0.0029389
0.00293904
0.00293918
0.0029393
0.00293938
0.00293942
0.00293941
0.00293937
0.00293929
0.0029392
0.00293911
0.00293901
0.00293892
0.00293884
0.00293877
0.0029387
0.00293863
0.00293856
0.00293849
0.00293842
0.00293836
0.0029383
0.00293825
0.00293821
0.00293819
0.00293819
0.00293821
0.00293824
0.00293829
0.00293835
0.00293842
0.00293849
0.00293857
0.00293865
0.00293872
0.0029388
0.00293886
0.00293892
0.00293898
0.00293902
0.00293905
0.00293908
0.00293909
0.00293909
0.00293908
0.00293906
0.00293904
0.002939
0.00293896
0.00293891
0.00293886
0.00293881
0.00293876
0.0029387
0.00293865
0.00293861
0.00293856
0.00293853
0.0029385
0.00293847
0.00293846
0.00293845
0.00293845
0.00293846
0.00293847
0.0029385
0.00293853
0.00293856
0.0029386
0.00293864
0.00293869
0.00293873
0.00293877
0.00293881
0.00293885
0.00293888
0.00293891
0.00293893
0.00293895
0.00293896
0.00293896
0.00293896
0.00293895
0.00293894
0.00293892
0.00293889
0.00293887
0.00293884
0.00293881
0.00293877
0.00293874
0.00293871
0.00293868
0.00293866
0.00293863
0.00293861
0.0029386
0.00293859
0.00293858
0.00293858
0.00293858
0.00293859
0.0029386
0.00293862
0.00293864
0.00293866
0.00293868
0.00293871
0.00293873
0.00293876
0.00293878
0.00293881
0.00293883
0.00293884
0.00293886
0.00293887
0.00293888
0.00293888
0.00293888
0.00293888
0.00293888
0.00293887
0.00293886
0.00293884
0.00293883
0.00293881
0.00293879
0.00293877
0.00293875
0.00293874
0.00293872
0.00293871
0.0029387
0.00293869
0.00293868
0.00293867
0.00293867
0.00293867
0.00293868
0.00293868
0.00293869
0.0029387
0.00293871
0.00293873
0.00293874
0.00293875
0.00293877
0.00293878
0.00293879
0.0029388
0.00293881
0.00293882
0.00293883
0.00293883
0.00293883
0.00293883
0.00293882
0.00293881
0.0029388
0.00293879
0.00293878
0.00293876
0.00293874
0.00293872
0.0029387
0.00293868
0.00293866
0.00293864
0.00293862
0.0029386
0.00293858
0.00293856
0.00293854
0.00293853
0.00293851
0.0029385
0.00293849
0.00293848
0.00293847
0.00293846
0.00293846
0.00293846
0.00293846
0.00293846
0.00293846
0.00293846
0.00293847
0.00293847
0.00293848
0.00293849
0.0029385
0.00293851
0.00293852
0.00293854
0.00293855
0.00293857
0.00293858
0.0029386
0.00293861
0.00293863
0.00293865
0.00293867
0.00293868
0.0029387
0.00293872
0.00293874
0.00293875
0.00293877
0.00293878
0.0029388
0.00293881
0.00293882
0.00293883
0.00293884
0.00293885
0.00293885
0.00293886
0.00293886
0.00293887
)
;

boundaryField
{
    inlet
    {
        type            calculated;
        value           uniform 0.0147929;
    }
    outlet
    {
        type            calculated;
        value           uniform 0.00293887;
    }
    emptyWalls
    {
        type            empty;
    }
}


// ************************************************************************* //
