/*--------------------------------*- C++ -*----------------------------------*\
  =========                 |
  \\      /  F ield         | OpenFOAM: The Open Source CFD Toolbox
   \\    /   O peration     | Website:  https://openfoam.org
    \\  /    A nd           | Version:  9
     \\/     M anipulation  |
\*---------------------------------------------------------------------------*/
FoamFile
{
    format      ascii;
    class       volScalarField;
    location    "3.3";
    object      Sc;
}
// * * * * * * * * * * * * * * * * * * * * * * * * * * * * * * * * * * * * * //

dimensions      [0 0 0 0 0 0 0];

internalField   nonuniform List<scalar> 
1000
(
0.00455653
0.00729486
0.00978999
0.012153
0.0144236
0.0166215
0.0187582
0.0208414
0.0228765
0.0248676
0.0268179
0.0287303
0.0306068
0.0324495
0.03426
0.0360398
0.0377903
0.0395127
0.0412081
0.0428775
0.044522
0.0461422
0.0477392
0.0493136
0.0508663
0.0523978
0.0539088
0.0554
0.0568718
0.058325
0.0597599
0.0611772
0.0625772
0.0639604
0.0653273
0.0666783
0.0680138
0.0693342
0.0706399
0.0719311
0.0732083
0.0744718
0.0757218
0.0769588
0.078183
0.0793947
0.0805941
0.0817816
0.0829573
0.0841216
0.0852747
0.0864168
0.0875481
0.0886689
0.0897793
0.0908797
0.0919701
0.0930507
0.0941219
0.0951836
0.0962362
0.0972798
0.0983145
0.0993405
0.100358
0.101367
0.102368
0.103361
0.104346
0.105323
0.106293
0.107255
0.108209
0.109156
0.110096
0.11103
0.111956
0.112875
0.113788
0.114694
0.115594
0.116487
0.117374
0.118255
0.119129
0.119998
0.120861
0.121718
0.122569
0.123415
0.124255
0.12509
0.125919
0.126743
0.127561
0.128375
0.129183
0.129987
0.130785
0.131579
0.132368
0.133152
0.133931
0.134706
0.135477
0.136242
0.137004
0.137761
0.138513
0.139262
0.140006
0.140746
0.141482
0.142214
0.142942
0.143666
0.144387
0.145103
0.145816
0.146525
0.14723
0.147931
0.148629
0.149324
0.150015
0.150702
0.151386
0.152067
0.152745
0.153419
0.154089
0.154757
0.155421
0.156083
0.156741
0.157396
0.158048
0.158697
0.159343
0.159987
0.160627
0.161265
0.161899
0.162531
0.16316
0.163787
0.16441
0.165031
0.16565
0.166266
0.166879
0.16749
0.168098
0.168704
0.169307
0.169908
0.170507
0.171103
0.171697
0.172288
0.172877
0.173464
0.174049
0.174631
0.175212
0.17579
0.176366
0.17694
0.177512
0.178082
0.17865
0.179216
0.17978
0.180342
0.180902
0.18146
0.182016
0.18257
0.183123
0.183674
0.184223
0.18477
0.185316
0.18586
0.186402
0.186943
0.187482
0.188019
0.188555
0.189089
0.189622
0.190153
0.190683
0.191211
0.191738
0.192264
0.192788
0.193311
0.193833
0.194354
0.194873
0.195391
0.195908
0.196424
0.196939
0.197452
0.197965
0.198477
0.198988
0.199498
0.200007
0.200516
0.201024
0.201531
0.202038
0.202544
0.20305
0.203555
0.20406
0.204565
0.20507
0.205575
0.206079
0.206584
0.20709
0.207596
0.208102
0.208609
0.209118
0.209627
0.210138
0.21065
0.211164
0.21168
0.212199
0.212721
0.213245
0.213774
0.214306
0.214844
0.215387
0.215936
0.216492
0.217056
0.217629
0.218213
0.218809
0.219419
0.220045
0.22069
0.221357
0.22205
0.222774
0.223534
0.224338
0.225196
0.226118
0.227122
0.228228
0.229465
0.230873
0.23251
0.234463
0.236866
0.239944
0.244093
0.250089
0.25968
0.277664
0.323223
0.459383
0.465092
0.466486
0.466772
0.467364
0.468193
0.468794
0.468853
0.468337
0.467464
0.466578
0.465955
0.465696
0.465747
0.465995
0.466332
0.466676
0.466967
0.467166
0.467256
0.467239
0.467137
0.466986
0.466829
0.466703
0.466628
0.46661
0.46664
0.466701
0.466773
0.46684
0.46689
0.466915
0.466916
0.466898
0.466868
0.466835
0.466808
0.46679
0.466784
0.466788
0.4668
0.466816
0.466832
0.466844
0.466852
0.466854
0.466852
0.466847
0.466841
0.466836
0.466832
0.466831
0.466833
0.466836
0.466841
0.466845
0.46685
0.466854
0.466856
0.466858
0.466859
0.46686
0.466861
0.466862
0.466864
0.466866
0.466868
0.466871
0.466874
0.466877
0.466879
0.466881
0.466883
0.466884
0.466885
0.466886
0.466887
0.466887
0.466888
0.466889
0.46689
0.466891
0.466892
0.466893
0.466894
0.466895
0.466896
0.466897
0.466898
0.466899
0.4669
0.466902
0.466903
0.466905
0.466906
0.466908
0.46691
0.466912
0.466913
0.466915
0.466917
0.466919
0.46692
0.466922
0.466924
0.466926
0.466927
0.466929
0.466931
0.466932
0.466934
0.466935
0.466937
0.466939
0.46694
0.466942
0.466944
0.466945
0.466947
0.466949
0.466951
0.466953
0.466954
0.466956
0.466958
0.46696
0.466962
0.466964
0.466966
0.466968
0.46697
0.466972
0.466974
0.466976
0.466978
0.46698
0.466982
0.466983
0.466985
0.466987
0.466989
0.46699
0.466992
0.466994
0.466995
0.466997
0.466999
0.467
0.467002
0.467004
0.467005
0.467007
0.467008
0.46701
0.467012
0.467013
0.467015
0.467017
0.467019
0.467021
0.467022
0.467024
0.467026
0.467028
0.46703
0.467032
0.467034
0.467036
0.467038
0.46704
0.467042
0.467045
0.467055
0.4671
0.467351
0.468769
0.476519
0.509529
0.559481
0.570334
0.570451
0.570451
0.570452
0.570452
0.570452
0.570452
0.570452
0.570452
0.570452
0.570452
0.570452
0.570452
0.570452
0.570452
0.570452
0.570452
0.570452
0.570452
0.570452
0.570452
0.570452
0.570452
0.570452
0.570452
0.570452
0.570452
0.570453
0.570453
0.570453
0.570453
0.570453
0.570453
0.570453
0.570453
0.570453
0.570453
0.570453
0.570453
0.570453
0.570453
0.570453
0.570453
0.570453
0.570453
0.570453
0.570453
0.570453
0.570453
0.570453
0.570453
0.570453
0.570453
0.570453
0.570453
0.570453
0.570454
0.570454
0.570454
0.570454
0.570454
0.570454
0.570454
0.570454
0.570454
0.570455
0.570455
0.570455
0.570455
0.570455
0.570456
0.570456
0.570456
0.570456
0.570456
0.570457
0.570457
0.570457
0.570457
0.570458
0.570458
0.570458
0.570458
0.570458
0.570459
0.570459
0.570459
0.570459
0.570459
0.570459
0.570459
0.570459
0.570459
0.570459
0.570459
0.570459
0.570459
0.570458
0.570458
0.570458
0.570458
0.570458
0.570458
0.570458
0.570458
0.570458
0.570458
0.570458
0.570458
0.570458
0.570458
0.570458
0.570458
0.570458
0.570458
0.570458
0.570458
0.570459
0.570459
0.570459
0.570459
0.57046
0.57046
0.57046
0.570461
0.570461
0.570461
0.570462
0.570462
0.570462
0.570462
0.570463
0.570463
0.570463
0.570463
0.570464
0.570464
0.570464
0.570464
0.570464
0.570464
0.570464
0.570465
0.570465
0.570465
0.570465
0.570465
0.570465
0.570465
0.570465
0.570465
0.570464
0.570464
0.570464
0.570464
0.570464
0.570464
0.570464
0.570464
0.570464
0.570464
0.570464
0.570465
0.570465
0.570465
0.570465
0.570465
0.570465
0.570465
0.570465
0.570465
0.570465
0.570465
0.570465
0.570465
0.570465
0.570465
0.570465
0.570466
0.570466
0.570466
0.570466
0.570466
0.570466
0.570466
0.570466
0.570466
0.570466
0.570466
0.570466
0.570466
0.570466
0.570466
0.570466
0.570466
0.570467
0.570467
0.570467
0.570467
0.570467
0.570467
0.570468
0.570468
0.570468
0.570468
0.570468
0.570469
0.570469
0.570469
0.570469
0.57047
0.57047
0.57047
0.57047
0.570471
0.570471
0.570471
0.570471
0.570471
0.570471
0.570472
0.570472
0.570472
0.570472
0.570472
0.570472
0.570472
0.570472
0.570472
0.570472
0.570472
0.570472
0.570472
0.570472
0.570472
0.570472
0.570471
0.570471
0.570471
0.57048
0.570919
0.599489
0.883782
0.9
0.9
0.9
0.9
0.9
0.9
0.9
0.9
0.9
0.9
0.9
0.9
0.9
0.9
0.9
0.9
0.9
0.9
0.9
0.9
0.9
0.9
0.9
0.9
0.9
0.9
0.9
0.9
0.9
0.9
0.9
0.9
0.9
0.9
0.9
0.9
0.9
0.9
0.9
0.9
0.9
0.9
0.9
0.9
0.9
0.9
0.9
0.9
0.9
0.9
0.9
0.9
0.9
0.9
0.9
0.9
0.9
0.9
0.9
0.9
0.9
0.9
0.9
0.9
0.9
0.9
0.9
0.9
0.9
0.9
0.9
0.9
0.9
0.9
0.9
0.9
0.9
0.9
0.9
0.9
0.9
0.9
0.9
0.9
0.9
0.9
0.9
0.9
0.9
0.9
0.9
0.9
0.9
0.9
0.9
0.9
0.9
0.9
0.9
0.9
0.9
0.9
0.9
0.9
0.9
0.9
0.9
0.9
0.9
0.9
0.9
0.9
0.9
0.9
0.9
0.9
0.9
0.9
0.9
0.9
0.9
0.9
0.9
0.9
0.9
0.9
0.9
0.9
0.9
0.9
0.9
0.9
0.9
0.9
0.9
0.9
0.9
0.9
0.9
0.9
0.9
0.9
0.9
0.9
0.9
0.9
0.9
0.9
0.9
0.9
0.9
0.9
0.9
0.9
0.9
0.9
0.9
0.9
0.9
0.9
0.9
0.9
0.9
0.9
0.9
0.9
0.9
0.9
0.9
0.9
0.9
0.9
0.9
0.9
0.9
0.9
0.9
0.9
0.9
0.9
0.9
0.9
0.9
0.9
0.9
0.9
0.9
0.9
0.9
0.9
0.9
0.9
0.9
0.9
0.9
0.9
0.9
0.9
0.9
0.9
0.9
0.9
0.9
0.9
0.9
0.9
0.9
0.9
0.9
0.9
0.9
0.9
0.9
0.9
0.9
0.9
0.9
0.9
0.9
0.9
0.9
0.9
0.9
0.9
0.9
0.9
0.9
0.9
0.9
0.9
0.9
0.9
0.9
0.9
0.9
0.9
0.9
0.9
0.9
0.9
0.9
0.9
0.9
0.9
0.9
0.9
0.9
0.9
0.9
0.9
0.9
0.9
0.9
0.9
0.9
0.9
0.9
0.9
0.9
0.9
0.9
0.9
0.9
0.9
0.9
0.9
0.9
0.9
0.9
0.9
0.9
0.9
0.9
0.9
0.9
0.9
0.9
0.9
0.9
0.9
0.9
0.9
0.9
0.9
0.9
0.9
0.9
0.9
0.9
0.9
0.9
0.9
0.9
0.9
0.9
0.9
0.9
0.9
0.9
0.9
0.9
0.9
0.9
0.9
0.9
0.9
0.9
)
;

boundaryField
{
    inlet
    {
        type            calculated;
        value           uniform 0;
    }
    outlet
    {
        type            calculated;
        value           uniform 0.9;
    }
    emptyWalls
    {
        type            empty;
    }
}


// ************************************************************************* //
