/*--------------------------------*- C++ -*----------------------------------*\
  =========                 |
  \\      /  F ield         | OpenFOAM: The Open Source CFD Toolbox
   \\    /   O peration     | Website:  https://openfoam.org
    \\  /    A nd           | Version:  9
     \\/     M anipulation  |
\*---------------------------------------------------------------------------*/
FoamFile
{
    format      ascii;
    class       volVectorField;
    location    "6.7";
    object      Ub;
}
// * * * * * * * * * * * * * * * * * * * * * * * * * * * * * * * * * * * * * //

dimensions      [0 0 0 0 0 0 0];

internalField   nonuniform List<vector> 
1000
(
(0.290578 0 0)
(0.290576 0 0)
(0.290572 0 0)
(0.290567 0 0)
(0.290562 0 0)
(0.290556 0 0)
(0.290548 0 0)
(0.29054 0 0)
(0.290531 0 0)
(0.290521 0 0)
(0.290511 0 0)
(0.290499 0 0)
(0.290487 0 0)
(0.290474 0 0)
(0.29046 0 0)
(0.290446 0 0)
(0.290431 0 0)
(0.290415 0 0)
(0.290398 0 0)
(0.290381 0 0)
(0.290363 0 0)
(0.290345 0 0)
(0.290325 0 0)
(0.290306 0 0)
(0.290285 0 0)
(0.290264 0 0)
(0.290242 0 0)
(0.29022 0 0)
(0.290197 0 0)
(0.290174 0 0)
(0.29015 0 0)
(0.290125 0 0)
(0.2901 0 0)
(0.290074 0 0)
(0.290048 0 0)
(0.290021 0 0)
(0.289994 0 0)
(0.289966 0 0)
(0.289938 0 0)
(0.289909 0 0)
(0.28988 0 0)
(0.28985 0 0)
(0.28982 0 0)
(0.28979 0 0)
(0.289758 0 0)
(0.289727 0 0)
(0.289695 0 0)
(0.289662 0 0)
(0.289629 0 0)
(0.289596 0 0)
(0.289562 0 0)
(0.289528 0 0)
(0.289493 0 0)
(0.289458 0 0)
(0.289422 0 0)
(0.289386 0 0)
(0.28935 0 0)
(0.289313 0 0)
(0.289276 0 0)
(0.289238 0 0)
(0.2892 0 0)
(0.289162 0 0)
(0.289123 0 0)
(0.289084 0 0)
(0.289045 0 0)
(0.289005 0 0)
(0.288965 0 0)
(0.288925 0 0)
(0.288884 0 0)
(0.288842 0 0)
(0.288801 0 0)
(0.288759 0 0)
(0.288717 0 0)
(0.288674 0 0)
(0.288631 0 0)
(0.288588 0 0)
(0.288544 0 0)
(0.288501 0 0)
(0.288456 0 0)
(0.288412 0 0)
(0.288367 0 0)
(0.288322 0 0)
(0.288276 0 0)
(0.288231 0 0)
(0.288185 0 0)
(0.288138 0 0)
(0.288092 0 0)
(0.288045 0 0)
(0.287997 0 0)
(0.28795 0 0)
(0.287902 0 0)
(0.287854 0 0)
(0.287805 0 0)
(0.287757 0 0)
(0.287708 0 0)
(0.287659 0 0)
(0.287609 0 0)
(0.287559 0 0)
(0.287509 0 0)
(0.287459 0 0)
(0.287409 0 0)
(0.287358 0 0)
(0.287307 0 0)
(0.287255 0 0)
(0.287204 0 0)
(0.287152 0 0)
(0.2871 0 0)
(0.287048 0 0)
(0.286995 0 0)
(0.286942 0 0)
(0.286889 0 0)
(0.286836 0 0)
(0.286782 0 0)
(0.286728 0 0)
(0.286674 0 0)
(0.28662 0 0)
(0.286566 0 0)
(0.286511 0 0)
(0.286456 0 0)
(0.286401 0 0)
(0.286345 0 0)
(0.28629 0 0)
(0.286234 0 0)
(0.286178 0 0)
(0.286122 0 0)
(0.286065 0 0)
(0.286008 0 0)
(0.285951 0 0)
(0.285894 0 0)
(0.285837 0 0)
(0.285779 0 0)
(0.285722 0 0)
(0.285664 0 0)
(0.285605 0 0)
(0.285547 0 0)
(0.285488 0 0)
(0.28543 0 0)
(0.285371 0 0)
(0.285311 0 0)
(0.285252 0 0)
(0.285192 0 0)
(0.285133 0 0)
(0.285073 0 0)
(0.285012 0 0)
(0.284952 0 0)
(0.284892 0 0)
(0.284831 0 0)
(0.28477 0 0)
(0.284709 0 0)
(0.284647 0 0)
(0.284586 0 0)
(0.284524 0 0)
(0.284462 0 0)
(0.2844 0 0)
(0.284338 0 0)
(0.284275 0 0)
(0.284213 0 0)
(0.28415 0 0)
(0.284087 0 0)
(0.284024 0 0)
(0.283961 0 0)
(0.283897 0 0)
(0.283833 0 0)
(0.28377 0 0)
(0.283706 0 0)
(0.283641 0 0)
(0.283577 0 0)
(0.283513 0 0)
(0.283448 0 0)
(0.283383 0 0)
(0.283318 0 0)
(0.283253 0 0)
(0.283187 0 0)
(0.283122 0 0)
(0.283056 0 0)
(0.28299 0 0)
(0.282924 0 0)
(0.282858 0 0)
(0.282792 0 0)
(0.282725 0 0)
(0.282659 0 0)
(0.282592 0 0)
(0.282525 0 0)
(0.282458 0 0)
(0.28239 0 0)
(0.282323 0 0)
(0.282255 0 0)
(0.282187 0 0)
(0.28212 0 0)
(0.282051 0 0)
(0.281983 0 0)
(0.281915 0 0)
(0.281846 0 0)
(0.281778 0 0)
(0.281709 0 0)
(0.28164 0 0)
(0.281571 0 0)
(0.281501 0 0)
(0.281432 0 0)
(0.281362 0 0)
(0.281293 0 0)
(0.281223 0 0)
(0.281153 0 0)
(0.281083 0 0)
(0.281012 0 0)
(0.280942 0 0)
(0.280871 0 0)
(0.280801 0 0)
(0.28073 0 0)
(0.280659 0 0)
(0.280587 0 0)
(0.280516 0 0)
(0.280445 0 0)
(0.280373 0 0)
(0.280301 0 0)
(0.28023 0 0)
(0.280158 0 0)
(0.280085 0 0)
(0.280013 0 0)
(0.279941 0 0)
(0.279868 0 0)
(0.279795 0 0)
(0.279723 0 0)
(0.27965 0 0)
(0.279577 0 0)
(0.279503 0 0)
(0.27943 0 0)
(0.279357 0 0)
(0.279283 0 0)
(0.279209 0 0)
(0.279135 0 0)
(0.279061 0 0)
(0.278987 0 0)
(0.278913 0 0)
(0.278838 0 0)
(0.278764 0 0)
(0.278689 0 0)
(0.278614 0 0)
(0.278539 0 0)
(0.278464 0 0)
(0.278389 0 0)
(0.278314 0 0)
(0.278238 0 0)
(0.278163 0 0)
(0.278087 0 0)
(0.278011 0 0)
(0.277935 0 0)
(0.277859 0 0)
(0.277783 0 0)
(0.277707 0 0)
(0.27763 0 0)
(0.277554 0 0)
(0.277477 0 0)
(0.2774 0 0)
(0.277323 0 0)
(0.277246 0 0)
(0.277169 0 0)
(0.277091 0 0)
(0.277014 0 0)
(0.276936 0 0)
(0.276859 0 0)
(0.276781 0 0)
(0.276703 0 0)
(0.276625 0 0)
(0.276547 0 0)
(0.276468 0 0)
(0.27639 0 0)
(0.276311 0 0)
(0.276233 0 0)
(0.276154 0 0)
(0.276075 0 0)
(0.275996 0 0)
(0.275917 0 0)
(0.275838 0 0)
(0.275758 0 0)
(0.275679 0 0)
(0.275599 0 0)
(0.275519 0 0)
(0.275439 0 0)
(0.27536 0 0)
(0.275279 0 0)
(0.275199 0 0)
(0.275119 0 0)
(0.275038 0 0)
(0.274958 0 0)
(0.274877 0 0)
(0.274796 0 0)
(0.274715 0 0)
(0.274634 0 0)
(0.274553 0 0)
(0.274472 0 0)
(0.274391 0 0)
(0.274309 0 0)
(0.274227 0 0)
(0.274146 0 0)
(0.274064 0 0)
(0.273982 0 0)
(0.2739 0 0)
(0.273818 0 0)
(0.273735 0 0)
(0.273653 0 0)
(0.27357 0 0)
(0.273488 0 0)
(0.273405 0 0)
(0.273322 0 0)
(0.273239 0 0)
(0.273156 0 0)
(0.273073 0 0)
(0.27299 0 0)
(0.272906 0 0)
(0.272823 0 0)
(0.272739 0 0)
(0.272655 0 0)
(0.272571 0 0)
(0.272487 0 0)
(0.272403 0 0)
(0.272319 0 0)
(0.272234 0 0)
(0.27215 0 0)
(0.272065 0 0)
(0.271981 0 0)
(0.271896 0 0)
(0.271811 0 0)
(0.271726 0 0)
(0.271641 0 0)
(0.271556 0 0)
(0.27147 0 0)
(0.271385 0 0)
(0.271299 0 0)
(0.271213 0 0)
(0.271128 0 0)
(0.271042 0 0)
(0.270956 0 0)
(0.27087 0 0)
(0.270783 0 0)
(0.270697 0 0)
(0.27061 0 0)
(0.270524 0 0)
(0.270437 0 0)
(0.27035 0 0)
(0.270263 0 0)
(0.270176 0 0)
(0.270089 0 0)
(0.270002 0 0)
(0.269915 0 0)
(0.269827 0 0)
(0.269739 0 0)
(0.269652 0 0)
(0.269564 0 0)
(0.269476 0 0)
(0.269388 0 0)
(0.2693 0 0)
(0.269211 0 0)
(0.269123 0 0)
(0.269035 0 0)
(0.268946 0 0)
(0.268857 0 0)
(0.268768 0 0)
(0.268679 0 0)
(0.26859 0 0)
(0.268501 0 0)
(0.268412 0 0)
(0.268322 0 0)
(0.268233 0 0)
(0.268143 0 0)
(0.268054 0 0)
(0.267964 0 0)
(0.267874 0 0)
(0.267784 0 0)
(0.267693 0 0)
(0.267603 0 0)
(0.267513 0 0)
(0.267422 0 0)
(0.267331 0 0)
(0.267241 0 0)
(0.26715 0 0)
(0.267059 0 0)
(0.266968 0 0)
(0.266876 0 0)
(0.266785 0 0)
(0.266694 0 0)
(0.266602 0 0)
(0.26651 0 0)
(0.266418 0 0)
(0.266326 0 0)
(0.266234 0 0)
(0.266142 0 0)
(0.26605 0 0)
(0.265957 0 0)
(0.265865 0 0)
(0.265772 0 0)
(0.265679 0 0)
(0.265587 0 0)
(0.265494 0 0)
(0.2654 0 0)
(0.265307 0 0)
(0.265214 0 0)
(0.26512 0 0)
(0.265027 0 0)
(0.264933 0 0)
(0.264839 0 0)
(0.264745 0 0)
(0.264651 0 0)
(0.264556 0 0)
(0.264462 0 0)
(0.264368 0 0)
(0.264273 0 0)
(0.264178 0 0)
(0.264083 0 0)
(0.263988 0 0)
(0.263893 0 0)
(0.263798 0 0)
(0.263702 0 0)
(0.263607 0 0)
(0.263511 0 0)
(0.263415 0 0)
(0.263319 0 0)
(0.263223 0 0)
(0.263127 0 0)
(0.26303 0 0)
(0.262934 0 0)
(0.262837 0 0)
(0.26274 0 0)
(0.262644 0 0)
(0.262546 0 0)
(0.262449 0 0)
(0.262352 0 0)
(0.262254 0 0)
(0.262157 0 0)
(0.262059 0 0)
(0.261961 0 0)
(0.261863 0 0)
(0.261764 0 0)
(0.261666 0 0)
(0.261567 0 0)
(0.261468 0 0)
(0.261369 0 0)
(0.26127 0 0)
(0.261171 0 0)
(0.261072 0 0)
(0.260972 0 0)
(0.260872 0 0)
(0.260772 0 0)
(0.260672 0 0)
(0.260572 0 0)
(0.260471 0 0)
(0.26037 0 0)
(0.260269 0 0)
(0.260168 0 0)
(0.260067 0 0)
(0.259965 0 0)
(0.259864 0 0)
(0.259762 0 0)
(0.25966 0 0)
(0.259557 0 0)
(0.259455 0 0)
(0.259352 0 0)
(0.259249 0 0)
(0.259145 0 0)
(0.259042 0 0)
(0.258938 0 0)
(0.258834 0 0)
(0.258729 0 0)
(0.258625 0 0)
(0.25852 0 0)
(0.258415 0 0)
(0.258309 0 0)
(0.258203 0 0)
(0.258097 0 0)
(0.257991 0 0)
(0.257884 0 0)
(0.257776 0 0)
(0.257669 0 0)
(0.257561 0 0)
(0.257453 0 0)
(0.257344 0 0)
(0.257235 0 0)
(0.257125 0 0)
(0.257015 0 0)
(0.256904 0 0)
(0.256793 0 0)
(0.256681 0 0)
(0.256569 0 0)
(0.256456 0 0)
(0.256343 0 0)
(0.256229 0 0)
(0.256114 0 0)
(0.255998 0 0)
(0.255882 0 0)
(0.255765 0 0)
(0.255647 0 0)
(0.255528 0 0)
(0.255408 0 0)
(0.255288 0 0)
(0.255166 0 0)
(0.255042 0 0)
(0.254918 0 0)
(0.254792 0 0)
(0.254665 0 0)
(0.254536 0 0)
(0.254406 0 0)
(0.254274 0 0)
(0.254139 0 0)
(0.254003 0 0)
(0.253864 0 0)
(0.253723 0 0)
(0.253579 0 0)
(0.253432 0 0)
(0.253281 0 0)
(0.253127 0 0)
(0.252968 0 0)
(0.252805 0 0)
(0.252637 0 0)
(0.252463 0 0)
(0.252283 0 0)
(0.252095 0 0)
(0.251899 0 0)
(0.251693 0 0)
(0.251476 0 0)
(0.251247 0 0)
(0.251003 0 0)
(0.250741 0 0)
(0.250459 0 0)
(0.250153 0 0)
(0.249816 0 0)
(0.249444 0 0)
(0.249026 0 0)
(0.248551 0 0)
(0.248003 0 0)
(0.247359 0 0)
(0.246585 0 0)
(0.24563 0 0)
(0.244412 0 0)
(0.24279 0 0)
(0.240503 0 0)
(0.237005 0 0)
(0.230921 0 0)
(0.217564 0 0)
(0.178107 0 0)
(0.147542 0 0)
(0.157225 0 0)
(0.17483 0 0)
(0.182061 0 0)
(0.176296 0 0)
(0.164104 0 0)
(0.153035 0 0)
(0.146731 0 0)
(0.144936 0 0)
(0.145994 0 0)
(0.148492 0 0)
(0.151545 0 0)
(0.154601 0 0)
(0.157256 0 0)
(0.15919 0 0)
(0.160174 0 0)
(0.16014 0 0)
(0.159223 0 0)
(0.157751 0 0)
(0.156154 0 0)
(0.154819 0 0)
(0.153989 0 0)
(0.153728 0 0)
(0.153957 0 0)
(0.154516 0 0)
(0.155218 0 0)
(0.155896 0 0)
(0.156424 0 0)
(0.156728 0 0)
(0.156792 0 0)
(0.156652 0 0)
(0.156378 0 0)
(0.156055 0 0)
(0.155762 0 0)
(0.155553 0 0)
(0.155456 0 0)
(0.155467 0 0)
(0.155562 0 0)
(0.155703 0 0)
(0.155854 0 0)
(0.15598 0 0)
(0.156062 0 0)
(0.156092 0 0)
(0.156074 0 0)
(0.156021 0 0)
(0.15595 0 0)
(0.155879 0 0)
(0.155822 0 0)
(0.155787 0 0)
(0.155775 0 0)
(0.155784 0 0)
(0.155806 0 0)
(0.155834 0 0)
(0.155859 0 0)
(0.155877 0 0)
(0.155885 0 0)
(0.155883 0 0)
(0.155872 0 0)
(0.155857 0 0)
(0.155841 0 0)
(0.155827 0 0)
(0.155818 0 0)
(0.155814 0 0)
(0.155815 0 0)
(0.155819 0 0)
(0.155826 0 0)
(0.155832 0 0)
(0.155838 0 0)
(0.155841 0 0)
(0.155841 0 0)
(0.155839 0 0)
(0.155836 0 0)
(0.155832 0 0)
(0.155828 0 0)
(0.155824 0 0)
(0.155821 0 0)
(0.155819 0 0)
(0.155818 0 0)
(0.155817 0 0)
(0.155816 0 0)
(0.155815 0 0)
(0.155814 0 0)
(0.155813 0 0)
(0.155811 0 0)
(0.15581 0 0)
(0.155808 0 0)
(0.155806 0 0)
(0.155805 0 0)
(0.155804 0 0)
(0.155803 0 0)
(0.155803 0 0)
(0.155803 0 0)
(0.155803 0 0)
(0.155803 0 0)
(0.155804 0 0)
(0.155804 0 0)
(0.155804 0 0)
(0.155805 0 0)
(0.155805 0 0)
(0.155805 0 0)
(0.155806 0 0)
(0.155807 0 0)
(0.155807 0 0)
(0.155808 0 0)
(0.155809 0 0)
(0.15581 0 0)
(0.155811 0 0)
(0.155812 0 0)
(0.155813 0 0)
(0.155814 0 0)
(0.155815 0 0)
(0.155815 0 0)
(0.155816 0 0)
(0.155816 0 0)
(0.155816 0 0)
(0.155816 0 0)
(0.155815 0 0)
(0.155814 0 0)
(0.155813 0 0)
(0.155811 0 0)
(0.155809 0 0)
(0.155806 0 0)
(0.155803 0 0)
(0.1558 0 0)
(0.155797 0 0)
(0.155793 0 0)
(0.155789 0 0)
(0.155785 0 0)
(0.155781 0 0)
(0.155777 0 0)
(0.155773 0 0)
(0.155769 0 0)
(0.155765 0 0)
(0.155761 0 0)
(0.155757 0 0)
(0.155753 0 0)
(0.15575 0 0)
(0.155747 0 0)
(0.155743 0 0)
(0.15574 0 0)
(0.155738 0 0)
(0.155735 0 0)
(0.155732 0 0)
(0.15573 0 0)
(0.155728 0 0)
(0.155726 0 0)
(0.155724 0 0)
(0.155722 0 0)
(0.15572 0 0)
(0.155719 0 0)
(0.155717 0 0)
(0.155716 0 0)
(0.155714 0 0)
(0.155713 0 0)
(0.155712 0 0)
(0.155711 0 0)
(0.155709 0 0)
(0.155708 0 0)
(0.155707 0 0)
(0.155706 0 0)
(0.155705 0 0)
(0.155704 0 0)
(0.155703 0 0)
(0.155702 0 0)
(0.155701 0 0)
(0.1557 0 0)
(0.155699 0 0)
(0.155697 0 0)
(0.155696 0 0)
(0.155695 0 0)
(0.155694 0 0)
(0.155693 0 0)
(0.155691 0 0)
(0.15569 0 0)
(0.155688 0 0)
(0.155687 0 0)
(0.155685 0 0)
(0.155684 0 0)
(0.155682 0 0)
(0.155681 0 0)
(0.155679 0 0)
(0.155677 0 0)
(0.155676 0 0)
(0.155674 0 0)
(0.155672 0 0)
(0.15567 0 0)
(0.155669 0 0)
(0.155667 0 0)
(0.155665 0 0)
(0.155663 0 0)
(0.155661 0 0)
(0.15566 0 0)
(0.155658 0 0)
(0.155656 0 0)
(0.155654 0 0)
(0.155653 0 0)
(0.155651 0 0)
(0.155649 0 0)
(0.155647 0 0)
(0.155646 0 0)
(0.155644 0 0)
(0.155642 0 0)
(0.155641 0 0)
(0.155639 0 0)
(0.155638 0 0)
(0.155636 0 0)
(0.155635 0 0)
(0.155633 0 0)
(0.155632 0 0)
(0.15563 0 0)
(0.155629 0 0)
(0.155627 0 0)
(0.155626 0 0)
(0.155625 0 0)
(0.155623 0 0)
(0.155622 0 0)
(0.155621 0 0)
(0.15562 0 0)
(0.155618 0 0)
(0.155617 0 0)
(0.155616 0 0)
(0.155615 0 0)
(0.155614 0 0)
(0.155613 0 0)
(0.155612 0 0)
(0.155611 0 0)
(0.15561 0 0)
(0.155609 0 0)
(0.155608 0 0)
(0.155607 0 0)
(0.155606 0 0)
(0.155605 0 0)
(0.155604 0 0)
(0.155603 0 0)
(0.155602 0 0)
(0.155601 0 0)
(0.1556 0 0)
(0.155599 0 0)
(0.155599 0 0)
(0.155598 0 0)
(0.155597 0 0)
(0.155596 0 0)
(0.155595 0 0)
(0.155594 0 0)
(0.155593 0 0)
(0.155593 0 0)
(0.155592 0 0)
(0.155591 0 0)
(0.15559 0 0)
(0.155589 0 0)
(0.155588 0 0)
(0.155588 0 0)
(0.155587 0 0)
(0.155586 0 0)
(0.155585 0 0)
(0.155585 0 0)
(0.155584 0 0)
(0.155583 0 0)
(0.155582 0 0)
(0.155581 0 0)
(0.155581 0 0)
(0.15558 0 0)
(0.155579 0 0)
(0.155578 0 0)
(0.155577 0 0)
(0.155576 0 0)
(0.155575 0 0)
(0.155574 0 0)
(0.155573 0 0)
(0.155572 0 0)
(0.155571 0 0)
(0.15557 0 0)
(0.155568 0 0)
(0.155567 0 0)
(0.155565 0 0)
(0.155564 0 0)
(0.155562 0 0)
(0.15556 0 0)
(0.155559 0 0)
(0.155557 0 0)
(0.155555 0 0)
(0.155553 0 0)
(0.15555 0 0)
(0.155548 0 0)
(0.155546 0 0)
(0.155543 0 0)
(0.155541 0 0)
(0.155538 0 0)
(0.155536 0 0)
(0.155533 0 0)
(0.155531 0 0)
(0.155528 0 0)
(0.155525 0 0)
(0.155523 0 0)
(0.15552 0 0)
(0.155517 0 0)
(0.155514 0 0)
(0.155512 0 0)
(0.155509 0 0)
(0.155507 0 0)
(0.155504 0 0)
(0.155501 0 0)
(0.155499 0 0)
(0.155496 0 0)
(0.155494 0 0)
(0.155492 0 0)
(0.155489 0 0)
(0.155487 0 0)
(0.155485 0 0)
(0.155482 0 0)
(0.15548 0 0)
(0.155478 0 0)
(0.155476 0 0)
(0.155474 0 0)
(0.155472 0 0)
(0.15547 0 0)
(0.155468 0 0)
(0.155466 0 0)
(0.155464 0 0)
(0.155462 0 0)
(0.15546 0 0)
(0.155458 0 0)
(0.155456 0 0)
(0.155455 0 0)
(0.155453 0 0)
(0.155451 0 0)
(0.155449 0 0)
(0.155448 0 0)
(0.155446 0 0)
(0.155444 0 0)
(0.155443 0 0)
(0.155441 0 0)
(0.155439 0 0)
(0.155438 0 0)
(0.155436 0 0)
(0.155435 0 0)
(0.155433 0 0)
(0.155432 0 0)
(0.15543 0 0)
(0.155429 0 0)
(0.155428 0 0)
(0.155426 0 0)
(0.155425 0 0)
(0.155424 0 0)
(0.155422 0 0)
(0.155421 0 0)
(0.15542 0 0)
(0.155419 0 0)
(0.155418 0 0)
(0.155416 0 0)
(0.155415 0 0)
(0.155414 0 0)
(0.155413 0 0)
(0.155412 0 0)
(0.155411 0 0)
(0.15541 0 0)
(0.155409 0 0)
(0.155408 0 0)
(0.155407 0 0)
(0.155406 0 0)
(0.155405 0 0)
(0.155404 0 0)
(0.155403 0 0)
(0.155402 0 0)
(0.155401 0 0)
(0.1554 0 0)
(0.155399 0 0)
(0.155398 0 0)
(0.155397 0 0)
(0.155395 0 0)
(0.15539 0 0)
(0.155368 0 0)
(0.155247 0 0)
(0.154569 0 0)
(0.150763 0 0)
(0.130735 0 0)
(0.0699403 0 0)
(0.0130642 0 0)
(9.30012e-05 0 0)
(9.05534e-10 0 0)
(1.84017e-20 0 0)
(0 0 0)
(0 0 0)
(0 0 0)
(0 0 0)
(0 0 0)
(0 0 0)
(0 0 0)
(0 0 0)
(0 0 0)
(0 0 0)
(0 0 0)
(0 0 0)
(0 0 0)
(0 0 0)
(0 0 0)
(0 0 0)
(0 0 0)
(0 0 0)
(0 0 0)
(0 0 0)
(0 0 0)
(0 0 0)
(0 0 0)
(0 0 0)
(0 0 0)
(0 0 0)
(0 0 0)
(0 0 0)
(0 0 0)
(0 0 0)
(0 0 0)
(0 0 0)
(0 0 0)
(0 0 0)
(0 0 0)
(0 0 0)
(0 0 0)
(0 0 0)
(0 0 0)
(0 0 0)
(0 0 0)
(0 0 0)
(0 0 0)
(0 0 0)
(0 0 0)
(0 0 0)
(0 0 0)
(0 0 0)
(0 0 0)
(0 0 0)
(0 0 0)
(0 0 0)
(0 0 0)
(0 0 0)
(0 0 0)
(0 0 0)
(0 0 0)
(0 0 0)
(0 0 0)
(0 0 0)
(0 0 0)
(0 0 0)
(0 0 0)
(0 0 0)
(0 0 0)
(0 0 0)
(0 0 0)
(0 0 0)
(0 0 0)
(0 0 0)
(0 0 0)
(0 0 0)
(0 0 0)
(0 0 0)
(0 0 0)
(0 0 0)
(0 0 0)
(0 0 0)
(0 0 0)
(0 0 0)
)
;

boundaryField
{
    inlet
    {
        type            fractionalVelocity;
        U               1((1 0 0));
        fractionalFlow  Fb;
        value           uniform (0.290579 0 0);
    }
    outlet
    {
        type            zeroGradient;
    }
    emptyWalls
    {
        type            empty;
    }
}


// ************************************************************************* //
