/*--------------------------------*- C++ -*----------------------------------*\
  =========                 |
  \\      /  F ield         | OpenFOAM: The Open Source CFD Toolbox
   \\    /   O peration     | Website:  https://openfoam.org
    \\  /    A nd           | Version:  9
     \\/     M anipulation  |
\*---------------------------------------------------------------------------*/
FoamFile
{
    format      ascii;
    class       volScalarField;
    location    "17.3";
    object      Sa;
}
// * * * * * * * * * * * * * * * * * * * * * * * * * * * * * * * * * * * * * //

dimensions      [0 0 0 0 0 0 0];

internalField   nonuniform List<scalar> 
1000
(
0.499648
0.499432
0.499232
0.49904
0.498852
0.498668
0.498486
0.498306
0.498128
0.497952
0.497777
0.497603
0.497431
0.49726
0.497089
0.49692
0.496752
0.496585
0.496418
0.496253
0.496088
0.495924
0.495761
0.495599
0.495437
0.495276
0.495116
0.494957
0.494798
0.49464
0.494483
0.494326
0.49417
0.494015
0.49386
0.493706
0.493553
0.4934
0.493248
0.493096
0.492945
0.492795
0.492645
0.492496
0.492347
0.492199
0.492052
0.491905
0.491759
0.491613
0.491468
0.491323
0.491179
0.491035
0.490892
0.490749
0.490607
0.490465
0.490324
0.490184
0.490043
0.489904
0.489765
0.489626
0.489488
0.48935
0.489213
0.489076
0.48894
0.488804
0.488669
0.488534
0.4884
0.488266
0.488132
0.487999
0.487866
0.487734
0.487602
0.487471
0.48734
0.487209
0.487079
0.48695
0.48682
0.486692
0.486563
0.486435
0.486308
0.48618
0.486054
0.485927
0.485801
0.485675
0.48555
0.485425
0.485301
0.485177
0.485053
0.48493
0.484807
0.484684
0.484562
0.48444
0.484319
0.484198
0.484077
0.483957
0.483836
0.483717
0.483597
0.483478
0.48336
0.483242
0.483124
0.483006
0.482889
0.482772
0.482655
0.482539
0.482423
0.482307
0.482192
0.482077
0.481963
0.481848
0.481734
0.481621
0.481507
0.481394
0.481282
0.481169
0.481057
0.480945
0.480834
0.480723
0.480612
0.480501
0.480391
0.480281
0.480171
0.480062
0.479953
0.479844
0.479735
0.479627
0.479519
0.479412
0.479304
0.479197
0.47909
0.478984
0.478878
0.478772
0.478666
0.47856
0.478455
0.47835
0.478246
0.478141
0.478037
0.477933
0.47783
0.477727
0.477624
0.477521
0.477418
0.477316
0.477214
0.477112
0.477011
0.476909
0.476808
0.476708
0.476607
0.476507
0.476407
0.476307
0.476208
0.476108
0.476009
0.47591
0.475812
0.475714
0.475615
0.475518
0.47542
0.475323
0.475225
0.475128
0.475032
0.474935
0.474839
0.474743
0.474647
0.474552
0.474456
0.474361
0.474266
0.474171
0.474077
0.473983
0.473889
0.473795
0.473701
0.473608
0.473515
0.473422
0.473329
0.473236
0.473144
0.473052
0.47296
0.472868
0.472777
0.472685
0.472594
0.472503
0.472413
0.472322
0.472232
0.472142
0.472052
0.471962
0.471872
0.471783
0.471694
0.471605
0.471516
0.471428
0.471339
0.471251
0.471163
0.471075
0.470988
0.4709
0.470813
0.470726
0.470639
0.470552
0.470466
0.47038
0.470293
0.470207
0.470122
0.470036
0.469951
0.469865
0.46978
0.469695
0.469611
0.469526
0.469442
0.469358
0.469274
0.46919
0.469106
0.469022
0.468939
0.468856
0.468773
0.46869
0.468607
0.468525
0.468443
0.46836
0.468278
0.468197
0.468115
0.468033
0.467952
0.467871
0.46779
0.467709
0.467628
0.467548
0.467467
0.467387
0.467307
0.467227
0.467147
0.467067
0.466988
0.466909
0.466829
0.46675
0.466672
0.466593
0.466514
0.466436
0.466358
0.466279
0.466202
0.466124
0.466046
0.465968
0.465891
0.465814
0.465737
0.46566
0.465583
0.465506
0.46543
0.465353
0.465277
0.465201
0.465125
0.465049
0.464974
0.464898
0.464823
0.464748
0.464672
0.464597
0.464523
0.464448
0.464373
0.464299
0.464225
0.46415
0.464076
0.464002
0.463929
0.463855
0.463782
0.463708
0.463635
0.463562
0.463489
0.463416
0.463343
0.463271
0.463198
0.463126
0.463054
0.462981
0.46291
0.462838
0.462766
0.462694
0.462623
0.462552
0.46248
0.462409
0.462338
0.462267
0.462197
0.462126
0.462056
0.461985
0.461915
0.461845
0.461775
0.461705
0.461635
0.461566
0.461496
0.461427
0.461357
0.461288
0.461219
0.46115
0.461081
0.461013
0.460944
0.460875
0.460807
0.460739
0.460671
0.460603
0.460535
0.460467
0.460399
0.460332
0.460264
0.460197
0.460129
0.460062
0.459995
0.459928
0.459862
0.459795
0.459728
0.459662
0.459595
0.459529
0.459463
0.459397
0.459331
0.459265
0.459199
0.459134
0.459068
0.459003
0.458937
0.458872
0.458807
0.458742
0.458677
0.458612
0.458547
0.458483
0.458418
0.458354
0.458289
0.458225
0.458161
0.458097
0.458033
0.457969
0.457906
0.457842
0.457778
0.457715
0.457652
0.457588
0.457525
0.457462
0.457399
0.457337
0.457274
0.457211
0.457149
0.457086
0.457024
0.456961
0.456899
0.456837
0.456775
0.456713
0.456651
0.45659
0.456528
0.456467
0.456405
0.456344
0.456282
0.456221
0.45616
0.456099
0.456038
0.455978
0.455917
0.455856
0.455796
0.455735
0.455675
0.455615
0.455554
0.455494
0.455434
0.455374
0.455315
0.455255
0.455195
0.455136
0.455076
0.455017
0.454957
0.454898
0.454839
0.45478
0.454721
0.454662
0.454603
0.454544
0.454486
0.454427
0.454369
0.45431
0.454252
0.454194
0.454136
0.454078
0.45402
0.453962
0.453904
0.453846
0.453788
0.453731
0.453673
0.453616
0.453559
0.453501
0.453444
0.453387
0.45333
0.453273
0.453216
0.453159
0.453103
0.453046
0.452989
0.452933
0.452877
0.45282
0.452764
0.452708
0.452652
0.452596
0.45254
0.452484
0.452428
0.452372
0.452317
0.452261
0.452206
0.45215
0.452095
0.45204
0.451984
0.451929
0.451874
0.451819
0.451764
0.45171
0.451655
0.4516
0.451546
0.451491
0.451437
0.451382
0.451328
0.451274
0.451219
0.451165
0.451111
0.451057
0.451003
0.450949
0.450896
0.450842
0.450788
0.450735
0.450681
0.450628
0.450575
0.450521
0.450468
0.450415
0.450362
0.450309
0.450256
0.450203
0.45015
0.450098
0.450045
0.449992
0.44994
0.449887
0.449835
0.449783
0.44973
0.449678
0.449626
0.449574
0.449522
0.44947
0.449418
0.449366
0.449315
0.449263
0.449211
0.44916
0.449108
0.449057
0.449005
0.448954
0.448903
0.448852
0.448801
0.44875
0.448699
0.448648
0.448597
0.448546
0.448495
0.448445
0.448394
0.448344
0.448293
0.448243
0.448192
0.448142
0.448092
0.448042
0.447991
0.447941
0.447891
0.447841
0.447792
0.447742
0.447692
0.447642
0.447593
0.447543
0.447494
0.447444
0.447395
0.447345
0.447296
0.447247
0.447198
0.447149
0.4471
0.447051
0.447002
0.446953
0.446904
0.446855
0.446806
0.446758
0.446709
0.446661
0.446612
0.446564
0.446515
0.446467
0.446419
0.446371
0.446323
0.446275
0.446226
0.446179
0.446131
0.446083
0.446035
0.445987
0.445939
0.445892
0.445844
0.445797
0.445749
0.445702
0.445654
0.445607
0.44556
0.445513
0.445466
0.445418
0.445371
0.445324
0.445277
0.445231
0.445184
0.445137
0.44509
0.445044
0.444997
0.44495
0.444904
0.444857
0.444811
0.444765
0.444718
0.444672
0.444626
0.44458
0.444534
0.444487
0.444441
0.444396
0.44435
0.444304
0.444258
0.444212
0.444167
0.444121
0.444075
0.44403
0.443984
0.443939
0.443893
0.443848
0.443803
0.443757
0.443712
0.443667
0.443622
0.443577
0.443532
0.443487
0.443442
0.443397
0.443352
0.443308
0.443263
0.443218
0.443174
0.443129
0.443084
0.44304
0.442996
0.442951
0.442907
0.442863
0.442818
0.442774
0.44273
0.442686
0.442642
0.442598
0.442554
0.44251
0.442466
0.442422
0.442378
0.442335
0.442291
0.442247
0.442204
0.44216
0.442117
0.442073
0.44203
0.441986
0.441943
0.4419
0.441857
0.441813
0.44177
0.441727
0.441684
0.441641
0.441598
0.441555
0.441512
0.44147
0.441427
0.441384
0.441341
0.441299
0.441256
0.441213
0.441171
0.441128
0.441086
0.441044
0.441001
0.440959
0.440917
0.440874
0.440832
0.44079
0.440748
0.440706
0.440664
0.440622
0.44058
0.440538
0.440496
0.440454
0.440413
0.440371
0.440329
0.440288
0.440246
0.440204
0.440163
0.440121
0.44008
0.440039
0.439997
0.439956
0.439915
0.439873
0.439832
0.439791
0.43975
0.439709
0.439668
0.439627
0.439586
0.439545
0.439504
0.439463
0.439423
0.439382
0.439341
0.4393
0.43926
0.439219
0.439179
0.439138
0.439098
0.439057
0.439017
0.438977
0.438936
0.438896
0.438856
0.438815
0.438775
0.438735
0.438695
0.438655
0.438615
0.438575
0.438535
0.438495
0.438455
0.438416
0.438376
0.438336
0.438296
0.438257
0.438217
0.438177
0.438138
0.438098
0.438059
0.438019
0.43798
0.437941
0.437901
0.437862
0.437823
0.437783
0.437744
0.437705
0.437666
0.437627
0.437588
0.437549
0.43751
0.437471
0.437432
0.437393
0.437354
0.437316
0.437277
0.437238
0.437199
0.437161
0.437122
0.437084
0.437045
0.437006
0.436968
0.43693
0.436891
0.436853
0.436814
0.436776
0.436738
0.4367
0.436661
0.436623
0.436585
0.436547
0.436509
0.436471
0.436433
0.436395
0.436357
0.436319
0.436281
0.436244
0.436206
0.436168
0.43613
0.436093
0.436055
0.436017
0.43598
0.435942
0.435905
0.435867
0.43583
0.435792
0.435755
0.435718
0.43568
0.435643
0.435606
0.435568
0.435531
0.435494
0.435457
0.43542
0.435383
0.435346
0.435309
0.435272
0.435235
0.435198
0.435161
0.435124
0.435087
0.435051
0.435014
0.434977
0.434941
0.434904
0.434867
0.434831
0.434794
0.434758
0.434721
0.434685
0.434648
0.434612
0.434576
0.434539
0.434503
0.434467
0.43443
0.434394
0.434358
0.434322
0.434286
0.43425
0.434214
0.434178
0.434142
0.434106
0.43407
0.434034
0.433998
0.433962
0.433926
0.43389
0.433855
0.433819
0.433783
0.433748
0.433712
0.433676
0.433641
0.433605
0.43357
0.433534
0.433499
0.433463
0.433428
0.433393
0.433357
0.433322
0.433287
0.433251
0.433216
0.433181
0.433146
0.433111
0.433076
0.43304
0.433005
0.43297
0.432935
0.4329
0.432865
0.432831
0.432796
0.432761
0.432726
0.432691
0.432656
0.432622
0.432587
0.432552
0.432518
0.432483
0.432448
0.432414
0.432379
0.432345
0.43231
0.432276
0.432241
0.432207
0.432173
0.432138
0.432104
0.43207
0.432035
0.432001
0.431967
0.431933
0.431898
0.431864
0.43183
0.431796
0.431762
0.431728
0.431694
0.43166
0.431626
0.431592
0.431558
0.431524
0.431491
0.431457
0.431423
0.431389
0.431355
0.431322
0.431288
0.431254
0.431221
0.431187
)
;

boundaryField
{
    inlet
    {
        type            fixedValue;
        value           uniform 0.5;
    }
    outlet
    {
        type            zeroGradient;
    }
    emptyWalls
    {
        type            empty;
    }
}


// ************************************************************************* //
