/*--------------------------------*- C++ -*----------------------------------*\
  =========                 |
  \\      /  F ield         | OpenFOAM: The Open Source CFD Toolbox
   \\    /   O peration     | Website:  https://openfoam.org
    \\  /    A nd           | Version:  9
     \\/     M anipulation  |
\*---------------------------------------------------------------------------*/
FoamFile
{
    format      ascii;
    class       volVectorField;
    location    "975";
    object      Ub;
}
// * * * * * * * * * * * * * * * * * * * * * * * * * * * * * * * * * * * * * //

dimensions      [0 0 0 0 0 0 0];

internalField   nonuniform List<vector> 
100
(
(0 0 1.61031e-05)
(0 0 1.60784e-05)
(0 0 1.60294e-05)
(0 0 1.59811e-05)
(0 0 1.59336e-05)
(0 0 1.5887e-05)
(0 0 1.58415e-05)
(0 0 1.5797e-05)
(0 0 1.57535e-05)
(0 0 1.5711e-05)
(0 0 1.56693e-05)
(0 0 1.56284e-05)
(0 0 1.55882e-05)
(0 0 1.55487e-05)
(0 0 1.55098e-05)
(0 0 1.54716e-05)
(0 0 1.54338e-05)
(0 0 1.53965e-05)
(0 0 1.53597e-05)
(0 0 1.53234e-05)
(0 0 1.52874e-05)
(0 0 1.52518e-05)
(0 0 1.52166e-05)
(0 0 1.51818e-05)
(0 0 1.51472e-05)
(0 0 1.5113e-05)
(0 0 1.5079e-05)
(0 0 1.50454e-05)
(0 0 1.5012e-05)
(0 0 1.49788e-05)
(0 0 1.49396e-05)
(0 0 1.48818e-05)
(0 0 1.48121e-05)
(0 0 1.47429e-05)
(0 0 1.46801e-05)
(0 0 1.50253e-05)
(0 0 1.5748e-05)
(0 0 1.61085e-05)
(0 0 1.61202e-05)
(0 0 1.61205e-05)
(0 0 1.61205e-05)
(0 0 1.61205e-05)
(0 0 1.61205e-05)
(0 0 1.61205e-05)
(0 0 1.61205e-05)
(0 0 1.61205e-05)
(0 0 1.61205e-05)
(0 0 1.61205e-05)
(0 0 1.61205e-05)
(0 0 1.61205e-05)
(0 0 1.61205e-05)
(0 0 1.61205e-05)
(0 0 1.61205e-05)
(0 0 1.61205e-05)
(0 0 1.61205e-05)
(0 0 1.61205e-05)
(0 0 1.61205e-05)
(0 0 1.61205e-05)
(0 0 1.61205e-05)
(0 0 1.61205e-05)
(0 0 1.61205e-05)
(0 0 1.61205e-05)
(0 0 1.61205e-05)
(0 0 1.61205e-05)
(0 0 1.61205e-05)
(0 0 1.61205e-05)
(0 0 1.61205e-05)
(0 0 1.61205e-05)
(0 0 1.61205e-05)
(0 0 1.61205e-05)
(0 0 1.61205e-05)
(0 0 1.61205e-05)
(0 0 1.61205e-05)
(0 0 1.61205e-05)
(0 0 1.61205e-05)
(0 0 1.61205e-05)
(0 0 1.61205e-05)
(0 0 1.61205e-05)
(0 0 1.61205e-05)
(0 0 1.61205e-05)
(0 0 1.61205e-05)
(0 0 1.61205e-05)
(0 0 1.61205e-05)
(0 0 1.61205e-05)
(0 0 1.61205e-05)
(0 0 1.61205e-05)
(0 0 1.61205e-05)
(0 0 1.61205e-05)
(0 0 1.61205e-05)
(0 0 1.61205e-05)
(0 0 1.61205e-05)
(0 0 1.61205e-05)
(0 0 1.61205e-05)
(0 0 1.61205e-05)
(0 0 1.61205e-05)
(0 0 1.61205e-05)
(0 0 1.61205e-05)
(0 0 1.61205e-05)
(0 0 1.61205e-05)
(0 0 1.61205e-05)
)
;

boundaryField
{
    inlet
    {
        type            prescribedFracFlowVelocity;
        U               1((0 0 1.61572e-05));
        fractionalFlow  1;
        value           uniform (0 0 1.61572e-05);
    }
    outlet
    {
        type            zeroGradient;
    }
    emptyWalls
    {
        type            empty;
    }
}


// ************************************************************************* //
