/*--------------------------------*- C++ -*----------------------------------*\
  =========                 |
  \\      /  F ield         | OpenFOAM: The Open Source CFD Toolbox
   \\    /   O peration     | Website:  https://openfoam.org
    \\  /    A nd           | Version:  9
     \\/     M anipulation  |
\*---------------------------------------------------------------------------*/
FoamFile
{
    format      ascii;
    class       volScalarField;
    location    "19.3";
    object      Fcsw;
}
// * * * * * * * * * * * * * * * * * * * * * * * * * * * * * * * * * * * * * //

dimensions      [0 0 0 0 0 0 0];

internalField   nonuniform List<scalar> 
1000
(
7.74145e-06
1.24774e-05
1.68517e-05
2.10472e-05
2.51272e-05
2.91222e-05
3.30492e-05
3.69189e-05
4.07383e-05
4.45128e-05
4.8246e-05
5.19409e-05
5.55999e-05
5.92247e-05
6.2817e-05
6.63782e-05
6.99092e-05
7.34112e-05
7.6885e-05
8.03314e-05
8.3751e-05
8.71446e-05
9.05126e-05
9.38557e-05
9.71743e-05
0.000100469
0.00010374
0.000106988
0.000110213
0.000113415
0.000116596
0.000119755
0.000122892
0.000126009
0.000129104
0.000132179
0.000135234
0.000138269
0.000141284
0.00014428
0.000147256
0.000150214
0.000153153
0.000156073
0.000158975
0.000161858
0.000164724
0.000167572
0.000170403
0.000173216
0.000176013
0.000178792
0.000181555
0.000184301
0.00018703
0.000189744
0.000192441
0.000195123
0.000197789
0.000200439
0.000203074
0.000205694
0.000208299
0.000210888
0.000213463
0.000216024
0.000218569
0.000221101
0.000223618
0.000226121
0.000228611
0.000231086
0.000233548
0.000235996
0.000238431
0.000240853
0.000243261
0.000245656
0.000248039
0.000250409
0.000252766
0.00025511
0.000257442
0.000259761
0.000262069
0.000264364
0.000266647
0.000268919
0.000271178
0.000273426
0.000275662
0.000277887
0.0002801
0.000282302
0.000284493
0.000286673
0.000288841
0.000290999
0.000293146
0.000295282
0.000297408
0.000299523
0.000301628
0.000303722
0.000305806
0.00030788
0.000309943
0.000311997
0.000314041
0.000316075
0.000318099
0.000320113
0.000322118
0.000324113
0.000326099
0.000328075
0.000330042
0.000332
0.000333948
0.000335888
0.000337818
0.00033974
0.000341652
0.000343556
0.000345451
0.000347338
0.000349215
0.000351085
0.000352945
0.000354798
0.000356642
0.000358477
0.000360305
0.000362124
0.000363936
0.000365739
0.000367534
0.000369321
0.000371101
0.000372873
0.000374637
0.000376393
0.000378142
0.000379883
0.000381616
0.000383343
0.000385061
0.000386773
0.000388477
0.000390174
0.000391864
0.000393546
0.000395222
0.00039689
0.000398552
0.000400207
0.000401854
0.000403495
0.000405129
0.000406757
0.000408377
0.000409992
0.000411599
0.0004132
0.000414795
0.000416383
0.000417964
0.000419539
0.000421108
0.000422671
0.000424228
0.000425778
0.000427322
0.00042886
0.000430392
0.000431918
0.000433438
0.000434952
0.00043646
0.000437962
0.000439459
0.00044095
0.000442435
0.000443914
0.000445388
0.000446856
0.000448318
0.000449775
0.000451226
0.000452672
0.000454113
0.000455548
0.000456977
0.000458402
0.000459821
0.000461235
0.000462643
0.000464047
0.000465445
0.000466838
0.000468226
0.000469609
0.000470987
0.00047236
0.000473728
0.000475091
0.000476449
0.000477802
0.000479151
0.000480494
0.000481833
0.000483167
0.000484497
0.000485822
0.000487142
0.000488457
0.000489768
0.000491074
0.000492376
0.000493673
0.000494966
0.000496254
0.000497538
0.000498818
0.000500093
0.000501364
0.00050263
0.000503892
0.00050515
0.000506404
0.000507653
0.000508898
0.000510139
0.000511376
0.000512609
0.000513838
0.000515062
0.000516283
0.000517499
0.000518712
0.000519921
0.000521125
0.000522326
0.000523523
0.000524716
0.000525905
0.00052709
0.000528272
0.000529449
0.000530623
0.000531794
0.00053296
0.000534123
0.000535282
0.000536437
0.000537589
0.000538737
0.000539882
0.000541023
0.00054216
0.000543294
0.000544425
0.000545552
0.000546675
0.000547795
0.000548912
0.000550025
0.000551135
0.000552241
0.000553344
0.000554444
0.000555541
0.000556634
0.000557724
0.00055881
0.000559893
0.000560974
0.00056205
0.000563124
0.000564195
0.000565262
0.000566326
0.000567388
0.000568446
0.000569501
0.000570552
0.000571601
0.000572647
0.00057369
0.00057473
0.000575767
0.0005768
0.000577831
0.000578859
0.000579884
0.000580906
0.000581926
0.000582942
0.000583956
0.000584966
0.000585974
0.000586979
0.000587981
0.000588981
0.000589977
0.000590971
0.000591963
0.000592951
0.000593937
0.00059492
0.0005959
0.000596878
0.000597853
0.000598826
0.000599795
0.000600763
0.000601727
0.000602689
0.000603649
0.000604606
0.00060556
0.000606512
0.000607461
0.000608408
0.000609352
0.000610294
0.000611233
0.00061217
0.000613105
0.000614037
0.000614967
0.000615894
0.000616819
0.000617741
0.000618661
0.000619579
0.000620494
0.000621408
0.000622318
0.000623227
0.000624133
0.000625037
0.000625938
0.000626838
0.000627735
0.00062863
0.000629522
0.000630413
0.000631301
0.000632187
0.000633071
0.000633952
0.000634832
0.000635709
0.000636585
0.000637458
0.000638329
0.000639197
0.000640064
0.000640929
0.000641792
0.000642652
0.000643511
0.000644367
0.000645221
0.000646074
0.000646924
0.000647772
0.000648619
0.000649463
0.000650305
0.000651146
0.000651984
0.000652821
0.000653655
0.000654488
0.000655319
0.000656147
0.000656974
0.000657799
0.000658622
0.000659444
0.000660263
0.000661081
0.000661896
0.00066271
0.000663522
0.000664332
0.000665141
0.000665947
0.000666752
0.000667555
0.000668356
0.000669155
0.000669953
0.000670749
0.000671543
0.000672336
0.000673126
0.000673915
0.000674702
0.000675488
0.000676272
0.000677054
0.000677834
0.000678613
0.00067939
0.000680166
0.00068094
0.000681712
0.000682482
0.000683251
0.000684018
0.000684784
0.000685548
0.000686311
0.000687071
0.000687831
0.000688588
0.000689344
0.000690099
0.000690852
0.000691603
0.000692353
0.000693102
0.000693849
0.000694594
0.000695338
0.00069608
0.000696821
0.00069756
0.000698298
0.000699034
0.000699769
0.000700503
0.000701235
0.000701965
0.000702694
0.000703422
0.000704148
0.000704873
0.000705596
0.000706318
0.000707038
0.000707758
0.000708475
0.000709192
0.000709907
0.00071062
0.000711332
0.000712043
0.000712753
0.000713461
0.000714167
0.000714873
0.000715577
0.00071628
0.000716981
0.000717681
0.00071838
0.000719077
0.000719774
0.000720468
0.000721162
0.000721854
0.000722545
0.000723235
0.000723924
0.000724611
0.000725297
0.000725982
0.000726665
0.000727347
0.000728028
0.000728708
0.000729387
0.000730064
0.00073074
0.000731415
0.000732089
0.000732761
0.000733433
0.000734103
0.000734772
0.00073544
0.000736106
0.000736772
0.000737436
0.000738099
0.000738761
0.000739422
0.000740082
0.00074074
0.000741397
0.000742054
0.000742709
0.000743363
0.000744016
0.000744668
0.000745318
0.000745968
0.000746617
0.000747264
0.00074791
0.000748556
0.0007492
0.000749843
0.000750485
0.000751126
0.000751766
0.000752405
0.000753043
0.000753679
0.000754315
0.00075495
0.000755584
0.000756216
0.000756848
0.000757479
0.000758108
0.000758737
0.000759364
0.000759991
0.000760617
0.000761241
0.000761865
0.000762487
0.000763109
0.00076373
0.000764349
0.000764968
0.000765586
0.000766203
0.000766818
0.000767433
0.000768047
0.00076866
0.000769272
0.000769884
0.000770494
0.000771103
0.000771711
0.000772319
0.000772925
0.000773531
0.000774135
0.000774739
0.000775342
0.000775944
0.000776545
0.000777145
0.000777745
0.000778343
0.000778941
0.000779537
0.000780133
0.000780728
0.000781322
0.000781915
0.000782507
0.000783099
0.00078369
0.000784279
0.000784868
0.000785456
0.000786044
0.00078663
0.000787216
0.0007878
0.000788384
0.000788967
0.00078955
0.000790131
0.000790712
0.000791292
0.000791871
0.000792449
0.000793026
0.000793603
0.000794179
0.000794754
0.000795328
0.000795902
0.000796475
0.000797047
0.000797618
0.000798188
0.000798758
0.000799327
0.000799895
0.000800462
0.000801029
0.000801595
0.00080216
0.000802724
0.000803288
0.000803851
0.000804413
0.000804975
0.000805535
0.000806095
0.000806655
0.000807213
0.000807771
0.000808328
0.000808884
0.00080944
0.000809995
0.000810549
0.000811103
0.000811656
0.000812208
0.00081276
0.00081331
0.000813861
0.00081441
0.000814959
0.000815507
0.000816054
0.000816601
0.000817147
0.000817693
0.000818237
0.000818781
0.000819325
0.000819868
0.00082041
0.000820951
0.000821492
0.000822032
0.000822572
0.000823111
0.000823649
0.000824186
0.000824723
0.00082526
0.000825796
0.000826331
0.000826865
0.000827399
0.000827932
0.000828465
0.000828997
0.000829528
0.000830059
0.000830589
0.000831119
0.000831648
0.000832176
0.000832704
0.000833231
0.000833758
0.000834284
0.00083481
0.000835334
0.000835859
0.000836382
0.000836906
0.000837428
0.00083795
0.000838472
0.000838992
0.000839513
0.000840033
0.000840552
0.00084107
0.000841588
0.000842106
0.000842623
0.000843139
0.000843655
0.00084417
0.000844685
0.0008452
0.000845713
0.000846226
0.000846739
0.000847251
0.000847763
0.000848274
0.000848784
0.000849294
0.000849804
0.000850313
0.000850821
0.000851329
0.000851837
0.000852344
0.00085285
0.000853356
0.000853861
0.000854366
0.000854871
0.000855375
0.000855878
0.000856381
0.000856883
0.000857385
0.000857887
0.000858388
0.000858888
0.000859388
0.000859888
0.000860387
0.000860886
0.000861384
0.000861881
0.000862379
0.000862875
0.000863372
0.000863867
0.000864363
0.000864858
0.000865352
0.000865846
0.00086634
0.000866833
0.000867325
0.000867817
0.000868309
0.0008688
0.000869291
0.000869782
0.000870272
0.000870761
0.00087125
0.000871739
0.000872227
0.000872715
0.000873202
0.000873689
0.000874176
0.000874662
0.000875148
0.000875633
0.000876118
0.000876602
0.000877086
0.00087757
0.000878053
0.000878536
0.000879018
0.0008795
0.000879982
0.000880463
0.000880944
0.000881424
0.000881904
0.000882384
0.000882863
0.000883342
0.00088382
0.000884299
0.000884776
0.000885254
0.00088573
0.000886207
0.000886683
0.000887159
0.000887634
0.000888109
0.000888584
0.000889058
0.000889532
0.000890006
0.000890479
0.000890952
0.000891424
0.000891897
0.000892368
0.00089284
0.000893311
0.000893781
0.000894252
0.000894722
0.000895191
0.000895661
0.00089613
0.000896598
0.000897067
0.000897535
0.000898002
0.000898469
0.000898936
0.000899403
0.000899869
0.000900335
0.000900801
0.000901266
0.000901731
0.000902196
0.00090266
0.000903124
0.000903587
0.000904051
0.000904514
0.000904977
0.000905439
0.000905901
0.000906363
0.000906824
0.000907285
0.000907746
0.000908207
0.000908667
0.000909127
0.000909587
0.000910046
0.000910505
0.000910964
0.000911422
0.00091188
0.000912338
0.000912796
0.000913253
0.00091371
0.000914167
0.000914623
0.000915079
0.000915535
0.000915991
0.000916446
0.000916901
0.000917356
0.00091781
0.000918264
0.000918718
0.000919172
0.000919625
0.000920078
0.000920531
0.000920984
0.000921436
0.000921888
0.00092234
0.000922792
0.000923243
0.000923694
0.000924145
0.000924595
0.000925045
0.000925495
0.000925945
0.000926395
0.000926844
0.000927293
0.000927742
0.00092819
0.000928639
0.000929087
0.000929534
0.000929982
0.000930429
0.000930876
0.000931323
0.00093177
0.000932216
0.000932662
0.000933108
0.000933554
0.000934
0.000934445
0.00093489
0.000935335
0.000935779
0.000936224
0.000936668
0.000937112
0.000937556
0.000937999
0.000938442
0.000938886
0.000939328
0.000939771
0.000940214
0.000940656
0.000941098
0.00094154
0.000941981
0.000942423
0.000942864
0.000943305
0.000943746
0.000944187
0.000944627
0.000945067
0.000945507
0.000945947
0.000946387
0.000946827
0.000947266
0.000947705
0.000948144
0.000948583
0.000949021
0.00094946
0.000949898
0.000950336
0.000950774
0.000951211
0.000951649
0.000952086
0.000952524
0.000952961
0.000953397
0.000953834
0.000954271
0.000954707
0.000955143
0.000955579
0.000956015
0.000956451
0.000956886
0.000957321
0.000957757
0.000958192
0.000958627
0.000959061
0.000959496
0.00095993
0.000960365
0.000960799
0.000961233
0.000961667
0.0009621
0.000962534
0.000962967
0.000963401
0.000963834
0.000964267
0.0009647
0.000965132
0.000965565
0.000965997
0.00096643
0.000966862
0.000967294
0.000967726
0.000968158
0.000968589
0.000969021
0.000969452
0.000969884
0.000970315
0.000970746
0.000971177
0.000971608
0.000972039
0.000972469
0.0009729
0.00097333
0.00097376
0.00097419
0.00097462
0.00097505
0.00097548
0.00097591
0.00097634
0.000976769
0.000977199
0.000977628
0.000978057
0.000978486
0.000978915
0.000979344
0.000979773
0.000980202
0.000980631
0.000981059
0.000981488
0.000981916
0.000982344
0.000982773
0.000983201
0.000983629
0.000984057
0.000984485
0.000984913
0.00098534
0.000985768
0.000986196
0.000986623
0.000987051
0.000987478
0.000987905
0.000988333
0.00098876
0.000989187
0.000989614
0.000990041
0.000990468
0.000990895
0.000991322
0.000991748
0.000992175
0.000992602
0.000993028
0.000993455
0.000993882
0.000994308
)
;

boundaryField
{
    inlet
    {
        type            calculated;
        value           uniform 7.74145e-06;
    }
    outlet
    {
        type            calculated;
        value           uniform 0.000994308;
    }
    emptyWalls
    {
        type            empty;
    }
}


// ************************************************************************* //
