/*--------------------------------*- C++ -*----------------------------------*\
  =========                 |
  \\      /  F ield         | OpenFOAM: The Open Source CFD Toolbox
   \\    /   O peration     | Website:  https://openfoam.org
    \\  /    A nd           | Version:  9
     \\/     M anipulation  |
\*---------------------------------------------------------------------------*/
FoamFile
{
    format      ascii;
    class       volScalarField;
    location    "1.2";
    object      krb;
}
// * * * * * * * * * * * * * * * * * * * * * * * * * * * * * * * * * * * * * //

dimensions      [0 0 0 0 0 0 0];

internalField   nonuniform List<scalar> 
1000
(
0.292235
0.286113
0.280736
0.27581
0.271218
0.266898
0.262809
0.258921
0.255212
0.251665
0.248263
0.244995
0.241851
0.23882
0.235894
0.233067
0.230332
0.227682
0.225113
0.22262
0.220199
0.217845
0.215555
0.213325
0.211153
0.209035
0.206969
0.204952
0.202982
0.201058
0.199176
0.197334
0.195533
0.193768
0.19204
0.190346
0.188685
0.187056
0.185458
0.183889
0.182348
0.180834
0.179347
0.177885
0.176447
0.175032
0.173641
0.172271
0.170922
0.169594
0.168285
0.166995
0.165723
0.164469
0.163233
0.162012
0.160808
0.159619
0.158445
0.157285
0.156139
0.155006
0.153886
0.152778
0.151682
0.150597
0.149523
0.148459
0.147404
0.146359
0.145322
0.144293
0.143271
0.142256
0.141246
0.140241
0.139241
0.138243
0.137247
0.136252
0.135255
0.134256
0.133251
0.132239
0.131216
0.130179
0.129122
0.12804
0.126924
0.125765
0.124549
0.123257
0.121863
0.120329
0.118599
0.116585
0.114141
0.111011
0.106692
0.100076
0.0881329
0.060288
0.0370505
0.034991
0.0355352
0.0365241
0.0371585
0.0374246
0.0374359
0.0372428
0.0369043
0.0365401
0.0362713
0.0361493
0.0361562
0.0362453
0.0363716
0.0365011
0.03661
0.0366833
0.0367135
0.0367015
0.0366562
0.0365927
0.0365278
0.0364759
0.036445
0.0364364
0.036446
0.0364668
0.0364912
0.0365126
0.0365265
0.0365307
0.0365257
0.0365134
0.0364972
0.0364804
0.0364658
0.036455
0.0364486
0.0364459
0.0364456
0.0364464
0.0364469
0.036446
0.0364433
0.0364388
0.0364329
0.0364264
0.0364197
0.0364135
0.036408
0.0364034
0.0363994
0.0363954
0.036389
0.0363675
0.0362589
0.0356493
0.0322849
0.0180387
0.001252
5.75506e-07
1.98454e-14
3.17142e-30
0
0
0
0
0
0
0
0
0
0
0
0
0
0
0
0
0
0
0
0
0
0
0
0
0
0
0
0
0
0
0
0
0
0
0
0
0
0
0
0
0
0
0
0
0
0
0
0
0
0
0
0
0
0
0
0
0
0
0
0
0
0
0
0
0
0
0
0
0
0
0
0
0
0
0
0
0
0
0
0
0
0
0
0
0
0
0
0
0
0
0
0
0
0
0
0
0
0
0
0
0
0
0
0
0
0
0
0
0
0
0
0
0
0
0
0
0
0
0
0
0
0
0
0
0
0
0
0
0
0
0
0
0
0
0
0
0
0
0
0
0
0
0
0
0
0
0
0
0
0
0
0
0
0
0
0
0
0
0
0
0
0
0
0
0
0
0
0
0
0
0
0
0
0
0
0
0
0
0
0
0
0
0
0
0
0
0
0
0
0
0
0
0
0
0
0
0
0
0
0
0
0
0
0
0
0
0
0
0
0
0
0
0
0
0
0
0
0
0
0
0
0
0
0
0
0
0
0
0
0
0
0
0
0
0
0
0
0
0
0
0
0
0
0
0
0
0
0
0
0
0
0
0
0
0
0
0
0
0
0
0
0
0
0
0
0
0
0
0
0
0
0
0
0
0
0
0
0
0
0
0
0
0
0
0
0
0
0
0
0
0
0
0
0
0
0
0
0
0
0
0
0
0
0
0
0
0
0
0
0
0
0
0
0
0
0
0
0
0
0
0
0
0
0
0
0
0
0
0
0
0
0
0
0
0
0
0
0
0
0
0
0
0
0
0
0
0
0
0
0
0
0
0
0
0
0
0
0
0
0
0
0
0
0
0
0
0
0
0
0
0
0
0
0
0
0
0
0
0
0
0
0
0
0
0
0
0
0
0
0
0
0
0
0
0
0
0
0
0
0
0
0
0
0
0
0
0
0
0
0
0
0
0
0
0
0
0
0
0
0
0
0
0
0
0
0
0
0
0
0
0
0
0
0
0
0
0
0
0
0
0
0
0
0
0
0
0
0
0
0
0
0
0
0
0
0
0
0
0
0
0
0
0
0
0
0
0
0
0
0
0
0
0
0
0
0
0
0
0
0
0
0
0
0
0
0
0
0
0
0
0
0
0
0
0
0
0
0
0
0
0
0
0
0
0
0
0
0
0
0
0
0
0
0
0
0
0
0
0
0
0
0
0
0
0
0
0
0
0
0
0
0
0
0
0
0
0
0
0
0
0
0
0
0
0
0
0
0
0
0
0
0
0
0
0
0
0
0
0
0
0
0
0
0
0
0
0
0
0
0
0
0
0
0
0
0
0
0
0
0
0
0
0
0
0
0
0
0
0
0
0
0
0
0
0
0
0
0
0
0
0
0
0
0
0
0
0
0
0
0
0
0
0
0
0
0
0
0
0
0
0
0
0
0
0
0
0
0
0
0
0
0
0
0
0
0
0
0
0
0
0
0
0
0
0
0
0
0
0
0
0
0
0
0
0
0
0
0
0
0
0
0
0
0
0
0
0
0
0
0
0
0
0
0
0
0
0
0
0
0
0
0
0
0
0
0
0
0
0
0
0
0
0
0
0
0
0
0
0
0
0
0
0
0
0
0
0
0
0
0
0
0
0
0
0
0
0
0
0
0
0
0
0
0
0
0
0
0
0
0
0
0
0
0
0
0
0
0
0
0
0
0
0
0
0
0
0
0
0
0
0
0
0
0
0
0
0
0
0
0
0
0
0
0
0
0
0
0
0
0
0
0
0
0
0
0
0
0
0
0
0
0
0
0
0
0
0
0
0
0
0
0
0
0
0
0
0
0
0
0
0
0
0
0
0
0
0
0
0
0
0
0
0
0
0
0
0
0
0
0
0
0
0
0
0
0
0
0
0
0
0
0
0
0
)
;

boundaryField
{
    inlet
    {
        type            calculated;
        value           uniform 0.302959;
    }
    outlet
    {
        type            calculated;
        value           uniform 0;
    }
    emptyWalls
    {
        type            empty;
    }
}


// ************************************************************************* //
