/*--------------------------------*- C++ -*----------------------------------*\
  =========                 |
  \\      /  F ield         | OpenFOAM: The Open Source CFD Toolbox
   \\    /   O peration     | Website:  https://openfoam.org
    \\  /    A nd           | Version:  9
     \\/     M anipulation  |
\*---------------------------------------------------------------------------*/
FoamFile
{
    format      ascii;
    class       volVectorField;
    location    "4325";
    object      Ua;
}
// * * * * * * * * * * * * * * * * * * * * * * * * * * * * * * * * * * * * * //

dimensions      [0 0 0 0 0 0 0];

internalField   nonuniform List<vector> 
100
(
(0 0 1.61489e-05)
(0 0 1.61444e-05)
(0 0 1.61352e-05)
(0 0 1.61258e-05)
(0 0 1.61162e-05)
(0 0 1.61065e-05)
(0 0 1.60967e-05)
(0 0 1.60866e-05)
(0 0 1.60762e-05)
(0 0 1.60654e-05)
(0 0 1.60539e-05)
(0 0 1.60418e-05)
(0 0 1.60296e-05)
(0 0 1.60178e-05)
(0 0 1.60062e-05)
(0 0 1.59946e-05)
(0 0 1.59831e-05)
(0 0 1.59716e-05)
(0 0 1.59601e-05)
(0 0 1.59487e-05)
(0 0 1.59373e-05)
(0 0 1.5926e-05)
(0 0 1.59147e-05)
(0 0 1.59034e-05)
(0 0 1.58922e-05)
(0 0 1.58809e-05)
(0 0 1.58697e-05)
(0 0 1.58585e-05)
(0 0 1.58474e-05)
(0 0 1.58363e-05)
(0 0 1.58253e-05)
(0 0 1.58143e-05)
(0 0 1.58034e-05)
(0 0 1.57924e-05)
(0 0 1.57814e-05)
(0 0 1.57703e-05)
(0 0 1.57587e-05)
(0 0 1.57463e-05)
(0 0 1.57326e-05)
(0 0 1.5717e-05)
(0 0 1.56991e-05)
(0 0 1.56786e-05)
(0 0 1.56554e-05)
(0 0 1.56298e-05)
(0 0 1.56023e-05)
(0 0 1.55735e-05)
(0 0 1.55439e-05)
(0 0 1.55139e-05)
(0 0 1.54837e-05)
(0 0 1.54535e-05)
(0 0 1.54232e-05)
(0 0 1.5393e-05)
(0 0 1.53627e-05)
(0 0 1.53325e-05)
(0 0 1.53023e-05)
(0 0 1.52724e-05)
(0 0 1.52433e-05)
(0 0 1.52159e-05)
(0 0 1.51917e-05)
(0 0 1.51726e-05)
(0 0 1.51607e-05)
(0 0 1.51571e-05)
(0 0 1.51619e-05)
(0 0 1.51734e-05)
(0 0 1.51888e-05)
(0 0 1.52053e-05)
(0 0 1.52201e-05)
(0 0 1.52312e-05)
(0 0 1.5237e-05)
(0 0 1.52355e-05)
(0 0 1.52241e-05)
(0 0 1.51999e-05)
(0 0 1.51611e-05)
(0 0 1.51094e-05)
(0 0 1.50489e-05)
(0 0 1.49841e-05)
(0 0 1.49184e-05)
(0 0 1.48536e-05)
(0 0 1.479e-05)
(0 0 1.47277e-05)
(0 0 1.46663e-05)
(0 0 1.46056e-05)
(0 0 1.45453e-05)
(0 0 1.44852e-05)
(0 0 1.44252e-05)
(0 0 1.43651e-05)
(0 0 1.43048e-05)
(0 0 1.42444e-05)
(0 0 1.41839e-05)
(0 0 1.41239e-05)
(0 0 1.40657e-05)
(0 0 1.40128e-05)
(0 0 1.39727e-05)
(0 0 1.3956e-05)
(0 0 1.39719e-05)
(0 0 1.40197e-05)
(0 0 1.40836e-05)
(0 0 1.41394e-05)
(0 0 1.41652e-05)
(0 0 1.41491e-05)
)
;

boundaryField
{
    inlet
    {
        type            prescribedFracFlowVelocity;
        U               1((0 0 1.61572e-05));
        fractionalFlow  1;
        value           uniform (0 0 1.61572e-05);
    }
    outlet
    {
        type            zeroGradient;
    }
    emptyWalls
    {
        type            empty;
    }
}


// ************************************************************************* //
