/*--------------------------------*- C++ -*----------------------------------*\
  =========                 |
  \\      /  F ield         | OpenFOAM: The Open Source CFD Toolbox
   \\    /   O peration     | Website:  https://openfoam.org
    \\  /    A nd           | Version:  9
     \\/     M anipulation  |
\*---------------------------------------------------------------------------*/
FoamFile
{
    format      ascii;
    class       volScalarField;
    location    "18.1";
    object      Sc;
}
// * * * * * * * * * * * * * * * * * * * * * * * * * * * * * * * * * * * * * //

dimensions      [0 0 0 0 0 0 0];

internalField   nonuniform List<scalar> 
1000
(
0.00087444
0.00141185
0.00191004
0.00238953
0.00285744
0.00331713
0.00377049
0.00421871
0.00466256
0.0051026
0.00553922
0.00597275
0.00640341
0.0068314
0.00725688
0.00767997
0.00810079
0.00851943
0.00893596
0.00935047
0.00976301
0.0101736
0.0105824
0.0109893
0.0113945
0.0117979
0.0121996
0.0125996
0.012998
0.0133948
0.0137899
0.0141835
0.0145756
0.0149661
0.0153551
0.0157426
0.0161287
0.0165133
0.0168965
0.0172782
0.0176586
0.0180375
0.0184151
0.0187914
0.0191662
0.0195398
0.019912
0.020283
0.0206526
0.021021
0.0213881
0.0217539
0.0221185
0.0224819
0.022844
0.0232049
0.0235646
0.0239231
0.0242804
0.0246366
0.0249916
0.0253454
0.0256981
0.0260496
0.0264
0.0267493
0.0270975
0.0274446
0.0277905
0.0281354
0.0284792
0.0288219
0.0291636
0.0295042
0.0298438
0.0301823
0.0305198
0.0308562
0.0311916
0.031526
0.0318595
0.0321919
0.0325233
0.0328537
0.0331831
0.0335116
0.0338391
0.0341657
0.0344913
0.0348159
0.0351396
0.0354623
0.0357842
0.0361051
0.0364251
0.0367441
0.0370623
0.0373796
0.037696
0.0380114
0.038326
0.0386397
0.0389526
0.0392646
0.0395757
0.0398859
0.0401953
0.0405039
0.0408116
0.0411185
0.0414245
0.0417297
0.0420341
0.0423377
0.0426404
0.0429424
0.0432435
0.0435438
0.0438434
0.0441421
0.0444401
0.0447373
0.0450337
0.0453294
0.0456242
0.0459183
0.0462117
0.0465043
0.0467961
0.0470872
0.0473776
0.0476672
0.0479561
0.0482442
0.0485317
0.0488184
0.0491043
0.0493896
0.0496742
0.049958
0.0502411
0.0505236
0.0508053
0.0510864
0.0513668
0.0516464
0.0519254
0.0522038
0.0524814
0.0527584
0.0530347
0.0533103
0.0535853
0.0538596
0.0541333
0.0544063
0.0546787
0.0549504
0.0552215
0.055492
0.0557618
0.056031
0.0562996
0.0565675
0.0568348
0.0571015
0.0573676
0.057633
0.0578979
0.0581621
0.0584258
0.0586888
0.0589513
0.0592131
0.0594744
0.0597351
0.0599952
0.0602547
0.0605136
0.0607719
0.0610297
0.0612869
0.0615435
0.0617996
0.0620551
0.06231
0.0625644
0.0628182
0.0630715
0.0633242
0.0635764
0.063828
0.0640791
0.0643296
0.0645796
0.0648291
0.065078
0.0653264
0.0655743
0.0658216
0.0660685
0.0663148
0.0665605
0.0668058
0.0670505
0.0672948
0.0675385
0.0677817
0.0680244
0.0682667
0.0685084
0.0687496
0.0689903
0.0692305
0.0694702
0.0697095
0.0699482
0.0701865
0.0704243
0.0706616
0.0708984
0.0711347
0.0713706
0.071606
0.0718409
0.0720754
0.0723094
0.0725429
0.072776
0.0730086
0.0732407
0.0734724
0.0737036
0.0739344
0.0741647
0.0743946
0.074624
0.074853
0.0750815
0.0753096
0.0755373
0.0757645
0.0759913
0.0762176
0.0764435
0.076669
0.076894
0.0771187
0.0773428
0.0775666
0.07779
0.0780129
0.0782354
0.0784575
0.0786792
0.0789004
0.0791213
0.0793417
0.0795617
0.0797814
0.0800006
0.0802194
0.0804378
0.0806558
0.0808734
0.0810906
0.0813074
0.0815238
0.0817399
0.0819555
0.0821707
0.0823856
0.0826001
0.0828141
0.0830278
0.0832412
0.0834541
0.0836666
0.0838788
0.0840906
0.084302
0.0845131
0.0847238
0.0849341
0.085144
0.0853536
0.0855628
0.0857716
0.0859801
0.0861882
0.0863959
0.0866033
0.0868103
0.087017
0.0872233
0.0874293
0.0876349
0.0878401
0.088045
0.0882496
0.0884538
0.0886576
0.0888612
0.0890643
0.0892671
0.0894696
0.0896718
0.0898736
0.090075
0.0902762
0.0904769
0.0906774
0.0908775
0.0910773
0.0912768
0.0914759
0.0916747
0.0918732
0.0920713
0.0922691
0.0924666
0.0926638
0.0928607
0.0930572
0.0932534
0.0934493
0.0936449
0.0938402
0.0940351
0.0942297
0.0944241
0.0946181
0.0948118
0.0950052
0.0951982
0.095391
0.0955835
0.0957756
0.0959675
0.0961591
0.0963503
0.0965413
0.0967319
0.0969223
0.0971123
0.0973021
0.0974915
0.0976807
0.0978696
0.0980582
0.0982465
0.0984345
0.0986222
0.0988096
0.0989967
0.0991836
0.0993701
0.0995564
0.0997424
0.0999281
0.100114
0.100299
0.100484
0.100668
0.100852
0.101036
0.10122
0.101404
0.101587
0.10177
0.101952
0.102135
0.102317
0.102499
0.10268
0.102862
0.103043
0.103223
0.103404
0.103584
0.103764
0.103944
0.104123
0.104302
0.104481
0.10466
0.104838
0.105016
0.105194
0.105372
0.105549
0.105726
0.105903
0.10608
0.106256
0.106432
0.106608
0.106784
0.106959
0.107134
0.107309
0.107484
0.107658
0.107832
0.108006
0.10818
0.108353
0.108526
0.108699
0.108872
0.109044
0.109216
0.109388
0.10956
0.109731
0.109903
0.110074
0.110244
0.110415
0.110585
0.110755
0.110925
0.111095
0.111264
0.111433
0.111602
0.111771
0.111939
0.112107
0.112275
0.112443
0.11261
0.112778
0.112945
0.113112
0.113278
0.113445
0.113611
0.113777
0.113943
0.114108
0.114273
0.114438
0.114603
0.114768
0.114932
0.115097
0.115261
0.115424
0.115588
0.115751
0.115915
0.116077
0.11624
0.116403
0.116565
0.116727
0.116889
0.117051
0.117212
0.117373
0.117534
0.117695
0.117856
0.118016
0.118177
0.118337
0.118496
0.118656
0.118815
0.118975
0.119134
0.119292
0.119451
0.119609
0.119768
0.119926
0.120083
0.120241
0.120399
0.120556
0.120713
0.12087
0.121026
0.121183
0.121339
0.121495
0.121651
0.121807
0.121962
0.122117
0.122272
0.122427
0.122582
0.122737
0.122891
0.123045
0.123199
0.123353
0.123507
0.12366
0.123813
0.123966
0.124119
0.124272
0.124424
0.124577
0.124729
0.124881
0.125032
0.125184
0.125335
0.125487
0.125638
0.125789
0.125939
0.12609
0.12624
0.12639
0.12654
0.12669
0.12684
0.126989
0.127139
0.127288
0.127437
0.127585
0.127734
0.127882
0.128031
0.128179
0.128327
0.128474
0.128622
0.128769
0.128917
0.129064
0.12921
0.129357
0.129504
0.12965
0.129796
0.129942
0.130088
0.130234
0.13038
0.130525
0.13067
0.130815
0.13096
0.131105
0.13125
0.131394
0.131538
0.131682
0.131826
0.13197
0.132114
0.132257
0.1324
0.132544
0.132687
0.132829
0.132972
0.133115
0.133257
0.133399
0.133541
0.133683
0.133825
0.133966
0.134108
0.134249
0.13439
0.134531
0.134672
0.134813
0.134953
0.135093
0.135234
0.135374
0.135514
0.135653
0.135793
0.135932
0.136072
0.136211
0.13635
0.136489
0.136628
0.136766
0.136904
0.137043
0.137181
0.137319
0.137457
0.137594
0.137732
0.137869
0.138007
0.138144
0.138281
0.138418
0.138554
0.138691
0.138827
0.138963
0.1391
0.139236
0.139371
0.139507
0.139643
0.139778
0.139913
0.140048
0.140184
0.140318
0.140453
0.140588
0.140722
0.140856
0.140991
0.141125
0.141259
0.141392
0.141526
0.14166
0.141793
0.141926
0.142059
0.142192
0.142325
0.142458
0.14259
0.142723
0.142855
0.142987
0.143119
0.143251
0.143383
0.143515
0.143646
0.143777
0.143909
0.14404
0.144171
0.144302
0.144432
0.144563
0.144694
0.144824
0.144954
0.145084
0.145214
0.145344
0.145474
0.145603
0.145733
0.145862
0.145992
0.146121
0.14625
0.146378
0.146507
0.146636
0.146764
0.146893
0.147021
0.147149
0.147277
0.147405
0.147533
0.14766
0.147788
0.147915
0.148042
0.148169
0.148297
0.148423
0.14855
0.148677
0.148803
0.14893
0.149056
0.149182
0.149308
0.149434
0.14956
0.149686
0.149812
0.149937
0.150062
0.150188
0.150313
0.150438
0.150563
0.150688
0.150812
0.150937
0.151061
0.151186
0.15131
0.151434
0.151558
0.151682
0.151806
0.151929
0.152053
0.152176
0.1523
0.152423
0.152546
0.152669
0.152792
0.152915
0.153037
0.15316
0.153282
0.153405
0.153527
0.153649
0.153771
0.153893
0.154015
0.154136
0.154258
0.154379
0.154501
0.154622
0.154743
0.154864
0.154985
0.155106
0.155227
0.155347
0.155468
0.155588
0.155708
0.155829
0.155949
0.156069
0.156188
0.156308
0.156428
0.156547
0.156667
0.156786
0.156906
0.157025
0.157144
0.157263
0.157382
0.1575
0.157619
0.157737
0.157856
0.157974
0.158093
0.158211
0.158329
0.158447
0.158564
0.158682
0.1588
0.158917
0.159035
0.159152
0.159269
0.159387
0.159504
0.159621
0.159737
0.159854
0.159971
0.160087
0.160204
0.16032
0.160436
0.160553
0.160669
0.160785
0.160901
0.161016
0.161132
0.161248
0.161363
0.161479
0.161594
0.161709
0.161824
0.161939
0.162054
0.162169
0.162284
0.162398
0.162513
0.162627
0.162742
0.162856
0.16297
0.163084
0.163198
0.163312
0.163426
0.16354
0.163654
0.163767
0.163881
0.163994
0.164107
0.16422
0.164333
0.164446
0.164559
0.164672
0.164785
0.164898
0.16501
0.165123
0.165235
0.165347
0.16546
0.165572
0.165684
0.165796
0.165908
0.166019
0.166131
0.166243
0.166354
0.166465
0.166577
0.166688
0.166799
0.16691
0.167021
0.167132
0.167243
0.167354
0.167464
0.167575
0.167685
0.167796
0.167906
0.168016
0.168127
0.168237
0.168347
0.168456
0.168566
0.168676
0.168786
0.168895
0.169005
0.169114
0.169223
0.169333
0.169442
0.169551
0.16966
0.169769
0.169877
0.169986
0.170095
0.170203
0.170312
0.17042
0.170529
0.170637
0.170745
0.170853
0.170961
0.171069
0.171177
0.171285
0.171392
0.1715
0.171608
0.171715
0.171822
0.17193
0.172037
0.172144
0.172251
0.172358
0.172465
0.172572
0.172679
0.172785
0.172892
0.172998
0.173105
0.173211
0.173318
0.173424
0.17353
0.173636
0.173742
0.173848
0.173954
0.174059
0.174165
0.174271
0.174376
0.174482
0.174587
0.174692
0.174798
0.174903
0.175008
0.175113
0.175218
0.175323
0.175428
0.175532
0.175637
0.175741
0.175846
0.17595
0.176055
0.176159
0.176263
0.176367
0.176471
0.176575
0.176679
0.176783
0.176887
0.176991
0.177094
0.177198
0.177301
0.177405
0.177508
0.177611
0.177715
0.177818
0.177921
0.178024
0.178127
0.17823
0.178332
0.178435
0.178538
0.17864
0.178743
0.178845
0.178948
0.17905
0.179152
0.179254
0.179357
0.179459
0.179561
0.179662
0.179764
0.179866
0.179968
0.180069
0.180171
0.180272
0.180374
0.180475
0.180576
0.180678
0.180779
0.18088
0.180981
0.181082
0.181183
0.181284
0.181384
0.181485
0.181586
0.181686
0.181787
0.181887
0.181988
0.182088
0.182188
0.182288
0.182388
0.182488
0.182588
0.182688
0.182788
0.182888
0.182988
0.183087
0.183187
0.183286
0.183386
0.183485
0.183585
0.183684
0.183783
0.183882
0.183981
0.18408
0.184179
)
;

boundaryField
{
    inlet
    {
        type            calculated;
        value           uniform 0;
    }
    outlet
    {
        type            calculated;
        value           uniform 0.184179;
    }
    emptyWalls
    {
        type            empty;
    }
}


// ************************************************************************* //
