/*--------------------------------*- C++ -*----------------------------------*\
  =========                 |
  \\      /  F ield         | OpenFOAM: The Open Source CFD Toolbox
   \\    /   O peration     | Website:  https://openfoam.org
    \\  /    A nd           | Version:  9
     \\/     M anipulation  |
\*---------------------------------------------------------------------------*/
FoamFile
{
    format      ascii;
    class       volScalarField;
    location    "3.8";
    object      Cs;
}
// * * * * * * * * * * * * * * * * * * * * * * * * * * * * * * * * * * * * * //

dimensions      [0 0 0 0 0 0 0];

internalField   nonuniform List<scalar> 
1000
(
0.05
0.05
0.05
0.05
0.05
0.05
0.05
0.05
0.05
0.05
0.05
0.05
0.05
0.05
0.05
0.05
0.05
0.05
0.05
0.05
0.05
0.05
0.05
0.05
0.05
0.05
0.05
0.05
0.05
0.05
0.05
0.05
0.05
0.05
0.05
0.05
0.05
0.05
0.05
0.05
0.05
0.05
0.05
0.05
0.05
0.05
0.05
0.05
0.05
0.05
0.05
0.05
0.05
0.05
0.05
0.05
0.05
0.05
0.05
0.05
0.05
0.05
0.05
0.05
0.05
0.05
0.05
0.05
0.05
0.05
0.05
0.05
0.05
0.05
0.05
0.05
0.05
0.05
0.05
0.05
0.05
0.05
0.05
0.05
0.05
0.05
0.05
0.05
0.05
0.05
0.05
0.05
0.05
0.05
0.05
0.05
0.05
0.05
0.05
0.05
0.05
0.05
0.05
0.05
0.05
0.05
0.05
0.05
0.05
0.05
0.05
0.05
0.05
0.05
0.05
0.05
0.05
0.05
0.05
0.05
0.05
0.05
0.05
0.05
0.05
0.05
0.05
0.05
0.05
0.05
0.05
0.05
0.05
0.05
0.05
0.05
0.05
0.05
0.05
0.05
0.05
0.05
0.05
0.05
0.05
0.05
0.05
0.05
0.05
0.05
0.05
0.05
0.05
0.05
0.05
0.05
0.05
0.05
0.05
0.05
0.05
0.05
0.05
0.05
0.05
0.05
0.05
0.05
0.05
0.05
0.05
0.05
0.05
0.05
0.05
0.05
0.05
0.05
0.05
0.05
0.05
0.05
0.05
0.05
0.05
0.05
0.05
0.05
0.05
0.05
0.05
0.05
0.05
0.05
0.05
0.05
0.05
0.05
0.05
0.05
0.05
0.05
0.05
0.05
0.05
0.05
0.05
0.05
0.05
0.05
0.05
0.05
0.05
0.05
0.05
0.0499999
0.0499999
0.0499999
0.0499999
0.0499998
0.0499998
0.0499997
0.0499996
0.0499995
0.0499993
0.0499991
0.0499988
0.0499984
0.049998
0.0499974
0.0499967
0.0499958
0.0499946
0.0499932
0.0499914
0.0499891
0.0499864
0.049983
0.0499788
0.0499737
0.0499675
0.04996
0.0499508
0.0499399
0.0499267
0.049911
0.0498922
0.04987
0.0498438
0.0498128
0.0497766
0.0497342
0.0496848
0.0496276
0.0495614
0.0494852
0.0493978
0.0492978
0.049184
0.0490549
0.0489089
0.0487444
0.0485597
0.0483532
0.0481232
0.0478677
0.047585
0.0472735
0.0469313
0.0465568
0.0461483
0.0457045
0.045224
0.0447055
0.0441481
0.043551
0.0429136
0.0422356
0.041517
0.0407579
0.039959
0.0391211
0.0382454
0.0373333
0.0363867
0.0354077
0.0343987
0.0333623
0.0323016
0.0312197
0.03012
0.029006
0.0278814
0.02675
0.0256156
0.0244821
0.0233532
0.0222328
0.0211243
0.0200312
0.0189568
0.017904
0.0168755
0.0158732
0.014899
0.0139534
0.0130357
0.0121419
0.011258
0.0103218
0.00922407
0.00823804
0.00732478
0.00648094
0.00571677
0.00503275
0.00442231
0.00387741
0.00339103
0.00295742
0.00257173
0.00222967
0.0019273
0.00166094
0.00142715
0.00122271
0.00104459
0.000889963
0.000756187
0.000640813
0.000541596
0.000456509
0.000383735
0.000321663
0.00026887
0.000224104
0.000186259
0.000154366
0.000127574
0.000105138
8.64082e-05
7.08198e-05
5.78848e-05
4.71831e-05
3.83546e-05
3.10925e-05
2.51359e-05
2.02644e-05
1.62919e-05
1.30619e-05
1.04434e-05
8.32692e-06
6.62115e-06
5.25044e-06
4.15217e-06
3.27472e-06
2.57569e-06
2.0204e-06
1.58053e-06
1.23308e-06
9.59414e-07
7.44464e-07
5.76112e-07
4.44629e-07
3.4223e-07
2.62707e-07
2.01121e-07
1.53561e-07
1.16935e-07
8.88077e-08
6.72665e-08
5.0815e-08
3.82853e-08
2.87687e-08
2.15605e-08
1.61157e-08
1.20141e-08
8.93289e-09
6.62445e-09
4.89969e-09
3.61451e-09
2.65946e-09
1.95167e-09
1.42852e-09
1.04289e-09
7.59382e-10
5.51516e-10
3.99514e-10
2.88658e-10
2.08025e-10
1.4953e-10
1.07207e-10
7.66668e-11
5.46862e-11
3.89078e-11
2.76113e-11
1.95448e-11
1.37997e-11
9.71858e-12
6.82709e-12
4.78374e-12
3.3435e-12
2.33098e-12
1.62099e-12
1.12442e-12
7.78014e-13
5.36975e-13
3.69686e-13
2.53878e-13
1.73913e-13
1.18838e-13
8.10022e-14
5.50754e-14
3.73542e-14
2.52723e-14
1.70558e-14
1.14823e-14
7.71098e-15
5.16559e-15
3.45192e-15
2.30108e-15
1.53016e-15
1.01503e-15
6.71664e-16
4.43368e-16
2.91954e-16
1.91781e-16
1.25671e-16
8.21503e-17
5.35704e-17
3.48486e-17
2.26147e-17
1.46401e-17
9.45459e-18
6.09103e-18
3.9146e-18
2.50977e-18
1.60521e-18
1.02419e-18
6.51901e-19
4.13938e-19
2.62206e-19
1.65692e-19
1.04452e-19
6.56878e-20
4.12105e-20
2.5792e-20
1.61034e-20
1.003e-20
6.23223e-21
3.86312e-21
2.38883e-21
1.47363e-21
9.06861e-22
5.56731e-22
3.40959e-22
2.08309e-22
1.26958e-22
7.71904e-23
4.68177e-23
2.8327e-23
1.70976e-23
1.02945e-23
6.18326e-24
3.70478e-24
2.21432e-24
1.32022e-24
7.85196e-25
4.65834e-25
2.75678e-25
1.62737e-25
9.58247e-26
5.62823e-26
3.29733e-26
1.92683e-26
1.12307e-26
6.52898e-27
3.78574e-27
2.18934e-27
1.26276e-27
7.26386e-28
4.16712e-28
2.38405e-28
1.36015e-28
7.73821e-29
4.38989e-29
2.48317e-29
1.40048e-29
7.87487e-30
4.41443e-30
2.46685e-30
1.37408e-30
7.62859e-31
4.22082e-31
2.32713e-31
1.27838e-31
6.99605e-32
3.81352e-32
2.07012e-32
1.11883e-32
6.01893e-33
3.22202e-33
1.71566e-33
9.08327e-34
4.77891e-34
2.49695e-34
1.29461e-34
6.65378e-35
3.38558e-35
1.70246e-35
8.44084e-36
4.11267e-36
1.95971e-36
9.06365e-37
4.01593e-37
1.65911e-37
5.89861e-38
1.20862e-38
1.96504e-40
3.59495e-45
4.21196e-56
1.01621e-79
0
0
0
0
0
0
0
0
0
0
0
0
0
0
0
0
0
0
0
0
0
0
0
0
0
0
0
0
0
0
0
0
0
0
0
0
0
0
0
0
0
0
0
0
0
0
0
0
0
0
0
0
0
0
0
0
0
0
0
0
0
0
0
0
0
0
0
0
0
0
0
0
0
0
0
0
0
0
0
0
0
0
0
0
0
0
0
0
0
0
0
0
0
0
0
0
0
0
0
0
0
0
0
0
0
0
0
0
0
0
0
0
0
0
0
0
0
0
0
0
0
0
0
0
0
0
0
0
0
0
0
0
0
0
0
0
0
0
0
0
0
0
0
0
0
0
0
0
0
0
0
0
0
0
0
0
0
0
0
0
0
0
0
0
0
0
0
0
0
0
0
0
0
0
0
0
0
0
0
0
0
0
0
0
0
0
0
0
0
0
0
0
0
0
0
0
0
0
0
0
0
0
0
0
0
0
0
0
0
0
0
0
0
0
0
0
0
0
0
0
0
0
0
0
0
0
0
0
0
0
0
0
0
0
0
0
0
0
0
0
0
0
0
0
0
0
0
0
0
0
0
0
0
0
0
0
0
0
0
0
0
0
0
0
0
0
0
0
0
0
0
0
0
0
0
0
0
0
0
0
0
0
0
0
0
0
0
0
0
0
0
0
0
0
0
0
0
0
0
0
0
0
0
0
0
0
0
0
0
0
0
0
0
0
0
0
0
0
0
0
0
0
0
0
0
0
0
0
0
0
0
0
0
0
0
0
0
0
0
0
0
0
0
0
0
0
0
0
0
0
0
0
0
0
0
0
0
0
0
0
0
0
0
0
0
0
0
0
0
0
0
0
0
0
0
0
0
0
0
0
0
0
0
0
0
0
0
0
0
0
0
0
0
0
0
0
0
0
0
0
0
0
0
0
0
0
0
0
0
0
0
0
0
0
0
0
0
0
0
0
0
0
0
0
0
0
0
0
0
0
0
0
0
0
0
0
0
0
0
0
0
0
0
0
0
0
0
0
0
0
0
0
0
0
0
0
0
0
0
0
0
0
0
0
0
0
0
0
0
0
0
0
0
0
0
0
0
0
)
;

boundaryField
{
    inlet
    {
        type            fixedValue;
        value           uniform 0.05;
    }
    outlet
    {
        type            zeroGradient;
    }
    emptyWalls
    {
        type            empty;
    }
}


// ************************************************************************* //
