/*--------------------------------*- C++ -*----------------------------------*\
  =========                 |
  \\      /  F ield         | OpenFOAM: The Open Source CFD Toolbox
   \\    /   O peration     | Website:  https://openfoam.org
    \\  /    A nd           | Version:  9
     \\/     M anipulation  |
\*---------------------------------------------------------------------------*/
FoamFile
{
    format      ascii;
    class       volScalarField;
    location    "93000";
    object      kra;
}
// * * * * * * * * * * * * * * * * * * * * * * * * * * * * * * * * * * * * * //

dimensions      [0 0 0 0 0 0 0];

internalField   nonuniform List<scalar> 
1000
(
0.000270011
0.000269913
0.000269822
0.000269731
0.00026964
0.000269549
0.000269458
0.000269367
0.000269276
0.000269185
0.000269094
0.000269003
0.000268912
0.000268821
0.00026873
0.00026864
0.000268549
0.000268458
0.000268368
0.000268277
0.000268186
0.000268096
0.000268005
0.000267915
0.000267824
0.000267734
0.000267644
0.000267553
0.000267463
0.000267373
0.000267283
0.000267193
0.000267102
0.000267012
0.000266922
0.000266832
0.000266742
0.000266652
0.000266562
0.000266472
0.000266382
0.000266293
0.000266203
0.000266113
0.000266023
0.000265933
0.000265844
0.000265754
0.000265664
0.000265575
0.000265485
0.000265396
0.000265306
0.000265216
0.000265127
0.000265038
0.000264948
0.000264859
0.000264769
0.00026468
0.000264591
0.000264501
0.000264412
0.000264323
0.000264233
0.000264144
0.000264055
0.000263966
0.000263877
0.000263787
0.000263698
0.000263609
0.00026352
0.000263431
0.000263342
0.000263253
0.000263164
0.000263075
0.000262986
0.000262897
0.000262808
0.000262719
0.00026263
0.000262541
0.000262452
0.000262364
0.000262275
0.000262186
0.000262097
0.000262008
0.000261919
0.000261831
0.000261742
0.000261653
0.000261564
0.000261476
0.000261387
0.000261298
0.000261209
0.000261121
0.000261032
0.000260943
0.000260855
0.000260766
0.000260677
0.000260589
0.0002605
0.000260411
0.000260323
0.000260234
0.000260145
0.000260057
0.000259968
0.000259879
0.000259791
0.000259702
0.000259614
0.000259525
0.000259436
0.000259348
0.000259259
0.000259171
0.000259082
0.000258993
0.000258905
0.000258816
0.000258727
0.000258639
0.00025855
0.000258462
0.000258373
0.000258284
0.000258196
0.000258107
0.000258018
0.00025793
0.000257841
0.000257752
0.000257664
0.000257575
0.000257486
0.000257398
0.000257309
0.00025722
0.000257131
0.000257043
0.000256954
0.000256865
0.000256776
0.000256688
0.000256599
0.00025651
0.000256421
0.000256332
0.000256243
0.000256154
0.000256065
0.000255977
0.000255888
0.000255799
0.00025571
0.000255621
0.000255531
0.000255442
0.000255353
0.000255264
0.000255175
0.000255086
0.000254997
0.000254907
0.000254818
0.000254729
0.00025464
0.00025455
0.000254461
0.000254371
0.000254282
0.000254192
0.000254103
0.000254013
0.000253923
0.000253834
0.000253744
0.000253654
0.000253564
0.000253475
0.000253385
0.000253295
0.000253205
0.000253114
0.000253024
0.000252934
0.000252844
0.000252753
0.000252663
0.000252572
0.000252481
0.000252391
0.0002523
0.000252209
0.000252118
0.000252026
0.000251935
0.000251843
0.000251752
0.00025166
0.000251568
0.000251476
0.000251383
0.00025129
0.000251198
0.000251104
0.000251011
0.000250917
0.000250822
0.000250728
0.000250632
0.000250536
0.00025044
0.000250342
0.000250243
0.000250144
0.000250042
0.000249939
0.000249832
0.000249723
0.000249608
0.000249486
0.000249354
0.000249204
0.000249023
0.000248787
0.000248436
0.000247796
0.000246217
0.000239662
0.000103208
2.27964e-08
8.3284e-23
2.73086e-52
7.54656e-112
1.50365e-231
0
0
0
0
0
0
0
0
0
0
0
0
0
0
0
0
0
0
0
0
0
0
0
0
0
0
0
0
0
0
0
0
0
0
0
0
0
0
0
0
0
0
0
0
0
0
0
0
0
0
0
0
0
0
0
0
0
0
0
0
0
0
0
0
0
0
0
0
0
0
0
0
0
0
0
0
0
0
0
0
0
0
0
0
0
0
0
0
0
0
0
0
0
0
0
0
0
0
0
0
0
0
0
0
0
0
0
0
0
0
0
0
0
0
0
0
0
0
0
0
0
0
0
0
0
0
0
0
0
0
0
0
0
0
0
0
0
0
0
0
0
0
0
0
0
0
0
0
0
0
0
0
0
0
0
0
0
0
0
0
0
0
0
0
0
0
0
0
0
0
0
0
0
0
0
0
0
0
0
0
0
0
0
0
0
0
0
0
0
0
0
0
0
0
0
0
0
0
0
0
0
0
0
0
0
0
0
0
0
0
0
0
0
0
0
0
0
0
0
0
0
0
0
0
0
0
0
0
0
0
0
0
0
0
0
0
0
0
0
0
0
0
0
0
0
0
0
0
0
0
0
0
0
0
0
0
0
0
0
0
0
0
0
0
0
0
0
0
0
0
0
0
0
0
0
0
0
0
0
0
0
0
0
0
0
0
0
0
0
0
0
0
0
0
0
0
0
0
0
0
0
0
0
0
0
0
0
0
0
0
0
0
0
0
0
0
0
0
0
0
0
0
0
0
0
0
0
0
0
0
0
0
0
0
0
0
0
0
0
0
0
0
0
0
0
0
0
0
0
0
0
0
0
0
0
0
0
0
0
0
0
0
0
0
0
0
0
0
0
0
0
0
0
0
0
0
0
0
0
0
0
0
0
0
0
0
0
0
0
0
0
0
0
0
0
0
0
0
0
0
0
0
0
0
0
0
0
0
0
0
0
0
0
0
0
0
0
0
0
0
0
0
0
0
0
0
0
0
0
0
0
0
0
0
0
0
0
0
0
0
0
0
0
0
0
0
0
0
0
0
0
0
0
0
0
0
0
0
0
0
0
0
0
0
0
0
0
0
0
0
0
0
0
0
0
0
0
0
0
0
0
0
0
0
0
0
0
0
0
0
0
0
0
0
0
0
0
0
0
0
0
0
0
0
0
0
0
0
0
0
0
0
0
0
0
0
0
0
0
0
0
0
0
0
0
0
0
0
0
0
0
0
0
0
0
0
0
0
0
0
0
0
0
0
0
0
0
0
0
0
0
0
0
0
0
0
0
0
0
0
0
0
0
0
0
0
0
0
0
0
0
0
0
0
0
0
0
0
0
0
0
0
0
0
0
0
0
0
0
0
0
0
0
0
0
0
0
0
0
0
0
0
0
0
0
0
0
0
0
0
0
0
0
0
0
0
0
0
0
0
0
0
0
0
0
0
0
0
0
0
0
0
0
0
0
0
0
0
0
0
0
0
0
0
0
0
0
0
0
0
0
0
0
0
0
0
0
0
0
0
0
0
0
0
0
0
0
0
0
0
0
0
0
0
0
0
0
0
0
0
0
0
0
0
0
0
0
0
0
0
0
0
0
0
0
0
0
0
0
0
0
0
0
0
0
0
0
0
0
0
0
0
0
0
0
0
0
0
0
0
0
0
0
0
0
0
0
0
0
0
0
0
0
0
0
0
0
0
0
0
0
0
0
0
0
0
0
0
0
0
0
0
0
0
0
0
0
0
)
;

boundaryField
{
    inlet
    {
        type            calculated;
        value           uniform 0.000270089;
    }
    outlet
    {
        type            calculated;
        value           uniform 0;
    }
    emptyWalls
    {
        type            empty;
    }
}


// ************************************************************************* //
