/*--------------------------------*- C++ -*----------------------------------*\
  =========                 |
  \\      /  F ield         | OpenFOAM: The Open Source CFD Toolbox
   \\    /   O peration     | Website:  https://openfoam.org
    \\  /    A nd           | Version:  9
     \\/     M anipulation  |
\*---------------------------------------------------------------------------*/
FoamFile
{
    format      ascii;
    class       surfaceScalarField;
    location    "93000";
    object      phic;
}
// * * * * * * * * * * * * * * * * * * * * * * * * * * * * * * * * * * * * * //

dimensions      [0 2 0 0 0 0 0];

internalField   nonuniform List<scalar> 
999
(
1.54791e-16
5.03935e-16
1.03425e-15
1.74471e-15
2.63515e-15
3.70536e-15
4.95511e-15
6.38413e-15
7.99212e-15
9.77879e-15
1.17438e-14
1.3887e-14
1.62079e-14
1.87062e-14
2.13818e-14
2.42342e-14
2.72632e-14
3.04684e-14
3.38496e-14
3.74065e-14
4.11388e-14
4.50462e-14
4.91283e-14
5.3385e-14
5.7816e-14
6.24209e-14
6.71994e-14
7.21513e-14
7.72764e-14
8.25743e-14
8.80447e-14
9.36874e-14
9.95022e-14
1.05489e-13
1.11647e-13
1.17976e-13
1.24476e-13
1.31147e-13
1.37988e-13
1.45e-13
1.52181e-13
1.59533e-13
1.67053e-13
1.74743e-13
1.82602e-13
1.90629e-13
1.98825e-13
2.07189e-13
2.15722e-13
2.24421e-13
2.33289e-13
2.42324e-13
2.51526e-13
2.60894e-13
2.7043e-13
2.80131e-13
2.89999e-13
3.00033e-13
3.10233e-13
3.20598e-13
3.31129e-13
3.41824e-13
3.52685e-13
3.6371e-13
3.749e-13
3.86254e-13
3.97772e-13
4.09454e-13
4.213e-13
4.3331e-13
4.45482e-13
4.57818e-13
4.70317e-13
4.82979e-13
4.95803e-13
5.0879e-13
5.21939e-13
5.3525e-13
5.48723e-13
5.62357e-13
5.76153e-13
5.90111e-13
6.0423e-13
6.1851e-13
6.32951e-13
6.47552e-13
6.62314e-13
6.77237e-13
6.9232e-13
7.07563e-13
7.22966e-13
7.38529e-13
7.54251e-13
7.70133e-13
7.86175e-13
8.02376e-13
8.18736e-13
8.35255e-13
8.51933e-13
8.6877e-13
8.85765e-13
9.02919e-13
9.20232e-13
9.37702e-13
9.55331e-13
9.73118e-13
9.91063e-13
1.00917e-12
1.02743e-12
1.04584e-12
1.06442e-12
1.08315e-12
1.10204e-12
1.12109e-12
1.1403e-12
1.15966e-12
1.17918e-12
1.19885e-12
1.21869e-12
1.23867e-12
1.25882e-12
1.27912e-12
1.29958e-12
1.3202e-12
1.34097e-12
1.3619e-12
1.38298e-12
1.40423e-12
1.42562e-12
1.44718e-12
1.46889e-12
1.49075e-12
1.51277e-12
1.53495e-12
1.55729e-12
1.57978e-12
1.60242e-12
1.62522e-12
1.64818e-12
1.6713e-12
1.69456e-12
1.71799e-12
1.74157e-12
1.76531e-12
1.7892e-12
1.81325e-12
1.83746e-12
1.86182e-12
1.88634e-12
1.91101e-12
1.93584e-12
1.96083e-12
1.98597e-12
2.01127e-12
2.03672e-12
2.06233e-12
2.0881e-12
2.11403e-12
2.14011e-12
2.16635e-12
2.19274e-12
2.2193e-12
2.24601e-12
2.27288e-12
2.2999e-12
2.32709e-12
2.35443e-12
2.38193e-12
2.40959e-12
2.43741e-12
2.46539e-12
2.49352e-12
2.52182e-12
2.55028e-12
2.57889e-12
2.60767e-12
2.63661e-12
2.66571e-12
2.69498e-12
2.7244e-12
2.75399e-12
2.78375e-12
2.81367e-12
2.84375e-12
2.874e-12
2.90441e-12
2.935e-12
2.96575e-12
2.99667e-12
3.02776e-12
3.05903e-12
3.09047e-12
3.12208e-12
3.15387e-12
3.18583e-12
3.21798e-12
3.25031e-12
3.28282e-12
3.31552e-12
3.3484e-12
3.38148e-12
3.41476e-12
3.44823e-12
3.48191e-12
3.5158e-12
3.5499e-12
3.58422e-12
3.61877e-12
3.65356e-12
3.68859e-12
3.72388e-12
3.75943e-12
3.79528e-12
3.83142e-12
3.86789e-12
3.90471e-12
3.94191e-12
3.97953e-12
4.01763e-12
4.05626e-12
4.09552e-12
4.13551e-12
4.17638e-12
4.21834e-12
4.26171e-12
4.30694e-12
4.35475e-12
4.40632e-12
4.46367e-12
4.53046e-12
4.61388e-12
4.72943e-12
4.91573e-12
5.29275e-12
6.40168e-12
1.29367e-11
7.20669e-11
7.82293e-11
7.82476e-11
7.8237e-11
7.82354e-11
7.82361e-11
7.82363e-11
7.82362e-11
7.82362e-11
7.82362e-11
7.82362e-11
7.82362e-11
7.82362e-11
7.82362e-11
7.82361e-11
7.82361e-11
7.82361e-11
7.82361e-11
7.82361e-11
7.82361e-11
7.82361e-11
7.8236e-11
7.8236e-11
7.8236e-11
7.8236e-11
7.8236e-11
7.8236e-11
7.8236e-11
7.82359e-11
7.82359e-11
7.82359e-11
7.82359e-11
7.82359e-11
7.82359e-11
7.82359e-11
7.82358e-11
7.82358e-11
7.82358e-11
7.82358e-11
7.82358e-11
7.82358e-11
7.82357e-11
7.82357e-11
7.82357e-11
7.82357e-11
7.82357e-11
7.82357e-11
7.82356e-11
7.82356e-11
7.82356e-11
7.82356e-11
7.82356e-11
7.82356e-11
7.82355e-11
7.82355e-11
7.82355e-11
7.82355e-11
7.82355e-11
7.82355e-11
7.82354e-11
7.82354e-11
7.82354e-11
7.82354e-11
7.82354e-11
7.82353e-11
7.82353e-11
7.82353e-11
7.82353e-11
7.82353e-11
7.82353e-11
7.82352e-11
7.82352e-11
7.82352e-11
7.82352e-11
7.82352e-11
7.82351e-11
7.82351e-11
7.82351e-11
7.82351e-11
7.82351e-11
7.8235e-11
7.8235e-11
7.8235e-11
7.8235e-11
7.82349e-11
7.82349e-11
7.82349e-11
7.82349e-11
7.82349e-11
7.82348e-11
7.82348e-11
7.82348e-11
7.82348e-11
7.82347e-11
7.82347e-11
7.82347e-11
7.82347e-11
7.82347e-11
7.82346e-11
7.82346e-11
7.82346e-11
7.82346e-11
7.82345e-11
7.82345e-11
7.82345e-11
7.82345e-11
7.82344e-11
7.82344e-11
7.82344e-11
7.82344e-11
7.82343e-11
7.82343e-11
7.82343e-11
7.82343e-11
7.82342e-11
7.82342e-11
7.82342e-11
7.82341e-11
7.82341e-11
7.82341e-11
7.82341e-11
7.8234e-11
7.8234e-11
7.8234e-11
7.82339e-11
7.82339e-11
7.82339e-11
7.82339e-11
7.82338e-11
7.82338e-11
7.82338e-11
7.82337e-11
7.82337e-11
7.82337e-11
7.82336e-11
7.82336e-11
7.82336e-11
7.82335e-11
7.82335e-11
7.82335e-11
7.82334e-11
7.82334e-11
7.82334e-11
7.82333e-11
7.82333e-11
7.82333e-11
7.82332e-11
7.82332e-11
7.82332e-11
7.82331e-11
7.82331e-11
7.8233e-11
7.8233e-11
7.8233e-11
7.82329e-11
7.82329e-11
7.82329e-11
7.82328e-11
7.82328e-11
7.82327e-11
7.82327e-11
7.82327e-11
7.82326e-11
7.82326e-11
7.82325e-11
7.82325e-11
7.82325e-11
7.82324e-11
7.82324e-11
7.82323e-11
7.82323e-11
7.82322e-11
7.82322e-11
7.82321e-11
7.82321e-11
7.8232e-11
7.8232e-11
7.82319e-11
7.82319e-11
7.82318e-11
7.82318e-11
7.82318e-11
7.82317e-11
7.82317e-11
7.82316e-11
7.82315e-11
7.82315e-11
7.82314e-11
7.82314e-11
7.82313e-11
7.82313e-11
7.82312e-11
7.82312e-11
7.82311e-11
7.82311e-11
7.8231e-11
7.82309e-11
7.82309e-11
7.82308e-11
7.82308e-11
7.82307e-11
7.82306e-11
7.82306e-11
7.82305e-11
7.82304e-11
7.82304e-11
7.82303e-11
7.82302e-11
7.82294e-11
7.82222e-11
7.81572e-11
7.75683e-11
7.27479e-11
5.09969e-11
3.12084e-11
2.91412e-11
2.91208e-11
2.91208e-11
2.91208e-11
2.91208e-11
2.91208e-11
2.91208e-11
2.91208e-11
2.91208e-11
2.91208e-11
2.91208e-11
2.91208e-11
2.91208e-11
2.91208e-11
2.91208e-11
2.91208e-11
2.91208e-11
2.91208e-11
2.91208e-11
2.91208e-11
2.91208e-11
2.91208e-11
2.91208e-11
2.91208e-11
2.91208e-11
2.91208e-11
2.91208e-11
2.91208e-11
2.91208e-11
2.91208e-11
2.91208e-11
2.91208e-11
2.91208e-11
2.91208e-11
2.91208e-11
2.91208e-11
2.91208e-11
2.91208e-11
2.91208e-11
2.91208e-11
2.91208e-11
2.91208e-11
2.91208e-11
2.91208e-11
2.91208e-11
2.91208e-11
2.91208e-11
2.91208e-11
2.91208e-11
2.91208e-11
2.91208e-11
2.91208e-11
2.91208e-11
2.91208e-11
2.91208e-11
2.91208e-11
2.91208e-11
2.91208e-11
2.91208e-11
2.91208e-11
2.91208e-11
2.91208e-11
2.91208e-11
2.91208e-11
2.91208e-11
2.91208e-11
2.91208e-11
2.91208e-11
2.91208e-11
2.91208e-11
2.91208e-11
2.91208e-11
2.91208e-11
2.91208e-11
2.91208e-11
2.91208e-11
2.91208e-11
2.91208e-11
2.91208e-11
2.91208e-11
2.91208e-11
2.91208e-11
2.91208e-11
2.91208e-11
2.91208e-11
2.91208e-11
2.91208e-11
2.91208e-11
2.91208e-11
2.91208e-11
2.91208e-11
2.91208e-11
2.91208e-11
2.91208e-11
2.91208e-11
2.91208e-11
2.91208e-11
2.91208e-11
2.91208e-11
2.91208e-11
2.91208e-11
2.91208e-11
2.91208e-11
2.91208e-11
2.91208e-11
2.91208e-11
2.91208e-11
2.91208e-11
2.91208e-11
2.91208e-11
2.91208e-11
2.91208e-11
2.91208e-11
2.91208e-11
2.91208e-11
2.91208e-11
2.91208e-11
2.91208e-11
2.91208e-11
2.91208e-11
2.91208e-11
2.91208e-11
2.91208e-11
2.91208e-11
2.91208e-11
2.91208e-11
2.91208e-11
2.91208e-11
2.91208e-11
2.91208e-11
2.91208e-11
2.91208e-11
2.91208e-11
2.91208e-11
2.91208e-11
2.91208e-11
2.91208e-11
2.91208e-11
2.91208e-11
2.91208e-11
2.91208e-11
2.91208e-11
2.91208e-11
2.91208e-11
2.91208e-11
2.91208e-11
2.91208e-11
2.91208e-11
2.91208e-11
2.91208e-11
2.91208e-11
2.91208e-11
2.91208e-11
2.91208e-11
2.91208e-11
2.91208e-11
2.91208e-11
2.91208e-11
2.91208e-11
2.91208e-11
2.91208e-11
2.91208e-11
2.91208e-11
2.91208e-11
2.91208e-11
2.91208e-11
2.91208e-11
2.91208e-11
2.91208e-11
2.91208e-11
2.91208e-11
2.91208e-11
2.91208e-11
2.91208e-11
2.91208e-11
2.91208e-11
2.91208e-11
2.91208e-11
2.91208e-11
2.91208e-11
2.91208e-11
2.91208e-11
2.91208e-11
2.91208e-11
2.91208e-11
2.91208e-11
2.91208e-11
2.91208e-11
2.91208e-11
2.91208e-11
2.91208e-11
2.91208e-11
2.91208e-11
2.91208e-11
2.91208e-11
2.91208e-11
2.91208e-11
2.91208e-11
2.91208e-11
2.91208e-11
2.91208e-11
2.91208e-11
2.91208e-11
2.91208e-11
2.91208e-11
2.91208e-11
2.91208e-11
2.91208e-11
2.91208e-11
2.91208e-11
2.91208e-11
2.91208e-11
2.91208e-11
2.91208e-11
2.91208e-11
2.91208e-11
2.91208e-11
2.91208e-11
2.91208e-11
2.91208e-11
2.91208e-11
2.91208e-11
2.91208e-11
2.91208e-11
2.91208e-11
2.91208e-11
2.91208e-11
2.91208e-11
2.91208e-11
2.91208e-11
2.91208e-11
2.91208e-11
2.91208e-11
2.91208e-11
2.91208e-11
2.91208e-11
2.91208e-11
2.91208e-11
2.91208e-11
2.91208e-11
2.91208e-11
2.91208e-11
2.91208e-11
2.91208e-11
2.91208e-11
2.91208e-11
2.91208e-11
2.91208e-11
2.91208e-11
2.91208e-11
2.91208e-11
2.91208e-11
2.91208e-11
2.91208e-11
2.91208e-11
2.91208e-11
2.91208e-11
2.91208e-11
2.91208e-11
2.91208e-11
2.91208e-11
2.91208e-11
2.91208e-11
2.91208e-11
2.91208e-11
2.91208e-11
2.91208e-11
2.91208e-11
2.91208e-11
2.91208e-11
2.91208e-11
2.91208e-11
2.91208e-11
2.91208e-11
2.91208e-11
2.91208e-11
2.91208e-11
2.91208e-11
2.91208e-11
2.91208e-11
2.91208e-11
2.91208e-11
2.91208e-11
2.91208e-11
2.91208e-11
2.91208e-11
2.91208e-11
2.91208e-11
2.91208e-11
2.91208e-11
2.91208e-11
2.91208e-11
2.91208e-11
2.91208e-11
2.91208e-11
2.91208e-11
2.91208e-11
2.91208e-11
2.91208e-11
2.91208e-11
2.91208e-11
2.91208e-11
2.91208e-11
2.91208e-11
2.91208e-11
2.91208e-11
2.91208e-11
2.91208e-11
2.91208e-11
2.91208e-11
2.91208e-11
2.91208e-11
2.91208e-11
2.91208e-11
2.91208e-11
2.91208e-11
2.91208e-11
2.91208e-11
2.91208e-11
2.91208e-11
2.91208e-11
2.91208e-11
2.91208e-11
2.91208e-11
2.91208e-11
2.91208e-11
2.91208e-11
2.91208e-11
2.91208e-11
2.91208e-11
2.91208e-11
2.91208e-11
2.91208e-11
2.91208e-11
2.91208e-11
2.91208e-11
2.91208e-11
2.91208e-11
2.91208e-11
2.91208e-11
2.91208e-11
2.91208e-11
2.91208e-11
2.91208e-11
2.91208e-11
2.91208e-11
2.91208e-11
2.91208e-11
2.91208e-11
2.91208e-11
2.91208e-11
2.91208e-11
2.91208e-11
2.91208e-11
2.91208e-11
2.91208e-11
2.91208e-11
2.91208e-11
2.91208e-11
2.91208e-11
2.91208e-11
2.91208e-11
2.91208e-11
2.91208e-11
2.91208e-11
2.91208e-11
2.91208e-11
2.91208e-11
2.91208e-11
2.91208e-11
2.91208e-11
2.91208e-11
2.91208e-11
2.91208e-11
2.91208e-11
2.91208e-11
2.91208e-11
2.91208e-11
2.91208e-11
2.91208e-11
2.91208e-11
2.91208e-11
2.91208e-11
2.91208e-11
2.91208e-11
2.91208e-11
2.91208e-11
2.91208e-11
2.91208e-11
2.91208e-11
2.91208e-11
2.91208e-11
2.91208e-11
2.91208e-11
2.91208e-11
2.91208e-11
2.91208e-11
2.91208e-11
2.91208e-11
2.91208e-11
2.91208e-11
2.91208e-11
2.91208e-11
2.91208e-11
2.91208e-11
2.91208e-11
2.91208e-11
2.91208e-11
2.91208e-11
2.91208e-11
2.91208e-11
2.91208e-11
2.91208e-11
2.91208e-11
2.91208e-11
2.91208e-11
2.91208e-11
2.91208e-11
2.91208e-11
2.91208e-11
2.91208e-11
2.91208e-11
2.91208e-11
2.91208e-11
2.91208e-11
2.91208e-11
2.91208e-11
2.91208e-11
2.91208e-11
2.91208e-11
2.91208e-11
2.91208e-11
2.91208e-11
2.91208e-11
2.91208e-11
2.91208e-11
2.91208e-11
2.91208e-11
2.91208e-11
2.91208e-11
2.91208e-11
2.91208e-11
2.91208e-11
2.91208e-11
2.91208e-11
2.91208e-11
2.91208e-11
2.91208e-11
2.91208e-11
2.91208e-11
2.91208e-11
2.91208e-11
2.91208e-11
2.91208e-11
2.91208e-11
2.91208e-11
2.91208e-11
2.91208e-11
2.91208e-11
2.91208e-11
2.91208e-11
2.91208e-11
2.91208e-11
2.91208e-11
2.91208e-11
2.91208e-11
2.91208e-11
2.91208e-11
2.91208e-11
2.91208e-11
2.91208e-11
2.91208e-11
2.91208e-11
2.91208e-11
2.91208e-11
2.91208e-11
2.91208e-11
2.91208e-11
2.91208e-11
2.91208e-11
2.91208e-11
2.91208e-11
2.91208e-11
2.91208e-11
2.91208e-11
2.91208e-11
2.91208e-11
2.91208e-11
2.91208e-11
2.91208e-11
2.91208e-11
2.91208e-11
2.91208e-11
2.91208e-11
2.91208e-11
2.91208e-11
2.91208e-11
2.91208e-11
2.91208e-11
2.91208e-11
2.91208e-11
2.91208e-11
2.91208e-11
2.91208e-11
2.91208e-11
2.91208e-11
2.91208e-11
2.91208e-11
2.91208e-11
2.91208e-11
2.91208e-11
2.91208e-11
2.91208e-11
2.91208e-11
2.91208e-11
2.91208e-11
2.91208e-11
2.91208e-11
2.91208e-11
2.91208e-11
2.91208e-11
2.91208e-11
2.91208e-11
2.91208e-11
2.91208e-11
2.91208e-11
2.91208e-11
2.91208e-11
2.91208e-11
2.91208e-11
2.91208e-11
2.91208e-11
2.91208e-11
2.91208e-11
2.91208e-11
2.91208e-11
2.91208e-11
2.91208e-11
2.91208e-11
2.91208e-11
2.91208e-11
2.91208e-11
2.91208e-11
2.91208e-11
2.91208e-11
2.91208e-11
2.91208e-11
2.91208e-11
)
;

boundaryField
{
    inlet
    {
        type            calculated;
        value           uniform 0;
    }
    outlet
    {
        type            calculated;
        value           uniform 2.91208e-11;
    }
    emptyWalls
    {
        type            empty;
        value           nonuniform List<scalar> 0();
    }
}


// ************************************************************************* //
