/*--------------------------------*- C++ -*----------------------------------*\
  =========                 |
  \\      /  F ield         | OpenFOAM: The Open Source CFD Toolbox
   \\    /   O peration     | Website:  https://openfoam.org
    \\  /    A nd           | Version:  9
     \\/     M anipulation  |
\*---------------------------------------------------------------------------*/
FoamFile
{
    format      ascii;
    class       volVectorField;
    location    "6.6";
    object      Ua;
}
// * * * * * * * * * * * * * * * * * * * * * * * * * * * * * * * * * * * * * //

dimensions      [0 0 0 0 0 0 0];

internalField   nonuniform List<vector> 
1000
(
(0.709421 0 0)
(0.709419 0 0)
(0.709417 0 0)
(0.709414 0 0)
(0.70941 0 0)
(0.709406 0 0)
(0.709402 0 0)
(0.709396 0 0)
(0.709391 0 0)
(0.709384 0 0)
(0.709378 0 0)
(0.70937 0 0)
(0.709363 0 0)
(0.709354 0 0)
(0.709346 0 0)
(0.709336 0 0)
(0.709327 0 0)
(0.709317 0 0)
(0.709306 0 0)
(0.709295 0 0)
(0.709284 0 0)
(0.709272 0 0)
(0.70926 0 0)
(0.709248 0 0)
(0.709235 0 0)
(0.709222 0 0)
(0.709208 0 0)
(0.709194 0 0)
(0.70918 0 0)
(0.709165 0 0)
(0.70915 0 0)
(0.709135 0 0)
(0.709119 0 0)
(0.709103 0 0)
(0.709087 0 0)
(0.70907 0 0)
(0.709053 0 0)
(0.709036 0 0)
(0.709018 0 0)
(0.709 0 0)
(0.708982 0 0)
(0.708963 0 0)
(0.708944 0 0)
(0.708925 0 0)
(0.708906 0 0)
(0.708886 0 0)
(0.708867 0 0)
(0.708846 0 0)
(0.708826 0 0)
(0.708805 0 0)
(0.708784 0 0)
(0.708763 0 0)
(0.708742 0 0)
(0.70872 0 0)
(0.708698 0 0)
(0.708676 0 0)
(0.708654 0 0)
(0.708631 0 0)
(0.708608 0 0)
(0.708585 0 0)
(0.708562 0 0)
(0.708538 0 0)
(0.708515 0 0)
(0.708491 0 0)
(0.708466 0 0)
(0.708442 0 0)
(0.708417 0 0)
(0.708393 0 0)
(0.708368 0 0)
(0.708343 0 0)
(0.708317 0 0)
(0.708292 0 0)
(0.708266 0 0)
(0.70824 0 0)
(0.708214 0 0)
(0.708187 0 0)
(0.708161 0 0)
(0.708134 0 0)
(0.708107 0 0)
(0.70808 0 0)
(0.708053 0 0)
(0.708026 0 0)
(0.707998 0 0)
(0.707971 0 0)
(0.707943 0 0)
(0.707915 0 0)
(0.707886 0 0)
(0.707858 0 0)
(0.70783 0 0)
(0.707801 0 0)
(0.707772 0 0)
(0.707743 0 0)
(0.707714 0 0)
(0.707685 0 0)
(0.707655 0 0)
(0.707626 0 0)
(0.707596 0 0)
(0.707566 0 0)
(0.707536 0 0)
(0.707506 0 0)
(0.707476 0 0)
(0.707445 0 0)
(0.707414 0 0)
(0.707384 0 0)
(0.707353 0 0)
(0.707322 0 0)
(0.707291 0 0)
(0.70726 0 0)
(0.707228 0 0)
(0.707197 0 0)
(0.707165 0 0)
(0.707133 0 0)
(0.707101 0 0)
(0.707069 0 0)
(0.707037 0 0)
(0.707005 0 0)
(0.706973 0 0)
(0.70694 0 0)
(0.706908 0 0)
(0.706875 0 0)
(0.706842 0 0)
(0.706809 0 0)
(0.706776 0 0)
(0.706743 0 0)
(0.70671 0 0)
(0.706676 0 0)
(0.706643 0 0)
(0.706609 0 0)
(0.706576 0 0)
(0.706542 0 0)
(0.706508 0 0)
(0.706474 0 0)
(0.70644 0 0)
(0.706406 0 0)
(0.706371 0 0)
(0.706337 0 0)
(0.706302 0 0)
(0.706268 0 0)
(0.706233 0 0)
(0.706198 0 0)
(0.706163 0 0)
(0.706128 0 0)
(0.706093 0 0)
(0.706058 0 0)
(0.706023 0 0)
(0.705987 0 0)
(0.705952 0 0)
(0.705916 0 0)
(0.70588 0 0)
(0.705845 0 0)
(0.705809 0 0)
(0.705773 0 0)
(0.705737 0 0)
(0.705701 0 0)
(0.705665 0 0)
(0.705628 0 0)
(0.705592 0 0)
(0.705556 0 0)
(0.705519 0 0)
(0.705483 0 0)
(0.705446 0 0)
(0.705409 0 0)
(0.705372 0 0)
(0.705335 0 0)
(0.705298 0 0)
(0.705261 0 0)
(0.705224 0 0)
(0.705187 0 0)
(0.70515 0 0)
(0.705112 0 0)
(0.705075 0 0)
(0.705037 0 0)
(0.705 0 0)
(0.704962 0 0)
(0.704924 0 0)
(0.704886 0 0)
(0.704848 0 0)
(0.70481 0 0)
(0.704772 0 0)
(0.704734 0 0)
(0.704696 0 0)
(0.704658 0 0)
(0.704619 0 0)
(0.704581 0 0)
(0.704543 0 0)
(0.704504 0 0)
(0.704465 0 0)
(0.704427 0 0)
(0.704388 0 0)
(0.704349 0 0)
(0.70431 0 0)
(0.704271 0 0)
(0.704232 0 0)
(0.704193 0 0)
(0.704154 0 0)
(0.704115 0 0)
(0.704076 0 0)
(0.704036 0 0)
(0.703997 0 0)
(0.703958 0 0)
(0.703918 0 0)
(0.703879 0 0)
(0.703839 0 0)
(0.703799 0 0)
(0.703759 0 0)
(0.70372 0 0)
(0.70368 0 0)
(0.70364 0 0)
(0.7036 0 0)
(0.70356 0 0)
(0.70352 0 0)
(0.70348 0 0)
(0.703439 0 0)
(0.703399 0 0)
(0.703359 0 0)
(0.703318 0 0)
(0.703278 0 0)
(0.703237 0 0)
(0.703197 0 0)
(0.703156 0 0)
(0.703116 0 0)
(0.703075 0 0)
(0.703034 0 0)
(0.702993 0 0)
(0.702952 0 0)
(0.702912 0 0)
(0.702871 0 0)
(0.70283 0 0)
(0.702788 0 0)
(0.702747 0 0)
(0.702706 0 0)
(0.702665 0 0)
(0.702624 0 0)
(0.702582 0 0)
(0.702541 0 0)
(0.702499 0 0)
(0.702458 0 0)
(0.702416 0 0)
(0.702375 0 0)
(0.702333 0 0)
(0.702292 0 0)
(0.70225 0 0)
(0.702208 0 0)
(0.702166 0 0)
(0.702124 0 0)
(0.702082 0 0)
(0.702041 0 0)
(0.701998 0 0)
(0.701956 0 0)
(0.701914 0 0)
(0.701872 0 0)
(0.70183 0 0)
(0.701788 0 0)
(0.701745 0 0)
(0.701703 0 0)
(0.701661 0 0)
(0.701618 0 0)
(0.701576 0 0)
(0.701533 0 0)
(0.701491 0 0)
(0.701448 0 0)
(0.701406 0 0)
(0.701363 0 0)
(0.70132 0 0)
(0.701277 0 0)
(0.701235 0 0)
(0.701192 0 0)
(0.701149 0 0)
(0.701106 0 0)
(0.701063 0 0)
(0.70102 0 0)
(0.700977 0 0)
(0.700934 0 0)
(0.700891 0 0)
(0.700847 0 0)
(0.700804 0 0)
(0.700761 0 0)
(0.700718 0 0)
(0.700674 0 0)
(0.700631 0 0)
(0.700587 0 0)
(0.700544 0 0)
(0.7005 0 0)
(0.700457 0 0)
(0.700413 0 0)
(0.70037 0 0)
(0.700326 0 0)
(0.700282 0 0)
(0.700239 0 0)
(0.700195 0 0)
(0.700151 0 0)
(0.700107 0 0)
(0.700063 0 0)
(0.700019 0 0)
(0.699975 0 0)
(0.699931 0 0)
(0.699887 0 0)
(0.699843 0 0)
(0.699799 0 0)
(0.699755 0 0)
(0.699711 0 0)
(0.699666 0 0)
(0.699622 0 0)
(0.699578 0 0)
(0.699534 0 0)
(0.699489 0 0)
(0.699445 0 0)
(0.6994 0 0)
(0.699356 0 0)
(0.699311 0 0)
(0.699267 0 0)
(0.699222 0 0)
(0.699178 0 0)
(0.699133 0 0)
(0.699088 0 0)
(0.699043 0 0)
(0.698999 0 0)
(0.698954 0 0)
(0.698909 0 0)
(0.698864 0 0)
(0.698819 0 0)
(0.698774 0 0)
(0.698729 0 0)
(0.698684 0 0)
(0.698639 0 0)
(0.698594 0 0)
(0.698549 0 0)
(0.698504 0 0)
(0.698459 0 0)
(0.698414 0 0)
(0.698368 0 0)
(0.698323 0 0)
(0.698278 0 0)
(0.698232 0 0)
(0.698187 0 0)
(0.698142 0 0)
(0.698096 0 0)
(0.698051 0 0)
(0.698005 0 0)
(0.69796 0 0)
(0.697914 0 0)
(0.697868 0 0)
(0.697823 0 0)
(0.697777 0 0)
(0.697731 0 0)
(0.697686 0 0)
(0.69764 0 0)
(0.697594 0 0)
(0.697548 0 0)
(0.697502 0 0)
(0.697457 0 0)
(0.697411 0 0)
(0.697365 0 0)
(0.697319 0 0)
(0.697273 0 0)
(0.697227 0 0)
(0.69718 0 0)
(0.697134 0 0)
(0.697088 0 0)
(0.697042 0 0)
(0.696996 0 0)
(0.696949 0 0)
(0.696903 0 0)
(0.696857 0 0)
(0.69681 0 0)
(0.696764 0 0)
(0.696718 0 0)
(0.696671 0 0)
(0.696625 0 0)
(0.696578 0 0)
(0.696532 0 0)
(0.696485 0 0)
(0.696438 0 0)
(0.696392 0 0)
(0.696345 0 0)
(0.696298 0 0)
(0.696252 0 0)
(0.696205 0 0)
(0.696158 0 0)
(0.696111 0 0)
(0.696064 0 0)
(0.696017 0 0)
(0.69597 0 0)
(0.695923 0 0)
(0.695876 0 0)
(0.695829 0 0)
(0.695782 0 0)
(0.695735 0 0)
(0.695688 0 0)
(0.695641 0 0)
(0.695594 0 0)
(0.695546 0 0)
(0.695499 0 0)
(0.695452 0 0)
(0.695404 0 0)
(0.695357 0 0)
(0.69531 0 0)
(0.695262 0 0)
(0.695215 0 0)
(0.695167 0 0)
(0.69512 0 0)
(0.695072 0 0)
(0.695024 0 0)
(0.694977 0 0)
(0.694929 0 0)
(0.694881 0 0)
(0.694833 0 0)
(0.694786 0 0)
(0.694738 0 0)
(0.69469 0 0)
(0.694642 0 0)
(0.694594 0 0)
(0.694546 0 0)
(0.694498 0 0)
(0.69445 0 0)
(0.694401 0 0)
(0.694353 0 0)
(0.694305 0 0)
(0.694257 0 0)
(0.694208 0 0)
(0.69416 0 0)
(0.694112 0 0)
(0.694063 0 0)
(0.694015 0 0)
(0.693966 0 0)
(0.693917 0 0)
(0.693869 0 0)
(0.69382 0 0)
(0.693771 0 0)
(0.693723 0 0)
(0.693674 0 0)
(0.693625 0 0)
(0.693576 0 0)
(0.693527 0 0)
(0.693478 0 0)
(0.693429 0 0)
(0.693379 0 0)
(0.69333 0 0)
(0.693281 0 0)
(0.693232 0 0)
(0.693182 0 0)
(0.693133 0 0)
(0.693083 0 0)
(0.693033 0 0)
(0.692984 0 0)
(0.692934 0 0)
(0.692884 0 0)
(0.692834 0 0)
(0.692784 0 0)
(0.692734 0 0)
(0.692684 0 0)
(0.692634 0 0)
(0.692583 0 0)
(0.692533 0 0)
(0.692482 0 0)
(0.692432 0 0)
(0.692381 0 0)
(0.69233 0 0)
(0.692279 0 0)
(0.692228 0 0)
(0.692177 0 0)
(0.692125 0 0)
(0.692074 0 0)
(0.692022 0 0)
(0.691971 0 0)
(0.691919 0 0)
(0.691867 0 0)
(0.691815 0 0)
(0.691762 0 0)
(0.69171 0 0)
(0.691657 0 0)
(0.691604 0 0)
(0.691551 0 0)
(0.691498 0 0)
(0.691444 0 0)
(0.69139 0 0)
(0.691336 0 0)
(0.691282 0 0)
(0.691228 0 0)
(0.691173 0 0)
(0.691117 0 0)
(0.691062 0 0)
(0.691006 0 0)
(0.69095 0 0)
(0.690893 0 0)
(0.690836 0 0)
(0.690778 0 0)
(0.69072 0 0)
(0.690662 0 0)
(0.690603 0 0)
(0.690543 0 0)
(0.690482 0 0)
(0.690421 0 0)
(0.690359 0 0)
(0.690296 0 0)
(0.690233 0 0)
(0.690168 0 0)
(0.690102 0 0)
(0.690035 0 0)
(0.689967 0 0)
(0.689897 0 0)
(0.689825 0 0)
(0.689752 0 0)
(0.689677 0 0)
(0.689599 0 0)
(0.689519 0 0)
(0.689436 0 0)
(0.68935 0 0)
(0.689261 0 0)
(0.689167 0 0)
(0.689069 0 0)
(0.688965 0 0)
(0.688854 0 0)
(0.688737 0 0)
(0.68861 0 0)
(0.688473 0 0)
(0.688324 0 0)
(0.688159 0 0)
(0.687975 0 0)
(0.687767 0 0)
(0.687529 0 0)
(0.687252 0 0)
(0.686922 0 0)
(0.68652 0 0)
(0.686015 0 0)
(0.685356 0 0)
(0.684454 0 0)
(0.683132 0 0)
(0.681003 0 0)
(0.677075 0 0)
(0.664177 0 0)
(0.648691 0 0)
(0.635595 0 0)
(0.61778 0 0)
(0.597752 0 0)
(0.579797 0 0)
(0.569128 0 0)
(0.569834 0 0)
(0.581838 0 0)
(0.599797 0 0)
(0.61631 0 0)
(0.626598 0 0)
(0.629979 0 0)
(0.628167 0 0)
(0.623331 0 0)
(0.617254 0 0)
(0.611239 0 0)
(0.606224 0 0)
(0.602855 0 0)
(0.601469 0 0)
(0.60203 0 0)
(0.604118 0 0)
(0.607026 0 0)
(0.609962 0 0)
(0.612273 0 0)
(0.613593 0 0)
(0.613863 0 0)
(0.613265 0 0)
(0.612116 0 0)
(0.610765 0 0)
(0.609523 0 0)
(0.608613 0 0)
(0.608149 0 0)
(0.608137 0 0)
(0.608489 0 0)
(0.60906 0 0)
(0.609686 0 0)
(0.610228 0 0)
(0.610589 0 0)
(0.610735 0 0)
(0.61068 0 0)
(0.610478 0 0)
(0.610201 0 0)
(0.609921 0 0)
(0.609696 0 0)
(0.609559 0 0)
(0.60952 0 0)
(0.609568 0 0)
(0.609674 0 0)
(0.609806 0 0)
(0.609929 0 0)
(0.610022 0 0)
(0.610071 0 0)
(0.610076 0 0)
(0.610044 0 0)
(0.60999 0 0)
(0.60993 0 0)
(0.609876 0 0)
(0.60984 0 0)
(0.609823 0 0)
(0.609827 0 0)
(0.609845 0 0)
(0.609871 0 0)
(0.609898 0 0)
(0.609921 0 0)
(0.609935 0 0)
(0.60994 0 0)
(0.609936 0 0)
(0.609926 0 0)
(0.609913 0 0)
(0.609901 0 0)
(0.609891 0 0)
(0.609886 0 0)
(0.609885 0 0)
(0.609888 0 0)
(0.609893 0 0)
(0.609899 0 0)
(0.609904 0 0)
(0.609907 0 0)
(0.609909 0 0)
(0.609909 0 0)
(0.609907 0 0)
(0.609904 0 0)
(0.609902 0 0)
(0.609899 0 0)
(0.609898 0 0)
(0.609897 0 0)
(0.609897 0 0)
(0.609898 0 0)
(0.609899 0 0)
(0.6099 0 0)
(0.609901 0 0)
(0.609901 0 0)
(0.609901 0 0)
(0.6099 0 0)
(0.6099 0 0)
(0.609899 0 0)
(0.609898 0 0)
(0.609897 0 0)
(0.609897 0 0)
(0.609896 0 0)
(0.609896 0 0)
(0.609895 0 0)
(0.609895 0 0)
(0.609894 0 0)
(0.609893 0 0)
(0.609892 0 0)
(0.609891 0 0)
(0.609889 0 0)
(0.609887 0 0)
(0.609885 0 0)
(0.609883 0 0)
(0.60988 0 0)
(0.609877 0 0)
(0.609874 0 0)
(0.60987 0 0)
(0.609866 0 0)
(0.609861 0 0)
(0.609857 0 0)
(0.609852 0 0)
(0.609846 0 0)
(0.609841 0 0)
(0.609835 0 0)
(0.609829 0 0)
(0.609823 0 0)
(0.609818 0 0)
(0.609812 0 0)
(0.609807 0 0)
(0.609802 0 0)
(0.609798 0 0)
(0.609795 0 0)
(0.609792 0 0)
(0.60979 0 0)
(0.609789 0 0)
(0.609788 0 0)
(0.609789 0 0)
(0.60979 0 0)
(0.609792 0 0)
(0.609795 0 0)
(0.609799 0 0)
(0.609803 0 0)
(0.609808 0 0)
(0.609813 0 0)
(0.609819 0 0)
(0.609825 0 0)
(0.609831 0 0)
(0.609838 0 0)
(0.609844 0 0)
(0.60985 0 0)
(0.609856 0 0)
(0.609861 0 0)
(0.609866 0 0)
(0.609871 0 0)
(0.609876 0 0)
(0.60988 0 0)
(0.609884 0 0)
(0.609887 0 0)
(0.60989 0 0)
(0.609893 0 0)
(0.609895 0 0)
(0.609897 0 0)
(0.609899 0 0)
(0.609901 0 0)
(0.609902 0 0)
(0.609903 0 0)
(0.609904 0 0)
(0.609904 0 0)
(0.609905 0 0)
(0.609905 0 0)
(0.609906 0 0)
(0.609906 0 0)
(0.609906 0 0)
(0.609906 0 0)
(0.609907 0 0)
(0.609907 0 0)
(0.609907 0 0)
(0.609907 0 0)
(0.609907 0 0)
(0.609907 0 0)
(0.609907 0 0)
(0.609907 0 0)
(0.609907 0 0)
(0.609907 0 0)
(0.609907 0 0)
(0.609907 0 0)
(0.609907 0 0)
(0.609906 0 0)
(0.609906 0 0)
(0.609906 0 0)
(0.609906 0 0)
(0.609906 0 0)
(0.609906 0 0)
(0.609906 0 0)
(0.609906 0 0)
(0.609906 0 0)
(0.609906 0 0)
(0.609906 0 0)
(0.609905 0 0)
(0.609905 0 0)
(0.609905 0 0)
(0.609905 0 0)
(0.609905 0 0)
(0.609905 0 0)
(0.609905 0 0)
(0.609904 0 0)
(0.609904 0 0)
(0.609904 0 0)
(0.609904 0 0)
(0.609904 0 0)
(0.609903 0 0)
(0.609903 0 0)
(0.609903 0 0)
(0.609902 0 0)
(0.609902 0 0)
(0.609901 0 0)
(0.609901 0 0)
(0.6099 0 0)
(0.6099 0 0)
(0.609899 0 0)
(0.609898 0 0)
(0.609897 0 0)
(0.609896 0 0)
(0.609895 0 0)
(0.609894 0 0)
(0.609893 0 0)
(0.609891 0 0)
(0.60989 0 0)
(0.609888 0 0)
(0.609887 0 0)
(0.609885 0 0)
(0.609883 0 0)
(0.609881 0 0)
(0.609878 0 0)
(0.609876 0 0)
(0.609873 0 0)
(0.609871 0 0)
(0.609868 0 0)
(0.609865 0 0)
(0.609862 0 0)
(0.609859 0 0)
(0.609856 0 0)
(0.609853 0 0)
(0.60985 0 0)
(0.609847 0 0)
(0.609844 0 0)
(0.609842 0 0)
(0.609839 0 0)
(0.609836 0 0)
(0.609834 0 0)
(0.609832 0 0)
(0.60983 0 0)
(0.609828 0 0)
(0.609827 0 0)
(0.609825 0 0)
(0.609824 0 0)
(0.609824 0 0)
(0.609823 0 0)
(0.609823 0 0)
(0.609824 0 0)
(0.609824 0 0)
(0.609825 0 0)
(0.609827 0 0)
(0.609828 0 0)
(0.60983 0 0)
(0.609832 0 0)
(0.609834 0 0)
(0.609837 0 0)
(0.609839 0 0)
(0.609842 0 0)
(0.609845 0 0)
(0.609848 0 0)
(0.609851 0 0)
(0.609854 0 0)
(0.609857 0 0)
(0.60986 0 0)
(0.609863 0 0)
(0.609866 0 0)
(0.609869 0 0)
(0.609872 0 0)
(0.609875 0 0)
(0.609878 0 0)
(0.60988 0 0)
(0.609882 0 0)
(0.609885 0 0)
(0.609887 0 0)
(0.609889 0 0)
(0.60989 0 0)
(0.609892 0 0)
(0.609893 0 0)
(0.609895 0 0)
(0.609896 0 0)
(0.609897 0 0)
(0.609898 0 0)
(0.609898 0 0)
(0.609899 0 0)
(0.609899 0 0)
(0.6099 0 0)
(0.6099 0 0)
(0.6099 0 0)
(0.6099 0 0)
(0.609899 0 0)
(0.609899 0 0)
(0.609899 0 0)
(0.609898 0 0)
(0.609897 0 0)
(0.609897 0 0)
(0.609896 0 0)
(0.609895 0 0)
(0.609894 0 0)
(0.609892 0 0)
(0.609891 0 0)
(0.60989 0 0)
(0.609888 0 0)
(0.609887 0 0)
(0.609885 0 0)
(0.609883 0 0)
(0.609881 0 0)
(0.609879 0 0)
(0.609877 0 0)
(0.609875 0 0)
(0.609873 0 0)
(0.609871 0 0)
(0.609869 0 0)
(0.609866 0 0)
(0.609864 0 0)
(0.609862 0 0)
(0.609859 0 0)
(0.609857 0 0)
(0.609855 0 0)
(0.609853 0 0)
(0.609851 0 0)
(0.609849 0 0)
(0.609847 0 0)
(0.609845 0 0)
(0.609844 0 0)
(0.609842 0 0)
(0.609841 0 0)
(0.60984 0 0)
(0.609839 0 0)
(0.609838 0 0)
(0.609837 0 0)
(0.609837 0 0)
(0.609837 0 0)
(0.609837 0 0)
(0.609837 0 0)
(0.609837 0 0)
(0.609838 0 0)
(0.609839 0 0)
(0.60984 0 0)
(0.609841 0 0)
(0.609842 0 0)
(0.609843 0 0)
(0.609845 0 0)
(0.609847 0 0)
(0.609848 0 0)
(0.60985 0 0)
(0.609852 0 0)
(0.609854 0 0)
(0.609856 0 0)
(0.609858 0 0)
(0.609861 0 0)
(0.609863 0 0)
(0.609865 0 0)
(0.609867 0 0)
(0.609869 0 0)
(0.609871 0 0)
(0.609873 0 0)
(0.609874 0 0)
(0.609876 0 0)
(0.609878 0 0)
(0.609879 0 0)
(0.60988 0 0)
(0.609882 0 0)
(0.609883 0 0)
(0.609883 0 0)
(0.609884 0 0)
(0.609885 0 0)
(0.609885 0 0)
(0.609885 0 0)
(0.609886 0 0)
(0.609886 0 0)
(0.609885 0 0)
(0.609885 0 0)
(0.609885 0 0)
(0.609884 0 0)
(0.609883 0 0)
(0.609882 0 0)
(0.609881 0 0)
(0.60988 0 0)
(0.609879 0 0)
(0.609878 0 0)
(0.609876 0 0)
(0.609875 0 0)
(0.609873 0 0)
(0.609872 0 0)
(0.60987 0 0)
(0.609868 0 0)
(0.609867 0 0)
(0.609865 0 0)
(0.609863 0 0)
(0.609862 0 0)
(0.60986 0 0)
(0.609858 0 0)
(0.609857 0 0)
(0.609855 0 0)
(0.609853 0 0)
(0.609852 0 0)
(0.609851 0 0)
(0.609849 0 0)
(0.609848 0 0)
(0.609847 0 0)
(0.609846 0 0)
(0.609846 0 0)
(0.609845 0 0)
(0.609844 0 0)
(0.609844 0 0)
(0.609844 0 0)
(0.609844 0 0)
(0.609844 0 0)
(0.609844 0 0)
(0.609844 0 0)
(0.609844 0 0)
(0.609845 0 0)
(0.609845 0 0)
(0.609846 0 0)
(0.609847 0 0)
(0.609848 0 0)
(0.609849 0 0)
(0.60985 0 0)
(0.609851 0 0)
(0.609852 0 0)
(0.609853 0 0)
(0.609854 0 0)
(0.609855 0 0)
(0.609856 0 0)
(0.609858 0 0)
(0.609859 0 0)
(0.60986 0 0)
(0.609861 0 0)
(0.609861 0 0)
(0.609862 0 0)
(0.609863 0 0)
(0.609864 0 0)
(0.609864 0 0)
(0.609865 0 0)
(0.609865 0 0)
(0.609865 0 0)
(0.609866 0 0)
(0.609866 0 0)
(0.609866 0 0)
(0.609866 0 0)
(0.609865 0 0)
(0.609865 0 0)
(0.609864 0 0)
(0.609864 0 0)
(0.609863 0 0)
(0.609863 0 0)
(0.609862 0 0)
(0.609861 0 0)
(0.60986 0 0)
(0.609859 0 0)
(0.609858 0 0)
(0.609857 0 0)
(0.609856 0 0)
(0.609855 0 0)
(0.609854 0 0)
(0.609853 0 0)
(0.609852 0 0)
(0.609851 0 0)
(0.60985 0 0)
)
;

boundaryField
{
    inlet
    {
        type            fractionalVelocity;
        U               1((1 0 0));
        fractionalFlow  Fa;
        value           uniform (0.709421 0 0);
    }
    outlet
    {
        type            zeroGradient;
    }
    emptyWalls
    {
        type            empty;
    }
}


// ************************************************************************* //
