/*--------------------------------*- C++ -*----------------------------------*\
  =========                 |
  \\      /  F ield         | OpenFOAM: The Open Source CFD Toolbox
   \\    /   O peration     | Website:  https://openfoam.org
    \\  /    A nd           | Version:  9
     \\/     M anipulation  |
\*---------------------------------------------------------------------------*/
FoamFile
{
    format      ascii;
    class       volScalarField;
    location    "7.3";
    object      AcumCoeff_csw;
}
// * * * * * * * * * * * * * * * * * * * * * * * * * * * * * * * * * * * * * //

dimensions      [0 0 0 0 0 0 0];

internalField   nonuniform List<scalar> 
1000
(
0.149608
0.149368
0.149148
0.148936
0.148731
0.148531
0.148334
0.148141
0.14795
0.147762
0.147577
0.147393
0.147211
0.147032
0.146854
0.146678
0.146504
0.146331
0.14616
0.14599
0.145822
0.145656
0.14549
0.145326
0.145164
0.145003
0.144843
0.144684
0.144527
0.14437
0.144215
0.144061
0.143908
0.143757
0.143606
0.143457
0.143308
0.143161
0.143014
0.142869
0.142724
0.142581
0.142438
0.142297
0.142156
0.142016
0.141877
0.141739
0.141602
0.141466
0.141331
0.141196
0.141062
0.14093
0.140797
0.140666
0.140536
0.140406
0.140277
0.140148
0.140021
0.139894
0.139768
0.139643
0.139518
0.139394
0.139271
0.139148
0.139026
0.138905
0.138784
0.138664
0.138545
0.138426
0.138308
0.13819
0.138073
0.137957
0.137841
0.137726
0.137612
0.137498
0.137384
0.137272
0.137159
0.137047
0.136936
0.136826
0.136715
0.136606
0.136497
0.136388
0.13628
0.136173
0.136065
0.135959
0.135853
0.135747
0.135642
0.135537
0.135433
0.135329
0.135226
0.135123
0.135021
0.134919
0.134818
0.134717
0.134616
0.134516
0.134416
0.134317
0.134218
0.134119
0.134021
0.133923
0.133826
0.133729
0.133633
0.133537
0.133441
0.133345
0.133251
0.133156
0.133062
0.132968
0.132874
0.132781
0.132688
0.132596
0.132504
0.132412
0.132321
0.13223
0.132139
0.132049
0.131959
0.131869
0.13178
0.131691
0.131602
0.131514
0.131426
0.131338
0.131251
0.131164
0.131077
0.13099
0.130904
0.130818
0.130733
0.130647
0.130562
0.130478
0.130393
0.130309
0.130225
0.130142
0.130058
0.129975
0.129893
0.12981
0.129728
0.129646
0.129564
0.129483
0.129402
0.129321
0.12924
0.12916
0.12908
0.129
0.128921
0.128841
0.128762
0.128683
0.128605
0.128526
0.128448
0.128371
0.128293
0.128216
0.128138
0.128061
0.127985
0.127908
0.127832
0.127756
0.12768
0.127605
0.127529
0.127454
0.127379
0.127305
0.12723
0.127156
0.127082
0.127008
0.126934
0.126861
0.126788
0.126715
0.126642
0.126569
0.126497
0.126425
0.126353
0.126281
0.126209
0.126138
0.126067
0.125996
0.125925
0.125854
0.125784
0.125713
0.125643
0.125573
0.125504
0.125434
0.125365
0.125296
0.125227
0.125158
0.125089
0.125021
0.124952
0.124884
0.124816
0.124749
0.124681
0.124613
0.124546
0.124479
0.124412
0.124345
0.124279
0.124212
0.124146
0.12408
0.124014
0.123948
0.123882
0.123817
0.123752
0.123686
0.123621
0.123556
0.123492
0.123427
0.123363
0.123298
0.123234
0.12317
0.123107
0.123043
0.122979
0.122916
0.122853
0.12279
0.122727
0.122664
0.122601
0.122539
0.122476
0.122414
0.122352
0.12229
0.122228
0.122166
0.122104
0.122043
0.121982
0.12192
0.121859
0.121798
0.121738
0.121677
0.121616
0.121556
0.121496
0.121436
0.121375
0.121316
0.121256
0.121196
0.121136
0.121077
0.121018
0.120959
0.120899
0.120841
0.120782
0.120723
0.120664
0.120606
0.120547
0.120489
0.120431
0.120373
0.120315
0.120257
0.1202
0.120142
0.120085
0.120027
0.11997
0.119913
0.119856
0.119799
0.119742
0.119685
0.119629
0.119572
0.119516
0.11946
0.119403
0.119347
0.119291
0.119235
0.11918
0.119124
0.119068
0.119013
0.118958
0.118902
0.118847
0.118792
0.118737
0.118682
0.118627
0.118573
0.118518
0.118464
0.118409
0.118355
0.118301
0.118246
0.118192
0.118138
0.118085
0.118031
0.117977
0.117924
0.11787
0.117817
0.117763
0.11771
0.117657
0.117604
0.117551
0.117498
0.117445
0.117393
0.11734
0.117287
0.117235
0.117183
0.11713
0.117078
0.117026
0.116974
0.116922
0.11687
0.116818
0.116767
0.116715
0.116663
0.116612
0.116561
0.116509
0.116458
0.116407
0.116356
0.116305
0.116254
0.116203
0.116152
0.116101
0.116051
0.116
0.11595
0.115899
0.115849
0.115799
0.115748
0.115698
0.115648
0.115598
0.115548
0.115498
0.115449
0.115399
0.115349
0.1153
0.11525
0.115201
0.115151
0.115102
0.115053
0.115004
0.114955
0.114906
0.114857
0.114808
0.114759
0.11471
0.114661
0.114613
0.114564
0.114516
0.114467
0.114419
0.11437
0.114322
0.114274
0.114226
0.114178
0.11413
0.114082
0.114034
0.113986
0.113938
0.11389
0.113843
0.113795
0.113747
0.1137
0.113652
0.113605
0.113558
0.11351
0.113463
0.113416
0.113369
0.113321
0.113274
0.113227
0.11318
0.113134
0.113087
0.11304
0.112993
0.112946
0.1129
0.112853
0.112807
0.11276
0.112714
0.112667
0.112621
0.112575
0.112528
0.112482
0.112436
0.11239
0.112344
0.112297
0.112251
0.112205
0.11216
0.112114
0.112068
0.112022
0.111976
0.11193
0.111885
0.111839
0.111793
0.111748
0.111702
0.111656
0.111611
0.111565
0.11152
0.111475
0.111429
0.111384
0.111338
0.111293
0.111248
0.111202
0.111157
0.111112
0.111067
0.111022
0.110976
0.110931
0.110886
0.110841
0.110796
0.110751
0.110706
0.110661
0.110615
0.11057
0.110525
0.11048
0.110435
0.11039
0.110345
0.1103
0.110255
0.11021
0.110165
0.110119
0.110074
0.110029
0.109984
0.109939
0.109893
0.109848
0.109803
0.109757
0.109712
0.109667
0.109621
0.109575
0.10953
0.109484
0.109438
0.109392
0.109346
0.1093
0.109254
0.109208
0.109161
0.109115
0.109068
0.109021
0.108974
0.108927
0.10888
0.108832
0.108784
0.108736
0.108688
0.108639
0.10859
0.108541
0.108492
0.108442
0.108391
0.108341
0.108289
0.108237
0.108185
0.108132
0.108079
0.108024
0.107969
0.107913
0.107856
0.107798
0.107738
0.107678
0.107616
0.107552
0.107487
0.107419
0.107349
0.107277
0.107202
0.107124
0.107041
0.106955
0.106863
0.106766
0.106662
0.106549
0.106427
0.106294
0.106146
0.105981
0.105794
0.105579
0.105327
0.105026
0.104658
0.104194
0.103584
0.102744
0.1015
0.0994589
0.0954776
0.0847023
0.067608
0.066367
0.0665257
0.0670164
0.067367
0.0675396
0.0675907
0.0675433
0.0674088
0.0672283
0.0670653
0.0669651
0.066936
0.0669612
0.0670177
0.0670857
0.0671508
0.0672031
0.0672365
0.0672483
0.0672397
0.0672156
0.0671838
0.0671524
0.0671282
0.0671148
0.0671126
0.0671195
0.0671319
0.0671462
0.067159
0.0671681
0.0671725
0.0671721
0.0671681
0.0671619
0.0671553
0.0671498
0.0671463
0.067145
0.0671458
0.0671481
0.067151
0.0671539
0.0671561
0.0671572
0.0671573
0.0671565
0.0671551
0.0671535
0.0671519
0.0671508
0.0671501
0.0671498
0.06715
0.0671503
0.0671507
0.067151
0.0671512
0.0671511
0.0671509
0.0671505
0.0671501
0.0671497
0.0671495
0.0671493
0.0671493
0.0671494
0.0671496
0.0671498
0.0671499
0.0671501
0.0671501
0.0671501
0.06715
0.0671498
0.0671496
0.0671494
0.0671492
0.067149
0.0671488
0.0671486
0.0671484
0.0671482
0.0671481
0.067148
0.0671479
0.0671477
0.0671477
0.0671476
0.0671475
0.0671475
0.0671475
0.0671474
0.0671474
0.0671474
0.0671474
0.0671473
0.0671473
0.0671472
0.0671471
0.067147
0.0671468
0.0671466
0.0671464
0.0671462
0.067146
0.0671457
0.0671455
0.0671452
0.067145
0.0671447
0.0671445
0.0671442
0.067144
0.0671438
0.0671436
0.0671434
0.0671432
0.0671431
0.0671429
0.0671428
0.0671427
0.0671426
0.0671425
0.0671424
0.0671423
0.0671423
0.0671422
0.0671421
0.0671421
0.067142
0.0671419
0.0671419
0.0671418
0.0671418
0.0671417
0.0671416
0.0671415
0.0671414
0.0671414
0.0671413
0.0671412
0.067141
0.0671409
0.0671408
0.0671407
0.0671405
0.0671404
0.0671402
0.06714
0.0671398
0.0671397
0.0671395
0.0671393
0.067139
0.0671388
0.0671386
0.0671384
0.0671381
0.0671379
0.0671376
0.0671374
0.0671371
0.0671369
0.0671366
0.0671364
0.0671362
0.0671359
0.0671357
0.0671355
0.0671353
0.0671351
0.0671349
0.0671347
0.0671345
0.0671343
0.0671342
0.0671341
0.0671339
0.0671338
0.0671337
0.0671336
0.0671335
0.0671334
0.0671333
0.0671332
0.0671332
0.0671331
0.0671331
0.067133
0.0671329
0.0671329
0.0671328
0.0671328
0.0671327
0.0671326
0.0671326
0.0671325
0.0671324
0.0671324
0.0671323
0.0671322
0.0671321
0.067132
0.0671319
0.0671318
0.0671317
0.0671316
0.0671315
0.0671314
0.0671313
0.0671311
0.067131
0.0671309
0.0671308
0.0671306
0.0671305
0.0671304
0.0671302
0.0671301
0.0671299
0.0671298
0.0671296
0.0671294
0.0671293
0.0671291
0.0671289
0.0671288
0.0671286
0.0671284
0.0671282
0.067128
0.0671279
0.0671277
0.0671275
0.0671273
0.0671271
0.0671269
0.0671267
0.0671265
0.0671263
0.067126
0.0671258
0.0671256
0.0671254
0.0671252
0.067125
0.0671248
0.0671246
0.0671244
0.0671242
0.0671241
0.0671239
0.0671237
0.0671235
0.0671234
0.0671232
0.067123
0.0671229
0.0671227
0.0671226
0.0671224
0.0671223
0.0671222
0.0671221
0.0671219
0.0671218
0.0671217
0.0671216
0.0671215
0.0671213
0.0671212
0.0671211
0.067121
0.0671209
0.0671208
0.0671206
0.0671205
0.0671204
0.0671203
0.0671202
0.06712
0.0671199
0.0671198
0.0671196
0.0671195
0.0671193
0.0671192
0.067119
0.0671189
0.0671187
0.0671186
0.0671184
0.0671183
0.0671181
0.0671179
0.0671177
0.0671176
0.0671174
0.0671172
0.067117
0.0671169
0.0671167
0.0671165
0.0671163
0.0671161
0.0671159
0.0671158
0.0671156
0.0671154
0.0671152
0.067115
0.0671148
0.0671146
0.0671144
0.0671143
0.0671141
0.0671139
0.0671137
0.0671135
0.0671133
0.0671131
0.067113
0.0671128
0.0671126
0.0671124
0.0671122
0.067112
0.0671119
0.0671117
0.0671115
0.0671113
0.0671112
0.067111
0.0671108
0.0671107
0.0671105
0.0671103
0.0671102
0.06711
0.0671098
0.0671097
0.0671095
0.0671094
0.0671092
0.0671091
0.0671089
0.0671088
0.0671086
0.0671085
0.0671083
0.0671082
0.067108
0.0671079
0.0671077
0.0671076
0.0671074
0.0671073
0.0671071
0.067107
0.0671068
0.0671066
0.0671065
0.0671063
0.0671062
0.067106
0.0671058
0.0671057
0.0671055
0.0671054
0.0671052
0.067105
0.0671048
0.0671047
0.0671045
0.0671043
0.0671041
0.067104
0.0671038
0.0671036
0.0671034
0.0671033
0.0671031
0.0671029
0.0671027
0.0671025
0.0671023
0.0671022
0.067102
0.0671018
0.0671016
0.0671014
0.0671012
0.0671011
0.0671009
0.0671007
0.0671005
0.0671003
0.0671001
0.0670999
0.0670997
0.0670996
0.0670994
0.0670992
0.067099
0.0670988
0.0670986
0.0670984
0.0670982
0.067098
0.0670978
0.0670976
0.0670974
)
;

boundaryField
{
    inlet
    {
        type            calculated;
        value           uniform 0.15;
    }
    outlet
    {
        type            calculated;
        value           uniform 0.0670974;
    }
    emptyWalls
    {
        type            empty;
    }
}


// ************************************************************************* //
