/*--------------------------------*- C++ -*----------------------------------*\
  =========                 |
  \\      /  F ield         | OpenFOAM: The Open Source CFD Toolbox
   \\    /   O peration     | Website:  https://openfoam.org
    \\  /    A nd           | Version:  9
     \\/     M anipulation  |
\*---------------------------------------------------------------------------*/
FoamFile
{
    format      ascii;
    class       volScalarField;
    location    "7.3";
    object      krb;
}
// * * * * * * * * * * * * * * * * * * * * * * * * * * * * * * * * * * * * * //

dimensions      [0 0 0 0 0 0 0];

internalField   nonuniform List<scalar> 
1000
(
0.30098
0.299777
0.298669
0.297611
0.296586
0.295586
0.294606
0.293644
0.292697
0.291765
0.290845
0.289938
0.289042
0.288157
0.287282
0.286417
0.285562
0.284716
0.283879
0.283051
0.282231
0.281419
0.280616
0.27982
0.279032
0.278251
0.277477
0.276711
0.275952
0.275199
0.274453
0.273714
0.272981
0.272254
0.271534
0.270819
0.270111
0.269408
0.268712
0.26802
0.267335
0.266655
0.26598
0.265311
0.264646
0.263987
0.263333
0.262684
0.26204
0.261401
0.260766
0.260136
0.259511
0.25889
0.258273
0.257662
0.257054
0.256451
0.255852
0.255257
0.254666
0.254079
0.253497
0.252918
0.252343
0.251772
0.251205
0.250641
0.250081
0.249525
0.248972
0.248423
0.247878
0.247336
0.246797
0.246262
0.24573
0.245201
0.244676
0.244154
0.243635
0.243119
0.242606
0.242097
0.24159
0.241087
0.240586
0.240088
0.239593
0.239102
0.238612
0.238126
0.237643
0.237162
0.236684
0.236208
0.235735
0.235265
0.234798
0.234333
0.23387
0.23341
0.232953
0.232498
0.232045
0.231595
0.231147
0.230702
0.230259
0.229818
0.229379
0.228943
0.228509
0.228077
0.227648
0.22722
0.226795
0.226372
0.225951
0.225532
0.225115
0.2247
0.224287
0.223876
0.223468
0.223061
0.222656
0.222253
0.221852
0.221453
0.221056
0.22066
0.220267
0.219875
0.219485
0.219097
0.218711
0.218326
0.217944
0.217563
0.217183
0.216806
0.21643
0.216055
0.215683
0.215312
0.214943
0.214575
0.214209
0.213844
0.213481
0.21312
0.21276
0.212402
0.212045
0.21169
0.211336
0.210984
0.210633
0.210284
0.209936
0.20959
0.209245
0.208901
0.208559
0.208218
0.207879
0.20754
0.207204
0.206868
0.206534
0.206202
0.20587
0.20554
0.205212
0.204884
0.204558
0.204233
0.203909
0.203587
0.203266
0.202946
0.202627
0.20231
0.201993
0.201678
0.201364
0.201051
0.20074
0.200429
0.20012
0.199812
0.199505
0.199199
0.198894
0.19859
0.198288
0.197986
0.197686
0.197386
0.197088
0.196791
0.196495
0.1962
0.195906
0.195613
0.195321
0.19503
0.19474
0.194451
0.194162
0.193875
0.193589
0.193304
0.19302
0.192737
0.192455
0.192174
0.191893
0.191614
0.191336
0.191058
0.190782
0.190506
0.190231
0.189957
0.189684
0.189412
0.189141
0.188871
0.188601
0.188333
0.188065
0.187798
0.187532
0.187267
0.187002
0.186739
0.186476
0.186214
0.185953
0.185693
0.185434
0.185175
0.184917
0.18466
0.184404
0.184148
0.183894
0.18364
0.183386
0.183134
0.182882
0.182631
0.182381
0.182132
0.181883
0.181635
0.181388
0.181141
0.180896
0.180651
0.180406
0.180163
0.17992
0.179677
0.179436
0.179195
0.178955
0.178715
0.178477
0.178238
0.178001
0.177764
0.177528
0.177293
0.177058
0.176824
0.17659
0.176357
0.176125
0.175893
0.175662
0.175432
0.175202
0.174973
0.174745
0.174517
0.17429
0.174063
0.173837
0.173612
0.173387
0.173163
0.172939
0.172716
0.172493
0.172271
0.17205
0.171829
0.171609
0.17139
0.171171
0.170952
0.170734
0.170517
0.1703
0.170084
0.169868
0.169653
0.169438
0.169224
0.169011
0.168798
0.168585
0.168373
0.168162
0.167951
0.16774
0.167531
0.167321
0.167112
0.166904
0.166696
0.166489
0.166282
0.166076
0.16587
0.165664
0.165459
0.165255
0.165051
0.164848
0.164645
0.164442
0.16424
0.164039
0.163838
0.163637
0.163437
0.163237
0.163038
0.162839
0.162641
0.162443
0.162246
0.162049
0.161852
0.161656
0.161461
0.161266
0.161071
0.160876
0.160683
0.160489
0.160296
0.160103
0.159911
0.15972
0.159528
0.159337
0.159147
0.158957
0.158767
0.158578
0.158389
0.1582
0.158012
0.157825
0.157637
0.15745
0.157264
0.157078
0.156892
0.156707
0.156522
0.156337
0.156153
0.155969
0.155786
0.155603
0.15542
0.155238
0.155056
0.154875
0.154693
0.154513
0.154332
0.154152
0.153972
0.153793
0.153614
0.153435
0.153257
0.153079
0.152901
0.152724
0.152547
0.15237
0.152194
0.152018
0.151843
0.151667
0.151493
0.151318
0.151144
0.15097
0.150796
0.150623
0.15045
0.150277
0.150105
0.149933
0.149761
0.14959
0.149419
0.149248
0.149078
0.148908
0.148738
0.148568
0.148399
0.14823
0.148061
0.147893
0.147725
0.147557
0.14739
0.147223
0.147056
0.146889
0.146723
0.146557
0.146391
0.146226
0.146061
0.145896
0.145731
0.145567
0.145403
0.145239
0.145075
0.144912
0.144749
0.144586
0.144424
0.144261
0.144099
0.143937
0.143776
0.143615
0.143454
0.143293
0.143132
0.142972
0.142812
0.142652
0.142493
0.142333
0.142174
0.142015
0.141857
0.141698
0.14154
0.141382
0.141224
0.141066
0.140909
0.140752
0.140595
0.140438
0.140281
0.140125
0.139969
0.139813
0.139657
0.139501
0.139346
0.139191
0.139036
0.138881
0.138726
0.138571
0.138417
0.138263
0.138109
0.137955
0.137801
0.137647
0.137493
0.13734
0.137187
0.137034
0.13688
0.136727
0.136575
0.136422
0.136269
0.136117
0.135964
0.135812
0.135659
0.135507
0.135355
0.135202
0.13505
0.134898
0.134746
0.134594
0.134441
0.134289
0.134137
0.133985
0.133832
0.13368
0.133527
0.133375
0.133222
0.133069
0.132916
0.132763
0.13261
0.132456
0.132302
0.132148
0.131994
0.131839
0.131684
0.131529
0.131373
0.131217
0.13106
0.130903
0.130745
0.130586
0.130427
0.130267
0.130106
0.129944
0.129782
0.129618
0.129453
0.129287
0.129119
0.128951
0.12878
0.128608
0.128433
0.128257
0.128078
0.127897
0.127713
0.127526
0.127336
0.127142
0.126944
0.126741
0.126533
0.12632
0.1261
0.125873
0.125638
0.125393
0.125138
0.124872
0.124591
0.124295
0.12398
0.123644
0.123282
0.122889
0.12246
0.121986
0.121457
0.120859
0.120174
0.119374
0.118422
0.117262
0.115806
0.113909
0.111319
0.107538
0.101471
0.0901362
0.0627853
0.0384059
0.0359662
0.0363206
0.0373145
0.038021
0.0383645
0.0384582
0.0383488
0.0380635
0.0376927
0.0373661
0.0371715
0.0371203
0.0371765
0.0372932
0.0374315
0.0375628
0.0376674
0.037733
0.0377546
0.0377349
0.0376845
0.0376192
0.0375559
0.0375078
0.0374819
0.0374787
0.0374935
0.0375192
0.0375482
0.0375739
0.037592
0.0376002
0.037599
0.0375904
0.0375777
0.0375644
0.0375534
0.0375465
0.0375442
0.0375461
0.0375508
0.0375568
0.0375625
0.0375668
0.0375691
0.0375692
0.0375674
0.0375645
0.0375612
0.0375581
0.0375558
0.0375544
0.037554
0.0375543
0.037555
0.0375558
0.0375565
0.0375567
0.0375566
0.0375561
0.0375553
0.0375545
0.0375538
0.0375533
0.037553
0.037553
0.0375532
0.0375536
0.0375539
0.0375543
0.0375545
0.0375546
0.0375545
0.0375543
0.0375539
0.0375535
0.0375531
0.0375527
0.0375522
0.0375518
0.0375515
0.0375511
0.0375508
0.0375505
0.0375503
0.03755
0.0375498
0.0375496
0.0375495
0.0375493
0.0375493
0.0375492
0.0375492
0.0375491
0.0375491
0.0375491
0.037549
0.0375489
0.0375487
0.0375485
0.0375482
0.0375479
0.0375475
0.0375471
0.0375467
0.0375462
0.0375457
0.0375452
0.0375447
0.0375442
0.0375437
0.0375432
0.0375427
0.0375422
0.0375418
0.0375414
0.037541
0.0375407
0.0375404
0.0375401
0.0375398
0.0375396
0.0375394
0.0375392
0.037539
0.0375389
0.0375387
0.0375386
0.0375385
0.0375383
0.0375382
0.0375381
0.0375379
0.0375378
0.0375377
0.0375375
0.0375374
0.0375372
0.0375371
0.0375369
0.0375367
0.0375365
0.0375362
0.037536
0.0375357
0.0375355
0.0375352
0.0375349
0.0375345
0.0375342
0.0375338
0.0375334
0.037533
0.0375326
0.0375322
0.0375317
0.0375313
0.0375308
0.0375303
0.0375298
0.0375293
0.0375288
0.0375283
0.0375278
0.0375273
0.0375268
0.0375264
0.0375259
0.0375254
0.037525
0.0375246
0.0375241
0.0375238
0.0375234
0.037523
0.0375227
0.0375224
0.0375221
0.0375218
0.0375216
0.0375214
0.0375212
0.037521
0.0375208
0.0375206
0.0375205
0.0375204
0.0375202
0.0375201
0.03752
0.0375199
0.0375197
0.0375196
0.0375195
0.0375194
0.0375193
0.0375191
0.037519
0.0375188
0.0375187
0.0375185
0.0375184
0.0375182
0.037518
0.0375178
0.0375176
0.0375174
0.0375172
0.0375169
0.0375167
0.0375165
0.0375162
0.037516
0.0375157
0.0375155
0.0375152
0.0375149
0.0375146
0.0375143
0.037514
0.0375137
0.0375134
0.0375131
0.0375128
0.0375125
0.0375121
0.0375118
0.0375114
0.0375111
0.0375107
0.0375104
0.03751
0.0375096
0.0375092
0.0375088
0.0375084
0.037508
0.0375076
0.0375072
0.0375068
0.0375063
0.0375059
0.0375055
0.0375051
0.0375047
0.0375043
0.0375039
0.0375035
0.0375031
0.0375027
0.0375023
0.0375019
0.0375015
0.0375012
0.0375008
0.0375005
0.0375002
0.0374998
0.0374995
0.0374992
0.0374989
0.0374987
0.0374984
0.0374981
0.0374979
0.0374976
0.0374974
0.0374971
0.0374969
0.0374967
0.0374964
0.0374962
0.037496
0.0374957
0.0374955
0.0374953
0.037495
0.0374948
0.0374945
0.0374943
0.037494
0.0374938
0.0374935
0.0374932
0.037493
0.0374927
0.0374924
0.0374921
0.0374918
0.0374915
0.0374912
0.0374909
0.0374905
0.0374902
0.0374899
0.0374895
0.0374892
0.0374888
0.0374885
0.0374881
0.0374878
0.0374874
0.037487
0.0374867
0.0374863
0.0374859
0.0374855
0.0374852
0.0374848
0.0374844
0.037484
0.0374836
0.0374833
0.0374829
0.0374825
0.0374821
0.0374817
0.0374814
0.037481
0.0374806
0.0374802
0.0374799
0.0374795
0.0374791
0.0374787
0.0374784
0.037478
0.0374776
0.0374773
0.0374769
0.0374766
0.0374762
0.0374759
0.0374755
0.0374752
0.0374748
0.0374745
0.0374742
0.0374738
0.0374735
0.0374732
0.0374729
0.0374726
0.0374722
0.0374719
0.0374716
0.0374713
0.037471
0.0374707
0.0374704
0.0374701
0.0374698
0.0374695
0.0374692
0.0374689
0.0374686
0.0374683
0.037468
0.0374677
0.0374674
0.0374671
0.0374667
0.0374664
0.0374661
0.0374658
0.0374655
0.0374651
0.0374648
0.0374645
0.0374641
0.0374638
0.0374635
0.0374631
0.0374628
0.0374624
0.0374621
0.0374617
0.0374613
0.037461
0.0374606
0.0374603
0.0374599
0.0374595
0.0374592
0.0374588
0.0374584
0.0374581
0.0374577
0.0374573
0.037457
0.0374566
0.0374562
0.0374558
0.0374555
0.0374551
0.0374547
0.0374543
0.037454
0.0374536
0.0374532
0.0374528
0.0374524
0.037452
0.0374517
0.0374513
0.0374509
0.0374505
0.0374501
0.0374497
0.0374493
0.0374489
0.0374485
0.0374481
)
;

boundaryField
{
    inlet
    {
        type            calculated;
        value           uniform 0.302959;
    }
    outlet
    {
        type            calculated;
        value           uniform 0.0374481;
    }
    emptyWalls
    {
        type            empty;
    }
}


// ************************************************************************* //
