/*--------------------------------*- C++ -*----------------------------------*\
  =========                 |
  \\      /  F ield         | OpenFOAM: The Open Source CFD Toolbox
   \\    /   O peration     | Website:  https://openfoam.org
    \\  /    A nd           | Version:  9
     \\/     M anipulation  |
\*---------------------------------------------------------------------------*/
FoamFile
{
    format      ascii;
    class       volScalarField;
    location    "7.3";
    object      Sc;
}
// * * * * * * * * * * * * * * * * * * * * * * * * * * * * * * * * * * * * * //

dimensions      [0 0 0 0 0 0 0];

internalField   nonuniform List<scalar> 
1000
(
0.00212522
0.00342118
0.00461526
0.0057579
0.00686673
0.00795019
0.00901309
0.0100585
0.0110884
0.0121044
0.0131075
0.0140987
0.0150787
0.016048
0.0170072
0.0179567
0.0188968
0.019828
0.0207504
0.0216643
0.0225701
0.0234679
0.0243579
0.0252403
0.0261153
0.0269831
0.0278438
0.0286976
0.0295447
0.030385
0.0312189
0.0320464
0.0328676
0.0336827
0.0344917
0.0352948
0.0360921
0.0368836
0.0376695
0.0384499
0.0392248
0.0399943
0.0407586
0.0415176
0.0422716
0.0430205
0.0437644
0.0445034
0.0452376
0.0459671
0.0466919
0.047412
0.0481276
0.0488387
0.0495454
0.0502477
0.0509458
0.0516395
0.0523291
0.0530145
0.0536959
0.0543732
0.0550465
0.0557159
0.0563815
0.0570432
0.0577011
0.0583553
0.0590058
0.0596526
0.0602958
0.0609355
0.0615717
0.0622044
0.0628337
0.0634595
0.0640821
0.0647013
0.0653172
0.0659299
0.0665394
0.0671457
0.0677489
0.0683489
0.068946
0.06954
0.070131
0.070719
0.0713041
0.0718863
0.0724657
0.0730422
0.0736158
0.0741868
0.0747549
0.0753203
0.0758831
0.0764432
0.0770006
0.0775554
0.0781077
0.0786573
0.0792045
0.0797491
0.0802912
0.0808309
0.0813682
0.081903
0.0824355
0.0829655
0.0834933
0.0840187
0.0845418
0.0850626
0.0855812
0.0860975
0.0866117
0.0871236
0.0876334
0.088141
0.0886464
0.0891498
0.0896511
0.0901502
0.0906474
0.0911424
0.0916355
0.0921266
0.0926156
0.0931027
0.0935879
0.0940711
0.0945524
0.0950318
0.0955093
0.0959849
0.0964587
0.0969307
0.0974008
0.0978691
0.0983356
0.0988004
0.0992634
0.0997246
0.100184
0.100642
0.101098
0.101552
0.102005
0.102456
0.102906
0.103353
0.103799
0.104244
0.104687
0.105128
0.105568
0.106006
0.106443
0.106878
0.107312
0.107744
0.108174
0.108603
0.109031
0.109457
0.109882
0.110305
0.110727
0.111147
0.111566
0.111984
0.1124
0.112815
0.113228
0.11364
0.114051
0.11446
0.114868
0.115275
0.11568
0.116084
0.116487
0.116889
0.117289
0.117688
0.118085
0.118482
0.118877
0.119271
0.119664
0.120055
0.120446
0.120835
0.121223
0.12161
0.121995
0.12238
0.122763
0.123145
0.123526
0.123906
0.124284
0.124662
0.125038
0.125414
0.125788
0.126161
0.126533
0.126904
0.127274
0.127643
0.128011
0.128378
0.128744
0.129108
0.129472
0.129835
0.130196
0.130557
0.130917
0.131275
0.131633
0.13199
0.132345
0.1327
0.133054
0.133406
0.133758
0.134109
0.134459
0.134808
0.135156
0.135503
0.13585
0.136195
0.136539
0.136883
0.137226
0.137567
0.137908
0.138248
0.138587
0.138926
0.139263
0.139599
0.139935
0.14027
0.140604
0.140937
0.141269
0.141601
0.141931
0.142261
0.14259
0.142918
0.143246
0.143572
0.143898
0.144223
0.144547
0.144871
0.145193
0.145515
0.145836
0.146157
0.146476
0.146795
0.147113
0.147431
0.147747
0.148063
0.148378
0.148693
0.149006
0.149319
0.149631
0.149943
0.150254
0.150564
0.150873
0.151182
0.15149
0.151797
0.152104
0.15241
0.152715
0.15302
0.153323
0.153627
0.153929
0.154231
0.154532
0.154833
0.155133
0.155432
0.155731
0.156029
0.156326
0.156623
0.156919
0.157214
0.157509
0.157804
0.158097
0.15839
0.158683
0.158974
0.159266
0.159556
0.159846
0.160135
0.160424
0.160712
0.161
0.161287
0.161574
0.161859
0.162145
0.162429
0.162714
0.162997
0.16328
0.163563
0.163845
0.164126
0.164407
0.164687
0.164967
0.165246
0.165525
0.165803
0.16608
0.166357
0.166634
0.16691
0.167185
0.16746
0.167735
0.168009
0.168282
0.168555
0.168827
0.169099
0.16937
0.169641
0.169912
0.170182
0.170451
0.17072
0.170988
0.171256
0.171524
0.171791
0.172057
0.172323
0.172589
0.172854
0.173118
0.173382
0.173646
0.173909
0.174172
0.174434
0.174696
0.174958
0.175218
0.175479
0.175739
0.175999
0.176258
0.176516
0.176775
0.177033
0.17729
0.177547
0.177804
0.17806
0.178315
0.178571
0.178826
0.17908
0.179334
0.179588
0.179841
0.180094
0.180346
0.180598
0.18085
0.181101
0.181352
0.181602
0.181852
0.182102
0.182351
0.1826
0.182848
0.183096
0.183344
0.183591
0.183838
0.184085
0.184331
0.184577
0.184822
0.185068
0.185312
0.185557
0.185801
0.186044
0.186288
0.186531
0.186773
0.187015
0.187257
0.187499
0.18774
0.187981
0.188221
0.188462
0.188701
0.188941
0.18918
0.189419
0.189657
0.189896
0.190133
0.190371
0.190608
0.190845
0.191082
0.191318
0.191554
0.19179
0.192025
0.19226
0.192495
0.192729
0.192964
0.193197
0.193431
0.193664
0.193897
0.19413
0.194362
0.194595
0.194826
0.195058
0.195289
0.19552
0.195751
0.195982
0.196212
0.196442
0.196672
0.196901
0.19713
0.197359
0.197588
0.197817
0.198045
0.198273
0.198501
0.198728
0.198956
0.199183
0.19941
0.199636
0.199863
0.200089
0.200315
0.200541
0.200766
0.200992
0.201217
0.201442
0.201667
0.201892
0.202116
0.20234
0.202565
0.202789
0.203013
0.203236
0.20346
0.203683
0.203907
0.20413
0.204353
0.204576
0.204799
0.205021
0.205244
0.205467
0.205689
0.205912
0.206134
0.206356
0.206578
0.206801
0.207023
0.207245
0.207467
0.20769
0.207912
0.208134
0.208356
0.208579
0.208801
0.209024
0.209246
0.209469
0.209692
0.209915
0.210139
0.210362
0.210586
0.21081
0.211034
0.211259
0.211483
0.211709
0.211934
0.21216
0.212387
0.212614
0.212842
0.21307
0.213299
0.213528
0.213759
0.21399
0.214222
0.214455
0.214689
0.214924
0.215161
0.215398
0.215637
0.215878
0.21612
0.216364
0.21661
0.216858
0.217109
0.217361
0.217617
0.217875
0.218137
0.218402
0.218672
0.218945
0.219223
0.219506
0.219795
0.22009
0.220392
0.220702
0.22102
0.221348
0.221687
0.222039
0.222404
0.222785
0.223184
0.223604
0.224048
0.22452
0.225025
0.225569
0.226159
0.226804
0.227518
0.228316
0.229219
0.230256
0.231468
0.232913
0.234679
0.236903
0.23981
0.243803
0.249673
0.2592
0.277341
0.324418
0.459922
0.46515
0.466209
0.466416
0.467034
0.46785
0.468339
0.468211
0.467509
0.466536
0.465665
0.465134
0.464979
0.465111
0.465408
0.465767
0.466112
0.466391
0.46657
0.466635
0.466593
0.46647
0.466306
0.466145
0.466022
0.465955
0.465948
0.465987
0.466056
0.466133
0.466203
0.466252
0.466275
0.466273
0.466251
0.466217
0.466182
0.466152
0.466132
0.466125
0.466129
0.466141
0.466157
0.466173
0.466185
0.466192
0.466194
0.466191
0.466184
0.466177
0.466169
0.466164
0.466161
0.46616
0.466162
0.466164
0.466167
0.46617
0.466171
0.466172
0.466172
0.466171
0.466171
0.46617
0.46617
0.46617
0.466171
0.466173
0.466175
0.466177
0.466179
0.46618
0.466182
0.466183
0.466184
0.466185
0.466186
0.466186
0.466187
0.466188
0.466189
0.466189
0.46619
0.466191
0.466192
0.466192
0.466192
0.466192
0.466192
0.466192
0.466192
0.466191
0.466191
0.466191
0.46619
0.46619
0.466189
0.466189
0.466188
0.466188
0.466187
0.466187
0.466187
0.466187
0.466187
0.466187
0.466187
0.466187
0.466188
0.466189
0.46619
0.466191
0.466192
0.466193
0.466194
0.466195
0.466197
0.466198
0.466199
0.4662
0.466202
0.466203
0.466204
0.466205
0.466206
0.466207
0.466208
0.466208
0.466209
0.46621
0.46621
0.466211
0.466211
0.466212
0.466212
0.466213
0.466213
0.466213
0.466214
0.466214
0.466214
0.466215
0.466215
0.466215
0.466216
0.466216
0.466216
0.466217
0.466217
0.466218
0.466218
0.466219
0.466219
0.46622
0.46622
0.466221
0.466221
0.466222
0.466222
0.466223
0.466223
0.466224
0.466224
0.466225
0.466225
0.466226
0.466226
0.466226
0.466227
0.466227
0.466227
0.466227
0.466228
0.466228
0.466228
0.466228
0.466228
0.466229
0.466229
0.466229
0.466229
0.466229
0.46623
0.46623
0.46623
0.466231
0.466231
0.466231
0.466232
0.466232
0.466233
0.466233
0.466234
0.466235
0.466235
0.466236
0.466236
0.466237
0.466238
0.466238
0.466239
0.46624
0.46624
0.466241
0.466242
0.466242
0.466243
0.466244
0.466244
0.466245
0.466245
0.466246
0.466246
0.466247
0.466247
0.466248
0.466248
0.466249
0.466249
0.46625
0.46625
0.466251
0.466251
0.466252
0.466252
0.466252
0.466253
0.466253
0.466254
0.466254
0.466254
0.466255
0.466255
0.466255
0.466256
0.466256
0.466257
0.466257
0.466257
0.466258
0.466258
0.466258
0.466259
0.466259
0.466259
0.46626
0.46626
0.466261
0.466261
0.466261
0.466262
0.466262
0.466263
0.466263
0.466264
0.466264
0.466265
0.466265
0.466266
0.466266
0.466267
0.466267
0.466268
0.466269
0.466269
0.46627
0.466271
0.466271
0.466272
0.466273
0.466273
0.466274
0.466275
0.466275
0.466276
0.466277
0.466277
0.466278
0.466279
0.466279
0.46628
0.466281
0.466281
0.466282
0.466283
0.466283
0.466284
0.466285
0.466285
0.466286
0.466286
0.466287
0.466288
0.466288
0.466289
0.466289
0.46629
0.466291
0.466291
0.466292
0.466292
0.466293
0.466293
0.466294
0.466294
0.466295
0.466295
0.466296
0.466296
0.466297
0.466297
0.466298
0.466298
0.466299
0.466299
0.4663
0.4663
0.4663
0.466301
0.466301
0.466302
0.466302
0.466302
0.466303
0.466303
0.466303
0.466304
0.466304
0.466305
0.466305
0.466305
0.466306
0.466306
0.466306
0.466307
0.466307
0.466308
0.466308
0.466308
0.466309
0.466309
0.46631
0.46631
0.466311
0.466311
0.466312
0.466312
0.466313
0.466314
0.466314
0.466315
0.466316
0.466316
0.466317
0.466318
0.466318
0.466319
0.46632
0.46632
0.466321
0.466322
0.466323
0.466323
0.466324
0.466325
0.466326
0.466326
0.466327
0.466328
0.466329
0.466329
0.46633
0.466331
0.466332
0.466332
0.466333
0.466334
0.466334
0.466335
0.466336
0.466337
0.466337
0.466338
0.466339
0.466339
0.46634
0.466341
0.466341
0.466342
0.466343
0.466343
0.466344
0.466344
0.466345
0.466346
0.466346
0.466347
0.466348
0.466348
0.466349
0.466349
0.46635
0.466351
0.466351
0.466352
0.466353
0.466353
0.466354
0.466354
0.466355
0.466356
0.466356
0.466357
0.466357
)
;

boundaryField
{
    inlet
    {
        type            calculated;
        value           uniform 0;
    }
    outlet
    {
        type            calculated;
        value           uniform 0.466357;
    }
    emptyWalls
    {
        type            empty;
    }
}


// ************************************************************************* //
