/*--------------------------------*- C++ -*----------------------------------*\
  =========                 |
  \\      /  F ield         | OpenFOAM: The Open Source CFD Toolbox
   \\    /   O peration     | Website:  https://openfoam.org
    \\  /    A nd           | Version:  9
     \\/     M anipulation  |
\*---------------------------------------------------------------------------*/
FoamFile
{
    format      ascii;
    class       volVectorField;
    location    "7.3";
    object      Uc;
}
// * * * * * * * * * * * * * * * * * * * * * * * * * * * * * * * * * * * * * //

dimensions      [0 0 0 0 0 0 0];

internalField   nonuniform List<vector> 
1000
(
(1.29009e-06 0 0)
(4.64671e-06 0 0)
(9.48778e-06 0 0)
(1.57078e-05 0 0)
(2.32438e-05 0 0)
(3.2049e-05 0 0)
(4.20855e-05 0 0)
(5.33206e-05 0 0)
(6.57251e-05 0 0)
(7.92724e-05 0 0)
(9.3938e-05 0 0)
(0.000109699 0 0)
(0.000126532 0 0)
(0.000144419 0 0)
(0.000163339 0 0)
(0.000183272 0 0)
(0.000204201 0 0)
(0.000226109 0 0)
(0.000248979 0 0)
(0.000272793 0 0)
(0.000297538 0 0)
(0.000323196 0 0)
(0.000349755 0 0)
(0.000377198 0 0)
(0.000405513 0 0)
(0.000434685 0 0)
(0.000464702 0 0)
(0.000495551 0 0)
(0.000527219 0 0)
(0.000559695 0 0)
(0.000592965 0 0)
(0.000627019 0 0)
(0.000661846 0 0)
(0.000697434 0 0)
(0.000733773 0 0)
(0.000770853 0 0)
(0.000808662 0 0)
(0.000847191 0 0)
(0.000886431 0 0)
(0.000926371 0 0)
(0.000967003 0 0)
(0.00100832 0 0)
(0.0010503 0 0)
(0.00109296 0 0)
(0.00113626 0 0)
(0.00118022 0 0)
(0.00122482 0 0)
(0.00127004 0 0)
(0.00131589 0 0)
(0.00136236 0 0)
(0.00140943 0 0)
(0.00145711 0 0)
(0.00150538 0 0)
(0.00155423 0 0)
(0.00160367 0 0)
(0.00165368 0 0)
(0.00170425 0 0)
(0.00175539 0 0)
(0.00180707 0 0)
(0.00185931 0 0)
(0.00191208 0 0)
(0.00196539 0 0)
(0.00201923 0 0)
(0.00207359 0 0)
(0.00212847 0 0)
(0.00218386 0 0)
(0.00223976 0 0)
(0.00229615 0 0)
(0.00235304 0 0)
(0.00241042 0 0)
(0.00246829 0 0)
(0.00252663 0 0)
(0.00258545 0 0)
(0.00264474 0 0)
(0.00270449 0 0)
(0.00276471 0 0)
(0.00282538 0 0)
(0.0028865 0 0)
(0.00294806 0 0)
(0.00301007 0 0)
(0.00307252 0 0)
(0.0031354 0 0)
(0.00319871 0 0)
(0.00326244 0 0)
(0.0033266 0 0)
(0.00339117 0 0)
(0.00345615 0 0)
(0.00352155 0 0)
(0.00358734 0 0)
(0.00365355 0 0)
(0.00372014 0 0)
(0.00378714 0 0)
(0.00385452 0 0)
(0.00392229 0 0)
(0.00399044 0 0)
(0.00405898 0 0)
(0.00412789 0 0)
(0.00419717 0 0)
(0.00426683 0 0)
(0.00433685 0 0)
(0.00440723 0 0)
(0.00447798 0 0)
(0.00454908 0 0)
(0.00462054 0 0)
(0.00469235 0 0)
(0.00476451 0 0)
(0.00483702 0 0)
(0.00490986 0 0)
(0.00498305 0 0)
(0.00505658 0 0)
(0.00513044 0 0)
(0.00520463 0 0)
(0.00527915 0 0)
(0.005354 0 0)
(0.00542917 0 0)
(0.00550466 0 0)
(0.00558047 0 0)
(0.0056566 0 0)
(0.00573304 0 0)
(0.00580979 0 0)
(0.00588686 0 0)
(0.00596423 0 0)
(0.0060419 0 0)
(0.00611988 0 0)
(0.00619815 0 0)
(0.00627673 0 0)
(0.0063556 0 0)
(0.00643476 0 0)
(0.00651421 0 0)
(0.00659396 0 0)
(0.00667399 0 0)
(0.0067543 0 0)
(0.0068349 0 0)
(0.00691578 0 0)
(0.00699694 0 0)
(0.00707838 0 0)
(0.00716009 0 0)
(0.00724207 0 0)
(0.00732433 0 0)
(0.00740685 0 0)
(0.00748965 0 0)
(0.0075727 0 0)
(0.00765603 0 0)
(0.00773961 0 0)
(0.00782346 0 0)
(0.00790756 0 0)
(0.00799192 0 0)
(0.00807654 0 0)
(0.00816141 0 0)
(0.00824653 0 0)
(0.00833191 0 0)
(0.00841753 0 0)
(0.0085034 0 0)
(0.00858952 0 0)
(0.00867588 0 0)
(0.00876248 0 0)
(0.00884932 0 0)
(0.00893641 0 0)
(0.00902373 0 0)
(0.00911129 0 0)
(0.00919908 0 0)
(0.00928711 0 0)
(0.00937537 0 0)
(0.00946387 0 0)
(0.00955259 0 0)
(0.00964154 0 0)
(0.00973072 0 0)
(0.00982012 0 0)
(0.00990975 0 0)
(0.0099996 0 0)
(0.0100897 0 0)
(0.01018 0 0)
(0.0102705 0 0)
(0.0103612 0 0)
(0.0104522 0 0)
(0.0105433 0 0)
(0.0106347 0 0)
(0.0107263 0 0)
(0.0108181 0 0)
(0.0109101 0 0)
(0.0110024 0 0)
(0.0110948 0 0)
(0.0111874 0 0)
(0.0112803 0 0)
(0.0113734 0 0)
(0.0114666 0 0)
(0.0115601 0 0)
(0.0116537 0 0)
(0.0117476 0 0)
(0.0118417 0 0)
(0.0119359 0 0)
(0.0120304 0 0)
(0.0121251 0 0)
(0.0122199 0 0)
(0.012315 0 0)
(0.0124102 0 0)
(0.0125057 0 0)
(0.0126013 0 0)
(0.0126972 0 0)
(0.0127932 0 0)
(0.0128894 0 0)
(0.0129858 0 0)
(0.0130824 0 0)
(0.0131791 0 0)
(0.0132761 0 0)
(0.0133732 0 0)
(0.0134706 0 0)
(0.0135681 0 0)
(0.0136658 0 0)
(0.0137637 0 0)
(0.0138617 0 0)
(0.01396 0 0)
(0.0140584 0 0)
(0.014157 0 0)
(0.0142557 0 0)
(0.0143547 0 0)
(0.0144538 0 0)
(0.0145531 0 0)
(0.0146526 0 0)
(0.0147523 0 0)
(0.0148521 0 0)
(0.0149521 0 0)
(0.0150523 0 0)
(0.0151526 0 0)
(0.0152531 0 0)
(0.0153538 0 0)
(0.0154547 0 0)
(0.0155557 0 0)
(0.0156569 0 0)
(0.0157582 0 0)
(0.0158597 0 0)
(0.0159614 0 0)
(0.0160633 0 0)
(0.0161653 0 0)
(0.0162675 0 0)
(0.0163698 0 0)
(0.0164723 0 0)
(0.016575 0 0)
(0.0166779 0 0)
(0.0167808 0 0)
(0.016884 0 0)
(0.0169873 0 0)
(0.0170908 0 0)
(0.0171944 0 0)
(0.0172982 0 0)
(0.0174021 0 0)
(0.0175063 0 0)
(0.0176105 0 0)
(0.0177149 0 0)
(0.0178195 0 0)
(0.0179242 0 0)
(0.0180291 0 0)
(0.0181341 0 0)
(0.0182393 0 0)
(0.0183447 0 0)
(0.0184501 0 0)
(0.0185558 0 0)
(0.0186616 0 0)
(0.0187675 0 0)
(0.0188736 0 0)
(0.0189798 0 0)
(0.0190862 0 0)
(0.0191928 0 0)
(0.0192995 0 0)
(0.0194063 0 0)
(0.0195133 0 0)
(0.0196204 0 0)
(0.0197277 0 0)
(0.0198351 0 0)
(0.0199427 0 0)
(0.0200504 0 0)
(0.0201582 0 0)
(0.0202662 0 0)
(0.0203744 0 0)
(0.0204827 0 0)
(0.0205911 0 0)
(0.0206997 0 0)
(0.0208084 0 0)
(0.0209173 0 0)
(0.0210262 0 0)
(0.0211354 0 0)
(0.0212447 0 0)
(0.0213541 0 0)
(0.0214636 0 0)
(0.0215733 0 0)
(0.0216832 0 0)
(0.0217932 0 0)
(0.0219033 0 0)
(0.0220135 0 0)
(0.0221239 0 0)
(0.0222344 0 0)
(0.0223451 0 0)
(0.0224559 0 0)
(0.0225668 0 0)
(0.0226779 0 0)
(0.0227891 0 0)
(0.0229005 0 0)
(0.0230119 0 0)
(0.0231235 0 0)
(0.0232353 0 0)
(0.0233472 0 0)
(0.0234592 0 0)
(0.0235713 0 0)
(0.0236836 0 0)
(0.023796 0 0)
(0.0239086 0 0)
(0.0240212 0 0)
(0.024134 0 0)
(0.024247 0 0)
(0.0243601 0 0)
(0.0244733 0 0)
(0.0245866 0 0)
(0.0247001 0 0)
(0.0248137 0 0)
(0.0249274 0 0)
(0.0250412 0 0)
(0.0251552 0 0)
(0.0252693 0 0)
(0.0253836 0 0)
(0.0254979 0 0)
(0.0256124 0 0)
(0.0257271 0 0)
(0.0258418 0 0)
(0.0259567 0 0)
(0.0260717 0 0)
(0.0261869 0 0)
(0.0263021 0 0)
(0.0264175 0 0)
(0.026533 0 0)
(0.0266487 0 0)
(0.0267644 0 0)
(0.0268803 0 0)
(0.0269964 0 0)
(0.0271125 0 0)
(0.0272288 0 0)
(0.0273452 0 0)
(0.0274617 0 0)
(0.0275784 0 0)
(0.0276952 0 0)
(0.0278121 0 0)
(0.0279291 0 0)
(0.0280462 0 0)
(0.0281635 0 0)
(0.0282809 0 0)
(0.0283984 0 0)
(0.0285161 0 0)
(0.0286338 0 0)
(0.0287517 0 0)
(0.0288697 0 0)
(0.0289879 0 0)
(0.0291061 0 0)
(0.0292245 0 0)
(0.029343 0 0)
(0.0294617 0 0)
(0.0295804 0 0)
(0.0296993 0 0)
(0.0298183 0 0)
(0.0299374 0 0)
(0.0300567 0 0)
(0.030176 0 0)
(0.0302955 0 0)
(0.0304151 0 0)
(0.0305349 0 0)
(0.0306547 0 0)
(0.0307747 0 0)
(0.0308948 0 0)
(0.031015 0 0)
(0.0311353 0 0)
(0.0312558 0 0)
(0.0313764 0 0)
(0.0314971 0 0)
(0.0316179 0 0)
(0.0317388 0 0)
(0.0318599 0 0)
(0.0319811 0 0)
(0.0321024 0 0)
(0.0322238 0 0)
(0.0323454 0 0)
(0.0324671 0 0)
(0.0325889 0 0)
(0.0327108 0 0)
(0.0328328 0 0)
(0.032955 0 0)
(0.0330772 0 0)
(0.0331996 0 0)
(0.0333221 0 0)
(0.0334448 0 0)
(0.0335675 0 0)
(0.0336904 0 0)
(0.0338134 0 0)
(0.0339366 0 0)
(0.0340598 0 0)
(0.0341832 0 0)
(0.0343067 0 0)
(0.0344303 0 0)
(0.034554 0 0)
(0.0346778 0 0)
(0.0348018 0 0)
(0.0349259 0 0)
(0.0350501 0 0)
(0.0351745 0 0)
(0.0352989 0 0)
(0.0354235 0 0)
(0.0355482 0 0)
(0.0356731 0 0)
(0.035798 0 0)
(0.0359231 0 0)
(0.0360483 0 0)
(0.0361736 0 0)
(0.036299 0 0)
(0.0364246 0 0)
(0.0365503 0 0)
(0.0366761 0 0)
(0.036802 0 0)
(0.0369281 0 0)
(0.0370543 0 0)
(0.0371806 0 0)
(0.037307 0 0)
(0.0374336 0 0)
(0.0375603 0 0)
(0.0376871 0 0)
(0.037814 0 0)
(0.0379411 0 0)
(0.0380683 0 0)
(0.0381956 0 0)
(0.0383231 0 0)
(0.0384506 0 0)
(0.0385783 0 0)
(0.0387062 0 0)
(0.0388341 0 0)
(0.0389622 0 0)
(0.0390904 0 0)
(0.0392188 0 0)
(0.0393472 0 0)
(0.0394758 0 0)
(0.0396046 0 0)
(0.0397335 0 0)
(0.0398625 0 0)
(0.0399916 0 0)
(0.0401209 0 0)
(0.0402503 0 0)
(0.0403798 0 0)
(0.0405095 0 0)
(0.0406393 0 0)
(0.0407692 0 0)
(0.0408993 0 0)
(0.0410295 0 0)
(0.0411599 0 0)
(0.0412904 0 0)
(0.041421 0 0)
(0.0415518 0 0)
(0.0416827 0 0)
(0.0418138 0 0)
(0.041945 0 0)
(0.0420764 0 0)
(0.0422079 0 0)
(0.0423395 0 0)
(0.0424713 0 0)
(0.0426033 0 0)
(0.0427354 0 0)
(0.0428676 0 0)
(0.043 0 0)
(0.0431325 0 0)
(0.0432653 0 0)
(0.0433981 0 0)
(0.0435311 0 0)
(0.0436643 0 0)
(0.0437977 0 0)
(0.0439312 0 0)
(0.0440648 0 0)
(0.0441987 0 0)
(0.0443327 0 0)
(0.0444668 0 0)
(0.0446012 0 0)
(0.0447357 0 0)
(0.0448704 0 0)
(0.0450052 0 0)
(0.0451403 0 0)
(0.0452755 0 0)
(0.0454109 0 0)
(0.0455465 0 0)
(0.0456823 0 0)
(0.0458183 0 0)
(0.0459545 0 0)
(0.0460909 0 0)
(0.0462275 0 0)
(0.0463642 0 0)
(0.0465012 0 0)
(0.0466384 0 0)
(0.0467759 0 0)
(0.0469135 0 0)
(0.0470514 0 0)
(0.0471895 0 0)
(0.0473278 0 0)
(0.0474664 0 0)
(0.0476052 0 0)
(0.0477443 0 0)
(0.0478836 0 0)
(0.0480232 0 0)
(0.048163 0 0)
(0.0483031 0 0)
(0.0484435 0 0)
(0.0485842 0 0)
(0.0487252 0 0)
(0.0488665 0 0)
(0.0490081 0 0)
(0.04915 0 0)
(0.0492922 0 0)
(0.0494348 0 0)
(0.0495777 0 0)
(0.049721 0 0)
(0.0498647 0 0)
(0.0500087 0 0)
(0.0501532 0 0)
(0.050298 0 0)
(0.0504433 0 0)
(0.050589 0 0)
(0.0507352 0 0)
(0.0508818 0 0)
(0.051029 0 0)
(0.0511766 0 0)
(0.0513248 0 0)
(0.0514736 0 0)
(0.0516229 0 0)
(0.0517729 0 0)
(0.0519234 0 0)
(0.0520747 0 0)
(0.0522266 0 0)
(0.0523793 0 0)
(0.0525328 0 0)
(0.052687 0 0)
(0.0528421 0 0)
(0.0529982 0 0)
(0.0531551 0 0)
(0.0533131 0 0)
(0.0534721 0 0)
(0.0536323 0 0)
(0.0537937 0 0)
(0.0539563 0 0)
(0.0541203 0 0)
(0.0542857 0 0)
(0.0544527 0 0)
(0.0546213 0 0)
(0.0547917 0 0)
(0.054964 0 0)
(0.0551383 0 0)
(0.0553148 0 0)
(0.0554937 0 0)
(0.0556752 0 0)
(0.0558595 0 0)
(0.0560467 0 0)
(0.0562373 0 0)
(0.0564315 0 0)
(0.0566296 0 0)
(0.0568321 0 0)
(0.0570393 0 0)
(0.0572517 0 0)
(0.05747 0 0)
(0.0576947 0 0)
(0.0579267 0 0)
(0.0581667 0 0)
(0.0584158 0 0)
(0.0586752 0 0)
(0.0589462 0 0)
(0.0592304 0 0)
(0.0595299 0 0)
(0.059847 0 0)
(0.0601845 0 0)
(0.060546 0 0)
(0.0609357 0 0)
(0.061359 0 0)
(0.0618229 0 0)
(0.0623361 0 0)
(0.0629103 0 0)
(0.0635608 0 0)
(0.0643089 0 0)
(0.065184 0 0)
(0.066229 0 0)
(0.0675077 0 0)
(0.0691211 0 0)
(0.0712367 0 0)
(0.0741559 0 0)
(0.0784795 0 0)
(0.085597 0 0)
(0.099571 0 0)
(0.139374 0 0)
(0.184867 0 0)
(0.208583 0 0)
(0.221652 0 0)
(0.230259 0 0)
(0.239022 0 0)
(0.247875 0 0)
(0.254132 0 0)
(0.255198 0 0)
(0.250474 0 0)
(0.241941 0 0)
(0.233034 0 0)
(0.226569 0 0)
(0.223579 0 0)
(0.223632 0 0)
(0.225712 0 0)
(0.228816 0 0)
(0.232141 0 0)
(0.235089 0 0)
(0.237243 0 0)
(0.238364 0 0)
(0.238411 0 0)
(0.237553 0 0)
(0.236127 0 0)
(0.234547 0 0)
(0.233189 0 0)
(0.2323 0 0)
(0.231967 0 0)
(0.232135 0 0)
(0.232659 0 0)
(0.233356 0 0)
(0.23405 0 0)
(0.234605 0 0)
(0.234938 0 0)
(0.235026 0 0)
(0.234901 0 0)
(0.23463 0 0)
(0.2343 0 0)
(0.233989 0 0)
(0.233759 0 0)
(0.23364 0 0)
(0.233632 0 0)
(0.233713 0 0)
(0.233848 0 0)
(0.233998 0 0)
(0.234129 0 0)
(0.234217 0 0)
(0.234254 0 0)
(0.234241 0 0)
(0.234191 0 0)
(0.23412 0 0)
(0.234046 0 0)
(0.233984 0 0)
(0.233943 0 0)
(0.233925 0 0)
(0.233928 0 0)
(0.233945 0 0)
(0.23397 0 0)
(0.233993 0 0)
(0.234011 0 0)
(0.23402 0 0)
(0.23402 0 0)
(0.234013 0 0)
(0.234002 0 0)
(0.233991 0 0)
(0.233984 0 0)
(0.233982 0 0)
(0.233986 0 0)
(0.233996 0 0)
(0.23401 0 0)
(0.234027 0 0)
(0.234043 0 0)
(0.234058 0 0)
(0.23407 0 0)
(0.23408 0 0)
(0.234086 0 0)
(0.23409 0 0)
(0.234093 0 0)
(0.234095 0 0)
(0.234096 0 0)
(0.234099 0 0)
(0.234101 0 0)
(0.234105 0 0)
(0.234108 0 0)
(0.234111 0 0)
(0.234113 0 0)
(0.234115 0 0)
(0.234116 0 0)
(0.234115 0 0)
(0.234114 0 0)
(0.234112 0 0)
(0.23411 0 0)
(0.234107 0 0)
(0.234104 0 0)
(0.2341 0 0)
(0.234097 0 0)
(0.234093 0 0)
(0.234089 0 0)
(0.234085 0 0)
(0.234081 0 0)
(0.234076 0 0)
(0.234072 0 0)
(0.234068 0 0)
(0.234064 0 0)
(0.234061 0 0)
(0.234058 0 0)
(0.234056 0 0)
(0.234054 0 0)
(0.234054 0 0)
(0.234054 0 0)
(0.234055 0 0)
(0.234057 0 0)
(0.23406 0 0)
(0.234063 0 0)
(0.234067 0 0)
(0.234072 0 0)
(0.234078 0 0)
(0.234084 0 0)
(0.23409 0 0)
(0.234096 0 0)
(0.234103 0 0)
(0.234109 0 0)
(0.234116 0 0)
(0.234122 0 0)
(0.234128 0 0)
(0.234134 0 0)
(0.234139 0 0)
(0.234144 0 0)
(0.234149 0 0)
(0.234153 0 0)
(0.234156 0 0)
(0.23416 0 0)
(0.234162 0 0)
(0.234165 0 0)
(0.234167 0 0)
(0.234169 0 0)
(0.234171 0 0)
(0.234173 0 0)
(0.234174 0 0)
(0.234175 0 0)
(0.234176 0 0)
(0.234177 0 0)
(0.234178 0 0)
(0.234179 0 0)
(0.23418 0 0)
(0.234181 0 0)
(0.234182 0 0)
(0.234182 0 0)
(0.234183 0 0)
(0.234184 0 0)
(0.234185 0 0)
(0.234186 0 0)
(0.234187 0 0)
(0.234187 0 0)
(0.234188 0 0)
(0.234189 0 0)
(0.234189 0 0)
(0.23419 0 0)
(0.234191 0 0)
(0.234191 0 0)
(0.234191 0 0)
(0.234192 0 0)
(0.234192 0 0)
(0.234192 0 0)
(0.234191 0 0)
(0.234191 0 0)
(0.23419 0 0)
(0.23419 0 0)
(0.234189 0 0)
(0.234188 0 0)
(0.234187 0 0)
(0.234186 0 0)
(0.234185 0 0)
(0.234183 0 0)
(0.234182 0 0)
(0.234181 0 0)
(0.23418 0 0)
(0.234179 0 0)
(0.234178 0 0)
(0.234177 0 0)
(0.234177 0 0)
(0.234176 0 0)
(0.234176 0 0)
(0.234177 0 0)
(0.234177 0 0)
(0.234178 0 0)
(0.234179 0 0)
(0.23418 0 0)
(0.234182 0 0)
(0.234184 0 0)
(0.234186 0 0)
(0.234189 0 0)
(0.234192 0 0)
(0.234195 0 0)
(0.234198 0 0)
(0.234201 0 0)
(0.234205 0 0)
(0.234209 0 0)
(0.234212 0 0)
(0.234216 0 0)
(0.234219 0 0)
(0.234223 0 0)
(0.234227 0 0)
(0.23423 0 0)
(0.234233 0 0)
(0.234237 0 0)
(0.23424 0 0)
(0.234243 0 0)
(0.234246 0 0)
(0.234248 0 0)
(0.234251 0 0)
(0.234253 0 0)
(0.234255 0 0)
(0.234258 0 0)
(0.23426 0 0)
(0.234261 0 0)
(0.234263 0 0)
(0.234264 0 0)
(0.234266 0 0)
(0.234267 0 0)
(0.234268 0 0)
(0.234269 0 0)
(0.23427 0 0)
(0.234271 0 0)
(0.234272 0 0)
(0.234273 0 0)
(0.234273 0 0)
(0.234274 0 0)
(0.234274 0 0)
(0.234275 0 0)
(0.234275 0 0)
(0.234275 0 0)
(0.234275 0 0)
(0.234275 0 0)
(0.234275 0 0)
(0.234275 0 0)
(0.234275 0 0)
(0.234274 0 0)
(0.234274 0 0)
(0.234274 0 0)
(0.234273 0 0)
(0.234273 0 0)
(0.234273 0 0)
(0.234272 0 0)
(0.234272 0 0)
(0.234272 0 0)
(0.234271 0 0)
(0.234271 0 0)
(0.234271 0 0)
(0.234271 0 0)
(0.234271 0 0)
(0.234271 0 0)
(0.234271 0 0)
(0.234272 0 0)
(0.234272 0 0)
(0.234273 0 0)
(0.234274 0 0)
(0.234275 0 0)
(0.234277 0 0)
(0.234278 0 0)
(0.23428 0 0)
(0.234282 0 0)
(0.234284 0 0)
(0.234286 0 0)
(0.234288 0 0)
(0.234291 0 0)
(0.234293 0 0)
(0.234296 0 0)
(0.234299 0 0)
(0.234302 0 0)
(0.234305 0 0)
(0.234308 0 0)
(0.234311 0 0)
(0.234314 0 0)
(0.234317 0 0)
(0.234321 0 0)
(0.234324 0 0)
(0.234327 0 0)
(0.23433 0 0)
(0.234333 0 0)
(0.234336 0 0)
(0.234339 0 0)
(0.234342 0 0)
(0.234345 0 0)
(0.234347 0 0)
(0.23435 0 0)
(0.234353 0 0)
(0.234355 0 0)
(0.234357 0 0)
(0.23436 0 0)
(0.234362 0 0)
(0.234364 0 0)
(0.234366 0 0)
(0.234368 0 0)
(0.23437 0 0)
(0.234372 0 0)
(0.234374 0 0)
(0.234375 0 0)
(0.234377 0 0)
(0.234378 0 0)
(0.23438 0 0)
(0.234381 0 0)
(0.234383 0 0)
(0.234384 0 0)
(0.234385 0 0)
(0.234386 0 0)
(0.234387 0 0)
(0.234388 0 0)
(0.234389 0 0)
(0.23439 0 0)
(0.234391 0 0)
(0.234391 0 0)
(0.234392 0 0)
(0.234393 0 0)
(0.234393 0 0)
(0.234393 0 0)
(0.234394 0 0)
(0.234394 0 0)
(0.234394 0 0)
(0.234395 0 0)
(0.234395 0 0)
(0.234395 0 0)
(0.234395 0 0)
(0.234395 0 0)
(0.234395 0 0)
(0.234395 0 0)
(0.234395 0 0)
(0.234395 0 0)
(0.234395 0 0)
(0.234395 0 0)
(0.234395 0 0)
(0.234395 0 0)
(0.234395 0 0)
(0.234395 0 0)
(0.234395 0 0)
(0.234395 0 0)
(0.234396 0 0)
(0.234396 0 0)
(0.234397 0 0)
(0.234398 0 0)
(0.234398 0 0)
(0.234399 0 0)
(0.2344 0 0)
(0.234401 0 0)
(0.234403 0 0)
(0.234404 0 0)
(0.234406 0 0)
(0.234407 0 0)
(0.234409 0 0)
(0.234411 0 0)
(0.234413 0 0)
(0.234416 0 0)
(0.234418 0 0)
(0.23442 0 0)
(0.234423 0 0)
(0.234425 0 0)
(0.234428 0 0)
(0.234431 0 0)
(0.234434 0 0)
(0.234437 0 0)
(0.23444 0 0)
(0.234443 0 0)
(0.234445 0 0)
(0.234449 0 0)
(0.234452 0 0)
(0.234455 0 0)
(0.234458 0 0)
(0.234461 0 0)
(0.234464 0 0)
(0.234467 0 0)
(0.234469 0 0)
(0.234472 0 0)
(0.234475 0 0)
(0.234478 0 0)
(0.234481 0 0)
(0.234483 0 0)
(0.234486 0 0)
(0.234489 0 0)
(0.234491 0 0)
(0.234494 0 0)
(0.234496 0 0)
(0.234498 0 0)
(0.234501 0 0)
(0.234503 0 0)
(0.234505 0 0)
(0.234507 0 0)
(0.234509 0 0)
(0.234511 0 0)
(0.234513 0 0)
(0.234515 0 0)
(0.234517 0 0)
(0.234519 0 0)
(0.234521 0 0)
(0.234523 0 0)
(0.234525 0 0)
(0.234526 0 0)
(0.234528 0 0)
(0.23453 0 0)
(0.234532 0 0)
(0.234533 0 0)
(0.234535 0 0)
(0.234537 0 0)
(0.234538 0 0)
(0.23454 0 0)
(0.234541 0 0)
(0.234543 0 0)
(0.234545 0 0)
(0.234546 0 0)
(0.234548 0 0)
(0.234549 0 0)
(0.234551 0 0)
(0.234553 0 0)
(0.234554 0 0)
(0.234556 0 0)
(0.234557 0 0)
)
;

boundaryField
{
    inlet
    {
        type            fixedValue;
        value           uniform (0 0 0);
    }
    outlet
    {
        type            zeroGradient;
    }
    emptyWalls
    {
        type            empty;
    }
}


// ************************************************************************* //
