/*--------------------------------*- C++ -*----------------------------------*\
  =========                 |
  \\      /  F ield         | OpenFOAM: The Open Source CFD Toolbox
   \\    /   O peration     | Website:  https://openfoam.org
    \\  /    A nd           | Version:  9
     \\/     M anipulation  |
\*---------------------------------------------------------------------------*/
FoamFile
{
    format      ascii;
    class       volScalarField;
    location    "4";
    object      Sa;
}
// * * * * * * * * * * * * * * * * * * * * * * * * * * * * * * * * * * * * * //

dimensions      [0 0 0 0 0 0 0];

internalField   nonuniform List<scalar> 
1000
(
0.498544
0.497666
0.496863
0.496102
0.495368
0.494657
0.493964
0.493287
0.492624
0.491975
0.491338
0.490712
0.490098
0.489493
0.488898
0.488312
0.487736
0.487168
0.486608
0.486056
0.485512
0.484976
0.484446
0.483924
0.483408
0.482899
0.482396
0.4819
0.48141
0.480925
0.480447
0.479974
0.479506
0.479044
0.478587
0.478135
0.477688
0.477246
0.476808
0.476375
0.475947
0.475523
0.475104
0.474689
0.474278
0.473871
0.473468
0.473069
0.472674
0.472283
0.471895
0.471511
0.47113
0.470753
0.47038
0.47001
0.469643
0.469279
0.468919
0.468561
0.468207
0.467856
0.467507
0.467162
0.466819
0.46648
0.466143
0.465809
0.465477
0.465148
0.464822
0.464498
0.464177
0.463858
0.463542
0.463228
0.462917
0.462607
0.462301
0.461996
0.461694
0.461393
0.461095
0.460799
0.460506
0.460214
0.459924
0.459636
0.459351
0.459067
0.458785
0.458505
0.458227
0.457951
0.457677
0.457404
0.457133
0.456864
0.456597
0.456331
0.456068
0.455805
0.455545
0.455286
0.455028
0.454773
0.454518
0.454266
0.454015
0.453765
0.453517
0.45327
0.453025
0.452781
0.452539
0.452298
0.452058
0.45182
0.451583
0.451348
0.451114
0.450881
0.450649
0.450419
0.45019
0.449962
0.449736
0.44951
0.449286
0.449063
0.448842
0.448621
0.448402
0.448184
0.447966
0.44775
0.447536
0.447322
0.447109
0.446897
0.446687
0.446477
0.446269
0.446061
0.445855
0.44565
0.445445
0.445242
0.445039
0.444838
0.444637
0.444438
0.444239
0.444042
0.443845
0.443649
0.443454
0.44326
0.443067
0.442875
0.442683
0.442493
0.442303
0.442114
0.441926
0.441739
0.441553
0.441367
0.441182
0.440998
0.440815
0.440633
0.440451
0.440271
0.440091
0.439911
0.439733
0.439555
0.439378
0.439202
0.439026
0.438851
0.438677
0.438504
0.438331
0.438159
0.437987
0.437817
0.437647
0.437477
0.437309
0.437141
0.436973
0.436806
0.43664
0.436475
0.43631
0.436146
0.435982
0.435819
0.435657
0.435495
0.435334
0.435173
0.435013
0.434853
0.434695
0.434536
0.434378
0.434221
0.434065
0.433908
0.433753
0.433598
0.433443
0.433289
0.433136
0.432983
0.432831
0.432679
0.432527
0.432376
0.432226
0.432076
0.431926
0.431777
0.431629
0.431481
0.431333
0.431186
0.431039
0.430893
0.430747
0.430602
0.430457
0.430313
0.430169
0.430025
0.429882
0.429739
0.429596
0.429454
0.429313
0.429171
0.42903
0.42889
0.42875
0.42861
0.42847
0.428331
0.428192
0.428054
0.427916
0.427778
0.42764
0.427503
0.427366
0.427229
0.427093
0.426956
0.42682
0.426685
0.426549
0.426414
0.426279
0.426144
0.426009
0.425874
0.42574
0.425606
0.425471
0.425337
0.425203
0.425069
0.424935
0.424801
0.424667
0.424532
0.424398
0.424263
0.424129
0.423994
0.423859
0.423723
0.423587
0.423451
0.423314
0.423177
0.423039
0.4229
0.42276
0.422619
0.422477
0.422334
0.42219
0.422043
0.421895
0.421745
0.421593
0.421437
0.421279
0.421117
0.420951
0.42078
0.420604
0.420422
0.420232
0.420034
0.419825
0.419605
0.419369
0.419116
0.418842
0.41854
0.418203
0.417823
0.417385
0.41687
0.416247
0.415469
0.414457
0.41307
0.411025
0.407694
0.40143
0.376539
0.305262
0.302383
0.302508
0.305657
0.309734
0.312493
0.313463
0.313277
0.312552
0.311627
0.310679
0.309822
0.309148
0.308732
0.308619
0.308797
0.309193
0.309685
0.31014
0.310457
0.310595
0.310567
0.310417
0.310206
0.309987
0.309805
0.309687
0.309643
0.309667
0.30974
0.309838
0.309934
0.31001
0.310053
0.310062
0.310043
0.310006
0.309963
0.309924
0.309897
0.309885
0.309888
0.309902
0.309922
0.309943
0.30996
0.30997
0.309972
0.309968
0.309959
0.309947
0.309937
0.309928
0.309923
0.309921
0.309923
0.309927
0.309931
0.309936
0.30994
0.309942
0.309943
0.309943
0.309942
0.309941
0.30994
0.30994
0.30994
0.30994
0.309941
0.309941
0.309941
0.309941
0.30994
0.309939
0.309938
0.309936
0.309935
0.309933
0.309932
0.309931
0.30993
0.30993
0.30993
0.30993
0.30993
0.30993
0.309931
0.309931
0.309931
0.309932
0.309932
0.309933
0.309934
0.309935
0.309936
0.309936
0.309937
0.309938
0.309939
0.30994
0.30994
0.309941
0.309941
0.309941
0.309942
0.309942
0.309942
0.309942
0.309941
0.309941
0.309941
0.309941
0.309941
0.30994
0.30994
0.30994
0.30994
0.30994
0.30994
0.30994
0.30994
0.30994
0.30994
0.30994
0.30994
0.30994
0.30994
0.30994
0.30994
0.30994
0.30994
0.309939
0.309939
0.309939
0.309938
0.309938
0.309937
0.309937
0.309937
0.309936
0.309936
0.309936
0.309935
0.309935
0.309935
0.309935
0.309935
0.309935
0.309935
0.309935
0.309935
0.309936
0.309936
0.309936
0.309937
0.309937
0.309937
0.309938
0.309938
0.309938
0.309939
0.309939
0.309939
0.309939
0.309939
0.309939
0.309939
0.309939
0.309939
0.309939
0.309939
0.309939
0.309938
0.309938
0.309938
0.309938
0.309938
0.309937
0.309937
0.309937
0.309937
0.309937
0.309937
0.309937
0.309937
0.309937
0.309937
0.309937
0.309937
0.309937
0.309938
0.309938
0.309938
0.309938
0.309938
0.309939
0.309939
0.309939
0.309939
0.309939
0.309939
0.309939
0.309939
0.309939
0.309939
0.309939
0.309939
0.309938
0.309938
0.309938
0.309938
0.309938
0.309937
0.309937
0.309937
0.309936
0.309936
0.309936
0.309936
0.309936
0.309935
0.309935
0.309935
0.309935
0.309935
0.309935
0.309935
0.309935
0.309935
0.309935
0.309936
0.309936
0.309936
0.309936
0.309937
0.309937
0.309937
0.309937
0.309938
0.309938
0.309938
0.309939
0.309939
0.309939
0.309939
0.309939
0.30994
0.30994
0.30994
0.30994
0.30994
0.30994
0.30994
0.30994
0.30994
0.30994
0.30994
0.30994
0.30994
0.309939
0.309939
0.309939
0.309939
0.309939
0.309939
0.309938
0.309938
0.309938
0.309938
0.309938
0.309938
0.309938
0.309938
0.309938
0.309938
0.309938
0.309938
0.309938
0.309938
0.309938
0.309938
0.309938
0.309939
0.309939
0.309939
0.309939
0.309939
0.30994
0.30994
0.30994
0.30994
0.30994
0.30994
0.30994
0.309939
0.309934
0.309913
0.309856
0.310152
0.317622
0.33456
0.337321
0.337331
0.33733
0.337329
0.337329
0.337329
0.337328
0.337328
0.337327
0.337327
0.337326
0.337326
0.337326
0.337325
0.337325
0.337324
0.337324
0.337324
0.337324
0.337324
0.337323
0.337323
0.337323
0.337323
0.337324
0.337324
0.337324
0.337324
0.337324
0.337325
0.337325
0.337325
0.337326
0.337326
0.337326
0.337327
0.337327
0.337327
0.337328
0.337328
0.337328
0.337329
0.337329
0.337329
0.337329
0.337329
0.337329
0.337329
0.337329
0.337329
0.337329
0.337329
0.337329
0.337329
0.337328
0.337328
0.337328
0.337327
0.337327
0.337327
0.337326
0.337326
0.337325
0.337325
0.337325
0.337324
0.337324
0.337324
0.337323
0.337323
0.337323
0.337323
0.337322
0.337322
0.337322
0.337322
0.337322
0.337321
0.337321
0.337321
0.337321
0.337321
0.337321
0.337321
0.337321
0.337321
0.337321
0.337321
0.337321
0.337321
0.337321
0.337321
0.337321
0.337321
0.337321
0.337321
0.337321
0.337321
0.337321
0.337321
0.337321
0.337321
0.337321
0.337321
0.337321
0.337321
0.337321
0.337321
0.337321
0.337321
0.337321
0.337321
0.337321
0.337321
0.337321
0.337321
0.337321
0.337321
0.337321
0.337321
0.337321
0.337321
0.337321
0.337321
0.337321
0.337321
0.337321
0.337321
0.337321
0.337321
0.337321
0.337321
0.337321
0.337321
0.337321
0.337321
0.337321
0.337321
0.337321
0.337321
0.337321
0.337321
0.337321
0.337321
0.337321
0.337321
0.337321
0.337321
0.337321
0.337321
0.337321
0.337321
0.337321
0.337321
0.337321
0.337321
0.337321
0.337321
0.337321
0.337322
0.337322
0.337322
0.337322
0.337322
0.337322
0.337322
0.337322
0.337322
0.337322
0.337322
0.337321
0.337321
0.337321
0.337321
0.337321
0.337321
0.337321
0.337321
0.337321
0.337321
0.337321
0.337321
0.337321
0.337321
0.337321
0.337321
0.337321
0.337321
0.337321
0.337321
0.337321
0.337321
0.33732
0.33732
0.33732
0.33732
0.33732
0.33732
0.33732
0.33732
0.337319
0.337319
0.337319
0.337319
0.337319
0.337319
0.337318
0.337318
0.337302
0.336747
0.311983
0.0285914
0
0
0
0
0
0
0
0
0
0
0
0
0
0
0
0
0
0
0
0
0
0
0
0
0
0
0
0
0
0
0
0
0
0
0
0
0
0
0
0
0
0
0
0
0
0
0
0
0
0
0
0
0
0
0
0
0
0
0
0
0
0
0
0
0
0
0
0
0
0
0
0
0
0
0
0
0
0
0
0
0
0
0
0
0
0
0
0
0
0
0
0
0
0
0
0
0
0
0
0
0
0
0
0
0
0
0
0
0
0
0
0
0
0
0
0
0
0
0
0
0
0
0
0
0
0
0
0
0
0
0
0
0
0
0
0
0
0
0
0
0
0
0
0
0
0
0
0
0
0
0
0
0
0
0
0
0
0
0
0
)
;

boundaryField
{
    inlet
    {
        type            fixedValue;
        value           uniform 0.5;
    }
    outlet
    {
        type            zeroGradient;
    }
    emptyWalls
    {
        type            empty;
    }
}


// ************************************************************************* //
