/*--------------------------------*- C++ -*----------------------------------*\
  =========                 |
  \\      /  F ield         | OpenFOAM: The Open Source CFD Toolbox
   \\    /   O peration     | Website:  https://openfoam.org
    \\  /    A nd           | Version:  9
     \\/     M anipulation  |
\*---------------------------------------------------------------------------*/
FoamFile
{
    format      ascii;
    class       volScalarField;
    location    "29000";
    object      krb;
}
// * * * * * * * * * * * * * * * * * * * * * * * * * * * * * * * * * * * * * //

dimensions      [0 0 0 0 0 0 0];

internalField   nonuniform List<scalar> 
1000
(
0.0975664
0.0974542
0.0973503
0.0972476
0.0971455
0.0970441
0.0969435
0.0968437
0.0967445
0.0966462
0.0965486
0.0964517
0.0963556
0.0962602
0.0961656
0.0960718
0.0959786
0.0958862
0.0957945
0.0957036
0.0956133
0.0955238
0.095435
0.0953468
0.0952594
0.0951727
0.0950867
0.0950013
0.0949167
0.0948327
0.0947494
0.0946668
0.0945848
0.0945035
0.0944229
0.0943429
0.0942635
0.0941849
0.0941068
0.0940294
0.0939526
0.0938765
0.093801
0.0937261
0.0936518
0.0935781
0.093505
0.0934325
0.0933606
0.0932893
0.0932186
0.0931484
0.0930787
0.0930096
0.092941
0.0928729
0.0928052
0.0927379
0.0926711
0.0926045
0.0925383
0.0924721
0.092406
0.0923397
0.0922728
0.0922048
0.0921349
0.092061
0.0919795
0.0918808
0.0917403
0.0914842
0.0902497
0.121656
0.433928
0.453805
0.453758
0.453765
0.453769
0.453769
0.453769
0.453769
0.453769
0.45377
0.45377
0.453771
0.453771
0.453771
0.453772
0.453772
0.453773
0.453773
0.453774
0.453774
0.453774
0.453775
0.453775
0.453776
0.453777
0.453777
0.453778
0.453778
0.453779
0.453779
0.45378
0.45378
0.453781
0.453782
0.453782
0.453783
0.453784
0.453785
0.453785
0.453786
0.453787
0.453788
0.453788
0.453789
0.45379
0.453791
0.453792
0.453793
0.453794
0.453795
0.453796
0.453797
0.453798
0.4538
0.453801
0.453802
0.453803
0.453803
0.453805
0.453806
0.453807
0.453816
0.453887
0.454523
0.460011
0.494095
0.56808
0.598812
0.600613
0.600625
0.600625
0.600625
0.600625
0.600625
0.600625
0.600625
0.600625
0.600625
0.600625
0.600625
0.600625
0.600625
0.600625
0.600625
0.600625
0.600625
0.600625
0.600625
0.600625
0.600625
0.600625
0.600625
0.600625
0.600625
0.600625
0.600625
0.600625
0.600625
0.600625
0.600625
0.600625
0.600625
0.600625
0.600625
0.600625
0.600625
0.600625
0.600625
0.600625
0.600625
0.600625
0.600625
0.600625
0.600625
0.600625
0.600625
0.600625
0.600625
0.600625
0.600625
0.600625
0.600625
0.600625
0.600625
0.600625
0.600625
0.600625
0.600625
0.600625
0.600625
0.600625
0.600625
0.600625
0.600625
0.600625
0.600625
0.600625
0.600625
0.600625
0.600625
0.600625
0.600625
0.600625
0.600625
0.600625
0.600625
0.600625
0.600625
0.600625
0.600625
0.600625
0.600625
0.600625
0.600625
0.600625
0.600625
0.600625
0.600625
0.600625
0.600625
0.600625
0.600625
0.600625
0.600625
0.600625
0.600625
0.600625
0.600625
0.600625
0.600625
0.600625
0.600625
0.600625
0.600625
0.600625
0.600625
0.600625
0.600625
0.600625
0.600625
0.600625
0.600625
0.600625
0.600625
0.600625
0.600625
0.600625
0.600625
0.600625
0.600625
0.600625
0.600625
0.600625
0.600625
0.600625
0.600625
0.600625
0.600625
0.600625
0.600625
0.600625
0.600625
0.600625
0.600625
0.600625
0.600625
0.600625
0.600625
0.600625
0.600625
0.600625
0.600625
0.600625
0.600625
0.600625
0.600625
0.600625
0.600625
0.600625
0.600625
0.600625
0.600625
0.600625
0.600625
0.600625
0.600625
0.600625
0.600625
0.600625
0.600625
0.600625
0.600625
0.600625
0.600625
0.600625
0.600625
0.600625
0.600625
0.600625
0.600625
0.600625
0.600625
0.600625
0.600625
0.600625
0.600625
0.600625
0.600625
0.600625
0.600625
0.600625
0.600625
0.600625
0.600625
0.600625
0.600625
0.600625
0.600625
0.600625
0.600625
0.600625
0.600625
0.600625
0.600625
0.600625
0.600625
0.600625
0.600625
0.600625
0.600625
0.600625
0.600625
0.600625
0.600625
0.600625
0.600625
0.600625
0.600625
0.600625
0.600625
0.600625
0.600625
0.600625
0.600625
0.600625
0.600625
0.600625
0.600625
0.600625
0.600625
0.600625
0.600625
0.600625
0.600625
0.600625
0.600625
0.600625
0.600625
0.600625
0.600625
0.600625
0.600625
0.600625
0.600625
0.600625
0.600625
0.600625
0.600625
0.600625
0.600625
0.600625
0.600625
0.600625
0.600625
0.600625
0.600625
0.600625
0.600625
0.600625
0.600625
0.600625
0.600625
0.600625
0.600625
0.600625
0.600625
0.600625
0.600625
0.600625
0.600625
0.600625
0.600625
0.600625
0.600625
0.600625
0.600625
0.600625
0.600625
0.600625
0.600625
0.600625
0.600625
0.600625
0.600625
0.600625
0.600625
0.600625
0.600625
0.600625
0.600625
0.600625
0.600625
0.600625
0.600625
0.600625
0.600625
0.600625
0.600625
0.600625
0.600625
0.600625
0.600625
0.600625
0.600625
0.600625
0.600625
0.600625
0.600625
0.600625
0.600625
0.600625
0.600625
0.600625
0.600625
0.600625
0.600625
0.600625
0.600625
0.600625
0.600625
0.600625
0.600625
0.600625
0.600625
0.600625
0.600625
0.600625
0.600625
0.600625
0.600625
0.600625
0.600625
0.600625
0.600625
0.600625
0.600625
0.600625
0.600625
0.600625
0.600625
0.600625
0.600625
0.600625
0.600625
0.600625
0.600625
0.600625
0.600625
0.600625
0.600625
0.600625
0.600625
0.600625
0.600625
0.600625
0.600625
0.600625
0.600625
0.600625
0.600625
0.600625
0.600625
0.600625
0.600625
0.600625
0.600625
0.600625
0.600625
0.600625
0.600625
0.600625
0.600625
0.600625
0.600625
0.600625
0.600625
0.600625
0.600625
0.600625
0.600625
0.600625
0.600625
0.600625
0.600625
0.600625
0.600625
0.600625
0.600625
0.600625
0.600625
0.600625
0.600625
0.600625
0.600625
0.600625
0.600625
0.600625
0.600625
0.600625
0.600625
0.600625
0.600625
0.600625
0.600625
0.600625
0.600625
0.600625
0.600625
0.600625
0.600625
0.600625
0.600625
0.600625
0.600625
0.600625
0.600625
0.600625
0.600625
0.600625
0.600625
0.600625
0.600625
0.600625
0.600625
0.600625
0.600625
0.600625
0.600625
0.600625
0.600625
0.600625
0.600625
0.600625
0.600625
0.600625
0.600625
0.600625
0.600625
0.600625
0.600625
0.600625
0.600625
0.600625
0.600625
0.600625
0.600625
0.600625
0.600625
0.600625
0.600625
0.600625
0.600625
0.600625
0.600625
0.600625
0.600625
0.600625
0.600625
0.600625
0.600625
0.600625
0.600625
0.600625
0.600625
0.600625
0.600625
0.600625
0.600625
0.600625
0.600625
0.600625
0.600625
0.600625
0.600625
0.600625
0.600625
0.600625
0.600625
0.600625
0.600625
0.600625
0.600625
0.600625
0.600625
0.600625
0.600625
0.600625
0.600625
0.600625
0.600625
0.600625
0.600625
0.600625
0.600625
0.600625
0.600625
0.600625
0.600625
0.600625
0.600625
0.600625
0.600625
0.600625
0.600625
0.600625
0.600625
0.600625
0.600625
0.600625
0.600625
0.600625
0.600625
0.600625
0.600625
0.600625
0.600625
0.600625
0.600625
0.600625
0.600625
0.600625
0.600625
0.600625
0.600625
0.600625
0.600625
0.600625
0.600625
0.600625
0.600625
0.600625
0.600625
0.600625
0.600625
0.600625
0.600625
0.600625
0.600625
0.600625
0.600625
0.600625
0.600625
0.600625
0.600625
0.600625
0.600625
0.600625
0.600625
0.600625
0.600625
0.600625
0.600625
0.600625
0.600625
0.600625
0.600625
0.600625
0.600625
0.600625
0.600625
0.600625
0.600625
0.600625
0.600625
0.600625
0.600625
0.600625
0.600625
0.600625
0.600625
0.600625
0.600625
0.600625
0.600625
0.600625
0.600625
0.600625
0.600625
0.600625
0.600625
0.600625
0.600625
0.600625
0.600625
0.600625
0.600625
0.600625
0.600625
0.600625
0.600625
0.600625
0.600625
0.600625
0.600625
0.600625
0.600625
0.600625
0.600625
0.600625
0.600625
0.600625
0.600625
0.600625
0.600625
0.600625
0.600625
0.600625
0.600625
0.600625
0.600625
0.600625
0.600625
0.600625
0.600625
0.600625
0.600625
0.600625
0.600625
0.600625
0.600625
0.600625
0.600625
0.600625
0.600625
0.600625
0.600625
0.600625
0.600625
0.600625
0.600625
0.600625
0.600625
0.600625
0.600625
0.600625
0.600625
0.600625
0.600625
0.600625
0.600625
0.600625
0.600625
0.600625
0.600625
0.600625
0.600625
0.600625
0.600625
0.600625
0.600625
0.600625
0.600625
0.600625
0.600625
0.600625
0.600625
0.600625
0.600625
0.600625
0.600625
0.600625
0.600625
0.600625
0.600625
0.600625
0.600625
0.600625
0.600625
0.600625
0.600625
0.600625
0.600625
0.600625
0.600625
0.600625
0.600625
0.600625
0.600625
0.600625
0.600625
0.600625
0.600625
0.600625
0.600625
0.600625
0.600625
0.600625
0.600625
0.600625
0.600625
0.600625
0.600625
0.600625
0.600625
0.600625
0.600625
0.600625
0.600625
0.600625
0.600625
0.600625
0.600625
0.600625
0.600625
0.600625
0.600625
0.600625
0.600625
0.600625
0.600625
0.600625
0.600625
0.600625
0.600625
0.600625
0.600625
0.600625
0.600625
0.600625
0.600625
0.600625
0.600625
0.600625
0.600625
0.600625
0.600625
0.600625
0.600625
0.600625
0.600625
0.600625
0.600625
0.600625
0.600625
0.600625
0.600625
0.600625
0.600625
0.600625
0.600625
0.600625
0.600625
0.600625
0.600625
0.600625
0.600625
0.600625
0.600625
0.600625
0.600625
0.600625
0.600625
0.600625
0.600625
0.600625
0.600625
0.600625
0.600625
0.600625
0.600625
0.600625
0.600625
0.600625
0.600625
0.600625
0.600625
0.600625
0.600625
0.600625
0.600625
0.600625
0.600625
0.600625
0.600625
0.600625
0.600625
0.600625
0.600625
0.600625
0.600625
0.600625
0.600625
0.600625
0.600625
0.600625
0.600625
0.600625
0.600625
0.600625
0.600625
0.600625
0.600625
0.600625
0.600625
0.600625
0.600625
0.600625
0.600625
0.600625
0.600625
0.600625
0.600625
0.600625
0.600625
0.600625
0.600625
0.600625
0.600625
0.600625
0.600625
0.600625
0.600625
0.600625
0.600625
0.600625
0.600625
0.600625
0.600625
0.600625
0.600625
0.600625
0.600625
0.600625
0.600625
0.600625
0.600625
0.600625
0.600625
0.600625
0.600625
0.600625
0.600625
0.600625
0.600625
0.600625
0.600625
0.600625
0.600625
0.600625
0.600625
0.600625
0.600625
0.600625
0.600625
0.600625
0.600625
0.600625
0.600625
0.600625
0.600625
0.600625
0.600625
0.600625
0.600625
0.600625
0.600625
0.600625
0.600625
0.600625
0.600625
0.600625
0.600625
0.600625
0.600625
0.600625
0.600625
)
;

boundaryField
{
    inlet
    {
        type            calculated;
        value           uniform 0.0976562;
    }
    outlet
    {
        type            calculated;
        value           uniform 0.600625;
    }
    emptyWalls
    {
        type            empty;
    }
}


// ************************************************************************* //
