/*--------------------------------*- C++ -*----------------------------------*\
  =========                 |
  \\      /  F ield         | OpenFOAM: The Open Source CFD Toolbox
   \\    /   O peration     | Website:  https://openfoam.org
    \\  /    A nd           | Version:  9
     \\/     M anipulation  |
\*---------------------------------------------------------------------------*/
FoamFile
{
    format      ascii;
    class       volScalarField;
    location    "89000";
    object      kra;
}
// * * * * * * * * * * * * * * * * * * * * * * * * * * * * * * * * * * * * * //

dimensions      [0 0 0 0 0 0 0];

internalField   nonuniform List<scalar> 
1000
(
0.000270008
0.000269906
0.00026981
0.000269715
0.00026962
0.000269525
0.000269429
0.000269334
0.000269239
0.000269144
0.000269049
0.000268954
0.000268859
0.000268764
0.00026867
0.000268575
0.00026848
0.000268385
0.000268291
0.000268196
0.000268101
0.000268007
0.000267912
0.000267818
0.000267723
0.000267629
0.000267535
0.00026744
0.000267346
0.000267252
0.000267157
0.000267063
0.000266969
0.000266875
0.000266781
0.000266687
0.000266593
0.000266499
0.000266405
0.000266311
0.000266217
0.000266123
0.000266029
0.000265936
0.000265842
0.000265748
0.000265655
0.000265561
0.000265467
0.000265374
0.00026528
0.000265187
0.000265093
0.000265
0.000264906
0.000264813
0.000264719
0.000264626
0.000264533
0.000264439
0.000264346
0.000264253
0.000264159
0.000264066
0.000263973
0.00026388
0.000263787
0.000263693
0.0002636
0.000263507
0.000263414
0.000263321
0.000263228
0.000263135
0.000263042
0.000262949
0.000262856
0.000262763
0.00026267
0.000262577
0.000262484
0.000262392
0.000262299
0.000262206
0.000262113
0.00026202
0.000261927
0.000261835
0.000261742
0.000261649
0.000261556
0.000261464
0.000261371
0.000261278
0.000261185
0.000261093
0.000261
0.000260907
0.000260815
0.000260722
0.000260629
0.000260537
0.000260444
0.000260351
0.000260259
0.000260166
0.000260073
0.000259981
0.000259888
0.000259796
0.000259703
0.00025961
0.000259518
0.000259425
0.000259332
0.00025924
0.000259147
0.000259055
0.000258962
0.000258869
0.000258777
0.000258684
0.000258592
0.000258499
0.000258406
0.000258314
0.000258221
0.000258128
0.000258036
0.000257943
0.00025785
0.000257758
0.000257665
0.000257572
0.00025748
0.000257387
0.000257294
0.000257201
0.000257109
0.000257016
0.000256923
0.00025683
0.000256738
0.000256645
0.000256552
0.000256459
0.000256366
0.000256273
0.00025618
0.000256087
0.000255994
0.000255901
0.000255808
0.000255715
0.000255622
0.000255529
0.000255436
0.000255343
0.00025525
0.000255157
0.000255063
0.00025497
0.000254877
0.000254784
0.00025469
0.000254597
0.000254503
0.00025441
0.000254316
0.000254223
0.000254129
0.000254036
0.000253942
0.000253848
0.000253754
0.00025366
0.000253567
0.000253473
0.000253378
0.000253284
0.00025319
0.000253096
0.000253002
0.000252907
0.000252813
0.000252718
0.000252623
0.000252529
0.000252434
0.000252339
0.000252244
0.000252148
0.000252053
0.000251957
0.000251862
0.000251766
0.00025167
0.000251574
0.000251477
0.00025138
0.000251283
0.000251186
0.000251088
0.00025099
0.000250892
0.000250793
0.000250693
0.000250593
0.000250492
0.000250391
0.000250288
0.000250183
0.000250078
0.00024997
0.000249859
0.000249744
0.000249624
0.000249497
0.000249358
0.0002492
0.000249008
0.000248754
0.000248367
0.000247629
0.000245736
0.00023571
5.86143e-05
9.19698e-10
9.28684e-26
2.33241e-58
3.79046e-124
2.59114e-256
0
0
0
0
0
0
0
0
0
0
0
0
0
0
0
0
0
0
0
0
0
0
0
0
0
0
0
0
0
0
0
0
0
0
0
0
0
0
0
0
0
0
0
0
0
0
0
0
0
0
0
0
0
0
0
0
0
0
0
0
0
0
0
0
0
0
0
0
0
0
0
0
0
0
0
0
0
0
0
0
0
0
0
0
0
0
0
0
0
0
0
0
0
0
0
0
0
0
0
0
0
0
0
0
0
0
0
0
0
0
0
0
0
0
0
0
0
0
0
0
0
0
0
0
0
0
0
0
0
0
0
0
0
0
0
0
0
0
0
0
0
0
0
0
0
0
0
0
0
0
0
0
0
0
0
0
0
0
0
0
0
0
0
0
0
0
0
0
0
0
0
0
0
0
0
0
0
0
0
0
0
0
0
0
0
0
0
0
0
0
0
0
0
0
0
0
0
0
0
0
0
0
0
0
0
0
0
0
0
0
0
0
0
0
0
0
0
0
0
0
0
0
0
0
0
0
0
0
0
0
0
0
0
0
0
0
0
0
0
0
0
0
0
0
0
0
0
0
0
0
0
0
0
0
0
0
0
0
0
0
0
0
0
0
0
0
0
0
0
0
0
0
0
0
0
0
0
0
0
0
0
0
0
0
0
0
0
0
0
0
0
0
0
0
0
0
0
0
0
0
0
0
0
0
0
0
0
0
0
0
0
0
0
0
0
0
0
0
0
0
0
0
0
0
0
0
0
0
0
0
0
0
0
0
0
0
0
0
0
0
0
0
0
0
0
0
0
0
0
0
0
0
0
0
0
0
0
0
0
0
0
0
0
0
0
0
0
0
0
0
0
0
0
0
0
0
0
0
0
0
0
0
0
0
0
0
0
0
0
0
0
0
0
0
0
0
0
0
0
0
0
0
0
0
0
0
0
0
0
0
0
0
0
0
0
0
0
0
0
0
0
0
0
0
0
0
0
0
0
0
0
0
0
0
0
0
0
0
0
0
0
0
0
0
0
0
0
0
0
0
0
0
0
0
0
0
0
0
0
0
0
0
0
0
0
0
0
0
0
0
0
0
0
0
0
0
0
0
0
0
0
0
0
0
0
0
0
0
0
0
0
0
0
0
0
0
0
0
0
0
0
0
0
0
0
0
0
0
0
0
0
0
0
0
0
0
0
0
0
0
0
0
0
0
0
0
0
0
0
0
0
0
0
0
0
0
0
0
0
0
0
0
0
0
0
0
0
0
0
0
0
0
0
0
0
0
0
0
0
0
0
0
0
0
0
0
0
0
0
0
0
0
0
0
0
0
0
0
0
0
0
0
0
0
0
0
0
0
0
0
0
0
0
0
0
0
0
0
0
0
0
0
0
0
0
0
0
0
0
0
0
0
0
0
0
0
0
0
0
0
0
0
0
0
0
0
0
0
0
0
0
0
0
0
0
0
0
0
0
0
0
0
0
0
0
0
0
0
0
0
0
0
0
0
0
0
0
0
0
0
0
0
0
0
0
0
0
0
0
0
0
0
0
0
0
0
0
0
0
0
0
0
0
0
0
0
0
0
0
0
0
0
0
0
0
0
0
0
0
0
0
0
0
0
0
0
0
0
0
0
0
0
0
0
0
0
0
0
0
0
0
0
0
0
0
0
0
0
0
0
0
0
0
0
0
0
0
0
0
0
0
0
0
0
0
0
0
0
0
0
0
0
0
0
0
0
0
0
0
0
0
0
0
0
0
0
0
0
)
;

boundaryField
{
    inlet
    {
        type            calculated;
        value           uniform 0.000270089;
    }
    outlet
    {
        type            calculated;
        value           uniform 0;
    }
    emptyWalls
    {
        type            empty;
    }
}


// ************************************************************************* //
