/*--------------------------------*- C++ -*----------------------------------*\
  =========                 |
  \\      /  F ield         | OpenFOAM: The Open Source CFD Toolbox
   \\    /   O peration     | Website:  https://openfoam.org
    \\  /    A nd           | Version:  9
     \\/     M anipulation  |
\*---------------------------------------------------------------------------*/
FoamFile
{
    format      ascii;
    class       volScalarField;
    location    "89000";
    object      krc;
}
// * * * * * * * * * * * * * * * * * * * * * * * * * * * * * * * * * * * * * //

dimensions      [0 0 0 0 0 0 0];

internalField   nonuniform List<scalar> 
1000
(
2.27117e-08
1.15635e-07
2.66957e-07
4.79489e-07
7.53735e-07
1.08964e-06
1.48704e-06
1.94574e-06
2.46556e-06
3.04632e-06
3.68784e-06
4.38996e-06
5.15249e-06
5.97527e-06
6.85813e-06
7.8009e-06
8.80342e-06
9.86551e-06
1.0987e-05
1.21678e-05
1.34076e-05
1.47064e-05
1.60639e-05
1.74801e-05
1.89547e-05
2.04876e-05
2.20787e-05
2.37277e-05
2.54346e-05
2.71991e-05
2.90212e-05
3.09007e-05
3.28375e-05
3.48313e-05
3.68821e-05
3.89897e-05
4.11539e-05
4.33747e-05
4.56519e-05
4.79853e-05
5.03748e-05
5.28202e-05
5.53215e-05
5.78786e-05
6.04911e-05
6.31591e-05
6.58825e-05
6.86609e-05
7.14945e-05
7.43829e-05
7.73262e-05
8.03241e-05
8.33765e-05
8.64834e-05
8.96446e-05
9.28599e-05
9.61293e-05
9.94526e-05
0.00010283
0.000106261
0.000109745
0.000113283
0.000116874
0.000120519
0.000124217
0.000127967
0.000131771
0.000135627
0.000139537
0.000143498
0.000147513
0.000151579
0.000155698
0.00015987
0.000164093
0.000168368
0.000172695
0.000177074
0.000181505
0.000185987
0.000190521
0.000195107
0.000199743
0.000204431
0.00020917
0.00021396
0.000218801
0.000223693
0.000228636
0.00023363
0.000238674
0.000243769
0.000248914
0.00025411
0.000259356
0.000264652
0.000269999
0.000275395
0.000280842
0.000286339
0.000291885
0.000297481
0.000303127
0.000308823
0.000314569
0.000320364
0.000326208
0.000332102
0.000338045
0.000344038
0.00035008
0.000356171
0.000362311
0.0003685
0.000374738
0.000381025
0.000387362
0.000393747
0.000400181
0.000406663
0.000413194
0.000419775
0.000426403
0.00043308
0.000439806
0.000446581
0.000453404
0.000460275
0.000467194
0.000474163
0.000481179
0.000488244
0.000495357
0.000502518
0.000509728
0.000516985
0.000524291
0.000531645
0.000539048
0.000546498
0.000553997
0.000561543
0.000569138
0.000576781
0.000584472
0.000592211
0.000599999
0.000607834
0.000615717
0.000623649
0.000631629
0.000639657
0.000647733
0.000655857
0.00066403
0.000672251
0.00068052
0.000688838
0.000697204
0.000705618
0.000714081
0.000722593
0.000731153
0.000739762
0.00074842
0.000757127
0.000765882
0.000774687
0.000783541
0.000792445
0.000801398
0.0008104
0.000819453
0.000828555
0.000837708
0.000846911
0.000856165
0.000865469
0.000874825
0.000884233
0.000893692
0.000903203
0.000912767
0.000922383
0.000932054
0.000941778
0.000951556
0.00096139
0.00097128
0.000981226
0.00099123
0.00100129
0.00101141
0.0010216
0.00103184
0.00104215
0.00105252
0.00106296
0.00107347
0.00108406
0.00109472
0.00110545
0.00111627
0.00112718
0.00113818
0.00114929
0.0011605
0.00117184
0.0011833
0.00119493
0.00120672
0.00121872
0.00123096
0.00124351
0.00125643
0.00126984
0.00128394
0.00129901
0.00131555
0.00133447
0.00135751
0.00138836
0.00143604
0.0015278
0.00178412
0.00337815
0.0447173
0.10634
0.10655
0.106533
0.106533
0.106535
0.106535
0.106534
0.106534
0.106534
0.106534
0.106534
0.106534
0.106534
0.106534
0.106534
0.106534
0.106534
0.106534
0.106534
0.106534
0.106534
0.106534
0.106534
0.106534
0.106534
0.106534
0.106534
0.106534
0.106534
0.106534
0.106534
0.106534
0.106534
0.106534
0.106534
0.106534
0.106534
0.106534
0.106534
0.106534
0.106534
0.106534
0.106534
0.106534
0.106534
0.106534
0.106534
0.106534
0.106534
0.106534
0.106534
0.106534
0.106534
0.106534
0.106534
0.106534
0.106534
0.106534
0.106534
0.106534
0.106534
0.106534
0.106533
0.106533
0.106533
0.106533
0.106533
0.106533
0.106533
0.106533
0.106533
0.106533
0.106533
0.106533
0.106533
0.106533
0.106533
0.106533
0.106533
0.106533
0.106533
0.106533
0.106533
0.106533
0.106533
0.106533
0.106533
0.106533
0.106533
0.106533
0.106533
0.106533
0.106533
0.106533
0.106533
0.106533
0.106533
0.106533
0.106533
0.106533
0.106533
0.106533
0.106533
0.106533
0.106533
0.106532
0.106532
0.106532
0.106532
0.106532
0.106532
0.106532
0.106532
0.106532
0.106532
0.106532
0.106532
0.106532
0.106532
0.106532
0.106532
0.106532
0.106532
0.106532
0.106532
0.106532
0.106532
0.106532
0.106532
0.106532
0.106532
0.106532
0.106532
0.106532
0.106532
0.106532
0.106531
0.106531
0.106531
0.106531
0.106531
0.106531
0.106531
0.106531
0.106531
0.106531
0.106531
0.106531
0.106531
0.106531
0.106531
0.106531
0.106531
0.106531
0.106531
0.106531
0.106531
0.106531
0.106531
0.106531
0.10653
0.10653
0.10653
0.10653
0.10653
0.10653
0.10653
0.10653
0.10653
0.10653
0.10653
0.10653
0.10653
0.10653
0.10653
0.10653
0.10653
0.10653
0.10653
0.106529
0.106529
0.106529
0.106529
0.106529
0.106529
0.106529
0.106529
0.106529
0.106529
0.106529
0.106529
0.106529
0.106529
0.106529
0.106529
0.106528
0.106528
0.106528
0.106527
0.106518
0.106438
0.105714
0.100011
0.0769102
0.0545588
0.0507209
0.0506252
0.050625
0.050625
0.050625
0.050625
0.050625
0.050625
0.050625
0.050625
0.050625
0.050625
0.050625
0.050625
0.050625
0.050625
0.050625
0.050625
0.050625
0.050625
0.050625
0.050625
0.050625
0.050625
0.050625
0.050625
0.050625
0.050625
0.050625
0.050625
0.050625
0.050625
0.050625
0.050625
0.050625
0.050625
0.050625
0.050625
0.050625
0.050625
0.050625
0.050625
0.050625
0.050625
0.050625
0.050625
0.050625
0.050625
0.050625
0.050625
0.050625
0.050625
0.050625
0.050625
0.050625
0.050625
0.050625
0.050625
0.050625
0.050625
0.050625
0.050625
0.050625
0.050625
0.050625
0.050625
0.050625
0.050625
0.050625
0.050625
0.050625
0.050625
0.050625
0.050625
0.050625
0.050625
0.050625
0.050625
0.050625
0.050625
0.050625
0.050625
0.050625
0.050625
0.050625
0.050625
0.050625
0.050625
0.050625
0.050625
0.050625
0.050625
0.050625
0.050625
0.050625
0.050625
0.050625
0.050625
0.050625
0.050625
0.050625
0.050625
0.050625
0.050625
0.050625
0.050625
0.050625
0.050625
0.050625
0.050625
0.050625
0.050625
0.050625
0.050625
0.050625
0.050625
0.050625
0.050625
0.050625
0.050625
0.050625
0.050625
0.050625
0.050625
0.050625
0.050625
0.050625
0.050625
0.050625
0.050625
0.050625
0.050625
0.050625
0.050625
0.050625
0.050625
0.050625
0.050625
0.050625
0.050625
0.050625
0.050625
0.050625
0.050625
0.050625
0.050625
0.050625
0.050625
0.050625
0.050625
0.050625
0.050625
0.050625
0.050625
0.050625
0.050625
0.050625
0.050625
0.050625
0.050625
0.050625
0.050625
0.050625
0.050625
0.050625
0.050625
0.050625
0.050625
0.050625
0.050625
0.050625
0.050625
0.050625
0.050625
0.050625
0.050625
0.050625
0.050625
0.050625
0.050625
0.050625
0.050625
0.050625
0.050625
0.050625
0.050625
0.050625
0.050625
0.050625
0.050625
0.050625
0.050625
0.050625
0.050625
0.050625
0.050625
0.050625
0.050625
0.050625
0.050625
0.050625
0.050625
0.050625
0.050625
0.050625
0.050625
0.050625
0.050625
0.050625
0.050625
0.050625
0.050625
0.050625
0.050625
0.050625
0.050625
0.050625
0.050625
0.050625
0.050625
0.050625
0.050625
0.050625
0.050625
0.050625
0.050625
0.050625
0.050625
0.050625
0.050625
0.050625
0.050625
0.050625
0.050625
0.050625
0.050625
0.050625
0.050625
0.050625
0.050625
0.050625
0.050625
0.050625
0.050625
0.050625
0.050625
0.050625
0.050625
0.050625
0.050625
0.050625
0.050625
0.050625
0.050625
0.050625
0.050625
0.050625
0.050625
0.050625
0.050625
0.050625
0.050625
0.050625
0.050625
0.050625
0.050625
0.050625
0.050625
0.050625
0.050625
0.050625
0.050625
0.050625
0.050625
0.050625
0.050625
0.050625
0.050625
0.050625
0.050625
0.050625
0.050625
0.050625
0.050625
0.050625
0.050625
0.050625
0.050625
0.050625
0.050625
0.050625
0.050625
0.050625
0.050625
0.050625
0.050625
0.050625
0.050625
0.050625
0.050625
0.050625
0.050625
0.050625
0.050625
0.050625
0.050625
0.050625
0.050625
0.050625
0.050625
0.050625
0.050625
0.050625
0.050625
0.050625
0.050625
0.050625
0.050625
0.050625
0.050625
0.050625
0.050625
0.050625
0.050625
0.050625
0.050625
0.050625
0.050625
0.050625
0.050625
0.050625
0.050625
0.050625
0.050625
0.050625
0.050625
0.050625
0.050625
0.050625
0.050625
0.050625
0.050625
0.050625
0.050625
0.050625
0.050625
0.050625
0.050625
0.050625
0.050625
0.050625
0.050625
0.050625
0.050625
0.050625
0.050625
0.050625
0.050625
0.050625
0.050625
0.050625
0.050625
0.050625
0.050625
0.050625
0.050625
0.050625
0.050625
0.050625
0.050625
0.050625
0.050625
0.050625
0.050625
0.050625
0.050625
0.050625
0.050625
0.050625
0.050625
0.050625
0.050625
0.050625
0.050625
0.050625
0.050625
0.050625
0.050625
0.050625
0.050625
0.050625
0.050625
0.050625
0.050625
0.050625
0.050625
0.050625
0.050625
0.050625
0.050625
0.050625
0.050625
0.050625
0.050625
0.050625
0.050625
0.050625
0.050625
0.050625
0.050625
0.050625
0.050625
0.050625
0.050625
0.050625
0.050625
0.050625
0.050625
0.050625
0.050625
0.050625
0.050625
0.050625
0.050625
0.050625
0.050625
0.050625
0.050625
0.050625
0.050625
0.050625
0.050625
0.050625
0.050625
0.050625
0.050625
0.050625
0.050625
0.050625
0.050625
0.050625
0.050625
0.050625
0.050625
0.050625
0.050625
0.050625
0.050625
0.050625
0.050625
0.050625
0.050625
0.050625
0.050625
0.050625
0.050625
0.050625
0.050625
0.050625
0.050625
0.050625
0.050625
0.050625
0.050625
0.050625
0.050625
0.050625
0.050625
0.050625
0.050625
0.050625
0.050625
0.050625
0.050625
0.050625
0.050625
0.050625
0.050625
0.050625
0.050625
0.050625
0.050625
0.050625
0.050625
0.050625
0.050625
0.050625
0.050625
0.050625
0.050625
0.050625
0.050625
0.050625
0.050625
0.050625
0.050625
0.050625
0.050625
0.050625
0.050625
0.050625
0.050625
0.050625
0.050625
0.050625
0.050625
0.050625
0.050625
0.050625
0.050625
0.050625
0.050625
0.050625
0.050625
0.050625
0.050625
0.050625
0.050625
0.050625
0.050625
0.050625
0.050625
0.050625
0.050625
0.050625
0.050625
0.050625
0.050625
0.050625
0.050625
0.050625
0.050625
0.050625
0.050625
0.050625
0.050625
0.050625
0.050625
0.050625
0.050625
0.050625
0.050625
0.050625
0.050625
0.050625
0.050625
0.050625
0.050625
0.050625
0.050625
0.050625
0.050625
0.050625
0.050625
0.050625
0.050625
0.050625
0.050625
0.050625
0.050625
0.050625
0.050625
0.050625
0.050625
0.050625
0.050625
0.050625
0.050625
)
;

boundaryField
{
    inlet
    {
        type            calculated;
        value           uniform 0;
    }
    outlet
    {
        type            calculated;
        value           uniform 0.050625;
    }
    emptyWalls
    {
        type            empty;
    }
}


// ************************************************************************* //
