/*--------------------------------*- C++ -*----------------------------------*\
  =========                 |
  \\      /  F ield         | OpenFOAM: The Open Source CFD Toolbox
   \\    /   O peration     | Website:  https://openfoam.org
    \\  /    A nd           | Version:  9
     \\/     M anipulation  |
\*---------------------------------------------------------------------------*/
FoamFile
{
    format      ascii;
    class       volScalarField;
    location    "89000";
    object      p;
}
// * * * * * * * * * * * * * * * * * * * * * * * * * * * * * * * * * * * * * //

dimensions      [0 0 0 0 0 0 0];

internalField   nonuniform List<scalar> 
1000
(
4.87933e+07
4.86663e+07
4.85392e+07
4.84121e+07
4.8285e+07
4.81578e+07
4.80306e+07
4.79033e+07
4.7776e+07
4.76486e+07
4.75212e+07
4.73938e+07
4.72663e+07
4.71387e+07
4.70111e+07
4.68835e+07
4.67559e+07
4.66281e+07
4.65004e+07
4.63726e+07
4.62448e+07
4.61169e+07
4.59889e+07
4.5861e+07
4.5733e+07
4.56049e+07
4.54768e+07
4.53487e+07
4.52205e+07
4.50923e+07
4.4964e+07
4.48357e+07
4.47074e+07
4.4579e+07
4.44505e+07
4.4322e+07
4.41935e+07
4.4065e+07
4.39364e+07
4.38077e+07
4.3679e+07
4.35503e+07
4.34216e+07
4.32928e+07
4.31639e+07
4.3035e+07
4.29061e+07
4.27771e+07
4.26481e+07
4.25191e+07
4.239e+07
4.22608e+07
4.21317e+07
4.20025e+07
4.18732e+07
4.17439e+07
4.16146e+07
4.14852e+07
4.13558e+07
4.12263e+07
4.10969e+07
4.09673e+07
4.08378e+07
4.07081e+07
4.05785e+07
4.04488e+07
4.03191e+07
4.01893e+07
4.00595e+07
3.99297e+07
3.97998e+07
3.96699e+07
3.95399e+07
3.94099e+07
3.92799e+07
3.91498e+07
3.90197e+07
3.88895e+07
3.87593e+07
3.86291e+07
3.84989e+07
3.83686e+07
3.82382e+07
3.81078e+07
3.79774e+07
3.7847e+07
3.77165e+07
3.7586e+07
3.74554e+07
3.73248e+07
3.71942e+07
3.70635e+07
3.69328e+07
3.6802e+07
3.66712e+07
3.65404e+07
3.64095e+07
3.62787e+07
3.61477e+07
3.60168e+07
3.58857e+07
3.57547e+07
3.56236e+07
3.54925e+07
3.53614e+07
3.52302e+07
3.5099e+07
3.49677e+07
3.48364e+07
3.47051e+07
3.45737e+07
3.44423e+07
3.43109e+07
3.41794e+07
3.40479e+07
3.39164e+07
3.37848e+07
3.36532e+07
3.35216e+07
3.33899e+07
3.32582e+07
3.31264e+07
3.29947e+07
3.28628e+07
3.2731e+07
3.25991e+07
3.24672e+07
3.23353e+07
3.22033e+07
3.20712e+07
3.19392e+07
3.18071e+07
3.1675e+07
3.15428e+07
3.14107e+07
3.12784e+07
3.11462e+07
3.10139e+07
3.08816e+07
3.07492e+07
3.06168e+07
3.04844e+07
3.0352e+07
3.02195e+07
3.0087e+07
2.99544e+07
2.98218e+07
2.96892e+07
2.95566e+07
2.94239e+07
2.92912e+07
2.91584e+07
2.90257e+07
2.88929e+07
2.876e+07
2.86272e+07
2.84943e+07
2.83613e+07
2.82284e+07
2.80954e+07
2.79623e+07
2.78293e+07
2.76962e+07
2.75631e+07
2.74299e+07
2.72967e+07
2.71635e+07
2.70303e+07
2.6897e+07
2.67637e+07
2.66304e+07
2.6497e+07
2.63636e+07
2.62302e+07
2.60967e+07
2.59632e+07
2.58297e+07
2.56962e+07
2.55626e+07
2.5429e+07
2.52953e+07
2.51617e+07
2.5028e+07
2.48942e+07
2.47605e+07
2.46267e+07
2.44929e+07
2.4359e+07
2.42252e+07
2.40912e+07
2.39573e+07
2.38234e+07
2.36894e+07
2.35553e+07
2.34213e+07
2.32872e+07
2.31531e+07
2.3019e+07
2.28848e+07
2.27506e+07
2.26164e+07
2.24821e+07
2.23479e+07
2.22136e+07
2.20792e+07
2.19448e+07
2.18105e+07
2.1676e+07
2.15416e+07
2.14071e+07
2.12726e+07
2.1138e+07
2.10035e+07
2.08689e+07
2.07342e+07
2.05996e+07
2.04649e+07
2.03302e+07
2.01954e+07
2.00606e+07
1.99257e+07
1.97908e+07
1.96558e+07
1.95207e+07
1.93853e+07
1.92491e+07
1.91112e+07
1.90672e+07
1.90378e+07
1.90084e+07
1.89791e+07
1.89497e+07
1.89203e+07
1.88909e+07
1.88616e+07
1.88322e+07
1.88028e+07
1.87734e+07
1.87441e+07
1.87147e+07
1.86853e+07
1.86559e+07
1.86266e+07
1.85972e+07
1.85678e+07
1.85384e+07
1.85091e+07
1.84797e+07
1.84503e+07
1.84209e+07
1.83916e+07
1.83622e+07
1.83328e+07
1.83034e+07
1.82741e+07
1.82447e+07
1.82153e+07
1.81859e+07
1.81566e+07
1.81272e+07
1.80978e+07
1.80684e+07
1.80391e+07
1.80097e+07
1.79803e+07
1.79509e+07
1.79216e+07
1.78922e+07
1.78628e+07
1.78334e+07
1.78041e+07
1.77747e+07
1.77453e+07
1.77159e+07
1.76866e+07
1.76572e+07
1.76278e+07
1.75984e+07
1.75691e+07
1.75397e+07
1.75103e+07
1.74809e+07
1.74516e+07
1.74222e+07
1.73928e+07
1.73634e+07
1.73341e+07
1.73047e+07
1.72753e+07
1.72459e+07
1.72166e+07
1.71872e+07
1.71578e+07
1.71285e+07
1.70991e+07
1.70697e+07
1.70403e+07
1.7011e+07
1.69816e+07
1.69522e+07
1.69228e+07
1.68935e+07
1.68641e+07
1.68347e+07
1.68053e+07
1.6776e+07
1.67466e+07
1.67172e+07
1.66878e+07
1.66585e+07
1.66291e+07
1.65997e+07
1.65703e+07
1.6541e+07
1.65116e+07
1.64822e+07
1.64528e+07
1.64235e+07
1.63941e+07
1.63647e+07
1.63353e+07
1.6306e+07
1.62766e+07
1.62472e+07
1.62178e+07
1.61885e+07
1.61591e+07
1.61297e+07
1.61003e+07
1.6071e+07
1.60416e+07
1.60122e+07
1.59828e+07
1.59535e+07
1.59241e+07
1.58947e+07
1.58653e+07
1.5836e+07
1.58066e+07
1.57772e+07
1.57478e+07
1.57185e+07
1.56891e+07
1.56597e+07
1.56303e+07
1.5601e+07
1.55716e+07
1.55422e+07
1.55128e+07
1.54835e+07
1.54541e+07
1.54247e+07
1.53953e+07
1.5366e+07
1.53366e+07
1.53072e+07
1.52778e+07
1.52485e+07
1.52191e+07
1.51897e+07
1.51603e+07
1.5131e+07
1.51016e+07
1.50722e+07
1.50428e+07
1.50135e+07
1.49841e+07
1.49547e+07
1.49253e+07
1.4896e+07
1.48666e+07
1.48372e+07
1.48078e+07
1.47785e+07
1.47491e+07
1.47197e+07
1.46904e+07
1.4661e+07
1.46316e+07
1.46022e+07
1.45729e+07
1.45435e+07
1.45141e+07
1.44847e+07
1.44554e+07
1.4426e+07
1.43966e+07
1.43672e+07
1.43379e+07
1.43085e+07
1.42791e+07
1.42497e+07
1.42204e+07
1.4191e+07
1.41616e+07
1.41322e+07
1.41029e+07
1.40735e+07
1.40441e+07
1.40147e+07
1.39854e+07
1.3956e+07
1.39266e+07
1.38972e+07
1.38679e+07
1.38385e+07
1.38091e+07
1.37797e+07
1.37504e+07
1.3721e+07
1.36916e+07
1.36622e+07
1.36329e+07
1.36035e+07
1.35741e+07
1.35447e+07
1.35154e+07
1.3486e+07
1.34566e+07
1.34273e+07
1.33979e+07
1.33685e+07
1.33391e+07
1.33098e+07
1.32804e+07
1.3251e+07
1.32216e+07
1.31923e+07
1.31629e+07
1.31337e+07
1.31055e+07
1.30807e+07
1.30576e+07
1.30346e+07
1.30116e+07
1.29886e+07
1.29656e+07
1.29426e+07
1.29196e+07
1.28966e+07
1.28735e+07
1.28505e+07
1.28275e+07
1.28045e+07
1.27815e+07
1.27585e+07
1.27355e+07
1.27125e+07
1.26895e+07
1.26665e+07
1.26435e+07
1.26204e+07
1.25974e+07
1.25744e+07
1.25514e+07
1.25284e+07
1.25054e+07
1.24824e+07
1.24594e+07
1.24364e+07
1.24134e+07
1.23904e+07
1.23673e+07
1.23443e+07
1.23213e+07
1.22983e+07
1.22753e+07
1.22523e+07
1.22293e+07
1.22063e+07
1.21833e+07
1.21603e+07
1.21373e+07
1.21142e+07
1.20912e+07
1.20682e+07
1.20452e+07
1.20222e+07
1.19992e+07
1.19762e+07
1.19532e+07
1.19302e+07
1.19072e+07
1.18842e+07
1.18611e+07
1.18381e+07
1.18151e+07
1.17921e+07
1.17691e+07
1.17461e+07
1.17231e+07
1.17001e+07
1.16771e+07
1.16541e+07
1.16311e+07
1.16081e+07
1.1585e+07
1.1562e+07
1.1539e+07
1.1516e+07
1.1493e+07
1.147e+07
1.1447e+07
1.1424e+07
1.1401e+07
1.1378e+07
1.1355e+07
1.13319e+07
1.13089e+07
1.12859e+07
1.12629e+07
1.12399e+07
1.12169e+07
1.11939e+07
1.11709e+07
1.11479e+07
1.11249e+07
1.11019e+07
1.10788e+07
1.10558e+07
1.10328e+07
1.10098e+07
1.09868e+07
1.09638e+07
1.09408e+07
1.09178e+07
1.08948e+07
1.08718e+07
1.08488e+07
1.08257e+07
1.08027e+07
1.07797e+07
1.07567e+07
1.07337e+07
1.07107e+07
1.06877e+07
1.06647e+07
1.06417e+07
1.06187e+07
1.05957e+07
1.05726e+07
1.05496e+07
1.05266e+07
1.05036e+07
1.04806e+07
1.04576e+07
1.04346e+07
1.04116e+07
1.03886e+07
1.03656e+07
1.03426e+07
1.03195e+07
1.02965e+07
1.02735e+07
1.02505e+07
1.02275e+07
1.02045e+07
1.01815e+07
1.01585e+07
1.01355e+07
1.01125e+07
1.00895e+07
1.00664e+07
1.00434e+07
1.00204e+07
9.99742e+06
9.97441e+06
9.9514e+06
9.92839e+06
9.90538e+06
9.88237e+06
9.85936e+06
9.83636e+06
9.81335e+06
9.79034e+06
9.76733e+06
9.74432e+06
9.72131e+06
9.6983e+06
9.67529e+06
9.65228e+06
9.62927e+06
9.60627e+06
9.58326e+06
9.56025e+06
9.53724e+06
9.51423e+06
9.49122e+06
9.46821e+06
9.4452e+06
9.42219e+06
9.39918e+06
9.37618e+06
9.35317e+06
9.33016e+06
9.30715e+06
9.28414e+06
9.26113e+06
9.23812e+06
9.21511e+06
9.1921e+06
9.16909e+06
9.14609e+06
9.12308e+06
9.10007e+06
9.07706e+06
9.05405e+06
9.03104e+06
9.00803e+06
8.98502e+06
8.96201e+06
8.939e+06
8.91599e+06
8.89299e+06
8.86998e+06
8.84697e+06
8.82396e+06
8.80095e+06
8.77794e+06
8.75493e+06
8.73192e+06
8.70891e+06
8.6859e+06
8.6629e+06
8.63989e+06
8.61688e+06
8.59387e+06
8.57086e+06
8.54785e+06
8.52484e+06
8.50183e+06
8.47882e+06
8.45581e+06
8.43281e+06
8.4098e+06
8.38679e+06
8.36378e+06
8.34077e+06
8.31776e+06
8.29475e+06
8.27174e+06
8.24873e+06
8.22572e+06
8.20272e+06
8.17971e+06
8.1567e+06
8.13369e+06
8.11068e+06
8.08767e+06
8.06466e+06
8.04165e+06
8.01864e+06
7.99563e+06
7.97263e+06
7.94962e+06
7.92661e+06
7.9036e+06
7.88059e+06
7.85758e+06
7.83457e+06
7.81156e+06
7.78855e+06
7.76554e+06
7.74253e+06
7.71953e+06
7.69652e+06
7.67351e+06
7.6505e+06
7.62749e+06
7.60448e+06
7.58147e+06
7.55846e+06
7.53545e+06
7.51244e+06
7.48944e+06
7.46643e+06
7.44342e+06
7.42041e+06
7.3974e+06
7.37439e+06
7.35138e+06
7.32837e+06
7.30536e+06
7.28235e+06
7.25935e+06
7.23634e+06
7.21333e+06
7.19032e+06
7.16731e+06
7.1443e+06
7.12129e+06
7.09828e+06
7.07527e+06
7.05226e+06
7.02926e+06
7.00625e+06
6.98324e+06
6.96023e+06
6.93722e+06
6.91421e+06
6.8912e+06
6.86819e+06
6.84518e+06
6.82217e+06
6.79917e+06
6.77616e+06
6.75315e+06
6.73014e+06
6.70713e+06
6.68412e+06
6.66111e+06
6.6381e+06
6.61509e+06
6.59208e+06
6.56907e+06
6.54607e+06
6.52306e+06
6.50005e+06
6.47704e+06
6.45403e+06
6.43102e+06
6.40801e+06
6.385e+06
6.36199e+06
6.33898e+06
6.31598e+06
6.29297e+06
6.26996e+06
6.24695e+06
6.22394e+06
6.20093e+06
6.17792e+06
6.15491e+06
6.1319e+06
6.10889e+06
6.08589e+06
6.06288e+06
6.03987e+06
6.01686e+06
5.99385e+06
5.97084e+06
5.94783e+06
5.92482e+06
5.90181e+06
5.8788e+06
5.8558e+06
5.83279e+06
5.80978e+06
5.78677e+06
5.76376e+06
5.74075e+06
5.71774e+06
5.69473e+06
5.67172e+06
5.64871e+06
5.62571e+06
5.6027e+06
5.57969e+06
5.55668e+06
5.53367e+06
5.51066e+06
5.48765e+06
5.46464e+06
5.44163e+06
5.41862e+06
5.39561e+06
5.37261e+06
5.3496e+06
5.32659e+06
5.30358e+06
5.28057e+06
5.25756e+06
5.23455e+06
5.21154e+06
5.18853e+06
5.16552e+06
5.14252e+06
5.11951e+06
5.0965e+06
5.07349e+06
5.05048e+06
5.02747e+06
5.00446e+06
4.98145e+06
4.95844e+06
4.93543e+06
4.91243e+06
4.88942e+06
4.86641e+06
4.8434e+06
4.82039e+06
4.79738e+06
4.77437e+06
4.75136e+06
4.72835e+06
4.70534e+06
4.68234e+06
4.65933e+06
4.63632e+06
4.61331e+06
4.5903e+06
4.56729e+06
4.54428e+06
4.52127e+06
4.49826e+06
4.47525e+06
4.45225e+06
4.42924e+06
4.40623e+06
4.38322e+06
4.36021e+06
4.3372e+06
4.31419e+06
4.29118e+06
4.26817e+06
4.24516e+06
4.22216e+06
4.19915e+06
4.17614e+06
4.15313e+06
4.13012e+06
4.10711e+06
4.0841e+06
4.06109e+06
4.03808e+06
4.01507e+06
3.99206e+06
3.96906e+06
3.94605e+06
3.92304e+06
3.90003e+06
3.87702e+06
3.85401e+06
3.831e+06
3.80799e+06
3.78498e+06
3.76197e+06
3.73897e+06
3.71596e+06
3.69295e+06
3.66994e+06
3.64693e+06
3.62392e+06
3.60091e+06
3.5779e+06
3.55489e+06
3.53188e+06
3.50888e+06
3.48587e+06
3.46286e+06
3.43985e+06
3.41684e+06
3.39383e+06
3.37082e+06
3.34781e+06
3.3248e+06
3.30179e+06
3.27879e+06
3.25578e+06
3.23277e+06
3.20976e+06
3.18675e+06
3.16374e+06
3.14073e+06
3.11772e+06
3.09471e+06
3.0717e+06
3.0487e+06
3.02569e+06
3.00268e+06
2.97967e+06
2.95666e+06
2.93365e+06
2.91064e+06
2.88763e+06
2.86462e+06
2.84161e+06
2.8186e+06
2.7956e+06
2.77259e+06
2.74958e+06
2.72657e+06
2.70356e+06
2.68055e+06
2.65754e+06
2.63453e+06
2.61152e+06
2.58851e+06
2.56551e+06
2.5425e+06
2.51949e+06
2.49648e+06
2.47347e+06
2.45046e+06
2.42745e+06
2.40444e+06
2.38143e+06
2.35842e+06
2.33542e+06
2.31241e+06
2.2894e+06
2.26639e+06
2.24338e+06
2.22037e+06
2.19736e+06
2.17435e+06
2.15134e+06
2.12833e+06
2.10533e+06
2.08232e+06
2.05931e+06
2.0363e+06
2.01329e+06
1.99028e+06
1.96727e+06
1.94426e+06
1.92125e+06
1.89824e+06
1.87524e+06
1.85223e+06
1.82922e+06
1.80621e+06
1.7832e+06
1.76019e+06
1.73718e+06
1.71417e+06
1.69116e+06
1.66815e+06
1.64514e+06
1.62214e+06
1.59913e+06
1.57612e+06
1.55311e+06
1.5301e+06
1.50709e+06
1.48408e+06
1.46107e+06
1.43806e+06
1.41505e+06
1.39205e+06
1.36904e+06
1.34603e+06
1.32302e+06
1.30001e+06
1.277e+06
1.25399e+06
1.23098e+06
1.20797e+06
1.18496e+06
1.16196e+06
1.13895e+06
1.11594e+06
1.09293e+06
1.06992e+06
1.04691e+06
1.0239e+06
1.00089e+06
977883
954874
931865
908856
885847
862838
839829
816820
793811
770802
747793
724784
701775
678766
655757
632748
609739
586730
563721
540712
517703
494694
471685
448676
425667
402658
379649
356640
333631
310622
287613
264604
241595
218586
195577
172568
149559
126550
103541
80531.6
57522.5
34513.5
11504.5
)
;

boundaryField
{
    inlet
    {
        type            darcyGradPressure_G;
        gradient        uniform 1.26942e+08;
        Mf              Mf;
        phi             phi;
        phiG            phiG;
        value           uniform 4.88567e+07;
    }
    outlet
    {
        type            fixedValue;
        value           uniform 0;
    }
    emptyWalls
    {
        type            empty;
    }
}


// ************************************************************************* //
