/*--------------------------------*- C++ -*----------------------------------*\
  =========                 |
  \\      /  F ield         | OpenFOAM: The Open Source CFD Toolbox
   \\    /   O peration     | Website:  https://openfoam.org
    \\  /    A nd           | Version:  9
     \\/     M anipulation  |
\*---------------------------------------------------------------------------*/
FoamFile
{
    format      ascii;
    class       surfaceScalarField;
    location    "89000";
    object      phia;
}
// * * * * * * * * * * * * * * * * * * * * * * * * * * * * * * * * * * * * * //

dimensions      [0 2 0 0 0 0 0];

internalField   nonuniform List<scalar> 
999
(
1.71429e-10
1.71428e-10
1.71428e-10
1.71428e-10
1.71427e-10
1.71426e-10
1.71425e-10
1.71424e-10
1.71423e-10
1.71421e-10
1.7142e-10
1.71418e-10
1.71417e-10
1.71415e-10
1.71413e-10
1.7141e-10
1.71408e-10
1.71406e-10
1.71403e-10
1.714e-10
1.71398e-10
1.71395e-10
1.71392e-10
1.71388e-10
1.71385e-10
1.71381e-10
1.71378e-10
1.71374e-10
1.7137e-10
1.71366e-10
1.71362e-10
1.71358e-10
1.71353e-10
1.71348e-10
1.71344e-10
1.71339e-10
1.71334e-10
1.71329e-10
1.71324e-10
1.71318e-10
1.71313e-10
1.71307e-10
1.71301e-10
1.71295e-10
1.71289e-10
1.71283e-10
1.71277e-10
1.7127e-10
1.71263e-10
1.71257e-10
1.7125e-10
1.71243e-10
1.71236e-10
1.71228e-10
1.71221e-10
1.71213e-10
1.71206e-10
1.71198e-10
1.7119e-10
1.71182e-10
1.71174e-10
1.71165e-10
1.71157e-10
1.71148e-10
1.7114e-10
1.71131e-10
1.71122e-10
1.71112e-10
1.71103e-10
1.71094e-10
1.71084e-10
1.71074e-10
1.71065e-10
1.71055e-10
1.71045e-10
1.71034e-10
1.71024e-10
1.71013e-10
1.71003e-10
1.70992e-10
1.70981e-10
1.7097e-10
1.70959e-10
1.70948e-10
1.70936e-10
1.70924e-10
1.70913e-10
1.70901e-10
1.70889e-10
1.70877e-10
1.70864e-10
1.70852e-10
1.7084e-10
1.70827e-10
1.70814e-10
1.70801e-10
1.70788e-10
1.70775e-10
1.70761e-10
1.70748e-10
1.70734e-10
1.70721e-10
1.70707e-10
1.70693e-10
1.70678e-10
1.70664e-10
1.7065e-10
1.70635e-10
1.7062e-10
1.70605e-10
1.7059e-10
1.70575e-10
1.7056e-10
1.70545e-10
1.70529e-10
1.70513e-10
1.70498e-10
1.70482e-10
1.70465e-10
1.70449e-10
1.70433e-10
1.70416e-10
1.704e-10
1.70383e-10
1.70366e-10
1.70349e-10
1.70332e-10
1.70314e-10
1.70297e-10
1.70279e-10
1.70261e-10
1.70243e-10
1.70225e-10
1.70207e-10
1.70189e-10
1.7017e-10
1.70152e-10
1.70133e-10
1.70114e-10
1.70095e-10
1.70076e-10
1.70056e-10
1.70037e-10
1.70017e-10
1.69997e-10
1.69977e-10
1.69957e-10
1.69937e-10
1.69917e-10
1.69896e-10
1.69876e-10
1.69855e-10
1.69834e-10
1.69813e-10
1.69791e-10
1.6977e-10
1.69748e-10
1.69727e-10
1.69705e-10
1.69683e-10
1.69661e-10
1.69639e-10
1.69616e-10
1.69594e-10
1.69571e-10
1.69548e-10
1.69525e-10
1.69502e-10
1.69478e-10
1.69455e-10
1.69431e-10
1.69407e-10
1.69383e-10
1.69359e-10
1.69335e-10
1.6931e-10
1.69286e-10
1.69261e-10
1.69236e-10
1.69211e-10
1.69186e-10
1.6916e-10
1.69135e-10
1.69109e-10
1.69083e-10
1.69057e-10
1.69031e-10
1.69004e-10
1.68978e-10
1.68951e-10
1.68924e-10
1.68897e-10
1.68869e-10
1.68842e-10
1.68814e-10
1.68786e-10
1.68758e-10
1.68729e-10
1.68701e-10
1.68672e-10
1.68643e-10
1.68613e-10
1.68584e-10
1.68554e-10
1.68524e-10
1.68493e-10
1.68462e-10
1.68431e-10
1.68399e-10
1.68367e-10
1.68335e-10
1.68301e-10
1.68267e-10
1.68232e-10
1.68196e-10
1.68158e-10
1.68118e-10
1.68074e-10
1.68026e-10
1.67969e-10
1.67897e-10
1.67795e-10
1.67626e-10
1.67254e-10
1.66262e-10
1.56001e-10
3.20763e-12
6.7545e-20
6.81992e-36
1.71285e-68
2.7836e-134
1.90287e-266
0
0
0
0
0
0
0
0
0
0
0
0
0
0
0
0
0
0
0
0
0
0
0
0
0
0
0
0
0
0
0
0
0
0
0
0
0
0
0
0
0
0
0
0
0
0
0
0
0
0
0
0
0
0
0
0
0
0
0
0
0
0
0
0
0
0
0
0
0
0
0
0
0
0
0
0
0
0
0
0
0
0
0
0
0
0
0
0
0
0
0
0
0
0
0
0
0
0
0
0
0
0
0
0
0
0
0
0
0
0
0
0
0
0
0
0
0
0
0
0
0
0
0
0
0
0
0
0
0
0
0
0
0
0
0
0
0
0
0
0
0
0
0
0
0
0
0
0
0
0
0
0
0
0
0
0
0
0
0
0
0
0
0
0
0
0
0
0
0
0
0
0
0
0
0
0
0
0
0
0
0
0
0
0
0
0
0
0
0
0
0
0
0
0
0
0
0
0
0
0
0
0
0
0
0
0
0
0
0
0
0
0
0
0
0
0
0
0
0
0
0
0
0
0
0
0
0
0
0
0
0
0
0
0
0
0
0
0
0
0
0
0
0
0
0
0
0
0
0
0
0
0
0
0
0
0
0
0
0
0
0
0
0
0
0
0
0
0
0
0
0
0
0
0
0
0
0
0
0
0
0
0
0
0
0
0
0
0
0
0
0
0
0
0
0
0
0
0
0
0
0
0
0
0
0
0
0
0
0
0
0
0
0
0
0
0
0
0
0
0
0
0
0
0
0
0
0
0
0
0
0
0
0
0
0
0
0
0
0
0
0
0
0
0
0
0
0
0
0
0
0
0
0
0
0
0
0
0
0
0
0
0
0
0
0
0
0
0
0
0
0
0
0
0
0
0
0
0
0
0
0
0
0
0
0
0
0
0
0
0
0
0
0
0
0
0
0
0
0
0
0
0
0
0
0
0
0
0
0
0
0
0
0
0
0
0
0
0
0
0
0
0
0
0
0
0
0
0
0
0
0
0
0
0
0
0
0
0
0
0
0
0
0
0
0
0
0
0
0
0
0
0
0
0
0
0
0
0
0
0
0
0
0
0
0
0
0
0
0
0
0
0
0
0
0
0
0
0
0
0
0
0
0
0
0
0
0
0
0
0
0
0
0
0
0
0
0
0
0
0
0
0
0
0
0
0
0
0
0
0
0
0
0
0
0
0
0
0
0
0
0
0
0
0
0
0
0
0
0
0
0
0
0
0
0
0
0
0
0
0
0
0
0
0
0
0
0
0
0
0
0
0
0
0
0
0
0
0
0
0
0
0
0
0
0
0
0
0
0
0
0
0
0
0
0
0
0
0
0
0
0
0
0
0
0
0
0
0
0
0
0
0
0
0
0
0
0
0
0
0
0
0
0
0
0
0
0
0
0
0
0
0
0
0
0
0
0
0
0
0
0
0
0
0
0
0
0
0
0
0
0
0
0
0
0
0
0
0
0
0
0
0
0
0
0
0
0
0
0
0
0
0
0
0
0
0
0
0
0
0
0
0
0
0
0
0
0
0
0
0
0
0
0
0
0
0
0
0
0
0
0
0
0
0
0
0
0
0
0
0
0
0
0
0
0
0
0
0
0
0
0
0
0
0
0
0
0
0
0
0
0
0
0
0
0
0
0
0
0
0
0
0
0
0
0
0
0
0
0
0
0
0
0
0
0
0
0
0
0
0
0
0
0
0
0
0
0
0
0
0
0
0
0
0
0
0
0
0
0
0
0
0
0
0
0
0
0
)
;

boundaryField
{
    inlet
    {
        type            calculated;
        value           uniform -1.71429e-10;
    }
    outlet
    {
        type            calculated;
        value           uniform 0;
    }
    emptyWalls
    {
        type            empty;
        value           nonuniform List<scalar> 0();
    }
}


// ************************************************************************* //
