/*--------------------------------*- C++ -*----------------------------------*\
  =========                 |
  \\      /  F ield         | OpenFOAM: The Open Source CFD Toolbox
   \\    /   O peration     | Website:  https://openfoam.org
    \\  /    A nd           | Version:  9
     \\/     M anipulation  |
\*---------------------------------------------------------------------------*/
FoamFile
{
    format      ascii;
    class       volVectorField;
    location    "4400";
    object      Ub;
}
// * * * * * * * * * * * * * * * * * * * * * * * * * * * * * * * * * * * * * //

dimensions      [0 0 0 0 0 0 0];

internalField   nonuniform List<vector> 
100
(
(0 0 5.42318e-09)
(0 0 8.5781e-09)
(0 0 1.50537e-08)
(0 0 2.17541e-08)
(0 0 2.85234e-08)
(0 0 3.52891e-08)
(0 0 4.20154e-08)
(0 0 4.86846e-08)
(0 0 5.52876e-08)
(0 0 6.18195e-08)
(0 0 6.82779e-08)
(0 0 7.47114e-08)
(0 0 8.11461e-08)
(0 0 8.7556e-08)
(0 0 9.39368e-08)
(0 0 1.00286e-07)
(0 0 1.066e-07)
(0 0 1.1288e-07)
(0 0 1.19124e-07)
(0 0 1.25332e-07)
(0 0 1.31504e-07)
(0 0 1.3764e-07)
(0 0 1.4374e-07)
(0 0 1.49804e-07)
(0 0 1.55832e-07)
(0 0 1.61825e-07)
(0 0 1.67783e-07)
(0 0 1.73708e-07)
(0 0 1.79598e-07)
(0 0 1.85456e-07)
(0 0 1.91281e-07)
(0 0 1.97075e-07)
(0 0 2.02838e-07)
(0 0 2.08569e-07)
(0 0 2.14269e-07)
(0 0 2.19938e-07)
(0 0 2.25575e-07)
(0 0 2.31176e-07)
(0 0 2.36741e-07)
(0 0 2.42265e-07)
(0 0 2.47747e-07)
(0 0 2.53187e-07)
(0 0 2.58589e-07)
(0 0 2.63957e-07)
(0 0 2.69298e-07)
(0 0 2.7462e-07)
(0 0 2.79931e-07)
(0 0 2.85235e-07)
(0 0 2.90536e-07)
(0 0 2.95837e-07)
(0 0 3.0114e-07)
(0 0 3.06444e-07)
(0 0 3.1175e-07)
(0 0 3.17059e-07)
(0 0 3.22371e-07)
(0 0 3.27689e-07)
(0 0 3.33019e-07)
(0 0 3.38372e-07)
(0 0 3.43764e-07)
(0 0 3.49221e-07)
(0 0 3.54767e-07)
(0 0 3.60423e-07)
(0 0 3.66188e-07)
(0 0 3.72036e-07)
(0 0 3.77921e-07)
(0 0 3.83792e-07)
(0 0 3.89601e-07)
(0 0 3.95315e-07)
(0 0 4.00915e-07)
(0 0 4.06387e-07)
(0 0 4.11715e-07)
(0 0 4.16881e-07)
(0 0 4.21873e-07)
(0 0 4.26707e-07)
(0 0 4.31424e-07)
(0 0 4.36075e-07)
(0 0 4.40707e-07)
(0 0 4.45351e-07)
(0 0 4.50022e-07)
(0 0 4.54726e-07)
(0 0 4.59464e-07)
(0 0 4.64233e-07)
(0 0 4.69028e-07)
(0 0 4.73846e-07)
(0 0 4.78686e-07)
(0 0 4.83544e-07)
(0 0 4.88419e-07)
(0 0 4.93311e-07)
(0 0 4.98219e-07)
(0 0 5.03149e-07)
(0 0 5.08111e-07)
(0 0 5.13137e-07)
(0 0 5.18301e-07)
(0 0 5.23735e-07)
(0 0 5.29617e-07)
(0 0 5.3609e-07)
(0 0 5.4312e-07)
(0 0 5.50421e-07)
(0 0 5.57556e-07)
(0 0 5.64145e-07)
)
;

boundaryField
{
    inlet
    {
        type            prescribedFracFlowVelocity;
        U               1((0 0 1.61572e-05));
        fractionalFlow  0;
        value           uniform (0 0 0);
    }
    outlet
    {
        type            zeroGradient;
    }
    emptyWalls
    {
        type            empty;
    }
}


// ************************************************************************* //
