/*--------------------------------*- C++ -*----------------------------------*\
  =========                 |
  \\      /  F ield         | OpenFOAM: The Open Source CFD Toolbox
   \\    /   O peration     | Website:  https://openfoam.org
    \\  /    A nd           | Version:  9
     \\/     M anipulation  |
\*---------------------------------------------------------------------------*/
FoamFile
{
    format      ascii;
    class       volScalarField;
    location    "5.7";
    object      AcumCoeff_csw;
}
// * * * * * * * * * * * * * * * * * * * * * * * * * * * * * * * * * * * * * //

dimensions      [0 0 0 0 0 0 0];

internalField   nonuniform List<scalar> 
1000
(
0.149501
0.149198
0.148919
0.148652
0.148394
0.148143
0.147897
0.147655
0.147417
0.147183
0.146953
0.146725
0.146501
0.146279
0.14606
0.145843
0.145629
0.145417
0.145208
0.145001
0.144796
0.144593
0.144392
0.144193
0.143996
0.1438
0.143607
0.143415
0.143225
0.143037
0.142851
0.142666
0.142482
0.142301
0.142121
0.141942
0.141765
0.141589
0.141414
0.141241
0.14107
0.140899
0.140731
0.140563
0.140396
0.140231
0.140067
0.139905
0.139743
0.139583
0.139423
0.139265
0.139108
0.138952
0.138798
0.138644
0.138491
0.138339
0.138189
0.138039
0.13789
0.137743
0.137596
0.13745
0.137305
0.137161
0.137018
0.136876
0.136734
0.136594
0.136454
0.136315
0.136177
0.13604
0.135904
0.135768
0.135634
0.1355
0.135366
0.135234
0.135102
0.134971
0.134841
0.134711
0.134583
0.134455
0.134327
0.1342
0.134074
0.133949
0.133824
0.1337
0.133577
0.133454
0.133332
0.13321
0.133089
0.132969
0.132849
0.13273
0.132611
0.132493
0.132376
0.132259
0.132143
0.132027
0.131912
0.131797
0.131683
0.13157
0.131457
0.131344
0.131232
0.131121
0.13101
0.130899
0.130789
0.13068
0.130571
0.130462
0.130354
0.130247
0.13014
0.130033
0.129927
0.129821
0.129716
0.129611
0.129506
0.129402
0.129299
0.129196
0.129093
0.128991
0.128889
0.128787
0.128686
0.128585
0.128485
0.128385
0.128286
0.128187
0.128088
0.12799
0.127892
0.127794
0.127697
0.1276
0.127503
0.127407
0.127312
0.127216
0.127121
0.127026
0.126932
0.126838
0.126744
0.126651
0.126558
0.126465
0.126373
0.126281
0.126189
0.126098
0.126006
0.125916
0.125825
0.125735
0.125645
0.125556
0.125466
0.125377
0.125289
0.1252
0.125112
0.125025
0.124937
0.12485
0.124763
0.124676
0.12459
0.124504
0.124418
0.124332
0.124247
0.124162
0.124077
0.123993
0.123908
0.123824
0.123741
0.123657
0.123574
0.123491
0.123408
0.123326
0.123244
0.123162
0.12308
0.122998
0.122917
0.122836
0.122755
0.122675
0.122594
0.122514
0.122434
0.122355
0.122275
0.122196
0.122117
0.122038
0.12196
0.121881
0.121803
0.121725
0.121647
0.12157
0.121493
0.121416
0.121339
0.121262
0.121185
0.121109
0.121033
0.120957
0.120882
0.120806
0.120731
0.120656
0.120581
0.120506
0.120431
0.120357
0.120283
0.120209
0.120135
0.120062
0.119988
0.119915
0.119842
0.119769
0.119696
0.119624
0.119551
0.119479
0.119407
0.119335
0.119263
0.119192
0.11912
0.119049
0.118978
0.118907
0.118837
0.118766
0.118696
0.118625
0.118555
0.118485
0.118416
0.118346
0.118276
0.118207
0.118138
0.118069
0.118
0.117931
0.117863
0.117794
0.117726
0.117658
0.11759
0.117522
0.117454
0.117387
0.117319
0.117252
0.117185
0.117118
0.117051
0.116984
0.116918
0.116851
0.116785
0.116719
0.116652
0.116587
0.116521
0.116455
0.116389
0.116324
0.116259
0.116193
0.116128
0.116063
0.115998
0.115934
0.115869
0.115805
0.11574
0.115676
0.115612
0.115548
0.115484
0.11542
0.115356
0.115293
0.115229
0.115166
0.115103
0.11504
0.114977
0.114914
0.114851
0.114788
0.114726
0.114663
0.114601
0.114538
0.114476
0.114414
0.114352
0.11429
0.114228
0.114167
0.114105
0.114043
0.113982
0.113921
0.113859
0.113798
0.113737
0.113676
0.113615
0.113555
0.113494
0.113433
0.113373
0.113312
0.113252
0.113191
0.113131
0.113071
0.113011
0.112951
0.112891
0.112831
0.112772
0.112712
0.112652
0.112593
0.112533
0.112474
0.112415
0.112355
0.112296
0.112237
0.112178
0.112119
0.11206
0.112001
0.111942
0.111883
0.111825
0.111766
0.111707
0.111649
0.11159
0.111532
0.111473
0.111415
0.111356
0.111298
0.11124
0.111181
0.111123
0.111065
0.111007
0.110948
0.11089
0.110832
0.110774
0.110716
0.110658
0.1106
0.110542
0.110483
0.110425
0.110367
0.110309
0.110251
0.110193
0.110134
0.110076
0.110018
0.109959
0.109901
0.109842
0.109784
0.109725
0.109666
0.109607
0.109548
0.109489
0.10943
0.10937
0.109311
0.109251
0.109191
0.109131
0.10907
0.109009
0.108948
0.108887
0.108826
0.108763
0.108701
0.108638
0.108575
0.108511
0.108447
0.108381
0.108316
0.108249
0.108182
0.108113
0.108044
0.107974
0.107902
0.107829
0.107754
0.107678
0.107599
0.107518
0.107435
0.107349
0.10726
0.107167
0.10707
0.106967
0.106859
0.106744
0.106621
0.106488
0.106344
0.106185
0.106008
0.105809
0.105581
0.105316
0.105001
0.104616
0.104131
0.103496
0.102618
0.101314
0.0991523
0.0948542
0.0828509
0.0667166
0.0661857
0.0667692
0.0673356
0.0676009
0.0676403
0.0675389
0.0673456
0.0671247
0.0669509
0.0668635
0.0668562
0.0669021
0.066974
0.067052
0.0671223
0.0671756
0.0672061
0.0672121
0.0671962
0.067165
0.0671281
0.0670945
0.0670712
0.0670609
0.0670629
0.0670738
0.0670894
0.0671055
0.0671187
0.0671269
0.0671294
0.0671268
0.0671206
0.0671128
0.0671054
0.0670997
0.0670966
0.0670962
0.067098
0.0671012
0.0671048
0.067108
0.0671103
0.0671113
0.0671111
0.0671098
0.067108
0.067106
0.0671043
0.0671029
0.0671021
0.0671017
0.0671018
0.0671019
0.0671022
0.0671022
0.0671021
0.0671018
0.0671014
0.0671008
0.0671002
0.0670997
0.0670994
0.0670991
0.0670991
0.0670991
0.0670991
0.0670992
0.0670992
0.0670991
0.067099
0.0670988
0.0670985
0.0670982
0.0670979
0.0670976
0.0670973
0.0670971
0.0670969
0.0670967
0.0670965
0.0670964
0.0670962
0.0670961
0.067096
0.0670959
0.0670958
0.0670957
0.0670956
0.0670956
0.0670955
0.0670954
0.0670953
0.0670952
0.0670951
0.067095
0.0670948
0.0670947
0.0670945
0.0670942
0.067094
0.0670938
0.0670935
0.0670933
0.067093
0.0670927
0.0670925
0.0670922
0.067092
0.0670918
0.0670915
0.0670913
0.0670911
0.0670909
0.0670907
0.0670905
0.0670903
0.0670901
0.0670899
0.0670897
0.0670895
0.0670893
0.0670891
0.0670889
0.0670886
0.0670884
0.0670882
0.067088
0.0670878
0.0670875
0.0670873
0.0670871
0.0670869
0.0670867
0.0670865
0.0670863
0.0670861
0.0670859
0.0670857
0.0670855
0.0670853
0.0670851
0.0670849
0.0670846
0.0670844
0.0670842
0.067084
0.0670838
0.0670836
0.0670833
0.0670831
0.0670829
0.0670827
0.0670824
0.0670822
0.067082
0.0670818
0.0670815
0.0670813
0.0670811
0.0670809
0.0670807
0.0670805
0.0670804
0.0670802
0.06708
0.0670799
0.0670797
0.0670796
0.0670794
0.0670793
0.0670791
0.067079
0.0670789
0.0670787
0.0670786
0.0670784
0.0670783
0.0670782
0.067078
0.0670779
0.0670777
0.0670775
0.0670773
0.0670772
0.067077
0.0670767
0.0670765
0.0670763
0.067076
0.0670758
0.0670755
0.0670752
0.0670749
0.0670746
0.0670743
0.067074
0.0670737
0.0670733
0.067073
0.0670726
0.0670723
0.0670719
0.0670716
0.0670712
0.0670709
0.0670706
0.0670702
0.0670699
0.0670696
0.0670693
0.067069
0.0670687
0.0670684
0.0670681
0.0670679
0.0670676
0.0670674
0.0670672
0.0670669
0.0670667
0.0670665
0.0670663
0.0670661
0.0670659
0.0670657
0.0670655
0.0670653
0.0670652
0.067065
0.0670648
0.0670646
0.0670645
0.0670643
0.0670641
0.0670639
0.0670637
0.0670636
0.0670634
0.0670632
0.067063
0.0670628
0.0670626
0.0670624
0.0670622
0.067062
0.0670618
0.0670616
0.0670613
0.0670611
0.0670609
0.0670607
0.0670605
0.0670602
0.06706
0.0670598
0.0670596
0.0670593
0.0670591
0.0670589
0.0670587
0.0670584
0.0670582
0.067058
0.0670578
0.0670575
0.0670573
0.0670571
0.0670569
0.0670566
0.0670564
0.0670562
0.0670559
0.0670557
0.0670555
0.0670552
0.067055
0.0670547
0.0670545
0.0670542
0.0670539
0.0670537
0.0670534
0.0670531
0.0670529
0.0670526
0.0670523
0.067052
0.0670518
0.0670515
0.0670512
0.0670509
0.0670506
0.0670503
0.06705
0.0670498
0.0670495
0.0670492
0.0670489
0.0670486
0.0670483
0.067048
0.0670477
0.0670474
0.0670471
0.0670468
0.0670466
0.0670463
0.067046
0.0670456
0.0670451
0.0670433
0.0670346
0.0669864
0.066714
0.0651868
0.0574778
0.0384548
0.0302477
0.0300001
0.03
0.03
0.03
0.03
0.03
0.03
0.03
0.03
0.03
0.03
0.03
0.03
0.03
0.03
0.03
0.03
0.03
0.03
0.03
0.03
0.03
0.03
0.03
0.03
0.03
0.03
0.03
0.03
0.03
0.03
0.03
0.03
0.03
0.03
0.03
0.03
0.03
0.03
0.03
0.03
0.03
0.03
0.03
0.03
0.03
0.03
0.03
0.03
0.03
0.03
0.03
0.03
0.03
0.03
0.03
0.03
0.03
0.03
0.03
0.03
0.03
0.03
0.03
0.03
0.03
0.03
0.03
0.03
0.03
0.03
0.03
0.03
0.03
0.03
0.03
0.03
0.03
0.03
0.03
0.03
0.03
0.03
0.03
0.03
0.03
0.03
0.03
0.03
0.03
0.03
0.03
0.03
0.03
0.03
0.03
0.03
0.03
0.03
0.03
0.03
0.03
0.03
0.03
0.03
0.03
0.03
0.03
0.03
0.03
0.03
0.03
0.03
0.03
0.03
0.03
0.03
0.03
0.03
0.03
0.03
0.03
0.03
0.03
0.03
0.03
0.03
0.03
0.03
0.03
0.03
0.03
0.03
0.03
0.03
0.03
0.03
0.03
0.03
0.03
0.03
0.03
0.03
0.03
0.03
0.03
0.03
0.03
0.03
0.03
0.03
0.03
0.03
0.03
0.03
0.03
0.03
0.03
0.03
0.03
0.03
0.03
0.03
0.03
0.03
0.03
0.03
0.03
0.03
0.03
0.03
0.03
0.03
0.03
0.03
0.03
0.03
0.03
0.03
0.03
0.03
0.03
0.03
0.03
0.03
0.03
0.03
0.03
0.03
0.03
0.03
0.03
0.03
0.03
0.03
0.03
0.03
0.03
0.03
0.03
0.03
0.03
0.03
0.03
0.03
0.03
0.03
0.03
0.03
0.03
0.03
0.03
0.03
0.03
0.03
0.03
0.03
0.03
0.03
0.03
)
;

boundaryField
{
    inlet
    {
        type            calculated;
        value           uniform 0.15;
    }
    outlet
    {
        type            calculated;
        value           uniform 0.03;
    }
    emptyWalls
    {
        type            empty;
    }
}


// ************************************************************************* //
