/*--------------------------------*- C++ -*----------------------------------*\
  =========                 |
  \\      /  F ield         | OpenFOAM: The Open Source CFD Toolbox
   \\    /   O peration     | Website:  https://openfoam.org
    \\  /    A nd           | Version:  9
     \\/     M anipulation  |
\*---------------------------------------------------------------------------*/
FoamFile
{
    format      ascii;
    class       volScalarField;
    location    "4.7";
    object      Fcsw;
}
// * * * * * * * * * * * * * * * * * * * * * * * * * * * * * * * * * * * * * //

dimensions      [0 0 0 0 0 0 0];

internalField   nonuniform List<scalar> 
1000
(
0.000122581
0.000195458
0.000261294
0.000323135
0.000382084
0.000438697
0.000493311
0.000546151
0.000597384
0.000647138
0.000695516
0.000742606
0.000788483
0.000833211
0.000876848
0.000919448
0.000961056
0.00100172
0.00104147
0.00108035
0.0011184
0.00115564
0.00119211
0.00122783
0.00126283
0.00129714
0.00133079
0.00136378
0.00139615
0.00142791
0.00145909
0.00148971
0.00151977
0.00154931
0.00157832
0.00160684
0.00163488
0.00166244
0.00168954
0.00171621
0.00174244
0.00176825
0.00179365
0.00181866
0.00184328
0.00186753
0.00189142
0.00191494
0.00193813
0.00196097
0.00198349
0.00200568
0.00202757
0.00204915
0.00207044
0.00209143
0.00211215
0.00213258
0.00215275
0.00217266
0.00219231
0.00221172
0.00223087
0.00224979
0.00226848
0.00228694
0.00230518
0.00232319
0.002341
0.0023586
0.00237599
0.00239319
0.00241019
0.002427
0.00244363
0.00246007
0.00247634
0.00249243
0.00250835
0.0025241
0.00253968
0.00255511
0.00257038
0.0025855
0.00260046
0.00261528
0.00262995
0.00264448
0.00265887
0.00267312
0.00268724
0.00270123
0.00271509
0.00272883
0.00274244
0.00275592
0.00276929
0.00278255
0.00279569
0.00280871
0.00282163
0.00283443
0.00284713
0.00285973
0.00287222
0.00288462
0.00289691
0.00290911
0.00292121
0.00293322
0.00294514
0.00295697
0.00296871
0.00298036
0.00299193
0.00300341
0.00301481
0.00302613
0.00303737
0.00304853
0.00305962
0.00307063
0.00308157
0.00309243
0.00310322
0.00311394
0.0031246
0.00313518
0.0031457
0.00315615
0.00316654
0.00317687
0.00318713
0.00319733
0.00320748
0.00321756
0.00322758
0.00323755
0.00324746
0.00325732
0.00326712
0.00327687
0.00328657
0.00329622
0.00330581
0.00331536
0.00332486
0.00333431
0.00334371
0.00335306
0.00336237
0.00337164
0.00338086
0.00339004
0.00339918
0.00340827
0.00341732
0.00342634
0.00343531
0.00344424
0.00345314
0.003462
0.00347082
0.00347961
0.00348836
0.00349708
0.00350576
0.00351441
0.00352302
0.00353161
0.00354016
0.00354868
0.00355717
0.00356563
0.00357406
0.00358246
0.00359084
0.00359918
0.0036075
0.0036158
0.00362406
0.0036323
0.00364052
0.00364871
0.00365688
0.00366503
0.00367315
0.00368125
0.00368933
0.00369739
0.00370542
0.00371344
0.00372144
0.00372942
0.00373738
0.00374532
0.00375324
0.00376115
0.00376903
0.00377691
0.00378477
0.00379261
0.00380043
0.00380825
0.00381605
0.00382383
0.00383161
0.00383937
0.00384712
0.00385485
0.00386258
0.0038703
0.003878
0.0038857
0.00389339
0.00390107
0.00390874
0.0039164
0.00392406
0.00393171
0.00393935
0.00394699
0.00395463
0.00396226
0.00396989
0.00397751
0.00398513
0.00399275
0.00400037
0.00400798
0.0040156
0.00402321
0.00403083
0.00403845
0.00404607
0.00405369
0.00406132
0.00406895
0.00407659
0.00408423
0.00409187
0.00409952
0.00410719
0.00411485
0.00412253
0.00413022
0.00413792
0.00414563
0.00415335
0.00416109
0.00416883
0.0041766
0.00418438
0.00419218
0.00419999
0.00420783
0.00421568
0.00422356
0.00423146
0.00423938
0.00424733
0.0042553
0.0042633
0.00427133
0.0042794
0.00428749
0.00429562
0.00430378
0.00431198
0.00432022
0.0043285
0.00433682
0.00434519
0.0043536
0.00436207
0.00437058
0.00437915
0.00438778
0.00439646
0.00440521
0.00441402
0.0044229
0.00443186
0.00444089
0.00445
0.00445919
0.00446846
0.00447783
0.0044873
0.00449687
0.00450654
0.00451632
0.00452622
0.00453625
0.0045464
0.00455669
0.00456713
0.00457771
0.00458846
0.00459938
0.00461047
0.00462175
0.00463323
0.00464492
0.00465684
0.00466899
0.00468139
0.00469406
0.00470701
0.00472025
0.00473382
0.00474772
0.00476198
0.00477663
0.00479169
0.00480718
0.00482313
0.00483959
0.00485658
0.00487414
0.00489231
0.00491114
0.00493068
0.00495098
0.0049721
0.00499411
0.00501706
0.00504106
0.00506617
0.00509249
0.00512013
0.0051492
0.00517983
0.00521216
0.00524635
0.00528258
0.00532104
0.00536195
0.00540555
0.00545214
0.00550202
0.00555554
0.00561311
0.00567519
0.0057423
0.00581504
0.0058941
0.00598028
0.00607449
0.0061778
0.00629147
0.00641696
0.006556
0.00671064
0.00688333
0.007077
0.00729518
0.00754219
0.00782329
0.008145
0.00851545
0.00894486
0.00944626
0.0100364
0.0107372
0.0115778
0.012597
0.0138487
0.0154079
0.0173828
0.0199327
0.0233013
0.0278751
0.0342982
0.0437069
0.0582602
0.0824539
0.126973
0.222664
0.490501
1.57515
0.73422
0.099595
-0.271435
-0.33254
-0.251912
-0.128347
0.0125589
0.144707
0.217471
0.202879
0.128722
0.0444009
-0.0201263
-0.0584201
-0.0746387
-0.0744644
-0.0624009
-0.0421549
-0.0176611
0.00643976
0.025353
0.0355088
0.0358742
0.0282081
0.01606
0.0032486
-0.00729123
-0.0139438
-0.0163113
-0.0148968
-0.0107705
-0.00527793
0.000225818
0.00461886
0.00720231
0.00778779
0.00665479
0.00439832
0.00172736
-0.000718234
-0.00248872
-0.00337217
-0.00338135
-0.00270067
-0.0016137
-0.000427497
0.000592944
0.00127006
0.00153328
0.00141256
0.00101181
0.000471788
-6.699e-05
-0.000493277
-0.000741586
-0.000795704
-0.000681516
-0.000452986
-0.000175532
8.94215e-05
0.000295906
0.000419385
0.000457135
0.000424065
0.000345788
0.000250961
0.000164672
0.000104008
7.62793e-05
7.96715e-05
0.000105677
0.000142409
0.000177924
0.000202859
0.000211966
0.000204462
0.000183345
0.000154051
0.000122855
9.54108e-05
7.57025e-05
6.5547e-05
6.46352e-05
7.09974e-05
8.1712e-05
9.36641e-05
0.00010419
0.0001115
0.00011484
0.000114412
0.000111122
0.000106236
0.000101046
9.65938e-05
9.35155e-05
9.19968e-05
9.18356e-05
9.25699e-05
9.36331e-05
9.44986e-05
9.4785e-05
9.43092e-05
9.30872e-05
9.12919e-05
8.91876e-05
8.70574e-05
8.51414e-05
8.35957e-05
8.24757e-05
8.17443e-05
8.12953e-05
8.09868e-05
8.06753e-05
8.02416e-05
7.96088e-05
7.87464e-05
7.76663e-05
7.64108e-05
7.50384e-05
7.36096e-05
7.21769e-05
7.07788e-05
6.94393e-05
6.81705e-05
6.69784e-05
6.58681e-05
6.48491e-05
6.39375e-05
6.3157e-05
6.25366e-05
6.21074e-05
6.18987e-05
6.19337e-05
6.22268e-05
6.27811e-05
6.35882e-05
6.46286e-05
6.5873e-05
6.72843e-05
6.88196e-05
7.0432e-05
7.20718e-05
7.36882e-05
7.52292e-05
7.66432e-05
7.78789e-05
7.88863e-05
7.96177e-05
8.00285e-05
8.00789e-05
7.97354e-05
7.89718e-05
7.7771e-05
7.6126e-05
7.4041e-05
7.15316e-05
6.86258e-05
6.53633e-05
6.17956e-05
5.79855e-05
5.40057e-05
4.99381e-05
4.5872e-05
4.19024e-05
3.8128e-05
3.4649e-05
3.15644e-05
2.89693e-05
2.69526e-05
2.55937e-05
2.49604e-05
2.51063e-05
2.60687e-05
2.78672e-05
3.05024e-05
3.39555e-05
3.81883e-05
4.31439e-05
4.87478e-05
5.49102e-05
6.15279e-05
6.84875e-05
7.56681e-05
8.29453e-05
9.01939e-05
9.72917e-05
0.000104123
0.00011058
0.000116569
0.000122007
0.000126829
0.000130985
0.000134443
0.000137186
0.000139214
0.000140542
0.000141199
0.000141225
0.000140669
0.000139589
0.000138047
0.000136108
0.000133839
0.000131305
0.000128569
0.000125691
0.000122725
0.000119719
0.000116716
0.00011375
0.000110851
0.000108042
0.000105337
0.000102748
0.000100279
9.79324e-05
9.57043e-05
9.35893e-05
9.15794e-05
8.96654e-05
8.78374e-05
8.60854e-05
8.44003e-05
8.27741e-05
8.12005e-05
7.96756e-05
7.81978e-05
7.67684e-05
7.53916e-05
7.40746e-05
7.28277e-05
7.1664e-05
7.0599e-05
6.96509e-05
6.88393e-05
6.81855e-05
6.77115e-05
6.74391e-05
6.73899e-05
6.7584e-05
6.80395e-05
6.87715e-05
6.9792e-05
7.11085e-05
7.27241e-05
7.46367e-05
7.68391e-05
7.93201e-05
8.20728e-05
8.5141e-05
8.88855e-05
9.5502e-05
0.000117675
0.000227941
0.000840219
0.00431481
0.0240887
0.135933
0.736162
2.6128
1.53058
0.0340146
2.76859e-06
3.89317e-15
-0
-0
-0
-0
-0
-0
-0
-0
-0
-0
-0
-0
-0
-0
-0
-0
-0
-0
-0
-0
-0
-0
-0
-0
-0
-0
-0
-0
-0
-0
-0
-0
-0
-0
-0
-0
-0
-0
-0
-0
-0
-0
-0
-0
-0
-0
-0
-0
-0
-0
-0
-0
-0
-0
-0
-0
-0
-0
-0
-0
-0
-0
-0
-0
-0
-0
-0
-0
-0
-0
-0
-0
-0
-0
-0
-0
-0
-0
-0
-0
-0
-0
-0
-0
-0
-0
-0
-0
-0
-0
-0
-0
-0
-0
-0
-0
-0
-0
-0
-0
-0
-0
-0
-0
-0
-0
-0
-0
-0
-0
-0
-0
-0
-0
-0
-0
-0
-0
-0
-0
-0
-0
-0
-0
-0
-0
-0
-0
-0
-0
-0
-0
-0
-0
-0
-0
-0
-0
-0
-0
-0
-0
-0
-0
-0
-0
-0
-0
-0
-0
-0
-0
-0
-0
-0
-0
-0
-0
-0
-0
-0
-0
-0
-0
-0
-0
-0
-0
-0
-0
-0
-0
-0
-0
-0
-0
-0
-0
-0
-0
-0
-0
-0
-0
-0
-0
-0
-0
-0
-0
-0
-0
-0
-0
-0
-0
-0
-0
-0
-0
-0
-0
-0
-0
-0
-0
-0
-0
-0
-0
-0
-0
-0
-0
-0
-0
-0
-0
-0
-0
-0
-0
-0
-0
-0
-0
-0
-0
-0
-0
-0
-0
-0
-0
-0
-0
-0
-0
-0
-0
-0
-0
-0
-0
-0
-0
-0
-0
-0
-0
-0
-0
-0
-0
-0
-0
-0
-0
-0
-0
-0
-0
-0
-0
-0
-0
-0
-0
-0
-0
-0
-0
-0
-0
-0
-0
-0
-0
-0
-0
-0
-0
-0
-0
-0
-0
-0
-0
-0
-0
-0
-0
-0
-0
-0
-0
-0
-0
-0
-0
-0
-0
-0
-0
-0
-0
-0
-0
-0
-0
-0
-0
-0
-0
-0
-0
-0
-0
-0
-0
-0
-0
-0
-0
-0
-0
-0
-0
-0
-0
-0
-0
-0
-0
-0
-0
-0
-0
-0
-0
-0
-0
-0
-0
-0
-0
-0
-0
-0
-0
-0
-0
-0
-0
-0
)
;

boundaryField
{
    inlet
    {
        type            calculated;
        value           uniform 0.000122581;
    }
    outlet
    {
        type            calculated;
        value           uniform -0;
    }
    emptyWalls
    {
        type            empty;
    }
}


// ************************************************************************* //
