/*--------------------------------*- C++ -*----------------------------------*\
  =========                 |
  \\      /  F ield         | OpenFOAM: The Open Source CFD Toolbox
   \\    /   O peration     | Website:  https://openfoam.org
    \\  /    A nd           | Version:  9
     \\/     M anipulation  |
\*---------------------------------------------------------------------------*/
FoamFile
{
    format      ascii;
    class       volScalarField;
    location    "10.5";
    object      p;
}
// * * * * * * * * * * * * * * * * * * * * * * * * * * * * * * * * * * * * * //

dimensions      [0 0 0 0 0 0 0];

internalField   nonuniform List<scalar> 
1000
(
2.04074e+13
2.03975e+13
2.03876e+13
2.03776e+13
2.03676e+13
2.03576e+13
2.03475e+13
2.03375e+13
2.03274e+13
2.03172e+13
2.03071e+13
2.02969e+13
2.02868e+13
2.02766e+13
2.02663e+13
2.02561e+13
2.02458e+13
2.02355e+13
2.02252e+13
2.02148e+13
2.02045e+13
2.01941e+13
2.01837e+13
2.01733e+13
2.01628e+13
2.01523e+13
2.01418e+13
2.01313e+13
2.01208e+13
2.01102e+13
2.00997e+13
2.00891e+13
2.00785e+13
2.00678e+13
2.00572e+13
2.00465e+13
2.00358e+13
2.00251e+13
2.00143e+13
2.00036e+13
1.99928e+13
1.9982e+13
1.99712e+13
1.99603e+13
1.99494e+13
1.99386e+13
1.99277e+13
1.99167e+13
1.99058e+13
1.98948e+13
1.98839e+13
1.98729e+13
1.98618e+13
1.98508e+13
1.98397e+13
1.98287e+13
1.98176e+13
1.98064e+13
1.97953e+13
1.97842e+13
1.9773e+13
1.97618e+13
1.97506e+13
1.97393e+13
1.97281e+13
1.97168e+13
1.97055e+13
1.96942e+13
1.96829e+13
1.96716e+13
1.96602e+13
1.96488e+13
1.96374e+13
1.9626e+13
1.96146e+13
1.96031e+13
1.95916e+13
1.95801e+13
1.95686e+13
1.95571e+13
1.95455e+13
1.9534e+13
1.95224e+13
1.95108e+13
1.94992e+13
1.94875e+13
1.94759e+13
1.94642e+13
1.94525e+13
1.94408e+13
1.94291e+13
1.94173e+13
1.94056e+13
1.93938e+13
1.9382e+13
1.93702e+13
1.93583e+13
1.93465e+13
1.93346e+13
1.93227e+13
1.93108e+13
1.92989e+13
1.92869e+13
1.9275e+13
1.9263e+13
1.9251e+13
1.9239e+13
1.9227e+13
1.92149e+13
1.92029e+13
1.91908e+13
1.91787e+13
1.91666e+13
1.91545e+13
1.91423e+13
1.91302e+13
1.9118e+13
1.91058e+13
1.90936e+13
1.90813e+13
1.90691e+13
1.90568e+13
1.90446e+13
1.90323e+13
1.90199e+13
1.90076e+13
1.89953e+13
1.89829e+13
1.89705e+13
1.89581e+13
1.89457e+13
1.89333e+13
1.89208e+13
1.89084e+13
1.88959e+13
1.88834e+13
1.88709e+13
1.88584e+13
1.88458e+13
1.88333e+13
1.88207e+13
1.88081e+13
1.87955e+13
1.87829e+13
1.87702e+13
1.87576e+13
1.87449e+13
1.87322e+13
1.87195e+13
1.87068e+13
1.8694e+13
1.86813e+13
1.86685e+13
1.86557e+13
1.86429e+13
1.86301e+13
1.86173e+13
1.86044e+13
1.85916e+13
1.85787e+13
1.85658e+13
1.85529e+13
1.854e+13
1.8527e+13
1.85141e+13
1.85011e+13
1.84881e+13
1.84751e+13
1.84621e+13
1.8449e+13
1.8436e+13
1.84229e+13
1.84099e+13
1.83968e+13
1.83836e+13
1.83705e+13
1.83574e+13
1.83442e+13
1.8331e+13
1.83179e+13
1.83047e+13
1.82914e+13
1.82782e+13
1.8265e+13
1.82517e+13
1.82384e+13
1.82251e+13
1.82118e+13
1.81985e+13
1.81851e+13
1.81718e+13
1.81584e+13
1.8145e+13
1.81316e+13
1.81182e+13
1.81048e+13
1.80914e+13
1.80779e+13
1.80644e+13
1.80509e+13
1.80374e+13
1.80239e+13
1.80104e+13
1.79968e+13
1.79833e+13
1.79697e+13
1.79561e+13
1.79425e+13
1.79289e+13
1.79153e+13
1.79016e+13
1.78879e+13
1.78743e+13
1.78606e+13
1.78469e+13
1.78331e+13
1.78194e+13
1.78057e+13
1.77919e+13
1.77781e+13
1.77643e+13
1.77505e+13
1.77367e+13
1.77228e+13
1.7709e+13
1.76951e+13
1.76813e+13
1.76674e+13
1.76535e+13
1.76395e+13
1.76256e+13
1.76116e+13
1.75977e+13
1.75837e+13
1.75697e+13
1.75557e+13
1.75417e+13
1.75276e+13
1.75136e+13
1.74995e+13
1.74854e+13
1.74714e+13
1.74573e+13
1.74431e+13
1.7429e+13
1.74149e+13
1.74007e+13
1.73865e+13
1.73723e+13
1.73581e+13
1.73439e+13
1.73297e+13
1.73154e+13
1.73012e+13
1.72869e+13
1.72726e+13
1.72583e+13
1.7244e+13
1.72297e+13
1.72153e+13
1.7201e+13
1.71866e+13
1.71722e+13
1.71578e+13
1.71434e+13
1.7129e+13
1.71146e+13
1.71001e+13
1.70856e+13
1.70712e+13
1.70567e+13
1.70422e+13
1.70277e+13
1.70131e+13
1.69986e+13
1.6984e+13
1.69695e+13
1.69549e+13
1.69403e+13
1.69257e+13
1.6911e+13
1.68964e+13
1.68817e+13
1.68671e+13
1.68524e+13
1.68377e+13
1.6823e+13
1.68083e+13
1.67935e+13
1.67788e+13
1.6764e+13
1.67493e+13
1.67345e+13
1.67197e+13
1.67049e+13
1.66901e+13
1.66752e+13
1.66604e+13
1.66455e+13
1.66306e+13
1.66157e+13
1.66008e+13
1.65859e+13
1.6571e+13
1.6556e+13
1.65411e+13
1.65261e+13
1.65111e+13
1.64961e+13
1.64811e+13
1.64661e+13
1.64511e+13
1.6436e+13
1.6421e+13
1.64059e+13
1.63908e+13
1.63757e+13
1.63606e+13
1.63455e+13
1.63303e+13
1.63152e+13
1.63e+13
1.62848e+13
1.62697e+13
1.62545e+13
1.62392e+13
1.6224e+13
1.62088e+13
1.61935e+13
1.61783e+13
1.6163e+13
1.61477e+13
1.61324e+13
1.61171e+13
1.61017e+13
1.60864e+13
1.6071e+13
1.60557e+13
1.60403e+13
1.60249e+13
1.60095e+13
1.59941e+13
1.59787e+13
1.59632e+13
1.59478e+13
1.59323e+13
1.59168e+13
1.59013e+13
1.58858e+13
1.58703e+13
1.58548e+13
1.58392e+13
1.58237e+13
1.58081e+13
1.57925e+13
1.57769e+13
1.57613e+13
1.57457e+13
1.57301e+13
1.57144e+13
1.56988e+13
1.56831e+13
1.56674e+13
1.56517e+13
1.5636e+13
1.56203e+13
1.56046e+13
1.55888e+13
1.55731e+13
1.55573e+13
1.55415e+13
1.55257e+13
1.55099e+13
1.54941e+13
1.54783e+13
1.54625e+13
1.54466e+13
1.54307e+13
1.54149e+13
1.5399e+13
1.53831e+13
1.53672e+13
1.53512e+13
1.53353e+13
1.53194e+13
1.53034e+13
1.52874e+13
1.52714e+13
1.52554e+13
1.52394e+13
1.52234e+13
1.52074e+13
1.51913e+13
1.51753e+13
1.51592e+13
1.51431e+13
1.5127e+13
1.51109e+13
1.50948e+13
1.50787e+13
1.50625e+13
1.50464e+13
1.50302e+13
1.5014e+13
1.49978e+13
1.49816e+13
1.49654e+13
1.49492e+13
1.4933e+13
1.49167e+13
1.49004e+13
1.48842e+13
1.48679e+13
1.48516e+13
1.48353e+13
1.4819e+13
1.48026e+13
1.47863e+13
1.47699e+13
1.47536e+13
1.47372e+13
1.47208e+13
1.47044e+13
1.4688e+13
1.46715e+13
1.46551e+13
1.46387e+13
1.46222e+13
1.46057e+13
1.45892e+13
1.45727e+13
1.45562e+13
1.45397e+13
1.45232e+13
1.45066e+13
1.44901e+13
1.44735e+13
1.44569e+13
1.44403e+13
1.44237e+13
1.44071e+13
1.43905e+13
1.43739e+13
1.43572e+13
1.43405e+13
1.43239e+13
1.43072e+13
1.42905e+13
1.42738e+13
1.42571e+13
1.42403e+13
1.42236e+13
1.42068e+13
1.41901e+13
1.41733e+13
1.41565e+13
1.41397e+13
1.41229e+13
1.41061e+13
1.40892e+13
1.40724e+13
1.40555e+13
1.40387e+13
1.40218e+13
1.40049e+13
1.3988e+13
1.39711e+13
1.39542e+13
1.39372e+13
1.39203e+13
1.39033e+13
1.38864e+13
1.38694e+13
1.38524e+13
1.38354e+13
1.38184e+13
1.38013e+13
1.37843e+13
1.37672e+13
1.37502e+13
1.37331e+13
1.3716e+13
1.36989e+13
1.36818e+13
1.36647e+13
1.36476e+13
1.36304e+13
1.36133e+13
1.35961e+13
1.35789e+13
1.35618e+13
1.35446e+13
1.35274e+13
1.35101e+13
1.34929e+13
1.34757e+13
1.34584e+13
1.34412e+13
1.34239e+13
1.34066e+13
1.33893e+13
1.3372e+13
1.33547e+13
1.33373e+13
1.332e+13
1.33026e+13
1.32853e+13
1.32679e+13
1.32505e+13
1.32331e+13
1.32157e+13
1.31983e+13
1.31809e+13
1.31634e+13
1.3146e+13
1.31285e+13
1.3111e+13
1.30935e+13
1.3076e+13
1.30585e+13
1.3041e+13
1.30235e+13
1.30059e+13
1.29884e+13
1.29708e+13
1.29533e+13
1.29357e+13
1.29181e+13
1.29005e+13
1.28829e+13
1.28652e+13
1.28476e+13
1.28299e+13
1.28123e+13
1.27946e+13
1.27769e+13
1.27592e+13
1.27415e+13
1.27238e+13
1.27061e+13
1.26883e+13
1.26706e+13
1.26528e+13
1.26351e+13
1.26173e+13
1.25995e+13
1.25817e+13
1.25639e+13
1.2546e+13
1.25282e+13
1.25104e+13
1.24925e+13
1.24746e+13
1.24568e+13
1.24389e+13
1.2421e+13
1.24031e+13
1.23851e+13
1.23672e+13
1.23493e+13
1.23313e+13
1.23133e+13
1.22954e+13
1.22774e+13
1.22594e+13
1.22414e+13
1.22233e+13
1.22053e+13
1.21873e+13
1.21692e+13
1.21512e+13
1.21331e+13
1.2115e+13
1.20969e+13
1.20788e+13
1.20607e+13
1.20426e+13
1.20244e+13
1.20063e+13
1.19881e+13
1.197e+13
1.19518e+13
1.19336e+13
1.19154e+13
1.18972e+13
1.18789e+13
1.18607e+13
1.18425e+13
1.18242e+13
1.1806e+13
1.17877e+13
1.17694e+13
1.17511e+13
1.17328e+13
1.17145e+13
1.16961e+13
1.16778e+13
1.16595e+13
1.16411e+13
1.16227e+13
1.16043e+13
1.1586e+13
1.15676e+13
1.15491e+13
1.15307e+13
1.15123e+13
1.14938e+13
1.14754e+13
1.14569e+13
1.14384e+13
1.142e+13
1.14015e+13
1.1383e+13
1.13644e+13
1.13459e+13
1.13274e+13
1.13088e+13
1.12903e+13
1.12717e+13
1.12531e+13
1.12345e+13
1.12159e+13
1.11973e+13
1.11787e+13
1.11601e+13
1.11414e+13
1.11228e+13
1.11041e+13
1.10854e+13
1.10667e+13
1.1048e+13
1.10293e+13
1.10106e+13
1.09919e+13
1.09732e+13
1.09544e+13
1.09357e+13
1.09169e+13
1.08981e+13
1.08793e+13
1.08605e+13
1.08417e+13
1.08229e+13
1.08041e+13
1.07852e+13
1.07664e+13
1.07475e+13
1.07286e+13
1.07098e+13
1.06909e+13
1.0672e+13
1.06531e+13
1.06341e+13
1.06152e+13
1.05963e+13
1.05773e+13
1.05583e+13
1.05394e+13
1.05204e+13
1.05014e+13
1.04824e+13
1.04634e+13
1.04443e+13
1.04253e+13
1.04062e+13
1.03872e+13
1.03681e+13
1.0349e+13
1.033e+13
1.03109e+13
1.02918e+13
1.02726e+13
1.02535e+13
1.02344e+13
1.02152e+13
1.01961e+13
1.01769e+13
1.01577e+13
1.01385e+13
1.01193e+13
1.01001e+13
1.00809e+13
1.00617e+13
1.00424e+13
1.00232e+13
1.00039e+13
9.98463e+12
9.96535e+12
9.94606e+12
9.92676e+12
9.90744e+12
9.88812e+12
9.86879e+12
9.84944e+12
9.83009e+12
9.81073e+12
9.79135e+12
9.77197e+12
9.75257e+12
9.73317e+12
9.71375e+12
9.69433e+12
9.6749e+12
9.65545e+12
9.63599e+12
9.61653e+12
9.59705e+12
9.57757e+12
9.55807e+12
9.53856e+12
9.51905e+12
9.49952e+12
9.47998e+12
9.46044e+12
9.44088e+12
9.42131e+12
9.40173e+12
9.38215e+12
9.36255e+12
9.34294e+12
9.32332e+12
9.30369e+12
9.28405e+12
9.2644e+12
9.24474e+12
9.22507e+12
9.20539e+12
9.1857e+12
9.166e+12
9.14629e+12
9.12657e+12
9.10684e+12
9.0871e+12
9.06735e+12
9.04759e+12
9.02782e+12
9.00803e+12
8.98824e+12
8.96844e+12
8.94863e+12
8.9288e+12
8.90897e+12
8.88912e+12
8.86927e+12
8.84941e+12
8.82953e+12
8.80965e+12
8.78975e+12
8.76984e+12
8.74993e+12
8.73e+12
8.71006e+12
8.69012e+12
8.67016e+12
8.65019e+12
8.63021e+12
8.61022e+12
8.59022e+12
8.57021e+12
8.55019e+12
8.53016e+12
8.51012e+12
8.49007e+12
8.47e+12
8.44993e+12
8.42984e+12
8.40975e+12
8.38964e+12
8.36953e+12
8.3494e+12
8.32926e+12
8.30911e+12
8.28895e+12
8.26878e+12
8.2486e+12
8.22841e+12
8.2082e+12
8.18799e+12
8.16776e+12
8.14752e+12
8.12727e+12
8.10701e+12
8.08674e+12
8.06646e+12
8.04616e+12
8.02586e+12
8.00554e+12
7.98521e+12
7.96487e+12
7.94451e+12
7.92415e+12
7.90377e+12
7.88338e+12
7.86298e+12
7.84256e+12
7.82213e+12
7.80169e+12
7.78123e+12
7.76077e+12
7.74028e+12
7.71979e+12
7.69928e+12
7.67875e+12
7.65821e+12
7.63766e+12
7.61709e+12
7.5965e+12
7.5759e+12
7.55528e+12
7.53465e+12
7.51399e+12
7.49332e+12
7.47263e+12
7.45191e+12
7.43118e+12
7.41042e+12
7.38964e+12
7.36884e+12
7.34801e+12
7.32715e+12
7.30625e+12
7.28533e+12
7.26437e+12
7.24336e+12
7.22231e+12
7.20122e+12
7.18006e+12
7.15883e+12
7.13753e+12
7.11613e+12
7.09462e+12
7.07296e+12
7.0511e+12
7.02899e+12
7.00649e+12
6.98338e+12
6.95914e+12
6.93233e+12
6.89386e+12
6.85511e+12
6.81597e+12
6.77618e+12
6.73555e+12
6.69392e+12
6.65125e+12
6.60763e+12
6.56329e+12
6.51862e+12
6.47408e+12
6.43008e+12
6.38684e+12
6.34433e+12
6.30233e+12
6.26055e+12
6.21873e+12
6.17669e+12
6.13436e+12
6.09172e+12
6.04881e+12
6.00572e+12
5.96256e+12
5.91942e+12
5.87638e+12
5.83348e+12
5.79073e+12
5.7481e+12
5.70554e+12
5.663e+12
5.62043e+12
5.57781e+12
5.53512e+12
5.49236e+12
5.44956e+12
5.40673e+12
5.3639e+12
5.32109e+12
5.2783e+12
5.23555e+12
5.19282e+12
5.15011e+12
5.10741e+12
5.06471e+12
5.022e+12
4.97927e+12
4.93653e+12
4.89378e+12
4.85103e+12
4.80827e+12
4.76551e+12
4.72275e+12
4.68001e+12
4.63727e+12
4.59453e+12
4.5518e+12
4.50907e+12
4.46633e+12
4.4236e+12
4.38086e+12
4.33812e+12
4.29537e+12
4.25263e+12
4.20988e+12
4.16714e+12
4.1244e+12
4.08166e+12
4.03892e+12
3.99618e+12
3.95344e+12
3.9107e+12
3.86796e+12
3.82522e+12
3.78248e+12
3.73974e+12
3.697e+12
3.65426e+12
3.61152e+12
3.56878e+12
3.52604e+12
3.4833e+12
3.44056e+12
3.39782e+12
3.35508e+12
3.31234e+12
3.2696e+12
3.22686e+12
3.18412e+12
3.14138e+12
3.09864e+12
3.0559e+12
3.01316e+12
2.97042e+12
2.92768e+12
2.88494e+12
2.8422e+12
2.79946e+12
2.75672e+12
2.71398e+12
2.67124e+12
2.6285e+12
2.58576e+12
2.54302e+12
2.50028e+12
2.45754e+12
2.4148e+12
2.37206e+12
2.32932e+12
2.28658e+12
2.24384e+12
2.2011e+12
2.15836e+12
2.11562e+12
2.07288e+12
2.03014e+12
1.9874e+12
1.94466e+12
1.90192e+12
1.85918e+12
1.81644e+12
1.7737e+12
1.73096e+12
1.68822e+12
1.64548e+12
1.60274e+12
1.56e+12
1.51726e+12
1.47452e+12
1.43178e+12
1.38904e+12
1.3463e+12
1.30356e+12
1.26082e+12
1.21808e+12
1.17534e+12
1.1326e+12
1.08986e+12
1.04712e+12
1.00438e+12
9.61641e+11
9.18901e+11
8.76161e+11
8.33421e+11
7.90682e+11
7.47942e+11
7.05202e+11
6.62463e+11
6.19723e+11
5.76984e+11
5.34244e+11
4.91504e+11
4.48765e+11
4.06025e+11
3.63286e+11
3.20546e+11
2.77807e+11
2.35067e+11
1.92328e+11
1.49588e+11
1.06849e+11
6.41092e+10
2.13697e+10
)
;

boundaryField
{
    inlet
    {
        type            darcyGradPressure_G;
        gradient        uniform 3.23949e+11;
        Mf              Mf;
        phi             phi;
        phiG            phiG;
        value           uniform 2.04124e+13;
    }
    outlet
    {
        type            fixedValue;
        value           uniform 0;
    }
    emptyWalls
    {
        type            empty;
    }
}


// ************************************************************************* //
