/*--------------------------------*- C++ -*----------------------------------*\
  =========                 |
  \\      /  F ield         | OpenFOAM: The Open Source CFD Toolbox
   \\    /   O peration     | Website:  https://openfoam.org
    \\  /    A nd           | Version:  9
     \\/     M anipulation  |
\*---------------------------------------------------------------------------*/
FoamFile
{
    format      ascii;
    class       volScalarField;
    location    "10.5";
    object      Sc;
}
// * * * * * * * * * * * * * * * * * * * * * * * * * * * * * * * * * * * * * //

dimensions      [0 0 0 0 0 0 0];

internalField   nonuniform List<scalar> 
1000
(
0.00149305
0.00240707
0.00325182
0.0040625
0.00485137
0.00562427
0.00638449
0.00713409
0.00787446
0.00860659
0.00933122
0.0100489
0.0107601
0.0114652
0.0121645
0.0128582
0.0135465
0.0142298
0.014908
0.0155814
0.0162501
0.0169143
0.017574
0.0182293
0.0188804
0.0195273
0.0201701
0.020809
0.0214438
0.0220749
0.0227021
0.0233256
0.0239454
0.0245616
0.0251743
0.0257834
0.0263891
0.0269914
0.0275903
0.028186
0.0287783
0.0293675
0.0299534
0.0305363
0.031116
0.0316927
0.0322663
0.032837
0.0334047
0.0339695
0.0345314
0.0350905
0.0356468
0.0362003
0.0367511
0.0372991
0.0378445
0.0383872
0.0389273
0.0394647
0.0399996
0.040532
0.0410619
0.0415892
0.0421141
0.0426366
0.0431566
0.0436743
0.0441895
0.0447025
0.0452131
0.0457214
0.0462275
0.0467313
0.0472329
0.0477323
0.0482295
0.0487245
0.0492174
0.0497081
0.0501968
0.0506833
0.0511678
0.0516503
0.0521307
0.0526091
0.0530856
0.05356
0.0540325
0.0545031
0.0549717
0.0554384
0.0559033
0.0563662
0.0568274
0.0572866
0.0577441
0.0581997
0.0586536
0.0591057
0.059556
0.0600046
0.0604514
0.0608965
0.0613399
0.0617816
0.0622217
0.0626601
0.0630968
0.0635319
0.0639654
0.0643972
0.0648275
0.0652562
0.0656833
0.0661088
0.0665328
0.0669553
0.0673762
0.0677957
0.0682136
0.06863
0.069045
0.0694585
0.0698705
0.0702811
0.0706903
0.071098
0.0715044
0.0719093
0.0723128
0.072715
0.0731158
0.0735152
0.0739133
0.07431
0.0747054
0.0750995
0.0754923
0.0758837
0.0762739
0.0766628
0.0770504
0.0774368
0.0778219
0.0782057
0.0785883
0.0789697
0.0793498
0.0797288
0.0801065
0.080483
0.0808584
0.0812325
0.0816055
0.0819773
0.082348
0.0827175
0.0830859
0.0834531
0.0838192
0.0841842
0.0845481
0.0849109
0.0852725
0.0856331
0.0859926
0.086351
0.0867084
0.0870647
0.0874199
0.0877741
0.0881272
0.0884793
0.0888304
0.0891805
0.0895295
0.0898775
0.0902245
0.0905706
0.0909156
0.0912596
0.0916027
0.0919448
0.0922859
0.0926261
0.0929653
0.0933036
0.0936409
0.0939773
0.0943127
0.0946473
0.0949809
0.0953135
0.0956453
0.0959762
0.0963062
0.0966352
0.0969634
0.0972907
0.0976171
0.0979427
0.0982674
0.0985912
0.0989142
0.0992363
0.0995575
0.0998779
0.100198
0.100516
0.100834
0.101151
0.101468
0.101783
0.102098
0.102411
0.102725
0.103037
0.103348
0.103659
0.103969
0.104278
0.104586
0.104894
0.1052
0.105506
0.105812
0.106116
0.10642
0.106723
0.107025
0.107327
0.107628
0.107928
0.108227
0.108526
0.108824
0.109121
0.109417
0.109713
0.110008
0.110302
0.110596
0.110889
0.111181
0.111473
0.111764
0.112054
0.112344
0.112632
0.112921
0.113208
0.113495
0.113781
0.114067
0.114352
0.114636
0.11492
0.115203
0.115485
0.115767
0.116048
0.116328
0.116608
0.116887
0.117166
0.117444
0.117721
0.117998
0.118274
0.11855
0.118825
0.119099
0.119373
0.119646
0.119919
0.120191
0.120462
0.120733
0.121003
0.121273
0.121542
0.12181
0.122078
0.122346
0.122612
0.122879
0.123144
0.12341
0.123674
0.123938
0.124202
0.124465
0.124727
0.124989
0.12525
0.125511
0.125771
0.126031
0.12629
0.126549
0.126807
0.127065
0.127322
0.127579
0.127835
0.12809
0.128345
0.1286
0.128854
0.129108
0.129361
0.129613
0.129865
0.130117
0.130368
0.130619
0.130869
0.131119
0.131368
0.131616
0.131865
0.132112
0.13236
0.132606
0.132853
0.133099
0.133344
0.133589
0.133833
0.134077
0.134321
0.134564
0.134807
0.135049
0.135291
0.135532
0.135773
0.136013
0.136253
0.136493
0.136732
0.13697
0.137209
0.137447
0.137684
0.137921
0.138157
0.138393
0.138629
0.138864
0.139099
0.139334
0.139567
0.139801
0.140034
0.140267
0.140499
0.140731
0.140963
0.141194
0.141425
0.141655
0.141885
0.142114
0.142343
0.142572
0.1428
0.143028
0.143256
0.143483
0.14371
0.143936
0.144162
0.144388
0.144613
0.144838
0.145063
0.145287
0.14551
0.145734
0.145957
0.146179
0.146402
0.146623
0.146845
0.147066
0.147287
0.147507
0.147727
0.147947
0.148166
0.148385
0.148604
0.148822
0.14904
0.149258
0.149475
0.149692
0.149909
0.150125
0.150341
0.150556
0.150771
0.150986
0.151201
0.151415
0.151629
0.151842
0.152055
0.152268
0.152481
0.152693
0.152905
0.153116
0.153327
0.153538
0.153749
0.153959
0.154169
0.154378
0.154588
0.154796
0.155005
0.155213
0.155421
0.155629
0.155836
0.156043
0.15625
0.156457
0.156663
0.156869
0.157074
0.157279
0.157484
0.157689
0.157893
0.158097
0.158301
0.158504
0.158707
0.15891
0.159113
0.159315
0.159517
0.159718
0.15992
0.160121
0.160322
0.160522
0.160722
0.160922
0.161122
0.161321
0.16152
0.161719
0.161918
0.162116
0.162314
0.162512
0.162709
0.162906
0.163103
0.1633
0.163496
0.163692
0.163888
0.164083
0.164279
0.164473
0.164668
0.164863
0.165057
0.165251
0.165444
0.165638
0.165831
0.166024
0.166216
0.166409
0.166601
0.166793
0.166984
0.167176
0.167367
0.167558
0.167748
0.167938
0.168129
0.168318
0.168508
0.168697
0.168886
0.169075
0.169264
0.169452
0.16964
0.169828
0.170016
0.170203
0.17039
0.170577
0.170764
0.17095
0.171137
0.171323
0.171508
0.171694
0.171879
0.172064
0.172249
0.172433
0.172618
0.172802
0.172986
0.173169
0.173353
0.173536
0.173719
0.173902
0.174084
0.174267
0.174449
0.174631
0.174812
0.174994
0.175175
0.175356
0.175537
0.175717
0.175897
0.176078
0.176258
0.176437
0.176617
0.176796
0.176975
0.177154
0.177333
0.177511
0.177689
0.177867
0.178045
0.178223
0.1784
0.178577
0.178754
0.178931
0.179107
0.179284
0.17946
0.179636
0.179812
0.179987
0.180163
0.180338
0.180513
0.180688
0.180862
0.181037
0.181211
0.181385
0.181559
0.181732
0.181906
0.182079
0.182252
0.182425
0.182597
0.18277
0.182942
0.183114
0.183286
0.183458
0.183629
0.183801
0.183972
0.184143
0.184314
0.184484
0.184655
0.184825
0.184995
0.185165
0.185335
0.185504
0.185674
0.185843
0.186012
0.186181
0.18635
0.186518
0.186686
0.186854
0.187022
0.18719
0.187358
0.187525
0.187693
0.18786
0.188027
0.188194
0.18836
0.188527
0.188693
0.188859
0.189025
0.189191
0.189356
0.189522
0.189687
0.189852
0.190017
0.190182
0.190347
0.190511
0.190676
0.19084
0.191004
0.191168
0.191332
0.191495
0.191659
0.191822
0.191985
0.192148
0.192311
0.192473
0.192636
0.192798
0.192961
0.193123
0.193285
0.193446
0.193608
0.193769
0.193931
0.194092
0.194253
0.194414
0.194575
0.194735
0.194896
0.195056
0.195216
0.195376
0.195536
0.195696
0.195856
0.196015
0.196175
0.196334
0.196493
0.196652
0.196811
0.19697
0.197129
0.197287
0.197445
0.197604
0.197762
0.19792
0.198078
0.198235
0.198393
0.198551
0.198708
0.198865
0.199022
0.199179
0.199336
0.199493
0.19965
0.199806
0.199963
0.200119
0.200275
0.200431
0.200587
0.200743
0.200899
0.201055
0.201211
0.201366
0.201521
0.201677
0.201832
0.201987
0.202142
0.202297
0.202452
0.202606
0.202761
0.202916
0.20307
0.203224
0.203379
0.203533
0.203687
0.203841
0.203995
0.204149
0.204303
0.204457
0.20461
0.204764
0.204917
0.205071
0.205224
0.205378
0.205531
0.205684
0.205837
0.20599
0.206144
0.206297
0.20645
0.206603
0.206755
0.206908
0.207061
0.207214
0.207367
0.20752
0.207672
0.207825
0.207978
0.208131
0.208283
0.208436
0.208589
0.208741
0.208894
0.209047
0.2092
0.209352
0.209505
0.209658
0.209811
0.209964
0.210117
0.21027
0.210423
0.210577
0.21073
0.210883
0.211037
0.211191
0.211344
0.211498
0.211652
0.211806
0.211961
0.212115
0.21227
0.212425
0.21258
0.212735
0.212891
0.213046
0.213202
0.213359
0.213515
0.213672
0.21383
0.213987
0.214146
0.214304
0.214463
0.214622
0.214782
0.214943
0.215104
0.215265
0.215427
0.21559
0.215754
0.215918
0.216084
0.21625
0.216417
0.216584
0.216754
0.216924
0.217095
0.217268
0.217442
0.217617
0.217794
0.217973
0.218154
0.218336
0.218521
0.218708
0.218897
0.219089
0.219284
0.219482
0.219684
0.219889
0.220098
0.220311
0.22053
0.220753
0.220983
0.221219
0.221462
0.221713
0.221972
0.222241
0.222522
0.222814
0.22312
0.223443
0.223782
0.224143
0.224527
0.224939
0.225382
0.225864
0.22639
0.22697
0.227616
0.228342
0.229168
0.230122
0.231241
0.232578
0.234213
0.23627
0.23895
0.242603
0.247901
0.256306
0.27167
0.308014
0.45068
0.458964
0.462905
0.464098
0.464505
0.465046
0.465809
0.46659
0.467189
0.467474
0.467392
0.466984
0.466388
0.465799
0.465375
0.465184
0.465204
0.465372
0.465613
0.465865
0.46608
0.466227
0.466292
0.466277
0.466199
0.466086
0.465968
0.465871
0.465811
0.465793
0.465811
0.465853
0.465906
0.465956
0.465994
0.466015
0.466017
0.466003
0.46598
0.465953
0.465929
0.465911
0.465903
0.465902
0.465908
0.465919
0.46593
0.46594
0.465947
0.46595
0.465949
0.465947
0.465943
0.46594
0.465937
0.465937
0.465938
0.465941
0.465944
0.465948
0.465952
0.465955
0.465957
0.465958
0.465959
0.465958
0.465958
0.465958
0.465957
0.465958
0.465958
0.465959
0.46596
0.465961
0.465962
0.465962
0.465963
0.465963
0.465964
0.465964
0.465964
0.465965
0.465965
0.465966
0.465967
0.465968
0.465969
0.46597
0.465971
0.465972
0.465973
0.465973
0.465974
0.465975
0.465975
0.465976
0.465976
0.465977
0.465977
0.465977
0.465977
0.465977
0.465977
0.465977
0.465976
0.465976
0.465975
0.465975
0.465974
0.465973
0.465972
0.465972
0.465971
0.46597
0.46597
0.465969
0.465969
0.465968
0.465968
0.465967
0.465967
0.465967
0.465967
0.465967
0.465967
0.465967
0.465967
0.465967
0.465968
0.465968
0.465969
0.465969
0.46597
0.46597
0.465971
0.465971
0.465972
0.465973
0.465973
0.465974
0.465975
0.465975
0.465976
0.465976
0.465977
0.465977
0.465978
0.465978
0.465978
0.465979
0.465979
0.465979
0.465979
0.46598
0.46598
0.46598
0.46598
0.46598
0.46598
0.46598
0.46598
0.46598
0.465981
)
;

boundaryField
{
    inlet
    {
        type            calculated;
        value           uniform 0;
    }
    outlet
    {
        type            calculated;
        value           uniform 0.465981;
    }
    emptyWalls
    {
        type            empty;
    }
}


// ************************************************************************* //
