/*--------------------------------*- C++ -*----------------------------------*\
  =========                 |
  \\      /  F ield         | OpenFOAM: The Open Source CFD Toolbox
   \\    /   O peration     | Website:  https://openfoam.org
    \\  /    A nd           | Version:  9
     \\/     M anipulation  |
\*---------------------------------------------------------------------------*/
FoamFile
{
    format      ascii;
    class       volScalarField;
    location    "18.2";
    object      kra;
}
// * * * * * * * * * * * * * * * * * * * * * * * * * * * * * * * * * * * * * //

dimensions      [0 0 0 0 0 0 0];

internalField   nonuniform List<scalar> 
1000
(
0.0147533
0.014729
0.0147066
0.0146849
0.0146638
0.0146431
0.0146227
0.0146026
0.0145827
0.0145629
0.0145433
0.0145239
0.0145046
0.0144855
0.0144665
0.0144476
0.0144288
0.0144101
0.0143915
0.0143731
0.0143547
0.0143365
0.0143183
0.0143003
0.0142823
0.0142644
0.0142466
0.0142289
0.0142113
0.0141938
0.0141763
0.014159
0.0141417
0.0141245
0.0141074
0.0140903
0.0140734
0.0140565
0.0140396
0.0140229
0.0140062
0.0139896
0.0139731
0.0139567
0.0139403
0.013924
0.0139077
0.0138916
0.0138754
0.0138594
0.0138434
0.0138275
0.0138117
0.0137959
0.0137802
0.0137646
0.013749
0.0137335
0.013718
0.0137026
0.0136873
0.013672
0.0136568
0.0136416
0.0136265
0.0136115
0.0135965
0.0135816
0.0135667
0.0135519
0.0135371
0.0135225
0.0135078
0.0134932
0.0134787
0.0134642
0.0134498
0.0134354
0.0134211
0.0134069
0.0133926
0.0133785
0.0133644
0.0133503
0.0133363
0.0133224
0.0133085
0.0132946
0.0132808
0.013267
0.0132533
0.0132397
0.0132261
0.0132125
0.013199
0.0131855
0.0131721
0.0131587
0.0131454
0.0131321
0.0131189
0.0131057
0.0130926
0.0130795
0.0130664
0.0130534
0.0130404
0.0130275
0.0130146
0.0130018
0.012989
0.0129762
0.0129635
0.0129509
0.0129382
0.0129257
0.0129131
0.0129006
0.0128881
0.0128757
0.0128633
0.012851
0.0128387
0.0128264
0.0128142
0.012802
0.0127899
0.0127778
0.0127657
0.0127537
0.0127417
0.0127297
0.0127178
0.012706
0.0126941
0.0126823
0.0126705
0.0126588
0.0126471
0.0126354
0.0126238
0.0126122
0.0126007
0.0125892
0.0125777
0.0125662
0.0125548
0.0125434
0.0125321
0.0125208
0.0125095
0.0124983
0.0124871
0.0124759
0.0124647
0.0124536
0.0124425
0.0124315
0.0124205
0.0124095
0.0123986
0.0123876
0.0123768
0.0123659
0.0123551
0.0123443
0.0123335
0.0123228
0.0123121
0.0123014
0.0122908
0.0122802
0.0122696
0.0122591
0.0122485
0.0122381
0.0122276
0.0122172
0.0122068
0.0121964
0.012186
0.0121757
0.0121654
0.0121552
0.012145
0.0121348
0.0121246
0.0121144
0.0121043
0.0120942
0.0120842
0.0120741
0.0120641
0.0120541
0.0120442
0.0120343
0.0120244
0.0120145
0.0120046
0.0119948
0.011985
0.0119752
0.0119655
0.0119558
0.0119461
0.0119364
0.0119268
0.0119172
0.0119076
0.011898
0.0118885
0.0118789
0.0118694
0.01186
0.0118505
0.0118411
0.0118317
0.0118223
0.011813
0.0118037
0.0117944
0.0117851
0.0117758
0.0117666
0.0117574
0.0117482
0.011739
0.0117299
0.0117208
0.0117117
0.0117026
0.0116936
0.0116846
0.0116756
0.0116666
0.0116576
0.0116487
0.0116398
0.0116309
0.011622
0.0116132
0.0116043
0.0115955
0.0115867
0.011578
0.0115692
0.0115605
0.0115518
0.0115431
0.0115345
0.0115258
0.0115172
0.0115086
0.0115
0.0114915
0.011483
0.0114744
0.0114659
0.0114575
0.011449
0.0114406
0.0114322
0.0114238
0.0114154
0.011407
0.0113987
0.0113904
0.0113821
0.0113738
0.0113655
0.0113573
0.0113491
0.0113409
0.0113327
0.0113245
0.0113164
0.0113082
0.0113001
0.011292
0.0112839
0.0112759
0.0112678
0.0112598
0.0112518
0.0112438
0.0112359
0.0112279
0.01122
0.0112121
0.0112042
0.0111963
0.0111884
0.0111806
0.0111728
0.011165
0.0111572
0.0111494
0.0111416
0.0111339
0.0111262
0.0111185
0.0111108
0.0111031
0.0110954
0.0110878
0.0110802
0.0110726
0.011065
0.0110574
0.0110498
0.0110423
0.0110348
0.0110272
0.0110198
0.0110123
0.0110048
0.0109974
0.0109899
0.0109825
0.0109751
0.0109677
0.0109604
0.010953
0.0109457
0.0109383
0.010931
0.0109237
0.0109165
0.0109092
0.0109019
0.0108947
0.0108875
0.0108803
0.0108731
0.0108659
0.0108588
0.0108516
0.0108445
0.0108374
0.0108303
0.0108232
0.0108161
0.0108091
0.010802
0.010795
0.010788
0.010781
0.010774
0.010767
0.0107601
0.0107531
0.0107462
0.0107393
0.0107324
0.0107255
0.0107186
0.0107117
0.0107049
0.010698
0.0106912
0.0106844
0.0106776
0.0106708
0.0106641
0.0106573
0.0106506
0.0106438
0.0106371
0.0106304
0.0106237
0.010617
0.0106104
0.0106037
0.0105971
0.0105905
0.0105838
0.0105772
0.0105707
0.0105641
0.0105575
0.010551
0.0105444
0.0105379
0.0105314
0.0105249
0.0105184
0.0105119
0.0105055
0.010499
0.0104926
0.0104861
0.0104797
0.0104733
0.0104669
0.0104605
0.0104542
0.0104478
0.0104415
0.0104351
0.0104288
0.0104225
0.0104162
0.0104099
0.0104036
0.0103974
0.0103911
0.0103849
0.0103787
0.0103724
0.0103662
0.01036
0.0103538
0.0103477
0.0103415
0.0103354
0.0103292
0.0103231
0.010317
0.0103109
0.0103048
0.0102987
0.0102926
0.0102866
0.0102805
0.0102745
0.0102684
0.0102624
0.0102564
0.0102504
0.0102444
0.0102384
0.0102325
0.0102265
0.0102206
0.0102146
0.0102087
0.0102028
0.0101969
0.010191
0.0101851
0.0101792
0.0101734
0.0101675
0.0101617
0.0101558
0.01015
0.0101442
0.0101384
0.0101326
0.0101268
0.0101211
0.0101153
0.0101095
0.0101038
0.0100981
0.0100923
0.0100866
0.0100809
0.0100752
0.0100695
0.0100639
0.0100582
0.0100525
0.0100469
0.0100413
0.0100356
0.01003
0.0100244
0.0100188
0.0100132
0.0100076
0.0100021
0.0099965
0.00999095
0.00998541
0.00997987
0.00997435
0.00996883
0.00996332
0.00995783
0.00995234
0.00994686
0.00994139
0.00993592
0.00993047
0.00992503
0.00991959
0.00991417
0.00990875
0.00990334
0.00989794
0.00989255
0.00988717
0.00988179
0.00987643
0.00987107
0.00986572
0.00986038
0.00985505
0.00984973
0.00984442
0.00983911
0.00983382
0.00982853
0.00982325
0.00981798
0.00981272
0.00980746
0.00980222
0.00979698
0.00979175
0.00978653
0.00978131
0.00977611
0.00977091
0.00976572
0.00976054
0.00975537
0.00975021
0.00974505
0.0097399
0.00973477
0.00972963
0.00972451
0.00971939
0.00971429
0.00970919
0.00970409
0.00969901
0.00969393
0.00968887
0.0096838
0.00967875
0.00967371
0.00966867
0.00966364
0.00965862
0.0096536
0.0096486
0.0096436
0.00963861
0.00963362
0.00962865
0.00962368
0.00961872
0.00961376
0.00960882
0.00960388
0.00959895
0.00959402
0.00958911
0.0095842
0.0095793
0.0095744
0.00956952
0.00956464
0.00955976
0.0095549
0.00955004
0.00954519
0.00954035
0.00953551
0.00953068
0.00952586
0.00952105
0.00951624
0.00951144
0.00950664
0.00950186
0.00949708
0.00949231
0.00948754
0.00948278
0.00947803
0.00947329
0.00946855
0.00946382
0.0094591
0.00945438
0.00944967
0.00944497
0.00944027
0.00943558
0.0094309
0.00942622
0.00942155
0.00941689
0.00941223
0.00940759
0.00940294
0.00939831
0.00939368
0.00938906
0.00938444
0.00937983
0.00937523
0.00937063
0.00936604
0.00936146
0.00935688
0.00935231
0.00934775
0.00934319
0.00933864
0.0093341
0.00932956
0.00932503
0.0093205
0.00931598
0.00931147
0.00930697
0.00930247
0.00929797
0.00929349
0.009289
0.00928453
0.00928006
0.0092756
0.00927114
0.00926669
0.00926225
0.00925781
0.00925338
0.00924895
0.00924454
0.00924012
0.00923572
0.00923131
0.00922692
0.00922253
0.00921815
0.00921377
0.0092094
0.00920503
0.00920068
0.00919632
0.00919198
0.00918763
0.0091833
0.00917897
0.00917465
0.00917033
0.00916602
0.00916171
0.00915741
0.00915312
0.00914883
0.00914454
0.00914027
0.009136
0.00913173
0.00912747
0.00912322
0.00911897
0.00911472
0.00911049
0.00910625
0.00910203
0.00909781
0.00909359
0.00908938
0.00908518
0.00908098
0.00907679
0.0090726
0.00906842
0.00906424
0.00906007
0.00905591
0.00905175
0.0090476
0.00904345
0.0090393
0.00903517
0.00903103
0.00902691
0.00902278
0.00901867
0.00901456
0.00901045
0.00900635
0.00900226
0.00899817
0.00899408
0.00899
0.00898593
0.00898186
0.0089778
0.00897374
0.00896969
0.00896564
0.0089616
0.00895756
0.00895353
0.0089495
0.00894548
0.00894146
0.00893745
0.00893344
0.00892944
0.00892544
0.00892145
0.00891747
0.00891348
0.00890951
0.00890554
0.00890157
0.00889761
0.00889365
0.0088897
0.00888576
0.00888181
0.00887788
0.00887395
0.00887002
0.0088661
0.00886218
0.00885827
0.00885436
0.00885046
0.00884656
0.00884267
0.00883878
0.0088349
0.00883102
0.00882715
0.00882328
0.00881942
0.00881556
0.00881171
0.00880786
0.00880401
0.00880017
0.00879634
0.00879251
0.00878868
0.00878486
0.00878104
0.00877723
0.00877342
0.00876962
0.00876582
0.00876203
0.00875824
0.00875446
0.00875068
0.0087469
0.00874313
0.00873937
0.00873561
0.00873185
0.0087281
0.00872435
0.00872061
0.00871687
0.00871313
0.0087094
0.00870568
0.00870196
0.00869824
0.00869453
0.00869082
0.00868712
0.00868342
0.00867973
0.00867604
0.00867235
0.00866867
0.00866499
0.00866132
0.00865765
0.00865399
0.00865033
0.00864668
0.00864303
0.00863938
0.00863574
0.0086321
0.00862847
0.00862484
0.00862121
0.00861759
0.00861397
0.00861036
0.00860675
0.00860315
0.00859955
0.00859595
0.00859236
0.00858877
0.00858519
0.00858161
0.00857804
0.00857447
0.0085709
0.00856734
0.00856378
0.00856023
0.00855668
0.00855313
0.00854959
0.00854605
0.00854252
0.00853899
0.00853546
0.00853194
0.00852842
0.00852491
0.0085214
0.00851789
0.00851439
0.00851089
0.0085074
0.00850391
0.00850042
0.00849694
0.00849346
0.00848999
0.00848652
0.00848305
0.00847959
0.00847613
0.00847268
0.00846923
0.00846578
0.00846234
0.0084589
0.00845546
0.00845203
0.0084486
0.00844518
0.00844176
0.00843834
0.00843493
0.00843152
0.00842812
0.00842472
0.00842132
0.00841792
0.00841454
0.00841115
0.00840777
0.00840439
0.00840101
0.00839764
0.00839428
0.00839091
0.00838755
0.0083842
0.00838084
0.00837749
0.00837415
0.00837081
0.00836747
0.00836413
0.0083608
0.00835748
0.00835415
0.00835083
0.00834752
0.0083442
0.0083409
0.00833759
0.00833429
0.00833099
0.0083277
0.0083244
0.00832112
0.00831783
0.00831455
0.00831127
0.008308
0.00830473
0.00830146
0.0082982
0.00829494
0.00829169
0.00828843
0.00828518
0.00828194
0.0082787
0.00827546
0.00827222
0.00826899
0.00826576
0.00826254
0.00825931
0.0082561
0.00825288
0.00824967
0.00824646
0.00824326
0.00824006
0.00823686
0.00823366
0.00823047
0.00822728
0.0082241
0.00822092
0.00821774
0.00821457
0.0082114
0.00820823
0.00820506
0.0082019
0.00819874
0.00819559
0.00819244
0.00818929
0.00818614
0.008183
0.00817986
0.00817673
0.0081736
0.00817047
0.00816734
0.00816422
0.0081611
0.00815799
0.00815487
0.00815176
0.00814866
0.00814555
0.00814245
0.00813936
0.00813626
0.00813317
0.00813009
0.008127
0.00812392
0.00812084
0.00811777
0.0081147
0.00811163
0.00810856
0.0081055
0.00810244
0.00809938
0.00809633
0.00809328
0.00809023
0.00808719
0.00808415
0.00808111
0.00807808
0.00807505
0.00807202
0.00806899
0.00806597
0.00806295
0.00805993
0.00805692
0.00805391
0.0080509
0.0080479
0.0080449
0.0080419
0.0080389
0.00803591
0.00803292
0.00802993
0.00802695
0.00802397
0.00802099
0.00801802
0.00801504
0.00801207
0.00800911
0.00800615
0.00800319
0.00800023
0.00799727
0.00799432
0.00799137
0.00798843
0.00798548
0.00798254
0.00797961
0.00797667
0.00797374
0.00797081
0.00796789
0.00796496
0.00796204
0.00795913
0.00795621
0.0079533
0.00795039
0.00794748
0.00794458
0.00794168
0.00793878
0.00793589
0.007933
0.00793011
0.00792722
0.00792434
0.00792145
0.00791858
0.0079157
)
;

boundaryField
{
    inlet
    {
        type            calculated;
        value           uniform 0.0147929;
    }
    outlet
    {
        type            calculated;
        value           uniform 0.0079157;
    }
    emptyWalls
    {
        type            empty;
    }
}


// ************************************************************************* //
