/*--------------------------------*- C++ -*----------------------------------*\
  =========                 |
  \\      /  F ield         | OpenFOAM: The Open Source CFD Toolbox
   \\    /   O peration     | Website:  https://openfoam.org
    \\  /    A nd           | Version:  9
     \\/     M anipulation  |
\*---------------------------------------------------------------------------*/
FoamFile
{
    format      ascii;
    class       volVectorField;
    location    "18.2";
    object      Ua;
}
// * * * * * * * * * * * * * * * * * * * * * * * * * * * * * * * * * * * * * //

dimensions      [0 0 0 0 0 0 0];

internalField   nonuniform List<vector> 
1000
(
(0.709421 0 0)
(0.709421 0 0)
(0.70942 0 0)
(0.70942 0 0)
(0.70942 0 0)
(0.709419 0 0)
(0.709418 0 0)
(0.709418 0 0)
(0.709417 0 0)
(0.709416 0 0)
(0.709415 0 0)
(0.709414 0 0)
(0.709413 0 0)
(0.709411 0 0)
(0.70941 0 0)
(0.709409 0 0)
(0.709407 0 0)
(0.709406 0 0)
(0.709404 0 0)
(0.709403 0 0)
(0.709401 0 0)
(0.709399 0 0)
(0.709397 0 0)
(0.709395 0 0)
(0.709393 0 0)
(0.709391 0 0)
(0.709389 0 0)
(0.709387 0 0)
(0.709384 0 0)
(0.709382 0 0)
(0.70938 0 0)
(0.709377 0 0)
(0.709375 0 0)
(0.709372 0 0)
(0.709369 0 0)
(0.709366 0 0)
(0.709364 0 0)
(0.709361 0 0)
(0.709358 0 0)
(0.709355 0 0)
(0.709352 0 0)
(0.709349 0 0)
(0.709345 0 0)
(0.709342 0 0)
(0.709339 0 0)
(0.709336 0 0)
(0.709332 0 0)
(0.709329 0 0)
(0.709325 0 0)
(0.709321 0 0)
(0.709318 0 0)
(0.709314 0 0)
(0.70931 0 0)
(0.709307 0 0)
(0.709303 0 0)
(0.709299 0 0)
(0.709295 0 0)
(0.709291 0 0)
(0.709287 0 0)
(0.709282 0 0)
(0.709278 0 0)
(0.709274 0 0)
(0.70927 0 0)
(0.709265 0 0)
(0.709261 0 0)
(0.709256 0 0)
(0.709252 0 0)
(0.709247 0 0)
(0.709243 0 0)
(0.709238 0 0)
(0.709233 0 0)
(0.709228 0 0)
(0.709224 0 0)
(0.709219 0 0)
(0.709214 0 0)
(0.709209 0 0)
(0.709204 0 0)
(0.709199 0 0)
(0.709194 0 0)
(0.709188 0 0)
(0.709183 0 0)
(0.709178 0 0)
(0.709173 0 0)
(0.709167 0 0)
(0.709162 0 0)
(0.709156 0 0)
(0.709151 0 0)
(0.709145 0 0)
(0.70914 0 0)
(0.709134 0 0)
(0.709129 0 0)
(0.709123 0 0)
(0.709117 0 0)
(0.709111 0 0)
(0.709105 0 0)
(0.7091 0 0)
(0.709094 0 0)
(0.709088 0 0)
(0.709082 0 0)
(0.709076 0 0)
(0.70907 0 0)
(0.709063 0 0)
(0.709057 0 0)
(0.709051 0 0)
(0.709045 0 0)
(0.709038 0 0)
(0.709032 0 0)
(0.709026 0 0)
(0.709019 0 0)
(0.709013 0 0)
(0.709006 0 0)
(0.709 0 0)
(0.708993 0 0)
(0.708987 0 0)
(0.70898 0 0)
(0.708973 0 0)
(0.708966 0 0)
(0.70896 0 0)
(0.708953 0 0)
(0.708946 0 0)
(0.708939 0 0)
(0.708932 0 0)
(0.708925 0 0)
(0.708918 0 0)
(0.708911 0 0)
(0.708904 0 0)
(0.708897 0 0)
(0.70889 0 0)
(0.708883 0 0)
(0.708875 0 0)
(0.708868 0 0)
(0.708861 0 0)
(0.708854 0 0)
(0.708846 0 0)
(0.708839 0 0)
(0.708831 0 0)
(0.708824 0 0)
(0.708817 0 0)
(0.708809 0 0)
(0.708801 0 0)
(0.708794 0 0)
(0.708786 0 0)
(0.708779 0 0)
(0.708771 0 0)
(0.708763 0 0)
(0.708755 0 0)
(0.708748 0 0)
(0.70874 0 0)
(0.708732 0 0)
(0.708724 0 0)
(0.708716 0 0)
(0.708708 0 0)
(0.7087 0 0)
(0.708692 0 0)
(0.708684 0 0)
(0.708676 0 0)
(0.708668 0 0)
(0.70866 0 0)
(0.708652 0 0)
(0.708643 0 0)
(0.708635 0 0)
(0.708627 0 0)
(0.708619 0 0)
(0.70861 0 0)
(0.708602 0 0)
(0.708594 0 0)
(0.708585 0 0)
(0.708577 0 0)
(0.708568 0 0)
(0.70856 0 0)
(0.708551 0 0)
(0.708543 0 0)
(0.708534 0 0)
(0.708525 0 0)
(0.708517 0 0)
(0.708508 0 0)
(0.708499 0 0)
(0.708491 0 0)
(0.708482 0 0)
(0.708473 0 0)
(0.708464 0 0)
(0.708455 0 0)
(0.708447 0 0)
(0.708438 0 0)
(0.708429 0 0)
(0.70842 0 0)
(0.708411 0 0)
(0.708402 0 0)
(0.708393 0 0)
(0.708384 0 0)
(0.708375 0 0)
(0.708366 0 0)
(0.708356 0 0)
(0.708347 0 0)
(0.708338 0 0)
(0.708329 0 0)
(0.70832 0 0)
(0.70831 0 0)
(0.708301 0 0)
(0.708292 0 0)
(0.708282 0 0)
(0.708273 0 0)
(0.708264 0 0)
(0.708254 0 0)
(0.708245 0 0)
(0.708235 0 0)
(0.708226 0 0)
(0.708216 0 0)
(0.708207 0 0)
(0.708197 0 0)
(0.708188 0 0)
(0.708178 0 0)
(0.708168 0 0)
(0.708159 0 0)
(0.708149 0 0)
(0.708139 0 0)
(0.70813 0 0)
(0.70812 0 0)
(0.70811 0 0)
(0.7081 0 0)
(0.708091 0 0)
(0.708081 0 0)
(0.708071 0 0)
(0.708061 0 0)
(0.708051 0 0)
(0.708041 0 0)
(0.708031 0 0)
(0.708021 0 0)
(0.708011 0 0)
(0.708001 0 0)
(0.707991 0 0)
(0.707981 0 0)
(0.707971 0 0)
(0.707961 0 0)
(0.707951 0 0)
(0.707941 0 0)
(0.70793 0 0)
(0.70792 0 0)
(0.70791 0 0)
(0.7079 0 0)
(0.707889 0 0)
(0.707879 0 0)
(0.707869 0 0)
(0.707859 0 0)
(0.707848 0 0)
(0.707838 0 0)
(0.707827 0 0)
(0.707817 0 0)
(0.707807 0 0)
(0.707796 0 0)
(0.707786 0 0)
(0.707775 0 0)
(0.707765 0 0)
(0.707754 0 0)
(0.707744 0 0)
(0.707733 0 0)
(0.707722 0 0)
(0.707712 0 0)
(0.707701 0 0)
(0.707691 0 0)
(0.70768 0 0)
(0.707669 0 0)
(0.707658 0 0)
(0.707648 0 0)
(0.707637 0 0)
(0.707626 0 0)
(0.707615 0 0)
(0.707605 0 0)
(0.707594 0 0)
(0.707583 0 0)
(0.707572 0 0)
(0.707561 0 0)
(0.70755 0 0)
(0.707539 0 0)
(0.707528 0 0)
(0.707517 0 0)
(0.707507 0 0)
(0.707496 0 0)
(0.707485 0 0)
(0.707473 0 0)
(0.707462 0 0)
(0.707451 0 0)
(0.70744 0 0)
(0.707429 0 0)
(0.707418 0 0)
(0.707407 0 0)
(0.707396 0 0)
(0.707385 0 0)
(0.707373 0 0)
(0.707362 0 0)
(0.707351 0 0)
(0.70734 0 0)
(0.707328 0 0)
(0.707317 0 0)
(0.707306 0 0)
(0.707295 0 0)
(0.707283 0 0)
(0.707272 0 0)
(0.707261 0 0)
(0.707249 0 0)
(0.707238 0 0)
(0.707226 0 0)
(0.707215 0 0)
(0.707203 0 0)
(0.707192 0 0)
(0.70718 0 0)
(0.707169 0 0)
(0.707157 0 0)
(0.707146 0 0)
(0.707134 0 0)
(0.707123 0 0)
(0.707111 0 0)
(0.7071 0 0)
(0.707088 0 0)
(0.707076 0 0)
(0.707065 0 0)
(0.707053 0 0)
(0.707041 0 0)
(0.70703 0 0)
(0.707018 0 0)
(0.707006 0 0)
(0.706995 0 0)
(0.706983 0 0)
(0.706971 0 0)
(0.706959 0 0)
(0.706947 0 0)
(0.706936 0 0)
(0.706924 0 0)
(0.706912 0 0)
(0.7069 0 0)
(0.706888 0 0)
(0.706876 0 0)
(0.706864 0 0)
(0.706852 0 0)
(0.706841 0 0)
(0.706829 0 0)
(0.706817 0 0)
(0.706805 0 0)
(0.706793 0 0)
(0.706781 0 0)
(0.706769 0 0)
(0.706757 0 0)
(0.706744 0 0)
(0.706732 0 0)
(0.70672 0 0)
(0.706708 0 0)
(0.706696 0 0)
(0.706684 0 0)
(0.706672 0 0)
(0.70666 0 0)
(0.706648 0 0)
(0.706635 0 0)
(0.706623 0 0)
(0.706611 0 0)
(0.706599 0 0)
(0.706586 0 0)
(0.706574 0 0)
(0.706562 0 0)
(0.70655 0 0)
(0.706537 0 0)
(0.706525 0 0)
(0.706513 0 0)
(0.7065 0 0)
(0.706488 0 0)
(0.706476 0 0)
(0.706463 0 0)
(0.706451 0 0)
(0.706438 0 0)
(0.706426 0 0)
(0.706414 0 0)
(0.706401 0 0)
(0.706389 0 0)
(0.706376 0 0)
(0.706364 0 0)
(0.706351 0 0)
(0.706339 0 0)
(0.706326 0 0)
(0.706314 0 0)
(0.706301 0 0)
(0.706289 0 0)
(0.706276 0 0)
(0.706263 0 0)
(0.706251 0 0)
(0.706238 0 0)
(0.706226 0 0)
(0.706213 0 0)
(0.7062 0 0)
(0.706188 0 0)
(0.706175 0 0)
(0.706162 0 0)
(0.706149 0 0)
(0.706137 0 0)
(0.706124 0 0)
(0.706111 0 0)
(0.706099 0 0)
(0.706086 0 0)
(0.706073 0 0)
(0.70606 0 0)
(0.706047 0 0)
(0.706035 0 0)
(0.706022 0 0)
(0.706009 0 0)
(0.705996 0 0)
(0.705983 0 0)
(0.70597 0 0)
(0.705957 0 0)
(0.705945 0 0)
(0.705932 0 0)
(0.705919 0 0)
(0.705906 0 0)
(0.705893 0 0)
(0.70588 0 0)
(0.705867 0 0)
(0.705854 0 0)
(0.705841 0 0)
(0.705828 0 0)
(0.705815 0 0)
(0.705802 0 0)
(0.705789 0 0)
(0.705776 0 0)
(0.705763 0 0)
(0.70575 0 0)
(0.705737 0 0)
(0.705723 0 0)
(0.70571 0 0)
(0.705697 0 0)
(0.705684 0 0)
(0.705671 0 0)
(0.705658 0 0)
(0.705645 0 0)
(0.705631 0 0)
(0.705618 0 0)
(0.705605 0 0)
(0.705592 0 0)
(0.705579 0 0)
(0.705565 0 0)
(0.705552 0 0)
(0.705539 0 0)
(0.705526 0 0)
(0.705512 0 0)
(0.705499 0 0)
(0.705486 0 0)
(0.705473 0 0)
(0.705459 0 0)
(0.705446 0 0)
(0.705433 0 0)
(0.705419 0 0)
(0.705406 0 0)
(0.705392 0 0)
(0.705379 0 0)
(0.705366 0 0)
(0.705352 0 0)
(0.705339 0 0)
(0.705325 0 0)
(0.705312 0 0)
(0.705299 0 0)
(0.705285 0 0)
(0.705272 0 0)
(0.705258 0 0)
(0.705245 0 0)
(0.705231 0 0)
(0.705218 0 0)
(0.705204 0 0)
(0.705191 0 0)
(0.705177 0 0)
(0.705164 0 0)
(0.70515 0 0)
(0.705136 0 0)
(0.705123 0 0)
(0.705109 0 0)
(0.705096 0 0)
(0.705082 0 0)
(0.705069 0 0)
(0.705055 0 0)
(0.705041 0 0)
(0.705028 0 0)
(0.705014 0 0)
(0.705 0 0)
(0.704987 0 0)
(0.704973 0 0)
(0.704959 0 0)
(0.704946 0 0)
(0.704932 0 0)
(0.704918 0 0)
(0.704904 0 0)
(0.704891 0 0)
(0.704877 0 0)
(0.704863 0 0)
(0.704849 0 0)
(0.704836 0 0)
(0.704822 0 0)
(0.704808 0 0)
(0.704794 0 0)
(0.70478 0 0)
(0.704767 0 0)
(0.704753 0 0)
(0.704739 0 0)
(0.704725 0 0)
(0.704711 0 0)
(0.704697 0 0)
(0.704683 0 0)
(0.70467 0 0)
(0.704656 0 0)
(0.704642 0 0)
(0.704628 0 0)
(0.704614 0 0)
(0.7046 0 0)
(0.704586 0 0)
(0.704572 0 0)
(0.704558 0 0)
(0.704544 0 0)
(0.70453 0 0)
(0.704516 0 0)
(0.704502 0 0)
(0.704488 0 0)
(0.704474 0 0)
(0.70446 0 0)
(0.704446 0 0)
(0.704432 0 0)
(0.704418 0 0)
(0.704404 0 0)
(0.70439 0 0)
(0.704376 0 0)
(0.704362 0 0)
(0.704348 0 0)
(0.704334 0 0)
(0.704319 0 0)
(0.704305 0 0)
(0.704291 0 0)
(0.704277 0 0)
(0.704263 0 0)
(0.704249 0 0)
(0.704235 0 0)
(0.70422 0 0)
(0.704206 0 0)
(0.704192 0 0)
(0.704178 0 0)
(0.704164 0 0)
(0.70415 0 0)
(0.704135 0 0)
(0.704121 0 0)
(0.704107 0 0)
(0.704093 0 0)
(0.704078 0 0)
(0.704064 0 0)
(0.70405 0 0)
(0.704036 0 0)
(0.704021 0 0)
(0.704007 0 0)
(0.703993 0 0)
(0.703978 0 0)
(0.703964 0 0)
(0.70395 0 0)
(0.703935 0 0)
(0.703921 0 0)
(0.703907 0 0)
(0.703892 0 0)
(0.703878 0 0)
(0.703864 0 0)
(0.703849 0 0)
(0.703835 0 0)
(0.70382 0 0)
(0.703806 0 0)
(0.703792 0 0)
(0.703777 0 0)
(0.703763 0 0)
(0.703748 0 0)
(0.703734 0 0)
(0.70372 0 0)
(0.703705 0 0)
(0.703691 0 0)
(0.703676 0 0)
(0.703662 0 0)
(0.703647 0 0)
(0.703633 0 0)
(0.703618 0 0)
(0.703604 0 0)
(0.703589 0 0)
(0.703575 0 0)
(0.70356 0 0)
(0.703546 0 0)
(0.703531 0 0)
(0.703516 0 0)
(0.703502 0 0)
(0.703487 0 0)
(0.703473 0 0)
(0.703458 0 0)
(0.703444 0 0)
(0.703429 0 0)
(0.703414 0 0)
(0.7034 0 0)
(0.703385 0 0)
(0.70337 0 0)
(0.703356 0 0)
(0.703341 0 0)
(0.703327 0 0)
(0.703312 0 0)
(0.703297 0 0)
(0.703283 0 0)
(0.703268 0 0)
(0.703253 0 0)
(0.703238 0 0)
(0.703224 0 0)
(0.703209 0 0)
(0.703194 0 0)
(0.70318 0 0)
(0.703165 0 0)
(0.70315 0 0)
(0.703135 0 0)
(0.703121 0 0)
(0.703106 0 0)
(0.703091 0 0)
(0.703076 0 0)
(0.703062 0 0)
(0.703047 0 0)
(0.703032 0 0)
(0.703017 0 0)
(0.703002 0 0)
(0.702988 0 0)
(0.702973 0 0)
(0.702958 0 0)
(0.702943 0 0)
(0.702928 0 0)
(0.702913 0 0)
(0.702899 0 0)
(0.702884 0 0)
(0.702869 0 0)
(0.702854 0 0)
(0.702839 0 0)
(0.702824 0 0)
(0.702809 0 0)
(0.702794 0 0)
(0.702779 0 0)
(0.702765 0 0)
(0.70275 0 0)
(0.702735 0 0)
(0.70272 0 0)
(0.702705 0 0)
(0.70269 0 0)
(0.702675 0 0)
(0.70266 0 0)
(0.702645 0 0)
(0.70263 0 0)
(0.702615 0 0)
(0.7026 0 0)
(0.702585 0 0)
(0.70257 0 0)
(0.702555 0 0)
(0.70254 0 0)
(0.702525 0 0)
(0.70251 0 0)
(0.702495 0 0)
(0.70248 0 0)
(0.702465 0 0)
(0.70245 0 0)
(0.702435 0 0)
(0.70242 0 0)
(0.702405 0 0)
(0.70239 0 0)
(0.702375 0 0)
(0.702359 0 0)
(0.702344 0 0)
(0.702329 0 0)
(0.702314 0 0)
(0.702299 0 0)
(0.702284 0 0)
(0.702269 0 0)
(0.702254 0 0)
(0.702238 0 0)
(0.702223 0 0)
(0.702208 0 0)
(0.702193 0 0)
(0.702178 0 0)
(0.702163 0 0)
(0.702148 0 0)
(0.702132 0 0)
(0.702117 0 0)
(0.702102 0 0)
(0.702087 0 0)
(0.702072 0 0)
(0.702056 0 0)
(0.702041 0 0)
(0.702026 0 0)
(0.702011 0 0)
(0.701995 0 0)
(0.70198 0 0)
(0.701965 0 0)
(0.70195 0 0)
(0.701934 0 0)
(0.701919 0 0)
(0.701904 0 0)
(0.701889 0 0)
(0.701873 0 0)
(0.701858 0 0)
(0.701843 0 0)
(0.701827 0 0)
(0.701812 0 0)
(0.701797 0 0)
(0.701781 0 0)
(0.701766 0 0)
(0.701751 0 0)
(0.701735 0 0)
(0.70172 0 0)
(0.701705 0 0)
(0.701689 0 0)
(0.701674 0 0)
(0.701659 0 0)
(0.701643 0 0)
(0.701628 0 0)
(0.701613 0 0)
(0.701597 0 0)
(0.701582 0 0)
(0.701566 0 0)
(0.701551 0 0)
(0.701536 0 0)
(0.70152 0 0)
(0.701505 0 0)
(0.701489 0 0)
(0.701474 0 0)
(0.701458 0 0)
(0.701443 0 0)
(0.701428 0 0)
(0.701412 0 0)
(0.701397 0 0)
(0.701381 0 0)
(0.701366 0 0)
(0.70135 0 0)
(0.701335 0 0)
(0.701319 0 0)
(0.701304 0 0)
(0.701288 0 0)
(0.701273 0 0)
(0.701257 0 0)
(0.701242 0 0)
(0.701226 0 0)
(0.701211 0 0)
(0.701195 0 0)
(0.70118 0 0)
(0.701164 0 0)
(0.701148 0 0)
(0.701133 0 0)
(0.701117 0 0)
(0.701102 0 0)
(0.701086 0 0)
(0.701071 0 0)
(0.701055 0 0)
(0.701039 0 0)
(0.701024 0 0)
(0.701008 0 0)
(0.700993 0 0)
(0.700977 0 0)
(0.700961 0 0)
(0.700946 0 0)
(0.70093 0 0)
(0.700915 0 0)
(0.700899 0 0)
(0.700883 0 0)
(0.700868 0 0)
(0.700852 0 0)
(0.700836 0 0)
(0.700821 0 0)
(0.700805 0 0)
(0.700789 0 0)
(0.700774 0 0)
(0.700758 0 0)
(0.700742 0 0)
(0.700727 0 0)
(0.700711 0 0)
(0.700695 0 0)
(0.700679 0 0)
(0.700664 0 0)
(0.700648 0 0)
(0.700632 0 0)
(0.700617 0 0)
(0.700601 0 0)
(0.700585 0 0)
(0.700569 0 0)
(0.700554 0 0)
(0.700538 0 0)
(0.700522 0 0)
(0.700506 0 0)
(0.700491 0 0)
(0.700475 0 0)
(0.700459 0 0)
(0.700443 0 0)
(0.700427 0 0)
(0.700412 0 0)
(0.700396 0 0)
(0.70038 0 0)
(0.700364 0 0)
(0.700348 0 0)
(0.700333 0 0)
(0.700317 0 0)
(0.700301 0 0)
(0.700285 0 0)
(0.700269 0 0)
(0.700253 0 0)
(0.700238 0 0)
(0.700222 0 0)
(0.700206 0 0)
(0.70019 0 0)
(0.700174 0 0)
(0.700158 0 0)
(0.700142 0 0)
(0.700127 0 0)
(0.700111 0 0)
(0.700095 0 0)
(0.700079 0 0)
(0.700063 0 0)
(0.700047 0 0)
(0.700031 0 0)
(0.700015 0 0)
(0.699999 0 0)
(0.699983 0 0)
(0.699967 0 0)
(0.699951 0 0)
(0.699936 0 0)
(0.69992 0 0)
(0.699904 0 0)
(0.699888 0 0)
(0.699872 0 0)
(0.699856 0 0)
(0.69984 0 0)
(0.699824 0 0)
(0.699808 0 0)
(0.699792 0 0)
(0.699776 0 0)
(0.69976 0 0)
(0.699744 0 0)
(0.699728 0 0)
(0.699712 0 0)
(0.699696 0 0)
(0.69968 0 0)
(0.699664 0 0)
(0.699648 0 0)
(0.699632 0 0)
(0.699616 0 0)
(0.6996 0 0)
(0.699584 0 0)
(0.699568 0 0)
(0.699552 0 0)
(0.699536 0 0)
(0.699519 0 0)
(0.699503 0 0)
(0.699487 0 0)
(0.699471 0 0)
(0.699455 0 0)
(0.699439 0 0)
(0.699423 0 0)
(0.699407 0 0)
(0.699391 0 0)
(0.699375 0 0)
(0.699359 0 0)
(0.699342 0 0)
(0.699326 0 0)
(0.69931 0 0)
(0.699294 0 0)
(0.699278 0 0)
(0.699262 0 0)
(0.699246 0 0)
(0.69923 0 0)
(0.699213 0 0)
(0.699197 0 0)
(0.699181 0 0)
(0.699165 0 0)
(0.699149 0 0)
(0.699133 0 0)
(0.699116 0 0)
(0.6991 0 0)
(0.699084 0 0)
(0.699068 0 0)
(0.699052 0 0)
(0.699036 0 0)
(0.699019 0 0)
(0.699003 0 0)
(0.698987 0 0)
(0.698971 0 0)
(0.698955 0 0)
(0.698938 0 0)
(0.698922 0 0)
(0.698906 0 0)
(0.69889 0 0)
(0.698873 0 0)
(0.698857 0 0)
(0.698841 0 0)
(0.698825 0 0)
(0.698808 0 0)
(0.698792 0 0)
(0.698776 0 0)
(0.69876 0 0)
(0.698743 0 0)
(0.698727 0 0)
(0.698711 0 0)
(0.698694 0 0)
(0.698678 0 0)
(0.698662 0 0)
(0.698646 0 0)
(0.698629 0 0)
(0.698613 0 0)
(0.698597 0 0)
(0.69858 0 0)
(0.698564 0 0)
(0.698548 0 0)
(0.698531 0 0)
(0.698515 0 0)
(0.698499 0 0)
(0.698482 0 0)
(0.698466 0 0)
(0.69845 0 0)
(0.698433 0 0)
(0.698417 0 0)
(0.698401 0 0)
(0.698384 0 0)
(0.698368 0 0)
(0.698351 0 0)
(0.698335 0 0)
(0.698319 0 0)
(0.698302 0 0)
(0.698286 0 0)
(0.69827 0 0)
(0.698253 0 0)
(0.698237 0 0)
(0.69822 0 0)
(0.698204 0 0)
(0.698188 0 0)
(0.698171 0 0)
(0.698155 0 0)
(0.698138 0 0)
(0.698122 0 0)
(0.698105 0 0)
(0.698089 0 0)
(0.698073 0 0)
(0.698056 0 0)
(0.69804 0 0)
(0.698023 0 0)
(0.698007 0 0)
(0.69799 0 0)
(0.697974 0 0)
(0.697957 0 0)
(0.697941 0 0)
(0.697924 0 0)
(0.697908 0 0)
(0.697891 0 0)
(0.697875 0 0)
(0.697858 0 0)
(0.697842 0 0)
(0.697825 0 0)
(0.697809 0 0)
(0.697792 0 0)
(0.697776 0 0)
(0.697759 0 0)
(0.697743 0 0)
(0.697726 0 0)
(0.69771 0 0)
(0.697693 0 0)
(0.697677 0 0)
(0.69766 0 0)
(0.697644 0 0)
(0.697627 0 0)
(0.69761 0 0)
(0.697594 0 0)
(0.697577 0 0)
(0.697561 0 0)
(0.697544 0 0)
(0.697528 0 0)
(0.697511 0 0)
(0.697494 0 0)
(0.697478 0 0)
(0.697461 0 0)
(0.697445 0 0)
(0.697428 0 0)
(0.697411 0 0)
(0.697395 0 0)
(0.697378 0 0)
(0.697362 0 0)
(0.697345 0 0)
(0.697328 0 0)
(0.697312 0 0)
(0.697295 0 0)
(0.697279 0 0)
(0.697262 0 0)
(0.697245 0 0)
(0.697229 0 0)
(0.697212 0 0)
(0.697195 0 0)
(0.697179 0 0)
(0.697162 0 0)
(0.697145 0 0)
(0.697129 0 0)
(0.697112 0 0)
(0.697095 0 0)
(0.697079 0 0)
(0.697062 0 0)
(0.697045 0 0)
(0.697029 0 0)
(0.697012 0 0)
(0.696995 0 0)
(0.696978 0 0)
(0.696962 0 0)
(0.696945 0 0)
)
;

boundaryField
{
    inlet
    {
        type            fractionalVelocity;
        U               1((1 0 0));
        fractionalFlow  Fa;
        value           uniform (0.709421 0 0);
    }
    outlet
    {
        type            zeroGradient;
    }
    emptyWalls
    {
        type            empty;
    }
}


// ************************************************************************* //
