/*--------------------------------*- C++ -*----------------------------------*\
  =========                 |
  \\      /  F ield         | OpenFOAM: The Open Source CFD Toolbox
   \\    /   O peration     | Website:  https://openfoam.org
    \\  /    A nd           | Version:  9
     \\/     M anipulation  |
\*---------------------------------------------------------------------------*/
FoamFile
{
    format      ascii;
    class       surfaceScalarField;
    location    "20";
    object      phib;
}
// * * * * * * * * * * * * * * * * * * * * * * * * * * * * * * * * * * * * * //

dimensions      [0 2 0 0 0 0 0];

internalField   nonuniform List<scalar> 
999
(
0.290579
0.290578
0.290578
0.290577
0.290577
0.290576
0.290575
0.290574
0.290573
0.290571
0.29057
0.290568
0.290567
0.290565
0.290563
0.290561
0.290559
0.290557
0.290555
0.290553
0.290551
0.290548
0.290545
0.290543
0.29054
0.290537
0.290534
0.290531
0.290528
0.290525
0.290521
0.290518
0.290515
0.290511
0.290507
0.290503
0.2905
0.290496
0.290492
0.290488
0.290483
0.290479
0.290475
0.29047
0.290466
0.290461
0.290456
0.290452
0.290447
0.290442
0.290437
0.290432
0.290426
0.290421
0.290416
0.29041
0.290405
0.290399
0.290394
0.290388
0.290382
0.290376
0.29037
0.290364
0.290358
0.290352
0.290346
0.290339
0.290333
0.290326
0.29032
0.290313
0.290307
0.2903
0.290293
0.290286
0.290279
0.290272
0.290265
0.290258
0.290251
0.290243
0.290236
0.290229
0.290221
0.290213
0.290206
0.290198
0.29019
0.290182
0.290175
0.290167
0.290159
0.290151
0.290142
0.290134
0.290126
0.290118
0.290109
0.290101
0.290092
0.290084
0.290075
0.290066
0.290057
0.290049
0.29004
0.290031
0.290022
0.290013
0.290004
0.289994
0.289985
0.289976
0.289966
0.289957
0.289948
0.289938
0.289928
0.289919
0.289909
0.289899
0.28989
0.28988
0.28987
0.28986
0.28985
0.28984
0.28983
0.289819
0.289809
0.289799
0.289788
0.289778
0.289768
0.289757
0.289747
0.289736
0.289725
0.289715
0.289704
0.289693
0.289682
0.289671
0.28966
0.289649
0.289638
0.289627
0.289616
0.289605
0.289593
0.289582
0.289571
0.289559
0.289548
0.289536
0.289525
0.289513
0.289501
0.28949
0.289478
0.289466
0.289454
0.289442
0.289431
0.289419
0.289407
0.289394
0.289382
0.28937
0.289358
0.289346
0.289333
0.289321
0.289309
0.289296
0.289284
0.289271
0.289259
0.289246
0.289233
0.289221
0.289208
0.289195
0.289182
0.28917
0.289157
0.289144
0.289131
0.289118
0.289105
0.289092
0.289078
0.289065
0.289052
0.289039
0.289025
0.289012
0.288999
0.288985
0.288972
0.288958
0.288944
0.288931
0.288917
0.288904
0.28889
0.288876
0.288862
0.288848
0.288835
0.288821
0.288807
0.288793
0.288779
0.288765
0.28875
0.288736
0.288722
0.288708
0.288694
0.288679
0.288665
0.288651
0.288636
0.288622
0.288607
0.288593
0.288578
0.288563
0.288549
0.288534
0.288519
0.288505
0.28849
0.288475
0.28846
0.288445
0.28843
0.288415
0.2884
0.288385
0.28837
0.288355
0.28834
0.288325
0.28831
0.288295
0.288279
0.288264
0.288249
0.288233
0.288218
0.288202
0.288187
0.288171
0.288156
0.28814
0.288125
0.288109
0.288093
0.288078
0.288062
0.288046
0.28803
0.288014
0.287999
0.287983
0.287967
0.287951
0.287935
0.287919
0.287903
0.287887
0.28787
0.287854
0.287838
0.287822
0.287806
0.287789
0.287773
0.287757
0.28774
0.287724
0.287707
0.287691
0.287674
0.287658
0.287641
0.287625
0.287608
0.287591
0.287575
0.287558
0.287541
0.287524
0.287508
0.287491
0.287474
0.287457
0.28744
0.287423
0.287406
0.287389
0.287372
0.287355
0.287338
0.287321
0.287304
0.287286
0.287269
0.287252
0.287235
0.287217
0.2872
0.287183
0.287165
0.287148
0.28713
0.287113
0.287095
0.287078
0.28706
0.287043
0.287025
0.287008
0.28699
0.286972
0.286954
0.286937
0.286919
0.286901
0.286883
0.286865
0.286848
0.28683
0.286812
0.286794
0.286776
0.286758
0.28674
0.286722
0.286704
0.286685
0.286667
0.286649
0.286631
0.286613
0.286594
0.286576
0.286558
0.28654
0.286521
0.286503
0.286484
0.286466
0.286447
0.286429
0.28641
0.286392
0.286373
0.286355
0.286336
0.286318
0.286299
0.28628
0.286262
0.286243
0.286224
0.286205
0.286186
0.286168
0.286149
0.28613
0.286111
0.286092
0.286073
0.286054
0.286035
0.286016
0.285997
0.285978
0.285959
0.28594
0.285921
0.285901
0.285882
0.285863
0.285844
0.285824
0.285805
0.285786
0.285766
0.285747
0.285728
0.285708
0.285689
0.285669
0.28565
0.28563
0.285611
0.285591
0.285572
0.285552
0.285533
0.285513
0.285493
0.285474
0.285454
0.285434
0.285414
0.285395
0.285375
0.285355
0.285335
0.285315
0.285295
0.285276
0.285256
0.285236
0.285216
0.285196
0.285176
0.285156
0.285136
0.285115
0.285095
0.285075
0.285055
0.285035
0.285015
0.284995
0.284974
0.284954
0.284934
0.284913
0.284893
0.284873
0.284852
0.284832
0.284812
0.284791
0.284771
0.28475
0.28473
0.284709
0.284689
0.284668
0.284648
0.284627
0.284606
0.284586
0.284565
0.284544
0.284524
0.284503
0.284482
0.284462
0.284441
0.28442
0.284399
0.284378
0.284357
0.284337
0.284316
0.284295
0.284274
0.284253
0.284232
0.284211
0.28419
0.284169
0.284148
0.284127
0.284105
0.284084
0.284063
0.284042
0.284021
0.284
0.283978
0.283957
0.283936
0.283915
0.283893
0.283872
0.283851
0.283829
0.283808
0.283787
0.283765
0.283744
0.283722
0.283701
0.283679
0.283658
0.283636
0.283615
0.283593
0.283571
0.28355
0.283528
0.283507
0.283485
0.283463
0.283442
0.28342
0.283398
0.283376
0.283355
0.283333
0.283311
0.283289
0.283267
0.283245
0.283223
0.283202
0.28318
0.283158
0.283136
0.283114
0.283092
0.28307
0.283048
0.283026
0.283004
0.282981
0.282959
0.282937
0.282915
0.282893
0.282871
0.282849
0.282826
0.282804
0.282782
0.28276
0.282737
0.282715
0.282693
0.28267
0.282648
0.282626
0.282603
0.282581
0.282558
0.282536
0.282513
0.282491
0.282468
0.282446
0.282423
0.282401
0.282378
0.282356
0.282333
0.28231
0.282288
0.282265
0.282242
0.28222
0.282197
0.282174
0.282152
0.282129
0.282106
0.282083
0.28206
0.282038
0.282015
0.281992
0.281969
0.281946
0.281923
0.2819
0.281877
0.281854
0.281831
0.281808
0.281785
0.281762
0.281739
0.281716
0.281693
0.28167
0.281647
0.281624
0.2816
0.281577
0.281554
0.281531
0.281508
0.281484
0.281461
0.281438
0.281415
0.281391
0.281368
0.281345
0.281321
0.281298
0.281275
0.281251
0.281228
0.281204
0.281181
0.281157
0.281134
0.281111
0.281087
0.281063
0.28104
0.281016
0.280993
0.280969
0.280946
0.280922
0.280898
0.280875
0.280851
0.280827
0.280804
0.28078
0.280756
0.280732
0.280709
0.280685
0.280661
0.280637
0.280613
0.28059
0.280566
0.280542
0.280518
0.280494
0.28047
0.280446
0.280422
0.280398
0.280374
0.28035
0.280326
0.280302
0.280278
0.280254
0.28023
0.280206
0.280182
0.280158
0.280133
0.280109
0.280085
0.280061
0.280037
0.280013
0.279988
0.279964
0.27994
0.279916
0.279891
0.279867
0.279843
0.279818
0.279794
0.27977
0.279745
0.279721
0.279696
0.279672
0.279647
0.279623
0.279599
0.279574
0.27955
0.279525
0.2795
0.279476
0.279451
0.279427
0.279402
0.279378
0.279353
0.279328
0.279304
0.279279
0.279254
0.27923
0.279205
0.27918
0.279155
0.279131
0.279106
0.279081
0.279056
0.279031
0.279007
0.278982
0.278957
0.278932
0.278907
0.278882
0.278857
0.278832
0.278807
0.278783
0.278758
0.278733
0.278708
0.278683
0.278658
0.278632
0.278607
0.278582
0.278557
0.278532
0.278507
0.278482
0.278457
0.278432
0.278406
0.278381
0.278356
0.278331
0.278306
0.27828
0.278255
0.27823
0.278204
0.278179
0.278154
0.278128
0.278103
0.278078
0.278052
0.278027
0.278002
0.277976
0.277951
0.277925
0.2779
0.277874
0.277849
0.277823
0.277798
0.277772
0.277747
0.277721
0.277696
0.27767
0.277644
0.277619
0.277593
0.277568
0.277542
0.277516
0.277491
0.277465
0.277439
0.277413
0.277388
0.277362
0.277336
0.27731
0.277285
0.277259
0.277233
0.277207
0.277181
0.277155
0.27713
0.277104
0.277078
0.277052
0.277026
0.277
0.276974
0.276948
0.276922
0.276896
0.27687
0.276844
0.276818
0.276792
0.276766
0.27674
0.276714
0.276688
0.276662
0.276635
0.276609
0.276583
0.276557
0.276531
0.276505
0.276478
0.276452
0.276426
0.2764
0.276373
0.276347
0.276321
0.276294
0.276268
0.276242
0.276215
0.276189
0.276163
0.276136
0.27611
0.276084
0.276057
0.276031
0.276004
0.275978
0.275951
0.275925
0.275898
0.275872
0.275845
0.275819
0.275792
0.275766
0.275739
0.275712
0.275686
0.275659
0.275632
0.275606
0.275579
0.275552
0.275526
0.275499
0.275472
0.275446
0.275419
0.275392
0.275365
0.275339
0.275312
0.275285
0.275258
0.275231
0.275205
0.275178
0.275151
0.275124
0.275097
0.27507
0.275043
0.275016
0.274989
0.274962
0.274935
0.274908
0.274881
0.274854
0.274827
0.2748
0.274773
0.274746
0.274719
0.274692
0.274665
0.274638
0.274611
0.274584
0.274556
0.274529
0.274502
0.274475
0.274448
0.27442
0.274393
0.274366
0.274339
0.274311
0.274284
0.274257
0.274229
0.274202
0.274175
0.274147
0.27412
0.274093
0.274065
0.274038
0.274011
0.273983
0.273956
0.273928
0.273901
0.273873
0.273846
0.273818
0.273791
0.273763
0.273736
0.273708
0.273681
0.273653
0.273626
0.273598
0.27357
0.273543
0.273515
0.273487
0.27346
0.273432
0.273404
0.273377
0.273349
0.273321
0.273294
0.273266
0.273238
0.27321
0.273182
0.273155
0.273127
0.273099
0.273071
0.273043
0.273015
0.272988
0.27296
0.272932
0.272904
0.272876
0.272848
0.27282
0.272792
0.272764
0.272736
0.272708
0.27268
0.272652
0.272624
0.272596
0.272568
0.27254
0.272512
0.272484
0.272456
0.272428
0.272399
0.272371
0.272343
0.272315
0.272287
0.272259
0.27223
0.272202
0.272174
0.272146
0.272117
0.272089
0.272061
0.272033
0.272004
0.271976
0.271948
0.271919
0.271891
0.271863
0.271834
0.271806
0.271777
0.271749
0.27172
0.271692
0.271664
0.271635
0.271607
0.271578
0.27155
0.271521
0.271493
0.271464
0.271436
0.271407
0.271378
0.27135
0.271321
0.271293
0.271264
0.271235
0.271207
0.271178
0.271149
0.271121
0.271092
0.271063
0.271035
0.271006
0.270977
0.270948
0.27092
0.270891
0.270862
)
;

boundaryField
{
    inlet
    {
        type            calculated;
        value           uniform -0.290579;
    }
    outlet
    {
        type            calculated;
        value           uniform 0.270833;
    }
    emptyWalls
    {
        type            empty;
        value           nonuniform List<scalar> 0();
    }
}


// ************************************************************************* //
