/*--------------------------------*- C++ -*----------------------------------*\
  =========                 |
  \\      /  F ield         | OpenFOAM: The Open Source CFD Toolbox
   \\    /   O peration     | Website:  https://openfoam.org
    \\  /    A nd           | Version:  9
     \\/     M anipulation  |
\*---------------------------------------------------------------------------*/
FoamFile
{
    format      ascii;
    class       volVectorField;
    location    "20";
    object      Ub;
}
// * * * * * * * * * * * * * * * * * * * * * * * * * * * * * * * * * * * * * //

dimensions      [0 0 0 0 0 0 0];

internalField   nonuniform List<vector> 
1000
(
(0.290579 0 0)
(0.290578 0 0)
(0.290578 0 0)
(0.290578 0 0)
(0.290577 0 0)
(0.290576 0 0)
(0.290575 0 0)
(0.290574 0 0)
(0.290573 0 0)
(0.290572 0 0)
(0.290571 0 0)
(0.290569 0 0)
(0.290568 0 0)
(0.290566 0 0)
(0.290564 0 0)
(0.290562 0 0)
(0.29056 0 0)
(0.290558 0 0)
(0.290556 0 0)
(0.290554 0 0)
(0.290552 0 0)
(0.290549 0 0)
(0.290547 0 0)
(0.290544 0 0)
(0.290541 0 0)
(0.290539 0 0)
(0.290536 0 0)
(0.290533 0 0)
(0.29053 0 0)
(0.290526 0 0)
(0.290523 0 0)
(0.29052 0 0)
(0.290516 0 0)
(0.290513 0 0)
(0.290509 0 0)
(0.290505 0 0)
(0.290502 0 0)
(0.290498 0 0)
(0.290494 0 0)
(0.29049 0 0)
(0.290485 0 0)
(0.290481 0 0)
(0.290477 0 0)
(0.290472 0 0)
(0.290468 0 0)
(0.290463 0 0)
(0.290459 0 0)
(0.290454 0 0)
(0.290449 0 0)
(0.290444 0 0)
(0.290439 0 0)
(0.290434 0 0)
(0.290429 0 0)
(0.290424 0 0)
(0.290418 0 0)
(0.290413 0 0)
(0.290408 0 0)
(0.290402 0 0)
(0.290396 0 0)
(0.290391 0 0)
(0.290385 0 0)
(0.290379 0 0)
(0.290373 0 0)
(0.290367 0 0)
(0.290361 0 0)
(0.290355 0 0)
(0.290349 0 0)
(0.290342 0 0)
(0.290336 0 0)
(0.29033 0 0)
(0.290323 0 0)
(0.290317 0 0)
(0.29031 0 0)
(0.290303 0 0)
(0.290296 0 0)
(0.29029 0 0)
(0.290283 0 0)
(0.290276 0 0)
(0.290269 0 0)
(0.290261 0 0)
(0.290254 0 0)
(0.290247 0 0)
(0.29024 0 0)
(0.290232 0 0)
(0.290225 0 0)
(0.290217 0 0)
(0.29021 0 0)
(0.290202 0 0)
(0.290194 0 0)
(0.290186 0 0)
(0.290179 0 0)
(0.290171 0 0)
(0.290163 0 0)
(0.290155 0 0)
(0.290146 0 0)
(0.290138 0 0)
(0.29013 0 0)
(0.290122 0 0)
(0.290113 0 0)
(0.290105 0 0)
(0.290096 0 0)
(0.290088 0 0)
(0.290079 0 0)
(0.290071 0 0)
(0.290062 0 0)
(0.290053 0 0)
(0.290044 0 0)
(0.290035 0 0)
(0.290026 0 0)
(0.290017 0 0)
(0.290008 0 0)
(0.289999 0 0)
(0.28999 0 0)
(0.28998 0 0)
(0.289971 0 0)
(0.289962 0 0)
(0.289952 0 0)
(0.289943 0 0)
(0.289933 0 0)
(0.289924 0 0)
(0.289914 0 0)
(0.289904 0 0)
(0.289894 0 0)
(0.289885 0 0)
(0.289875 0 0)
(0.289865 0 0)
(0.289855 0 0)
(0.289845 0 0)
(0.289835 0 0)
(0.289824 0 0)
(0.289814 0 0)
(0.289804 0 0)
(0.289794 0 0)
(0.289783 0 0)
(0.289773 0 0)
(0.289762 0 0)
(0.289752 0 0)
(0.289741 0 0)
(0.289731 0 0)
(0.28972 0 0)
(0.289709 0 0)
(0.289698 0 0)
(0.289688 0 0)
(0.289677 0 0)
(0.289666 0 0)
(0.289655 0 0)
(0.289644 0 0)
(0.289633 0 0)
(0.289621 0 0)
(0.28961 0 0)
(0.289599 0 0)
(0.289588 0 0)
(0.289576 0 0)
(0.289565 0 0)
(0.289554 0 0)
(0.289542 0 0)
(0.28953 0 0)
(0.289519 0 0)
(0.289507 0 0)
(0.289496 0 0)
(0.289484 0 0)
(0.289472 0 0)
(0.28946 0 0)
(0.289448 0 0)
(0.289437 0 0)
(0.289425 0 0)
(0.289413 0 0)
(0.289401 0 0)
(0.289388 0 0)
(0.289376 0 0)
(0.289364 0 0)
(0.289352 0 0)
(0.28934 0 0)
(0.289327 0 0)
(0.289315 0 0)
(0.289303 0 0)
(0.28929 0 0)
(0.289278 0 0)
(0.289265 0 0)
(0.289252 0 0)
(0.28924 0 0)
(0.289227 0 0)
(0.289214 0 0)
(0.289202 0 0)
(0.289189 0 0)
(0.289176 0 0)
(0.289163 0 0)
(0.28915 0 0)
(0.289137 0 0)
(0.289124 0 0)
(0.289111 0 0)
(0.289098 0 0)
(0.289085 0 0)
(0.289072 0 0)
(0.289059 0 0)
(0.289045 0 0)
(0.289032 0 0)
(0.289019 0 0)
(0.289005 0 0)
(0.288992 0 0)
(0.288978 0 0)
(0.288965 0 0)
(0.288951 0 0)
(0.288938 0 0)
(0.288924 0 0)
(0.28891 0 0)
(0.288897 0 0)
(0.288883 0 0)
(0.288869 0 0)
(0.288855 0 0)
(0.288841 0 0)
(0.288828 0 0)
(0.288814 0 0)
(0.2888 0 0)
(0.288786 0 0)
(0.288772 0 0)
(0.288757 0 0)
(0.288743 0 0)
(0.288729 0 0)
(0.288715 0 0)
(0.288701 0 0)
(0.288686 0 0)
(0.288672 0 0)
(0.288658 0 0)
(0.288643 0 0)
(0.288629 0 0)
(0.288614 0 0)
(0.2886 0 0)
(0.288585 0 0)
(0.288571 0 0)
(0.288556 0 0)
(0.288541 0 0)
(0.288527 0 0)
(0.288512 0 0)
(0.288497 0 0)
(0.288482 0 0)
(0.288468 0 0)
(0.288453 0 0)
(0.288438 0 0)
(0.288423 0 0)
(0.288408 0 0)
(0.288393 0 0)
(0.288378 0 0)
(0.288363 0 0)
(0.288348 0 0)
(0.288333 0 0)
(0.288317 0 0)
(0.288302 0 0)
(0.288287 0 0)
(0.288272 0 0)
(0.288256 0 0)
(0.288241 0 0)
(0.288226 0 0)
(0.28821 0 0)
(0.288195 0 0)
(0.288179 0 0)
(0.288164 0 0)
(0.288148 0 0)
(0.288132 0 0)
(0.288117 0 0)
(0.288101 0 0)
(0.288085 0 0)
(0.28807 0 0)
(0.288054 0 0)
(0.288038 0 0)
(0.288022 0 0)
(0.288006 0 0)
(0.287991 0 0)
(0.287975 0 0)
(0.287959 0 0)
(0.287943 0 0)
(0.287927 0 0)
(0.287911 0 0)
(0.287895 0 0)
(0.287878 0 0)
(0.287862 0 0)
(0.287846 0 0)
(0.28783 0 0)
(0.287814 0 0)
(0.287797 0 0)
(0.287781 0 0)
(0.287765 0 0)
(0.287748 0 0)
(0.287732 0 0)
(0.287716 0 0)
(0.287699 0 0)
(0.287683 0 0)
(0.287666 0 0)
(0.28765 0 0)
(0.287633 0 0)
(0.287616 0 0)
(0.2876 0 0)
(0.287583 0 0)
(0.287566 0 0)
(0.28755 0 0)
(0.287533 0 0)
(0.287516 0 0)
(0.287499 0 0)
(0.287482 0 0)
(0.287465 0 0)
(0.287449 0 0)
(0.287432 0 0)
(0.287415 0 0)
(0.287398 0 0)
(0.287381 0 0)
(0.287364 0 0)
(0.287346 0 0)
(0.287329 0 0)
(0.287312 0 0)
(0.287295 0 0)
(0.287278 0 0)
(0.287261 0 0)
(0.287243 0 0)
(0.287226 0 0)
(0.287209 0 0)
(0.287191 0 0)
(0.287174 0 0)
(0.287157 0 0)
(0.287139 0 0)
(0.287122 0 0)
(0.287104 0 0)
(0.287087 0 0)
(0.287069 0 0)
(0.287052 0 0)
(0.287034 0 0)
(0.287016 0 0)
(0.286999 0 0)
(0.286981 0 0)
(0.286963 0 0)
(0.286946 0 0)
(0.286928 0 0)
(0.28691 0 0)
(0.286892 0 0)
(0.286874 0 0)
(0.286857 0 0)
(0.286839 0 0)
(0.286821 0 0)
(0.286803 0 0)
(0.286785 0 0)
(0.286767 0 0)
(0.286749 0 0)
(0.286731 0 0)
(0.286713 0 0)
(0.286694 0 0)
(0.286676 0 0)
(0.286658 0 0)
(0.28664 0 0)
(0.286622 0 0)
(0.286604 0 0)
(0.286585 0 0)
(0.286567 0 0)
(0.286549 0 0)
(0.28653 0 0)
(0.286512 0 0)
(0.286494 0 0)
(0.286475 0 0)
(0.286457 0 0)
(0.286438 0 0)
(0.28642 0 0)
(0.286401 0 0)
(0.286383 0 0)
(0.286364 0 0)
(0.286345 0 0)
(0.286327 0 0)
(0.286308 0 0)
(0.28629 0 0)
(0.286271 0 0)
(0.286252 0 0)
(0.286233 0 0)
(0.286215 0 0)
(0.286196 0 0)
(0.286177 0 0)
(0.286158 0 0)
(0.286139 0 0)
(0.28612 0 0)
(0.286101 0 0)
(0.286083 0 0)
(0.286064 0 0)
(0.286045 0 0)
(0.286026 0 0)
(0.286006 0 0)
(0.285987 0 0)
(0.285968 0 0)
(0.285949 0 0)
(0.28593 0 0)
(0.285911 0 0)
(0.285892 0 0)
(0.285873 0 0)
(0.285853 0 0)
(0.285834 0 0)
(0.285815 0 0)
(0.285795 0 0)
(0.285776 0 0)
(0.285757 0 0)
(0.285737 0 0)
(0.285718 0 0)
(0.285699 0 0)
(0.285679 0 0)
(0.28566 0 0)
(0.28564 0 0)
(0.285621 0 0)
(0.285601 0 0)
(0.285582 0 0)
(0.285562 0 0)
(0.285542 0 0)
(0.285523 0 0)
(0.285503 0 0)
(0.285483 0 0)
(0.285464 0 0)
(0.285444 0 0)
(0.285424 0 0)
(0.285405 0 0)
(0.285385 0 0)
(0.285365 0 0)
(0.285345 0 0)
(0.285325 0 0)
(0.285305 0 0)
(0.285286 0 0)
(0.285266 0 0)
(0.285246 0 0)
(0.285226 0 0)
(0.285206 0 0)
(0.285186 0 0)
(0.285166 0 0)
(0.285146 0 0)
(0.285126 0 0)
(0.285105 0 0)
(0.285085 0 0)
(0.285065 0 0)
(0.285045 0 0)
(0.285025 0 0)
(0.285005 0 0)
(0.284984 0 0)
(0.284964 0 0)
(0.284944 0 0)
(0.284924 0 0)
(0.284903 0 0)
(0.284883 0 0)
(0.284863 0 0)
(0.284842 0 0)
(0.284822 0 0)
(0.284801 0 0)
(0.284781 0 0)
(0.284761 0 0)
(0.28474 0 0)
(0.28472 0 0)
(0.284699 0 0)
(0.284678 0 0)
(0.284658 0 0)
(0.284637 0 0)
(0.284617 0 0)
(0.284596 0 0)
(0.284575 0 0)
(0.284555 0 0)
(0.284534 0 0)
(0.284513 0 0)
(0.284493 0 0)
(0.284472 0 0)
(0.284451 0 0)
(0.28443 0 0)
(0.28441 0 0)
(0.284389 0 0)
(0.284368 0 0)
(0.284347 0 0)
(0.284326 0 0)
(0.284305 0 0)
(0.284284 0 0)
(0.284263 0 0)
(0.284242 0 0)
(0.284221 0 0)
(0.2842 0 0)
(0.284179 0 0)
(0.284158 0 0)
(0.284137 0 0)
(0.284116 0 0)
(0.284095 0 0)
(0.284074 0 0)
(0.284053 0 0)
(0.284031 0 0)
(0.28401 0 0)
(0.283989 0 0)
(0.283968 0 0)
(0.283947 0 0)
(0.283925 0 0)
(0.283904 0 0)
(0.283883 0 0)
(0.283861 0 0)
(0.28384 0 0)
(0.283819 0 0)
(0.283797 0 0)
(0.283776 0 0)
(0.283754 0 0)
(0.283733 0 0)
(0.283711 0 0)
(0.28369 0 0)
(0.283668 0 0)
(0.283647 0 0)
(0.283625 0 0)
(0.283604 0 0)
(0.283582 0 0)
(0.283561 0 0)
(0.283539 0 0)
(0.283517 0 0)
(0.283496 0 0)
(0.283474 0 0)
(0.283452 0 0)
(0.283431 0 0)
(0.283409 0 0)
(0.283387 0 0)
(0.283365 0 0)
(0.283344 0 0)
(0.283322 0 0)
(0.2833 0 0)
(0.283278 0 0)
(0.283256 0 0)
(0.283234 0 0)
(0.283213 0 0)
(0.283191 0 0)
(0.283169 0 0)
(0.283147 0 0)
(0.283125 0 0)
(0.283103 0 0)
(0.283081 0 0)
(0.283059 0 0)
(0.283037 0 0)
(0.283015 0 0)
(0.282993 0 0)
(0.28297 0 0)
(0.282948 0 0)
(0.282926 0 0)
(0.282904 0 0)
(0.282882 0 0)
(0.28286 0 0)
(0.282837 0 0)
(0.282815 0 0)
(0.282793 0 0)
(0.282771 0 0)
(0.282748 0 0)
(0.282726 0 0)
(0.282704 0 0)
(0.282681 0 0)
(0.282659 0 0)
(0.282637 0 0)
(0.282614 0 0)
(0.282592 0 0)
(0.28257 0 0)
(0.282547 0 0)
(0.282525 0 0)
(0.282502 0 0)
(0.28248 0 0)
(0.282457 0 0)
(0.282435 0 0)
(0.282412 0 0)
(0.282389 0 0)
(0.282367 0 0)
(0.282344 0 0)
(0.282322 0 0)
(0.282299 0 0)
(0.282276 0 0)
(0.282254 0 0)
(0.282231 0 0)
(0.282208 0 0)
(0.282186 0 0)
(0.282163 0 0)
(0.28214 0 0)
(0.282117 0 0)
(0.282095 0 0)
(0.282072 0 0)
(0.282049 0 0)
(0.282026 0 0)
(0.282003 0 0)
(0.28198 0 0)
(0.281957 0 0)
(0.281935 0 0)
(0.281912 0 0)
(0.281889 0 0)
(0.281866 0 0)
(0.281843 0 0)
(0.28182 0 0)
(0.281797 0 0)
(0.281774 0 0)
(0.281751 0 0)
(0.281728 0 0)
(0.281705 0 0)
(0.281681 0 0)
(0.281658 0 0)
(0.281635 0 0)
(0.281612 0 0)
(0.281589 0 0)
(0.281566 0 0)
(0.281543 0 0)
(0.281519 0 0)
(0.281496 0 0)
(0.281473 0 0)
(0.28145 0 0)
(0.281426 0 0)
(0.281403 0 0)
(0.28138 0 0)
(0.281356 0 0)
(0.281333 0 0)
(0.28131 0 0)
(0.281286 0 0)
(0.281263 0 0)
(0.28124 0 0)
(0.281216 0 0)
(0.281193 0 0)
(0.281169 0 0)
(0.281146 0 0)
(0.281122 0 0)
(0.281099 0 0)
(0.281075 0 0)
(0.281052 0 0)
(0.281028 0 0)
(0.281005 0 0)
(0.280981 0 0)
(0.280957 0 0)
(0.280934 0 0)
(0.28091 0 0)
(0.280886 0 0)
(0.280863 0 0)
(0.280839 0 0)
(0.280815 0 0)
(0.280792 0 0)
(0.280768 0 0)
(0.280744 0 0)
(0.280721 0 0)
(0.280697 0 0)
(0.280673 0 0)
(0.280649 0 0)
(0.280625 0 0)
(0.280601 0 0)
(0.280578 0 0)
(0.280554 0 0)
(0.28053 0 0)
(0.280506 0 0)
(0.280482 0 0)
(0.280458 0 0)
(0.280434 0 0)
(0.28041 0 0)
(0.280386 0 0)
(0.280362 0 0)
(0.280338 0 0)
(0.280314 0 0)
(0.28029 0 0)
(0.280266 0 0)
(0.280242 0 0)
(0.280218 0 0)
(0.280194 0 0)
(0.28017 0 0)
(0.280146 0 0)
(0.280121 0 0)
(0.280097 0 0)
(0.280073 0 0)
(0.280049 0 0)
(0.280025 0 0)
(0.28 0 0)
(0.279976 0 0)
(0.279952 0 0)
(0.279928 0 0)
(0.279903 0 0)
(0.279879 0 0)
(0.279855 0 0)
(0.27983 0 0)
(0.279806 0 0)
(0.279782 0 0)
(0.279757 0 0)
(0.279733 0 0)
(0.279709 0 0)
(0.279684 0 0)
(0.27966 0 0)
(0.279635 0 0)
(0.279611 0 0)
(0.279586 0 0)
(0.279562 0 0)
(0.279537 0 0)
(0.279513 0 0)
(0.279488 0 0)
(0.279464 0 0)
(0.279439 0 0)
(0.279414 0 0)
(0.27939 0 0)
(0.279365 0 0)
(0.279341 0 0)
(0.279316 0 0)
(0.279291 0 0)
(0.279267 0 0)
(0.279242 0 0)
(0.279217 0 0)
(0.279193 0 0)
(0.279168 0 0)
(0.279143 0 0)
(0.279118 0 0)
(0.279094 0 0)
(0.279069 0 0)
(0.279044 0 0)
(0.279019 0 0)
(0.278994 0 0)
(0.278969 0 0)
(0.278945 0 0)
(0.27892 0 0)
(0.278895 0 0)
(0.27887 0 0)
(0.278845 0 0)
(0.27882 0 0)
(0.278795 0 0)
(0.27877 0 0)
(0.278745 0 0)
(0.27872 0 0)
(0.278695 0 0)
(0.27867 0 0)
(0.278645 0 0)
(0.27862 0 0)
(0.278595 0 0)
(0.27857 0 0)
(0.278545 0 0)
(0.27852 0 0)
(0.278494 0 0)
(0.278469 0 0)
(0.278444 0 0)
(0.278419 0 0)
(0.278394 0 0)
(0.278369 0 0)
(0.278343 0 0)
(0.278318 0 0)
(0.278293 0 0)
(0.278268 0 0)
(0.278242 0 0)
(0.278217 0 0)
(0.278192 0 0)
(0.278166 0 0)
(0.278141 0 0)
(0.278116 0 0)
(0.27809 0 0)
(0.278065 0 0)
(0.27804 0 0)
(0.278014 0 0)
(0.277989 0 0)
(0.277963 0 0)
(0.277938 0 0)
(0.277913 0 0)
(0.277887 0 0)
(0.277862 0 0)
(0.277836 0 0)
(0.277811 0 0)
(0.277785 0 0)
(0.27776 0 0)
(0.277734 0 0)
(0.277708 0 0)
(0.277683 0 0)
(0.277657 0 0)
(0.277632 0 0)
(0.277606 0 0)
(0.27758 0 0)
(0.277555 0 0)
(0.277529 0 0)
(0.277503 0 0)
(0.277478 0 0)
(0.277452 0 0)
(0.277426 0 0)
(0.277401 0 0)
(0.277375 0 0)
(0.277349 0 0)
(0.277323 0 0)
(0.277298 0 0)
(0.277272 0 0)
(0.277246 0 0)
(0.27722 0 0)
(0.277194 0 0)
(0.277168 0 0)
(0.277143 0 0)
(0.277117 0 0)
(0.277091 0 0)
(0.277065 0 0)
(0.277039 0 0)
(0.277013 0 0)
(0.276987 0 0)
(0.276961 0 0)
(0.276935 0 0)
(0.276909 0 0)
(0.276883 0 0)
(0.276857 0 0)
(0.276831 0 0)
(0.276805 0 0)
(0.276779 0 0)
(0.276753 0 0)
(0.276727 0 0)
(0.276701 0 0)
(0.276675 0 0)
(0.276648 0 0)
(0.276622 0 0)
(0.276596 0 0)
(0.27657 0 0)
(0.276544 0 0)
(0.276518 0 0)
(0.276491 0 0)
(0.276465 0 0)
(0.276439 0 0)
(0.276413 0 0)
(0.276386 0 0)
(0.27636 0 0)
(0.276334 0 0)
(0.276308 0 0)
(0.276281 0 0)
(0.276255 0 0)
(0.276229 0 0)
(0.276202 0 0)
(0.276176 0 0)
(0.27615 0 0)
(0.276123 0 0)
(0.276097 0 0)
(0.27607 0 0)
(0.276044 0 0)
(0.276017 0 0)
(0.275991 0 0)
(0.275964 0 0)
(0.275938 0 0)
(0.275912 0 0)
(0.275885 0 0)
(0.275858 0 0)
(0.275832 0 0)
(0.275805 0 0)
(0.275779 0 0)
(0.275752 0 0)
(0.275726 0 0)
(0.275699 0 0)
(0.275672 0 0)
(0.275646 0 0)
(0.275619 0 0)
(0.275592 0 0)
(0.275566 0 0)
(0.275539 0 0)
(0.275512 0 0)
(0.275486 0 0)
(0.275459 0 0)
(0.275432 0 0)
(0.275406 0 0)
(0.275379 0 0)
(0.275352 0 0)
(0.275325 0 0)
(0.275298 0 0)
(0.275272 0 0)
(0.275245 0 0)
(0.275218 0 0)
(0.275191 0 0)
(0.275164 0 0)
(0.275137 0 0)
(0.27511 0 0)
(0.275084 0 0)
(0.275057 0 0)
(0.27503 0 0)
(0.275003 0 0)
(0.274976 0 0)
(0.274949 0 0)
(0.274922 0 0)
(0.274895 0 0)
(0.274868 0 0)
(0.274841 0 0)
(0.274814 0 0)
(0.274787 0 0)
(0.27476 0 0)
(0.274733 0 0)
(0.274706 0 0)
(0.274678 0 0)
(0.274651 0 0)
(0.274624 0 0)
(0.274597 0 0)
(0.27457 0 0)
(0.274543 0 0)
(0.274516 0 0)
(0.274488 0 0)
(0.274461 0 0)
(0.274434 0 0)
(0.274407 0 0)
(0.27438 0 0)
(0.274352 0 0)
(0.274325 0 0)
(0.274298 0 0)
(0.27427 0 0)
(0.274243 0 0)
(0.274216 0 0)
(0.274189 0 0)
(0.274161 0 0)
(0.274134 0 0)
(0.274106 0 0)
(0.274079 0 0)
(0.274052 0 0)
(0.274024 0 0)
(0.273997 0 0)
(0.273969 0 0)
(0.273942 0 0)
(0.273915 0 0)
(0.273887 0 0)
(0.27386 0 0)
(0.273832 0 0)
(0.273805 0 0)
(0.273777 0 0)
(0.27375 0 0)
(0.273722 0 0)
(0.273694 0 0)
(0.273667 0 0)
(0.273639 0 0)
(0.273612 0 0)
(0.273584 0 0)
(0.273557 0 0)
(0.273529 0 0)
(0.273501 0 0)
(0.273474 0 0)
(0.273446 0 0)
(0.273418 0 0)
(0.273391 0 0)
(0.273363 0 0)
(0.273335 0 0)
(0.273307 0 0)
(0.27328 0 0)
(0.273252 0 0)
(0.273224 0 0)
(0.273196 0 0)
(0.273169 0 0)
(0.273141 0 0)
(0.273113 0 0)
(0.273085 0 0)
(0.273057 0 0)
(0.273029 0 0)
(0.273002 0 0)
(0.272974 0 0)
(0.272946 0 0)
(0.272918 0 0)
(0.27289 0 0)
(0.272862 0 0)
(0.272834 0 0)
(0.272806 0 0)
(0.272778 0 0)
(0.27275 0 0)
(0.272722 0 0)
(0.272694 0 0)
(0.272666 0 0)
(0.272638 0 0)
(0.27261 0 0)
(0.272582 0 0)
(0.272554 0 0)
(0.272526 0 0)
(0.272498 0 0)
(0.27247 0 0)
(0.272442 0 0)
(0.272413 0 0)
(0.272385 0 0)
(0.272357 0 0)
(0.272329 0 0)
(0.272301 0 0)
(0.272273 0 0)
(0.272244 0 0)
(0.272216 0 0)
(0.272188 0 0)
(0.27216 0 0)
(0.272132 0 0)
(0.272103 0 0)
(0.272075 0 0)
(0.272047 0 0)
(0.272018 0 0)
(0.27199 0 0)
(0.271962 0 0)
(0.271933 0 0)
(0.271905 0 0)
(0.271877 0 0)
(0.271848 0 0)
(0.27182 0 0)
(0.271792 0 0)
(0.271763 0 0)
(0.271735 0 0)
(0.271706 0 0)
(0.271678 0 0)
(0.271649 0 0)
(0.271621 0 0)
(0.271592 0 0)
(0.271564 0 0)
(0.271535 0 0)
(0.271507 0 0)
(0.271478 0 0)
(0.27145 0 0)
(0.271421 0 0)
(0.271393 0 0)
(0.271364 0 0)
(0.271336 0 0)
(0.271307 0 0)
(0.271278 0 0)
(0.27125 0 0)
(0.271221 0 0)
(0.271192 0 0)
(0.271164 0 0)
(0.271135 0 0)
(0.271106 0 0)
(0.271078 0 0)
(0.271049 0 0)
(0.27102 0 0)
(0.270991 0 0)
(0.270963 0 0)
(0.270934 0 0)
(0.270905 0 0)
(0.270876 0 0)
(0.270848 0 0)
)
;

boundaryField
{
    inlet
    {
        type            fractionalVelocity;
        U               1((1 0 0));
        fractionalFlow  Fb;
        value           uniform (0.290579 0 0);
    }
    outlet
    {
        type            zeroGradient;
    }
    emptyWalls
    {
        type            empty;
    }
}


// ************************************************************************* //
