/*--------------------------------*- C++ -*----------------------------------*\
  =========                 |
  \\      /  F ield         | OpenFOAM: The Open Source CFD Toolbox
   \\    /   O peration     | Website:  https://openfoam.org
    \\  /    A nd           | Version:  9
     \\/     M anipulation  |
\*---------------------------------------------------------------------------*/
FoamFile
{
    format      ascii;
    class       volVectorField;
    location    "7500";
    object      Ua;
}
// * * * * * * * * * * * * * * * * * * * * * * * * * * * * * * * * * * * * * //

dimensions      [0 0 0 0 0 0 0];

internalField   nonuniform List<vector> 
100
(
(0 0 1.66017e-06)
(0 0 3.31807e-06)
(0 0 3.31807e-06)
(0 0 3.31807e-06)
(0 0 3.31807e-06)
(0 0 3.31807e-06)
(0 0 3.31807e-06)
(0 0 3.31807e-06)
(0 0 3.31807e-06)
(0 0 3.31807e-06)
(0 0 3.31807e-06)
(0 0 3.31807e-06)
(0 0 3.31807e-06)
(0 0 3.31807e-06)
(0 0 3.31807e-06)
(0 0 3.31807e-06)
(0 0 3.31807e-06)
(0 0 3.31807e-06)
(0 0 3.31807e-06)
(0 0 3.31807e-06)
(0 0 3.31807e-06)
(0 0 3.31807e-06)
(0 0 3.31807e-06)
(0 0 3.31807e-06)
(0 0 3.31807e-06)
(0 0 3.31807e-06)
(0 0 3.31807e-06)
(0 0 3.31807e-06)
(0 0 3.31807e-06)
(0 0 3.31807e-06)
(0 0 3.31807e-06)
(0 0 3.31807e-06)
(0 0 3.30086e-06)
(0 0 2.52284e-06)
(0 0 1.70114e-06)
(0 0 1.60675e-06)
(0 0 1.55266e-06)
(0 0 1.50578e-06)
(0 0 1.44839e-06)
(0 0 1.39035e-06)
(0 0 1.34617e-06)
(0 0 1.32183e-06)
(0 0 1.31579e-06)
(0 0 1.32352e-06)
(0 0 1.34038e-06)
(0 0 1.36244e-06)
(0 0 1.38646e-06)
(0 0 1.40963e-06)
(0 0 1.4293e-06)
(0 0 1.44127e-06)
(0 0 1.42483e-06)
(0 0 7.02513e-07)
(0 0 0)
(0 0 0)
(0 0 0)
(0 0 0)
(0 0 0)
(0 0 0)
(0 0 0)
(0 0 0)
(0 0 0)
(0 0 0)
(0 0 0)
(0 0 0)
(0 0 0)
(0 0 0)
(0 0 0)
(0 0 0)
(0 0 0)
(0 0 0)
(0 0 0)
(0 0 0)
(0 0 0)
(0 0 0)
(0 0 0)
(0 0 0)
(0 0 0)
(0 0 0)
(0 0 0)
(0 0 0)
(0 0 0)
(0 0 0)
(0 0 0)
(0 0 0)
(0 0 0)
(0 0 0)
(0 0 0)
(0 0 0)
(0 0 0)
(0 0 0)
(0 0 0)
(0 0 0)
(0 0 0)
(0 0 0)
(0 0 0)
(0 0 0)
(0 0 0)
(0 0 0)
(0 0 0)
(0 0 8.8438e-13)
)
;

boundaryField
{
    inlet
    {
        type            fixedValue;
        value           uniform (0 0 3.31807e-06);
    }
    outlet
    {
        type            zeroGradient;
    }
    emptyWalls
    {
        type            empty;
    }
}


// ************************************************************************* //
