/*--------------------------------*- C++ -*----------------------------------*\
  =========                 |
  \\      /  F ield         | OpenFOAM: The Open Source CFD Toolbox
   \\    /   O peration     | Website:  https://openfoam.org
    \\  /    A nd           | Version:  9
     \\/     M anipulation  |
\*---------------------------------------------------------------------------*/
FoamFile
{
    format      ascii;
    class       volVectorField;
    location    "17.4";
    object      Uc;
}
// * * * * * * * * * * * * * * * * * * * * * * * * * * * * * * * * * * * * * //

dimensions      [0 0 0 0 0 0 0];

internalField   nonuniform List<vector> 
1000
(
(2.35168e-07 0 0)
(8.49169e-07 0 0)
(1.73939e-06 0 0)
(2.88915e-06 0 0)
(4.28929e-06 0 0)
(5.9335e-06 0 0)
(7.81692e-06 0 0)
(9.93553e-06 0 0)
(1.22859e-05 0 0)
(1.48648e-05 0 0)
(1.76696e-05 0 0)
(2.06977e-05 0 0)
(2.39465e-05 0 0)
(2.74139e-05 0 0)
(3.10975e-05 0 0)
(3.49953e-05 0 0)
(3.91053e-05 0 0)
(4.34256e-05 0 0)
(4.79541e-05 0 0)
(5.26892e-05 0 0)
(5.76289e-05 0 0)
(6.27716e-05 0 0)
(6.81156e-05 0 0)
(7.36591e-05 0 0)
(7.94005e-05 0 0)
(8.53382e-05 0 0)
(9.14707e-05 0 0)
(9.77965e-05 0 0)
(0.000104314 0 0)
(0.000111021 0 0)
(0.000117918 0 0)
(0.000125001 0 0)
(0.000132271 0 0)
(0.000139725 0 0)
(0.000147362 0 0)
(0.000155181 0 0)
(0.00016318 0 0)
(0.000171358 0 0)
(0.000179714 0 0)
(0.000188246 0 0)
(0.000196954 0 0)
(0.000205835 0 0)
(0.000214889 0 0)
(0.000224115 0 0)
(0.000233511 0 0)
(0.000243076 0 0)
(0.000252809 0 0)
(0.000262709 0 0)
(0.000272774 0 0)
(0.000283004 0 0)
(0.000293397 0 0)
(0.000303953 0 0)
(0.000314669 0 0)
(0.000325546 0 0)
(0.000336582 0 0)
(0.000347775 0 0)
(0.000359126 0 0)
(0.000370632 0 0)
(0.000382294 0 0)
(0.000394109 0 0)
(0.000406077 0 0)
(0.000418196 0 0)
(0.000430467 0 0)
(0.000442888 0 0)
(0.000455457 0 0)
(0.000468174 0 0)
(0.000481039 0 0)
(0.00049405 0 0)
(0.000507206 0 0)
(0.000520506 0 0)
(0.000533949 0 0)
(0.000547536 0 0)
(0.000561263 0 0)
(0.000575132 0 0)
(0.00058914 0 0)
(0.000603288 0 0)
(0.000617573 0 0)
(0.000631997 0 0)
(0.000646556 0 0)
(0.000661252 0 0)
(0.000676082 0 0)
(0.000691046 0 0)
(0.000706144 0 0)
(0.000721374 0 0)
(0.000736736 0 0)
(0.000752229 0 0)
(0.000767852 0 0)
(0.000783605 0 0)
(0.000799486 0 0)
(0.000815495 0 0)
(0.000831631 0 0)
(0.000847894 0 0)
(0.000864283 0 0)
(0.000880797 0 0)
(0.000897435 0 0)
(0.000914196 0 0)
(0.000931081 0 0)
(0.000948088 0 0)
(0.000965216 0 0)
(0.000982465 0 0)
(0.000999835 0 0)
(0.00101732 0 0)
(0.00103493 0 0)
(0.00105266 0 0)
(0.0010705 0 0)
(0.00108846 0 0)
(0.00110654 0 0)
(0.00112473 0 0)
(0.00114304 0 0)
(0.00116146 0 0)
(0.00118 0 0)
(0.00119865 0 0)
(0.00121741 0 0)
(0.00123628 0 0)
(0.00125527 0 0)
(0.00127436 0 0)
(0.00129357 0 0)
(0.00131288 0 0)
(0.00133231 0 0)
(0.00135184 0 0)
(0.00137148 0 0)
(0.00139123 0 0)
(0.00141109 0 0)
(0.00143105 0 0)
(0.00145112 0 0)
(0.00147129 0 0)
(0.00149157 0 0)
(0.00151195 0 0)
(0.00153244 0 0)
(0.00155302 0 0)
(0.00157372 0 0)
(0.00159451 0 0)
(0.0016154 0 0)
(0.0016364 0 0)
(0.0016575 0 0)
(0.00167869 0 0)
(0.00169999 0 0)
(0.00172138 0 0)
(0.00174288 0 0)
(0.00176447 0 0)
(0.00178616 0 0)
(0.00180794 0 0)
(0.00182983 0 0)
(0.00185181 0 0)
(0.00187388 0 0)
(0.00189605 0 0)
(0.00191832 0 0)
(0.00194068 0 0)
(0.00196313 0 0)
(0.00198568 0 0)
(0.00200832 0 0)
(0.00203105 0 0)
(0.00205387 0 0)
(0.00207679 0 0)
(0.0020998 0 0)
(0.0021229 0 0)
(0.00214609 0 0)
(0.00216937 0 0)
(0.00219273 0 0)
(0.00221619 0 0)
(0.00223974 0 0)
(0.00226338 0 0)
(0.0022871 0 0)
(0.00231091 0 0)
(0.00233481 0 0)
(0.00235879 0 0)
(0.00238287 0 0)
(0.00240702 0 0)
(0.00243127 0 0)
(0.0024556 0 0)
(0.00248001 0 0)
(0.00250451 0 0)
(0.00252909 0 0)
(0.00255376 0 0)
(0.0025785 0 0)
(0.00260334 0 0)
(0.00262825 0 0)
(0.00265325 0 0)
(0.00267833 0 0)
(0.00270349 0 0)
(0.00272873 0 0)
(0.00275406 0 0)
(0.00277946 0 0)
(0.00280495 0 0)
(0.00283051 0 0)
(0.00285615 0 0)
(0.00288188 0 0)
(0.00290768 0 0)
(0.00293356 0 0)
(0.00295952 0 0)
(0.00298555 0 0)
(0.00301167 0 0)
(0.00303786 0 0)
(0.00306413 0 0)
(0.00309047 0 0)
(0.00311689 0 0)
(0.00314339 0 0)
(0.00316996 0 0)
(0.00319661 0 0)
(0.00322333 0 0)
(0.00325013 0 0)
(0.003277 0 0)
(0.00330395 0 0)
(0.00333097 0 0)
(0.00335806 0 0)
(0.00338523 0 0)
(0.00341247 0 0)
(0.00343978 0 0)
(0.00346716 0 0)
(0.00349462 0 0)
(0.00352215 0 0)
(0.00354975 0 0)
(0.00357742 0 0)
(0.00360516 0 0)
(0.00363298 0 0)
(0.00366086 0 0)
(0.00368881 0 0)
(0.00371684 0 0)
(0.00374493 0 0)
(0.00377309 0 0)
(0.00380132 0 0)
(0.00382962 0 0)
(0.00385799 0 0)
(0.00388643 0 0)
(0.00391493 0 0)
(0.0039435 0 0)
(0.00397214 0 0)
(0.00400085 0 0)
(0.00402962 0 0)
(0.00405846 0 0)
(0.00408737 0 0)
(0.00411634 0 0)
(0.00414538 0 0)
(0.00417449 0 0)
(0.00420366 0 0)
(0.00423289 0 0)
(0.00426219 0 0)
(0.00429156 0 0)
(0.00432099 0 0)
(0.00435048 0 0)
(0.00438004 0 0)
(0.00440966 0 0)
(0.00443935 0 0)
(0.0044691 0 0)
(0.00449891 0 0)
(0.00452878 0 0)
(0.00455872 0 0)
(0.00458872 0 0)
(0.00461878 0 0)
(0.00464891 0 0)
(0.00467909 0 0)
(0.00470934 0 0)
(0.00473965 0 0)
(0.00477002 0 0)
(0.00480045 0 0)
(0.00483094 0 0)
(0.00486149 0 0)
(0.0048921 0 0)
(0.00492278 0 0)
(0.00495351 0 0)
(0.0049843 0 0)
(0.00501515 0 0)
(0.00504606 0 0)
(0.00507703 0 0)
(0.00510806 0 0)
(0.00513914 0 0)
(0.00517029 0 0)
(0.00520149 0 0)
(0.00523275 0 0)
(0.00526407 0 0)
(0.00529545 0 0)
(0.00532688 0 0)
(0.00535837 0 0)
(0.00538992 0 0)
(0.00542153 0 0)
(0.00545319 0 0)
(0.00548491 0 0)
(0.00551668 0 0)
(0.00554851 0 0)
(0.0055804 0 0)
(0.00561234 0 0)
(0.00564434 0 0)
(0.00567639 0 0)
(0.0057085 0 0)
(0.00574066 0 0)
(0.00577288 0 0)
(0.00580515 0 0)
(0.00583748 0 0)
(0.00586986 0 0)
(0.0059023 0 0)
(0.00593479 0 0)
(0.00596733 0 0)
(0.00599993 0 0)
(0.00603258 0 0)
(0.00606528 0 0)
(0.00609804 0 0)
(0.00613085 0 0)
(0.00616371 0 0)
(0.00619662 0 0)
(0.00622959 0 0)
(0.00626261 0 0)
(0.00629568 0 0)
(0.0063288 0 0)
(0.00636198 0 0)
(0.00639521 0 0)
(0.00642848 0 0)
(0.00646181 0 0)
(0.00649519 0 0)
(0.00652863 0 0)
(0.00656211 0 0)
(0.00659564 0 0)
(0.00662922 0 0)
(0.00666286 0 0)
(0.00669654 0 0)
(0.00673028 0 0)
(0.00676406 0 0)
(0.00679789 0 0)
(0.00683178 0 0)
(0.00686571 0 0)
(0.00689969 0 0)
(0.00693372 0 0)
(0.0069678 0 0)
(0.00700193 0 0)
(0.00703611 0 0)
(0.00707034 0 0)
(0.00710461 0 0)
(0.00713893 0 0)
(0.00717331 0 0)
(0.00720773 0 0)
(0.00724219 0 0)
(0.00727671 0 0)
(0.00731127 0 0)
(0.00734588 0 0)
(0.00738054 0 0)
(0.00741524 0 0)
(0.00744999 0 0)
(0.00748479 0 0)
(0.00751963 0 0)
(0.00755453 0 0)
(0.00758946 0 0)
(0.00762445 0 0)
(0.00765948 0 0)
(0.00769456 0 0)
(0.00772968 0 0)
(0.00776485 0 0)
(0.00780006 0 0)
(0.00783532 0 0)
(0.00787063 0 0)
(0.00790598 0 0)
(0.00794137 0 0)
(0.00797681 0 0)
(0.0080123 0 0)
(0.00804783 0 0)
(0.00808341 0 0)
(0.00811903 0 0)
(0.00815469 0 0)
(0.0081904 0 0)
(0.00822615 0 0)
(0.00826195 0 0)
(0.00829779 0 0)
(0.00833368 0 0)
(0.0083696 0 0)
(0.00840558 0 0)
(0.00844159 0 0)
(0.00847765 0 0)
(0.00851375 0 0)
(0.0085499 0 0)
(0.00858609 0 0)
(0.00862232 0 0)
(0.0086586 0 0)
(0.00869491 0 0)
(0.00873127 0 0)
(0.00876767 0 0)
(0.00880412 0 0)
(0.00884061 0 0)
(0.00887714 0 0)
(0.00891371 0 0)
(0.00895032 0 0)
(0.00898697 0 0)
(0.00902367 0 0)
(0.00906041 0 0)
(0.00909719 0 0)
(0.00913401 0 0)
(0.00917087 0 0)
(0.00920778 0 0)
(0.00924472 0 0)
(0.00928171 0 0)
(0.00931873 0 0)
(0.0093558 0 0)
(0.00939291 0 0)
(0.00943006 0 0)
(0.00946725 0 0)
(0.00950447 0 0)
(0.00954174 0 0)
(0.00957905 0 0)
(0.0096164 0 0)
(0.00965379 0 0)
(0.00969122 0 0)
(0.00972869 0 0)
(0.0097662 0 0)
(0.00980375 0 0)
(0.00984134 0 0)
(0.00987897 0 0)
(0.00991663 0 0)
(0.00995434 0 0)
(0.00999208 0 0)
(0.0100299 0 0)
(0.0100677 0 0)
(0.0101056 0 0)
(0.0101435 0 0)
(0.0101814 0 0)
(0.0102194 0 0)
(0.0102574 0 0)
(0.0102954 0 0)
(0.0103335 0 0)
(0.0103717 0 0)
(0.0104098 0 0)
(0.010448 0 0)
(0.0104863 0 0)
(0.0105246 0 0)
(0.0105629 0 0)
(0.0106012 0 0)
(0.0106396 0 0)
(0.0106781 0 0)
(0.0107165 0 0)
(0.010755 0 0)
(0.0107936 0 0)
(0.0108322 0 0)
(0.0108708 0 0)
(0.0109094 0 0)
(0.0109481 0 0)
(0.0109869 0 0)
(0.0110256 0 0)
(0.0110644 0 0)
(0.0111033 0 0)
(0.0111422 0 0)
(0.0111811 0 0)
(0.01122 0 0)
(0.011259 0 0)
(0.011298 0 0)
(0.0113371 0 0)
(0.0113762 0 0)
(0.0114153 0 0)
(0.0114545 0 0)
(0.0114937 0 0)
(0.0115329 0 0)
(0.0115722 0 0)
(0.0116115 0 0)
(0.0116508 0 0)
(0.0116902 0 0)
(0.0117296 0 0)
(0.011769 0 0)
(0.0118085 0 0)
(0.011848 0 0)
(0.0118876 0 0)
(0.0119272 0 0)
(0.0119668 0 0)
(0.0120065 0 0)
(0.0120462 0 0)
(0.0120859 0 0)
(0.0121256 0 0)
(0.0121654 0 0)
(0.0122053 0 0)
(0.0122451 0 0)
(0.012285 0 0)
(0.012325 0 0)
(0.0123649 0 0)
(0.0124049 0 0)
(0.012445 0 0)
(0.012485 0 0)
(0.0125251 0 0)
(0.0125653 0 0)
(0.0126054 0 0)
(0.0126456 0 0)
(0.0126859 0 0)
(0.0127261 0 0)
(0.0127664 0 0)
(0.0128068 0 0)
(0.0128472 0 0)
(0.0128876 0 0)
(0.012928 0 0)
(0.0129685 0 0)
(0.013009 0 0)
(0.0130495 0 0)
(0.0130901 0 0)
(0.0131307 0 0)
(0.0131713 0 0)
(0.013212 0 0)
(0.0132527 0 0)
(0.0132934 0 0)
(0.0133341 0 0)
(0.0133749 0 0)
(0.0134158 0 0)
(0.0134566 0 0)
(0.0134975 0 0)
(0.0135384 0 0)
(0.0135794 0 0)
(0.0136204 0 0)
(0.0136614 0 0)
(0.0137025 0 0)
(0.0137435 0 0)
(0.0137847 0 0)
(0.0138258 0 0)
(0.013867 0 0)
(0.0139082 0 0)
(0.0139494 0 0)
(0.0139907 0 0)
(0.014032 0 0)
(0.0140734 0 0)
(0.0141147 0 0)
(0.0141561 0 0)
(0.0141976 0 0)
(0.014239 0 0)
(0.0142805 0 0)
(0.014322 0 0)
(0.0143636 0 0)
(0.0144052 0 0)
(0.0144468 0 0)
(0.0144884 0 0)
(0.0145301 0 0)
(0.0145718 0 0)
(0.0146136 0 0)
(0.0146553 0 0)
(0.0146971 0 0)
(0.014739 0 0)
(0.0147808 0 0)
(0.0148227 0 0)
(0.0148646 0 0)
(0.0149066 0 0)
(0.0149486 0 0)
(0.0149906 0 0)
(0.0150326 0 0)
(0.0150747 0 0)
(0.0151168 0 0)
(0.0151589 0 0)
(0.0152011 0 0)
(0.0152433 0 0)
(0.0152855 0 0)
(0.0153277 0 0)
(0.01537 0 0)
(0.0154123 0 0)
(0.0154547 0 0)
(0.015497 0 0)
(0.0155394 0 0)
(0.0155818 0 0)
(0.0156243 0 0)
(0.0156668 0 0)
(0.0157093 0 0)
(0.0157518 0 0)
(0.0157944 0 0)
(0.015837 0 0)
(0.0158797 0 0)
(0.0159223 0 0)
(0.015965 0 0)
(0.0160077 0 0)
(0.0160505 0 0)
(0.0160932 0 0)
(0.016136 0 0)
(0.0161789 0 0)
(0.0162217 0 0)
(0.0162646 0 0)
(0.0163076 0 0)
(0.0163505 0 0)
(0.0163935 0 0)
(0.0164365 0 0)
(0.0164795 0 0)
(0.0165226 0 0)
(0.0165657 0 0)
(0.0166088 0 0)
(0.0166519 0 0)
(0.0166951 0 0)
(0.0167383 0 0)
(0.0167815 0 0)
(0.0168248 0 0)
(0.0168681 0 0)
(0.0169114 0 0)
(0.0169547 0 0)
(0.0169981 0 0)
(0.0170415 0 0)
(0.0170849 0 0)
(0.0171284 0 0)
(0.0171718 0 0)
(0.0172154 0 0)
(0.0172589 0 0)
(0.0173025 0 0)
(0.017346 0 0)
(0.0173897 0 0)
(0.0174333 0 0)
(0.017477 0 0)
(0.0175207 0 0)
(0.0175644 0 0)
(0.0176082 0 0)
(0.0176519 0 0)
(0.0176957 0 0)
(0.0177396 0 0)
(0.0177834 0 0)
(0.0178273 0 0)
(0.0178712 0 0)
(0.0179152 0 0)
(0.0179592 0 0)
(0.0180032 0 0)
(0.0180472 0 0)
(0.0180912 0 0)
(0.0181353 0 0)
(0.0181794 0 0)
(0.0182235 0 0)
(0.0182677 0 0)
(0.0183119 0 0)
(0.0183561 0 0)
(0.0184003 0 0)
(0.0184446 0 0)
(0.0184889 0 0)
(0.0185332 0 0)
(0.0185775 0 0)
(0.0186219 0 0)
(0.0186663 0 0)
(0.0187107 0 0)
(0.0187552 0 0)
(0.0187997 0 0)
(0.0188442 0 0)
(0.0188887 0 0)
(0.0189332 0 0)
(0.0189778 0 0)
(0.0190224 0 0)
(0.019067 0 0)
(0.0191117 0 0)
(0.0191564 0 0)
(0.0192011 0 0)
(0.0192458 0 0)
(0.0192906 0 0)
(0.0193354 0 0)
(0.0193802 0 0)
(0.019425 0 0)
(0.0194699 0 0)
(0.0195148 0 0)
(0.0195597 0 0)
(0.0196046 0 0)
(0.0196496 0 0)
(0.0196946 0 0)
(0.0197396 0 0)
(0.0197846 0 0)
(0.0198297 0 0)
(0.0198748 0 0)
(0.0199199 0 0)
(0.019965 0 0)
(0.0200102 0 0)
(0.0200554 0 0)
(0.0201006 0 0)
(0.0201459 0 0)
(0.0201911 0 0)
(0.0202364 0 0)
(0.0202817 0 0)
(0.0203271 0 0)
(0.0203724 0 0)
(0.0204178 0 0)
(0.0204633 0 0)
(0.0205087 0 0)
(0.0205542 0 0)
(0.0205997 0 0)
(0.0206452 0 0)
(0.0206907 0 0)
(0.0207363 0 0)
(0.0207819 0 0)
(0.0208275 0 0)
(0.0208731 0 0)
(0.0209188 0 0)
(0.0209645 0 0)
(0.0210102 0 0)
(0.0210559 0 0)
(0.0211017 0 0)
(0.0211475 0 0)
(0.0211933 0 0)
(0.0212391 0 0)
(0.021285 0 0)
(0.0213309 0 0)
(0.0213768 0 0)
(0.0214227 0 0)
(0.0214687 0 0)
(0.0215147 0 0)
(0.0215607 0 0)
(0.0216067 0 0)
(0.0216527 0 0)
(0.0216988 0 0)
(0.0217449 0 0)
(0.0217911 0 0)
(0.0218372 0 0)
(0.0218834 0 0)
(0.0219296 0 0)
(0.0219758 0 0)
(0.022022 0 0)
(0.0220683 0 0)
(0.0221146 0 0)
(0.0221609 0 0)
(0.0222073 0 0)
(0.0222536 0 0)
(0.0223 0 0)
(0.0223464 0 0)
(0.0223929 0 0)
(0.0224393 0 0)
(0.0224858 0 0)
(0.0225323 0 0)
(0.0225789 0 0)
(0.0226254 0 0)
(0.022672 0 0)
(0.0227186 0 0)
(0.0227652 0 0)
(0.0228119 0 0)
(0.0228585 0 0)
(0.0229052 0 0)
(0.022952 0 0)
(0.0229987 0 0)
(0.0230455 0 0)
(0.0230923 0 0)
(0.0231391 0 0)
(0.0231859 0 0)
(0.0232328 0 0)
(0.0232796 0 0)
(0.0233265 0 0)
(0.0233735 0 0)
(0.0234204 0 0)
(0.0234674 0 0)
(0.0235144 0 0)
(0.0235614 0 0)
(0.0236085 0 0)
(0.0236555 0 0)
(0.0237026 0 0)
(0.0237497 0 0)
(0.0237969 0 0)
(0.023844 0 0)
(0.0238912 0 0)
(0.0239384 0 0)
(0.0239856 0 0)
(0.0240329 0 0)
(0.0240802 0 0)
(0.0241275 0 0)
(0.0241748 0 0)
(0.0242221 0 0)
(0.0242695 0 0)
(0.0243169 0 0)
(0.0243643 0 0)
(0.0244117 0 0)
(0.0244592 0 0)
(0.0245067 0 0)
(0.0245542 0 0)
(0.0246017 0 0)
(0.0246492 0 0)
(0.0246968 0 0)
(0.0247444 0 0)
(0.024792 0 0)
(0.0248396 0 0)
(0.0248873 0 0)
(0.024935 0 0)
(0.0249827 0 0)
(0.0250304 0 0)
(0.0250781 0 0)
(0.0251259 0 0)
(0.0251737 0 0)
(0.0252215 0 0)
(0.0252694 0 0)
(0.0253172 0 0)
(0.0253651 0 0)
(0.025413 0 0)
(0.0254609 0 0)
(0.0255089 0 0)
(0.0255569 0 0)
(0.0256048 0 0)
(0.0256529 0 0)
(0.0257009 0 0)
(0.025749 0 0)
(0.025797 0 0)
(0.0258451 0 0)
(0.0258933 0 0)
(0.0259414 0 0)
(0.0259896 0 0)
(0.0260378 0 0)
(0.026086 0 0)
(0.0261342 0 0)
(0.0261825 0 0)
(0.0262308 0 0)
(0.0262791 0 0)
(0.0263274 0 0)
(0.0263757 0 0)
(0.0264241 0 0)
(0.0264725 0 0)
(0.0265209 0 0)
(0.0265693 0 0)
(0.0266178 0 0)
(0.0266663 0 0)
(0.0267148 0 0)
(0.0267633 0 0)
(0.0268118 0 0)
(0.0268604 0 0)
(0.026909 0 0)
(0.0269576 0 0)
(0.0270062 0 0)
(0.0270549 0 0)
(0.0271035 0 0)
(0.0271522 0 0)
(0.0272009 0 0)
(0.0272497 0 0)
(0.0272984 0 0)
(0.0273472 0 0)
(0.027396 0 0)
(0.0274448 0 0)
(0.0274937 0 0)
(0.0275425 0 0)
(0.0275914 0 0)
(0.0276403 0 0)
(0.0276893 0 0)
(0.0277382 0 0)
(0.0277872 0 0)
(0.0278362 0 0)
(0.0278852 0 0)
(0.0279342 0 0)
(0.0279833 0 0)
(0.0280324 0 0)
(0.0280815 0 0)
(0.0281306 0 0)
(0.0281797 0 0)
(0.0282289 0 0)
(0.0282781 0 0)
(0.0283273 0 0)
(0.0283765 0 0)
(0.0284258 0 0)
(0.0284751 0 0)
(0.0285243 0 0)
(0.0285737 0 0)
(0.028623 0 0)
(0.0286724 0 0)
(0.0287217 0 0)
(0.0287711 0 0)
(0.0288205 0 0)
(0.02887 0 0)
(0.0289194 0 0)
(0.0289689 0 0)
(0.0290184 0 0)
(0.029068 0 0)
(0.0291175 0 0)
(0.0291671 0 0)
(0.0292167 0 0)
(0.0292663 0 0)
(0.0293159 0 0)
(0.0293655 0 0)
(0.0294152 0 0)
(0.0294649 0 0)
(0.0295146 0 0)
(0.0295644 0 0)
(0.0296141 0 0)
(0.0296639 0 0)
(0.0297137 0 0)
(0.0297635 0 0)
(0.0298133 0 0)
(0.0298632 0 0)
(0.0299131 0 0)
(0.029963 0 0)
(0.0300129 0 0)
(0.0300629 0 0)
(0.0301128 0 0)
(0.0301628 0 0)
(0.0302128 0 0)
(0.0302628 0 0)
(0.0303129 0 0)
(0.030363 0 0)
(0.030413 0 0)
(0.0304632 0 0)
(0.0305133 0 0)
(0.0305634 0 0)
(0.0306136 0 0)
(0.0306638 0 0)
(0.030714 0 0)
(0.0307643 0 0)
(0.0308145 0 0)
(0.0308648 0 0)
(0.0309151 0 0)
(0.0309654 0 0)
(0.0310157 0 0)
(0.0310661 0 0)
(0.0311165 0 0)
(0.0311669 0 0)
(0.0312173 0 0)
(0.0312677 0 0)
(0.0313182 0 0)
(0.0313687 0 0)
(0.0314192 0 0)
(0.0314697 0 0)
(0.0315202 0 0)
(0.0315708 0 0)
(0.0316214 0 0)
(0.031672 0 0)
(0.0317226 0 0)
(0.0317733 0 0)
(0.0318239 0 0)
(0.0318746 0 0)
(0.0319253 0 0)
(0.0319761 0 0)
(0.0320268 0 0)
(0.0320776 0 0)
(0.0321284 0 0)
(0.0321792 0 0)
(0.03223 0 0)
(0.0322809 0 0)
(0.0323317 0 0)
(0.0323826 0 0)
(0.0324335 0 0)
(0.0324845 0 0)
(0.0325354 0 0)
(0.0325864 0 0)
(0.0326374 0 0)
(0.0326884 0 0)
(0.0327394 0 0)
(0.0327905 0 0)
(0.0328416 0 0)
(0.0328927 0 0)
(0.0329438 0 0)
(0.0329949 0 0)
(0.0330461 0 0)
(0.0330973 0 0)
(0.0331485 0 0)
(0.0331997 0 0)
(0.0332509 0 0)
(0.0333022 0 0)
(0.0333534 0 0)
(0.0334047 0 0)
(0.0334561 0 0)
(0.0335074 0 0)
(0.0335588 0 0)
(0.0336102 0 0)
(0.0336616 0 0)
(0.033713 0 0)
(0.0337644 0 0)
(0.0338159 0 0)
(0.0338674 0 0)
(0.0339189 0 0)
(0.0339704 0 0)
(0.0340219 0 0)
(0.0340735 0 0)
(0.0341251 0 0)
(0.0341767 0 0)
(0.0342283 0 0)
(0.03428 0 0)
(0.0343316 0 0)
(0.0343833 0 0)
(0.034435 0 0)
(0.0344867 0 0)
(0.0345385 0 0)
(0.0345902 0 0)
(0.034642 0 0)
(0.0346938 0 0)
(0.0347457 0 0)
(0.0347975 0 0)
(0.0348494 0 0)
(0.0349013 0 0)
(0.0349532 0 0)
(0.0350051 0 0)
(0.0350571 0 0)
(0.035109 0 0)
(0.035161 0 0)
(0.035213 0 0)
(0.0352651 0 0)
(0.0353171 0 0)
(0.0353692 0 0)
(0.0354213 0 0)
(0.0354734 0 0)
(0.0355255 0 0)
(0.0355777 0 0)
(0.0356298 0 0)
(0.035682 0 0)
(0.0357342 0 0)
(0.0357865 0 0)
(0.0358387 0 0)
(0.035891 0 0)
(0.0359433 0 0)
(0.0359956 0 0)
(0.0360479 0 0)
(0.0361003 0 0)
(0.0361527 0 0)
(0.0362051 0 0)
(0.0362575 0 0)
(0.0363099 0 0)
(0.0363624 0 0)
(0.0364148 0 0)
(0.0364673 0 0)
(0.0365198 0 0)
(0.0365724 0 0)
(0.0366249 0 0)
(0.0366775 0 0)
(0.0367301 0 0)
(0.0367827 0 0)
(0.0368354 0 0)
(0.036888 0 0)
(0.0369407 0 0)
(0.0369934 0 0)
(0.0370461 0 0)
(0.0370989 0 0)
(0.0371516 0 0)
(0.0372044 0 0)
(0.0372572 0 0)
(0.03731 0 0)
(0.0373629 0 0)
(0.0374157 0 0)
)
;

boundaryField
{
    inlet
    {
        type            fixedValue;
        value           uniform (0 0 0);
    }
    outlet
    {
        type            zeroGradient;
    }
    emptyWalls
    {
        type            empty;
    }
}


// ************************************************************************* //
