/*--------------------------------*- C++ -*----------------------------------*\
  =========                 |
  \\      /  F ield         | OpenFOAM: The Open Source CFD Toolbox
   \\    /   O peration     | Website:  https://openfoam.org
    \\  /    A nd           | Version:  9
     \\/     M anipulation  |
\*---------------------------------------------------------------------------*/
FoamFile
{
    format      ascii;
    class       volVectorField;
    location    "6000";
    object      Ua;
}
// * * * * * * * * * * * * * * * * * * * * * * * * * * * * * * * * * * * * * //

dimensions      [0 0 0 0 0 0 0];

internalField   nonuniform List<vector> 
100
(
(0 0 1.66017e-06)
(0 0 3.31807e-06)
(0 0 3.31807e-06)
(0 0 3.31807e-06)
(0 0 3.31807e-06)
(0 0 3.31807e-06)
(0 0 3.31807e-06)
(0 0 3.31807e-06)
(0 0 3.31807e-06)
(0 0 3.31807e-06)
(0 0 3.31807e-06)
(0 0 3.31807e-06)
(0 0 3.31807e-06)
(0 0 3.31807e-06)
(0 0 3.31807e-06)
(0 0 3.31807e-06)
(0 0 3.31807e-06)
(0 0 3.31807e-06)
(0 0 3.31807e-06)
(0 0 3.31807e-06)
(0 0 3.31807e-06)
(0 0 3.31807e-06)
(0 0 3.31807e-06)
(0 0 3.31807e-06)
(0 0 3.31807e-06)
(0 0 3.31797e-06)
(0 0 2.24782e-06)
(0 0 1.28862e-06)
(0 0 1.41777e-06)
(0 0 1.4395e-06)
(0 0 1.45466e-06)
(0 0 1.4819e-06)
(0 0 1.50743e-06)
(0 0 1.51757e-06)
(0 0 1.50803e-06)
(0 0 1.48206e-06)
(0 0 1.44676e-06)
(0 0 1.41012e-06)
(0 0 1.37854e-06)
(0 0 1.35279e-06)
(0 0 1.30256e-06)
(0 0 6.32084e-07)
(0 0 0)
(0 0 0)
(0 0 0)
(0 0 0)
(0 0 0)
(0 0 0)
(0 0 0)
(0 0 0)
(0 0 0)
(0 0 0)
(0 0 0)
(0 0 0)
(0 0 0)
(0 0 0)
(0 0 0)
(0 0 0)
(0 0 0)
(0 0 0)
(0 0 0)
(0 0 0)
(0 0 0)
(0 0 0)
(0 0 0)
(0 0 0)
(0 0 0)
(0 0 0)
(0 0 0)
(0 0 0)
(0 0 0)
(0 0 0)
(0 0 0)
(0 0 0)
(0 0 0)
(0 0 0)
(0 0 0)
(0 0 0)
(0 0 0)
(0 0 0)
(0 0 0)
(0 0 0)
(0 0 0)
(0 0 0)
(0 0 0)
(0 0 0)
(0 0 0)
(0 0 0)
(0 0 0)
(0 0 0)
(0 0 0)
(0 0 0)
(0 0 0)
(0 0 0)
(0 0 0)
(0 0 0)
(0 0 0)
(0 0 0)
(0 0 0)
(0 0 8.87014e-13)
)
;

boundaryField
{
    inlet
    {
        type            fixedValue;
        value           uniform (0 0 3.31807e-06);
    }
    outlet
    {
        type            zeroGradient;
    }
    emptyWalls
    {
        type            empty;
    }
}


// ************************************************************************* //
