/*--------------------------------*- C++ -*----------------------------------*\
  =========                 |
  \\      /  F ield         | OpenFOAM: The Open Source CFD Toolbox
   \\    /   O peration     | Website:  https://openfoam.org
    \\  /    A nd           | Version:  9
     \\/     M anipulation  |
\*---------------------------------------------------------------------------*/
FoamFile
{
    format      ascii;
    class       volScalarField;
    location    "7.2";
    object      p;
}
// * * * * * * * * * * * * * * * * * * * * * * * * * * * * * * * * * * * * * //

dimensions      [0 0 0 0 0 0 0];

internalField   nonuniform List<scalar> 
1000
(
2.70893e+13
2.70794e+13
2.70694e+13
2.70594e+13
2.70493e+13
2.70392e+13
2.70291e+13
2.70189e+13
2.70087e+13
2.69985e+13
2.69883e+13
2.6978e+13
2.69677e+13
2.69573e+13
2.69469e+13
2.69365e+13
2.69261e+13
2.69156e+13
2.69051e+13
2.68945e+13
2.6884e+13
2.68734e+13
2.68627e+13
2.68521e+13
2.68414e+13
2.68306e+13
2.68199e+13
2.68091e+13
2.67983e+13
2.67875e+13
2.67766e+13
2.67657e+13
2.67548e+13
2.67438e+13
2.67328e+13
2.67218e+13
2.67108e+13
2.66997e+13
2.66886e+13
2.66775e+13
2.66663e+13
2.66551e+13
2.66439e+13
2.66327e+13
2.66214e+13
2.66101e+13
2.65988e+13
2.65874e+13
2.65761e+13
2.65647e+13
2.65532e+13
2.65418e+13
2.65303e+13
2.65188e+13
2.65072e+13
2.64957e+13
2.64841e+13
2.64725e+13
2.64608e+13
2.64492e+13
2.64375e+13
2.64257e+13
2.6414e+13
2.64022e+13
2.63904e+13
2.63786e+13
2.63667e+13
2.63549e+13
2.6343e+13
2.6331e+13
2.63191e+13
2.63071e+13
2.62951e+13
2.62831e+13
2.6271e+13
2.62589e+13
2.62468e+13
2.62347e+13
2.62226e+13
2.62104e+13
2.61982e+13
2.6186e+13
2.61737e+13
2.61614e+13
2.61491e+13
2.61368e+13
2.61245e+13
2.61121e+13
2.60997e+13
2.60873e+13
2.60748e+13
2.60624e+13
2.60499e+13
2.60374e+13
2.60248e+13
2.60123e+13
2.59997e+13
2.59871e+13
2.59744e+13
2.59618e+13
2.59491e+13
2.59364e+13
2.59237e+13
2.59109e+13
2.58981e+13
2.58853e+13
2.58725e+13
2.58597e+13
2.58468e+13
2.58339e+13
2.5821e+13
2.58081e+13
2.57951e+13
2.57821e+13
2.57691e+13
2.57561e+13
2.57431e+13
2.573e+13
2.57169e+13
2.57038e+13
2.56907e+13
2.56775e+13
2.56643e+13
2.56511e+13
2.56379e+13
2.56246e+13
2.56114e+13
2.55981e+13
2.55848e+13
2.55714e+13
2.55581e+13
2.55447e+13
2.55313e+13
2.55179e+13
2.55044e+13
2.5491e+13
2.54775e+13
2.5464e+13
2.54504e+13
2.54369e+13
2.54233e+13
2.54097e+13
2.53961e+13
2.53825e+13
2.53688e+13
2.53551e+13
2.53414e+13
2.53277e+13
2.5314e+13
2.53002e+13
2.52864e+13
2.52726e+13
2.52588e+13
2.52449e+13
2.52311e+13
2.52172e+13
2.52033e+13
2.51893e+13
2.51754e+13
2.51614e+13
2.51474e+13
2.51334e+13
2.51194e+13
2.51053e+13
2.50913e+13
2.50772e+13
2.5063e+13
2.50489e+13
2.50347e+13
2.50206e+13
2.50064e+13
2.49922e+13
2.49779e+13
2.49637e+13
2.49494e+13
2.49351e+13
2.49208e+13
2.49064e+13
2.48921e+13
2.48777e+13
2.48633e+13
2.48489e+13
2.48345e+13
2.482e+13
2.48055e+13
2.4791e+13
2.47765e+13
2.4762e+13
2.47474e+13
2.47328e+13
2.47182e+13
2.47036e+13
2.4689e+13
2.46743e+13
2.46597e+13
2.4645e+13
2.46303e+13
2.46155e+13
2.46008e+13
2.4586e+13
2.45712e+13
2.45564e+13
2.45416e+13
2.45267e+13
2.45119e+13
2.4497e+13
2.44821e+13
2.44672e+13
2.44522e+13
2.44373e+13
2.44223e+13
2.44073e+13
2.43923e+13
2.43772e+13
2.43622e+13
2.43471e+13
2.4332e+13
2.43169e+13
2.43018e+13
2.42866e+13
2.42714e+13
2.42563e+13
2.42411e+13
2.42258e+13
2.42106e+13
2.41953e+13
2.418e+13
2.41647e+13
2.41494e+13
2.41341e+13
2.41187e+13
2.41034e+13
2.4088e+13
2.40726e+13
2.40571e+13
2.40417e+13
2.40262e+13
2.40107e+13
2.39952e+13
2.39797e+13
2.39642e+13
2.39486e+13
2.3933e+13
2.39175e+13
2.39018e+13
2.38862e+13
2.38706e+13
2.38549e+13
2.38392e+13
2.38235e+13
2.38078e+13
2.37921e+13
2.37763e+13
2.37605e+13
2.37447e+13
2.37289e+13
2.37131e+13
2.36973e+13
2.36814e+13
2.36655e+13
2.36496e+13
2.36337e+13
2.36178e+13
2.36018e+13
2.35859e+13
2.35699e+13
2.35539e+13
2.35378e+13
2.35218e+13
2.35057e+13
2.34897e+13
2.34736e+13
2.34575e+13
2.34413e+13
2.34252e+13
2.3409e+13
2.33929e+13
2.33767e+13
2.33604e+13
2.33442e+13
2.3328e+13
2.33117e+13
2.32954e+13
2.32791e+13
2.32628e+13
2.32465e+13
2.32301e+13
2.32137e+13
2.31973e+13
2.31809e+13
2.31645e+13
2.31481e+13
2.31316e+13
2.31152e+13
2.30987e+13
2.30822e+13
2.30656e+13
2.30491e+13
2.30325e+13
2.3016e+13
2.29994e+13
2.29828e+13
2.29661e+13
2.29495e+13
2.29328e+13
2.29161e+13
2.28995e+13
2.28827e+13
2.2866e+13
2.28493e+13
2.28325e+13
2.28157e+13
2.27989e+13
2.27821e+13
2.27653e+13
2.27484e+13
2.27316e+13
2.27147e+13
2.26978e+13
2.26809e+13
2.2664e+13
2.2647e+13
2.26301e+13
2.26131e+13
2.25961e+13
2.25791e+13
2.25621e+13
2.2545e+13
2.25279e+13
2.25109e+13
2.24938e+13
2.24767e+13
2.24595e+13
2.24424e+13
2.24252e+13
2.24081e+13
2.23909e+13
2.23737e+13
2.23564e+13
2.23392e+13
2.23219e+13
2.23047e+13
2.22874e+13
2.22701e+13
2.22527e+13
2.22354e+13
2.2218e+13
2.22007e+13
2.21833e+13
2.21659e+13
2.21484e+13
2.2131e+13
2.21136e+13
2.20961e+13
2.20786e+13
2.20611e+13
2.20436e+13
2.20261e+13
2.20085e+13
2.19909e+13
2.19734e+13
2.19558e+13
2.19381e+13
2.19205e+13
2.19029e+13
2.18852e+13
2.18675e+13
2.18498e+13
2.18321e+13
2.18144e+13
2.17967e+13
2.17789e+13
2.17611e+13
2.17433e+13
2.17255e+13
2.17077e+13
2.16899e+13
2.1672e+13
2.16542e+13
2.16363e+13
2.16184e+13
2.16005e+13
2.15825e+13
2.15646e+13
2.15466e+13
2.15286e+13
2.15106e+13
2.14926e+13
2.14746e+13
2.14566e+13
2.14385e+13
2.14204e+13
2.14023e+13
2.13842e+13
2.13661e+13
2.1348e+13
2.13298e+13
2.13117e+13
2.12935e+13
2.12753e+13
2.12571e+13
2.12389e+13
2.12206e+13
2.12023e+13
2.11841e+13
2.11658e+13
2.11475e+13
2.11292e+13
2.11108e+13
2.10925e+13
2.10741e+13
2.10557e+13
2.10373e+13
2.10189e+13
2.10005e+13
2.0982e+13
2.09636e+13
2.09451e+13
2.09266e+13
2.09081e+13
2.08896e+13
2.0871e+13
2.08525e+13
2.08339e+13
2.08153e+13
2.07967e+13
2.07781e+13
2.07595e+13
2.07409e+13
2.07222e+13
2.07035e+13
2.06848e+13
2.06661e+13
2.06474e+13
2.06287e+13
2.06099e+13
2.05912e+13
2.05724e+13
2.05536e+13
2.05348e+13
2.05159e+13
2.04971e+13
2.04782e+13
2.04594e+13
2.04405e+13
2.04216e+13
2.04027e+13
2.03837e+13
2.03648e+13
2.03458e+13
2.03269e+13
2.03079e+13
2.02889e+13
2.02698e+13
2.02508e+13
2.02317e+13
2.02127e+13
2.01936e+13
2.01745e+13
2.01554e+13
2.01362e+13
2.01171e+13
2.00979e+13
2.00788e+13
2.00596e+13
2.00404e+13
2.00212e+13
2.00019e+13
1.99827e+13
1.99634e+13
1.99441e+13
1.99249e+13
1.99055e+13
1.98862e+13
1.98669e+13
1.98475e+13
1.98282e+13
1.98088e+13
1.97894e+13
1.977e+13
1.97505e+13
1.97311e+13
1.97116e+13
1.96922e+13
1.96727e+13
1.96532e+13
1.96337e+13
1.96141e+13
1.95946e+13
1.9575e+13
1.95554e+13
1.95358e+13
1.95162e+13
1.94966e+13
1.9477e+13
1.94573e+13
1.94377e+13
1.9418e+13
1.93983e+13
1.93786e+13
1.93588e+13
1.93391e+13
1.93193e+13
1.92996e+13
1.92798e+13
1.926e+13
1.92401e+13
1.92203e+13
1.92005e+13
1.91806e+13
1.91607e+13
1.91408e+13
1.91209e+13
1.9101e+13
1.9081e+13
1.90611e+13
1.90411e+13
1.90211e+13
1.90011e+13
1.89811e+13
1.89611e+13
1.8941e+13
1.8921e+13
1.89009e+13
1.88808e+13
1.88607e+13
1.88405e+13
1.88204e+13
1.88002e+13
1.878e+13
1.87598e+13
1.87396e+13
1.87194e+13
1.86992e+13
1.86789e+13
1.86586e+13
1.86383e+13
1.8618e+13
1.85977e+13
1.85773e+13
1.8557e+13
1.85366e+13
1.85162e+13
1.84958e+13
1.84753e+13
1.84549e+13
1.84344e+13
1.84139e+13
1.83934e+13
1.83728e+13
1.83522e+13
1.83317e+13
1.83111e+13
1.82904e+13
1.82698e+13
1.82491e+13
1.82284e+13
1.82076e+13
1.81869e+13
1.81661e+13
1.81453e+13
1.81244e+13
1.81035e+13
1.80825e+13
1.80616e+13
1.80405e+13
1.80194e+13
1.79983e+13
1.7977e+13
1.79557e+13
1.79343e+13
1.79128e+13
1.78911e+13
1.78692e+13
1.7847e+13
1.78244e+13
1.78011e+13
1.77766e+13
1.7749e+13
1.771e+13
1.76705e+13
1.76302e+13
1.75886e+13
1.75459e+13
1.75019e+13
1.7457e+13
1.74118e+13
1.73667e+13
1.73225e+13
1.72794e+13
1.72372e+13
1.71955e+13
1.7154e+13
1.71123e+13
1.70703e+13
1.7028e+13
1.69852e+13
1.69422e+13
1.6899e+13
1.68557e+13
1.68124e+13
1.67693e+13
1.67264e+13
1.66837e+13
1.66411e+13
1.65986e+13
1.65561e+13
1.65135e+13
1.64709e+13
1.64282e+13
1.63854e+13
1.63425e+13
1.62997e+13
1.62568e+13
1.6214e+13
1.61712e+13
1.61284e+13
1.60857e+13
1.60429e+13
1.60002e+13
1.59575e+13
1.59148e+13
1.58721e+13
1.58293e+13
1.57865e+13
1.57438e+13
1.5701e+13
1.56582e+13
1.56154e+13
1.55727e+13
1.55299e+13
1.54872e+13
1.54444e+13
1.54017e+13
1.5359e+13
1.53162e+13
1.52735e+13
1.52307e+13
1.5188e+13
1.51452e+13
1.51025e+13
1.50597e+13
1.5017e+13
1.49742e+13
1.49315e+13
1.48887e+13
1.4846e+13
1.48032e+13
1.47605e+13
1.47177e+13
1.4675e+13
1.46322e+13
1.45895e+13
1.45467e+13
1.4504e+13
1.44612e+13
1.44184e+13
1.43757e+13
1.43329e+13
1.42902e+13
1.42474e+13
1.42047e+13
1.41619e+13
1.41191e+13
1.40764e+13
1.40336e+13
1.39909e+13
1.39481e+13
1.39053e+13
1.38626e+13
1.38198e+13
1.37771e+13
1.37343e+13
1.36916e+13
1.36488e+13
1.3606e+13
1.35633e+13
1.35205e+13
1.34778e+13
1.3435e+13
1.33922e+13
1.33495e+13
1.33067e+13
1.3264e+13
1.32212e+13
1.31785e+13
1.31357e+13
1.30929e+13
1.30502e+13
1.30074e+13
1.29647e+13
1.29219e+13
1.28792e+13
1.28364e+13
1.27936e+13
1.27509e+13
1.27081e+13
1.26654e+13
1.26226e+13
1.25799e+13
1.25371e+13
1.24944e+13
1.24516e+13
1.24089e+13
1.23661e+13
1.23234e+13
1.22806e+13
1.22379e+13
1.21951e+13
1.21524e+13
1.21096e+13
1.20669e+13
1.20241e+13
1.19814e+13
1.19386e+13
1.18959e+13
1.18531e+13
1.18104e+13
1.17676e+13
1.17249e+13
1.16821e+13
1.16394e+13
1.15966e+13
1.15539e+13
1.15111e+13
1.14684e+13
1.14256e+13
1.13829e+13
1.13401e+13
1.12974e+13
1.12546e+13
1.12118e+13
1.11691e+13
1.11263e+13
1.10836e+13
1.10408e+13
1.09981e+13
1.09553e+13
1.09126e+13
1.08698e+13
1.0827e+13
1.07843e+13
1.07415e+13
1.06988e+13
1.0656e+13
1.06133e+13
1.05705e+13
1.05277e+13
1.0485e+13
1.04422e+13
1.03995e+13
1.03567e+13
1.0314e+13
1.02712e+13
1.02284e+13
1.01857e+13
1.01429e+13
1.01002e+13
1.00574e+13
1.00147e+13
9.97189e+12
9.92914e+12
9.88638e+12
9.84362e+12
9.80087e+12
9.75811e+12
9.71535e+12
9.67259e+12
9.62984e+12
9.58708e+12
9.54432e+12
9.50157e+12
9.45881e+12
9.41605e+12
9.3733e+12
9.33054e+12
9.28779e+12
9.24503e+12
9.20227e+12
9.15952e+12
9.11676e+12
9.07401e+12
9.03125e+12
8.98849e+12
8.94574e+12
8.90298e+12
8.86023e+12
8.81747e+12
8.77472e+12
8.73196e+12
8.68921e+12
8.64646e+12
8.6037e+12
8.56095e+12
8.5182e+12
8.47544e+12
8.43269e+12
8.38994e+12
8.34719e+12
8.30443e+12
8.26168e+12
8.21893e+12
8.17618e+12
8.13343e+12
8.09068e+12
8.04793e+12
8.00518e+12
7.96243e+12
7.91968e+12
7.87693e+12
7.83418e+12
7.79143e+12
7.74868e+12
7.70593e+12
7.66318e+12
7.62043e+12
7.57768e+12
7.53493e+12
7.49218e+12
7.44943e+12
7.40668e+12
7.36393e+12
7.32118e+12
7.27843e+12
7.23568e+12
7.19293e+12
7.15018e+12
7.10742e+12
7.06467e+12
7.02192e+12
6.97917e+12
6.93641e+12
6.89366e+12
6.85091e+12
6.80815e+12
6.7654e+12
6.72264e+12
6.67989e+12
6.63714e+12
6.59438e+12
6.55163e+12
6.50887e+12
6.46612e+12
6.42336e+12
6.38061e+12
6.33785e+12
6.29509e+12
6.25234e+12
6.20958e+12
6.16683e+12
6.12407e+12
6.08132e+12
6.03856e+12
5.9958e+12
5.95305e+12
5.91029e+12
5.86754e+12
5.82478e+12
5.78203e+12
5.73927e+12
5.69651e+12
5.65376e+12
5.611e+12
5.56825e+12
5.52549e+12
5.48274e+12
5.43998e+12
5.39722e+12
5.35447e+12
5.31171e+12
5.26896e+12
5.2262e+12
5.18345e+12
5.14069e+12
5.09793e+12
5.05518e+12
5.01242e+12
4.96967e+12
4.92691e+12
4.88416e+12
4.8414e+12
4.79865e+12
4.75589e+12
4.71314e+12
4.67038e+12
4.62762e+12
4.58487e+12
4.54211e+12
4.49936e+12
4.4566e+12
4.41385e+12
4.37109e+12
4.32834e+12
4.28558e+12
4.24283e+12
4.20007e+12
4.15732e+12
4.11456e+12
4.07181e+12
4.02905e+12
3.9863e+12
3.94354e+12
3.90079e+12
3.85803e+12
3.81528e+12
3.77252e+12
3.72977e+12
3.68701e+12
3.64426e+12
3.6015e+12
3.55875e+12
3.51599e+12
3.47324e+12
3.43048e+12
3.38773e+12
3.34497e+12
3.30222e+12
3.25947e+12
3.21671e+12
3.17396e+12
3.1312e+12
3.08845e+12
3.04569e+12
3.00294e+12
2.96018e+12
2.91743e+12
2.87467e+12
2.83192e+12
2.78917e+12
2.74641e+12
2.70366e+12
2.6609e+12
2.61815e+12
2.57539e+12
2.53264e+12
2.48988e+12
2.44713e+12
2.40438e+12
2.36162e+12
2.31887e+12
2.27611e+12
2.23336e+12
2.19061e+12
2.14785e+12
2.1051e+12
2.06235e+12
2.01959e+12
1.97684e+12
1.93408e+12
1.89133e+12
1.84858e+12
1.80582e+12
1.76307e+12
1.72032e+12
1.67756e+12
1.63481e+12
1.59206e+12
1.54931e+12
1.50655e+12
1.4638e+12
1.42105e+12
1.37829e+12
1.33554e+12
1.29279e+12
1.25004e+12
1.20729e+12
1.16453e+12
1.12178e+12
1.07903e+12
1.03628e+12
9.93529e+11
9.50778e+11
9.08027e+11
8.65277e+11
8.22526e+11
7.79776e+11
7.37026e+11
6.94276e+11
6.51526e+11
6.08777e+11
5.66028e+11
5.23283e+11
4.80563e+11
4.38013e+11
3.97248e+11
3.65901e+11
3.40403e+11
3.15187e+11
2.89972e+11
2.64757e+11
2.39542e+11
2.14327e+11
1.89112e+11
1.63897e+11
1.38683e+11
1.13468e+11
8.82527e+10
6.30377e+10
3.78227e+10
1.26076e+10
)
;

boundaryField
{
    inlet
    {
        type            darcyGradPressure_G;
        gradient        uniform 3.23949e+11;
        Mf              Mf;
        phi             phi;
        phiG            phiG;
        value           uniform 2.70942e+13;
    }
    outlet
    {
        type            fixedValue;
        value           uniform 0;
    }
    emptyWalls
    {
        type            empty;
    }
}


// ************************************************************************* //
