/*--------------------------------*- C++ -*----------------------------------*\
  =========                 |
  \\      /  F ield         | OpenFOAM: The Open Source CFD Toolbox
   \\    /   O peration     | Website:  https://openfoam.org
    \\  /    A nd           | Version:  9
     \\/     M anipulation  |
\*---------------------------------------------------------------------------*/
FoamFile
{
    format      ascii;
    class       volScalarField;
    location    "7.2";
    object      Sa;
}
// * * * * * * * * * * * * * * * * * * * * * * * * * * * * * * * * * * * * * //

dimensions      [0 0 0 0 0 0 0];

internalField   nonuniform List<scalar> 
1000
(
0.499171
0.498666
0.498201
0.497756
0.497325
0.496904
0.49649
0.496084
0.495685
0.49529
0.494901
0.494517
0.494137
0.493762
0.493391
0.493024
0.49266
0.4923
0.491944
0.491591
0.491241
0.490895
0.490552
0.490212
0.489875
0.48954
0.489209
0.488881
0.488555
0.488232
0.487912
0.487594
0.487279
0.486966
0.486656
0.486348
0.486042
0.485739
0.485438
0.48514
0.484843
0.484549
0.484257
0.483967
0.483679
0.483393
0.483109
0.482827
0.482547
0.482269
0.481993
0.481719
0.481447
0.481176
0.480907
0.48064
0.480375
0.480112
0.47985
0.47959
0.479331
0.479074
0.478819
0.478565
0.478313
0.478063
0.477813
0.477566
0.47732
0.477075
0.476832
0.476591
0.47635
0.476111
0.475874
0.475638
0.475403
0.47517
0.474938
0.474707
0.474478
0.474249
0.474022
0.473797
0.473572
0.473349
0.473127
0.472906
0.472687
0.472468
0.472251
0.472035
0.47182
0.471606
0.471393
0.471181
0.470971
0.470761
0.470553
0.470345
0.470139
0.469933
0.469729
0.469526
0.469323
0.469122
0.468922
0.468722
0.468524
0.468326
0.46813
0.467934
0.46774
0.467546
0.467353
0.467161
0.46697
0.46678
0.466591
0.466402
0.466215
0.466028
0.465842
0.465657
0.465473
0.465289
0.465107
0.464925
0.464744
0.464564
0.464385
0.464206
0.464028
0.463851
0.463675
0.463499
0.463324
0.46315
0.462977
0.462804
0.462632
0.462461
0.462291
0.462121
0.461952
0.461783
0.461616
0.461449
0.461282
0.461116
0.460951
0.460787
0.460623
0.46046
0.460298
0.460136
0.459975
0.459814
0.459654
0.459495
0.459336
0.459178
0.459021
0.458864
0.458708
0.458552
0.458397
0.458242
0.458088
0.457935
0.457782
0.45763
0.457478
0.457327
0.457177
0.457027
0.456877
0.456728
0.45658
0.456432
0.456284
0.456138
0.455991
0.455846
0.4557
0.455555
0.455411
0.455267
0.455124
0.454981
0.454839
0.454697
0.454556
0.454415
0.454275
0.454135
0.453996
0.453857
0.453718
0.45358
0.453443
0.453305
0.453169
0.453033
0.452897
0.452762
0.452627
0.452492
0.452358
0.452225
0.452092
0.451959
0.451827
0.451695
0.451563
0.451432
0.451302
0.451171
0.451042
0.450912
0.450783
0.450655
0.450526
0.450399
0.450271
0.450144
0.450018
0.449891
0.449766
0.44964
0.449515
0.44939
0.449266
0.449142
0.449018
0.448895
0.448772
0.44865
0.448528
0.448406
0.448284
0.448163
0.448042
0.447922
0.447802
0.447682
0.447563
0.447444
0.447325
0.447207
0.447089
0.446971
0.446854
0.446737
0.44662
0.446504
0.446388
0.446272
0.446157
0.446042
0.445927
0.445813
0.445699
0.445585
0.445471
0.445358
0.445245
0.445133
0.44502
0.444909
0.444797
0.444685
0.444574
0.444464
0.444353
0.444243
0.444133
0.444023
0.443914
0.443805
0.443696
0.443588
0.44348
0.443372
0.443264
0.443157
0.44305
0.442943
0.442836
0.44273
0.442624
0.442518
0.442413
0.442308
0.442203
0.442098
0.441994
0.441889
0.441786
0.441682
0.441579
0.441475
0.441373
0.44127
0.441168
0.441065
0.440963
0.440862
0.44076
0.440659
0.440558
0.440458
0.440357
0.440257
0.440157
0.440057
0.439958
0.439859
0.43976
0.439661
0.439562
0.439464
0.439366
0.439268
0.439171
0.439073
0.438976
0.438879
0.438782
0.438686
0.438589
0.438493
0.438397
0.438302
0.438206
0.438111
0.438016
0.437921
0.437827
0.437732
0.437638
0.437544
0.437451
0.437357
0.437264
0.437171
0.437078
0.436985
0.436892
0.4368
0.436708
0.436616
0.436524
0.436433
0.436341
0.43625
0.436159
0.436069
0.435978
0.435888
0.435797
0.435707
0.435618
0.435528
0.435439
0.435349
0.43526
0.435171
0.435083
0.434994
0.434906
0.434818
0.43473
0.434642
0.434554
0.434467
0.43438
0.434292
0.434206
0.434119
0.434032
0.433946
0.43386
0.433774
0.433688
0.433602
0.433516
0.433431
0.433346
0.433261
0.433176
0.433091
0.433007
0.432922
0.432838
0.432754
0.43267
0.432586
0.432503
0.432419
0.432336
0.432253
0.43217
0.432087
0.432004
0.431922
0.431839
0.431757
0.431675
0.431593
0.431511
0.43143
0.431348
0.431267
0.431186
0.431105
0.431024
0.430943
0.430862
0.430782
0.430702
0.430621
0.430541
0.430461
0.430382
0.430302
0.430223
0.430143
0.430064
0.429985
0.429906
0.429827
0.429748
0.42967
0.429591
0.429513
0.429435
0.429357
0.429279
0.429201
0.429123
0.429046
0.428968
0.428891
0.428814
0.428737
0.42866
0.428583
0.428506
0.42843
0.428353
0.428277
0.4282
0.428124
0.428048
0.427972
0.427896
0.427821
0.427745
0.42767
0.427594
0.427519
0.427444
0.427368
0.427293
0.427219
0.427144
0.427069
0.426994
0.42692
0.426845
0.426771
0.426697
0.426623
0.426548
0.426474
0.4264
0.426327
0.426253
0.426179
0.426105
0.426032
0.425958
0.425885
0.425812
0.425738
0.425665
0.425592
0.425519
0.425445
0.425372
0.425299
0.425226
0.425154
0.425081
0.425008
0.424935
0.424862
0.424789
0.424717
0.424644
0.424571
0.424498
0.424425
0.424353
0.42428
0.424207
0.424134
0.424061
0.423988
0.423915
0.423842
0.423769
0.423696
0.423623
0.423549
0.423476
0.423402
0.423328
0.423254
0.42318
0.423106
0.423031
0.422957
0.422882
0.422806
0.422731
0.422655
0.422579
0.422502
0.422425
0.422348
0.42227
0.422192
0.422113
0.422033
0.421953
0.421872
0.42179
0.421707
0.421624
0.421539
0.421453
0.421366
0.421278
0.421187
0.421096
0.421002
0.420906
0.420808
0.420707
0.420603
0.420496
0.420385
0.42027
0.420151
0.420025
0.419894
0.419755
0.419607
0.41945
0.41928
0.419097
0.418897
0.418676
0.418431
0.418153
0.417836
0.417467
0.417029
0.416497
0.415832
0.414972
0.413807
0.412128
0.409497
0.404836
0.394623
0.315249
0.314482
0.313277
0.311727
0.310045
0.308474
0.307291
0.306762
0.307041
0.308039
0.309391
0.31062
0.311397
0.311646
0.311476
0.311054
0.310532
0.310027
0.309621
0.309365
0.309278
0.309349
0.309536
0.309781
0.310018
0.310199
0.310296
0.310306
0.310248
0.310148
0.310035
0.309935
0.309865
0.309832
0.309837
0.30987
0.309919
0.30997
0.310014
0.310041
0.310051
0.310044
0.310026
0.310003
0.309981
0.309963
0.309953
0.309952
0.309958
0.309968
0.30998
0.309991
0.309999
0.310004
0.310006
0.310004
0.310001
0.309997
0.309994
0.309992
0.309992
0.309992
0.309994
0.309996
0.309998
0.309999
0.309998
0.309997
0.309995
0.309993
0.309991
0.309988
0.309986
0.309984
0.309983
0.309983
0.309982
0.309982
0.309982
0.309982
0.309982
0.309981
0.309981
0.309981
0.30998
0.30998
0.30998
0.30998
0.30998
0.30998
0.30998
0.30998
0.30998
0.309981
0.309981
0.309981
0.309981
0.309981
0.309981
0.309981
0.309981
0.309981
0.309981
0.309981
0.309981
0.309981
0.309982
0.309982
0.309982
0.309982
0.309982
0.309983
0.309983
0.309983
0.309984
0.309984
0.309984
0.309985
0.309985
0.309986
0.309987
0.309987
0.309988
0.309988
0.309989
0.30999
0.30999
0.309991
0.309991
0.309992
0.309992
0.309992
0.309993
0.309993
0.309993
0.309993
0.309993
0.309993
0.309993
0.309992
0.309992
0.309991
0.309991
0.30999
0.30999
0.309989
0.309988
0.309988
0.309987
0.309987
0.309986
0.309985
0.309985
0.309984
0.309984
0.309984
0.309983
0.309983
0.309983
0.309982
0.309982
0.309982
0.309982
0.309982
0.309982
0.309982
0.309981
0.309981
0.309981
0.309981
0.309981
0.309981
0.309981
0.309981
0.309981
0.309981
0.309981
0.309981
0.309981
0.309981
0.309982
0.309982
0.309982
0.309982
0.309982
0.309982
0.309982
0.309982
0.309982
0.309982
0.309982
0.309982
0.309982
0.309982
0.309982
0.309982
0.309982
0.309982
0.309983
0.309983
0.309983
0.309983
0.309983
0.309983
0.309984
0.309984
0.309984
0.309984
0.309984
0.309985
0.309985
0.309985
0.309986
0.309986
0.309986
0.309987
0.309987
0.309987
0.309988
0.309988
0.309988
0.309989
0.309989
0.309989
0.30999
0.30999
0.30999
0.30999
0.309991
0.309991
0.309991
0.309991
0.309991
0.309991
0.309991
0.309991
0.309991
0.309991
0.309991
0.30999
0.30999
0.30999
0.30999
0.309989
0.309989
0.309989
0.309988
0.309988
0.309988
0.309987
0.309987
0.309987
0.309986
0.309986
0.309986
0.309985
0.309985
0.309985
0.309985
0.309984
0.309984
0.309984
0.309984
0.309984
0.309983
0.309983
0.309983
0.309983
0.309983
0.309983
0.309983
0.309983
0.309983
0.309983
0.309983
0.309983
0.309983
0.309982
0.309982
0.309982
0.309982
0.309982
0.309982
0.309982
0.309982
0.309982
0.309982
0.309982
0.309983
0.309983
0.309983
0.309983
0.309983
0.309983
0.309983
0.309983
0.309983
0.309983
0.309983
0.309983
0.309983
0.309983
0.309983
0.309983
0.309983
0.309983
0.309983
0.309983
0.309983
0.309983
0.309983
0.309983
0.309983
0.309983
0.309983
0.309983
0.309983
0.309983
0.309983
0.309983
0.309983
0.309983
0.309983
0.309983
0.309983
0.309983
0.309983
0.309983
0.309983
0.309983
0.309983
0.309983
0.309983
0.309983
0.309983
0.309983
0.309983
0.309983
0.309983
0.309983
0.309983
0.309983
0.309983
0.309983
0.309984
0.309984
0.309984
0.309984
0.309984
0.309984
0.309984
0.309984
0.309984
0.309984
0.309984
0.309984
0.309984
0.309984
0.309984
0.309984
0.309984
0.309984
0.309984
0.309984
0.309984
0.309984
0.309984
0.309984
0.309984
0.309985
0.309985
0.309985
0.309985
0.309985
0.309985
0.309985
0.309985
0.309985
0.309985
0.309986
0.309986
0.309986
0.309986
0.309986
0.309986
0.309986
0.309987
0.309987
0.309987
0.309987
0.309987
0.309988
0.309988
0.309988
0.309988
0.309988
0.309989
0.309989
0.309989
0.309989
0.309989
0.30999
0.309994
0.310013
0.310154
0.311689
0.321228
0.329223
0.32968
0.32968
0.329681
0.329681
0.329682
0.329682
0.329682
0.329682
0.329681
0.329681
0.329681
0.329681
0.329681
0.329681
)
;

boundaryField
{
    inlet
    {
        type            fixedValue;
        value           uniform 0.5;
    }
    outlet
    {
        type            zeroGradient;
    }
    emptyWalls
    {
        type            empty;
    }
}


// ************************************************************************* //
