/*--------------------------------*- C++ -*----------------------------------*\
  =========                 |
  \\      /  F ield         | OpenFOAM: The Open Source CFD Toolbox
   \\    /   O peration     | Website:  https://openfoam.org
    \\  /    A nd           | Version:  9
     \\/     M anipulation  |
\*---------------------------------------------------------------------------*/
FoamFile
{
    format      ascii;
    class       volScalarField;
    location    "9.4";
    object      AcumCoeff_csw;
}
// * * * * * * * * * * * * * * * * * * * * * * * * * * * * * * * * * * * * * //

dimensions      [0 0 0 0 0 0 0];

internalField   nonuniform List<scalar> 
1000
(
0.149693
0.149505
0.149331
0.149165
0.149003
0.148845
0.148689
0.148535
0.148384
0.148234
0.148085
0.147939
0.147793
0.147649
0.147506
0.147365
0.147224
0.147085
0.146947
0.146809
0.146673
0.146538
0.146404
0.14627
0.146138
0.146006
0.145876
0.145746
0.145617
0.145489
0.145361
0.145235
0.145109
0.144984
0.14486
0.144736
0.144614
0.144492
0.14437
0.14425
0.14413
0.144011
0.143892
0.143774
0.143657
0.14354
0.143424
0.143309
0.143194
0.14308
0.142967
0.142854
0.142742
0.14263
0.142519
0.142408
0.142298
0.142189
0.14208
0.141972
0.141864
0.141757
0.14165
0.141544
0.141438
0.141333
0.141228
0.141124
0.14102
0.140917
0.140814
0.140712
0.14061
0.140509
0.140408
0.140308
0.140208
0.140108
0.140009
0.139911
0.139812
0.139715
0.139617
0.13952
0.139424
0.139328
0.139232
0.139137
0.139042
0.138948
0.138854
0.13876
0.138667
0.138574
0.138481
0.138389
0.138298
0.138206
0.138115
0.138024
0.137934
0.137844
0.137755
0.137665
0.137577
0.137488
0.1374
0.137312
0.137224
0.137137
0.13705
0.136964
0.136878
0.136792
0.136706
0.136621
0.136536
0.136451
0.136367
0.136283
0.1362
0.136116
0.136033
0.13595
0.135868
0.135786
0.135704
0.135622
0.135541
0.13546
0.135379
0.135298
0.135218
0.135138
0.135058
0.134979
0.1349
0.134821
0.134742
0.134664
0.134586
0.134508
0.134431
0.134353
0.134276
0.134199
0.134123
0.134046
0.13397
0.133895
0.133819
0.133744
0.133669
0.133594
0.133519
0.133445
0.13337
0.133296
0.133223
0.133149
0.133076
0.133003
0.13293
0.132858
0.132785
0.132713
0.132641
0.132569
0.132498
0.132427
0.132355
0.132285
0.132214
0.132143
0.132073
0.132003
0.131933
0.131864
0.131794
0.131725
0.131656
0.131587
0.131518
0.13145
0.131381
0.131313
0.131245
0.131178
0.13111
0.131043
0.130976
0.130909
0.130842
0.130775
0.130709
0.130643
0.130577
0.130511
0.130445
0.130379
0.130314
0.130249
0.130184
0.130119
0.130054
0.12999
0.129925
0.129861
0.129797
0.129733
0.129669
0.129606
0.129543
0.129479
0.129416
0.129353
0.129291
0.129228
0.129166
0.129103
0.129041
0.128979
0.128917
0.128856
0.128794
0.128733
0.128672
0.128611
0.12855
0.128489
0.128428
0.128368
0.128307
0.128247
0.128187
0.128127
0.128067
0.128008
0.127948
0.127889
0.12783
0.127771
0.127712
0.127653
0.127594
0.127536
0.127477
0.127419
0.127361
0.127303
0.127245
0.127187
0.12713
0.127072
0.127015
0.126957
0.1269
0.126843
0.126786
0.12673
0.126673
0.126617
0.12656
0.126504
0.126448
0.126392
0.126336
0.12628
0.126224
0.126169
0.126113
0.126058
0.126003
0.125948
0.125893
0.125838
0.125783
0.125729
0.125674
0.12562
0.125566
0.125511
0.125457
0.125403
0.12535
0.125296
0.125242
0.125189
0.125135
0.125082
0.125029
0.124976
0.124923
0.12487
0.124817
0.124764
0.124712
0.124659
0.124607
0.124555
0.124502
0.12445
0.124398
0.124347
0.124295
0.124243
0.124192
0.12414
0.124089
0.124037
0.123986
0.123935
0.123884
0.123833
0.123782
0.123732
0.123681
0.123631
0.12358
0.12353
0.12348
0.123429
0.123379
0.123329
0.123279
0.12323
0.12318
0.12313
0.123081
0.123031
0.122982
0.122933
0.122884
0.122835
0.122786
0.122737
0.122688
0.122639
0.12259
0.122542
0.122493
0.122445
0.122397
0.122348
0.1223
0.122252
0.122204
0.122156
0.122108
0.122061
0.122013
0.121965
0.121918
0.12187
0.121823
0.121776
0.121728
0.121681
0.121634
0.121587
0.12154
0.121494
0.121447
0.1214
0.121354
0.121307
0.121261
0.121214
0.121168
0.121122
0.121076
0.12103
0.120984
0.120938
0.120892
0.120846
0.1208
0.120755
0.120709
0.120664
0.120618
0.120573
0.120527
0.120482
0.120437
0.120392
0.120347
0.120302
0.120257
0.120212
0.120168
0.120123
0.120078
0.120034
0.119989
0.119945
0.119901
0.119856
0.119812
0.119768
0.119724
0.11968
0.119636
0.119592
0.119548
0.119504
0.119461
0.119417
0.119374
0.11933
0.119287
0.119243
0.1192
0.119157
0.119113
0.11907
0.119027
0.118984
0.118941
0.118898
0.118856
0.118813
0.11877
0.118727
0.118685
0.118642
0.1186
0.118557
0.118515
0.118473
0.11843
0.118388
0.118346
0.118304
0.118262
0.11822
0.118178
0.118136
0.118094
0.118053
0.118011
0.117969
0.117928
0.117886
0.117845
0.117803
0.117762
0.117721
0.117679
0.117638
0.117597
0.117556
0.117515
0.117474
0.117433
0.117392
0.117351
0.11731
0.11727
0.117229
0.117188
0.117148
0.117107
0.117067
0.117026
0.116986
0.116945
0.116905
0.116865
0.116825
0.116785
0.116744
0.116704
0.116664
0.116624
0.116585
0.116545
0.116505
0.116465
0.116425
0.116386
0.116346
0.116306
0.116267
0.116227
0.116188
0.116149
0.116109
0.11607
0.116031
0.115992
0.115952
0.115913
0.115874
0.115835
0.115796
0.115757
0.115718
0.115679
0.115641
0.115602
0.115563
0.115524
0.115486
0.115447
0.115409
0.11537
0.115332
0.115293
0.115255
0.115216
0.115178
0.11514
0.115102
0.115063
0.115025
0.114987
0.114949
0.114911
0.114873
0.114835
0.114797
0.114759
0.114722
0.114684
0.114646
0.114608
0.114571
0.114533
0.114495
0.114458
0.11442
0.114383
0.114345
0.114308
0.114271
0.114233
0.114196
0.114159
0.114121
0.114084
0.114047
0.11401
0.113973
0.113936
0.113899
0.113862
0.113825
0.113788
0.113751
0.113714
0.113677
0.113641
0.113604
0.113567
0.113531
0.113494
0.113457
0.113421
0.113384
0.113348
0.113311
0.113275
0.113238
0.113202
0.113166
0.113129
0.113093
0.113057
0.113021
0.112984
0.112948
0.112912
0.112876
0.11284
0.112804
0.112768
0.112732
0.112696
0.11266
0.112624
0.112588
0.112552
0.112516
0.112481
0.112445
0.112409
0.112373
0.112338
0.112302
0.112267
0.112231
0.112195
0.11216
0.112124
0.112089
0.112053
0.112018
0.111982
0.111947
0.111912
0.111876
0.111841
0.111806
0.11177
0.111735
0.1117
0.111665
0.111629
0.111594
0.111559
0.111524
0.111489
0.111454
0.111419
0.111383
0.111348
0.111313
0.111278
0.111243
0.111208
0.111173
0.111138
0.111104
0.111069
0.111034
0.110999
0.110964
0.110929
0.110894
0.110859
0.110825
0.11079
0.110755
0.11072
0.110685
0.110651
0.110616
0.110581
0.110546
0.110512
0.110477
0.110442
0.110407
0.110373
0.110338
0.110303
0.110268
0.110234
0.110199
0.110164
0.110129
0.110095
0.11006
0.110025
0.10999
0.109956
0.109921
0.109886
0.109851
0.109816
0.109781
0.109746
0.109712
0.109677
0.109642
0.109607
0.109572
0.109537
0.109501
0.109466
0.109431
0.109396
0.109361
0.109325
0.10929
0.109255
0.109219
0.109183
0.109148
0.109112
0.109076
0.109041
0.109005
0.108969
0.108932
0.108896
0.10886
0.108823
0.108787
0.10875
0.108713
0.108676
0.108639
0.108601
0.108564
0.108526
0.108488
0.10845
0.108411
0.108372
0.108333
0.108294
0.108254
0.108214
0.108174
0.108133
0.108092
0.10805
0.108008
0.107965
0.107922
0.107878
0.107833
0.107787
0.107741
0.107694
0.107645
0.107596
0.107545
0.107493
0.10744
0.107385
0.107328
0.107268
0.107207
0.107143
0.107076
0.107006
0.106931
0.106853
0.106769
0.106679
0.106583
0.106478
0.106363
0.106237
0.106096
0.105937
0.105756
0.105546
0.105299
0.105002
0.104636
0.104172
0.103558
0.102705
0.101432
0.0993196
0.0951284
0.0834985
0.0670188
0.0662638
0.066734
0.0672974
0.0676046
0.0676973
0.0676516
0.0675031
0.0672982
0.0671085
0.0669896
0.0669524
0.0669776
0.0670381
0.0671121
0.0671839
0.0672427
0.0672816
0.0672973
0.0672904
0.0672658
0.0672316
0.0671971
0.0671699
0.0671545
0.0671515
0.0671587
0.0671722
0.0671879
0.0672022
0.0672123
0.0672172
0.0672167
0.067212
0.0672048
0.0671971
0.0671906
0.0671862
0.0671845
0.0671852
0.0671876
0.0671909
0.0671941
0.0671967
0.0671982
0.0671985
0.0671977
0.0671963
0.0671946
0.067193
0.0671918
0.0671912
0.0671911
0.0671915
0.0671922
0.0671929
0.0671936
0.067194
0.0671942
0.0671941
0.0671937
0.0671933
0.0671929
0.0671925
0.0671921
0.0671919
0.0671918
0.0671918
0.0671919
0.0671919
0.0671919
0.067192
0.0671919
0.0671919
0.0671919
0.0671918
0.0671918
0.0671919
0.0671919
0.067192
0.0671921
0.0671922
0.0671923
0.0671924
0.0671924
0.0671924
0.0671923
0.0671922
0.0671921
0.067192
0.0671918
0.0671916
0.0671914
0.0671912
0.067191
0.0671908
0.0671906
0.0671904
0.0671902
0.06719
0.0671899
0.0671897
0.0671895
0.0671894
0.0671893
0.0671891
0.067189
0.0671889
0.0671888
0.0671887
0.0671886
0.0671885
0.0671884
0.0671883
0.0671881
0.067188
0.0671879
0.0671878
0.0671877
0.0671876
0.0671875
0.0671874
0.0671873
0.0671872
0.0671871
0.0671871
0.067187
0.0671869
0.0671869
0.0671868
0.0671867
0.0671867
0.0671867
0.0671866
0.0671866
0.0671865
0.0671865
0.0671865
0.0671864
0.0671864
0.0671863
0.0671863
0.0671862
0.0671861
0.067186
0.0671859
0.0671858
0.0671857
0.0671856
0.0671855
0.0671854
0.0671852
0.0671851
0.0671849
0.0671848
0.0671846
0.0671845
0.0671843
0.0671842
0.067184
0.0671839
0.0671838
0.0671836
0.0671835
0.0671834
0.0671832
0.0671831
0.067183
0.0671829
0.0671828
0.0671827
0.0671826
0.0671825
0.0671825
0.0671824
0.0671823
0.0671822
0.0671821
0.0671821
0.067182
0.0671819
0.0671819
0.0671818
0.0671817
0.0671817
0.0671816
0.0671816
0.0671815
0.0671815
0.0671814
0.0671814
0.0671813
0.0671812
0.0671812
0.0671811
0.0671811
0.067181
0.067181
0.0671809
0.0671808
0.0671808
0.0671807
0.0671806
0.0671805
0.0671804
0.0671804
0.0671803
0.0671801
0.06718
0.0671799
0.0671798
0.0671797
0.0671795
0.0671794
0.0671792
0.0671791
0.0671789
0.0671788
0.0671786
0.0671784
0.0671783
0.0671781
0.067178
0.0671778
0.0671776
0.0671775
0.0671773
0.0671772
0.067177
0.0671769
0.0671768
0.0671767
0.0671765
0.0671764
0.0671763
0.0671762
0.0671761
0.0671761
0.067176
0.0671759
0.0671758
0.0671758
0.0671757
0.0671757
0.0671756
0.0671756
0.0671755
0.0671755
0.0671754
)
;

boundaryField
{
    inlet
    {
        type            calculated;
        value           uniform 0.15;
    }
    outlet
    {
        type            calculated;
        value           uniform 0.0671754;
    }
    emptyWalls
    {
        type            empty;
    }
}


// ************************************************************************* //
