/*--------------------------------*- C++ -*----------------------------------*\
  =========                 |
  \\      /  F ield         | OpenFOAM: The Open Source CFD Toolbox
   \\    /   O peration     | Website:  https://openfoam.org
    \\  /    A nd           | Version:  9
     \\/     M anipulation  |
\*---------------------------------------------------------------------------*/
FoamFile
{
    format      ascii;
    class       volScalarField;
    location    "9.4";
    object      Fcsw;
}
// * * * * * * * * * * * * * * * * * * * * * * * * * * * * * * * * * * * * * //

dimensions      [0 0 0 0 0 0 0];

internalField   nonuniform List<scalar> 
1000
(
3.18808e-05
5.11875e-05
6.88787e-05
8.57189e-05
0.000101977
0.000117783
0.000133212
0.000148313
0.000163118
0.000177652
0.000191935
0.000205981
0.000219803
0.000233412
0.000246816
0.000260023
0.000273041
0.000285877
0.000298535
0.000311022
0.000323342
0.0003355
0.0003475
0.000359347
0.000371044
0.000382595
0.000394003
0.000405271
0.000416404
0.000427403
0.000438272
0.000449014
0.000459631
0.000470125
0.0004805
0.000490758
0.0005009
0.00051093
0.00052085
0.000530661
0.000540366
0.000549967
0.000559465
0.000568863
0.000578162
0.000587364
0.000596471
0.000605485
0.000614407
0.000623238
0.000631981
0.000640637
0.000649208
0.000657694
0.000666097
0.000674419
0.000682661
0.000690825
0.000698911
0.000706921
0.000714855
0.000722716
0.000730505
0.000738222
0.000745869
0.000753447
0.000760956
0.000768398
0.000775775
0.000783086
0.000790333
0.000797518
0.00080464
0.0008117
0.000818701
0.000825642
0.000832525
0.000839349
0.000846117
0.000852829
0.000859486
0.000866088
0.000872637
0.000879132
0.000885576
0.000891968
0.000898309
0.0009046
0.000910842
0.000917035
0.000923181
0.000929278
0.00093533
0.000941335
0.000947294
0.000953209
0.000959079
0.000964906
0.00097069
0.000976431
0.00098213
0.000987788
0.000993405
0.000998981
0.00100452
0.00101002
0.00101547
0.00102089
0.00102628
0.00103162
0.00103693
0.0010422
0.00104743
0.00105263
0.0010578
0.00106293
0.00106802
0.00107309
0.00107811
0.00108311
0.00108807
0.001093
0.0010979
0.00110277
0.0011076
0.00111241
0.00111718
0.00112193
0.00112664
0.00113132
0.00113598
0.00114061
0.00114521
0.00114978
0.00115432
0.00115884
0.00116333
0.00116779
0.00117222
0.00117663
0.00118102
0.00118538
0.00118971
0.00119402
0.0011983
0.00120256
0.00120679
0.001211
0.00121519
0.00121935
0.00122349
0.00122761
0.0012317
0.00123577
0.00123982
0.00124385
0.00124785
0.00125184
0.0012558
0.00125974
0.00126366
0.00126756
0.00127144
0.0012753
0.00127914
0.00128296
0.00128676
0.00129054
0.0012943
0.00129804
0.00130177
0.00130547
0.00130916
0.00131283
0.00131648
0.00132011
0.00132373
0.00132732
0.0013309
0.00133447
0.00133801
0.00134154
0.00134505
0.00134855
0.00135203
0.00135549
0.00135894
0.00136237
0.00136578
0.00136918
0.00137257
0.00137594
0.00137929
0.00138263
0.00138596
0.00138926
0.00139256
0.00139584
0.00139911
0.00140236
0.0014056
0.00140882
0.00141203
0.00141523
0.00141841
0.00142158
0.00142474
0.00142788
0.00143101
0.00143413
0.00143724
0.00144033
0.00144341
0.00144648
0.00144953
0.00145258
0.00145561
0.00145863
0.00146163
0.00146463
0.00146761
0.00147058
0.00147355
0.0014765
0.00147943
0.00148236
0.00148528
0.00148818
0.00149108
0.00149396
0.00149683
0.0014997
0.00150255
0.00150539
0.00150822
0.00151104
0.00151385
0.00151665
0.00151945
0.00152223
0.001525
0.00152776
0.00153051
0.00153326
0.00153599
0.00153871
0.00154143
0.00154413
0.00154683
0.00154952
0.0015522
0.00155487
0.00155753
0.00156018
0.00156283
0.00156546
0.00156809
0.00157071
0.00157332
0.00157592
0.00157851
0.0015811
0.00158368
0.00158625
0.00158881
0.00159136
0.00159391
0.00159645
0.00159898
0.0016015
0.00160402
0.00160653
0.00160903
0.00161152
0.00161401
0.00161649
0.00161896
0.00162142
0.00162388
0.00162633
0.00162878
0.00163121
0.00163364
0.00163607
0.00163848
0.00164089
0.0016433
0.0016457
0.00164809
0.00165047
0.00165285
0.00165522
0.00165759
0.00165995
0.0016623
0.00166465
0.00166699
0.00166932
0.00167165
0.00167398
0.00167629
0.00167861
0.00168091
0.00168321
0.00168551
0.0016878
0.00169008
0.00169236
0.00169463
0.0016969
0.00169916
0.00170142
0.00170367
0.00170592
0.00170816
0.00171039
0.00171263
0.00171485
0.00171707
0.00171929
0.0017215
0.00172371
0.00172591
0.0017281
0.0017303
0.00173248
0.00173467
0.00173684
0.00173902
0.00174119
0.00174335
0.00174551
0.00174766
0.00174982
0.00175196
0.0017541
0.00175624
0.00175838
0.00176051
0.00176263
0.00176475
0.00176687
0.00176898
0.00177109
0.0017732
0.0017753
0.0017774
0.00177949
0.00178158
0.00178367
0.00178575
0.00178783
0.0017899
0.00179197
0.00179404
0.0017961
0.00179816
0.00180022
0.00180227
0.00180432
0.00180637
0.00180841
0.00181045
0.00181249
0.00181452
0.00181655
0.00181858
0.0018206
0.00182262
0.00182464
0.00182665
0.00182866
0.00183067
0.00183267
0.00183467
0.00183667
0.00183867
0.00184066
0.00184265
0.00184464
0.00184662
0.0018486
0.00185058
0.00185256
0.00185453
0.0018565
0.00185847
0.00186044
0.0018624
0.00186436
0.00186632
0.00186827
0.00187022
0.00187217
0.00187412
0.00187607
0.00187801
0.00187995
0.00188189
0.00188382
0.00188576
0.00188769
0.00188962
0.00189155
0.00189347
0.00189539
0.00189731
0.00189923
0.00190115
0.00190306
0.00190498
0.00190689
0.0019088
0.0019107
0.00191261
0.00191451
0.00191641
0.00191831
0.00192021
0.00192211
0.001924
0.00192589
0.00192778
0.00192967
0.00193156
0.00193345
0.00193533
0.00193721
0.00193909
0.00194097
0.00194285
0.00194473
0.0019466
0.00194848
0.00195035
0.00195222
0.00195409
0.00195596
0.00195783
0.00195969
0.00196156
0.00196342
0.00196529
0.00196715
0.00196901
0.00197087
0.00197272
0.00197458
0.00197644
0.00197829
0.00198015
0.001982
0.00198385
0.00198571
0.00198756
0.00198941
0.00199126
0.0019931
0.00199495
0.0019968
0.00199864
0.00200049
0.00200234
0.00200418
0.00200602
0.00200787
0.00200971
0.00201155
0.00201339
0.00201524
0.00201708
0.00201892
0.00202076
0.0020226
0.00202444
0.00202628
0.00202812
0.00202995
0.00203179
0.00203363
0.00203547
0.00203731
0.00203915
0.00204099
0.00204283
0.00204466
0.0020465
0.00204834
0.00205018
0.00205202
0.00205386
0.0020557
0.00205754
0.00205938
0.00206122
0.00206306
0.0020649
0.00206674
0.00206859
0.00207043
0.00207227
0.00207412
0.00207596
0.00207781
0.00207966
0.0020815
0.00208335
0.0020852
0.00208705
0.0020889
0.00209075
0.00209261
0.00209446
0.00209631
0.00209817
0.00210003
0.00210189
0.00210375
0.00210561
0.00210747
0.00210934
0.0021112
0.00211307
0.00211494
0.00211681
0.00211868
0.00212056
0.00212243
0.00212431
0.00212619
0.00212807
0.00212996
0.00213184
0.00213373
0.00213562
0.00213752
0.00213941
0.00214131
0.00214321
0.00214512
0.00214702
0.00214893
0.00215084
0.00215276
0.00215468
0.0021566
0.00215852
0.00216045
0.00216238
0.00216431
0.00216625
0.00216819
0.00217014
0.00217209
0.00217404
0.002176
0.00217796
0.00217992
0.00218189
0.00218387
0.00218585
0.00218783
0.00218982
0.00219181
0.00219381
0.00219581
0.00219782
0.00219984
0.00220186
0.00220388
0.00220592
0.00220796
0.00221
0.00221205
0.00221411
0.00221617
0.00221825
0.00222032
0.00222241
0.0022245
0.00222661
0.00222872
0.00223083
0.00223296
0.00223509
0.00223724
0.00223939
0.00224155
0.00224373
0.00224591
0.0022481
0.0022503
0.00225252
0.00225474
0.00225698
0.00225923
0.00226149
0.00226376
0.00226604
0.00226834
0.00227065
0.00227298
0.00227532
0.00227768
0.00228005
0.00228243
0.00228484
0.00228726
0.00228969
0.00229215
0.00229462
0.00229711
0.00229963
0.00230216
0.00230471
0.00230729
0.00230988
0.0023125
0.00231514
0.00231781
0.00232051
0.00232323
0.00232597
0.00232875
0.00233155
0.00233438
0.00233725
0.00234015
0.00234308
0.00234604
0.00234904
0.00235208
0.00235516
0.00235828
0.00236143
0.00236464
0.00236788
0.00237118
0.00237452
0.00237791
0.00238135
0.00238485
0.0023884
0.00239202
0.00239569
0.00239943
0.00240323
0.00240711
0.00241105
0.00241508
0.00241918
0.00242336
0.00242763
0.00243198
0.00243643
0.00244098
0.00244563
0.00245039
0.00245526
0.00246025
0.00246536
0.00247061
0.00247598
0.0024815
0.00248717
0.002493
0.00249899
0.00250516
0.0025115
0.00251805
0.00252479
0.00253175
0.00253894
0.00254636
0.00255404
0.00256198
0.00257021
0.00257874
0.00258758
0.00259676
0.00260629
0.00261621
0.00262652
0.00263726
0.00264846
0.00266015
0.00267235
0.00268511
0.00269845
0.00271243
0.00272708
0.00274246
0.00275861
0.0027756
0.00279348
0.00281234
0.00283223
0.00285324
0.00287547
0.00289901
0.00292398
0.00295048
0.00297867
0.00300868
0.00304068
0.00307485
0.0031114
0.00315055
0.00319257
0.00323773
0.00328637
0.00333884
0.00339556
0.00345699
0.00352368
0.00359623
0.00367535
0.00376184
0.00385663
0.0039608
0.00407562
0.00420257
0.00434339
0.00450013
0.00467526
0.00487171
0.00509303
0.00534352
0.00562845
0.00595433
0.00632927
0.00676346
0.00726989
0.00786526
0.00857138
0.00941712
0.0104414
0.0116976
0.0132605
0.0152376
0.0177878
0.0211536
0.0257203
0.0321298
0.0415155
0.0560291
0.0801753
0.124729
0.220952
0.491276
1.59613
0.715927
0.0639756
-0.298089
-0.342995
-0.247711
-0.111798
0.0376058
0.16893
0.229627
0.20005
0.117534
0.0325314
-0.0289887
-0.0637966
-0.0772491
-0.0751214
-0.0617052
-0.040537
-0.0155016
0.00873551
0.0273715
0.0369223
0.0365382
0.0281849
0.0155569
0.0025188
-0.0080253
-0.0145259
-0.0166553
-0.0149764
-0.0106073
-0.00492953
0.000678654
0.00508757
0.00760721
0.00807224
0.00679296
0.00439485
0.00161052
-0.000906534
-0.00270275
-0.00357012
-0.00353044
-0.00277999
-0.00161508
-0.000354806
0.000725914
0.00144289
0.00172289
0.00159719
0.00117422
0.000601219
2.56002e-05
-0.000435407
-0.000712234
-0.000786933
-0.000685933
-0.000465532
-0.0001945
6.22401e-05
0.000255875
0.000360259
0.000372553
0.000308978
0.00019754
6.98396e-05
-4.61158e-05
-0.000130854
-0.000175577
-0.000181666
-0.000158204
-0.000118439
-7.61193e-05
-4.24743e-05
-2.43207e-05
-2.34628e-05
-3.7247e-05
-5.99328e-05
-8.4438e-05
-0.000104031
-0.000113642
-0.0001106
-9.47673e-05
-6.8167e-05
-3.42665e-05
2.86632e-06
3.93504e-05
7.20843e-05
9.90712e-05
0.000119474
0.000133448
0.000141838
0.000145828
0.000146622
0.000145219
0.000142297
0.000138206
0.000133045
0.000126777
0.000119354
0.000110816
0.000101342
9.12547e-05
8.09834e-05
7.09987e-05
6.17412e-05
5.35577e-05
4.66593e-05
4.11053e-05
3.68142e-05
3.35944e-05
3.11865e-05
2.93083e-05
2.76931e-05
2.61174e-05
2.4415e-05
2.24784e-05
2.02504e-05
1.7711e-05
1.48623e-05
1.17163e-05
8.28789e-06
4.59176e-06
6.45221e-07
-3.52651e-06
-7.88372e-06
-1.23665e-05
-1.6891e-05
-2.13493e-05
-2.5612e-05
-2.95338e-05
-3.29613e-05
-3.5741e-05
-3.77282e-05
-3.87945e-05
-3.88342e-05
-3.77693e-05
-3.55527e-05
-3.21707e-05
-2.76432e-05
-2.20241e-05
-1.53996e-05
-7.88695e-06
3.69272e-07
9.20049e-06
1.84192e-05
2.78247e-05
3.72097e-05
4.63671e-05
5.50977e-05
6.32165e-05
7.05596e-05
7.69895e-05
8.23988e-05
8.67133e-05
8.98929e-05
9.19307e-05
9.28513e-05
9.27078e-05
9.1577e-05
8.95553e-05
8.67529e-05
8.32885e-05
7.92847e-05
7.48629e-05
7.01389e-05
6.52203e-05
6.02028e-05
5.51691e-05
5.01874e-05
4.53115e-05
4.05807e-05
3.6021e-05
3.16469e-05
2.74625e-05
2.34643e-05
1.96431e-05
1.59861e-05
1.24794e-05
9.10971e-06
5.86642e-06
2.74276e-06
-2.62851e-07
-3.14604e-06
-5.89603e-06
-8.49554e-06
-1.09211e-05
-1.31433e-05
-1.51282e-05
-1.6838e-05
-1.82324e-05
-1.92702e-05
-1.9911e-05
-2.01165e-05
-1.98526e-05
-1.90907e-05
-1.78094e-05
-1.59956e-05
-1.36458e-05
-1.07669e-05
-7.37673e-06
-3.50417e-06
8.10805e-07
5.51771e-06
1.05563e-05
1.58577e-05
2.13458e-05
2.69388e-05
3.25513e-05
3.80957e-05
4.34846e-05
4.86327e-05
5.34586e-05
5.78867e-05
6.18485e-05
6.52846e-05
6.81451e-05
7.03908e-05
7.1994e-05
7.29382e-05
7.32184e-05
7.28411e-05
7.18233e-05
7.01918e-05
6.7983e-05
6.52409e-05
6.2017e-05
5.83682e-05
5.43566e-05
5.00475e-05
4.55088e-05
4.08096e-05
3.60194e-05
3.12071e-05
2.644e-05
2.17829e-05
1.72979e-05
1.30429e-05
9.07161e-06
5.43291e-06
2.17012e-06
-6.79292e-07
-3.08406e-06
-5.01949e-06
-6.46767e-06
-7.41767e-06
-7.86561e-06
-7.81466e-06
-7.27498e-06
)
;

boundaryField
{
    inlet
    {
        type            calculated;
        value           uniform 3.18808e-05;
    }
    outlet
    {
        type            calculated;
        value           uniform -7.27498e-06;
    }
    emptyWalls
    {
        type            empty;
    }
}


// ************************************************************************* //
