/*--------------------------------*- C++ -*----------------------------------*\
  =========                 |
  \\      /  F ield         | OpenFOAM: The Open Source CFD Toolbox
   \\    /   O peration     | Website:  https://openfoam.org
    \\  /    A nd           | Version:  9
     \\/     M anipulation  |
\*---------------------------------------------------------------------------*/
FoamFile
{
    format      ascii;
    class       volVectorField;
    location    "1575";
    object      Ub;
}
// * * * * * * * * * * * * * * * * * * * * * * * * * * * * * * * * * * * * * //

dimensions      [0 0 0 0 0 0 0];

internalField   nonuniform List<vector> 
100
(
(0 0 1.59437e-05)
(0 0 1.58588e-05)
(0 0 1.56938e-05)
(0 0 1.55361e-05)
(0 0 1.53818e-05)
(0 0 1.52296e-05)
(0 0 1.50792e-05)
(0 0 1.49307e-05)
(0 0 1.47841e-05)
(0 0 1.46392e-05)
(0 0 1.44962e-05)
(0 0 1.4355e-05)
(0 0 1.42154e-05)
(0 0 1.40774e-05)
(0 0 1.39409e-05)
(0 0 1.38059e-05)
(0 0 1.36722e-05)
(0 0 1.35397e-05)
(0 0 1.34085e-05)
(0 0 1.32786e-05)
(0 0 1.31498e-05)
(0 0 1.30221e-05)
(0 0 1.28957e-05)
(0 0 1.27705e-05)
(0 0 1.26465e-05)
(0 0 1.25239e-05)
(0 0 1.24026e-05)
(0 0 1.22828e-05)
(0 0 1.21646e-05)
(0 0 1.20479e-05)
(0 0 1.19332e-05)
(0 0 1.18193e-05)
(0 0 1.1703e-05)
(0 0 1.1582e-05)
(0 0 1.14562e-05)
(0 0 1.13274e-05)
(0 0 1.11977e-05)
(0 0 1.10688e-05)
(0 0 1.09419e-05)
(0 0 1.0817e-05)
(0 0 1.06928e-05)
(0 0 1.05665e-05)
(0 0 1.04338e-05)
(0 0 1.02896e-05)
(0 0 1.01291e-05)
(0 0 9.94828e-06)
(0 0 9.74466e-06)
(0 0 9.51885e-06)
(0 0 9.27878e-06)
(0 0 9.03911e-06)
(0 0 8.80854e-06)
(0 0 8.59335e-06)
(0 0 8.44279e-06)
(0 0 8.38812e-06)
(0 0 8.37767e-06)
(0 0 8.37032e-06)
(0 0 8.36384e-06)
(0 0 8.35764e-06)
(0 0 8.35154e-06)
(0 0 8.34547e-06)
(0 0 1.17616e-05)
(0 0 1.56492e-05)
(0 0 1.6119e-05)
(0 0 1.61205e-05)
(0 0 1.61205e-05)
(0 0 1.61205e-05)
(0 0 1.61205e-05)
(0 0 1.61205e-05)
(0 0 1.61205e-05)
(0 0 1.61205e-05)
(0 0 1.61205e-05)
(0 0 1.61205e-05)
(0 0 1.61205e-05)
(0 0 1.61205e-05)
(0 0 1.61205e-05)
(0 0 1.61205e-05)
(0 0 1.61205e-05)
(0 0 1.61205e-05)
(0 0 1.61205e-05)
(0 0 1.61205e-05)
(0 0 1.61205e-05)
(0 0 1.61205e-05)
(0 0 1.61205e-05)
(0 0 1.61205e-05)
(0 0 1.61205e-05)
(0 0 1.61205e-05)
(0 0 1.61205e-05)
(0 0 1.61205e-05)
(0 0 1.61205e-05)
(0 0 1.61205e-05)
(0 0 1.61205e-05)
(0 0 1.61205e-05)
(0 0 1.61205e-05)
(0 0 1.61205e-05)
(0 0 1.61205e-05)
(0 0 1.61205e-05)
(0 0 1.61205e-05)
(0 0 1.61205e-05)
(0 0 1.61205e-05)
(0 0 1.61205e-05)
)
;

boundaryField
{
    inlet
    {
        type            prescribedFracFlowVelocity;
        U               1((0 0 1.61572e-05));
        fractionalFlow  1;
        value           uniform (0 0 1.61572e-05);
    }
    outlet
    {
        type            zeroGradient;
    }
    emptyWalls
    {
        type            empty;
    }
}


// ************************************************************************* //
