/*--------------------------------*- C++ -*----------------------------------*\
  =========                 |
  \\      /  F ield         | OpenFOAM: The Open Source CFD Toolbox
   \\    /   O peration     | Website:  https://openfoam.org
    \\  /    A nd           | Version:  9
     \\/     M anipulation  |
\*---------------------------------------------------------------------------*/
FoamFile
{
    format      ascii;
    class       volScalarField;
    location    "16.5";
    object      Sb;
}
// * * * * * * * * * * * * * * * * * * * * * * * * * * * * * * * * * * * * * //

dimensions      [0 0 0 0 0 0 0];

internalField   nonuniform List<scalar> 
1000
(
0.49941
0.499048
0.498712
0.498389
0.498074
0.497764
0.497459
0.497157
0.496859
0.496562
0.496269
0.495977
0.495688
0.4954
0.495114
0.49483
0.494547
0.494266
0.493986
0.493708
0.493431
0.493156
0.492882
0.492609
0.492337
0.492066
0.491797
0.491529
0.491262
0.490996
0.490732
0.490468
0.490206
0.489944
0.489684
0.489425
0.489166
0.488909
0.488653
0.488397
0.488143
0.48789
0.487637
0.487386
0.487136
0.486886
0.486637
0.48639
0.486143
0.485897
0.485652
0.485408
0.485164
0.484922
0.48468
0.484439
0.4842
0.48396
0.483722
0.483485
0.483248
0.483012
0.482777
0.482543
0.48231
0.482077
0.481845
0.481614
0.481383
0.481154
0.480925
0.480697
0.480469
0.480243
0.480017
0.479791
0.479567
0.479343
0.47912
0.478897
0.478676
0.478455
0.478234
0.478015
0.477796
0.477577
0.47736
0.477143
0.476926
0.47671
0.476495
0.476281
0.476067
0.475854
0.475642
0.47543
0.475218
0.475008
0.474798
0.474588
0.474379
0.474171
0.473964
0.473757
0.47355
0.473344
0.473139
0.472934
0.47273
0.472526
0.472323
0.472121
0.471919
0.471718
0.471517
0.471317
0.471117
0.470918
0.47072
0.470521
0.470324
0.470127
0.469931
0.469735
0.469539
0.469344
0.46915
0.468956
0.468763
0.46857
0.468378
0.468186
0.467994
0.467803
0.467613
0.467423
0.467234
0.467045
0.466856
0.466669
0.466481
0.466294
0.466108
0.465921
0.465736
0.465551
0.465366
0.465182
0.464998
0.464815
0.464632
0.464449
0.464267
0.464086
0.463905
0.463724
0.463544
0.463364
0.463185
0.463006
0.462827
0.462649
0.462472
0.462294
0.462118
0.461941
0.461765
0.46159
0.461414
0.46124
0.461065
0.460891
0.460718
0.460545
0.460372
0.460199
0.460027
0.459856
0.459685
0.459514
0.459343
0.459173
0.459004
0.458834
0.458665
0.458497
0.458329
0.458161
0.457993
0.457826
0.45766
0.457493
0.457327
0.457162
0.456997
0.456832
0.456667
0.456503
0.456339
0.456176
0.456012
0.45585
0.455687
0.455525
0.455363
0.455202
0.455041
0.45488
0.45472
0.45456
0.4544
0.454241
0.454081
0.453923
0.453764
0.453606
0.453448
0.453291
0.453134
0.452977
0.45282
0.452664
0.452508
0.452353
0.452198
0.452043
0.451888
0.451734
0.45158
0.451426
0.451273
0.45112
0.450967
0.450814
0.450662
0.45051
0.450359
0.450207
0.450056
0.449906
0.449755
0.449605
0.449455
0.449306
0.449156
0.449007
0.448859
0.44871
0.448562
0.448414
0.448266
0.448119
0.447972
0.447825
0.447679
0.447533
0.447387
0.447241
0.447096
0.44695
0.446806
0.446661
0.446517
0.446373
0.446229
0.446085
0.445942
0.445799
0.445656
0.445514
0.445371
0.445229
0.445088
0.444946
0.444805
0.444664
0.444523
0.444383
0.444242
0.444102
0.443963
0.443823
0.443684
0.443545
0.443406
0.443267
0.443129
0.442991
0.442853
0.442716
0.442578
0.442441
0.442304
0.442168
0.442031
0.441895
0.441759
0.441623
0.441488
0.441353
0.441218
0.441083
0.440948
0.440814
0.44068
0.440546
0.440412
0.440279
0.440145
0.440012
0.43988
0.439747
0.439615
0.439482
0.439351
0.439219
0.439087
0.438956
0.438825
0.438694
0.438563
0.438433
0.438303
0.438173
0.438043
0.437913
0.437784
0.437655
0.437526
0.437397
0.437268
0.43714
0.437012
0.436884
0.436756
0.436628
0.436501
0.436374
0.436247
0.43612
0.435993
0.435867
0.435741
0.435615
0.435489
0.435363
0.435238
0.435113
0.434988
0.434863
0.434738
0.434614
0.434489
0.434365
0.434241
0.434118
0.433994
0.433871
0.433748
0.433625
0.433502
0.433379
0.433257
0.433134
0.433012
0.43289
0.432769
0.432647
0.432526
0.432405
0.432284
0.432163
0.432042
0.431922
0.431801
0.431681
0.431561
0.431441
0.431322
0.431202
0.431083
0.430964
0.430845
0.430726
0.430608
0.430489
0.430371
0.430253
0.430135
0.430017
0.4299
0.429782
0.429665
0.429548
0.429431
0.429314
0.429197
0.429081
0.428965
0.428849
0.428733
0.428617
0.428501
0.428386
0.42827
0.428155
0.42804
0.427925
0.42781
0.427696
0.427581
0.427467
0.427353
0.427239
0.427125
0.427012
0.426898
0.426785
0.426672
0.426559
0.426446
0.426333
0.426221
0.426108
0.425996
0.425884
0.425772
0.42566
0.425548
0.425437
0.425325
0.425214
0.425103
0.424992
0.424881
0.42477
0.42466
0.424549
0.424439
0.424329
0.424219
0.424109
0.424
0.42389
0.423781
0.423671
0.423562
0.423453
0.423344
0.423236
0.423127
0.423019
0.42291
0.422802
0.422694
0.422586
0.422478
0.422371
0.422263
0.422156
0.422049
0.421942
0.421835
0.421728
0.421621
0.421514
0.421408
0.421302
0.421195
0.421089
0.420983
0.420878
0.420772
0.420666
0.420561
0.420456
0.420351
0.420245
0.420141
0.420036
0.419931
0.419827
0.419722
0.419618
0.419514
0.41941
0.419306
0.419202
0.419098
0.418995
0.418891
0.418788
0.418685
0.418582
0.418479
0.418376
0.418273
0.418171
0.418068
0.417966
0.417864
0.417761
0.417659
0.417558
0.417456
0.417354
0.417253
0.417151
0.41705
0.416949
0.416848
0.416747
0.416646
0.416545
0.416444
0.416344
0.416244
0.416143
0.416043
0.415943
0.415843
0.415743
0.415644
0.415544
0.415445
0.415345
0.415246
0.415147
0.415048
0.414949
0.41485
0.414751
0.414653
0.414554
0.414456
0.414357
0.414259
0.414161
0.414063
0.413965
0.413867
0.41377
0.413672
0.413575
0.413477
0.41338
0.413283
0.413186
0.413089
0.412992
0.412895
0.412799
0.412702
0.412606
0.41251
0.412413
0.412317
0.412221
0.412125
0.41203
0.411934
0.411838
0.411743
0.411647
0.411552
0.411457
0.411362
0.411267
0.411172
0.411077
0.410982
0.410888
0.410793
0.410699
0.410604
0.41051
0.410416
0.410322
0.410228
0.410134
0.41004
0.409947
0.409853
0.40976
0.409666
0.409573
0.40948
0.409387
0.409294
0.409201
0.409108
0.409015
0.408923
0.40883
0.408738
0.408645
0.408553
0.408461
0.408369
0.408277
0.408185
0.408093
0.408001
0.40791
0.407818
0.407727
0.407635
0.407544
0.407453
0.407362
0.407271
0.40718
0.407089
0.406998
0.406907
0.406817
0.406726
0.406636
0.406546
0.406455
0.406365
0.406275
0.406185
0.406095
0.406006
0.405916
0.405826
0.405737
0.405647
0.405558
0.405469
0.405379
0.40529
0.405201
0.405112
0.405023
0.404935
0.404846
0.404757
0.404669
0.40458
0.404492
0.404403
0.404315
0.404227
0.404139
0.404051
0.403963
0.403875
0.403788
0.4037
0.403612
0.403525
0.403437
0.40335
0.403263
0.403176
0.403088
0.403001
0.402915
0.402828
0.402741
0.402654
0.402567
0.402481
0.402394
0.402308
0.402222
0.402135
0.402049
0.401963
0.401877
0.401791
0.401705
0.401619
0.401534
0.401448
0.401362
0.401277
0.401192
0.401106
0.401021
0.400936
0.400851
0.400766
0.400681
0.400596
0.400511
0.400426
0.400341
0.400257
0.400172
0.400088
0.400003
0.399919
0.399835
0.39975
0.399666
0.399582
0.399498
0.399414
0.399331
0.399247
0.399163
0.399079
0.398996
0.398912
0.398829
0.398746
0.398662
0.398579
0.398496
0.398413
0.39833
0.398247
0.398164
0.398081
0.397999
0.397916
0.397833
0.397751
0.397668
0.397586
0.397504
0.397421
0.397339
0.397257
0.397175
0.397093
0.397011
0.396929
0.396848
0.396766
0.396684
0.396603
0.396521
0.39644
0.396358
0.396277
0.396196
0.396114
0.396033
0.395952
0.395871
0.39579
0.395709
0.395628
0.395548
0.395467
0.395386
0.395306
0.395225
0.395145
0.395064
0.394984
0.394904
0.394824
0.394744
0.394663
0.394583
0.394504
0.394424
0.394344
0.394264
0.394184
0.394105
0.394025
0.393946
0.393866
0.393787
0.393707
0.393628
0.393549
0.39347
0.393391
0.393312
0.393233
0.393154
0.393075
0.392996
0.392917
0.392839
0.39276
0.392681
0.392603
0.392525
0.392446
0.392368
0.39229
0.392211
0.392133
0.392055
0.391977
0.391899
0.391821
0.391743
0.391665
0.391588
0.39151
0.391432
0.391355
0.391277
0.3912
0.391122
0.391045
0.390968
0.39089
0.390813
0.390736
0.390659
0.390582
0.390505
0.390428
0.390351
0.390274
0.390198
0.390121
0.390044
0.389968
0.389891
0.389815
0.389738
0.389662
0.389585
0.389509
0.389433
0.389357
0.389281
0.389205
0.389129
0.389053
0.388977
0.388901
0.388825
0.388749
0.388674
0.388598
0.388522
0.388447
0.388371
0.388296
0.388221
0.388145
0.38807
0.387995
0.387919
0.387844
0.387769
0.387694
0.387619
0.387544
0.387469
0.387395
0.38732
0.387245
0.38717
0.387096
0.387021
0.386947
0.386872
0.386798
0.386723
0.386649
0.386575
0.386501
0.386426
0.386352
0.386278
0.386204
0.38613
0.386056
0.385982
0.385908
0.385835
0.385761
0.385687
0.385614
0.38554
0.385466
0.385393
0.385319
0.385246
0.385173
0.385099
0.385026
0.384953
0.38488
0.384806
0.384733
0.38466
0.384587
0.384514
0.384441
0.384369
0.384296
0.384223
0.38415
0.384078
0.384005
0.383932
0.38386
0.383787
0.383715
0.383642
0.38357
0.383498
0.383425
0.383353
0.383281
0.383209
0.383137
0.383065
0.382993
0.382921
0.382849
0.382777
0.382705
0.382633
0.382561
0.38249
0.382418
0.382346
0.382275
0.382203
0.382132
0.38206
0.381989
0.381918
0.381846
0.381775
0.381704
0.381633
0.381561
0.38149
0.381419
0.381348
0.381277
0.381206
0.381135
0.381064
0.380994
0.380923
0.380852
0.380781
0.380711
0.38064
0.380569
0.380499
0.380428
0.380358
0.380287
0.380217
0.380147
0.380076
0.380006
0.379936
0.379866
0.379796
0.379725
0.379655
0.379585
0.379515
0.379445
0.379375
0.379306
0.379236
0.379166
0.379096
0.379026
0.378957
0.378887
0.378818
0.378748
0.378678
0.378609
0.378539
0.37847
0.378401
0.378331
0.378262
0.378193
0.378123
0.378054
0.377985
0.377916
0.377847
0.377778
0.377709
0.37764
0.377571
0.377502
0.377433
0.377364
0.377295
0.377227
0.377158
0.377089
0.377021
0.376952
0.376883
)
;

boundaryField
{
    inlet
    {
        type            fixedValue;
        value           uniform 0.5;
    }
    outlet
    {
        type            zeroGradient;
    }
    emptyWalls
    {
        type            empty;
    }
}


// ************************************************************************* //
