/*--------------------------------*- C++ -*----------------------------------*\
  =========                 |
  \\      /  F ield         | OpenFOAM: The Open Source CFD Toolbox
   \\    /   O peration     | Website:  https://openfoam.org
    \\  /    A nd           | Version:  9
     \\/     M anipulation  |
\*---------------------------------------------------------------------------*/
FoamFile
{
    format      ascii;
    class       volScalarField;
    location    "19.2";
    object      krb;
}
// * * * * * * * * * * * * * * * * * * * * * * * * * * * * * * * * * * * * * //

dimensions      [0 0 0 0 0 0 0];

internalField   nonuniform List<scalar> 
1000
(
0.30219
0.301718
0.30128
0.300859
0.300449
0.300045
0.299648
0.299255
0.298866
0.29848
0.298098
0.297719
0.297342
0.296967
0.296595
0.296225
0.295857
0.295492
0.295128
0.294766
0.294406
0.294047
0.293691
0.293336
0.292983
0.292631
0.292281
0.291933
0.291586
0.291241
0.290897
0.290555
0.290214
0.289875
0.289537
0.2892
0.288865
0.288531
0.288198
0.287867
0.287538
0.287209
0.286882
0.286556
0.286231
0.285908
0.285586
0.285265
0.284945
0.284626
0.284309
0.283993
0.283678
0.283364
0.283052
0.28274
0.28243
0.282121
0.281813
0.281506
0.2812
0.280895
0.280591
0.280289
0.279987
0.279687
0.279387
0.279089
0.278791
0.278495
0.2782
0.277906
0.277612
0.27732
0.277029
0.276738
0.276449
0.276161
0.275873
0.275587
0.275302
0.275017
0.274733
0.274451
0.274169
0.273888
0.273608
0.273329
0.273051
0.272774
0.272498
0.272222
0.271948
0.271674
0.271401
0.271129
0.270858
0.270588
0.270319
0.27005
0.269782
0.269516
0.269249
0.268984
0.26872
0.268456
0.268193
0.267931
0.26767
0.26741
0.26715
0.266891
0.266633
0.266376
0.266119
0.265864
0.265609
0.265354
0.265101
0.264848
0.264596
0.264345
0.264094
0.263844
0.263595
0.263347
0.263099
0.262852
0.262606
0.26236
0.262115
0.261871
0.261628
0.261385
0.261143
0.260901
0.260661
0.260421
0.260181
0.259942
0.259704
0.259467
0.25923
0.258994
0.258758
0.258524
0.258289
0.258056
0.257823
0.257591
0.257359
0.257128
0.256898
0.256668
0.256439
0.25621
0.255982
0.255755
0.255528
0.255302
0.255076
0.254851
0.254627
0.254403
0.25418
0.253957
0.253735
0.253514
0.253293
0.253072
0.252853
0.252633
0.252415
0.252197
0.251979
0.251762
0.251546
0.25133
0.251114
0.2509
0.250685
0.250472
0.250258
0.250046
0.249833
0.249622
0.249411
0.2492
0.24899
0.248781
0.248572
0.248363
0.248155
0.247947
0.24774
0.247534
0.247328
0.247122
0.246917
0.246713
0.246509
0.246305
0.246102
0.2459
0.245697
0.245496
0.245295
0.245094
0.244894
0.244694
0.244495
0.244296
0.244098
0.2439
0.243702
0.243505
0.243309
0.243113
0.242917
0.242722
0.242527
0.242333
0.242139
0.241946
0.241753
0.24156
0.241368
0.241177
0.240985
0.240795
0.240604
0.240414
0.240225
0.240036
0.239847
0.239659
0.239471
0.239284
0.239097
0.23891
0.238724
0.238538
0.238353
0.238168
0.237983
0.237799
0.237615
0.237432
0.237249
0.237066
0.236884
0.236702
0.236521
0.23634
0.236159
0.235979
0.235799
0.23562
0.235441
0.235262
0.235083
0.234905
0.234728
0.234551
0.234374
0.234197
0.234021
0.233845
0.23367
0.233495
0.23332
0.233146
0.232972
0.232798
0.232625
0.232452
0.23228
0.232108
0.231936
0.231764
0.231593
0.231422
0.231252
0.231082
0.230912
0.230743
0.230574
0.230405
0.230236
0.230068
0.229901
0.229733
0.229566
0.229399
0.229233
0.229067
0.228901
0.228736
0.228571
0.228406
0.228241
0.228077
0.227913
0.22775
0.227587
0.227424
0.227261
0.227099
0.226937
0.226775
0.226614
0.226453
0.226292
0.226132
0.225972
0.225812
0.225652
0.225493
0.225334
0.225176
0.225018
0.22486
0.224702
0.224544
0.224387
0.22423
0.224074
0.223918
0.223762
0.223606
0.223451
0.223296
0.223141
0.222986
0.222832
0.222678
0.222525
0.222371
0.222218
0.222065
0.221913
0.22176
0.221608
0.221457
0.221305
0.221154
0.221003
0.220853
0.220702
0.220552
0.220402
0.220253
0.220103
0.219954
0.219806
0.219657
0.219509
0.219361
0.219213
0.219066
0.218918
0.218772
0.218625
0.218478
0.218332
0.218186
0.218041
0.217895
0.21775
0.217605
0.217461
0.217316
0.217172
0.217028
0.216884
0.216741
0.216598
0.216455
0.216312
0.21617
0.216027
0.215886
0.215744
0.215602
0.215461
0.21532
0.215179
0.215039
0.214898
0.214758
0.214619
0.214479
0.21434
0.2142
0.214062
0.213923
0.213784
0.213646
0.213508
0.21337
0.213233
0.213096
0.212958
0.212822
0.212685
0.212549
0.212412
0.212276
0.212141
0.212005
0.21187
0.211735
0.2116
0.211465
0.211331
0.211197
0.211063
0.210929
0.210795
0.210662
0.210529
0.210396
0.210263
0.21013
0.209998
0.209866
0.209734
0.209602
0.209471
0.20934
0.209209
0.209078
0.208947
0.208817
0.208686
0.208556
0.208426
0.208297
0.208167
0.208038
0.207909
0.20778
0.207652
0.207523
0.207395
0.207267
0.207139
0.207011
0.206884
0.206757
0.206629
0.206503
0.206376
0.206249
0.206123
0.205997
0.205871
0.205745
0.20562
0.205494
0.205369
0.205244
0.205119
0.204995
0.20487
0.204746
0.204622
0.204498
0.204375
0.204251
0.204128
0.204005
0.203882
0.203759
0.203636
0.203514
0.203392
0.203269
0.203148
0.203026
0.202904
0.202783
0.202662
0.202541
0.20242
0.202299
0.202179
0.202059
0.201938
0.201818
0.201699
0.201579
0.20146
0.20134
0.201221
0.201102
0.200984
0.200865
0.200747
0.200628
0.20051
0.200392
0.200275
0.200157
0.20004
0.199922
0.199805
0.199688
0.199572
0.199455
0.199338
0.199222
0.199106
0.19899
0.198874
0.198759
0.198643
0.198528
0.198413
0.198298
0.198183
0.198068
0.197954
0.197839
0.197725
0.197611
0.197497
0.197384
0.19727
0.197157
0.197043
0.19693
0.196817
0.196704
0.196592
0.196479
0.196367
0.196255
0.196143
0.196031
0.195919
0.195807
0.195696
0.195585
0.195473
0.195362
0.195252
0.195141
0.19503
0.19492
0.19481
0.194699
0.194589
0.19448
0.19437
0.19426
0.194151
0.194042
0.193933
0.193824
0.193715
0.193606
0.193497
0.193389
0.193281
0.193173
0.193065
0.192957
0.192849
0.192742
0.192634
0.192527
0.19242
0.192313
0.192206
0.192099
0.191992
0.191886
0.19178
0.191673
0.191567
0.191461
0.191356
0.19125
0.191144
0.191039
0.190934
0.190829
0.190724
0.190619
0.190514
0.190409
0.190305
0.190201
0.190096
0.189992
0.189888
0.189785
0.189681
0.189577
0.189474
0.189371
0.189267
0.189164
0.189061
0.188959
0.188856
0.188753
0.188651
0.188549
0.188447
0.188344
0.188243
0.188141
0.188039
0.187938
0.187836
0.187735
0.187634
0.187533
0.187432
0.187331
0.18723
0.18713
0.187029
0.186929
0.186829
0.186729
0.186629
0.186529
0.186429
0.186329
0.18623
0.186131
0.186031
0.185932
0.185833
0.185734
0.185635
0.185537
0.185438
0.18534
0.185241
0.185143
0.185045
0.184947
0.184849
0.184752
0.184654
0.184556
0.184459
0.184362
0.184265
0.184168
0.184071
0.183974
0.183877
0.18378
0.183684
0.183588
0.183491
0.183395
0.183299
0.183203
0.183107
0.183012
0.182916
0.18282
0.182725
0.18263
0.182535
0.182439
0.182344
0.18225
0.182155
0.18206
0.181966
0.181871
0.181777
0.181683
0.181589
0.181495
0.181401
0.181307
0.181213
0.18112
0.181026
0.180933
0.18084
0.180746
0.180653
0.18056
0.180467
0.180375
0.180282
0.180189
0.180097
0.180005
0.179912
0.17982
0.179728
0.179636
0.179544
0.179453
0.179361
0.17927
0.179178
0.179087
0.178996
0.178904
0.178813
0.178722
0.178632
0.178541
0.17845
0.17836
0.178269
0.178179
0.178089
0.177998
0.177908
0.177818
0.177728
0.177639
0.177549
0.177459
0.17737
0.177281
0.177191
0.177102
0.177013
0.176924
0.176835
0.176746
0.176657
0.176569
0.17648
0.176392
0.176303
0.176215
0.176127
0.176039
0.175951
0.175863
0.175775
0.175688
0.1756
0.175512
0.175425
0.175338
0.17525
0.175163
0.175076
0.174989
0.174902
0.174815
0.174729
0.174642
0.174556
0.174469
0.174383
0.174296
0.17421
0.174124
0.174038
0.173952
0.173866
0.173781
0.173695
0.173609
0.173524
0.173439
0.173353
0.173268
0.173183
0.173098
0.173013
0.172928
0.172843
0.172758
0.172674
0.172589
0.172505
0.17242
0.172336
0.172252
0.172168
0.172084
0.172
0.171916
0.171832
0.171748
0.171665
0.171581
0.171498
0.171414
0.171331
0.171248
0.171165
0.171082
0.170999
0.170916
0.170833
0.17075
0.170668
0.170585
0.170503
0.17042
0.170338
0.170256
0.170174
0.170091
0.170009
0.169928
0.169846
0.169764
0.169682
0.169601
0.169519
0.169438
0.169356
0.169275
0.169194
0.169113
0.169032
0.168951
0.16887
0.168789
0.168708
0.168627
0.168547
0.168466
0.168386
0.168306
0.168225
0.168145
0.168065
0.167985
0.167905
0.167825
0.167745
0.167665
0.167586
0.167506
0.167426
0.167347
0.167268
0.167188
0.167109
0.16703
0.166951
0.166872
0.166793
0.166714
0.166635
0.166556
0.166478
0.166399
0.166321
0.166242
0.166164
0.166086
0.166007
0.165929
0.165851
0.165773
0.165695
0.165617
0.165539
0.165462
0.165384
0.165306
0.165229
0.165151
0.165074
0.164997
0.16492
0.164842
0.164765
0.164688
0.164611
0.164534
0.164458
0.164381
0.164304
0.164228
0.164151
0.164075
0.163998
0.163922
0.163846
0.163769
0.163693
0.163617
0.163541
0.163465
0.163389
0.163314
0.163238
0.163162
0.163087
0.163011
0.162936
0.16286
0.162785
0.16271
0.162634
0.162559
0.162484
0.162409
0.162334
0.162259
0.162185
0.16211
0.162035
0.161961
0.161886
0.161811
0.161737
0.161663
0.161588
0.161514
0.16144
0.161366
0.161292
0.161218
0.161144
0.16107
0.160996
0.160923
0.160849
0.160775
0.160702
0.160628
0.160555
0.160482
0.160408
0.160335
0.160262
0.160189
0.160116
0.160043
0.15997
0.159897
0.159824
0.159752
0.159679
0.159606
0.159534
0.159461
0.159389
0.159317
0.159244
0.159172
0.1591
0.159028
0.158956
0.158884
0.158812
0.15874
0.158668
0.158596
0.158525
0.158453
0.158381
0.15831
0.158238
0.158167
0.158096
0.158024
0.157953
0.157882
0.157811
0.15774
0.157669
0.157598
0.157527
0.157456
0.157385
0.157315
0.157244
0.157173
0.157103
0.157032
0.156962
0.156891
0.156821
0.156751
0.156681
0.156611
0.15654
0.15647
0.1564
0.156331
0.156261
0.156191
0.156121
0.156051
0.155982
0.155912
)
;

boundaryField
{
    inlet
    {
        type            calculated;
        value           uniform 0.302959;
    }
    outlet
    {
        type            calculated;
        value           uniform 0.155912;
    }
    emptyWalls
    {
        type            empty;
    }
}


// ************************************************************************* //
