Best solution found: 
X = [3.15237812 1.77025629 4.68529979 1.35947803 1.33858115 0.18924891]
F = [0.8269423]
