Best solution found: 
X = [9.9999974  1.3881663  4.44444614 1.43842665 1.49995733 1.48368545]
F = [1.8953034]
