Best solution found: 
X = [9.99801203 1.04776976 4.41776048 1.0742836  0.62047662 1.49999944]
F = [1.89400656]
