Best solution found: 
X = [9.99998765 1.04846862 4.41696555 1.06030932 0.62169951 1.49998032]
F = [1.89400805]
