/*--------------------------------*- C++ -*----------------------------------*\
  =========                 |
  \\      /  F ield         | OpenFOAM: The Open Source CFD Toolbox
   \\    /   O peration     | Website:  https://openfoam.org
    \\  /    A nd           | Version:  9
     \\/     M anipulation  |
\*---------------------------------------------------------------------------*/
FoamFile
{
    format      ascii;
    class       volScalarField;
    location    "10.6";
    object      kra;
}
// * * * * * * * * * * * * * * * * * * * * * * * * * * * * * * * * * * * * * //

dimensions      [0 0 0 0 0 0 0];

internalField   nonuniform List<scalar> 
1000
(
0.0147257
0.0146846
0.0146467
0.0146104
0.0145751
0.0145406
0.0145067
0.0144733
0.0144403
0.0144078
0.0143757
0.0143439
0.0143124
0.0142812
0.0142504
0.0142198
0.0141895
0.0141595
0.0141297
0.0141002
0.0140709
0.0140418
0.014013
0.0139844
0.013956
0.0139279
0.0138999
0.0138722
0.0138447
0.0138173
0.0137902
0.0137633
0.0137365
0.0137099
0.0136836
0.0136574
0.0136313
0.0136055
0.0135798
0.0135543
0.013529
0.0135038
0.0134789
0.013454
0.0134293
0.0134048
0.0133805
0.0133563
0.0133322
0.0133083
0.0132845
0.0132609
0.0132375
0.0132141
0.0131909
0.0131679
0.013145
0.0131222
0.0130996
0.0130771
0.0130547
0.0130325
0.0130104
0.0129884
0.0129665
0.0129448
0.0129232
0.0129017
0.0128803
0.0128591
0.0128379
0.0128169
0.012796
0.0127752
0.0127546
0.012734
0.0127135
0.0126932
0.012673
0.0126529
0.0126328
0.0126129
0.0125931
0.0125734
0.0125538
0.0125343
0.0125149
0.0124956
0.0124764
0.0124573
0.0124383
0.0124194
0.0124006
0.0123818
0.0123632
0.0123447
0.0123262
0.0123079
0.0122896
0.0122714
0.0122533
0.0122353
0.0122174
0.0121996
0.0121818
0.0121642
0.0121466
0.0121291
0.0121117
0.0120943
0.0120771
0.0120599
0.0120428
0.0120258
0.0120089
0.011992
0.0119752
0.0119585
0.0119419
0.0119253
0.0119089
0.0118925
0.0118761
0.0118599
0.0118437
0.0118275
0.0118115
0.0117955
0.0117796
0.0117638
0.011748
0.0117323
0.0117167
0.0117011
0.0116856
0.0116701
0.0116548
0.0116395
0.0116242
0.011609
0.0115939
0.0115789
0.0115639
0.0115489
0.0115341
0.0115192
0.0115045
0.0114898
0.0114752
0.0114606
0.0114461
0.0114316
0.0114173
0.0114029
0.0113886
0.0113744
0.0113602
0.0113461
0.0113321
0.0113181
0.0113041
0.0112902
0.0112764
0.0112626
0.0112489
0.0112352
0.0112216
0.011208
0.0111945
0.011181
0.0111676
0.0111542
0.0111409
0.0111276
0.0111144
0.0111012
0.0110881
0.011075
0.011062
0.011049
0.011036
0.0110232
0.0110103
0.0109975
0.0109848
0.0109721
0.0109594
0.0109468
0.0109343
0.0109217
0.0109093
0.0108968
0.0108844
0.0108721
0.0108598
0.0108475
0.0108353
0.0108232
0.010811
0.0107989
0.0107869
0.0107749
0.0107629
0.010751
0.0107391
0.0107273
0.0107155
0.0107037
0.010692
0.0106803
0.0106687
0.0106571
0.0106455
0.010634
0.0106225
0.010611
0.0105996
0.0105883
0.0105769
0.0105656
0.0105544
0.0105431
0.0105319
0.0105208
0.0105097
0.0104986
0.0104875
0.0104765
0.0104655
0.0104546
0.0104437
0.0104328
0.010422
0.0104112
0.0104004
0.0103897
0.010379
0.0103683
0.0103577
0.0103471
0.0103365
0.010326
0.0103155
0.010305
0.0102946
0.0102842
0.0102738
0.0102634
0.0102531
0.0102428
0.0102326
0.0102224
0.0102122
0.010202
0.0101919
0.0101818
0.0101717
0.0101617
0.0101517
0.0101417
0.0101318
0.0101219
0.010112
0.0101021
0.0100923
0.0100825
0.0100727
0.0100629
0.0100532
0.0100435
0.0100339
0.0100242
0.0100146
0.0100051
0.0099955
0.00998598
0.00997648
0.00996701
0.00995757
0.00994815
0.00993876
0.0099294
0.00992006
0.00991075
0.00990146
0.0098922
0.00988297
0.00987376
0.00986457
0.00985542
0.00984628
0.00983718
0.00982809
0.00981904
0.00981
0.00980099
0.00979201
0.00978305
0.00977411
0.0097652
0.00975632
0.00974745
0.00973861
0.0097298
0.009721
0.00971223
0.00970349
0.00969476
0.00968606
0.00967739
0.00966873
0.0096601
0.00965149
0.00964291
0.00963434
0.0096258
0.00961728
0.00960879
0.00960031
0.00959186
0.00958343
0.00957502
0.00956663
0.00955826
0.00954992
0.00954159
0.00953329
0.00952501
0.00951675
0.00950851
0.00950029
0.00949209
0.00948392
0.00947576
0.00946762
0.00945951
0.00945141
0.00944333
0.00943528
0.00942724
0.00941923
0.00941123
0.00940325
0.0093953
0.00938736
0.00937944
0.00937154
0.00936366
0.0093558
0.00934796
0.00934014
0.00933234
0.00932455
0.00931679
0.00930904
0.00930131
0.0092936
0.00928591
0.00927824
0.00927058
0.00926295
0.00925533
0.00924773
0.00924014
0.00923258
0.00922503
0.0092175
0.00920999
0.0092025
0.00919502
0.00918756
0.00918012
0.0091727
0.00916529
0.0091579
0.00915053
0.00914317
0.00913583
0.00912851
0.00912121
0.00911392
0.00910665
0.00909939
0.00909215
0.00908493
0.00907772
0.00907054
0.00906336
0.0090562
0.00904906
0.00904194
0.00903483
0.00902774
0.00902066
0.0090136
0.00900655
0.00899952
0.00899251
0.00898551
0.00897852
0.00897155
0.0089646
0.00895766
0.00895074
0.00894383
0.00893694
0.00893006
0.0089232
0.00891635
0.00890952
0.0089027
0.0088959
0.00888911
0.00888234
0.00887558
0.00886883
0.0088621
0.00885539
0.00884868
0.008842
0.00883532
0.00882867
0.00882202
0.00881539
0.00880877
0.00880217
0.00879558
0.00878901
0.00878244
0.0087759
0.00876936
0.00876284
0.00875633
0.00874984
0.00874336
0.0087369
0.00873044
0.008724
0.00871758
0.00871116
0.00870476
0.00869838
0.008692
0.00868564
0.00867929
0.00867296
0.00866664
0.00866033
0.00865403
0.00864775
0.00864147
0.00863522
0.00862897
0.00862274
0.00861652
0.00861031
0.00860411
0.00859793
0.00859176
0.0085856
0.00857945
0.00857332
0.00856719
0.00856108
0.00855498
0.0085489
0.00854282
0.00853676
0.00853071
0.00852467
0.00851864
0.00851263
0.00850662
0.00850063
0.00849465
0.00848868
0.00848272
0.00847678
0.00847084
0.00846492
0.00845901
0.00845311
0.00844722
0.00844134
0.00843548
0.00842962
0.00842378
0.00841794
0.00841212
0.00840631
0.00840051
0.00839472
0.00838894
0.00838317
0.00837742
0.00837167
0.00836593
0.00836021
0.0083545
0.00834879
0.0083431
0.00833742
0.00833175
0.00832608
0.00832043
0.00831479
0.00830916
0.00830354
0.00829793
0.00829233
0.00828675
0.00828117
0.0082756
0.00827004
0.00826449
0.00825895
0.00825342
0.00824791
0.0082424
0.0082369
0.00823141
0.00822593
0.00822046
0.008215
0.00820955
0.00820411
0.00819868
0.00819326
0.00818785
0.00818245
0.00817706
0.00817168
0.00816631
0.00816094
0.00815559
0.00815024
0.00814491
0.00813958
0.00813427
0.00812896
0.00812366
0.00811837
0.00811309
0.00810782
0.00810256
0.00809731
0.00809207
0.00808683
0.00808161
0.00807639
0.00807118
0.00806598
0.00806079
0.00805561
0.00805044
0.00804528
0.00804012
0.00803498
0.00802984
0.00802471
0.00801959
0.00801448
0.00800938
0.00800429
0.0079992
0.00799412
0.00798905
0.00798399
0.00797894
0.0079739
0.00796886
0.00796384
0.00795882
0.00795381
0.00794881
0.00794381
0.00793883
0.00793385
0.00792888
0.00792392
0.00791897
0.00791402
0.00790908
0.00790416
0.00789923
0.00789432
0.00788942
0.00788452
0.00787963
0.00787475
0.00786987
0.00786501
0.00786015
0.0078553
0.00785046
0.00784562
0.00784079
0.00783597
0.00783116
0.00782636
0.00782156
0.00781677
0.00781199
0.00780721
0.00780245
0.00779769
0.00779293
0.00778819
0.00778345
0.00777872
0.007774
0.00776928
0.00776457
0.00775987
0.00775518
0.00775049
0.00774581
0.00774114
0.00773647
0.00773181
0.00772716
0.00772252
0.00771788
0.00771325
0.00770862
0.00770401
0.0076994
0.00769479
0.0076902
0.00768561
0.00768102
0.00767645
0.00767188
0.00766732
0.00766276
0.00765821
0.00765367
0.00764913
0.0076446
0.00764008
0.00763557
0.00763106
0.00762655
0.00762206
0.00761757
0.00761308
0.00760861
0.00760413
0.00759967
0.00759521
0.00759076
0.00758631
0.00758187
0.00757744
0.00757301
0.00756859
0.00756418
0.00755977
0.00755536
0.00755097
0.00754658
0.00754219
0.00753781
0.00753344
0.00752907
0.00752471
0.00752036
0.00751601
0.00751166
0.00750733
0.00750299
0.00749867
0.00749435
0.00749003
0.00748572
0.00748142
0.00747712
0.00747283
0.00746854
0.00746426
0.00745998
0.00745571
0.00745145
0.00744718
0.00744293
0.00743868
0.00743444
0.0074302
0.00742596
0.00742173
0.00741751
0.00741329
0.00740908
0.00740487
0.00740067
0.00739647
0.00739227
0.00738808
0.0073839
0.00737972
0.00737555
0.00737138
0.00736721
0.00736305
0.00735889
0.00735474
0.00735059
0.00734645
0.00734231
0.00733818
0.00733405
0.00732992
0.0073258
0.00732168
0.00731757
0.00731346
0.00730936
0.00730525
0.00730116
0.00729706
0.00729297
0.00728889
0.0072848
0.00728072
0.00727665
0.00727257
0.0072685
0.00726444
0.00726038
0.00725632
0.00725226
0.0072482
0.00724415
0.0072401
0.00723606
0.00723201
0.00722797
0.00722393
0.0072199
0.00721586
0.00721183
0.0072078
0.00720377
0.00719974
0.00719572
0.00719169
0.00718767
0.00718364
0.00717962
0.0071756
0.00717158
0.00716756
0.00716354
0.00715952
0.0071555
0.00715148
0.00714746
0.00714343
0.00713941
0.00713539
0.00713136
0.00712733
0.0071233
0.00711927
0.00711523
0.00711119
0.00710715
0.0071031
0.00709905
0.00709499
0.00709093
0.00708686
0.00708279
0.00707871
0.00707462
0.00707052
0.00706642
0.00706231
0.00705818
0.00705405
0.0070499
0.00704575
0.00704157
0.00703739
0.00703319
0.00702897
0.00702474
0.00702049
0.00701621
0.00701192
0.0070076
0.00700326
0.00699889
0.0069945
0.00699007
0.00698561
0.00698111
0.00697658
0.006972
0.00696738
0.00696271
0.00695799
0.00695322
0.00694838
0.00694348
0.00693851
0.00693346
0.00692832
0.0069231
0.00691777
0.00691234
0.00690678
0.0069011
0.00689527
0.00688927
0.0068831
0.00687674
0.00687015
0.00686332
0.00685622
0.00684881
0.00684105
0.0068329
0.0068243
0.00681518
0.00680547
0.00679507
0.00678387
0.00677172
0.00675844
0.00674382
0.00672756
0.00670929
0.00668851
0.00666457
0.00663653
0.00660307
0.00656226
0.00651111
0.00644479
0.006355
0.00622617
0.00602588
0.00567746
0.00494423
0.00347058
0.00338586
0.00325611
0.00309488
0.0029264
0.00277564
0.00266809
0.00262614
0.00266115
0.00276302
0.00289663
0.00301593
0.0030887
0.00310852
0.00308734
0.00304259
0.00298965
0.00293985
0.00290079
0.00287692
0.00286976
0.00287788
0.00289714
0.00292161
0.00294507
0.00296264
0.00297174
0.00297229
0.00296607
0.00295586
0.00294456
0.00293465
0.00292778
0.00292471
0.00292528
0.00292866
0.0029336
0.00293877
0.00294306
0.00294577
0.00294668
0.00294597
0.00294413
0.00294177
0.00293948
0.0029377
0.00293669
0.0029365
0.002937
0.00293795
0.00293906
0.00294008
0.00294082
0.0029412
0.00294121
0.00294094
0.00294051
0.00294004
0.00293965
0.00293942
0.00293937
0.00293949
0.00293974
0.00294007
0.0029404
0.00294069
0.00294091
0.00294105
0.00294112
0.00294113
0.00294111
0.00294108
0.00294105
0.00294104
0.00294105
0.00294106
0.00294106
0.00294105
0.00294102
0.00294096
0.00294087
0.00294075
0.00294062
0.00294048
0.00294034
0.00294022
0.00294011
0.00294001
0.00293993
0.00293987
0.00293982
0.00293978
0.00293975
0.00293972
0.0029397
0.00293967
0.00293965
0.00293964
0.00293962
0.00293961
0.00293961
0.00293961
0.00293961
0.00293961
0.00293961
0.00293961
0.00293962
0.00293962
0.00293962
0.00293962
0.00293962
0.00293962
0.00293962
0.00293962
0.00293962
0.00293963
0.00293963
0.00293963
0.00293963
0.00293963
0.00293963
0.00293963
0.00293963
0.00293963
0.00293963
0.00293963
0.00293963
0.00293963
0.00293963
0.00293963
0.00293962
0.00293962
0.00293962
0.00293962
0.00293962
0.00293962
0.00293962
0.00293962
0.00293961
0.00293961
0.00293961
0.00293961
0.00293961
0.00293961
0.00293961
0.00293961
0.00293961
0.00293961
0.00293961
0.00293961
0.00293962
0.00293962
0.00293962
0.00293962
0.00293962
)
;

boundaryField
{
    inlet
    {
        type            calculated;
        value           uniform 0.0147929;
    }
    outlet
    {
        type            calculated;
        value           uniform 0.00293962;
    }
    emptyWalls
    {
        type            empty;
    }
}


// ************************************************************************* //
