/*--------------------------------*- C++ -*----------------------------------*\
  =========                 |
  \\      /  F ield         | OpenFOAM: The Open Source CFD Toolbox
   \\    /   O peration     | Website:  https://openfoam.org
    \\  /    A nd           | Version:  9
     \\/     M anipulation  |
\*---------------------------------------------------------------------------*/
FoamFile
{
    format      ascii;
    class       surfaceScalarField;
    location    "10.6";
    object      phic;
}
// * * * * * * * * * * * * * * * * * * * * * * * * * * * * * * * * * * * * * //

dimensions      [0 2 0 0 0 0 0];

internalField   nonuniform List<scalar> 
999
(
1.2476e-06
3.25198e-06
5.95073e-06
9.31126e-06
1.33115e-05
1.79342e-05
2.31655e-05
2.89928e-05
3.54052e-05
4.23925e-05
4.99454e-05
5.80551e-05
6.67131e-05
7.59115e-05
8.56427e-05
9.58993e-05
0.000106674
0.000117961
0.000129752
0.000142042
0.000154824
0.000168092
0.00018184
0.000196062
0.000210753
0.000225907
0.000241519
0.000257583
0.000274095
0.000291048
0.000308439
0.000326263
0.000344513
0.000363187
0.000382279
0.000401785
0.0004217
0.00044202
0.000462741
0.000483859
0.000505369
0.000527267
0.000549551
0.000572214
0.000595255
0.000618668
0.000642451
0.000666599
0.00069111
0.000715979
0.000741203
0.000766779
0.000792703
0.000818972
0.000845583
0.000872532
0.000899817
0.000927434
0.00095538
0.000983653
0.00101225
0.00104116
0.0010704
0.00109995
0.00112981
0.00115997
0.00119045
0.00122123
0.00125231
0.00128369
0.00131536
0.00134733
0.00137959
0.00141213
0.00144497
0.00147808
0.00151148
0.00154516
0.00157911
0.00161334
0.00164784
0.00168261
0.00171764
0.00175294
0.00178851
0.00182434
0.00186043
0.00189677
0.00193337
0.00197022
0.00200732
0.00204468
0.00208228
0.00212012
0.00215821
0.00219655
0.00223512
0.00227393
0.00231298
0.00235226
0.00239177
0.00243152
0.00247149
0.0025117
0.00255213
0.00259278
0.00263366
0.00267476
0.00271608
0.00275762
0.00279937
0.00284134
0.00288352
0.00292592
0.00296853
0.00301134
0.00305437
0.0030976
0.00314104
0.00318468
0.00322852
0.00327256
0.00331681
0.00336125
0.00340589
0.00345072
0.00349575
0.00354098
0.00358639
0.003632
0.0036778
0.00372378
0.00376995
0.00381631
0.00386285
0.00390958
0.00395649
0.00400358
0.00405085
0.0040983
0.00414593
0.00419373
0.00424172
0.00428987
0.0043382
0.00438671
0.00443538
0.00448423
0.00453324
0.00458243
0.00463178
0.0046813
0.00473098
0.00478083
0.00483084
0.00488102
0.00493136
0.00498186
0.00503252
0.00508334
0.00513431
0.00518545
0.00523674
0.00528819
0.00533979
0.00539155
0.00544346
0.00549552
0.00554773
0.0056001
0.00565261
0.00570527
0.00575809
0.00581104
0.00586415
0.0059174
0.0059708
0.00602434
0.00607803
0.00613186
0.00618583
0.00623994
0.00629419
0.00634858
0.00640312
0.00645779
0.00651259
0.00656754
0.00662262
0.00667784
0.00673319
0.00678868
0.0068443
0.00690006
0.00695595
0.00701197
0.00706812
0.0071244
0.00718081
0.00723735
0.00729402
0.00735082
0.00740774
0.00746479
0.00752197
0.00757928
0.00763671
0.00769426
0.00775194
0.00780974
0.00786766
0.00792571
0.00798388
0.00804217
0.00810058
0.00815911
0.00821776
0.00827653
0.00833542
0.00839442
0.00845355
0.00851279
0.00857214
0.00863161
0.0086912
0.00875091
0.00881072
0.00887065
0.0089307
0.00899086
0.00905113
0.00911151
0.009172
0.00923261
0.00929332
0.00935415
0.00941509
0.00947613
0.00953728
0.00959855
0.00965992
0.00972139
0.00978298
0.00984467
0.00990647
0.00996837
0.0100304
0.0100925
0.0101547
0.010217
0.0102795
0.010342
0.0104046
0.0104674
0.0105302
0.0105931
0.0106562
0.0107193
0.0107826
0.0108459
0.0109093
0.0109729
0.0110365
0.0111003
0.0111641
0.011228
0.0112921
0.0113562
0.0114204
0.0114847
0.0115492
0.0116137
0.0116783
0.011743
0.0118078
0.0118727
0.0119377
0.0120028
0.012068
0.0121332
0.0121986
0.012264
0.0123296
0.0123952
0.012461
0.0125268
0.0125927
0.0126587
0.0127248
0.012791
0.0128573
0.0129236
0.0129901
0.0130566
0.0131233
0.01319
0.0132568
0.0133237
0.0133907
0.0134577
0.0135249
0.0135921
0.0136595
0.0137269
0.0137944
0.013862
0.0139296
0.0139974
0.0140652
0.0141332
0.0142012
0.0142693
0.0143375
0.0144057
0.0144741
0.0145425
0.014611
0.0146796
0.0147483
0.014817
0.0148859
0.0149548
0.0150238
0.0150929
0.0151621
0.0152313
0.0153006
0.01537
0.0154395
0.0155091
0.0155787
0.0156484
0.0157183
0.0157881
0.0158581
0.0159281
0.0159982
0.0160684
0.0161387
0.0162091
0.0162795
0.01635
0.0164206
0.0164912
0.016562
0.0166328
0.0167037
0.0167746
0.0168457
0.0169168
0.016988
0.0170592
0.0171306
0.017202
0.0172735
0.017345
0.0174167
0.0174884
0.0175602
0.017632
0.0177039
0.017776
0.017848
0.0179202
0.0179924
0.0180647
0.0181371
0.0182095
0.018282
0.0183546
0.0184273
0.0185
0.0185728
0.0186456
0.0187186
0.0187916
0.0188647
0.0189378
0.0190111
0.0190843
0.0191577
0.0192311
0.0193046
0.0193782
0.0194519
0.0195256
0.0195993
0.0196732
0.0197471
0.0198211
0.0198951
0.0199693
0.0200435
0.0201177
0.020192
0.0202664
0.0203409
0.0204154
0.02049
0.0205647
0.0206394
0.0207142
0.0207891
0.020864
0.020939
0.0210141
0.0210892
0.0211644
0.0212397
0.021315
0.0213904
0.0214659
0.0215414
0.021617
0.0216926
0.0217684
0.0218442
0.02192
0.0219959
0.0220719
0.022148
0.0222241
0.0223002
0.0223765
0.0224528
0.0225292
0.0226056
0.0226821
0.0227586
0.0228353
0.0229119
0.0229887
0.0230655
0.0231424
0.0232193
0.0232963
0.0233734
0.0234505
0.0235277
0.023605
0.0236823
0.0237597
0.0238371
0.0239146
0.0239922
0.0240698
0.0241475
0.0242252
0.024303
0.0243809
0.0244588
0.0245368
0.0246149
0.024693
0.0247712
0.0248494
0.0249277
0.0250061
0.0250845
0.025163
0.0252415
0.0253201
0.0253988
0.0254775
0.0255563
0.0256352
0.0257141
0.025793
0.0258721
0.0259511
0.0260303
0.0261095
0.0261888
0.0262681
0.0263475
0.0264269
0.0265064
0.026586
0.0266656
0.0267453
0.026825
0.0269048
0.0269847
0.0270646
0.0271446
0.0272246
0.0273047
0.0273848
0.027465
0.0275453
0.0276256
0.027706
0.0277865
0.027867
0.0279475
0.0280281
0.0281088
0.0281895
0.0282703
0.0283512
0.0284321
0.0285131
0.0285941
0.0286752
0.0287563
0.0288375
0.0289187
0.029
0.0290814
0.0291628
0.0292443
0.0293259
0.0294075
0.0294891
0.0295708
0.0296526
0.0297344
0.0298163
0.0298982
0.0299802
0.0300623
0.0301444
0.0302266
0.0303088
0.0303911
0.0304734
0.0305558
0.0306382
0.0307207
0.0308033
0.0308859
0.0309686
0.0310513
0.0311341
0.031217
0.0312999
0.0313828
0.0314658
0.0315489
0.031632
0.0317152
0.0317984
0.0318817
0.0319651
0.0320485
0.032132
0.0322155
0.032299
0.0323827
0.0324664
0.0325501
0.0326339
0.0327178
0.0328017
0.0328856
0.0329697
0.0330537
0.0331379
0.0332221
0.0333063
0.0333906
0.033475
0.0335594
0.0336439
0.0337284
0.033813
0.0338976
0.0339823
0.034067
0.0341518
0.0342367
0.0343216
0.0344066
0.0344916
0.0345767
0.0346619
0.0347471
0.0348323
0.0349176
0.035003
0.0350884
0.0351739
0.0352594
0.035345
0.0354306
0.0355163
0.0356021
0.0356879
0.0357738
0.0358597
0.0359457
0.0360317
0.0361178
0.036204
0.0362902
0.0363764
0.0364627
0.0365491
0.0366356
0.036722
0.0368086
0.0368952
0.0369818
0.0370686
0.0371553
0.0372422
0.037329
0.037416
0.037503
0.03759
0.0376771
0.0377643
0.0378515
0.0379388
0.0380262
0.0381136
0.038201
0.0382885
0.0383761
0.0384637
0.0385514
0.0386392
0.038727
0.0388148
0.0389027
0.0389907
0.0390788
0.0391669
0.039255
0.0393432
0.0394315
0.0395198
0.0396082
0.0396966
0.0397851
0.0398737
0.0399623
0.040051
0.0401398
0.0402286
0.0403174
0.0404063
0.0404953
0.0405844
0.0406735
0.0407626
0.0408519
0.0409412
0.0410305
0.0411199
0.0412094
0.0412989
0.0413885
0.0414782
0.0415679
0.0416577
0.0417475
0.0418374
0.0419274
0.0420174
0.0421075
0.0421977
0.0422879
0.0423782
0.0424685
0.042559
0.0426495
0.04274
0.0428306
0.0429213
0.043012
0.0431029
0.0431937
0.0432847
0.0433757
0.0434668
0.0435579
0.0436492
0.0437405
0.0438318
0.0439233
0.0440148
0.0441063
0.044198
0.0442897
0.0443815
0.0444733
0.0445653
0.0446573
0.0447494
0.0448415
0.0449337
0.045026
0.0451184
0.0452109
0.0453034
0.045396
0.0454887
0.0455815
0.0456744
0.0457673
0.0458603
0.0459534
0.0460466
0.0461399
0.0462332
0.0463267
0.0464202
0.0465138
0.0466075
0.0467013
0.0467952
0.0468891
0.0469832
0.0470774
0.0471716
0.047266
0.0473604
0.047455
0.0475496
0.0476444
0.0477392
0.0478342
0.0479292
0.0480244
0.0481197
0.0482151
0.0483106
0.0484062
0.0485019
0.0485978
0.0486937
0.0487898
0.0488861
0.0489824
0.0490789
0.0491755
0.0492723
0.0493691
0.0494662
0.0495633
0.0496606
0.0497581
0.0498557
0.0499535
0.0500514
0.0501495
0.0502478
0.0503463
0.0504449
0.0505437
0.0506427
0.0507418
0.0508412
0.0509408
0.0510406
0.0511406
0.0512408
0.0513413
0.0514419
0.0515429
0.051644
0.0517455
0.0518472
0.0519491
0.0520514
0.0521539
0.0522568
0.05236
0.0524635
0.0525673
0.0526715
0.0527761
0.0528811
0.0529864
0.0530922
0.0531984
0.0533051
0.0534122
0.0535198
0.053628
0.0537367
0.053846
0.0539558
0.0540663
0.0541775
0.0542893
0.0544019
0.0545152
0.0546294
0.0547444
0.0548604
0.0549773
0.0550952
0.0552142
0.0553343
0.0554557
0.0555784
0.0557025
0.0558281
0.0559553
0.0560842
0.0562149
0.0563476
0.0564824
0.0566195
0.0567591
0.0569014
0.0570466
0.057195
0.0573469
0.0575025
0.0576623
0.0578266
0.0579959
0.0581708
0.0583519
0.0585398
0.0587353
0.0589393
0.059153
0.0593776
0.0596146
0.0598657
0.060133
0.0604192
0.0607272
0.0610609
0.0614249
0.0618253
0.0622695
0.0627674
0.0633319
0.0639802
0.0647363
0.0656339
0.0667223
0.0680765
0.069816
0.0721438
0.0754337
0.0804538
0.089049
0.106886
0.161554
0.191159
0.209517
0.218844
0.225962
0.234249
0.243131
0.250225
0.253169
0.250849
0.24418
0.235851
0.22879
0.224645
0.223533
0.224714
0.227247
0.230305
0.233245
0.235596
0.237058
0.237508
0.237025
0.235867
0.234404
0.233012
0.231979
0.231448
0.231419
0.231786
0.23239
0.23306
0.23365
0.23406
0.234244
0.23421
0.234007
0.233712
0.233404
0.233148
0.232987
0.232933
0.232974
0.233083
0.233222
0.233358
0.233462
0.233521
0.233531
0.2335
0.233442
0.233373
0.23331
0.233263
0.233238
0.233235
0.233248
0.233271
0.233295
0.233315
0.233326
0.233326
0.233315
0.233298
0.233277
0.233256
0.233237
0.233223
0.233215
0.233211
0.233211
0.233214
0.233218
0.233222
0.233225
0.233228
0.233231
0.233234
0.233239
0.233244
0.233252
0.233261
0.233271
0.233282
0.233294
0.233305
0.233315
0.233324
0.233332
0.233339
0.233344
0.233349
0.233353
0.233357
0.23336
0.233363
0.233366
0.233369
0.233371
0.233374
0.233376
0.233378
0.23338
0.233382
0.233384
0.233385
0.233387
0.233389
0.233391
0.233393
0.233395
0.233397
0.233399
0.233401
0.233402
0.233404
0.233405
0.233406
0.233407
0.233408
0.233408
0.233408
0.233408
0.233408
0.233408
0.233407
0.233407
0.233406
0.233405
0.233403
0.233402
0.233401
0.233399
0.233398
0.233396
0.233395
0.233394
0.233392
0.233391
0.23339
0.233389
0.233388
0.233388
0.233387
0.233387
0.233387
0.233387
0.233388
0.233388
0.233389
0.233389
0.23339
0.233391
0.233392
0.233394
)
;

boundaryField
{
    inlet
    {
        type            calculated;
        value           uniform 0;
    }
    outlet
    {
        type            calculated;
        value           uniform 0.233395;
    }
    emptyWalls
    {
        type            empty;
        value           nonuniform List<scalar> 0();
    }
}


// ************************************************************************* //
