/*--------------------------------*- C++ -*----------------------------------*\
  =========                 |
  \\      /  F ield         | OpenFOAM: The Open Source CFD Toolbox
   \\    /   O peration     | Website:  https://openfoam.org
    \\  /    A nd           | Version:  9
     \\/     M anipulation  |
\*---------------------------------------------------------------------------*/
FoamFile
{
    format      ascii;
    class       volScalarField;
    location    "9.3";
    object      p;
}
// * * * * * * * * * * * * * * * * * * * * * * * * * * * * * * * * * * * * * //

dimensions      [0 0 0 0 0 0 0];

internalField   nonuniform List<scalar> 
1000
(
2.29295e+13
2.29196e+13
2.29096e+13
2.28996e+13
2.28896e+13
2.28796e+13
2.28695e+13
2.28594e+13
2.28493e+13
2.28391e+13
2.2829e+13
2.28188e+13
2.28085e+13
2.27983e+13
2.2788e+13
2.27777e+13
2.27674e+13
2.27571e+13
2.27467e+13
2.27363e+13
2.27259e+13
2.27154e+13
2.27049e+13
2.26945e+13
2.26839e+13
2.26734e+13
2.26628e+13
2.26522e+13
2.26416e+13
2.2631e+13
2.26203e+13
2.26096e+13
2.25989e+13
2.25882e+13
2.25775e+13
2.25667e+13
2.25559e+13
2.25451e+13
2.25342e+13
2.25234e+13
2.25125e+13
2.25016e+13
2.24906e+13
2.24797e+13
2.24687e+13
2.24577e+13
2.24467e+13
2.24356e+13
2.24246e+13
2.24135e+13
2.24024e+13
2.23912e+13
2.23801e+13
2.23689e+13
2.23577e+13
2.23465e+13
2.23353e+13
2.2324e+13
2.23127e+13
2.23014e+13
2.22901e+13
2.22787e+13
2.22674e+13
2.2256e+13
2.22446e+13
2.22332e+13
2.22217e+13
2.22102e+13
2.21987e+13
2.21872e+13
2.21757e+13
2.21641e+13
2.21526e+13
2.2141e+13
2.21294e+13
2.21177e+13
2.21061e+13
2.20944e+13
2.20827e+13
2.2071e+13
2.20592e+13
2.20475e+13
2.20357e+13
2.20239e+13
2.20121e+13
2.20003e+13
2.19884e+13
2.19765e+13
2.19646e+13
2.19527e+13
2.19408e+13
2.19288e+13
2.19169e+13
2.19049e+13
2.18929e+13
2.18808e+13
2.18688e+13
2.18567e+13
2.18446e+13
2.18325e+13
2.18204e+13
2.18082e+13
2.17961e+13
2.17839e+13
2.17717e+13
2.17594e+13
2.17472e+13
2.17349e+13
2.17227e+13
2.17104e+13
2.1698e+13
2.16857e+13
2.16733e+13
2.1661e+13
2.16486e+13
2.16362e+13
2.16237e+13
2.16113e+13
2.15988e+13
2.15863e+13
2.15738e+13
2.15613e+13
2.15488e+13
2.15362e+13
2.15236e+13
2.1511e+13
2.14984e+13
2.14858e+13
2.14731e+13
2.14605e+13
2.14478e+13
2.14351e+13
2.14224e+13
2.14096e+13
2.13969e+13
2.13841e+13
2.13713e+13
2.13585e+13
2.13456e+13
2.13328e+13
2.13199e+13
2.1307e+13
2.12941e+13
2.12812e+13
2.12683e+13
2.12553e+13
2.12424e+13
2.12294e+13
2.12164e+13
2.12033e+13
2.11903e+13
2.11772e+13
2.11642e+13
2.11511e+13
2.1138e+13
2.11248e+13
2.11117e+13
2.10985e+13
2.10854e+13
2.10722e+13
2.10589e+13
2.10457e+13
2.10325e+13
2.10192e+13
2.10059e+13
2.09926e+13
2.09793e+13
2.0966e+13
2.09526e+13
2.09393e+13
2.09259e+13
2.09125e+13
2.08991e+13
2.08856e+13
2.08722e+13
2.08587e+13
2.08452e+13
2.08317e+13
2.08182e+13
2.08047e+13
2.07911e+13
2.07776e+13
2.0764e+13
2.07504e+13
2.07368e+13
2.07231e+13
2.07095e+13
2.06958e+13
2.06821e+13
2.06684e+13
2.06547e+13
2.0641e+13
2.06272e+13
2.06135e+13
2.05997e+13
2.05859e+13
2.05721e+13
2.05583e+13
2.05444e+13
2.05305e+13
2.05167e+13
2.05028e+13
2.04889e+13
2.04749e+13
2.0461e+13
2.0447e+13
2.04331e+13
2.04191e+13
2.04051e+13
2.03911e+13
2.0377e+13
2.0363e+13
2.03489e+13
2.03348e+13
2.03207e+13
2.03066e+13
2.02925e+13
2.02783e+13
2.02642e+13
2.025e+13
2.02358e+13
2.02216e+13
2.02073e+13
2.01931e+13
2.01788e+13
2.01646e+13
2.01503e+13
2.0136e+13
2.01217e+13
2.01073e+13
2.0093e+13
2.00786e+13
2.00642e+13
2.00498e+13
2.00354e+13
2.0021e+13
2.00066e+13
1.99921e+13
1.99776e+13
1.99631e+13
1.99486e+13
1.99341e+13
1.99196e+13
1.9905e+13
1.98905e+13
1.98759e+13
1.98613e+13
1.98467e+13
1.98321e+13
1.98174e+13
1.98028e+13
1.97881e+13
1.97734e+13
1.97587e+13
1.9744e+13
1.97293e+13
1.97145e+13
1.96997e+13
1.9685e+13
1.96702e+13
1.96554e+13
1.96406e+13
1.96257e+13
1.96109e+13
1.9596e+13
1.95811e+13
1.95662e+13
1.95513e+13
1.95364e+13
1.95215e+13
1.95065e+13
1.94915e+13
1.94766e+13
1.94616e+13
1.94465e+13
1.94315e+13
1.94165e+13
1.94014e+13
1.93863e+13
1.93713e+13
1.93562e+13
1.9341e+13
1.93259e+13
1.93108e+13
1.92956e+13
1.92804e+13
1.92653e+13
1.92501e+13
1.92348e+13
1.92196e+13
1.92044e+13
1.91891e+13
1.91738e+13
1.91585e+13
1.91432e+13
1.91279e+13
1.91126e+13
1.90973e+13
1.90819e+13
1.90665e+13
1.90511e+13
1.90357e+13
1.90203e+13
1.90049e+13
1.89894e+13
1.8974e+13
1.89585e+13
1.8943e+13
1.89275e+13
1.8912e+13
1.88965e+13
1.88809e+13
1.88654e+13
1.88498e+13
1.88342e+13
1.88186e+13
1.8803e+13
1.87874e+13
1.87717e+13
1.87561e+13
1.87404e+13
1.87247e+13
1.8709e+13
1.86933e+13
1.86776e+13
1.86618e+13
1.86461e+13
1.86303e+13
1.86145e+13
1.85987e+13
1.85829e+13
1.85671e+13
1.85513e+13
1.85354e+13
1.85196e+13
1.85037e+13
1.84878e+13
1.84719e+13
1.8456e+13
1.844e+13
1.84241e+13
1.84081e+13
1.83921e+13
1.83762e+13
1.83602e+13
1.83441e+13
1.83281e+13
1.83121e+13
1.8296e+13
1.82799e+13
1.82639e+13
1.82478e+13
1.82316e+13
1.82155e+13
1.81994e+13
1.81832e+13
1.81671e+13
1.81509e+13
1.81347e+13
1.81185e+13
1.81023e+13
1.8086e+13
1.80698e+13
1.80535e+13
1.80373e+13
1.8021e+13
1.80047e+13
1.79884e+13
1.7972e+13
1.79557e+13
1.79394e+13
1.7923e+13
1.79066e+13
1.78902e+13
1.78738e+13
1.78574e+13
1.7841e+13
1.78245e+13
1.78081e+13
1.77916e+13
1.77751e+13
1.77586e+13
1.77421e+13
1.77256e+13
1.7709e+13
1.76925e+13
1.76759e+13
1.76593e+13
1.76427e+13
1.76261e+13
1.76095e+13
1.75929e+13
1.75762e+13
1.75596e+13
1.75429e+13
1.75262e+13
1.75095e+13
1.74928e+13
1.74761e+13
1.74594e+13
1.74426e+13
1.74259e+13
1.74091e+13
1.73923e+13
1.73755e+13
1.73587e+13
1.73419e+13
1.7325e+13
1.73082e+13
1.72913e+13
1.72744e+13
1.72575e+13
1.72406e+13
1.72237e+13
1.72068e+13
1.71898e+13
1.71729e+13
1.71559e+13
1.71389e+13
1.7122e+13
1.71049e+13
1.70879e+13
1.70709e+13
1.70538e+13
1.70368e+13
1.70197e+13
1.70026e+13
1.69855e+13
1.69684e+13
1.69513e+13
1.69342e+13
1.6917e+13
1.68999e+13
1.68827e+13
1.68655e+13
1.68483e+13
1.68311e+13
1.68139e+13
1.67967e+13
1.67794e+13
1.67621e+13
1.67449e+13
1.67276e+13
1.67103e+13
1.6693e+13
1.66757e+13
1.66583e+13
1.6641e+13
1.66236e+13
1.66062e+13
1.65888e+13
1.65714e+13
1.6554e+13
1.65366e+13
1.65192e+13
1.65017e+13
1.64843e+13
1.64668e+13
1.64493e+13
1.64318e+13
1.64143e+13
1.63968e+13
1.63792e+13
1.63617e+13
1.63441e+13
1.63266e+13
1.6309e+13
1.62914e+13
1.62738e+13
1.62561e+13
1.62385e+13
1.62209e+13
1.62032e+13
1.61855e+13
1.61678e+13
1.61501e+13
1.61324e+13
1.61147e+13
1.6097e+13
1.60792e+13
1.60615e+13
1.60437e+13
1.60259e+13
1.60081e+13
1.59903e+13
1.59725e+13
1.59547e+13
1.59368e+13
1.5919e+13
1.59011e+13
1.58832e+13
1.58653e+13
1.58474e+13
1.58295e+13
1.58116e+13
1.57936e+13
1.57757e+13
1.57577e+13
1.57397e+13
1.57217e+13
1.57037e+13
1.56857e+13
1.56677e+13
1.56496e+13
1.56316e+13
1.56135e+13
1.55955e+13
1.55774e+13
1.55593e+13
1.55412e+13
1.5523e+13
1.55049e+13
1.54867e+13
1.54686e+13
1.54504e+13
1.54322e+13
1.5414e+13
1.53958e+13
1.53776e+13
1.53594e+13
1.53411e+13
1.53229e+13
1.53046e+13
1.52863e+13
1.5268e+13
1.52497e+13
1.52314e+13
1.52131e+13
1.51947e+13
1.51764e+13
1.5158e+13
1.51397e+13
1.51213e+13
1.51029e+13
1.50845e+13
1.5066e+13
1.50476e+13
1.50292e+13
1.50107e+13
1.49922e+13
1.49737e+13
1.49552e+13
1.49367e+13
1.49182e+13
1.48997e+13
1.48812e+13
1.48626e+13
1.4844e+13
1.48255e+13
1.48069e+13
1.47883e+13
1.47697e+13
1.4751e+13
1.47324e+13
1.47137e+13
1.46951e+13
1.46764e+13
1.46577e+13
1.4639e+13
1.46203e+13
1.46016e+13
1.45829e+13
1.45641e+13
1.45454e+13
1.45266e+13
1.45078e+13
1.4489e+13
1.44702e+13
1.44514e+13
1.44326e+13
1.44138e+13
1.43949e+13
1.43761e+13
1.43572e+13
1.43383e+13
1.43194e+13
1.43005e+13
1.42816e+13
1.42627e+13
1.42437e+13
1.42248e+13
1.42058e+13
1.41868e+13
1.41678e+13
1.41488e+13
1.41298e+13
1.41108e+13
1.40918e+13
1.40727e+13
1.40537e+13
1.40346e+13
1.40155e+13
1.39964e+13
1.39773e+13
1.39582e+13
1.39391e+13
1.39199e+13
1.39008e+13
1.38816e+13
1.38625e+13
1.38433e+13
1.38241e+13
1.38049e+13
1.37857e+13
1.37664e+13
1.37472e+13
1.37279e+13
1.37087e+13
1.36894e+13
1.36701e+13
1.36508e+13
1.36315e+13
1.36122e+13
1.35928e+13
1.35735e+13
1.35541e+13
1.35347e+13
1.35154e+13
1.3496e+13
1.34766e+13
1.34571e+13
1.34377e+13
1.34183e+13
1.33988e+13
1.33794e+13
1.33599e+13
1.33404e+13
1.33209e+13
1.33014e+13
1.32819e+13
1.32624e+13
1.32428e+13
1.32233e+13
1.32037e+13
1.31841e+13
1.31645e+13
1.31449e+13
1.31253e+13
1.31057e+13
1.3086e+13
1.30664e+13
1.30467e+13
1.30271e+13
1.30074e+13
1.29877e+13
1.2968e+13
1.29483e+13
1.29285e+13
1.29088e+13
1.28891e+13
1.28693e+13
1.28495e+13
1.28297e+13
1.28099e+13
1.27901e+13
1.27703e+13
1.27505e+13
1.27306e+13
1.27108e+13
1.26909e+13
1.2671e+13
1.26511e+13
1.26312e+13
1.26113e+13
1.25914e+13
1.25714e+13
1.25515e+13
1.25315e+13
1.25116e+13
1.24916e+13
1.24716e+13
1.24516e+13
1.24315e+13
1.24115e+13
1.23915e+13
1.23714e+13
1.23513e+13
1.23313e+13
1.23112e+13
1.22911e+13
1.22709e+13
1.22508e+13
1.22307e+13
1.22105e+13
1.21903e+13
1.21702e+13
1.215e+13
1.21298e+13
1.21095e+13
1.20893e+13
1.20691e+13
1.20488e+13
1.20285e+13
1.20083e+13
1.1988e+13
1.19676e+13
1.19473e+13
1.1927e+13
1.19066e+13
1.18863e+13
1.18659e+13
1.18455e+13
1.18251e+13
1.18047e+13
1.17842e+13
1.17638e+13
1.17433e+13
1.17228e+13
1.17024e+13
1.16818e+13
1.16613e+13
1.16408e+13
1.16202e+13
1.15996e+13
1.1579e+13
1.15584e+13
1.15378e+13
1.15171e+13
1.14964e+13
1.14758e+13
1.1455e+13
1.14343e+13
1.14135e+13
1.13927e+13
1.13719e+13
1.13511e+13
1.13302e+13
1.13092e+13
1.12883e+13
1.12673e+13
1.12462e+13
1.12251e+13
1.1204e+13
1.11828e+13
1.11614e+13
1.114e+13
1.11185e+13
1.10968e+13
1.1075e+13
1.10528e+13
1.10303e+13
1.10071e+13
1.09827e+13
1.09555e+13
1.09168e+13
1.08777e+13
1.0838e+13
1.07974e+13
1.07557e+13
1.07128e+13
1.06689e+13
1.06243e+13
1.05793e+13
1.05345e+13
1.04905e+13
1.04474e+13
1.04051e+13
1.03634e+13
1.03217e+13
1.028e+13
1.0238e+13
1.01956e+13
1.01529e+13
1.01099e+13
1.00668e+13
1.00235e+13
9.98035e+12
9.93731e+12
9.89443e+12
9.85172e+12
9.80913e+12
9.7666e+12
9.72409e+12
9.68153e+12
9.63891e+12
9.59621e+12
9.55344e+12
9.51062e+12
9.46778e+12
9.42494e+12
9.38212e+12
9.33934e+12
9.29659e+12
9.25387e+12
9.21117e+12
9.16848e+12
9.12578e+12
9.08307e+12
9.04035e+12
8.99761e+12
8.95485e+12
8.91209e+12
8.86932e+12
8.82656e+12
8.78381e+12
8.74106e+12
8.69831e+12
8.65558e+12
8.61284e+12
8.5701e+12
8.52736e+12
8.48462e+12
8.44187e+12
8.39911e+12
8.35636e+12
8.3136e+12
8.27084e+12
8.22809e+12
8.18533e+12
8.14258e+12
8.09983e+12
8.05708e+12
8.01433e+12
7.97158e+12
7.92884e+12
7.88609e+12
7.84335e+12
7.8006e+12
7.75786e+12
7.71511e+12
7.67237e+12
7.62963e+12
7.58689e+12
7.54415e+12
7.50141e+12
7.45867e+12
7.41593e+12
7.37319e+12
7.33045e+12
7.28771e+12
7.24497e+12
7.20223e+12
7.15949e+12
7.11675e+12
7.07401e+12
7.03127e+12
6.98853e+12
6.94579e+12
6.90305e+12
6.86031e+12
6.81757e+12
6.77483e+12
6.73209e+12
6.68935e+12
6.64661e+12
6.60387e+12
6.56113e+12
6.51839e+12
6.47565e+12
6.43291e+12
6.39017e+12
6.34743e+12
6.30468e+12
6.26194e+12
6.2192e+12
6.17645e+12
6.13371e+12
6.09096e+12
6.04822e+12
6.00547e+12
5.96273e+12
5.91998e+12
5.87723e+12
5.83448e+12
5.79174e+12
5.74899e+12
5.70624e+12
5.66349e+12
5.62074e+12
5.578e+12
5.53525e+12
5.4925e+12
5.44975e+12
5.40701e+12
5.36426e+12
5.32151e+12
5.27877e+12
5.23602e+12
5.19328e+12
5.15053e+12
5.10779e+12
5.06504e+12
5.0223e+12
4.97956e+12
4.93682e+12
4.89407e+12
4.85133e+12
4.80859e+12
4.76585e+12
4.72311e+12
4.68037e+12
4.63763e+12
4.59489e+12
4.55215e+12
4.50941e+12
4.46667e+12
4.42393e+12
4.38119e+12
4.33845e+12
4.29571e+12
4.25297e+12
4.21023e+12
4.16749e+12
4.12475e+12
4.08201e+12
4.03927e+12
3.99653e+12
3.95379e+12
3.91105e+12
3.86831e+12
3.82557e+12
3.78283e+12
3.74008e+12
3.69734e+12
3.6546e+12
3.61186e+12
3.56911e+12
3.52637e+12
3.48362e+12
3.44088e+12
3.39814e+12
3.35539e+12
3.31265e+12
3.2699e+12
3.22715e+12
3.18441e+12
3.14166e+12
3.09892e+12
3.05617e+12
3.01342e+12
2.97068e+12
2.92793e+12
2.88519e+12
2.84244e+12
2.79969e+12
2.75695e+12
2.7142e+12
2.67146e+12
2.62871e+12
2.58597e+12
2.54322e+12
2.50048e+12
2.45774e+12
2.41499e+12
2.37225e+12
2.32951e+12
2.28676e+12
2.24402e+12
2.20128e+12
2.15854e+12
2.11579e+12
2.07305e+12
2.03031e+12
1.98757e+12
1.94483e+12
1.90209e+12
1.85934e+12
1.8166e+12
1.77386e+12
1.73112e+12
1.68838e+12
1.64563e+12
1.60289e+12
1.56015e+12
1.51741e+12
1.47466e+12
1.43192e+12
1.38918e+12
1.34643e+12
1.30369e+12
1.26094e+12
1.2182e+12
1.17546e+12
1.13271e+12
1.08997e+12
1.04722e+12
1.00448e+12
9.61733e+11
9.18988e+11
8.76243e+11
8.33498e+11
7.90754e+11
7.48009e+11
7.05264e+11
6.6252e+11
6.19775e+11
5.77031e+11
5.34287e+11
4.91543e+11
4.48799e+11
4.06056e+11
3.63312e+11
3.20569e+11
2.77826e+11
2.35083e+11
1.9234e+11
1.49598e+11
1.06855e+11
6.41132e+10
2.1371e+10
)
;

boundaryField
{
    inlet
    {
        type            darcyGradPressure_G;
        gradient        uniform 3.23949e+11;
        Mf              Mf;
        phi             phi;
        phiG            phiG;
        value           uniform 2.29344e+13;
    }
    outlet
    {
        type            fixedValue;
        value           uniform 0;
    }
    emptyWalls
    {
        type            empty;
    }
}


// ************************************************************************* //
