/*--------------------------------*- C++ -*----------------------------------*\
  =========                 |
  \\      /  F ield         | OpenFOAM: The Open Source CFD Toolbox
   \\    /   O peration     | Website:  https://openfoam.org
    \\  /    A nd           | Version:  9
     \\/     M anipulation  |
\*---------------------------------------------------------------------------*/
FoamFile
{
    format      ascii;
    class       volVectorField;
    location    "10.7";
    object      Ua;
}
// * * * * * * * * * * * * * * * * * * * * * * * * * * * * * * * * * * * * * //

dimensions      [0 0 0 0 0 0 0];

internalField   nonuniform List<vector> 
1000
(
(0.709421 0 0)
(0.70942 0 0)
(0.709419 0 0)
(0.709418 0 0)
(0.709417 0 0)
(0.709415 0 0)
(0.709413 0 0)
(0.709411 0 0)
(0.709409 0 0)
(0.709406 0 0)
(0.709404 0 0)
(0.709401 0 0)
(0.709398 0 0)
(0.709394 0 0)
(0.709391 0 0)
(0.709387 0 0)
(0.709383 0 0)
(0.709379 0 0)
(0.709375 0 0)
(0.70937 0 0)
(0.709365 0 0)
(0.70936 0 0)
(0.709355 0 0)
(0.70935 0 0)
(0.709345 0 0)
(0.709339 0 0)
(0.709333 0 0)
(0.709327 0 0)
(0.709321 0 0)
(0.709315 0 0)
(0.709309 0 0)
(0.709302 0 0)
(0.709295 0 0)
(0.709288 0 0)
(0.709281 0 0)
(0.709274 0 0)
(0.709267 0 0)
(0.709259 0 0)
(0.709251 0 0)
(0.709244 0 0)
(0.709236 0 0)
(0.709228 0 0)
(0.709219 0 0)
(0.709211 0 0)
(0.709202 0 0)
(0.709194 0 0)
(0.709185 0 0)
(0.709176 0 0)
(0.709167 0 0)
(0.709158 0 0)
(0.709148 0 0)
(0.709139 0 0)
(0.709129 0 0)
(0.70912 0 0)
(0.70911 0 0)
(0.7091 0 0)
(0.70909 0 0)
(0.709079 0 0)
(0.709069 0 0)
(0.709059 0 0)
(0.709048 0 0)
(0.709037 0 0)
(0.709027 0 0)
(0.709016 0 0)
(0.709005 0 0)
(0.708993 0 0)
(0.708982 0 0)
(0.708971 0 0)
(0.708959 0 0)
(0.708948 0 0)
(0.708936 0 0)
(0.708924 0 0)
(0.708912 0 0)
(0.7089 0 0)
(0.708888 0 0)
(0.708876 0 0)
(0.708863 0 0)
(0.708851 0 0)
(0.708838 0 0)
(0.708826 0 0)
(0.708813 0 0)
(0.7088 0 0)
(0.708787 0 0)
(0.708774 0 0)
(0.708761 0 0)
(0.708748 0 0)
(0.708735 0 0)
(0.708721 0 0)
(0.708708 0 0)
(0.708694 0 0)
(0.708681 0 0)
(0.708667 0 0)
(0.708653 0 0)
(0.708639 0 0)
(0.708625 0 0)
(0.708611 0 0)
(0.708597 0 0)
(0.708582 0 0)
(0.708568 0 0)
(0.708553 0 0)
(0.708539 0 0)
(0.708524 0 0)
(0.70851 0 0)
(0.708495 0 0)
(0.70848 0 0)
(0.708465 0 0)
(0.70845 0 0)
(0.708435 0 0)
(0.70842 0 0)
(0.708404 0 0)
(0.708389 0 0)
(0.708374 0 0)
(0.708358 0 0)
(0.708343 0 0)
(0.708327 0 0)
(0.708311 0 0)
(0.708295 0 0)
(0.70828 0 0)
(0.708264 0 0)
(0.708248 0 0)
(0.708232 0 0)
(0.708215 0 0)
(0.708199 0 0)
(0.708183 0 0)
(0.708167 0 0)
(0.70815 0 0)
(0.708134 0 0)
(0.708117 0 0)
(0.7081 0 0)
(0.708084 0 0)
(0.708067 0 0)
(0.70805 0 0)
(0.708033 0 0)
(0.708016 0 0)
(0.707999 0 0)
(0.707982 0 0)
(0.707965 0 0)
(0.707948 0 0)
(0.707931 0 0)
(0.707913 0 0)
(0.707896 0 0)
(0.707878 0 0)
(0.707861 0 0)
(0.707843 0 0)
(0.707826 0 0)
(0.707808 0 0)
(0.70779 0 0)
(0.707772 0 0)
(0.707754 0 0)
(0.707736 0 0)
(0.707718 0 0)
(0.7077 0 0)
(0.707682 0 0)
(0.707664 0 0)
(0.707646 0 0)
(0.707628 0 0)
(0.707609 0 0)
(0.707591 0 0)
(0.707572 0 0)
(0.707554 0 0)
(0.707535 0 0)
(0.707517 0 0)
(0.707498 0 0)
(0.707479 0 0)
(0.707461 0 0)
(0.707442 0 0)
(0.707423 0 0)
(0.707404 0 0)
(0.707385 0 0)
(0.707366 0 0)
(0.707347 0 0)
(0.707328 0 0)
(0.707309 0 0)
(0.707289 0 0)
(0.70727 0 0)
(0.707251 0 0)
(0.707231 0 0)
(0.707212 0 0)
(0.707193 0 0)
(0.707173 0 0)
(0.707153 0 0)
(0.707134 0 0)
(0.707114 0 0)
(0.707094 0 0)
(0.707075 0 0)
(0.707055 0 0)
(0.707035 0 0)
(0.707015 0 0)
(0.706995 0 0)
(0.706975 0 0)
(0.706955 0 0)
(0.706935 0 0)
(0.706915 0 0)
(0.706895 0 0)
(0.706875 0 0)
(0.706854 0 0)
(0.706834 0 0)
(0.706814 0 0)
(0.706793 0 0)
(0.706773 0 0)
(0.706753 0 0)
(0.706732 0 0)
(0.706711 0 0)
(0.706691 0 0)
(0.70667 0 0)
(0.70665 0 0)
(0.706629 0 0)
(0.706608 0 0)
(0.706587 0 0)
(0.706566 0 0)
(0.706546 0 0)
(0.706525 0 0)
(0.706504 0 0)
(0.706483 0 0)
(0.706462 0 0)
(0.706441 0 0)
(0.70642 0 0)
(0.706398 0 0)
(0.706377 0 0)
(0.706356 0 0)
(0.706335 0 0)
(0.706313 0 0)
(0.706292 0 0)
(0.706271 0 0)
(0.706249 0 0)
(0.706228 0 0)
(0.706206 0 0)
(0.706185 0 0)
(0.706163 0 0)
(0.706142 0 0)
(0.70612 0 0)
(0.706098 0 0)
(0.706077 0 0)
(0.706055 0 0)
(0.706033 0 0)
(0.706011 0 0)
(0.705989 0 0)
(0.705968 0 0)
(0.705946 0 0)
(0.705924 0 0)
(0.705902 0 0)
(0.70588 0 0)
(0.705858 0 0)
(0.705836 0 0)
(0.705813 0 0)
(0.705791 0 0)
(0.705769 0 0)
(0.705747 0 0)
(0.705725 0 0)
(0.705702 0 0)
(0.70568 0 0)
(0.705658 0 0)
(0.705635 0 0)
(0.705613 0 0)
(0.70559 0 0)
(0.705568 0 0)
(0.705545 0 0)
(0.705523 0 0)
(0.7055 0 0)
(0.705478 0 0)
(0.705455 0 0)
(0.705432 0 0)
(0.70541 0 0)
(0.705387 0 0)
(0.705364 0 0)
(0.705341 0 0)
(0.705319 0 0)
(0.705296 0 0)
(0.705273 0 0)
(0.70525 0 0)
(0.705227 0 0)
(0.705204 0 0)
(0.705181 0 0)
(0.705158 0 0)
(0.705135 0 0)
(0.705112 0 0)
(0.705089 0 0)
(0.705066 0 0)
(0.705043 0 0)
(0.705019 0 0)
(0.704996 0 0)
(0.704973 0 0)
(0.70495 0 0)
(0.704926 0 0)
(0.704903 0 0)
(0.70488 0 0)
(0.704856 0 0)
(0.704833 0 0)
(0.704809 0 0)
(0.704786 0 0)
(0.704762 0 0)
(0.704739 0 0)
(0.704715 0 0)
(0.704692 0 0)
(0.704668 0 0)
(0.704645 0 0)
(0.704621 0 0)
(0.704597 0 0)
(0.704573 0 0)
(0.70455 0 0)
(0.704526 0 0)
(0.704502 0 0)
(0.704478 0 0)
(0.704455 0 0)
(0.704431 0 0)
(0.704407 0 0)
(0.704383 0 0)
(0.704359 0 0)
(0.704335 0 0)
(0.704311 0 0)
(0.704287 0 0)
(0.704263 0 0)
(0.704239 0 0)
(0.704215 0 0)
(0.704191 0 0)
(0.704166 0 0)
(0.704142 0 0)
(0.704118 0 0)
(0.704094 0 0)
(0.70407 0 0)
(0.704045 0 0)
(0.704021 0 0)
(0.703997 0 0)
(0.703973 0 0)
(0.703948 0 0)
(0.703924 0 0)
(0.703899 0 0)
(0.703875 0 0)
(0.703851 0 0)
(0.703826 0 0)
(0.703802 0 0)
(0.703777 0 0)
(0.703753 0 0)
(0.703728 0 0)
(0.703703 0 0)
(0.703679 0 0)
(0.703654 0 0)
(0.70363 0 0)
(0.703605 0 0)
(0.70358 0 0)
(0.703555 0 0)
(0.703531 0 0)
(0.703506 0 0)
(0.703481 0 0)
(0.703456 0 0)
(0.703432 0 0)
(0.703407 0 0)
(0.703382 0 0)
(0.703357 0 0)
(0.703332 0 0)
(0.703307 0 0)
(0.703282 0 0)
(0.703257 0 0)
(0.703232 0 0)
(0.703207 0 0)
(0.703182 0 0)
(0.703157 0 0)
(0.703132 0 0)
(0.703107 0 0)
(0.703082 0 0)
(0.703057 0 0)
(0.703032 0 0)
(0.703006 0 0)
(0.702981 0 0)
(0.702956 0 0)
(0.702931 0 0)
(0.702906 0 0)
(0.70288 0 0)
(0.702855 0 0)
(0.70283 0 0)
(0.702804 0 0)
(0.702779 0 0)
(0.702754 0 0)
(0.702728 0 0)
(0.702703 0 0)
(0.702677 0 0)
(0.702652 0 0)
(0.702627 0 0)
(0.702601 0 0)
(0.702576 0 0)
(0.70255 0 0)
(0.702524 0 0)
(0.702499 0 0)
(0.702473 0 0)
(0.702448 0 0)
(0.702422 0 0)
(0.702396 0 0)
(0.702371 0 0)
(0.702345 0 0)
(0.702319 0 0)
(0.702294 0 0)
(0.702268 0 0)
(0.702242 0 0)
(0.702217 0 0)
(0.702191 0 0)
(0.702165 0 0)
(0.702139 0 0)
(0.702113 0 0)
(0.702087 0 0)
(0.702062 0 0)
(0.702036 0 0)
(0.70201 0 0)
(0.701984 0 0)
(0.701958 0 0)
(0.701932 0 0)
(0.701906 0 0)
(0.70188 0 0)
(0.701854 0 0)
(0.701828 0 0)
(0.701802 0 0)
(0.701776 0 0)
(0.70175 0 0)
(0.701724 0 0)
(0.701698 0 0)
(0.701671 0 0)
(0.701645 0 0)
(0.701619 0 0)
(0.701593 0 0)
(0.701567 0 0)
(0.701541 0 0)
(0.701514 0 0)
(0.701488 0 0)
(0.701462 0 0)
(0.701436 0 0)
(0.701409 0 0)
(0.701383 0 0)
(0.701357 0 0)
(0.70133 0 0)
(0.701304 0 0)
(0.701278 0 0)
(0.701251 0 0)
(0.701225 0 0)
(0.701198 0 0)
(0.701172 0 0)
(0.701145 0 0)
(0.701119 0 0)
(0.701092 0 0)
(0.701066 0 0)
(0.701039 0 0)
(0.701013 0 0)
(0.700986 0 0)
(0.70096 0 0)
(0.700933 0 0)
(0.700907 0 0)
(0.70088 0 0)
(0.700853 0 0)
(0.700827 0 0)
(0.7008 0 0)
(0.700773 0 0)
(0.700747 0 0)
(0.70072 0 0)
(0.700693 0 0)
(0.700667 0 0)
(0.70064 0 0)
(0.700613 0 0)
(0.700586 0 0)
(0.70056 0 0)
(0.700533 0 0)
(0.700506 0 0)
(0.700479 0 0)
(0.700452 0 0)
(0.700425 0 0)
(0.700398 0 0)
(0.700372 0 0)
(0.700345 0 0)
(0.700318 0 0)
(0.700291 0 0)
(0.700264 0 0)
(0.700237 0 0)
(0.70021 0 0)
(0.700183 0 0)
(0.700156 0 0)
(0.700129 0 0)
(0.700102 0 0)
(0.700075 0 0)
(0.700048 0 0)
(0.700021 0 0)
(0.699994 0 0)
(0.699966 0 0)
(0.699939 0 0)
(0.699912 0 0)
(0.699885 0 0)
(0.699858 0 0)
(0.699831 0 0)
(0.699804 0 0)
(0.699776 0 0)
(0.699749 0 0)
(0.699722 0 0)
(0.699695 0 0)
(0.699667 0 0)
(0.69964 0 0)
(0.699613 0 0)
(0.699585 0 0)
(0.699558 0 0)
(0.699531 0 0)
(0.699503 0 0)
(0.699476 0 0)
(0.699449 0 0)
(0.699421 0 0)
(0.699394 0 0)
(0.699367 0 0)
(0.699339 0 0)
(0.699312 0 0)
(0.699284 0 0)
(0.699257 0 0)
(0.699229 0 0)
(0.699202 0 0)
(0.699174 0 0)
(0.699147 0 0)
(0.699119 0 0)
(0.699092 0 0)
(0.699064 0 0)
(0.699037 0 0)
(0.699009 0 0)
(0.698982 0 0)
(0.698954 0 0)
(0.698926 0 0)
(0.698899 0 0)
(0.698871 0 0)
(0.698843 0 0)
(0.698816 0 0)
(0.698788 0 0)
(0.69876 0 0)
(0.698733 0 0)
(0.698705 0 0)
(0.698677 0 0)
(0.698649 0 0)
(0.698622 0 0)
(0.698594 0 0)
(0.698566 0 0)
(0.698538 0 0)
(0.698511 0 0)
(0.698483 0 0)
(0.698455 0 0)
(0.698427 0 0)
(0.698399 0 0)
(0.698371 0 0)
(0.698343 0 0)
(0.698316 0 0)
(0.698288 0 0)
(0.69826 0 0)
(0.698232 0 0)
(0.698204 0 0)
(0.698176 0 0)
(0.698148 0 0)
(0.69812 0 0)
(0.698092 0 0)
(0.698064 0 0)
(0.698036 0 0)
(0.698008 0 0)
(0.69798 0 0)
(0.697952 0 0)
(0.697924 0 0)
(0.697896 0 0)
(0.697868 0 0)
(0.697839 0 0)
(0.697811 0 0)
(0.697783 0 0)
(0.697755 0 0)
(0.697727 0 0)
(0.697699 0 0)
(0.697671 0 0)
(0.697642 0 0)
(0.697614 0 0)
(0.697586 0 0)
(0.697558 0 0)
(0.69753 0 0)
(0.697501 0 0)
(0.697473 0 0)
(0.697445 0 0)
(0.697417 0 0)
(0.697388 0 0)
(0.69736 0 0)
(0.697332 0 0)
(0.697303 0 0)
(0.697275 0 0)
(0.697247 0 0)
(0.697218 0 0)
(0.69719 0 0)
(0.697162 0 0)
(0.697133 0 0)
(0.697105 0 0)
(0.697076 0 0)
(0.697048 0 0)
(0.697019 0 0)
(0.696991 0 0)
(0.696963 0 0)
(0.696934 0 0)
(0.696906 0 0)
(0.696877 0 0)
(0.696849 0 0)
(0.69682 0 0)
(0.696792 0 0)
(0.696763 0 0)
(0.696734 0 0)
(0.696706 0 0)
(0.696677 0 0)
(0.696649 0 0)
(0.69662 0 0)
(0.696591 0 0)
(0.696563 0 0)
(0.696534 0 0)
(0.696506 0 0)
(0.696477 0 0)
(0.696448 0 0)
(0.69642 0 0)
(0.696391 0 0)
(0.696362 0 0)
(0.696333 0 0)
(0.696305 0 0)
(0.696276 0 0)
(0.696247 0 0)
(0.696218 0 0)
(0.69619 0 0)
(0.696161 0 0)
(0.696132 0 0)
(0.696103 0 0)
(0.696074 0 0)
(0.696046 0 0)
(0.696017 0 0)
(0.695988 0 0)
(0.695959 0 0)
(0.69593 0 0)
(0.695901 0 0)
(0.695872 0 0)
(0.695843 0 0)
(0.695815 0 0)
(0.695786 0 0)
(0.695757 0 0)
(0.695728 0 0)
(0.695699 0 0)
(0.69567 0 0)
(0.695641 0 0)
(0.695612 0 0)
(0.695583 0 0)
(0.695554 0 0)
(0.695525 0 0)
(0.695496 0 0)
(0.695466 0 0)
(0.695437 0 0)
(0.695408 0 0)
(0.695379 0 0)
(0.69535 0 0)
(0.695321 0 0)
(0.695292 0 0)
(0.695263 0 0)
(0.695234 0 0)
(0.695204 0 0)
(0.695175 0 0)
(0.695146 0 0)
(0.695117 0 0)
(0.695087 0 0)
(0.695058 0 0)
(0.695029 0 0)
(0.695 0 0)
(0.69497 0 0)
(0.694941 0 0)
(0.694912 0 0)
(0.694883 0 0)
(0.694853 0 0)
(0.694824 0 0)
(0.694795 0 0)
(0.694765 0 0)
(0.694736 0 0)
(0.694706 0 0)
(0.694677 0 0)
(0.694648 0 0)
(0.694618 0 0)
(0.694589 0 0)
(0.694559 0 0)
(0.69453 0 0)
(0.6945 0 0)
(0.694471 0 0)
(0.694441 0 0)
(0.694412 0 0)
(0.694382 0 0)
(0.694353 0 0)
(0.694323 0 0)
(0.694294 0 0)
(0.694264 0 0)
(0.694234 0 0)
(0.694205 0 0)
(0.694175 0 0)
(0.694146 0 0)
(0.694116 0 0)
(0.694086 0 0)
(0.694056 0 0)
(0.694027 0 0)
(0.693997 0 0)
(0.693967 0 0)
(0.693938 0 0)
(0.693908 0 0)
(0.693878 0 0)
(0.693848 0 0)
(0.693818 0 0)
(0.693789 0 0)
(0.693759 0 0)
(0.693729 0 0)
(0.693699 0 0)
(0.693669 0 0)
(0.693639 0 0)
(0.693609 0 0)
(0.693579 0 0)
(0.693549 0 0)
(0.693519 0 0)
(0.693489 0 0)
(0.693459 0 0)
(0.693429 0 0)
(0.693399 0 0)
(0.693369 0 0)
(0.693339 0 0)
(0.693309 0 0)
(0.693279 0 0)
(0.693249 0 0)
(0.693219 0 0)
(0.693188 0 0)
(0.693158 0 0)
(0.693128 0 0)
(0.693098 0 0)
(0.693068 0 0)
(0.693037 0 0)
(0.693007 0 0)
(0.692977 0 0)
(0.692946 0 0)
(0.692916 0 0)
(0.692886 0 0)
(0.692855 0 0)
(0.692825 0 0)
(0.692794 0 0)
(0.692764 0 0)
(0.692733 0 0)
(0.692703 0 0)
(0.692672 0 0)
(0.692642 0 0)
(0.692611 0 0)
(0.69258 0 0)
(0.69255 0 0)
(0.692519 0 0)
(0.692488 0 0)
(0.692457 0 0)
(0.692427 0 0)
(0.692396 0 0)
(0.692365 0 0)
(0.692334 0 0)
(0.692303 0 0)
(0.692272 0 0)
(0.692241 0 0)
(0.69221 0 0)
(0.692179 0 0)
(0.692148 0 0)
(0.692117 0 0)
(0.692086 0 0)
(0.692054 0 0)
(0.692023 0 0)
(0.691992 0 0)
(0.69196 0 0)
(0.691929 0 0)
(0.691898 0 0)
(0.691866 0 0)
(0.691835 0 0)
(0.691803 0 0)
(0.691771 0 0)
(0.69174 0 0)
(0.691708 0 0)
(0.691676 0 0)
(0.691644 0 0)
(0.691612 0 0)
(0.69158 0 0)
(0.691548 0 0)
(0.691516 0 0)
(0.691484 0 0)
(0.691451 0 0)
(0.691419 0 0)
(0.691387 0 0)
(0.691354 0 0)
(0.691321 0 0)
(0.691289 0 0)
(0.691256 0 0)
(0.691223 0 0)
(0.69119 0 0)
(0.691157 0 0)
(0.691124 0 0)
(0.69109 0 0)
(0.691057 0 0)
(0.691023 0 0)
(0.69099 0 0)
(0.690956 0 0)
(0.690922 0 0)
(0.690888 0 0)
(0.690853 0 0)
(0.690819 0 0)
(0.690784 0 0)
(0.690749 0 0)
(0.690714 0 0)
(0.690679 0 0)
(0.690643 0 0)
(0.690608 0 0)
(0.690572 0 0)
(0.690536 0 0)
(0.690499 0 0)
(0.690462 0 0)
(0.690425 0 0)
(0.690388 0 0)
(0.69035 0 0)
(0.690312 0 0)
(0.690274 0 0)
(0.690235 0 0)
(0.690196 0 0)
(0.690156 0 0)
(0.690115 0 0)
(0.690075 0 0)
(0.690033 0 0)
(0.689991 0 0)
(0.689948 0 0)
(0.689905 0 0)
(0.68986 0 0)
(0.689815 0 0)
(0.689769 0 0)
(0.689722 0 0)
(0.689673 0 0)
(0.689624 0 0)
(0.689573 0 0)
(0.68952 0 0)
(0.689466 0 0)
(0.68941 0 0)
(0.689352 0 0)
(0.689292 0 0)
(0.68923 0 0)
(0.689164 0 0)
(0.689095 0 0)
(0.689023 0 0)
(0.688946 0 0)
(0.688865 0 0)
(0.688778 0 0)
(0.688685 0 0)
(0.688584 0 0)
(0.688474 0 0)
(0.688354 0 0)
(0.688222 0 0)
(0.688074 0 0)
(0.687908 0 0)
(0.687718 0 0)
(0.687498 0 0)
(0.687239 0 0)
(0.686928 0 0)
(0.686547 0 0)
(0.686064 0 0)
(0.685431 0 0)
(0.684561 0 0)
(0.683283 0 0)
(0.681225 0 0)
(0.677438 0 0)
(0.666081 0 0)
(0.653183 0 0)
(0.642771 0 0)
(0.627917 0 0)
(0.609971 0 0)
(0.591868 0 0)
(0.577699 0 0)
(0.571746 0 0)
(0.576346 0 0)
(0.589692 0 0)
(0.606145 0 0)
(0.619683 0 0)
(0.627192 0 0)
(0.628779 0 0)
(0.626141 0 0)
(0.621168 0 0)
(0.615389 0 0)
(0.609943 0 0)
(0.605645 0 0)
(0.603025 0 0)
(0.602291 0 0)
(0.603294 0 0)
(0.605544 0 0)
(0.60834 0 0)
(0.610967 0 0)
(0.61289 0 0)
(0.613849 0 0)
(0.613859 0 0)
(0.613131 0 0)
(0.611974 0 0)
(0.61071 0 0)
(0.609611 0 0)
(0.608859 0 0)
(0.608536 0 0)
(0.608621 0 0)
(0.609017 0 0)
(0.60958 0 0)
(0.610161 0 0)
(0.610636 0 0)
(0.61093 0 0)
(0.611021 0 0)
(0.610933 0 0)
(0.610723 0 0)
(0.610459 0 0)
(0.610206 0 0)
(0.610013 0 0)
(0.609909 0 0)
(0.609898 0 0)
(0.609964 0 0)
(0.61008 0 0)
(0.610213 0 0)
(0.610336 0 0)
(0.610428 0 0)
(0.610479 0 0)
(0.610489 0 0)
(0.610468 0 0)
(0.610428 0 0)
(0.610383 0 0)
(0.610346 0 0)
(0.610323 0 0)
(0.610318 0 0)
(0.610328 0 0)
(0.610347 0 0)
(0.61037 0 0)
(0.610389 0 0)
(0.6104 0 0)
(0.610401 0 0)
(0.610391 0 0)
(0.610372 0 0)
(0.610347 0 0)
(0.61032 0 0)
(0.610295 0 0)
(0.610273 0 0)
(0.610256 0 0)
(0.610246 0 0)
(0.610239 0 0)
(0.610237 0 0)
(0.610236 0 0)
(0.610236 0 0)
(0.610236 0 0)
(0.610234 0 0)
(0.610232 0 0)
(0.610229 0 0)
(0.610225 0 0)
(0.610222 0 0)
(0.610219 0 0)
(0.610217 0 0)
(0.610216 0 0)
(0.610217 0 0)
(0.610217 0 0)
(0.610219 0 0)
(0.61022 0 0)
(0.610221 0 0)
(0.610221 0 0)
(0.610222 0 0)
(0.610221 0 0)
(0.610221 0 0)
(0.610221 0 0)
(0.61022 0 0)
(0.61022 0 0)
(0.61022 0 0)
(0.61022 0 0)
(0.61022 0 0)
(0.610221 0 0)
(0.610221 0 0)
(0.610221 0 0)
(0.610221 0 0)
(0.610222 0 0)
(0.610222 0 0)
(0.610222 0 0)
(0.610222 0 0)
(0.610221 0 0)
(0.610221 0 0)
(0.610222 0 0)
(0.610222 0 0)
(0.610222 0 0)
(0.610222 0 0)
(0.610222 0 0)
(0.610222 0 0)
(0.610222 0 0)
(0.610222 0 0)
(0.610222 0 0)
(0.610223 0 0)
(0.610223 0 0)
(0.610223 0 0)
(0.610223 0 0)
(0.610223 0 0)
(0.610223 0 0)
(0.610223 0 0)
(0.610223 0 0)
(0.610223 0 0)
(0.610224 0 0)
(0.610224 0 0)
(0.610224 0 0)
(0.610224 0 0)
(0.610224 0 0)
(0.610225 0 0)
(0.610225 0 0)
(0.610225 0 0)
(0.610225 0 0)
(0.610225 0 0)
(0.610226 0 0)
(0.610226 0 0)
(0.610226 0 0)
(0.610227 0 0)
(0.610227 0 0)
(0.610228 0 0)
(0.610228 0 0)
)
;

boundaryField
{
    inlet
    {
        type            fractionalVelocity;
        U               1((1 0 0));
        fractionalFlow  Fa;
        value           uniform (0.709421 0 0);
    }
    outlet
    {
        type            zeroGradient;
    }
    emptyWalls
    {
        type            empty;
    }
}


// ************************************************************************* //
