/*--------------------------------*- C++ -*----------------------------------*\
  =========                 |
  \\      /  F ield         | OpenFOAM: The Open Source CFD Toolbox
   \\    /   O peration     | Website:  https://openfoam.org
    \\  /    A nd           | Version:  9
     \\/     M anipulation  |
\*---------------------------------------------------------------------------*/
FoamFile
{
    format      ascii;
    class       volScalarField;
    location    "4.6";
    object      Fcsw;
}
// * * * * * * * * * * * * * * * * * * * * * * * * * * * * * * * * * * * * * //

dimensions      [0 0 0 0 0 0 0];

internalField   nonuniform List<scalar> 
1000
(
0.000127367
0.000203035
0.000271357
0.000335502
0.000396618
0.000455287
0.000511859
0.000566572
0.000619599
0.000671076
0.000721111
0.000769797
0.000817212
0.000863425
0.000908497
0.000952483
0.000995432
0.00103739
0.0010784
0.0011185
0.00115773
0.00119612
0.00123371
0.00127051
0.00130657
0.0013419
0.00137654
0.00141051
0.00144382
0.00147651
0.00150859
0.00154008
0.001571
0.00160136
0.0016312
0.00166051
0.00168932
0.00171765
0.0017455
0.00177289
0.00179983
0.00182634
0.00185243
0.0018781
0.00190338
0.00192827
0.00195279
0.00197694
0.00200073
0.00202417
0.00204727
0.00207004
0.00209249
0.00211463
0.00213646
0.002158
0.00217924
0.0022002
0.00222088
0.00224129
0.00226144
0.00228133
0.00230098
0.00232037
0.00233953
0.00235845
0.00237714
0.00239561
0.00241386
0.0024319
0.00244973
0.00246735
0.00248478
0.002502
0.00251904
0.00253589
0.00255256
0.00256905
0.00258537
0.00260151
0.00261748
0.00263329
0.00264894
0.00266443
0.00267977
0.00269496
0.00270999
0.00272488
0.00273963
0.00275424
0.00276872
0.00278306
0.00279726
0.00281134
0.0028253
0.00283912
0.00285283
0.00286642
0.00287989
0.00289325
0.00290649
0.00291962
0.00293265
0.00294557
0.00295838
0.00297109
0.00298371
0.00299622
0.00300864
0.00302096
0.00303319
0.00304532
0.00305737
0.00306933
0.0030812
0.00309299
0.00310469
0.00311631
0.00312786
0.00313932
0.0031507
0.00316201
0.00317324
0.0031844
0.00319549
0.00320651
0.00321745
0.00322833
0.00323914
0.00324989
0.00326057
0.00327118
0.00328173
0.00329222
0.00330266
0.00331303
0.00332334
0.0033336
0.00334379
0.00335394
0.00336403
0.00337406
0.00338405
0.00339398
0.00340386
0.00341369
0.00342347
0.00343321
0.00344289
0.00345254
0.00346213
0.00347168
0.00348119
0.00349065
0.00350007
0.00350945
0.00351879
0.00352809
0.00353735
0.00354657
0.00355576
0.0035649
0.00357401
0.00358309
0.00359213
0.00360113
0.0036101
0.00361904
0.00362794
0.00363682
0.00364566
0.00365447
0.00366325
0.00367201
0.00368073
0.00368943
0.0036981
0.00370674
0.00371535
0.00372394
0.00373251
0.00374105
0.00374956
0.00375806
0.00376653
0.00377497
0.0037834
0.0037918
0.00380019
0.00380855
0.0038169
0.00382522
0.00383353
0.00384182
0.00385009
0.00385834
0.00386658
0.0038748
0.00388301
0.0038912
0.00389938
0.00390754
0.00391569
0.00392383
0.00393196
0.00394007
0.00394817
0.00395627
0.00396435
0.00397242
0.00398049
0.00398854
0.00399659
0.00400463
0.00401266
0.00402069
0.00402871
0.00403673
0.00404474
0.00405275
0.00406076
0.00406876
0.00407676
0.00408476
0.00409276
0.00410076
0.00410875
0.00411675
0.00412476
0.00413276
0.00414077
0.00414878
0.00415679
0.00416481
0.00417284
0.00418087
0.00418892
0.00419697
0.00420502
0.00421309
0.00422117
0.00422927
0.00423737
0.00424549
0.00425362
0.00426177
0.00426994
0.00427812
0.00428632
0.00429455
0.00430279
0.00431106
0.00431935
0.00432766
0.00433601
0.00434438
0.00435278
0.00436121
0.00436967
0.00437817
0.0043867
0.00439527
0.00440388
0.00441253
0.00442123
0.00442997
0.00443876
0.0044476
0.00445649
0.00446544
0.00447445
0.00448352
0.00449265
0.00450185
0.00451112
0.00452046
0.00452988
0.00453938
0.00454897
0.00455865
0.00456842
0.00457829
0.00458827
0.00459835
0.00460855
0.00461887
0.00462932
0.00463991
0.00465063
0.00466151
0.00467254
0.00468374
0.00469512
0.00470668
0.00471844
0.0047304
0.00474259
0.004755
0.00476767
0.00478059
0.0047938
0.0048073
0.00482111
0.00483525
0.00484975
0.00486463
0.00487991
0.00489562
0.00491179
0.00492845
0.00494564
0.00496339
0.00498174
0.00500074
0.00502044
0.00504089
0.00506214
0.00508427
0.00510733
0.00513141
0.0051566
0.00518297
0.00521064
0.00523972
0.00527033
0.00530261
0.00533672
0.00537283
0.00541113
0.00545184
0.00549519
0.00554147
0.00559098
0.00564406
0.00570111
0.00576258
0.00582897
0.00590088
0.00597897
0.00606402
0.00615693
0.00625873
0.00637064
0.00649409
0.00663076
0.00678263
0.00695207
0.00714192
0.00735561
0.00759728
0.00787203
0.00818612
0.00854738
0.00896561
0.00945329
0.0100264
0.010706
0.0115194
0.0125039
0.01371
0.0152085
0.0171005
0.0195347
0.0227367
0.0270617
0.0330967
0.0418647
0.0552778
0.0772533
0.116885
0.1994
0.417438
1.26704
0.827562
0.451388
0.0401149
-0.170977
-0.221807
-0.206608
-0.168773
-0.110023
-0.0269229
0.0653982
0.134305
0.152966
0.122402
0.066898
0.0120547
-0.0283397
-0.0512343
-0.058691
-0.0541113
-0.0409663
-0.0228043
-0.00344036
0.013277
0.0242213
0.0278731
0.0247259
0.0168978
0.00719277
-0.00184082
-0.00847046
-0.0119137
-0.0122052
-0.00996419
-0.00615036
-0.00183421
0.00201304
0.00469094
0.00587193
0.00560952
0.00425596
0.00232329
0.000335846
-0.00128546
-0.00228745
-0.00259769
-0.00229849
-0.00157721
-0.000667458
0.000206634
0.000873617
0.00123933
0.00129095
0.00108319
0.000712953
0.000290227
-8.75099e-05
-0.000352759
-0.00047544
-0.000461062
-0.00034208
-0.00016563
1.91312e-05
0.000171493
0.000265793
0.000293578
0.000261783
0.0001881
9.50905e-05
4.52326e-06
-6.69226e-05
-0.000109997
-0.000123186
-0.000111366
-8.34087e-05
-4.94743e-05
-1.85869e-05
3.05066e-06
1.28135e-05
1.15125e-05
2.56411e-06
-9.2209e-06
-1.89037e-05
-2.24714e-05
-1.75077e-05
-3.42198e-06
1.87203e-05
4.66521e-05
7.74976e-05
0.000108361
0.000136797
0.000161099
0.000180391
0.000194546
0.000203993
0.000209472
0.000211804
0.000211709
0.000209712
0.000206122
0.00020107
0.000194593
0.000186712
0.000177514
0.000167184
0.000156016
0.000144388
0.00013272
0.000121416
0.000110823
0.000101195
9.26749e-05
8.53066e-05
7.90476e-05
7.37996e-05
6.94381e-05
6.5839e-05
6.28974e-05
6.05368e-05
5.87093e-05
5.73898e-05
5.6565e-05
5.62226e-05
5.6342e-05
5.68889e-05
5.7813e-05
5.90501e-05
6.0527e-05
6.21665e-05
6.38935e-05
6.56394e-05
6.73447e-05
6.89597e-05
7.04443e-05
7.17656e-05
7.28964e-05
7.38126e-05
7.44922e-05
7.49147e-05
7.50609e-05
7.49141e-05
7.44612e-05
7.36937e-05
7.26092e-05
7.12122e-05
6.95144e-05
6.75351e-05
6.53013e-05
6.28471e-05
6.02138e-05
5.74494e-05
5.46082e-05
5.17508e-05
4.89432e-05
4.62563e-05
4.37651e-05
4.15469e-05
3.968e-05
3.82415e-05
3.73052e-05
3.69385e-05
3.72005e-05
3.8139e-05
3.97883e-05
4.21673e-05
4.52778e-05
4.91035e-05
5.36099e-05
5.87442e-05
6.44364e-05
7.0601e-05
7.71389e-05
8.39404e-05
9.08882e-05
9.78605e-05
0.000104735
0.000111393
0.000117721
0.000123616
0.000128987
0.000133757
0.000137866
0.000141271
0.000143946
0.000145882
0.000147088
0.000147587
0.000147412
0.000146612
0.000145239
0.000143355
0.000141023
0.000138306
0.00013527
0.000131973
0.000128473
0.000124818
0.000121053
0.000117216
0.000113337
0.000109441
0.000105547
0.000101669
9.78167e-05
9.39992e-05
9.02225e-05
8.64927e-05
8.28168e-05
7.92036e-05
7.56642e-05
7.2213e-05
6.88682e-05
6.56514e-05
6.25881e-05
5.97074e-05
5.7041e-05
5.4623e-05
5.2489e-05
5.06748e-05
4.92157e-05
4.81449e-05
4.74927e-05
4.72851e-05
4.7543e-05
4.82807e-05
4.95058e-05
5.12177e-05
5.3408e-05
5.60595e-05
5.91468e-05
6.26361e-05
6.6486e-05
7.06478e-05
7.5067e-05
7.96836e-05
8.44339e-05
8.92514e-05
9.40685e-05
9.88178e-05
0.000103433
0.000107851
0.000112013
0.000115865
0.000119359
0.000122454
0.000125117
0.000127323
0.000129055
0.000130305
0.000131072
0.000131364
0.000131197
0.000130593
0.000129581
0.000128195
0.000126474
0.000124463
0.000122208
0.000119758
0.000117162
0.000114473
0.000111739
0.000109011
0.000106337
0.00010376
0.000101323
9.90643e-05
9.70164e-05
9.52086e-05
9.36646e-05
9.24027e-05
9.14358e-05
9.0771e-05
9.04099e-05
9.03483e-05
9.05769e-05
9.10814e-05
9.18426e-05
9.28374e-05
9.40388e-05
9.54169e-05
9.69397e-05
9.85734e-05
0.000100283
0.000102035
0.000103794
0.000105528
0.000107208
0.000108805
0.000110295
0.000111659
0.000112879
0.000113946
0.000114852
0.000115595
0.000116178
0.000116608
0.000116896
0.000117058
0.000117111
0.000117078
0.00011698
0.000116843
0.000116691
0.000116549
0.000116442
0.000116392
0.000116422
0.000116548
0.000116786
0.00011715
0.000117645
0.000118278
0.000119048
0.000119952
0.000120982
0.000122127
0.000123373
0.000124701
0.000126092
0.000127523
0.000128969
0.000130407
0.000131809
0.000133151
0.000134407
0.000135553
0.000136568
0.000137431
0.000138125
0.000138634
0.000138947
0.000139054
0.000138943
0.000138588
0.000137886
0.00013641
0.000132383
0.000118448
6.42186e-05
-0.000155745
-0.00105921
-0.00478413
-0.0201737
-0.0840514
-0.353029
-1.47973
-3.57624
-0.946005
-0.00588727
-0.000500744
-0.000155958
-3.30518e-06
-1.12318e-05
-6.46948e-05
-9.86482e-05
-0.000105409
-9.9479e-05
-9.25822e-05
-8.80228e-05
-8.45041e-05
-8.028e-05
-7.46977e-05
-6.79513e-05
-6.04591e-05
-5.25315e-05
-4.43412e-05
-3.60005e-05
-2.76201e-05
-1.93216e-05
-1.12281e-05
-3.4533e-06
3.90341e-06
1.07569e-05
1.70351e-05
2.2679e-05
2.7642e-05
3.18906e-05
3.54044e-05
3.81759e-05
4.02102e-05
4.15245e-05
4.21475e-05
4.21186e-05
4.14866e-05
4.03087e-05
3.86487e-05
3.65757e-05
3.41617e-05
3.14801e-05
2.86036e-05
2.56022e-05
2.25412e-05
1.94799e-05
1.64698e-05
1.35536e-05
1.07646e-05
8.12591e-06
5.65088e-06
3.34314e-06
1.19754e-06
-7.98862e-07
-2.66541e-06
-4.42633e-06
-6.10901e-06
-7.74229e-06
-9.35475e-06
-1.09731e-05
-1.26206e-05
-1.4316e-05
-1.60728e-05
-1.78978e-05
-1.97917e-05
-2.17484e-05
-2.37557e-05
-2.57956e-05
-2.78449e-05
-2.98768e-05
-3.18612e-05
-3.37666e-05
-3.55607e-05
-3.72122e-05
-3.86915e-05
-3.99717e-05
-4.10296e-05
-4.18465e-05
-4.24084e-05
-4.27067e-05
-4.27378e-05
-4.25036e-05
-4.20107e-05
-4.12705e-05
-4.02985e-05
-3.91137e-05
-3.7738e-05
-3.61954e-05
-3.45114e-05
-3.27125e-05
-3.08251e-05
-2.88753e-05
-2.68881e-05
-2.48872e-05
-2.28945e-05
-2.09298e-05
-1.90106e-05
-1.71522e-05
-1.53672e-05
-1.36658e-05
-1.20561e-05
-1.05438e-05
-9.13248e-06
-7.82398e-06
-6.61842e-06
-5.51448e-06
-4.50961e-06
-3.60025e-06
-2.78203e-06
-2.04998e-06
-1.3987e-06
-8.22529e-07
-3.15665e-07
1.2769e-07
5.13242e-07
8.46516e-07
1.13279e-06
1.37706e-06
1.58399e-06
1.75789e-06
1.90272e-06
2.02207e-06
2.11919e-06
2.19698e-06
2.25802e-06
2.30457e-06
2.33861e-06
2.36188e-06
2.37584e-06
2.38175e-06
2.3807e-06
2.37355e-06
2.36105e-06
2.34378e-06
2.3222e-06
2.29667e-06
2.26742e-06
2.23462e-06
2.19834e-06
2.15856e-06
2.1152e-06
2.06811e-06
2.01707e-06
1.96179e-06
1.90191e-06
1.837e-06
1.76657e-06
1.69005e-06
1.60679e-06
1.51607e-06
1.4171e-06
1.30898e-06
1.19076e-06
1.06138e-06
9.19704e-07
7.64524e-07
5.94539e-07
4.08382e-07
2.04614e-07
-1.82587e-08
-2.6178e-07
-5.27519e-07
-8.17065e-07
-1.132e-06
-1.47387e-06
-1.84416e-06
-2.24429e-06
-2.67554e-06
-3.13903e-06
-3.63571e-06
-4.16627e-06
-4.73114e-06
-5.33043e-06
-5.96391e-06
-6.63092e-06
-7.3304e-06
-8.06079e-06
-8.82005e-06
-9.60559e-06
-1.04143e-05
-1.12425e-05
-1.20859e-05
-1.29398e-05
-1.37987e-05
-1.46569e-05
-1.5508e-05
-1.63452e-05
-1.71614e-05
-1.79492e-05
-1.87011e-05
-1.94092e-05
-2.00659e-05
-2.06634e-05
-2.11945e-05
-2.16521e-05
-2.20296e-05
-2.23209e-05
-2.25209e-05
-2.26251e-05
-2.263e-05
-2.2533e-05
-2.2333e-05
-2.20298e-05
-2.16243e-05
-2.11191e-05
-2.05179e-05
-1.98254e-05
-1.90481e-05
-1.81932e-05
-1.72694e-05
-1.62861e-05
-1.52539e-05
-1.41841e-05
-1.30883e-05
-1.19791e-05
-1.0869e-05
-9.77064e-06
-8.69671e-06
-7.65951e-06
-6.6709e-06
-5.74208e-06
-4.88345e-06
-4.10441e-06
-3.41327e-06
-2.8171e-06
-2.32163e-06
-1.93118e-06
-1.64862e-06
-1.4753e-06
-1.4111e-06
-1.45446e-06
-1.60235e-06
-1.85045e-06
-2.19315e-06
-2.62374e-06
-3.13449e-06
-3.71682e-06
-4.36148e-06
-5.06014e-06
-5.85619e-06
-8.67646e-06
-8.35652e-05
-0.00276441
-0.100466
-4.94072
-16.2224
4.69878e-13
-5.86437e-13
3.64246e-15
-1.20201e-13
-2.33118e-13
-3.46034e-13
-1.20201e-13
-2.33118e-13
1.16559e-13
-2.33118e-13
-0
3.64246e-15
-3.64246e-15
3.64246e-15
1.12916e-13
-1.16559e-13
-0
2.3676e-13
-1.16559e-13
5.82794e-14
-0
-6.19219e-14
-1.16559e-13
1.16559e-13
-1.74838e-13
3.64246e-15
-2.91397e-14
-3.64246e-15
-5.82794e-14
-5.4637e-14
1.45699e-14
2.91397e-14
-7.28493e-15
-0
)
;

boundaryField
{
    inlet
    {
        type            calculated;
        value           uniform 0.000127367;
    }
    outlet
    {
        type            calculated;
        value           uniform -0;
    }
    emptyWalls
    {
        type            empty;
    }
}


// ************************************************************************* //
