/*--------------------------------*- C++ -*----------------------------------*\
  =========                 |
  \\      /  F ield         | OpenFOAM: The Open Source CFD Toolbox
   \\    /   O peration     | Website:  https://openfoam.org
    \\  /    A nd           | Version:  9
     \\/     M anipulation  |
\*---------------------------------------------------------------------------*/
FoamFile
{
    format      ascii;
    class       volScalarField;
    location    "12.3";
    object      p;
}
// * * * * * * * * * * * * * * * * * * * * * * * * * * * * * * * * * * * * * //

dimensions      [0 0 0 0 0 0 0];

internalField   nonuniform List<scalar> 
1000
(
1.66227e+13
1.66128e+13
1.66028e+13
1.65929e+13
1.65829e+13
1.65729e+13
1.65629e+13
1.65528e+13
1.65428e+13
1.65327e+13
1.65226e+13
1.65125e+13
1.65023e+13
1.64922e+13
1.6482e+13
1.64718e+13
1.64616e+13
1.64513e+13
1.64411e+13
1.64308e+13
1.64205e+13
1.64102e+13
1.63999e+13
1.63895e+13
1.63791e+13
1.63687e+13
1.63583e+13
1.63479e+13
1.63375e+13
1.6327e+13
1.63165e+13
1.6306e+13
1.62955e+13
1.6285e+13
1.62744e+13
1.62639e+13
1.62533e+13
1.62427e+13
1.62321e+13
1.62214e+13
1.62108e+13
1.62001e+13
1.61894e+13
1.61787e+13
1.6168e+13
1.61572e+13
1.61465e+13
1.61357e+13
1.61249e+13
1.61141e+13
1.61032e+13
1.60924e+13
1.60815e+13
1.60707e+13
1.60598e+13
1.60488e+13
1.60379e+13
1.6027e+13
1.6016e+13
1.6005e+13
1.5994e+13
1.5983e+13
1.5972e+13
1.59609e+13
1.59498e+13
1.59388e+13
1.59277e+13
1.59165e+13
1.59054e+13
1.58943e+13
1.58831e+13
1.58719e+13
1.58607e+13
1.58495e+13
1.58383e+13
1.5827e+13
1.58158e+13
1.58045e+13
1.57932e+13
1.57819e+13
1.57706e+13
1.57592e+13
1.57479e+13
1.57365e+13
1.57251e+13
1.57137e+13
1.57023e+13
1.56908e+13
1.56794e+13
1.56679e+13
1.56564e+13
1.56449e+13
1.56334e+13
1.56219e+13
1.56103e+13
1.55988e+13
1.55872e+13
1.55756e+13
1.5564e+13
1.55523e+13
1.55407e+13
1.55291e+13
1.55174e+13
1.55057e+13
1.5494e+13
1.54823e+13
1.54705e+13
1.54588e+13
1.5447e+13
1.54353e+13
1.54235e+13
1.54117e+13
1.53998e+13
1.5388e+13
1.53761e+13
1.53643e+13
1.53524e+13
1.53405e+13
1.53286e+13
1.53167e+13
1.53047e+13
1.52928e+13
1.52808e+13
1.52688e+13
1.52568e+13
1.52448e+13
1.52328e+13
1.52207e+13
1.52086e+13
1.51966e+13
1.51845e+13
1.51724e+13
1.51603e+13
1.51481e+13
1.5136e+13
1.51238e+13
1.51116e+13
1.50995e+13
1.50872e+13
1.5075e+13
1.50628e+13
1.50505e+13
1.50383e+13
1.5026e+13
1.50137e+13
1.50014e+13
1.49891e+13
1.49768e+13
1.49644e+13
1.4952e+13
1.49397e+13
1.49273e+13
1.49149e+13
1.49025e+13
1.489e+13
1.48776e+13
1.48651e+13
1.48526e+13
1.48402e+13
1.48277e+13
1.48151e+13
1.48026e+13
1.47901e+13
1.47775e+13
1.47649e+13
1.47524e+13
1.47398e+13
1.47271e+13
1.47145e+13
1.47019e+13
1.46892e+13
1.46766e+13
1.46639e+13
1.46512e+13
1.46385e+13
1.46257e+13
1.4613e+13
1.46003e+13
1.45875e+13
1.45747e+13
1.45619e+13
1.45491e+13
1.45363e+13
1.45235e+13
1.45106e+13
1.44978e+13
1.44849e+13
1.4472e+13
1.44591e+13
1.44462e+13
1.44333e+13
1.44204e+13
1.44074e+13
1.43944e+13
1.43815e+13
1.43685e+13
1.43555e+13
1.43424e+13
1.43294e+13
1.43164e+13
1.43033e+13
1.42902e+13
1.42772e+13
1.42641e+13
1.4251e+13
1.42378e+13
1.42247e+13
1.42116e+13
1.41984e+13
1.41852e+13
1.4172e+13
1.41588e+13
1.41456e+13
1.41324e+13
1.41192e+13
1.41059e+13
1.40926e+13
1.40794e+13
1.40661e+13
1.40528e+13
1.40395e+13
1.40261e+13
1.40128e+13
1.39994e+13
1.39861e+13
1.39727e+13
1.39593e+13
1.39459e+13
1.39325e+13
1.3919e+13
1.39056e+13
1.38921e+13
1.38787e+13
1.38652e+13
1.38517e+13
1.38382e+13
1.38247e+13
1.38111e+13
1.37976e+13
1.3784e+13
1.37705e+13
1.37569e+13
1.37433e+13
1.37297e+13
1.37161e+13
1.37024e+13
1.36888e+13
1.36751e+13
1.36615e+13
1.36478e+13
1.36341e+13
1.36204e+13
1.36067e+13
1.35929e+13
1.35792e+13
1.35654e+13
1.35517e+13
1.35379e+13
1.35241e+13
1.35103e+13
1.34965e+13
1.34826e+13
1.34688e+13
1.34549e+13
1.34411e+13
1.34272e+13
1.34133e+13
1.33994e+13
1.33855e+13
1.33716e+13
1.33576e+13
1.33437e+13
1.33297e+13
1.33157e+13
1.33017e+13
1.32877e+13
1.32737e+13
1.32597e+13
1.32457e+13
1.32316e+13
1.32176e+13
1.32035e+13
1.31894e+13
1.31753e+13
1.31612e+13
1.31471e+13
1.3133e+13
1.31188e+13
1.31047e+13
1.30905e+13
1.30763e+13
1.30621e+13
1.30479e+13
1.30337e+13
1.30195e+13
1.30052e+13
1.2991e+13
1.29767e+13
1.29625e+13
1.29482e+13
1.29339e+13
1.29196e+13
1.29053e+13
1.28909e+13
1.28766e+13
1.28622e+13
1.28479e+13
1.28335e+13
1.28191e+13
1.28047e+13
1.27903e+13
1.27758e+13
1.27614e+13
1.2747e+13
1.27325e+13
1.2718e+13
1.27035e+13
1.26891e+13
1.26745e+13
1.266e+13
1.26455e+13
1.2631e+13
1.26164e+13
1.26018e+13
1.25873e+13
1.25727e+13
1.25581e+13
1.25435e+13
1.25289e+13
1.25142e+13
1.24996e+13
1.24849e+13
1.24703e+13
1.24556e+13
1.24409e+13
1.24262e+13
1.24115e+13
1.23968e+13
1.2382e+13
1.23673e+13
1.23525e+13
1.23377e+13
1.2323e+13
1.23082e+13
1.22934e+13
1.22786e+13
1.22637e+13
1.22489e+13
1.22341e+13
1.22192e+13
1.22043e+13
1.21894e+13
1.21746e+13
1.21596e+13
1.21447e+13
1.21298e+13
1.21149e+13
1.20999e+13
1.2085e+13
1.207e+13
1.2055e+13
1.204e+13
1.2025e+13
1.201e+13
1.1995e+13
1.19799e+13
1.19649e+13
1.19498e+13
1.19348e+13
1.19197e+13
1.19046e+13
1.18895e+13
1.18744e+13
1.18592e+13
1.18441e+13
1.1829e+13
1.18138e+13
1.17986e+13
1.17835e+13
1.17683e+13
1.17531e+13
1.17378e+13
1.17226e+13
1.17074e+13
1.16921e+13
1.16769e+13
1.16616e+13
1.16463e+13
1.16311e+13
1.16158e+13
1.16004e+13
1.15851e+13
1.15698e+13
1.15544e+13
1.15391e+13
1.15237e+13
1.15084e+13
1.1493e+13
1.14776e+13
1.14622e+13
1.14467e+13
1.14313e+13
1.14159e+13
1.14004e+13
1.1385e+13
1.13695e+13
1.1354e+13
1.13385e+13
1.1323e+13
1.13075e+13
1.1292e+13
1.12764e+13
1.12609e+13
1.12453e+13
1.12298e+13
1.12142e+13
1.11986e+13
1.1183e+13
1.11674e+13
1.11518e+13
1.11361e+13
1.11205e+13
1.11048e+13
1.10892e+13
1.10735e+13
1.10578e+13
1.10421e+13
1.10264e+13
1.10107e+13
1.0995e+13
1.09792e+13
1.09635e+13
1.09477e+13
1.09319e+13
1.09162e+13
1.09004e+13
1.08846e+13
1.08688e+13
1.08529e+13
1.08371e+13
1.08213e+13
1.08054e+13
1.07895e+13
1.07737e+13
1.07578e+13
1.07419e+13
1.0726e+13
1.07101e+13
1.06941e+13
1.06782e+13
1.06623e+13
1.06463e+13
1.06303e+13
1.06144e+13
1.05984e+13
1.05824e+13
1.05664e+13
1.05504e+13
1.05343e+13
1.05183e+13
1.05022e+13
1.04862e+13
1.04701e+13
1.0454e+13
1.04379e+13
1.04218e+13
1.04057e+13
1.03896e+13
1.03735e+13
1.03573e+13
1.03412e+13
1.0325e+13
1.03088e+13
1.02927e+13
1.02765e+13
1.02603e+13
1.0244e+13
1.02278e+13
1.02116e+13
1.01953e+13
1.01791e+13
1.01628e+13
1.01466e+13
1.01303e+13
1.0114e+13
1.00977e+13
1.00814e+13
1.0065e+13
1.00487e+13
1.00323e+13
1.0016e+13
9.99963e+12
9.98325e+12
9.96687e+12
9.95047e+12
9.93406e+12
9.91765e+12
9.90122e+12
9.88479e+12
9.86834e+12
9.85189e+12
9.83542e+12
9.81894e+12
9.80246e+12
9.78596e+12
9.76946e+12
9.75294e+12
9.73642e+12
9.71988e+12
9.70333e+12
9.68678e+12
9.67021e+12
9.65364e+12
9.63705e+12
9.62046e+12
9.60385e+12
9.58724e+12
9.57061e+12
9.55398e+12
9.53733e+12
9.52068e+12
9.50401e+12
9.48734e+12
9.47065e+12
9.45396e+12
9.43725e+12
9.42054e+12
9.40382e+12
9.38708e+12
9.37034e+12
9.35358e+12
9.33682e+12
9.32005e+12
9.30326e+12
9.28647e+12
9.26967e+12
9.25286e+12
9.23603e+12
9.2192e+12
9.20236e+12
9.18551e+12
9.16865e+12
9.15178e+12
9.1349e+12
9.11801e+12
9.10111e+12
9.0842e+12
9.06728e+12
9.05035e+12
9.03341e+12
9.01646e+12
8.9995e+12
8.98253e+12
8.96555e+12
8.94856e+12
8.93157e+12
8.91456e+12
8.89754e+12
8.88052e+12
8.86348e+12
8.84643e+12
8.82938e+12
8.81231e+12
8.79524e+12
8.77815e+12
8.76106e+12
8.74396e+12
8.72684e+12
8.70972e+12
8.69259e+12
8.67545e+12
8.65829e+12
8.64113e+12
8.62396e+12
8.60678e+12
8.58959e+12
8.57239e+12
8.55518e+12
8.53796e+12
8.52073e+12
8.5035e+12
8.48625e+12
8.46899e+12
8.45172e+12
8.43445e+12
8.41716e+12
8.39987e+12
8.38256e+12
8.36525e+12
8.34792e+12
8.33059e+12
8.31325e+12
8.2959e+12
8.27853e+12
8.26116e+12
8.24378e+12
8.22639e+12
8.20899e+12
8.19158e+12
8.17417e+12
8.15674e+12
8.1393e+12
8.12185e+12
8.1044e+12
8.08693e+12
8.06946e+12
8.05197e+12
8.03448e+12
8.01697e+12
7.99946e+12
7.98194e+12
7.96441e+12
7.94686e+12
7.92931e+12
7.91175e+12
7.89419e+12
7.87661e+12
7.85902e+12
7.84142e+12
7.82381e+12
7.8062e+12
7.78857e+12
7.77094e+12
7.75329e+12
7.73564e+12
7.71798e+12
7.70031e+12
7.68262e+12
7.66493e+12
7.64723e+12
7.62952e+12
7.61181e+12
7.59408e+12
7.57634e+12
7.55859e+12
7.54084e+12
7.52307e+12
7.5053e+12
7.48751e+12
7.46972e+12
7.45192e+12
7.43411e+12
7.41629e+12
7.39846e+12
7.38062e+12
7.36277e+12
7.34491e+12
7.32705e+12
7.30917e+12
7.29128e+12
7.27339e+12
7.25549e+12
7.23757e+12
7.21965e+12
7.20172e+12
7.18378e+12
7.16583e+12
7.14787e+12
7.1299e+12
7.11192e+12
7.09394e+12
7.07594e+12
7.05794e+12
7.03992e+12
7.0219e+12
7.00387e+12
6.98583e+12
6.96777e+12
6.94971e+12
6.93165e+12
6.91357e+12
6.89548e+12
6.87738e+12
6.85928e+12
6.84116e+12
6.82304e+12
6.80491e+12
6.78677e+12
6.76862e+12
6.75046e+12
6.73229e+12
6.71411e+12
6.69592e+12
6.67772e+12
6.65952e+12
6.6413e+12
6.62308e+12
6.60485e+12
6.58661e+12
6.56836e+12
6.5501e+12
6.53183e+12
6.51355e+12
6.49526e+12
6.47697e+12
6.45866e+12
6.44035e+12
6.42202e+12
6.40369e+12
6.38535e+12
6.367e+12
6.34864e+12
6.33027e+12
6.3119e+12
6.29351e+12
6.27511e+12
6.25671e+12
6.2383e+12
6.21988e+12
6.20144e+12
6.183e+12
6.16455e+12
6.1461e+12
6.12763e+12
6.10915e+12
6.09067e+12
6.07218e+12
6.05367e+12
6.03516e+12
6.01664e+12
5.99811e+12
5.97957e+12
5.96102e+12
5.94247e+12
5.9239e+12
5.90533e+12
5.88675e+12
5.86815e+12
5.84955e+12
5.83094e+12
5.81232e+12
5.7937e+12
5.77506e+12
5.75641e+12
5.73776e+12
5.7191e+12
5.70042e+12
5.68174e+12
5.66305e+12
5.64435e+12
5.62565e+12
5.60693e+12
5.5882e+12
5.56947e+12
5.55073e+12
5.53197e+12
5.51321e+12
5.49444e+12
5.47567e+12
5.45688e+12
5.43808e+12
5.41928e+12
5.40046e+12
5.38164e+12
5.36281e+12
5.34397e+12
5.32512e+12
5.30626e+12
5.28739e+12
5.26852e+12
5.24963e+12
5.23074e+12
5.21184e+12
5.19293e+12
5.17401e+12
5.15508e+12
5.13614e+12
5.1172e+12
5.09824e+12
5.07928e+12
5.06031e+12
5.04132e+12
5.02233e+12
5.00334e+12
4.98433e+12
4.96531e+12
4.94629e+12
4.92725e+12
4.90821e+12
4.88916e+12
4.8701e+12
4.85103e+12
4.83195e+12
4.81287e+12
4.79377e+12
4.77467e+12
4.75556e+12
4.73643e+12
4.7173e+12
4.69817e+12
4.67902e+12
4.65986e+12
4.6407e+12
4.62152e+12
4.60234e+12
4.58315e+12
4.56395e+12
4.54474e+12
4.52552e+12
4.5063e+12
4.48706e+12
4.46782e+12
4.44857e+12
4.42931e+12
4.41004e+12
4.39076e+12
4.37147e+12
4.35218e+12
4.33287e+12
4.31356e+12
4.29424e+12
4.27491e+12
4.25557e+12
4.23622e+12
4.21686e+12
4.1975e+12
4.17812e+12
4.15874e+12
4.13935e+12
4.11995e+12
4.10054e+12
4.08112e+12
4.0617e+12
4.04226e+12
4.02282e+12
4.00337e+12
3.98391e+12
3.96444e+12
3.94496e+12
3.92547e+12
3.90598e+12
3.88647e+12
3.86696e+12
3.84744e+12
3.82791e+12
3.80837e+12
3.78882e+12
3.76927e+12
3.7497e+12
3.73013e+12
3.71055e+12
3.69095e+12
3.67136e+12
3.65175e+12
3.63213e+12
3.6125e+12
3.59287e+12
3.57323e+12
3.55358e+12
3.53392e+12
3.51425e+12
3.49457e+12
3.47488e+12
3.45519e+12
3.43548e+12
3.41577e+12
3.39605e+12
3.37632e+12
3.35658e+12
3.33683e+12
3.31708e+12
3.29731e+12
3.27754e+12
3.25776e+12
3.23797e+12
3.21817e+12
3.19836e+12
3.17854e+12
3.15872e+12
3.13888e+12
3.11904e+12
3.09919e+12
3.07932e+12
3.05945e+12
3.03958e+12
3.01969e+12
2.99979e+12
2.97989e+12
2.95997e+12
2.94005e+12
2.92012e+12
2.90018e+12
2.88023e+12
2.86027e+12
2.84031e+12
2.82033e+12
2.80035e+12
2.78035e+12
2.76035e+12
2.74034e+12
2.72032e+12
2.70029e+12
2.68025e+12
2.66021e+12
2.64015e+12
2.62009e+12
2.60001e+12
2.57993e+12
2.55984e+12
2.53974e+12
2.51963e+12
2.49951e+12
2.47938e+12
2.45924e+12
2.43909e+12
2.41894e+12
2.39877e+12
2.3786e+12
2.35842e+12
2.33822e+12
2.31802e+12
2.29781e+12
2.27759e+12
2.25735e+12
2.23711e+12
2.21686e+12
2.1966e+12
2.17634e+12
2.15606e+12
2.13577e+12
2.11547e+12
2.09516e+12
2.07484e+12
2.05451e+12
2.03417e+12
2.01382e+12
1.99347e+12
1.9731e+12
1.95272e+12
1.93233e+12
1.91192e+12
1.89151e+12
1.87109e+12
1.85065e+12
1.83021e+12
1.80975e+12
1.78928e+12
1.7688e+12
1.74831e+12
1.72781e+12
1.70729e+12
1.68676e+12
1.66622e+12
1.64567e+12
1.6251e+12
1.60452e+12
1.58392e+12
1.56331e+12
1.54269e+12
1.52204e+12
1.50139e+12
1.48071e+12
1.46002e+12
1.43931e+12
1.41859e+12
1.39784e+12
1.37707e+12
1.35628e+12
1.33546e+12
1.31462e+12
1.29375e+12
1.27285e+12
1.25192e+12
1.23096e+12
1.20996e+12
1.18891e+12
1.16781e+12
1.14666e+12
1.12544e+12
1.10414e+12
1.08275e+12
1.06125e+12
1.03961e+12
1.01778e+12
9.95701e+11
9.7325e+11
9.50216e+11
9.26126e+11
8.99674e+11
8.61423e+11
8.22899e+11
7.84128e+11
7.44924e+11
7.0508e+11
6.64432e+11
6.2287e+11
5.80362e+11
5.36984e+11
4.92935e+11
4.48539e+11
4.04186e+11
3.60243e+11
3.16931e+11
2.74271e+11
2.32107e+11
1.90198e+11
1.4831e+11
1.06271e+11
6.39801e+10
2.14103e+10
)
;

boundaryField
{
    inlet
    {
        type            darcyGradPressure_G;
        gradient        uniform 3.23949e+11;
        Mf              Mf;
        phi             phi;
        phiG            phiG;
        value           uniform 1.66276e+13;
    }
    outlet
    {
        type            fixedValue;
        value           uniform 0;
    }
    emptyWalls
    {
        type            empty;
    }
}


// ************************************************************************* //
