/*--------------------------------*- C++ -*----------------------------------*\
  =========                 |
  \\      /  F ield         | OpenFOAM: The Open Source CFD Toolbox
   \\    /   O peration     | Website:  https://openfoam.org
    \\  /    A nd           | Version:  9
     \\/     M anipulation  |
\*---------------------------------------------------------------------------*/
FoamFile
{
    format      ascii;
    class       volVectorField;
    location    "12.3";
    object      Ub;
}
// * * * * * * * * * * * * * * * * * * * * * * * * * * * * * * * * * * * * * //

dimensions      [0 0 0 0 0 0 0];

internalField   nonuniform List<vector> 
1000
(
(0.290579 0 0)
(0.290578 0 0)
(0.290577 0 0)
(0.290575 0 0)
(0.290574 0 0)
(0.290572 0 0)
(0.290569 0 0)
(0.290567 0 0)
(0.290564 0 0)
(0.290561 0 0)
(0.290558 0 0)
(0.290554 0 0)
(0.29055 0 0)
(0.290546 0 0)
(0.290541 0 0)
(0.290537 0 0)
(0.290532 0 0)
(0.290527 0 0)
(0.290521 0 0)
(0.290516 0 0)
(0.29051 0 0)
(0.290504 0 0)
(0.290497 0 0)
(0.290491 0 0)
(0.290484 0 0)
(0.290477 0 0)
(0.29047 0 0)
(0.290462 0 0)
(0.290455 0 0)
(0.290447 0 0)
(0.290439 0 0)
(0.290431 0 0)
(0.290422 0 0)
(0.290413 0 0)
(0.290404 0 0)
(0.290395 0 0)
(0.290386 0 0)
(0.290376 0 0)
(0.290367 0 0)
(0.290357 0 0)
(0.290347 0 0)
(0.290336 0 0)
(0.290326 0 0)
(0.290315 0 0)
(0.290304 0 0)
(0.290293 0 0)
(0.290282 0 0)
(0.290271 0 0)
(0.290259 0 0)
(0.290247 0 0)
(0.290235 0 0)
(0.290223 0 0)
(0.290211 0 0)
(0.290198 0 0)
(0.290186 0 0)
(0.290173 0 0)
(0.29016 0 0)
(0.290147 0 0)
(0.290133 0 0)
(0.29012 0 0)
(0.290106 0 0)
(0.290092 0 0)
(0.290078 0 0)
(0.290064 0 0)
(0.29005 0 0)
(0.290035 0 0)
(0.290021 0 0)
(0.290006 0 0)
(0.289991 0 0)
(0.289976 0 0)
(0.289961 0 0)
(0.289945 0 0)
(0.28993 0 0)
(0.289914 0 0)
(0.289898 0 0)
(0.289882 0 0)
(0.289866 0 0)
(0.28985 0 0)
(0.289833 0 0)
(0.289817 0 0)
(0.2898 0 0)
(0.289783 0 0)
(0.289766 0 0)
(0.289749 0 0)
(0.289732 0 0)
(0.289715 0 0)
(0.289697 0 0)
(0.28968 0 0)
(0.289662 0 0)
(0.289644 0 0)
(0.289626 0 0)
(0.289608 0 0)
(0.289589 0 0)
(0.289571 0 0)
(0.289552 0 0)
(0.289534 0 0)
(0.289515 0 0)
(0.289496 0 0)
(0.289477 0 0)
(0.289458 0 0)
(0.289438 0 0)
(0.289419 0 0)
(0.289399 0 0)
(0.28938 0 0)
(0.28936 0 0)
(0.28934 0 0)
(0.28932 0 0)
(0.2893 0 0)
(0.28928 0 0)
(0.289259 0 0)
(0.289239 0 0)
(0.289218 0 0)
(0.289197 0 0)
(0.289177 0 0)
(0.289156 0 0)
(0.289135 0 0)
(0.289113 0 0)
(0.289092 0 0)
(0.289071 0 0)
(0.289049 0 0)
(0.289028 0 0)
(0.289006 0 0)
(0.288984 0 0)
(0.288962 0 0)
(0.28894 0 0)
(0.288918 0 0)
(0.288896 0 0)
(0.288873 0 0)
(0.288851 0 0)
(0.288828 0 0)
(0.288806 0 0)
(0.288783 0 0)
(0.28876 0 0)
(0.288737 0 0)
(0.288714 0 0)
(0.288691 0 0)
(0.288667 0 0)
(0.288644 0 0)
(0.288621 0 0)
(0.288597 0 0)
(0.288573 0 0)
(0.28855 0 0)
(0.288526 0 0)
(0.288502 0 0)
(0.288478 0 0)
(0.288454 0 0)
(0.288429 0 0)
(0.288405 0 0)
(0.288381 0 0)
(0.288356 0 0)
(0.288332 0 0)
(0.288307 0 0)
(0.288282 0 0)
(0.288257 0 0)
(0.288232 0 0)
(0.288207 0 0)
(0.288182 0 0)
(0.288157 0 0)
(0.288132 0 0)
(0.288106 0 0)
(0.288081 0 0)
(0.288055 0 0)
(0.288029 0 0)
(0.288004 0 0)
(0.287978 0 0)
(0.287952 0 0)
(0.287926 0 0)
(0.2879 0 0)
(0.287874 0 0)
(0.287847 0 0)
(0.287821 0 0)
(0.287795 0 0)
(0.287768 0 0)
(0.287741 0 0)
(0.287715 0 0)
(0.287688 0 0)
(0.287661 0 0)
(0.287634 0 0)
(0.287607 0 0)
(0.28758 0 0)
(0.287553 0 0)
(0.287526 0 0)
(0.287498 0 0)
(0.287471 0 0)
(0.287444 0 0)
(0.287416 0 0)
(0.287388 0 0)
(0.287361 0 0)
(0.287333 0 0)
(0.287305 0 0)
(0.287277 0 0)
(0.287249 0 0)
(0.287221 0 0)
(0.287193 0 0)
(0.287165 0 0)
(0.287136 0 0)
(0.287108 0 0)
(0.28708 0 0)
(0.287051 0 0)
(0.287022 0 0)
(0.286994 0 0)
(0.286965 0 0)
(0.286936 0 0)
(0.286907 0 0)
(0.286878 0 0)
(0.286849 0 0)
(0.28682 0 0)
(0.286791 0 0)
(0.286762 0 0)
(0.286732 0 0)
(0.286703 0 0)
(0.286674 0 0)
(0.286644 0 0)
(0.286614 0 0)
(0.286585 0 0)
(0.286555 0 0)
(0.286525 0 0)
(0.286495 0 0)
(0.286465 0 0)
(0.286435 0 0)
(0.286405 0 0)
(0.286375 0 0)
(0.286345 0 0)
(0.286315 0 0)
(0.286284 0 0)
(0.286254 0 0)
(0.286224 0 0)
(0.286193 0 0)
(0.286162 0 0)
(0.286132 0 0)
(0.286101 0 0)
(0.28607 0 0)
(0.286039 0 0)
(0.286008 0 0)
(0.285977 0 0)
(0.285946 0 0)
(0.285915 0 0)
(0.285884 0 0)
(0.285853 0 0)
(0.285822 0 0)
(0.28579 0 0)
(0.285759 0 0)
(0.285727 0 0)
(0.285696 0 0)
(0.285664 0 0)
(0.285632 0 0)
(0.285601 0 0)
(0.285569 0 0)
(0.285537 0 0)
(0.285505 0 0)
(0.285473 0 0)
(0.285441 0 0)
(0.285409 0 0)
(0.285377 0 0)
(0.285345 0 0)
(0.285312 0 0)
(0.28528 0 0)
(0.285248 0 0)
(0.285215 0 0)
(0.285183 0 0)
(0.28515 0 0)
(0.285118 0 0)
(0.285085 0 0)
(0.285052 0 0)
(0.285019 0 0)
(0.284987 0 0)
(0.284954 0 0)
(0.284921 0 0)
(0.284888 0 0)
(0.284855 0 0)
(0.284821 0 0)
(0.284788 0 0)
(0.284755 0 0)
(0.284722 0 0)
(0.284688 0 0)
(0.284655 0 0)
(0.284621 0 0)
(0.284588 0 0)
(0.284554 0 0)
(0.284521 0 0)
(0.284487 0 0)
(0.284453 0 0)
(0.284419 0 0)
(0.284386 0 0)
(0.284352 0 0)
(0.284318 0 0)
(0.284284 0 0)
(0.28425 0 0)
(0.284216 0 0)
(0.284181 0 0)
(0.284147 0 0)
(0.284113 0 0)
(0.284079 0 0)
(0.284044 0 0)
(0.28401 0 0)
(0.283975 0 0)
(0.283941 0 0)
(0.283906 0 0)
(0.283872 0 0)
(0.283837 0 0)
(0.283802 0 0)
(0.283767 0 0)
(0.283732 0 0)
(0.283698 0 0)
(0.283663 0 0)
(0.283628 0 0)
(0.283593 0 0)
(0.283557 0 0)
(0.283522 0 0)
(0.283487 0 0)
(0.283452 0 0)
(0.283417 0 0)
(0.283381 0 0)
(0.283346 0 0)
(0.28331 0 0)
(0.283275 0 0)
(0.283239 0 0)
(0.283204 0 0)
(0.283168 0 0)
(0.283132 0 0)
(0.283097 0 0)
(0.283061 0 0)
(0.283025 0 0)
(0.282989 0 0)
(0.282953 0 0)
(0.282917 0 0)
(0.282881 0 0)
(0.282845 0 0)
(0.282809 0 0)
(0.282773 0 0)
(0.282737 0 0)
(0.2827 0 0)
(0.282664 0 0)
(0.282628 0 0)
(0.282591 0 0)
(0.282555 0 0)
(0.282518 0 0)
(0.282482 0 0)
(0.282445 0 0)
(0.282408 0 0)
(0.282372 0 0)
(0.282335 0 0)
(0.282298 0 0)
(0.282261 0 0)
(0.282225 0 0)
(0.282188 0 0)
(0.282151 0 0)
(0.282114 0 0)
(0.282077 0 0)
(0.28204 0 0)
(0.282002 0 0)
(0.281965 0 0)
(0.281928 0 0)
(0.281891 0 0)
(0.281853 0 0)
(0.281816 0 0)
(0.281779 0 0)
(0.281741 0 0)
(0.281704 0 0)
(0.281666 0 0)
(0.281628 0 0)
(0.281591 0 0)
(0.281553 0 0)
(0.281515 0 0)
(0.281478 0 0)
(0.28144 0 0)
(0.281402 0 0)
(0.281364 0 0)
(0.281326 0 0)
(0.281288 0 0)
(0.28125 0 0)
(0.281212 0 0)
(0.281174 0 0)
(0.281136 0 0)
(0.281098 0 0)
(0.281059 0 0)
(0.281021 0 0)
(0.280983 0 0)
(0.280944 0 0)
(0.280906 0 0)
(0.280867 0 0)
(0.280829 0 0)
(0.28079 0 0)
(0.280752 0 0)
(0.280713 0 0)
(0.280675 0 0)
(0.280636 0 0)
(0.280597 0 0)
(0.280558 0 0)
(0.28052 0 0)
(0.280481 0 0)
(0.280442 0 0)
(0.280403 0 0)
(0.280364 0 0)
(0.280325 0 0)
(0.280286 0 0)
(0.280247 0 0)
(0.280207 0 0)
(0.280168 0 0)
(0.280129 0 0)
(0.28009 0 0)
(0.28005 0 0)
(0.280011 0 0)
(0.279972 0 0)
(0.279932 0 0)
(0.279893 0 0)
(0.279853 0 0)
(0.279813 0 0)
(0.279774 0 0)
(0.279734 0 0)
(0.279695 0 0)
(0.279655 0 0)
(0.279615 0 0)
(0.279575 0 0)
(0.279535 0 0)
(0.279496 0 0)
(0.279456 0 0)
(0.279416 0 0)
(0.279376 0 0)
(0.279336 0 0)
(0.279295 0 0)
(0.279255 0 0)
(0.279215 0 0)
(0.279175 0 0)
(0.279135 0 0)
(0.279094 0 0)
(0.279054 0 0)
(0.279014 0 0)
(0.278973 0 0)
(0.278933 0 0)
(0.278893 0 0)
(0.278852 0 0)
(0.278811 0 0)
(0.278771 0 0)
(0.27873 0 0)
(0.27869 0 0)
(0.278649 0 0)
(0.278608 0 0)
(0.278567 0 0)
(0.278527 0 0)
(0.278486 0 0)
(0.278445 0 0)
(0.278404 0 0)
(0.278363 0 0)
(0.278322 0 0)
(0.278281 0 0)
(0.27824 0 0)
(0.278199 0 0)
(0.278157 0 0)
(0.278116 0 0)
(0.278075 0 0)
(0.278034 0 0)
(0.277992 0 0)
(0.277951 0 0)
(0.27791 0 0)
(0.277868 0 0)
(0.277827 0 0)
(0.277785 0 0)
(0.277744 0 0)
(0.277702 0 0)
(0.277661 0 0)
(0.277619 0 0)
(0.277577 0 0)
(0.277536 0 0)
(0.277494 0 0)
(0.277452 0 0)
(0.27741 0 0)
(0.277368 0 0)
(0.277326 0 0)
(0.277285 0 0)
(0.277243 0 0)
(0.277201 0 0)
(0.277158 0 0)
(0.277116 0 0)
(0.277074 0 0)
(0.277032 0 0)
(0.27699 0 0)
(0.276948 0 0)
(0.276905 0 0)
(0.276863 0 0)
(0.276821 0 0)
(0.276778 0 0)
(0.276736 0 0)
(0.276694 0 0)
(0.276651 0 0)
(0.276609 0 0)
(0.276566 0 0)
(0.276523 0 0)
(0.276481 0 0)
(0.276438 0 0)
(0.276396 0 0)
(0.276353 0 0)
(0.27631 0 0)
(0.276267 0 0)
(0.276224 0 0)
(0.276182 0 0)
(0.276139 0 0)
(0.276096 0 0)
(0.276053 0 0)
(0.27601 0 0)
(0.275967 0 0)
(0.275924 0 0)
(0.27588 0 0)
(0.275837 0 0)
(0.275794 0 0)
(0.275751 0 0)
(0.275708 0 0)
(0.275664 0 0)
(0.275621 0 0)
(0.275578 0 0)
(0.275534 0 0)
(0.275491 0 0)
(0.275447 0 0)
(0.275404 0 0)
(0.27536 0 0)
(0.275317 0 0)
(0.275273 0 0)
(0.27523 0 0)
(0.275186 0 0)
(0.275142 0 0)
(0.275098 0 0)
(0.275055 0 0)
(0.275011 0 0)
(0.274967 0 0)
(0.274923 0 0)
(0.274879 0 0)
(0.274835 0 0)
(0.274791 0 0)
(0.274747 0 0)
(0.274703 0 0)
(0.274659 0 0)
(0.274615 0 0)
(0.274571 0 0)
(0.274527 0 0)
(0.274482 0 0)
(0.274438 0 0)
(0.274394 0 0)
(0.27435 0 0)
(0.274305 0 0)
(0.274261 0 0)
(0.274216 0 0)
(0.274172 0 0)
(0.274127 0 0)
(0.274083 0 0)
(0.274038 0 0)
(0.273994 0 0)
(0.273949 0 0)
(0.273904 0 0)
(0.27386 0 0)
(0.273815 0 0)
(0.27377 0 0)
(0.273725 0 0)
(0.273681 0 0)
(0.273636 0 0)
(0.273591 0 0)
(0.273546 0 0)
(0.273501 0 0)
(0.273456 0 0)
(0.273411 0 0)
(0.273366 0 0)
(0.273321 0 0)
(0.273276 0 0)
(0.273231 0 0)
(0.273185 0 0)
(0.27314 0 0)
(0.273095 0 0)
(0.27305 0 0)
(0.273004 0 0)
(0.272959 0 0)
(0.272913 0 0)
(0.272868 0 0)
(0.272823 0 0)
(0.272777 0 0)
(0.272732 0 0)
(0.272686 0 0)
(0.27264 0 0)
(0.272595 0 0)
(0.272549 0 0)
(0.272503 0 0)
(0.272458 0 0)
(0.272412 0 0)
(0.272366 0 0)
(0.27232 0 0)
(0.272274 0 0)
(0.272229 0 0)
(0.272183 0 0)
(0.272137 0 0)
(0.272091 0 0)
(0.272045 0 0)
(0.271999 0 0)
(0.271953 0 0)
(0.271906 0 0)
(0.27186 0 0)
(0.271814 0 0)
(0.271768 0 0)
(0.271722 0 0)
(0.271675 0 0)
(0.271629 0 0)
(0.271583 0 0)
(0.271536 0 0)
(0.27149 0 0)
(0.271443 0 0)
(0.271397 0 0)
(0.27135 0 0)
(0.271304 0 0)
(0.271257 0 0)
(0.271211 0 0)
(0.271164 0 0)
(0.271117 0 0)
(0.271071 0 0)
(0.271024 0 0)
(0.270977 0 0)
(0.27093 0 0)
(0.270883 0 0)
(0.270837 0 0)
(0.27079 0 0)
(0.270743 0 0)
(0.270696 0 0)
(0.270649 0 0)
(0.270602 0 0)
(0.270555 0 0)
(0.270508 0 0)
(0.27046 0 0)
(0.270413 0 0)
(0.270366 0 0)
(0.270319 0 0)
(0.270272 0 0)
(0.270224 0 0)
(0.270177 0 0)
(0.27013 0 0)
(0.270082 0 0)
(0.270035 0 0)
(0.269987 0 0)
(0.26994 0 0)
(0.269892 0 0)
(0.269845 0 0)
(0.269797 0 0)
(0.269749 0 0)
(0.269702 0 0)
(0.269654 0 0)
(0.269606 0 0)
(0.269559 0 0)
(0.269511 0 0)
(0.269463 0 0)
(0.269415 0 0)
(0.269367 0 0)
(0.269319 0 0)
(0.269272 0 0)
(0.269224 0 0)
(0.269176 0 0)
(0.269127 0 0)
(0.269079 0 0)
(0.269031 0 0)
(0.268983 0 0)
(0.268935 0 0)
(0.268887 0 0)
(0.268839 0 0)
(0.26879 0 0)
(0.268742 0 0)
(0.268694 0 0)
(0.268645 0 0)
(0.268597 0 0)
(0.268548 0 0)
(0.2685 0 0)
(0.268451 0 0)
(0.268403 0 0)
(0.268354 0 0)
(0.268306 0 0)
(0.268257 0 0)
(0.268209 0 0)
(0.26816 0 0)
(0.268111 0 0)
(0.268062 0 0)
(0.268014 0 0)
(0.267965 0 0)
(0.267916 0 0)
(0.267867 0 0)
(0.267818 0 0)
(0.267769 0 0)
(0.26772 0 0)
(0.267671 0 0)
(0.267622 0 0)
(0.267573 0 0)
(0.267524 0 0)
(0.267475 0 0)
(0.267426 0 0)
(0.267376 0 0)
(0.267327 0 0)
(0.267278 0 0)
(0.267228 0 0)
(0.267179 0 0)
(0.26713 0 0)
(0.26708 0 0)
(0.267031 0 0)
(0.266981 0 0)
(0.266932 0 0)
(0.266882 0 0)
(0.266833 0 0)
(0.266783 0 0)
(0.266734 0 0)
(0.266684 0 0)
(0.266634 0 0)
(0.266584 0 0)
(0.266535 0 0)
(0.266485 0 0)
(0.266435 0 0)
(0.266385 0 0)
(0.266335 0 0)
(0.266285 0 0)
(0.266235 0 0)
(0.266185 0 0)
(0.266135 0 0)
(0.266085 0 0)
(0.266035 0 0)
(0.265985 0 0)
(0.265935 0 0)
(0.265884 0 0)
(0.265834 0 0)
(0.265784 0 0)
(0.265734 0 0)
(0.265683 0 0)
(0.265633 0 0)
(0.265583 0 0)
(0.265532 0 0)
(0.265482 0 0)
(0.265431 0 0)
(0.265381 0 0)
(0.26533 0 0)
(0.265279 0 0)
(0.265229 0 0)
(0.265178 0 0)
(0.265127 0 0)
(0.265077 0 0)
(0.265026 0 0)
(0.264975 0 0)
(0.264924 0 0)
(0.264873 0 0)
(0.264822 0 0)
(0.264771 0 0)
(0.26472 0 0)
(0.264669 0 0)
(0.264618 0 0)
(0.264567 0 0)
(0.264516 0 0)
(0.264465 0 0)
(0.264414 0 0)
(0.264362 0 0)
(0.264311 0 0)
(0.26426 0 0)
(0.264208 0 0)
(0.264157 0 0)
(0.264106 0 0)
(0.264054 0 0)
(0.264003 0 0)
(0.263951 0 0)
(0.2639 0 0)
(0.263848 0 0)
(0.263796 0 0)
(0.263745 0 0)
(0.263693 0 0)
(0.263641 0 0)
(0.26359 0 0)
(0.263538 0 0)
(0.263486 0 0)
(0.263434 0 0)
(0.263382 0 0)
(0.26333 0 0)
(0.263278 0 0)
(0.263226 0 0)
(0.263174 0 0)
(0.263122 0 0)
(0.26307 0 0)
(0.263018 0 0)
(0.262966 0 0)
(0.262913 0 0)
(0.262861 0 0)
(0.262809 0 0)
(0.262756 0 0)
(0.262704 0 0)
(0.262651 0 0)
(0.262599 0 0)
(0.262547 0 0)
(0.262494 0 0)
(0.262441 0 0)
(0.262389 0 0)
(0.262336 0 0)
(0.262283 0 0)
(0.262231 0 0)
(0.262178 0 0)
(0.262125 0 0)
(0.262072 0 0)
(0.262019 0 0)
(0.261966 0 0)
(0.261913 0 0)
(0.26186 0 0)
(0.261807 0 0)
(0.261754 0 0)
(0.261701 0 0)
(0.261648 0 0)
(0.261595 0 0)
(0.261541 0 0)
(0.261488 0 0)
(0.261435 0 0)
(0.261381 0 0)
(0.261328 0 0)
(0.261274 0 0)
(0.261221 0 0)
(0.261167 0 0)
(0.261114 0 0)
(0.26106 0 0)
(0.261006 0 0)
(0.260952 0 0)
(0.260899 0 0)
(0.260845 0 0)
(0.260791 0 0)
(0.260737 0 0)
(0.260683 0 0)
(0.260629 0 0)
(0.260575 0 0)
(0.260521 0 0)
(0.260467 0 0)
(0.260412 0 0)
(0.260358 0 0)
(0.260304 0 0)
(0.26025 0 0)
(0.260195 0 0)
(0.260141 0 0)
(0.260086 0 0)
(0.260032 0 0)
(0.259977 0 0)
(0.259922 0 0)
(0.259868 0 0)
(0.259813 0 0)
(0.259758 0 0)
(0.259703 0 0)
(0.259648 0 0)
(0.259593 0 0)
(0.259538 0 0)
(0.259483 0 0)
(0.259428 0 0)
(0.259373 0 0)
(0.259318 0 0)
(0.259262 0 0)
(0.259207 0 0)
(0.259152 0 0)
(0.259096 0 0)
(0.259041 0 0)
(0.258985 0 0)
(0.258929 0 0)
(0.258874 0 0)
(0.258818 0 0)
(0.258762 0 0)
(0.258706 0 0)
(0.25865 0 0)
(0.258594 0 0)
(0.258538 0 0)
(0.258482 0 0)
(0.258425 0 0)
(0.258369 0 0)
(0.258312 0 0)
(0.258256 0 0)
(0.258199 0 0)
(0.258143 0 0)
(0.258086 0 0)
(0.258029 0 0)
(0.257972 0 0)
(0.257915 0 0)
(0.257858 0 0)
(0.257801 0 0)
(0.257744 0 0)
(0.257686 0 0)
(0.257629 0 0)
(0.257572 0 0)
(0.257514 0 0)
(0.257456 0 0)
(0.257398 0 0)
(0.25734 0 0)
(0.257282 0 0)
(0.257224 0 0)
(0.257166 0 0)
(0.257108 0 0)
(0.257049 0 0)
(0.256991 0 0)
(0.256932 0 0)
(0.256873 0 0)
(0.256814 0 0)
(0.256755 0 0)
(0.256696 0 0)
(0.256636 0 0)
(0.256577 0 0)
(0.256517 0 0)
(0.256457 0 0)
(0.256397 0 0)
(0.256337 0 0)
(0.256277 0 0)
(0.256216 0 0)
(0.256156 0 0)
(0.256095 0 0)
(0.256034 0 0)
(0.255973 0 0)
(0.255911 0 0)
(0.255849 0 0)
(0.255788 0 0)
(0.255725 0 0)
(0.255663 0 0)
(0.2556 0 0)
(0.255538 0 0)
(0.255474 0 0)
(0.255411 0 0)
(0.255347 0 0)
(0.255283 0 0)
(0.255219 0 0)
(0.255154 0 0)
(0.255089 0 0)
(0.255024 0 0)
(0.254958 0 0)
(0.254892 0 0)
(0.254825 0 0)
(0.254758 0 0)
(0.254691 0 0)
(0.254623 0 0)
(0.254554 0 0)
(0.254485 0 0)
(0.254415 0 0)
(0.254345 0 0)
(0.254274 0 0)
(0.254203 0 0)
(0.25413 0 0)
(0.254057 0 0)
(0.253983 0 0)
(0.253909 0 0)
(0.253833 0 0)
(0.253756 0 0)
(0.253679 0 0)
(0.2536 0 0)
(0.25352 0 0)
(0.253438 0 0)
(0.253355 0 0)
(0.253271 0 0)
(0.253185 0 0)
(0.253098 0 0)
(0.253008 0 0)
(0.252916 0 0)
(0.252822 0 0)
(0.252726 0 0)
(0.252627 0 0)
(0.252525 0 0)
(0.25242 0 0)
(0.252311 0 0)
(0.252198 0 0)
(0.252081 0 0)
(0.251959 0 0)
(0.251831 0 0)
(0.251698 0 0)
(0.251557 0 0)
(0.251409 0 0)
(0.251252 0 0)
(0.251084 0 0)
(0.250905 0 0)
(0.250712 0 0)
(0.250504 0 0)
(0.250277 0 0)
(0.250028 0 0)
(0.249752 0 0)
(0.249444 0 0)
(0.249096 0 0)
(0.2487 0 0)
(0.24824 0 0)
(0.2477 0 0)
(0.247051 0 0)
(0.246256 0 0)
(0.245253 0 0)
(0.243941 0 0)
(0.242144 0 0)
(0.239518 0 0)
(0.235297 0 0)
(0.227343 0 0)
(0.206985 0 0)
(0.18031 0 0)
(0.159027 0 0)
(0.144576 0 0)
(0.139174 0 0)
(0.140094 0 0)
(0.143861 0 0)
(0.148489 0 0)
(0.153231 0 0)
(0.157732 0 0)
(0.161542 0 0)
(0.164077 0 0)
(0.164837 0 0)
(0.163696 0 0)
(0.161082 0 0)
(0.157875 0 0)
(0.155022 0 0)
(0.153163 0 0)
(0.152481 0 0)
(0.152807 0 0)
(0.153808 0 0)
(0.155124 0 0)
(0.15644 0 0)
)
;

boundaryField
{
    inlet
    {
        type            fractionalVelocity;
        U               1((1 0 0));
        fractionalFlow  Fb;
        value           uniform (0.290579 0 0);
    }
    outlet
    {
        type            zeroGradient;
    }
    emptyWalls
    {
        type            empty;
    }
}


// ************************************************************************* //
