/*--------------------------------*- C++ -*----------------------------------*\
  =========                 |
  \\      /  F ield         | OpenFOAM: The Open Source CFD Toolbox
   \\    /   O peration     | Website:  https://openfoam.org
    \\  /    A nd           | Version:  9
     \\/     M anipulation  |
\*---------------------------------------------------------------------------*/
FoamFile
{
    format      ascii;
    class       volVectorField;
    location    "12.3";
    object      Uc;
}
// * * * * * * * * * * * * * * * * * * * * * * * * * * * * * * * * * * * * * //

dimensions      [0 0 0 0 0 0 0];

internalField   nonuniform List<vector> 
1000
(
(4.6535e-07 0 0)
(1.67903e-06 0 0)
(3.43583e-06 0 0)
(5.70118e-06 0 0)
(8.45544e-06 0 0)
(1.16847e-05 0 0)
(1.53781e-05 0 0)
(1.95263e-05 0 0)
(2.41212e-05 0 0)
(2.91557e-05 0 0)
(3.46228e-05 0 0)
(4.05165e-05 0 0)
(4.68309e-05 0 0)
(5.35602e-05 0 0)
(6.06993e-05 0 0)
(6.82429e-05 0 0)
(7.61862e-05 0 0)
(8.45243e-05 0 0)
(9.32527e-05 0 0)
(0.000102367 0 0)
(0.000111862 0 0)
(0.000121735 0 0)
(0.000131981 0 0)
(0.000142595 0 0)
(0.000153575 0 0)
(0.000164916 0 0)
(0.000176614 0 0)
(0.000188665 0 0)
(0.000201067 0 0)
(0.000213815 0 0)
(0.000226906 0 0)
(0.000240337 0 0)
(0.000254103 0 0)
(0.000268203 0 0)
(0.000282632 0 0)
(0.000297387 0 0)
(0.000312466 0 0)
(0.000327865 0 0)
(0.000343581 0 0)
(0.000359611 0 0)
(0.000375952 0 0)
(0.000392602 0 0)
(0.000409557 0 0)
(0.000426815 0 0)
(0.000444373 0 0)
(0.000462228 0 0)
(0.000480378 0 0)
(0.000498819 0 0)
(0.00051755 0 0)
(0.000536568 0 0)
(0.000555869 0 0)
(0.000575453 0 0)
(0.000595316 0 0)
(0.000615456 0 0)
(0.000635871 0 0)
(0.000656558 0 0)
(0.000677515 0 0)
(0.000698739 0 0)
(0.000720229 0 0)
(0.000741982 0 0)
(0.000763996 0 0)
(0.000786269 0 0)
(0.000808799 0 0)
(0.000831584 0 0)
(0.000854621 0 0)
(0.000877908 0 0)
(0.000901445 0 0)
(0.000925227 0 0)
(0.000949255 0 0)
(0.000973525 0 0)
(0.000998036 0 0)
(0.00102279 0 0)
(0.00104777 0 0)
(0.00107299 0 0)
(0.00109845 0 0)
(0.00112414 0 0)
(0.00115005 0 0)
(0.0011762 0 0)
(0.00120257 0 0)
(0.00122917 0 0)
(0.00125599 0 0)
(0.00128303 0 0)
(0.00131029 0 0)
(0.00133776 0 0)
(0.00136546 0 0)
(0.00139337 0 0)
(0.00142149 0 0)
(0.00144983 0 0)
(0.00147837 0 0)
(0.00150713 0 0)
(0.00153609 0 0)
(0.00156525 0 0)
(0.00159462 0 0)
(0.0016242 0 0)
(0.00165397 0 0)
(0.00168395 0 0)
(0.00171412 0 0)
(0.0017445 0 0)
(0.00177506 0 0)
(0.00180583 0 0)
(0.00183678 0 0)
(0.00186793 0 0)
(0.00189927 0 0)
(0.00193079 0 0)
(0.00196251 0 0)
(0.00199441 0 0)
(0.0020265 0 0)
(0.00205877 0 0)
(0.00209123 0 0)
(0.00212387 0 0)
(0.00215669 0 0)
(0.00218968 0 0)
(0.00222286 0 0)
(0.00225621 0 0)
(0.00228974 0 0)
(0.00232345 0 0)
(0.00235733 0 0)
(0.00239138 0 0)
(0.0024256 0 0)
(0.00246 0 0)
(0.00249456 0 0)
(0.0025293 0 0)
(0.0025642 0 0)
(0.00259926 0 0)
(0.00263449 0 0)
(0.00266989 0 0)
(0.00270545 0 0)
(0.00274117 0 0)
(0.00277706 0 0)
(0.0028131 0 0)
(0.0028493 0 0)
(0.00288567 0 0)
(0.00292218 0 0)
(0.00295886 0 0)
(0.00299569 0 0)
(0.00303268 0 0)
(0.00306982 0 0)
(0.00310711 0 0)
(0.00314456 0 0)
(0.00318216 0 0)
(0.00321991 0 0)
(0.0032578 0 0)
(0.00329585 0 0)
(0.00333404 0 0)
(0.00337238 0 0)
(0.00341087 0 0)
(0.0034495 0 0)
(0.00348828 0 0)
(0.0035272 0 0)
(0.00356626 0 0)
(0.00360546 0 0)
(0.00364481 0 0)
(0.0036843 0 0)
(0.00372392 0 0)
(0.00376369 0 0)
(0.00380359 0 0)
(0.00384363 0 0)
(0.00388381 0 0)
(0.00392413 0 0)
(0.00396457 0 0)
(0.00400516 0 0)
(0.00404588 0 0)
(0.00408673 0 0)
(0.00412771 0 0)
(0.00416882 0 0)
(0.00421007 0 0)
(0.00425145 0 0)
(0.00429295 0 0)
(0.00433459 0 0)
(0.00437635 0 0)
(0.00441824 0 0)
(0.00446026 0 0)
(0.0045024 0 0)
(0.00454467 0 0)
(0.00458707 0 0)
(0.00462959 0 0)
(0.00467223 0 0)
(0.004715 0 0)
(0.00475789 0 0)
(0.0048009 0 0)
(0.00484403 0 0)
(0.00488728 0 0)
(0.00493066 0 0)
(0.00497415 0 0)
(0.00501776 0 0)
(0.00506149 0 0)
(0.00510534 0 0)
(0.00514931 0 0)
(0.00519339 0 0)
(0.00523759 0 0)
(0.0052819 0 0)
(0.00532633 0 0)
(0.00537088 0 0)
(0.00541553 0 0)
(0.0054603 0 0)
(0.00550519 0 0)
(0.00555018 0 0)
(0.00559529 0 0)
(0.00564051 0 0)
(0.00568584 0 0)
(0.00573128 0 0)
(0.00577683 0 0)
(0.00582249 0 0)
(0.00586826 0 0)
(0.00591414 0 0)
(0.00596012 0 0)
(0.00600622 0 0)
(0.00605241 0 0)
(0.00609872 0 0)
(0.00614513 0 0)
(0.00619165 0 0)
(0.00623827 0 0)
(0.00628499 0 0)
(0.00633182 0 0)
(0.00637876 0 0)
(0.00642579 0 0)
(0.00647293 0 0)
(0.00652017 0 0)
(0.00656752 0 0)
(0.00661496 0 0)
(0.00666251 0 0)
(0.00671015 0 0)
(0.0067579 0 0)
(0.00680574 0 0)
(0.00685369 0 0)
(0.00690173 0 0)
(0.00694987 0 0)
(0.00699811 0 0)
(0.00704645 0 0)
(0.00709489 0 0)
(0.00714342 0 0)
(0.00719204 0 0)
(0.00724077 0 0)
(0.00728959 0 0)
(0.0073385 0 0)
(0.00738751 0 0)
(0.00743661 0 0)
(0.00748581 0 0)
(0.0075351 0 0)
(0.00758449 0 0)
(0.00763396 0 0)
(0.00768353 0 0)
(0.00773319 0 0)
(0.00778295 0 0)
(0.00783279 0 0)
(0.00788273 0 0)
(0.00793275 0 0)
(0.00798287 0 0)
(0.00803308 0 0)
(0.00808337 0 0)
(0.00813376 0 0)
(0.00818423 0 0)
(0.0082348 0 0)
(0.00828545 0 0)
(0.00833619 0 0)
(0.00838701 0 0)
(0.00843793 0 0)
(0.00848893 0 0)
(0.00854002 0 0)
(0.00859119 0 0)
(0.00864245 0 0)
(0.0086938 0 0)
(0.00874523 0 0)
(0.00879674 0 0)
(0.00884834 0 0)
(0.00890003 0 0)
(0.0089518 0 0)
(0.00900365 0 0)
(0.00905558 0 0)
(0.0091076 0 0)
(0.0091597 0 0)
(0.00921189 0 0)
(0.00926416 0 0)
(0.0093165 0 0)
(0.00936893 0 0)
(0.00942145 0 0)
(0.00947404 0 0)
(0.00952671 0 0)
(0.00957947 0 0)
(0.0096323 0 0)
(0.00968521 0 0)
(0.00973821 0 0)
(0.00979128 0 0)
(0.00984443 0 0)
(0.00989766 0 0)
(0.00995097 0 0)
(0.0100044 0 0)
(0.0100578 0 0)
(0.0101114 0 0)
(0.010165 0 0)
(0.0102187 0 0)
(0.0102725 0 0)
(0.0103263 0 0)
(0.0103802 0 0)
(0.0104343 0 0)
(0.0104883 0 0)
(0.0105425 0 0)
(0.0105967 0 0)
(0.010651 0 0)
(0.0107054 0 0)
(0.0107599 0 0)
(0.0108144 0 0)
(0.010869 0 0)
(0.0109237 0 0)
(0.0109784 0 0)
(0.0110333 0 0)
(0.0110882 0 0)
(0.0111431 0 0)
(0.0111982 0 0)
(0.0112533 0 0)
(0.0113085 0 0)
(0.0113638 0 0)
(0.0114191 0 0)
(0.0114745 0 0)
(0.01153 0 0)
(0.0115855 0 0)
(0.0116412 0 0)
(0.0116968 0 0)
(0.0117526 0 0)
(0.0118084 0 0)
(0.0118643 0 0)
(0.0119203 0 0)
(0.0119764 0 0)
(0.0120325 0 0)
(0.0120886 0 0)
(0.0121449 0 0)
(0.0122012 0 0)
(0.0122576 0 0)
(0.0123141 0 0)
(0.0123706 0 0)
(0.0124272 0 0)
(0.0124838 0 0)
(0.0125406 0 0)
(0.0125974 0 0)
(0.0126542 0 0)
(0.0127112 0 0)
(0.0127682 0 0)
(0.0128252 0 0)
(0.0128823 0 0)
(0.0129395 0 0)
(0.0129968 0 0)
(0.0130541 0 0)
(0.0131115 0 0)
(0.013169 0 0)
(0.0132265 0 0)
(0.0132841 0 0)
(0.0133418 0 0)
(0.0133995 0 0)
(0.0134573 0 0)
(0.0135151 0 0)
(0.013573 0 0)
(0.013631 0 0)
(0.0136891 0 0)
(0.0137472 0 0)
(0.0138053 0 0)
(0.0138636 0 0)
(0.0139219 0 0)
(0.0139802 0 0)
(0.0140386 0 0)
(0.0140971 0 0)
(0.0141557 0 0)
(0.0142143 0 0)
(0.014273 0 0)
(0.0143317 0 0)
(0.0143905 0 0)
(0.0144494 0 0)
(0.0145083 0 0)
(0.0145673 0 0)
(0.0146263 0 0)
(0.0146854 0 0)
(0.0147446 0 0)
(0.0148038 0 0)
(0.0148631 0 0)
(0.0149224 0 0)
(0.0149818 0 0)
(0.0150413 0 0)
(0.0151008 0 0)
(0.0151604 0 0)
(0.0152201 0 0)
(0.0152798 0 0)
(0.0153396 0 0)
(0.0153994 0 0)
(0.0154593 0 0)
(0.0155192 0 0)
(0.0155792 0 0)
(0.0156393 0 0)
(0.0156994 0 0)
(0.0157596 0 0)
(0.0158198 0 0)
(0.0158801 0 0)
(0.0159405 0 0)
(0.0160009 0 0)
(0.0160614 0 0)
(0.0161219 0 0)
(0.0161825 0 0)
(0.0162431 0 0)
(0.0163038 0 0)
(0.0163646 0 0)
(0.0164254 0 0)
(0.0164863 0 0)
(0.0165472 0 0)
(0.0166082 0 0)
(0.0166692 0 0)
(0.0167303 0 0)
(0.0167915 0 0)
(0.0168527 0 0)
(0.0169139 0 0)
(0.0169753 0 0)
(0.0170366 0 0)
(0.0170981 0 0)
(0.0171596 0 0)
(0.0172211 0 0)
(0.0172827 0 0)
(0.0173444 0 0)
(0.0174061 0 0)
(0.0174678 0 0)
(0.0175297 0 0)
(0.0175915 0 0)
(0.0176535 0 0)
(0.0177154 0 0)
(0.0177775 0 0)
(0.0178396 0 0)
(0.0179017 0 0)
(0.0179639 0 0)
(0.0180262 0 0)
(0.0180885 0 0)
(0.0181508 0 0)
(0.0182133 0 0)
(0.0182757 0 0)
(0.0183382 0 0)
(0.0184008 0 0)
(0.0184634 0 0)
(0.0185261 0 0)
(0.0185889 0 0)
(0.0186516 0 0)
(0.0187145 0 0)
(0.0187774 0 0)
(0.0188403 0 0)
(0.0189033 0 0)
(0.0189664 0 0)
(0.0190295 0 0)
(0.0190926 0 0)
(0.0191558 0 0)
(0.0192191 0 0)
(0.0192824 0 0)
(0.0193458 0 0)
(0.0194092 0 0)
(0.0194726 0 0)
(0.0195361 0 0)
(0.0195997 0 0)
(0.0196633 0 0)
(0.019727 0 0)
(0.0197907 0 0)
(0.0198545 0 0)
(0.0199183 0 0)
(0.0199822 0 0)
(0.0200461 0 0)
(0.0201101 0 0)
(0.0201741 0 0)
(0.0202382 0 0)
(0.0203023 0 0)
(0.0203665 0 0)
(0.0204307 0 0)
(0.020495 0 0)
(0.0205593 0 0)
(0.0206237 0 0)
(0.0206881 0 0)
(0.0207526 0 0)
(0.0208171 0 0)
(0.0208817 0 0)
(0.0209463 0 0)
(0.021011 0 0)
(0.0210757 0 0)
(0.0211405 0 0)
(0.0212053 0 0)
(0.0212701 0 0)
(0.0213351 0 0)
(0.0214 0 0)
(0.021465 0 0)
(0.0215301 0 0)
(0.0215952 0 0)
(0.0216604 0 0)
(0.0217256 0 0)
(0.0217908 0 0)
(0.0218561 0 0)
(0.0219215 0 0)
(0.0219869 0 0)
(0.0220523 0 0)
(0.0221178 0 0)
(0.0221834 0 0)
(0.022249 0 0)
(0.0223146 0 0)
(0.0223803 0 0)
(0.022446 0 0)
(0.0225118 0 0)
(0.0225777 0 0)
(0.0226435 0 0)
(0.0227095 0 0)
(0.0227754 0 0)
(0.0228415 0 0)
(0.0229075 0 0)
(0.0229736 0 0)
(0.0230398 0 0)
(0.023106 0 0)
(0.0231723 0 0)
(0.0232386 0 0)
(0.0233049 0 0)
(0.0233713 0 0)
(0.0234377 0 0)
(0.0235042 0 0)
(0.0235708 0 0)
(0.0236373 0 0)
(0.023704 0 0)
(0.0237706 0 0)
(0.0238374 0 0)
(0.0239041 0 0)
(0.0239709 0 0)
(0.0240378 0 0)
(0.0241047 0 0)
(0.0241717 0 0)
(0.0242387 0 0)
(0.0243057 0 0)
(0.0243728 0 0)
(0.0244399 0 0)
(0.0245071 0 0)
(0.0245743 0 0)
(0.0246416 0 0)
(0.0247089 0 0)
(0.0247763 0 0)
(0.0248437 0 0)
(0.0249111 0 0)
(0.0249786 0 0)
(0.0250461 0 0)
(0.0251137 0 0)
(0.0251814 0 0)
(0.025249 0 0)
(0.0253168 0 0)
(0.0253845 0 0)
(0.0254523 0 0)
(0.0255202 0 0)
(0.0255881 0 0)
(0.025656 0 0)
(0.025724 0 0)
(0.025792 0 0)
(0.0258601 0 0)
(0.0259282 0 0)
(0.0259964 0 0)
(0.0260646 0 0)
(0.0261329 0 0)
(0.0262012 0 0)
(0.0262695 0 0)
(0.0263379 0 0)
(0.0264063 0 0)
(0.0264748 0 0)
(0.0265433 0 0)
(0.0266119 0 0)
(0.0266805 0 0)
(0.0267491 0 0)
(0.0268178 0 0)
(0.0268866 0 0)
(0.0269554 0 0)
(0.0270242 0 0)
(0.0270931 0 0)
(0.027162 0 0)
(0.0272309 0 0)
(0.0272999 0 0)
(0.027369 0 0)
(0.0274381 0 0)
(0.0275072 0 0)
(0.0275764 0 0)
(0.0276456 0 0)
(0.0277148 0 0)
(0.0277841 0 0)
(0.0278535 0 0)
(0.0279229 0 0)
(0.0279923 0 0)
(0.0280618 0 0)
(0.0281313 0 0)
(0.0282009 0 0)
(0.0282705 0 0)
(0.0283401 0 0)
(0.0284098 0 0)
(0.0284795 0 0)
(0.0285493 0 0)
(0.0286191 0 0)
(0.028689 0 0)
(0.0287589 0 0)
(0.0288288 0 0)
(0.0288988 0 0)
(0.0289689 0 0)
(0.0290389 0 0)
(0.0291091 0 0)
(0.0291792 0 0)
(0.0292494 0 0)
(0.0293197 0 0)
(0.0293899 0 0)
(0.0294603 0 0)
(0.0295306 0 0)
(0.0296011 0 0)
(0.0296715 0 0)
(0.029742 0 0)
(0.0298125 0 0)
(0.0298831 0 0)
(0.0299538 0 0)
(0.0300244 0 0)
(0.0300951 0 0)
(0.0301659 0 0)
(0.0302367 0 0)
(0.0303075 0 0)
(0.0303784 0 0)
(0.0304493 0 0)
(0.0305203 0 0)
(0.0305913 0 0)
(0.0306623 0 0)
(0.0307334 0 0)
(0.0308045 0 0)
(0.0308757 0 0)
(0.0309469 0 0)
(0.0310182 0 0)
(0.0310895 0 0)
(0.0311608 0 0)
(0.0312322 0 0)
(0.0313036 0 0)
(0.0313751 0 0)
(0.0314466 0 0)
(0.0315181 0 0)
(0.0315897 0 0)
(0.0316613 0 0)
(0.031733 0 0)
(0.0318047 0 0)
(0.0318765 0 0)
(0.0319483 0 0)
(0.0320201 0 0)
(0.032092 0 0)
(0.0321639 0 0)
(0.0322358 0 0)
(0.0323079 0 0)
(0.0323799 0 0)
(0.032452 0 0)
(0.0325241 0 0)
(0.0325963 0 0)
(0.0326685 0 0)
(0.0327407 0 0)
(0.032813 0 0)
(0.0328854 0 0)
(0.0329577 0 0)
(0.0330302 0 0)
(0.0331026 0 0)
(0.0331751 0 0)
(0.0332477 0 0)
(0.0333202 0 0)
(0.0333929 0 0)
(0.0334655 0 0)
(0.0335382 0 0)
(0.033611 0 0)
(0.0336838 0 0)
(0.0337566 0 0)
(0.0338295 0 0)
(0.0339024 0 0)
(0.0339753 0 0)
(0.0340483 0 0)
(0.0341214 0 0)
(0.0341944 0 0)
(0.0342676 0 0)
(0.0343407 0 0)
(0.0344139 0 0)
(0.0344872 0 0)
(0.0345604 0 0)
(0.0346338 0 0)
(0.0347071 0 0)
(0.0347805 0 0)
(0.034854 0 0)
(0.0349275 0 0)
(0.035001 0 0)
(0.0350746 0 0)
(0.0351482 0 0)
(0.0352218 0 0)
(0.0352955 0 0)
(0.0353693 0 0)
(0.0354431 0 0)
(0.0355169 0 0)
(0.0355907 0 0)
(0.0356646 0 0)
(0.0357386 0 0)
(0.0358126 0 0)
(0.0358866 0 0)
(0.0359607 0 0)
(0.0360348 0 0)
(0.0361089 0 0)
(0.0361831 0 0)
(0.0362574 0 0)
(0.0363316 0 0)
(0.0364059 0 0)
(0.0364803 0 0)
(0.0365547 0 0)
(0.0366291 0 0)
(0.0367036 0 0)
(0.0367781 0 0)
(0.0368527 0 0)
(0.0369273 0 0)
(0.037002 0 0)
(0.0370767 0 0)
(0.0371514 0 0)
(0.0372262 0 0)
(0.037301 0 0)
(0.0373758 0 0)
(0.0374507 0 0)
(0.0375257 0 0)
(0.0376007 0 0)
(0.0376757 0 0)
(0.0377508 0 0)
(0.0378259 0 0)
(0.037901 0 0)
(0.0379762 0 0)
(0.0380515 0 0)
(0.0381267 0 0)
(0.0382021 0 0)
(0.0382774 0 0)
(0.0383528 0 0)
(0.0384283 0 0)
(0.0385038 0 0)
(0.0385793 0 0)
(0.0386549 0 0)
(0.0387305 0 0)
(0.0388061 0 0)
(0.0388818 0 0)
(0.0389576 0 0)
(0.0390334 0 0)
(0.0391092 0 0)
(0.0391851 0 0)
(0.039261 0 0)
(0.0393369 0 0)
(0.0394129 0 0)
(0.039489 0 0)
(0.0395651 0 0)
(0.0396412 0 0)
(0.0397174 0 0)
(0.0397936 0 0)
(0.0398699 0 0)
(0.0399462 0 0)
(0.0400225 0 0)
(0.0400989 0 0)
(0.0401753 0 0)
(0.0402518 0 0)
(0.0403283 0 0)
(0.0404049 0 0)
(0.0404815 0 0)
(0.0405582 0 0)
(0.0406348 0 0)
(0.0407116 0 0)
(0.0407884 0 0)
(0.0408652 0 0)
(0.0409421 0 0)
(0.041019 0 0)
(0.041096 0 0)
(0.041173 0 0)
(0.04125 0 0)
(0.0413271 0 0)
(0.0414043 0 0)
(0.0414815 0 0)
(0.0415587 0 0)
(0.041636 0 0)
(0.0417133 0 0)
(0.0417907 0 0)
(0.0418681 0 0)
(0.0419456 0 0)
(0.0420231 0 0)
(0.0421006 0 0)
(0.0421782 0 0)
(0.0422559 0 0)
(0.0423336 0 0)
(0.0424113 0 0)
(0.0424891 0 0)
(0.0425669 0 0)
(0.0426448 0 0)
(0.0427227 0 0)
(0.0428007 0 0)
(0.0428787 0 0)
(0.0429568 0 0)
(0.0430349 0 0)
(0.0431131 0 0)
(0.0431913 0 0)
(0.0432696 0 0)
(0.0433479 0 0)
(0.0434263 0 0)
(0.0435047 0 0)
(0.0435831 0 0)
(0.0436617 0 0)
(0.0437402 0 0)
(0.0438188 0 0)
(0.0438975 0 0)
(0.0439762 0 0)
(0.044055 0 0)
(0.0441338 0 0)
(0.0442127 0 0)
(0.0442916 0 0)
(0.0443706 0 0)
(0.0444496 0 0)
(0.0445287 0 0)
(0.0446078 0 0)
(0.044687 0 0)
(0.0447662 0 0)
(0.0448455 0 0)
(0.0449248 0 0)
(0.0450042 0 0)
(0.0450837 0 0)
(0.0451632 0 0)
(0.0452427 0 0)
(0.0453224 0 0)
(0.045402 0 0)
(0.0454818 0 0)
(0.0455615 0 0)
(0.0456414 0 0)
(0.0457213 0 0)
(0.0458012 0 0)
(0.0458813 0 0)
(0.0459613 0 0)
(0.0460415 0 0)
(0.0461217 0 0)
(0.0462019 0 0)
(0.0462822 0 0)
(0.0463626 0 0)
(0.0464431 0 0)
(0.0465236 0 0)
(0.0466041 0 0)
(0.0466848 0 0)
(0.0467655 0 0)
(0.0468462 0 0)
(0.046927 0 0)
(0.0470079 0 0)
(0.0470889 0 0)
(0.0471699 0 0)
(0.047251 0 0)
(0.0473322 0 0)
(0.0474134 0 0)
(0.0474947 0 0)
(0.0475761 0 0)
(0.0476575 0 0)
(0.047739 0 0)
(0.0478206 0 0)
(0.0479023 0 0)
(0.047984 0 0)
(0.0480658 0 0)
(0.0481477 0 0)
(0.0482297 0 0)
(0.0483118 0 0)
(0.0483939 0 0)
(0.0484761 0 0)
(0.0485584 0 0)
(0.0486408 0 0)
(0.0487233 0 0)
(0.0488058 0 0)
(0.0488885 0 0)
(0.0489712 0 0)
(0.0490541 0 0)
(0.049137 0 0)
(0.04922 0 0)
(0.0493031 0 0)
(0.0493863 0 0)
(0.0494696 0 0)
(0.049553 0 0)
(0.0496365 0 0)
(0.0497202 0 0)
(0.0498039 0 0)
(0.0498877 0 0)
(0.0499717 0 0)
(0.0500557 0 0)
(0.0501399 0 0)
(0.0502242 0 0)
(0.0503086 0 0)
(0.0503931 0 0)
(0.0504778 0 0)
(0.0505626 0 0)
(0.0506475 0 0)
(0.0507326 0 0)
(0.0508178 0 0)
(0.0509031 0 0)
(0.0509886 0 0)
(0.0510742 0 0)
(0.05116 0 0)
(0.0512459 0 0)
(0.051332 0 0)
(0.0514183 0 0)
(0.0515047 0 0)
(0.0515914 0 0)
(0.0516782 0 0)
(0.0517651 0 0)
(0.0518523 0 0)
(0.0519397 0 0)
(0.0520272 0 0)
(0.052115 0 0)
(0.052203 0 0)
(0.0522912 0 0)
(0.0523796 0 0)
(0.0524683 0 0)
(0.0525572 0 0)
(0.0526464 0 0)
(0.0527359 0 0)
(0.0528256 0 0)
(0.0529156 0 0)
(0.0530058 0 0)
(0.0530964 0 0)
(0.0531873 0 0)
(0.0532786 0 0)
(0.0533701 0 0)
(0.0534621 0 0)
(0.0535544 0 0)
(0.053647 0 0)
(0.0537401 0 0)
(0.0538336 0 0)
(0.0539276 0 0)
(0.054022 0 0)
(0.0541168 0 0)
(0.0542122 0 0)
(0.0543081 0 0)
(0.0544046 0 0)
(0.0545016 0 0)
(0.0545992 0 0)
(0.0546975 0 0)
(0.0547964 0 0)
(0.0548961 0 0)
(0.0549964 0 0)
(0.0550976 0 0)
(0.0551996 0 0)
(0.0553025 0 0)
(0.0554063 0 0)
(0.0555111 0 0)
(0.0556169 0 0)
(0.0557239 0 0)
(0.055832 0 0)
(0.0559414 0 0)
(0.0560521 0 0)
(0.0561642 0 0)
(0.0562779 0 0)
(0.0563932 0 0)
(0.0565103 0 0)
(0.0566292 0 0)
(0.0567502 0 0)
(0.0568733 0 0)
(0.0569989 0 0)
(0.0571269 0 0)
(0.0572578 0 0)
(0.0573916 0 0)
(0.0575287 0 0)
(0.0576694 0 0)
(0.0578139 0 0)
(0.0579628 0 0)
(0.0581163 0 0)
(0.058275 0 0)
(0.0584395 0 0)
(0.0586103 0 0)
(0.0587881 0 0)
(0.0589739 0 0)
(0.0591685 0 0)
(0.0593731 0 0)
(0.059589 0 0)
(0.0598178 0 0)
(0.0600613 0 0)
(0.0603217 0 0)
(0.0606017 0 0)
(0.0609046 0 0)
(0.0612344 0 0)
(0.0615962 0 0)
(0.0619962 0 0)
(0.0624427 0 0)
(0.0629461 0 0)
(0.0635205 0 0)
(0.064185 0 0)
(0.0649659 0 0)
(0.0659009 0 0)
(0.0670461 0 0)
(0.0684878 0 0)
(0.0703674 0 0)
(0.0729324 0 0)
(0.0766579 0 0)
(0.0825877 0 0)
(0.0935255 0 0)
(0.120236 0 0)
(0.152421 0 0)
(0.175986 0 0)
(0.19348 0 0)
(0.203591 0 0)
(0.209484 0 0)
(0.214631 0 0)
(0.220666 0 0)
(0.227588 0 0)
(0.234593 0 0)
(0.240618 0 0)
(0.244617 0 0)
(0.245814 0 0)
(0.244042 0 0)
(0.239982 0 0)
(0.235001 0 0)
(0.23057 0 0)
(0.227679 0 0)
(0.226612 0 0)
(0.227109 0 0)
(0.228656 0 0)
(0.230693 0 0)
(0.232736 0 0)
)
;

boundaryField
{
    inlet
    {
        type            fixedValue;
        value           uniform (0 0 0);
    }
    outlet
    {
        type            zeroGradient;
    }
    emptyWalls
    {
        type            empty;
    }
}


// ************************************************************************* //
