/*--------------------------------*- C++ -*----------------------------------*\
  =========                 |
  \\      /  F ield         | OpenFOAM: The Open Source CFD Toolbox
   \\    /   O peration     | Website:  https://openfoam.org
    \\  /    A nd           | Version:  9
     \\/     M anipulation  |
\*---------------------------------------------------------------------------*/
FoamFile
{
    format      ascii;
    class       volScalarField;
    location    "2.1";
    object      krb;
}
// * * * * * * * * * * * * * * * * * * * * * * * * * * * * * * * * * * * * * //

dimensions      [0 0 0 0 0 0 0];

internalField   nonuniform List<scalar> 
1000
(
0.296501
0.292701
0.289292
0.286108
0.28309
0.280205
0.277433
0.274762
0.272181
0.269682
0.267259
0.264906
0.262619
0.260394
0.258227
0.256115
0.254055
0.252044
0.25008
0.248161
0.246284
0.244448
0.242651
0.240892
0.239168
0.237479
0.235823
0.234198
0.232604
0.23104
0.229504
0.227995
0.226513
0.225057
0.223625
0.222217
0.220832
0.219469
0.218128
0.216808
0.215508
0.214228
0.212967
0.211725
0.210501
0.209294
0.208105
0.206932
0.205775
0.204634
0.203508
0.202397
0.2013
0.200218
0.199149
0.198094
0.197051
0.196022
0.195005
0.194
0.193007
0.192025
0.191055
0.190096
0.189147
0.188209
0.187282
0.186364
0.185456
0.184558
0.18367
0.18279
0.18192
0.181058
0.180205
0.179361
0.178525
0.177696
0.176876
0.176064
0.175259
0.174462
0.173672
0.172889
0.172114
0.171345
0.170583
0.169827
0.169078
0.168336
0.1676
0.16687
0.166145
0.165427
0.164715
0.164008
0.163307
0.162611
0.161921
0.161236
0.160556
0.159881
0.159211
0.158546
0.157886
0.157231
0.15658
0.155933
0.155291
0.154653
0.15402
0.15339
0.152765
0.152144
0.151526
0.150912
0.150302
0.149696
0.149093
0.148494
0.147897
0.147305
0.146715
0.146128
0.145544
0.144963
0.144385
0.143809
0.143236
0.142665
0.142097
0.14153
0.140966
0.140403
0.139842
0.139283
0.138725
0.138168
0.137611
0.137056
0.1365
0.135945
0.135389
0.134833
0.134275
0.133716
0.133155
0.132591
0.132023
0.131452
0.130874
0.130291
0.129699
0.129098
0.128486
0.12786
0.127218
0.126555
0.125868
0.125151
0.124396
0.123596
0.122736
0.121802
0.120769
0.119606
0.118263
0.116669
0.114704
0.112166
0.108678
0.103448
0.0945071
0.0754922
0.0460405
0.0402953
0.0369814
0.0358063
0.0357582
0.036063
0.0363959
0.0366925
0.0369575
0.0371839
0.037346
0.0374161
0.0373819
0.0372582
0.0370858
0.0369175
0.0367955
0.0367388
0.0367431
0.0367909
0.0368608
0.0369337
0.0369946
0.0370341
0.0370486
0.0370396
0.0370132
0.0369781
0.0369431
0.0369155
0.0368992
0.0368948
0.0369003
0.0369119
0.0369255
0.0369375
0.0369455
0.0369481
0.0369457
0.0369394
0.0369308
0.036922
0.0369144
0.0369089
0.0369059
0.0369051
0.0369058
0.0369072
0.0369085
0.0369091
0.0369087
0.0369073
0.0369051
0.0369024
0.0368997
0.0368972
0.0368952
0.0368936
0.0368926
0.0368918
0.0368911
0.0368904
0.0368894
0.0368881
0.0368865
0.0368844
0.0368821
0.0368797
0.0368771
0.0368744
0.0368718
0.0368692
0.0368667
0.0368642
0.0368617
0.0368592
0.0368567
0.0368543
0.0368519
0.0368496
0.0368473
0.0368451
0.036843
0.036841
0.0368391
0.0368373
0.0368356
0.0368339
0.0368323
0.0368307
0.0368291
0.0368275
0.0368259
0.0368242
0.0368226
0.0368209
0.0368192
0.0368175
0.0368157
0.0368138
0.0368119
0.0368099
0.0368079
0.0368056
0.0368024
0.0367943
0.0367578
0.0365585
0.0354362
0.0295267
0.0105503
0.0001924
6.67483e-09
1.55184e-18
0
0
0
0
0
0
0
0
0
0
0
0
0
0
0
0
0
0
0
0
0
0
0
0
0
0
0
0
0
0
0
0
0
0
0
0
0
0
0
0
0
0
0
0
0
0
0
0
0
0
0
0
0
0
0
0
0
0
0
0
0
0
0
0
0
0
0
0
0
0
0
0
0
0
0
0
0
0
0
0
0
0
0
0
0
0
0
0
0
0
0
0
0
0
0
0
0
0
0
0
0
0
0
0
0
0
0
0
0
0
0
0
0
0
0
0
0
0
0
0
0
0
0
0
0
0
0
0
0
0
0
0
0
0
0
0
0
0
0
0
0
0
0
0
0
0
0
0
0
0
0
0
0
0
0
0
0
0
0
0
0
0
0
0
0
0
0
0
0
0
0
0
0
0
0
0
0
0
0
0
0
0
0
0
0
0
0
0
0
0
0
0
0
0
0
0
0
0
0
0
0
0
0
0
0
0
0
0
0
0
0
0
0
0
0
0
0
0
0
0
0
0
0
0
0
0
0
0
0
0
0
0
0
0
0
0
0
0
0
0
0
0
0
0
0
0
0
0
0
0
0
0
0
0
0
0
0
0
0
0
0
0
0
0
0
0
0
0
0
0
0
0
0
0
0
0
0
0
0
0
0
0
0
0
0
0
0
0
0
0
0
0
0
0
0
0
0
0
0
0
0
0
0
0
0
0
0
0
0
0
0
0
0
0
0
0
0
0
0
0
0
0
0
0
0
0
0
0
0
0
0
0
0
0
0
0
0
0
0
0
0
0
0
0
0
0
0
0
0
0
0
0
0
0
0
0
0
0
0
0
0
0
0
0
0
0
0
0
0
0
0
0
0
0
0
0
0
0
0
0
0
0
0
0
0
0
0
0
0
0
0
0
0
0
0
0
0
0
0
0
0
0
0
0
0
0
0
0
0
0
0
0
0
0
0
0
0
0
0
0
0
0
0
0
0
0
0
0
0
0
0
0
0
0
0
0
0
0
0
0
0
0
0
0
0
0
0
0
0
0
0
0
0
0
0
0
0
0
0
0
0
0
0
0
0
0
0
0
0
0
0
0
0
0
0
0
0
0
0
0
0
0
0
0
0
0
0
0
0
0
0
0
0
0
0
0
0
0
0
0
0
0
0
0
0
0
0
0
0
0
0
0
0
0
0
0
0
0
0
0
0
0
0
0
0
0
0
0
0
0
0
0
0
0
0
0
0
0
0
0
0
0
0
0
0
0
0
0
0
0
0
0
0
0
0
0
0
0
0
0
0
0
0
0
0
0
0
0
0
0
0
0
0
0
0
0
0
0
0
0
0
0
0
0
0
0
0
0
0
0
0
0
0
0
0
0
0
0
0
0
0
0
0
0
0
0
0
0
0
0
0
0
0
0
0
0
0
0
0
0
0
0
0
0
0
0
0
0
0
0
0
0
0
0
0
0
0
0
0
0
0
0
0
0
0
0
0
0
0
0
0
0
0
0
0
0
0
0
0
0
0
0
0
0
0
0
0
0
0
0
0
0
0
0
0
0
0
0
0
0
0
0
0
0
0
0
0
0
0
0
0
0
0
0
0
0
0
0
0
0
0
0
0
0
0
0
0
0
0
0
0
0
)
;

boundaryField
{
    inlet
    {
        type            calculated;
        value           uniform 0.302959;
    }
    outlet
    {
        type            calculated;
        value           uniform 0;
    }
    emptyWalls
    {
        type            empty;
    }
}


// ************************************************************************* //
