/*--------------------------------*- C++ -*----------------------------------*\
  =========                 |
  \\      /  F ield         | OpenFOAM: The Open Source CFD Toolbox
   \\    /   O peration     | Website:  https://openfoam.org
    \\  /    A nd           | Version:  9
     \\/     M anipulation  |
\*---------------------------------------------------------------------------*/
FoamFile
{
    format      ascii;
    class       volScalarField;
    location    "83000";
    object      krb;
}
// * * * * * * * * * * * * * * * * * * * * * * * * * * * * * * * * * * * * * //

dimensions      [0 0 0 0 0 0 0];

internalField   nonuniform List<scalar> 
1000
(
0.0976247
0.0975852
0.0975483
0.0975118
0.0974753
0.0974388
0.0974025
0.0973662
0.0973301
0.097294
0.0972581
0.0972222
0.0971864
0.0971508
0.0971152
0.0970798
0.0970444
0.0970091
0.096974
0.0969389
0.0969039
0.0968691
0.0968343
0.0967996
0.096765
0.0967305
0.0966962
0.0966619
0.0966277
0.0965936
0.0965596
0.0965257
0.0964918
0.0964581
0.0964245
0.096391
0.0963575
0.0963242
0.096291
0.0962578
0.0962247
0.0961918
0.0961589
0.0961261
0.0960934
0.0960608
0.0960283
0.0959959
0.0959636
0.0959314
0.0958992
0.0958672
0.0958352
0.0958033
0.0957716
0.0957399
0.0957083
0.0956768
0.0956453
0.095614
0.0955828
0.0955516
0.0955205
0.0954896
0.0954587
0.0954279
0.0953971
0.0953665
0.095336
0.0953055
0.0952751
0.0952449
0.0952147
0.0951846
0.0951545
0.0951246
0.0950947
0.095065
0.0950353
0.0950057
0.0949762
0.0949468
0.0949174
0.0948882
0.094859
0.0948299
0.0948009
0.094772
0.0947431
0.0947144
0.0946857
0.0946571
0.0946286
0.0946002
0.0945718
0.0945436
0.0945154
0.0944873
0.0944593
0.0944313
0.0944035
0.0943757
0.094348
0.0943204
0.0942929
0.0942654
0.094238
0.0942107
0.0941835
0.0941564
0.0941294
0.0941024
0.0940755
0.0940487
0.0940219
0.0939953
0.0939687
0.0939422
0.0939158
0.0938895
0.0938632
0.093837
0.0938109
0.0937849
0.0937589
0.093733
0.0937073
0.0936815
0.0936559
0.0936303
0.0936048
0.0935794
0.0935541
0.0935288
0.0935036
0.0934785
0.0934535
0.0934285
0.0934036
0.0933788
0.0933541
0.0933294
0.0933049
0.0932803
0.0932559
0.0932315
0.0932072
0.093183
0.0931589
0.0931348
0.0931108
0.0930869
0.093063
0.0930393
0.0930155
0.0929919
0.0929683
0.0929448
0.0929214
0.092898
0.0928748
0.0928515
0.0928284
0.0928053
0.0927823
0.0927593
0.0927364
0.0927136
0.0926909
0.0926682
0.0926455
0.092623
0.0926005
0.092578
0.0925556
0.0925333
0.092511
0.0924888
0.0924666
0.0924445
0.0924224
0.0924004
0.0923784
0.0923565
0.0923346
0.0923127
0.0922908
0.0922689
0.0922471
0.0922253
0.0922034
0.0921815
0.0921596
0.0921375
0.0921154
0.0920932
0.0920708
0.0920481
0.092025
0.0920015
0.0919773
0.0919521
0.0919254
0.0918963
0.0918632
0.091823
0.091769
0.0916837
0.0915286
0.0907981
0.0912449
0.317629
0.453636
0.453775
0.453746
0.453741
0.453743
0.453743
0.453743
0.453743
0.453743
0.453743
0.453743
0.453743
0.453743
0.453743
0.453743
0.453743
0.453743
0.453743
0.453743
0.453743
0.453743
0.453743
0.453744
0.453744
0.453744
0.453744
0.453744
0.453744
0.453744
0.453744
0.453744
0.453744
0.453744
0.453744
0.453744
0.453744
0.453744
0.453744
0.453744
0.453744
0.453744
0.453744
0.453744
0.453744
0.453744
0.453744
0.453745
0.453745
0.453745
0.453745
0.453745
0.453745
0.453745
0.453745
0.453745
0.453745
0.453745
0.453745
0.453745
0.453745
0.453745
0.453745
0.453745
0.453745
0.453745
0.453745
0.453745
0.453746
0.453746
0.453746
0.453746
0.453746
0.453746
0.453746
0.453746
0.453746
0.453746
0.453746
0.453746
0.453746
0.453746
0.453746
0.453746
0.453746
0.453746
0.453747
0.453747
0.453747
0.453747
0.453747
0.453747
0.453747
0.453747
0.453747
0.453747
0.453747
0.453747
0.453747
0.453747
0.453747
0.453748
0.453748
0.453748
0.453748
0.453748
0.453748
0.453748
0.453748
0.453748
0.453748
0.453748
0.453748
0.453748
0.453748
0.453749
0.453749
0.453749
0.453749
0.453749
0.453749
0.453749
0.453749
0.453749
0.453749
0.453749
0.453749
0.45375
0.45375
0.45375
0.45375
0.45375
0.45375
0.45375
0.45375
0.45375
0.45375
0.45375
0.453751
0.453751
0.453751
0.453751
0.453751
0.453751
0.453751
0.453751
0.453751
0.453752
0.453752
0.453752
0.453752
0.453752
0.453752
0.453752
0.453752
0.453752
0.453753
0.453753
0.453753
0.453753
0.453753
0.453753
0.453753
0.453753
0.453754
0.453754
0.453754
0.453754
0.453754
0.453754
0.453754
0.453755
0.453755
0.453755
0.453755
0.453755
0.453755
0.453755
0.453756
0.453756
0.453756
0.453756
0.453756
0.453756
0.453757
0.453759
0.45378
0.45397
0.455686
0.469288
0.527201
0.589462
0.600381
0.600624
0.600625
0.600625
0.600625
0.600625
0.600625
0.600625
0.600625
0.600625
0.600625
0.600625
0.600625
0.600625
0.600625
0.600625
0.600625
0.600625
0.600625
0.600625
0.600625
0.600625
0.600625
0.600625
0.600625
0.600625
0.600625
0.600625
0.600625
0.600625
0.600625
0.600625
0.600625
0.600625
0.600625
0.600625
0.600625
0.600625
0.600625
0.600625
0.600625
0.600625
0.600625
0.600625
0.600625
0.600625
0.600625
0.600625
0.600625
0.600625
0.600625
0.600625
0.600625
0.600625
0.600625
0.600625
0.600625
0.600625
0.600625
0.600625
0.600625
0.600625
0.600625
0.600625
0.600625
0.600625
0.600625
0.600625
0.600625
0.600625
0.600625
0.600625
0.600625
0.600625
0.600625
0.600625
0.600625
0.600625
0.600625
0.600625
0.600625
0.600625
0.600625
0.600625
0.600625
0.600625
0.600625
0.600625
0.600625
0.600625
0.600625
0.600625
0.600625
0.600625
0.600625
0.600625
0.600625
0.600625
0.600625
0.600625
0.600625
0.600625
0.600625
0.600625
0.600625
0.600625
0.600625
0.600625
0.600625
0.600625
0.600625
0.600625
0.600625
0.600625
0.600625
0.600625
0.600625
0.600625
0.600625
0.600625
0.600625
0.600625
0.600625
0.600625
0.600625
0.600625
0.600625
0.600625
0.600625
0.600625
0.600625
0.600625
0.600625
0.600625
0.600625
0.600625
0.600625
0.600625
0.600625
0.600625
0.600625
0.600625
0.600625
0.600625
0.600625
0.600625
0.600625
0.600625
0.600625
0.600625
0.600625
0.600625
0.600625
0.600625
0.600625
0.600625
0.600625
0.600625
0.600625
0.600625
0.600625
0.600625
0.600625
0.600625
0.600625
0.600625
0.600625
0.600625
0.600625
0.600625
0.600625
0.600625
0.600625
0.600625
0.600625
0.600625
0.600625
0.600625
0.600625
0.600625
0.600625
0.600625
0.600625
0.600625
0.600625
0.600625
0.600625
0.600625
0.600625
0.600625
0.600625
0.600625
0.600625
0.600625
0.600625
0.600625
0.600625
0.600625
0.600625
0.600625
0.600625
0.600625
0.600625
0.600625
0.600625
0.600625
0.600625
0.600625
0.600625
0.600625
0.600625
0.600625
0.600625
0.600625
0.600625
0.600625
0.600625
0.600625
0.600625
0.600625
0.600625
0.600625
0.600625
0.600625
0.600625
0.600625
0.600625
0.600625
0.600625
0.600625
0.600625
0.600625
0.600625
0.600625
0.600625
0.600625
0.600625
0.600625
0.600625
0.600625
0.600625
0.600625
0.600625
0.600625
0.600625
0.600625
0.600625
0.600625
0.600625
0.600625
0.600625
0.600625
0.600625
0.600625
0.600625
0.600625
0.600625
0.600625
0.600625
0.600625
0.600625
0.600625
0.600625
0.600625
0.600625
0.600625
0.600625
0.600625
0.600625
0.600625
0.600625
0.600625
0.600625
0.600625
0.600625
0.600625
0.600625
0.600625
0.600625
0.600625
0.600625
0.600625
0.600625
0.600625
0.600625
0.600625
0.600625
0.600625
0.600625
0.600625
0.600625
0.600625
0.600625
0.600625
0.600625
0.600625
0.600625
0.600625
0.600625
0.600625
0.600625
0.600625
0.600625
0.600625
0.600625
0.600625
0.600625
0.600625
0.600625
0.600625
0.600625
0.600625
0.600625
0.600625
0.600625
0.600625
0.600625
0.600625
0.600625
0.600625
0.600625
0.600625
0.600625
0.600625
0.600625
0.600625
0.600625
0.600625
0.600625
0.600625
0.600625
0.600625
0.600625
0.600625
0.600625
0.600625
0.600625
0.600625
0.600625
0.600625
0.600625
0.600625
0.600625
0.600625
0.600625
0.600625
0.600625
0.600625
0.600625
0.600625
0.600625
0.600625
0.600625
0.600625
0.600625
0.600625
0.600625
0.600625
0.600625
0.600625
0.600625
0.600625
0.600625
0.600625
0.600625
0.600625
0.600625
0.600625
0.600625
0.600625
0.600625
0.600625
0.600625
0.600625
0.600625
0.600625
0.600625
0.600625
0.600625
0.600625
0.600625
0.600625
0.600625
0.600625
0.600625
0.600625
0.600625
0.600625
0.600625
0.600625
0.600625
0.600625
0.600625
0.600625
0.600625
0.600625
0.600625
0.600625
0.600625
0.600625
0.600625
0.600625
0.600625
0.600625
0.600625
0.600625
0.600625
0.600625
0.600625
0.600625
0.600625
0.600625
0.600625
0.600625
0.600625
0.600625
0.600625
0.600625
0.600625
0.600625
0.600625
0.600625
0.600625
0.600625
0.600625
0.600625
0.600625
0.600625
0.600625
0.600625
0.600625
0.600625
0.600625
0.600625
0.600625
0.600625
0.600625
0.600625
0.600625
0.600625
0.600625
0.600625
0.600625
0.600625
0.600625
0.600625
0.600625
0.600625
0.600625
0.600625
0.600625
0.600625
0.600625
0.600625
0.600625
0.600625
0.600625
0.600625
0.600625
0.600625
0.600625
0.600625
0.600625
0.600625
0.600625
0.600625
0.600625
0.600625
0.600625
0.600625
0.600625
0.600625
0.600625
0.600625
0.600625
0.600625
0.600625
0.600625
0.600625
0.600625
0.600625
0.600625
0.600625
0.600625
0.600625
0.600625
0.600625
0.600625
0.600625
0.600625
0.600625
0.600625
0.600625
0.600625
0.600625
0.600625
0.600625
0.600625
0.600625
0.600625
0.600625
0.600625
0.600625
0.600625
0.600625
0.600625
0.600625
0.600625
0.600625
0.600625
0.600625
0.600625
0.600625
0.600625
0.600625
0.600625
0.600625
0.600625
0.600625
0.600625
0.600625
0.600625
0.600625
0.600625
0.600625
0.600625
0.600625
0.600625
0.600625
0.600625
0.600625
0.600625
0.600625
0.600625
0.600625
0.600625
0.600625
0.600625
0.600625
0.600625
0.600625
0.600625
0.600625
0.600625
0.600625
0.600625
0.600625
0.600625
0.600625
0.600625
0.600625
0.600625
0.600625
0.600625
0.600625
0.600625
0.600625
0.600625
0.600625
0.600625
0.600625
0.600625
0.600625
0.600625
0.600625
0.600625
0.600625
0.600625
0.600625
0.600625
0.600625
0.600625
0.600625
0.600625
0.600625
0.600625
0.600625
0.600625
0.600625
0.600625
0.600625
0.600625
0.600625
0.600625
0.600625
0.600625
0.600625
0.600625
0.600625
0.600625
0.600625
0.600625
0.600625
0.600625
0.600625
0.600625
0.600625
)
;

boundaryField
{
    inlet
    {
        type            calculated;
        value           uniform 0.0976562;
    }
    outlet
    {
        type            calculated;
        value           uniform 0.600625;
    }
    emptyWalls
    {
        type            empty;
    }
}


// ************************************************************************* //
