/*--------------------------------*- C++ -*----------------------------------*\
  =========                 |
  \\      /  F ield         | OpenFOAM: The Open Source CFD Toolbox
   \\    /   O peration     | Website:  https://openfoam.org
    \\  /    A nd           | Version:  9
     \\/     M anipulation  |
\*---------------------------------------------------------------------------*/
FoamFile
{
    format      ascii;
    class       volScalarField;
    location    "7.7";
    object      Sb;
}
// * * * * * * * * * * * * * * * * * * * * * * * * * * * * * * * * * * * * * //

dimensions      [0 0 0 0 0 0 0];

internalField   nonuniform List<scalar> 
1000
(
0.498758
0.498
0.4973
0.496631
0.495981
0.495345
0.494721
0.494106
0.493501
0.492903
0.492313
0.491729
0.491151
0.490579
0.490013
0.489453
0.488897
0.488347
0.487801
0.487261
0.486724
0.486192
0.485665
0.485141
0.484622
0.484107
0.483596
0.483088
0.482585
0.482085
0.481589
0.481096
0.480607
0.480121
0.479639
0.479159
0.478684
0.478211
0.477741
0.477275
0.476812
0.476351
0.475894
0.47544
0.474988
0.474539
0.474093
0.47365
0.47321
0.472772
0.472337
0.471904
0.471474
0.471047
0.470622
0.470199
0.469779
0.469361
0.468946
0.468533
0.468122
0.467714
0.467308
0.466904
0.466502
0.466103
0.465705
0.46531
0.464917
0.464525
0.464136
0.463749
0.463364
0.462981
0.4626
0.46222
0.461843
0.461468
0.461094
0.460722
0.460352
0.459984
0.459618
0.459253
0.45889
0.458529
0.45817
0.457812
0.457456
0.457101
0.456749
0.456397
0.456048
0.4557
0.455353
0.455009
0.454665
0.454324
0.453983
0.453644
0.453307
0.452971
0.452637
0.452304
0.451973
0.451642
0.451314
0.450986
0.45066
0.450336
0.450013
0.449691
0.44937
0.449051
0.448733
0.448416
0.448101
0.447786
0.447473
0.447162
0.446851
0.446542
0.446234
0.445927
0.445621
0.445317
0.445014
0.444711
0.44441
0.44411
0.443812
0.443514
0.443217
0.442922
0.442628
0.442334
0.442042
0.441751
0.441461
0.441172
0.440884
0.440597
0.440311
0.440026
0.439742
0.439459
0.439177
0.438896
0.438616
0.438336
0.438058
0.437781
0.437505
0.43723
0.436955
0.436682
0.436409
0.436137
0.435867
0.435597
0.435328
0.43506
0.434792
0.434526
0.43426
0.433996
0.433732
0.433469
0.433207
0.432945
0.432685
0.432425
0.432166
0.431908
0.431651
0.431394
0.431139
0.430884
0.43063
0.430376
0.430124
0.429872
0.429621
0.42937
0.429121
0.428872
0.428624
0.428376
0.428129
0.427883
0.427638
0.427393
0.42715
0.426906
0.426664
0.426422
0.426181
0.425941
0.425701
0.425462
0.425223
0.424985
0.424748
0.424512
0.424276
0.424041
0.423806
0.423572
0.423339
0.423107
0.422875
0.422643
0.422412
0.422182
0.421953
0.421724
0.421495
0.421267
0.42104
0.420814
0.420588
0.420362
0.420137
0.419913
0.419689
0.419466
0.419244
0.419022
0.4188
0.418579
0.418359
0.418139
0.41792
0.417701
0.417483
0.417265
0.417048
0.416832
0.416616
0.4164
0.416185
0.41597
0.415756
0.415543
0.41533
0.415117
0.414905
0.414694
0.414483
0.414272
0.414062
0.413853
0.413644
0.413435
0.413227
0.413019
0.412812
0.412605
0.412399
0.412193
0.411988
0.411783
0.411579
0.411375
0.411171
0.410968
0.410766
0.410564
0.410362
0.410161
0.40996
0.409759
0.409559
0.40936
0.409161
0.408962
0.408764
0.408566
0.408368
0.408171
0.407975
0.407778
0.407583
0.407387
0.407192
0.406998
0.406803
0.40661
0.406416
0.406223
0.40603
0.405838
0.405646
0.405455
0.405264
0.405073
0.404883
0.404693
0.404503
0.404314
0.404125
0.403937
0.403748
0.403561
0.403373
0.403186
0.403
0.402813
0.402627
0.402442
0.402256
0.402072
0.401887
0.401703
0.401519
0.401335
0.401152
0.400969
0.400787
0.400605
0.400423
0.400241
0.40006
0.399879
0.399699
0.399518
0.399339
0.399159
0.39898
0.398801
0.398622
0.398444
0.398266
0.398088
0.397911
0.397734
0.397557
0.397381
0.397205
0.397029
0.396853
0.396678
0.396503
0.396328
0.396154
0.39598
0.395806
0.395633
0.39546
0.395287
0.395114
0.394942
0.39477
0.394598
0.394426
0.394255
0.394084
0.393914
0.393743
0.393573
0.393403
0.393234
0.393065
0.392896
0.392727
0.392558
0.39239
0.392222
0.392055
0.391887
0.39172
0.391553
0.391386
0.39122
0.391054
0.390888
0.390722
0.390557
0.390392
0.390227
0.390062
0.389898
0.389734
0.38957
0.389406
0.389243
0.38908
0.388917
0.388754
0.388591
0.388429
0.388267
0.388105
0.387944
0.387782
0.387621
0.38746
0.3873
0.387139
0.386979
0.386819
0.38666
0.3865
0.386341
0.386182
0.386023
0.385864
0.385706
0.385547
0.385389
0.385232
0.385074
0.384917
0.38476
0.384603
0.384446
0.384289
0.384133
0.383977
0.383821
0.383665
0.38351
0.383354
0.383199
0.383044
0.382889
0.382735
0.38258
0.382426
0.382272
0.382119
0.381965
0.381812
0.381658
0.381505
0.381352
0.3812
0.381047
0.380895
0.380743
0.380591
0.380439
0.380287
0.380136
0.379985
0.379834
0.379683
0.379532
0.379382
0.379231
0.379081
0.378931
0.378781
0.378631
0.378482
0.378332
0.378183
0.378034
0.377885
0.377736
0.377588
0.377439
0.377291
0.377143
0.376995
0.376847
0.376699
0.376552
0.376404
0.376257
0.37611
0.375963
0.375816
0.375669
0.375523
0.375376
0.37523
0.375084
0.374938
0.374792
0.374646
0.3745
0.374355
0.37421
0.374064
0.373919
0.373774
0.373629
0.373484
0.37334
0.373195
0.373051
0.372906
0.372762
0.372618
0.372474
0.37233
0.372186
0.372042
0.371899
0.371755
0.371612
0.371468
0.371325
0.371182
0.371039
0.370896
0.370753
0.37061
0.370467
0.370324
0.370182
0.370039
0.369896
0.369754
0.369611
0.369469
0.369326
0.369184
0.369042
0.368899
0.368757
0.368615
0.368473
0.36833
0.368188
0.368046
0.367904
0.367762
0.367619
0.367477
0.367335
0.367192
0.36705
0.366908
0.366765
0.366622
0.36648
0.366337
0.366194
0.366051
0.365908
0.365765
0.365622
0.365478
0.365335
0.365191
0.365047
0.364902
0.364758
0.364613
0.364468
0.364323
0.364177
0.364031
0.363885
0.363738
0.363591
0.363444
0.363296
0.363147
0.362998
0.362848
0.362698
0.362547
0.362395
0.362243
0.362089
0.361935
0.36178
0.361624
0.361466
0.361307
0.361147
0.360986
0.360823
0.360658
0.360491
0.360323
0.360152
0.359979
0.359803
0.359624
0.359442
0.359257
0.359068
0.358875
0.358677
0.358474
0.358265
0.35805
0.357828
0.357598
0.357358
0.357108
0.356847
0.356571
0.356281
0.355972
0.355641
0.355286
0.354902
0.354481
0.354018
0.353502
0.352919
0.352254
0.35148
0.350564
0.349455
0.348075
0.346296
0.343901
0.340478
0.335147
0.325649
0.304067
0.241044
0.229374
0.22677
0.222694
0.221716
0.221943
0.222423
0.222896
0.223339
0.223756
0.224125
0.224403
0.224549
0.224543
0.224396
0.224158
0.223901
0.223692
0.223572
0.223546
0.223597
0.223693
0.223805
0.223908
0.223985
0.224024
0.224027
0.223998
0.22395
0.223897
0.22385
0.223818
0.223805
0.22381
0.223827
0.223851
0.223876
0.223897
0.22391
0.223914
0.223911
0.223903
0.223892
0.223881
0.223872
0.223867
0.223865
0.223867
0.223871
0.223875
0.223878
0.22388
0.223881
0.22388
0.223877
0.223874
0.22387
0.223867
0.223865
0.223863
0.223862
0.223862
0.223862
0.223862
0.223862
0.223862
0.223862
0.223861
0.223861
0.22386
0.22386
0.22386
0.22386
0.223861
0.223861
0.223862
0.223862
0.223863
0.223863
0.223864
0.223864
0.223864
0.223864
0.223864
0.223863
0.223863
0.223863
0.223863
0.223862
0.223862
0.223861
0.223861
0.22386
0.223859
0.223859
0.223858
0.223857
0.223856
0.223855
0.223855
0.223854
0.223853
0.223852
0.223852
0.223851
0.22385
0.22385
0.223849
0.223849
0.223848
0.223848
0.223848
0.223847
0.223847
0.223847
0.223846
0.223846
0.223846
0.223846
0.223845
0.223845
0.223845
0.223844
0.223844
0.223844
0.223843
0.223843
0.223843
0.223842
0.223842
0.223841
0.223841
0.22384
0.22384
0.223839
0.223839
0.223838
0.223838
0.223838
0.223837
0.223837
0.223836
0.223836
0.223836
0.223835
0.223835
0.223835
0.223834
0.223834
0.223834
0.223834
0.223833
0.223833
0.223833
0.223832
0.223832
0.223831
0.223831
0.223831
0.22383
0.22383
0.223829
0.223829
0.223828
0.223828
0.223827
0.223827
0.223826
0.223826
0.223825
0.223825
0.223824
0.223824
0.223824
0.223823
0.223823
0.223823
0.223822
0.223822
0.223822
0.223822
0.223821
0.223821
0.223821
0.223821
0.22382
0.22382
0.22382
0.223819
0.223819
0.223819
0.223818
0.223818
0.223817
0.223817
0.223816
0.223816
0.223815
0.223814
0.223814
0.223813
0.223812
0.223812
0.223811
0.22381
0.22381
0.223809
0.223808
0.223808
0.223807
0.223807
0.223806
0.223806
0.223805
0.223804
0.223804
0.223804
0.223803
0.223803
0.223802
0.223802
0.223801
0.223801
0.223801
0.2238
0.2238
0.2238
0.223799
0.223799
0.223798
0.223798
0.223797
0.223797
0.223796
0.223796
0.223795
0.223795
0.223794
0.223794
0.223793
0.223793
0.223792
0.223791
0.223791
0.22379
0.22379
0.223789
0.223788
0.223788
0.223787
0.223787
0.223786
0.223786
0.223785
0.223785
0.223784
0.223784
0.223783
0.223783
0.223783
0.223782
0.223782
0.223782
0.223781
0.223781
0.223781
0.22378
0.22378
0.22378
0.223779
0.223779
0.223779
0.223778
0.223778
0.223778
0.223777
0.223777
0.223776
0.223776
0.223776
0.223775
0.223775
0.223774
0.223774
0.223773
0.223773
0.223773
0.223772
0.223772
0.223771
0.223771
0.22377
0.22377
0.223769
0.223769
0.223768
0.223768
0.223767
0.223767
0.223766
0.223766
0.223765
0.223765
0.223764
0.223764
0.223763
0.223763
0.223762
0.223762
0.223762
0.223761
0.223761
0.22376
0.22376
0.223759
0.223759
0.223758
0.223758
0.223757
0.223757
0.223756
0.223756
0.223755
0.223755
0.223754
0.223754
0.223753
0.223753
0.223752
0.223751
0.223751
0.22375
0.22375
0.223749
0.223749
0.223748
0.223747
0.223747
0.223746
0.223746
0.223745
0.223744
0.223744
0.223743
0.223743
0.223742
0.223742
0.223741
0.223741
0.22374
0.223739
0.223739
0.223738
0.223738
0.223737
0.223737
0.223736
0.223736
0.223735
0.223735
0.223734
0.223734
0.223733
0.223733
0.223732
0.223732
0.223731
0.223731
0.22373
0.22373
0.223729
0.223729
0.223728
0.223728
0.223727
0.223727
0.223726
0.223726
0.223725
0.223725
0.223724
0.223723
0.223723
)
;

boundaryField
{
    inlet
    {
        type            fixedValue;
        value           uniform 0.5;
    }
    outlet
    {
        type            zeroGradient;
    }
    emptyWalls
    {
        type            empty;
    }
}


// ************************************************************************* //
