/*--------------------------------*- C++ -*----------------------------------*\
  =========                 |
  \\      /  F ield         | OpenFOAM: The Open Source CFD Toolbox
   \\    /   O peration     | Website:  https://openfoam.org
    \\  /    A nd           | Version:  9
     \\/     M anipulation  |
\*---------------------------------------------------------------------------*/
FoamFile
{
    format      ascii;
    class       volVectorField;
    location    "12.5";
    object      Ub;
}
// * * * * * * * * * * * * * * * * * * * * * * * * * * * * * * * * * * * * * //

dimensions      [0 0 0 0 0 0 0];

internalField   nonuniform List<vector> 
1000
(
(0.290579 0 0)
(0.290578 0 0)
(0.290577 0 0)
(0.290575 0 0)
(0.290574 0 0)
(0.290572 0 0)
(0.29057 0 0)
(0.290567 0 0)
(0.290564 0 0)
(0.290561 0 0)
(0.290558 0 0)
(0.290555 0 0)
(0.290551 0 0)
(0.290547 0 0)
(0.290543 0 0)
(0.290538 0 0)
(0.290533 0 0)
(0.290528 0 0)
(0.290523 0 0)
(0.290518 0 0)
(0.290512 0 0)
(0.290506 0 0)
(0.2905 0 0)
(0.290493 0 0)
(0.290487 0 0)
(0.29048 0 0)
(0.290473 0 0)
(0.290466 0 0)
(0.290458 0 0)
(0.290451 0 0)
(0.290443 0 0)
(0.290435 0 0)
(0.290426 0 0)
(0.290418 0 0)
(0.290409 0 0)
(0.2904 0 0)
(0.290391 0 0)
(0.290382 0 0)
(0.290373 0 0)
(0.290363 0 0)
(0.290353 0 0)
(0.290343 0 0)
(0.290333 0 0)
(0.290323 0 0)
(0.290312 0 0)
(0.290301 0 0)
(0.29029 0 0)
(0.290279 0 0)
(0.290268 0 0)
(0.290256 0 0)
(0.290245 0 0)
(0.290233 0 0)
(0.290221 0 0)
(0.290209 0 0)
(0.290196 0 0)
(0.290184 0 0)
(0.290171 0 0)
(0.290159 0 0)
(0.290146 0 0)
(0.290132 0 0)
(0.290119 0 0)
(0.290106 0 0)
(0.290092 0 0)
(0.290078 0 0)
(0.290064 0 0)
(0.29005 0 0)
(0.290036 0 0)
(0.290022 0 0)
(0.290007 0 0)
(0.289992 0 0)
(0.289978 0 0)
(0.289963 0 0)
(0.289947 0 0)
(0.289932 0 0)
(0.289917 0 0)
(0.289901 0 0)
(0.289886 0 0)
(0.28987 0 0)
(0.289854 0 0)
(0.289838 0 0)
(0.289821 0 0)
(0.289805 0 0)
(0.289788 0 0)
(0.289772 0 0)
(0.289755 0 0)
(0.289738 0 0)
(0.289721 0 0)
(0.289704 0 0)
(0.289686 0 0)
(0.289669 0 0)
(0.289651 0 0)
(0.289634 0 0)
(0.289616 0 0)
(0.289598 0 0)
(0.28958 0 0)
(0.289562 0 0)
(0.289543 0 0)
(0.289525 0 0)
(0.289506 0 0)
(0.289488 0 0)
(0.289469 0 0)
(0.28945 0 0)
(0.289431 0 0)
(0.289412 0 0)
(0.289392 0 0)
(0.289373 0 0)
(0.289353 0 0)
(0.289334 0 0)
(0.289314 0 0)
(0.289294 0 0)
(0.289274 0 0)
(0.289254 0 0)
(0.289234 0 0)
(0.289213 0 0)
(0.289193 0 0)
(0.289172 0 0)
(0.289152 0 0)
(0.289131 0 0)
(0.28911 0 0)
(0.289089 0 0)
(0.289068 0 0)
(0.289047 0 0)
(0.289026 0 0)
(0.289004 0 0)
(0.288983 0 0)
(0.288961 0 0)
(0.288939 0 0)
(0.288918 0 0)
(0.288896 0 0)
(0.288874 0 0)
(0.288852 0 0)
(0.288829 0 0)
(0.288807 0 0)
(0.288785 0 0)
(0.288762 0 0)
(0.28874 0 0)
(0.288717 0 0)
(0.288694 0 0)
(0.288671 0 0)
(0.288648 0 0)
(0.288625 0 0)
(0.288602 0 0)
(0.288579 0 0)
(0.288555 0 0)
(0.288532 0 0)
(0.288508 0 0)
(0.288485 0 0)
(0.288461 0 0)
(0.288437 0 0)
(0.288413 0 0)
(0.288389 0 0)
(0.288365 0 0)
(0.288341 0 0)
(0.288317 0 0)
(0.288292 0 0)
(0.288268 0 0)
(0.288243 0 0)
(0.288219 0 0)
(0.288194 0 0)
(0.288169 0 0)
(0.288144 0 0)
(0.288119 0 0)
(0.288094 0 0)
(0.288069 0 0)
(0.288044 0 0)
(0.288019 0 0)
(0.287993 0 0)
(0.287968 0 0)
(0.287942 0 0)
(0.287916 0 0)
(0.287891 0 0)
(0.287865 0 0)
(0.287839 0 0)
(0.287813 0 0)
(0.287787 0 0)
(0.287761 0 0)
(0.287735 0 0)
(0.287708 0 0)
(0.287682 0 0)
(0.287656 0 0)
(0.287629 0 0)
(0.287603 0 0)
(0.287576 0 0)
(0.287549 0 0)
(0.287522 0 0)
(0.287495 0 0)
(0.287468 0 0)
(0.287441 0 0)
(0.287414 0 0)
(0.287387 0 0)
(0.28736 0 0)
(0.287332 0 0)
(0.287305 0 0)
(0.287277 0 0)
(0.28725 0 0)
(0.287222 0 0)
(0.287195 0 0)
(0.287167 0 0)
(0.287139 0 0)
(0.287111 0 0)
(0.287083 0 0)
(0.287055 0 0)
(0.287027 0 0)
(0.286998 0 0)
(0.28697 0 0)
(0.286942 0 0)
(0.286913 0 0)
(0.286885 0 0)
(0.286856 0 0)
(0.286828 0 0)
(0.286799 0 0)
(0.28677 0 0)
(0.286741 0 0)
(0.286712 0 0)
(0.286683 0 0)
(0.286654 0 0)
(0.286625 0 0)
(0.286596 0 0)
(0.286567 0 0)
(0.286538 0 0)
(0.286508 0 0)
(0.286479 0 0)
(0.286449 0 0)
(0.28642 0 0)
(0.28639 0 0)
(0.28636 0 0)
(0.286331 0 0)
(0.286301 0 0)
(0.286271 0 0)
(0.286241 0 0)
(0.286211 0 0)
(0.286181 0 0)
(0.286151 0 0)
(0.28612 0 0)
(0.28609 0 0)
(0.28606 0 0)
(0.286029 0 0)
(0.285999 0 0)
(0.285968 0 0)
(0.285938 0 0)
(0.285907 0 0)
(0.285876 0 0)
(0.285846 0 0)
(0.285815 0 0)
(0.285784 0 0)
(0.285753 0 0)
(0.285722 0 0)
(0.285691 0 0)
(0.28566 0 0)
(0.285629 0 0)
(0.285597 0 0)
(0.285566 0 0)
(0.285535 0 0)
(0.285503 0 0)
(0.285472 0 0)
(0.28544 0 0)
(0.285409 0 0)
(0.285377 0 0)
(0.285345 0 0)
(0.285314 0 0)
(0.285282 0 0)
(0.28525 0 0)
(0.285218 0 0)
(0.285186 0 0)
(0.285154 0 0)
(0.285122 0 0)
(0.28509 0 0)
(0.285057 0 0)
(0.285025 0 0)
(0.284993 0 0)
(0.28496 0 0)
(0.284928 0 0)
(0.284896 0 0)
(0.284863 0 0)
(0.28483 0 0)
(0.284798 0 0)
(0.284765 0 0)
(0.284732 0 0)
(0.284699 0 0)
(0.284667 0 0)
(0.284634 0 0)
(0.284601 0 0)
(0.284568 0 0)
(0.284535 0 0)
(0.284501 0 0)
(0.284468 0 0)
(0.284435 0 0)
(0.284402 0 0)
(0.284368 0 0)
(0.284335 0 0)
(0.284301 0 0)
(0.284268 0 0)
(0.284234 0 0)
(0.284201 0 0)
(0.284167 0 0)
(0.284133 0 0)
(0.2841 0 0)
(0.284066 0 0)
(0.284032 0 0)
(0.283998 0 0)
(0.283964 0 0)
(0.28393 0 0)
(0.283896 0 0)
(0.283862 0 0)
(0.283828 0 0)
(0.283794 0 0)
(0.283759 0 0)
(0.283725 0 0)
(0.283691 0 0)
(0.283656 0 0)
(0.283622 0 0)
(0.283587 0 0)
(0.283553 0 0)
(0.283518 0 0)
(0.283483 0 0)
(0.283449 0 0)
(0.283414 0 0)
(0.283379 0 0)
(0.283344 0 0)
(0.283309 0 0)
(0.283274 0 0)
(0.283239 0 0)
(0.283204 0 0)
(0.283169 0 0)
(0.283134 0 0)
(0.283099 0 0)
(0.283064 0 0)
(0.283029 0 0)
(0.282993 0 0)
(0.282958 0 0)
(0.282922 0 0)
(0.282887 0 0)
(0.282851 0 0)
(0.282816 0 0)
(0.28278 0 0)
(0.282745 0 0)
(0.282709 0 0)
(0.282673 0 0)
(0.282637 0 0)
(0.282602 0 0)
(0.282566 0 0)
(0.28253 0 0)
(0.282494 0 0)
(0.282458 0 0)
(0.282422 0 0)
(0.282386 0 0)
(0.28235 0 0)
(0.282313 0 0)
(0.282277 0 0)
(0.282241 0 0)
(0.282205 0 0)
(0.282168 0 0)
(0.282132 0 0)
(0.282095 0 0)
(0.282059 0 0)
(0.282022 0 0)
(0.281986 0 0)
(0.281949 0 0)
(0.281912 0 0)
(0.281876 0 0)
(0.281839 0 0)
(0.281802 0 0)
(0.281765 0 0)
(0.281728 0 0)
(0.281691 0 0)
(0.281654 0 0)
(0.281617 0 0)
(0.28158 0 0)
(0.281543 0 0)
(0.281506 0 0)
(0.281469 0 0)
(0.281432 0 0)
(0.281394 0 0)
(0.281357 0 0)
(0.28132 0 0)
(0.281282 0 0)
(0.281245 0 0)
(0.281207 0 0)
(0.28117 0 0)
(0.281132 0 0)
(0.281095 0 0)
(0.281057 0 0)
(0.281019 0 0)
(0.280982 0 0)
(0.280944 0 0)
(0.280906 0 0)
(0.280868 0 0)
(0.28083 0 0)
(0.280792 0 0)
(0.280755 0 0)
(0.280716 0 0)
(0.280678 0 0)
(0.28064 0 0)
(0.280602 0 0)
(0.280564 0 0)
(0.280526 0 0)
(0.280488 0 0)
(0.280449 0 0)
(0.280411 0 0)
(0.280373 0 0)
(0.280334 0 0)
(0.280296 0 0)
(0.280257 0 0)
(0.280219 0 0)
(0.28018 0 0)
(0.280141 0 0)
(0.280103 0 0)
(0.280064 0 0)
(0.280025 0 0)
(0.279987 0 0)
(0.279948 0 0)
(0.279909 0 0)
(0.27987 0 0)
(0.279831 0 0)
(0.279792 0 0)
(0.279753 0 0)
(0.279714 0 0)
(0.279675 0 0)
(0.279636 0 0)
(0.279597 0 0)
(0.279558 0 0)
(0.279518 0 0)
(0.279479 0 0)
(0.27944 0 0)
(0.2794 0 0)
(0.279361 0 0)
(0.279322 0 0)
(0.279282 0 0)
(0.279243 0 0)
(0.279203 0 0)
(0.279163 0 0)
(0.279124 0 0)
(0.279084 0 0)
(0.279044 0 0)
(0.279005 0 0)
(0.278965 0 0)
(0.278925 0 0)
(0.278885 0 0)
(0.278845 0 0)
(0.278806 0 0)
(0.278766 0 0)
(0.278726 0 0)
(0.278686 0 0)
(0.278646 0 0)
(0.278605 0 0)
(0.278565 0 0)
(0.278525 0 0)
(0.278485 0 0)
(0.278445 0 0)
(0.278404 0 0)
(0.278364 0 0)
(0.278324 0 0)
(0.278283 0 0)
(0.278243 0 0)
(0.278202 0 0)
(0.278162 0 0)
(0.278121 0 0)
(0.278081 0 0)
(0.27804 0 0)
(0.277999 0 0)
(0.277959 0 0)
(0.277918 0 0)
(0.277877 0 0)
(0.277837 0 0)
(0.277796 0 0)
(0.277755 0 0)
(0.277714 0 0)
(0.277673 0 0)
(0.277632 0 0)
(0.277591 0 0)
(0.27755 0 0)
(0.277509 0 0)
(0.277468 0 0)
(0.277427 0 0)
(0.277385 0 0)
(0.277344 0 0)
(0.277303 0 0)
(0.277262 0 0)
(0.27722 0 0)
(0.277179 0 0)
(0.277138 0 0)
(0.277096 0 0)
(0.277055 0 0)
(0.277013 0 0)
(0.276972 0 0)
(0.27693 0 0)
(0.276888 0 0)
(0.276847 0 0)
(0.276805 0 0)
(0.276763 0 0)
(0.276722 0 0)
(0.27668 0 0)
(0.276638 0 0)
(0.276596 0 0)
(0.276554 0 0)
(0.276512 0 0)
(0.27647 0 0)
(0.276428 0 0)
(0.276386 0 0)
(0.276344 0 0)
(0.276302 0 0)
(0.27626 0 0)
(0.276218 0 0)
(0.276176 0 0)
(0.276134 0 0)
(0.276091 0 0)
(0.276049 0 0)
(0.276007 0 0)
(0.275964 0 0)
(0.275922 0 0)
(0.275879 0 0)
(0.275837 0 0)
(0.275794 0 0)
(0.275752 0 0)
(0.275709 0 0)
(0.275667 0 0)
(0.275624 0 0)
(0.275581 0 0)
(0.275539 0 0)
(0.275496 0 0)
(0.275453 0 0)
(0.27541 0 0)
(0.275368 0 0)
(0.275325 0 0)
(0.275282 0 0)
(0.275239 0 0)
(0.275196 0 0)
(0.275153 0 0)
(0.27511 0 0)
(0.275067 0 0)
(0.275024 0 0)
(0.274981 0 0)
(0.274937 0 0)
(0.274894 0 0)
(0.274851 0 0)
(0.274808 0 0)
(0.274764 0 0)
(0.274721 0 0)
(0.274678 0 0)
(0.274634 0 0)
(0.274591 0 0)
(0.274547 0 0)
(0.274504 0 0)
(0.27446 0 0)
(0.274417 0 0)
(0.274373 0 0)
(0.27433 0 0)
(0.274286 0 0)
(0.274242 0 0)
(0.274198 0 0)
(0.274155 0 0)
(0.274111 0 0)
(0.274067 0 0)
(0.274023 0 0)
(0.273979 0 0)
(0.273935 0 0)
(0.273891 0 0)
(0.273847 0 0)
(0.273803 0 0)
(0.273759 0 0)
(0.273715 0 0)
(0.273671 0 0)
(0.273627 0 0)
(0.273583 0 0)
(0.273539 0 0)
(0.273494 0 0)
(0.27345 0 0)
(0.273406 0 0)
(0.273361 0 0)
(0.273317 0 0)
(0.273273 0 0)
(0.273228 0 0)
(0.273184 0 0)
(0.273139 0 0)
(0.273095 0 0)
(0.27305 0 0)
(0.273005 0 0)
(0.272961 0 0)
(0.272916 0 0)
(0.272871 0 0)
(0.272827 0 0)
(0.272782 0 0)
(0.272737 0 0)
(0.272692 0 0)
(0.272647 0 0)
(0.272603 0 0)
(0.272558 0 0)
(0.272513 0 0)
(0.272468 0 0)
(0.272423 0 0)
(0.272378 0 0)
(0.272333 0 0)
(0.272287 0 0)
(0.272242 0 0)
(0.272197 0 0)
(0.272152 0 0)
(0.272107 0 0)
(0.272061 0 0)
(0.272016 0 0)
(0.271971 0 0)
(0.271925 0 0)
(0.27188 0 0)
(0.271834 0 0)
(0.271789 0 0)
(0.271743 0 0)
(0.271698 0 0)
(0.271652 0 0)
(0.271607 0 0)
(0.271561 0 0)
(0.271516 0 0)
(0.27147 0 0)
(0.271424 0 0)
(0.271378 0 0)
(0.271333 0 0)
(0.271287 0 0)
(0.271241 0 0)
(0.271195 0 0)
(0.271149 0 0)
(0.271103 0 0)
(0.271057 0 0)
(0.271011 0 0)
(0.270965 0 0)
(0.270919 0 0)
(0.270873 0 0)
(0.270827 0 0)
(0.270781 0 0)
(0.270735 0 0)
(0.270688 0 0)
(0.270642 0 0)
(0.270596 0 0)
(0.270549 0 0)
(0.270503 0 0)
(0.270457 0 0)
(0.27041 0 0)
(0.270364 0 0)
(0.270317 0 0)
(0.270271 0 0)
(0.270224 0 0)
(0.270178 0 0)
(0.270131 0 0)
(0.270085 0 0)
(0.270038 0 0)
(0.269991 0 0)
(0.269944 0 0)
(0.269898 0 0)
(0.269851 0 0)
(0.269804 0 0)
(0.269757 0 0)
(0.26971 0 0)
(0.269663 0 0)
(0.269617 0 0)
(0.26957 0 0)
(0.269523 0 0)
(0.269476 0 0)
(0.269428 0 0)
(0.269381 0 0)
(0.269334 0 0)
(0.269287 0 0)
(0.26924 0 0)
(0.269193 0 0)
(0.269145 0 0)
(0.269098 0 0)
(0.269051 0 0)
(0.269003 0 0)
(0.268956 0 0)
(0.268909 0 0)
(0.268861 0 0)
(0.268814 0 0)
(0.268766 0 0)
(0.268719 0 0)
(0.268671 0 0)
(0.268623 0 0)
(0.268576 0 0)
(0.268528 0 0)
(0.26848 0 0)
(0.268433 0 0)
(0.268385 0 0)
(0.268337 0 0)
(0.268289 0 0)
(0.268241 0 0)
(0.268194 0 0)
(0.268146 0 0)
(0.268098 0 0)
(0.26805 0 0)
(0.268002 0 0)
(0.267954 0 0)
(0.267906 0 0)
(0.267858 0 0)
(0.267809 0 0)
(0.267761 0 0)
(0.267713 0 0)
(0.267665 0 0)
(0.267617 0 0)
(0.267568 0 0)
(0.26752 0 0)
(0.267472 0 0)
(0.267423 0 0)
(0.267375 0 0)
(0.267326 0 0)
(0.267278 0 0)
(0.267229 0 0)
(0.267181 0 0)
(0.267132 0 0)
(0.267084 0 0)
(0.267035 0 0)
(0.266986 0 0)
(0.266938 0 0)
(0.266889 0 0)
(0.26684 0 0)
(0.266791 0 0)
(0.266742 0 0)
(0.266693 0 0)
(0.266645 0 0)
(0.266596 0 0)
(0.266547 0 0)
(0.266498 0 0)
(0.266449 0 0)
(0.2664 0 0)
(0.266351 0 0)
(0.266301 0 0)
(0.266252 0 0)
(0.266203 0 0)
(0.266154 0 0)
(0.266105 0 0)
(0.266055 0 0)
(0.266006 0 0)
(0.265957 0 0)
(0.265907 0 0)
(0.265858 0 0)
(0.265808 0 0)
(0.265759 0 0)
(0.265709 0 0)
(0.26566 0 0)
(0.26561 0 0)
(0.265561 0 0)
(0.265511 0 0)
(0.265461 0 0)
(0.265412 0 0)
(0.265362 0 0)
(0.265312 0 0)
(0.265262 0 0)
(0.265212 0 0)
(0.265163 0 0)
(0.265113 0 0)
(0.265063 0 0)
(0.265013 0 0)
(0.264963 0 0)
(0.264913 0 0)
(0.264863 0 0)
(0.264813 0 0)
(0.264762 0 0)
(0.264712 0 0)
(0.264662 0 0)
(0.264612 0 0)
(0.264562 0 0)
(0.264511 0 0)
(0.264461 0 0)
(0.264411 0 0)
(0.26436 0 0)
(0.26431 0 0)
(0.264259 0 0)
(0.264209 0 0)
(0.264158 0 0)
(0.264108 0 0)
(0.264057 0 0)
(0.264006 0 0)
(0.263956 0 0)
(0.263905 0 0)
(0.263854 0 0)
(0.263803 0 0)
(0.263753 0 0)
(0.263702 0 0)
(0.263651 0 0)
(0.2636 0 0)
(0.263549 0 0)
(0.263498 0 0)
(0.263447 0 0)
(0.263396 0 0)
(0.263345 0 0)
(0.263294 0 0)
(0.263243 0 0)
(0.263191 0 0)
(0.26314 0 0)
(0.263089 0 0)
(0.263038 0 0)
(0.262986 0 0)
(0.262935 0 0)
(0.262883 0 0)
(0.262832 0 0)
(0.262781 0 0)
(0.262729 0 0)
(0.262677 0 0)
(0.262626 0 0)
(0.262574 0 0)
(0.262523 0 0)
(0.262471 0 0)
(0.262419 0 0)
(0.262367 0 0)
(0.262315 0 0)
(0.262264 0 0)
(0.262212 0 0)
(0.26216 0 0)
(0.262108 0 0)
(0.262056 0 0)
(0.262004 0 0)
(0.261952 0 0)
(0.2619 0 0)
(0.261847 0 0)
(0.261795 0 0)
(0.261743 0 0)
(0.261691 0 0)
(0.261638 0 0)
(0.261586 0 0)
(0.261534 0 0)
(0.261481 0 0)
(0.261429 0 0)
(0.261376 0 0)
(0.261324 0 0)
(0.261271 0 0)
(0.261218 0 0)
(0.261166 0 0)
(0.261113 0 0)
(0.26106 0 0)
(0.261007 0 0)
(0.260954 0 0)
(0.260901 0 0)
(0.260849 0 0)
(0.260796 0 0)
(0.260743 0 0)
(0.260689 0 0)
(0.260636 0 0)
(0.260583 0 0)
(0.26053 0 0)
(0.260477 0 0)
(0.260423 0 0)
(0.26037 0 0)
(0.260317 0 0)
(0.260263 0 0)
(0.26021 0 0)
(0.260156 0 0)
(0.260103 0 0)
(0.260049 0 0)
(0.259995 0 0)
(0.259942 0 0)
(0.259888 0 0)
(0.259834 0 0)
(0.25978 0 0)
(0.259726 0 0)
(0.259672 0 0)
(0.259618 0 0)
(0.259564 0 0)
(0.25951 0 0)
(0.259456 0 0)
(0.259401 0 0)
(0.259347 0 0)
(0.259293 0 0)
(0.259238 0 0)
(0.259184 0 0)
(0.259129 0 0)
(0.259075 0 0)
(0.25902 0 0)
(0.258965 0 0)
(0.258911 0 0)
(0.258856 0 0)
(0.258801 0 0)
(0.258746 0 0)
(0.258691 0 0)
(0.258636 0 0)
(0.258581 0 0)
(0.258526 0 0)
(0.25847 0 0)
(0.258415 0 0)
(0.25836 0 0)
(0.258304 0 0)
(0.258249 0 0)
(0.258193 0 0)
(0.258137 0 0)
(0.258081 0 0)
(0.258026 0 0)
(0.25797 0 0)
(0.257914 0 0)
(0.257857 0 0)
(0.257801 0 0)
(0.257745 0 0)
(0.257689 0 0)
(0.257632 0 0)
(0.257576 0 0)
(0.257519 0 0)
(0.257462 0 0)
(0.257406 0 0)
(0.257349 0 0)
(0.257292 0 0)
(0.257234 0 0)
(0.257177 0 0)
(0.25712 0 0)
(0.257062 0 0)
(0.257005 0 0)
(0.256947 0 0)
(0.256889 0 0)
(0.256832 0 0)
(0.256773 0 0)
(0.256715 0 0)
(0.256657 0 0)
(0.256599 0 0)
(0.25654 0 0)
(0.256481 0 0)
(0.256422 0 0)
(0.256363 0 0)
(0.256304 0 0)
(0.256245 0 0)
(0.256185 0 0)
(0.256126 0 0)
(0.256066 0 0)
(0.256006 0 0)
(0.255945 0 0)
(0.255885 0 0)
(0.255824 0 0)
(0.255763 0 0)
(0.255702 0 0)
(0.255641 0 0)
(0.255579 0 0)
(0.255517 0 0)
(0.255455 0 0)
(0.255393 0 0)
(0.25533 0 0)
(0.255267 0 0)
(0.255204 0 0)
(0.25514 0 0)
(0.255076 0 0)
(0.255012 0 0)
(0.254947 0 0)
(0.254882 0 0)
(0.254817 0 0)
(0.254751 0 0)
(0.254685 0 0)
(0.254618 0 0)
(0.254551 0 0)
(0.254483 0 0)
(0.254414 0 0)
(0.254345 0 0)
(0.254276 0 0)
(0.254205 0 0)
(0.254134 0 0)
(0.254063 0 0)
(0.25399 0 0)
(0.253917 0 0)
(0.253843 0 0)
(0.253767 0 0)
(0.253691 0 0)
(0.253614 0 0)
(0.253536 0 0)
(0.253456 0 0)
(0.253375 0 0)
(0.253292 0 0)
(0.253208 0 0)
(0.253123 0 0)
(0.253035 0 0)
(0.252946 0 0)
(0.252854 0 0)
(0.25276 0 0)
(0.252664 0 0)
(0.252564 0 0)
(0.252462 0 0)
(0.252356 0 0)
(0.252247 0 0)
(0.252133 0 0)
(0.252015 0 0)
(0.251892 0 0)
(0.251763 0 0)
(0.251628 0 0)
(0.251485 0 0)
(0.251335 0 0)
(0.251175 0 0)
(0.251004 0 0)
(0.250821 0 0)
(0.250623 0 0)
(0.250409 0 0)
(0.250174 0 0)
(0.249916 0 0)
(0.24963 0 0)
(0.249309 0 0)
(0.248944 0 0)
(0.248526 0 0)
(0.248039 0 0)
(0.247462 0 0)
(0.246764 0 0)
(0.245898 0 0)
(0.244793 0 0)
(0.243323 0 0)
(0.241264 0 0)
(0.238158 0 0)
(0.232904 0 0)
(0.222038 0 0)
(0.189994 0 0)
(0.154739 0 0)
(0.143411 0 0)
(0.1476 0 0)
(0.15771 0 0)
(0.166717 0 0)
(0.171905 0 0)
)
;

boundaryField
{
    inlet
    {
        type            fractionalVelocity;
        U               1((1 0 0));
        fractionalFlow  Fb;
        value           uniform (0.290579 0 0);
    }
    outlet
    {
        type            zeroGradient;
    }
    emptyWalls
    {
        type            empty;
    }
}


// ************************************************************************* //
