/*--------------------------------*- C++ -*----------------------------------*\
  =========                 |
  \\      /  F ield         | OpenFOAM: The Open Source CFD Toolbox
   \\    /   O peration     | Website:  https://openfoam.org
    \\  /    A nd           | Version:  9
     \\/     M anipulation  |
\*---------------------------------------------------------------------------*/
FoamFile
{
    format      ascii;
    class       volScalarField;
    location    "16";
    object      Sb;
}
// * * * * * * * * * * * * * * * * * * * * * * * * * * * * * * * * * * * * * //

dimensions      [0 0 0 0 0 0 0];

internalField   nonuniform List<scalar> 
1000
(
0.499392
0.499019
0.498673
0.49834
0.498015
0.497696
0.497382
0.497071
0.496764
0.496459
0.496157
0.495856
0.495558
0.495262
0.494968
0.494676
0.494385
0.494096
0.493808
0.493522
0.493237
0.492954
0.492672
0.492392
0.492113
0.491835
0.491558
0.491282
0.491008
0.490735
0.490463
0.490193
0.489923
0.489655
0.489387
0.489121
0.488856
0.488592
0.488329
0.488067
0.487806
0.487546
0.487287
0.487029
0.486772
0.486516
0.486261
0.486007
0.485754
0.485502
0.48525
0.485
0.484751
0.484502
0.484254
0.484008
0.483762
0.483517
0.483273
0.483029
0.482787
0.482545
0.482305
0.482065
0.481825
0.481587
0.48135
0.481113
0.480877
0.480642
0.480408
0.480174
0.479941
0.479709
0.479478
0.479247
0.479018
0.478789
0.47856
0.478333
0.478106
0.47788
0.477654
0.47743
0.477206
0.476982
0.47676
0.476538
0.476317
0.476096
0.475876
0.475657
0.475438
0.47522
0.475003
0.474787
0.474571
0.474355
0.474141
0.473927
0.473713
0.473501
0.473288
0.473077
0.472866
0.472656
0.472446
0.472237
0.472028
0.471821
0.471613
0.471406
0.4712
0.470995
0.47079
0.470585
0.470382
0.470178
0.469976
0.469773
0.469572
0.469371
0.46917
0.46897
0.468771
0.468572
0.468374
0.468176
0.467978
0.467782
0.467585
0.46739
0.467195
0.467
0.466806
0.466612
0.466419
0.466226
0.466034
0.465842
0.465651
0.46546
0.46527
0.46508
0.464891
0.464702
0.464514
0.464326
0.464139
0.463952
0.463766
0.46358
0.463394
0.463209
0.463025
0.462841
0.462657
0.462474
0.462291
0.462109
0.461927
0.461745
0.461564
0.461384
0.461204
0.461024
0.460845
0.460666
0.460487
0.460309
0.460132
0.459954
0.459778
0.459601
0.459425
0.45925
0.459075
0.4589
0.458726
0.458552
0.458378
0.458205
0.458032
0.45786
0.457688
0.457516
0.457345
0.457174
0.457004
0.456834
0.456664
0.456495
0.456326
0.456157
0.455989
0.455821
0.455654
0.455487
0.45532
0.455154
0.454988
0.454822
0.454657
0.454492
0.454327
0.454163
0.453999
0.453836
0.453672
0.45351
0.453347
0.453185
0.453023
0.452862
0.452701
0.45254
0.452379
0.452219
0.452059
0.4519
0.451741
0.451582
0.451423
0.451265
0.451107
0.45095
0.450793
0.450636
0.450479
0.450323
0.450167
0.450011
0.449856
0.449701
0.449546
0.449392
0.449238
0.449084
0.44893
0.448777
0.448624
0.448472
0.448319
0.448167
0.448016
0.447864
0.447713
0.447562
0.447412
0.447261
0.447111
0.446962
0.446812
0.446663
0.446514
0.446366
0.446217
0.446069
0.445922
0.445774
0.445627
0.44548
0.445333
0.445187
0.445041
0.444895
0.44475
0.444604
0.444459
0.444314
0.44417
0.444026
0.443882
0.443738
0.443595
0.443451
0.443308
0.443166
0.443023
0.442881
0.442739
0.442598
0.442456
0.442315
0.442174
0.442033
0.441893
0.441753
0.441613
0.441473
0.441334
0.441194
0.441055
0.440917
0.440778
0.44064
0.440502
0.440364
0.440227
0.440089
0.439952
0.439815
0.439679
0.439542
0.439406
0.43927
0.439135
0.438999
0.438864
0.438729
0.438594
0.43846
0.438325
0.438191
0.438057
0.437923
0.43779
0.437657
0.437524
0.437391
0.437258
0.437126
0.436994
0.436862
0.43673
0.436599
0.436467
0.436336
0.436205
0.436075
0.435944
0.435814
0.435684
0.435554
0.435424
0.435295
0.435166
0.435037
0.434908
0.434779
0.434651
0.434523
0.434394
0.434267
0.434139
0.434012
0.433884
0.433757
0.43363
0.433504
0.433377
0.433251
0.433125
0.432999
0.432873
0.432748
0.432623
0.432498
0.432373
0.432248
0.432123
0.431999
0.431875
0.431751
0.431627
0.431503
0.43138
0.431257
0.431134
0.431011
0.430888
0.430765
0.430643
0.430521
0.430399
0.430277
0.430155
0.430034
0.429913
0.429791
0.429671
0.42955
0.429429
0.429309
0.429188
0.429068
0.428948
0.428829
0.428709
0.42859
0.428471
0.428351
0.428233
0.428114
0.427995
0.427877
0.427759
0.427641
0.427523
0.427405
0.427287
0.42717
0.427053
0.426936
0.426819
0.426702
0.426585
0.426469
0.426353
0.426237
0.426121
0.426005
0.425889
0.425774
0.425658
0.425543
0.425428
0.425313
0.425199
0.425084
0.42497
0.424855
0.424741
0.424627
0.424513
0.4244
0.424286
0.424173
0.42406
0.423947
0.423834
0.423721
0.423608
0.423496
0.423384
0.423271
0.423159
0.423048
0.422936
0.422824
0.422713
0.422602
0.42249
0.422379
0.422268
0.422158
0.422047
0.421937
0.421826
0.421716
0.421606
0.421496
0.421387
0.421277
0.421167
0.421058
0.420949
0.42084
0.420731
0.420622
0.420513
0.420405
0.420297
0.420188
0.42008
0.419972
0.419864
0.419757
0.419649
0.419542
0.419434
0.419327
0.41922
0.419113
0.419006
0.4189
0.418793
0.418687
0.41858
0.418474
0.418368
0.418262
0.418156
0.418051
0.417945
0.41784
0.417735
0.417629
0.417524
0.417419
0.417315
0.41721
0.417105
0.417001
0.416897
0.416793
0.416689
0.416585
0.416481
0.416377
0.416274
0.41617
0.416067
0.415964
0.415861
0.415758
0.415655
0.415552
0.415449
0.415347
0.415245
0.415142
0.41504
0.414938
0.414836
0.414734
0.414633
0.414531
0.41443
0.414328
0.414227
0.414126
0.414025
0.413924
0.413823
0.413723
0.413622
0.413522
0.413421
0.413321
0.413221
0.413121
0.413021
0.412921
0.412822
0.412722
0.412623
0.412523
0.412424
0.412325
0.412226
0.412127
0.412028
0.41193
0.411831
0.411732
0.411634
0.411536
0.411438
0.41134
0.411242
0.411144
0.411046
0.410948
0.410851
0.410753
0.410656
0.410559
0.410462
0.410365
0.410268
0.410171
0.410074
0.409978
0.409881
0.409785
0.409688
0.409592
0.409496
0.4094
0.409304
0.409208
0.409112
0.409017
0.408921
0.408826
0.40873
0.408635
0.40854
0.408445
0.40835
0.408255
0.40816
0.408066
0.407971
0.407877
0.407782
0.407688
0.407594
0.4075
0.407406
0.407312
0.407218
0.407124
0.407031
0.406937
0.406844
0.406751
0.406657
0.406564
0.406471
0.406378
0.406285
0.406192
0.4061
0.406007
0.405915
0.405822
0.40573
0.405638
0.405545
0.405453
0.405361
0.405269
0.405178
0.405086
0.404994
0.404903
0.404811
0.40472
0.404629
0.404537
0.404446
0.404355
0.404264
0.404173
0.404083
0.403992
0.403901
0.403811
0.40372
0.40363
0.40354
0.40345
0.40336
0.40327
0.40318
0.40309
0.403
0.40291
0.402821
0.402731
0.402642
0.402553
0.402463
0.402374
0.402285
0.402196
0.402107
0.402018
0.40193
0.401841
0.401752
0.401664
0.401575
0.401487
0.401399
0.40131
0.401222
0.401134
0.401046
0.400958
0.40087
0.400783
0.400695
0.400608
0.40052
0.400433
0.400345
0.400258
0.400171
0.400084
0.399997
0.39991
0.399823
0.399736
0.399649
0.399563
0.399476
0.399389
0.399303
0.399217
0.39913
0.399044
0.398958
0.398872
0.398786
0.3987
0.398614
0.398528
0.398443
0.398357
0.398272
0.398186
0.398101
0.398015
0.39793
0.397845
0.39776
0.397675
0.39759
0.397505
0.39742
0.397335
0.397251
0.397166
0.397081
0.396997
0.396913
0.396828
0.396744
0.39666
0.396576
0.396492
0.396408
0.396324
0.39624
0.396156
0.396072
0.395989
0.395905
0.395822
0.395738
0.395655
0.395571
0.395488
0.395405
0.395322
0.395239
0.395156
0.395073
0.39499
0.394907
0.394825
0.394742
0.39466
0.394577
0.394495
0.394412
0.39433
0.394248
0.394165
0.394083
0.394001
0.393919
0.393837
0.393756
0.393674
0.393592
0.39351
0.393429
0.393347
0.393266
0.393184
0.393103
0.393022
0.39294
0.392859
0.392778
0.392697
0.392616
0.392535
0.392454
0.392374
0.392293
0.392212
0.392132
0.392051
0.391971
0.39189
0.39181
0.39173
0.391649
0.391569
0.391489
0.391409
0.391329
0.391249
0.391169
0.391089
0.39101
0.39093
0.39085
0.390771
0.390691
0.390612
0.390532
0.390453
0.390374
0.390294
0.390215
0.390136
0.390057
0.389978
0.389899
0.38982
0.389741
0.389663
0.389584
0.389505
0.389427
0.389348
0.389269
0.389191
0.389113
0.389034
0.388956
0.388878
0.3888
0.388722
0.388644
0.388566
0.388488
0.38841
0.388332
0.388254
0.388176
0.388099
0.388021
0.387944
0.387866
0.387789
0.387711
0.387634
0.387557
0.387479
0.387402
0.387325
0.387248
0.387171
0.387094
0.387017
0.38694
0.386864
0.386787
0.38671
0.386633
0.386557
0.38648
0.386404
0.386327
0.386251
0.386175
0.386098
0.386022
0.385946
0.38587
0.385794
0.385718
0.385642
0.385566
0.38549
0.385414
0.385338
0.385263
0.385187
0.385111
0.385036
0.38496
0.384885
0.384809
0.384734
0.384658
0.384583
0.384508
0.384433
0.384358
0.384282
0.384207
0.384132
0.384057
0.383983
0.383908
0.383833
0.383758
0.383683
0.383609
0.383534
0.38346
0.383385
0.383311
0.383236
0.383162
0.383087
0.383013
0.382939
0.382865
0.382791
0.382717
0.382642
0.382568
0.382494
0.382421
0.382347
0.382273
0.382199
0.382125
0.382052
0.381978
0.381904
0.381831
0.381757
0.381684
0.38161
0.381537
0.381464
0.38139
0.381317
0.381244
0.381171
0.381098
0.381025
0.380952
0.380879
0.380806
0.380733
0.38066
0.380587
0.380514
0.380442
0.380369
0.380296
0.380224
0.380151
0.380079
0.380006
0.379934
0.379861
0.379789
0.379717
0.379644
0.379572
0.3795
0.379428
0.379356
0.379284
0.379212
0.37914
0.379068
0.378996
0.378924
0.378852
0.37878
0.378709
0.378637
0.378565
0.378494
0.378422
0.378351
0.378279
0.378208
0.378136
0.378065
0.377993
0.377922
0.377851
0.37778
0.377708
0.377637
0.377566
0.377495
0.377424
0.377353
0.377282
0.377211
0.37714
0.377069
0.376999
0.376928
0.376857
0.376786
0.376716
0.376645
0.376575
0.376504
0.376434
0.376363
0.376293
0.376222
0.376152
0.376081
0.376011
0.375941
0.375871
0.375801
0.37573
0.37566
0.37559
0.37552
0.37545
0.37538
0.37531
0.37524
0.37517
0.3751
0.375031
0.374961
0.374891
0.374821
0.374752
)
;

boundaryField
{
    inlet
    {
        type            fixedValue;
        value           uniform 0.5;
    }
    outlet
    {
        type            zeroGradient;
    }
    emptyWalls
    {
        type            empty;
    }
}


// ************************************************************************* //
