/*--------------------------------*- C++ -*----------------------------------*\
  =========                 |
  \\      /  F ield         | OpenFOAM: The Open Source CFD Toolbox
   \\    /   O peration     | Website:  https://openfoam.org
    \\  /    A nd           | Version:  9
     \\/     M anipulation  |
\*---------------------------------------------------------------------------*/
FoamFile
{
    format      ascii;
    class       volScalarField;
    location    "1.9";
    object      Fcsw;
}
// * * * * * * * * * * * * * * * * * * * * * * * * * * * * * * * * * * * * * //

dimensions      [0 0 0 0 0 0 0];

internalField   nonuniform List<scalar> 
1000
(
0.000684939
0.00107329
0.00141201
0.00172017
0.00200532
0.00227165
0.00252191
0.0027581
0.00298177
0.00319418
0.00339636
0.0035892
0.00377349
0.00394988
0.00411898
0.00428132
0.00443737
0.00458755
0.00473227
0.00487186
0.00500666
0.00513695
0.005263
0.00538508
0.00550339
0.00561816
0.00572959
0.00583785
0.00594311
0.00604553
0.00614526
0.00624244
0.0063372
0.00642964
0.0065199
0.00660807
0.00669425
0.00677855
0.00686103
0.0069418
0.00702093
0.00709849
0.00717455
0.00724919
0.00732246
0.00739442
0.00746514
0.00753466
0.00760304
0.00767034
0.00773658
0.00780183
0.00786612
0.0079295
0.00799201
0.00805367
0.00811454
0.00817465
0.00823402
0.0082927
0.00835071
0.00840808
0.00846485
0.00852104
0.00857668
0.00863179
0.00868642
0.00874057
0.00879427
0.00884756
0.00890044
0.00895296
0.00900512
0.00905696
0.00910849
0.00915975
0.00921074
0.0092615
0.00931204
0.00936239
0.00941258
0.00946262
0.00951253
0.00956235
0.00961209
0.00966179
0.00971145
0.00976112
0.00981082
0.00986057
0.00991041
0.00996036
0.0100105
0.0100607
0.0101112
0.010162
0.010213
0.0102644
0.0103161
0.0103683
0.0104209
0.0104741
0.0105279
0.0105823
0.0106374
0.0106934
0.0107502
0.0108081
0.010867
0.0109271
0.0109886
0.0110515
0.011116
0.0111823
0.0112506
0.0113211
0.011394
0.0114696
0.0115483
0.0116303
0.0117161
0.0118062
0.011901
0.0120012
0.0121075
0.0122207
0.0123417
0.0124717
0.0126119
0.012764
0.0129297
0.0131112
0.0133113
0.0135331
0.0137804
0.014058
0.0143719
0.0147294
0.0151397
0.0156145
0.0161691
0.0168229
0.0176021
0.0185415
0.0196885
0.0211093
0.022898
0.0251921
0.0281987
0.0322414
0.0378478
0.0459264
0.058148
0.0778516
0.112508
0.181889
0.352622
0.952422
0.75238
0.66037
0.366104
0.0881299
-0.0669516
-0.126222
-0.143435
-0.146856
-0.140599
-0.119587
-0.0802775
-0.0258733
0.032147
0.0770883
0.0953594
0.0847862
0.0549552
0.0196932
-0.0103684
-0.0301643
-0.038887
-0.0379949
-0.0299394
-0.0176135
-0.00407697
0.00779097
0.0157927
0.018884
0.0173394
0.0124861
0.00614243
3.45347e-05
-0.00459201
-0.00711454
-0.00749003
-0.00611438
-0.00364665
-0.000831195
0.00166248
0.0033619
0.00405617
0.00379335
0.00281898
0.00148081
0.000130491
-0.000952844
-0.00160494
-0.00178442
-0.00155407
-0.00104565
-0.000418926
0.000176425
0.000629124
0.000881186
0.000928737
0.000811271
0.000593969
0.000348342
0.000135775
-3.14162e-06
-5.25468e-05
-1.91938e-05
7.39083e-05
0.000195858
0.000316073
0.000410683
0.000466166
0.000480024
0.000459001
0.000415715
0.000364775
0.000319296
0.000288488
0.000276572
0.000282984
0.00030353
0.000332059
0.000362183
0.000388675
0.000408322
0.000420165
0.000425202
0.000425742
0.000424597
0.000424346
0.000426784
0.000432651
0.000441639
0.000452626
0.00046411
0.000475095
0.000488301
0.000527059
0.000731732
0.00191613
0.00877884
0.0483468
0.272593
1.3738
2.80218
0.504192
0.00163753
3.39539e-09
3.1372e-21
-0
-0
-0
-0
-0
-0
-0
-0
-0
-0
-0
-0
-0
-0
-0
-0
-0
-0
-0
-0
-0
-0
-0
-0
-0
-0
-0
-0
-0
-0
-0
-0
-0
-0
-0
-0
-0
-0
-0
-0
-0
-0
-0
-0
-0
-0
-0
-0
-0
-0
-0
-0
-0
-0
-0
-0
-0
-0
-0
-0
-0
-0
-0
-0
-0
-0
-0
-0
-0
-0
-0
-0
-0
-0
-0
-0
-0
-0
-0
-0
-0
-0
-0
-0
-0
-0
-0
-0
-0
-0
-0
-0
-0
-0
-0
-0
-0
-0
-0
-0
-0
-0
-0
-0
-0
-0
-0
-0
-0
-0
-0
-0
-0
-0
-0
-0
-0
-0
-0
-0
-0
-0
-0
-0
-0
-0
-0
-0
-0
-0
-0
-0
-0
-0
-0
-0
-0
-0
-0
-0
-0
-0
-0
-0
-0
-0
-0
-0
-0
-0
-0
-0
-0
-0
-0
-0
-0
-0
-0
-0
-0
-0
-0
-0
-0
-0
-0
-0
-0
-0
-0
-0
-0
-0
-0
-0
-0
-0
-0
-0
-0
-0
-0
-0
-0
-0
-0
-0
-0
-0
-0
-0
-0
-0
-0
-0
-0
-0
-0
-0
-0
-0
-0
-0
-0
-0
-0
-0
-0
-0
-0
-0
-0
-0
-0
-0
-0
-0
-0
-0
-0
-0
-0
-0
-0
-0
-0
-0
-0
-0
-0
-0
-0
-0
-0
-0
-0
-0
-0
-0
-0
-0
-0
-0
-0
-0
-0
-0
-0
-0
-0
-0
-0
-0
-0
-0
-0
-0
-0
-0
-0
-0
-0
-0
-0
-0
-0
-0
-0
-0
-0
-0
-0
-0
-0
-0
-0
-0
-0
-0
-0
-0
-0
-0
-0
-0
-0
-0
-0
-0
-0
-0
-0
-0
-0
-0
-0
-0
-0
-0
-0
-0
-0
-0
-0
-0
-0
-0
-0
-0
-0
-0
-0
-0
-0
-0
-0
-0
-0
-0
-0
-0
-0
-0
-0
-0
-0
-0
-0
-0
-0
-0
-0
-0
-0
-0
-0
-0
-0
-0
-0
-0
-0
-0
-0
-0
-0
-0
-0
-0
-0
-0
-0
-0
-0
-0
-0
-0
-0
-0
-0
-0
-0
-0
-0
-0
-0
-0
-0
-0
-0
-0
-0
-0
-0
-0
-0
-0
-0
-0
-0
-0
-0
-0
-0
-0
-0
-0
-0
-0
-0
-0
-0
-0
-0
-0
-0
-0
-0
-0
-0
-0
-0
-0
-0
-0
-0
-0
-0
-0
-0
-0
-0
-0
-0
-0
-0
-0
-0
-0
-0
-0
-0
-0
-0
-0
-0
-0
-0
-0
-0
-0
-0
-0
-0
-0
-0
-0
-0
-0
-0
-0
-0
-0
-0
-0
-0
-0
-0
-0
-0
-0
-0
-0
-0
-0
-0
-0
-0
-0
-0
-0
-0
-0
-0
-0
-0
-0
-0
-0
-0
-0
-0
-0
-0
-0
-0
-0
-0
-0
-0
-0
-0
-0
-0
-0
-0
-0
-0
-0
-0
-0
-0
-0
-0
-0
-0
-0
-0
-0
-0
-0
-0
-0
-0
-0
-0
-0
-0
-0
-0
-0
-0
-0
-0
-0
-0
-0
-0
-0
-0
-0
-0
-0
-0
-0
-0
-0
-0
-0
-0
-0
-0
-0
-0
-0
-0
-0
-0
-0
-0
-0
-0
-0
-0
-0
-0
-0
-0
-0
-0
-0
-0
-0
-0
-0
-0
-0
-0
-0
-0
-0
-0
-0
-0
-0
-0
-0
-0
-0
-0
-0
-0
-0
-0
-0
-0
-0
-0
-0
-0
-0
-0
-0
-0
-0
-0
-0
-0
-0
-0
-0
-0
-0
-0
-0
-0
-0
-0
-0
-0
-0
-0
-0
-0
-0
-0
-0
-0
-0
-0
-0
-0
-0
-0
-0
-0
-0
-0
-0
-0
-0
-0
-0
-0
-0
-0
-0
-0
-0
-0
-0
-0
-0
-0
-0
-0
-0
-0
-0
-0
-0
-0
-0
-0
-0
-0
-0
-0
-0
-0
-0
-0
-0
-0
-0
-0
-0
-0
-0
-0
-0
-0
-0
-0
-0
-0
-0
-0
-0
-0
-0
-0
-0
-0
-0
-0
-0
-0
-0
-0
-0
-0
-0
-0
-0
-0
-0
-0
-0
-0
-0
-0
-0
-0
-0
-0
-0
-0
-0
-0
-0
-0
-0
-0
-0
-0
-0
-0
-0
-0
-0
-0
-0
-0
-0
-0
-0
-0
-0
-0
-0
-0
-0
-0
-0
-0
-0
-0
-0
-0
-0
-0
-0
-0
-0
-0
-0
)
;

boundaryField
{
    inlet
    {
        type            calculated;
        value           uniform 0.000684939;
    }
    outlet
    {
        type            calculated;
        value           uniform -0;
    }
    emptyWalls
    {
        type            empty;
    }
}


// ************************************************************************* //
