/*--------------------------------*- C++ -*----------------------------------*\
  =========                 |
  \\      /  F ield         | OpenFOAM: The Open Source CFD Toolbox
   \\    /   O peration     | Website:  https://openfoam.org
    \\  /    A nd           | Version:  9
     \\/     M anipulation  |
\*---------------------------------------------------------------------------*/
FoamFile
{
    format      ascii;
    class       volScalarField;
    location    "1.9";
    object      krc;
}
// * * * * * * * * * * * * * * * * * * * * * * * * * * * * * * * * * * * * * //

dimensions      [0 0 0 0 0 0 0];

internalField   nonuniform List<scalar> 
1000
(
0.000137944
0.000348949
0.000620892
0.000945907
0.00131798
0.00173218
0.00218436
0.0026709
0.00318866
0.00373486
0.00430701
0.00490289
0.00552052
0.00615809
0.00681397
0.00748669
0.00817488
0.00887734
0.00959293
0.0103206
0.0110595
0.0118086
0.0125673
0.0133347
0.0141102
0.0148932
0.015683
0.0164792
0.0172812
0.0180886
0.018901
0.0197179
0.020539
0.021364
0.0221925
0.0230242
0.0238589
0.0246963
0.0255361
0.0263782
0.0272222
0.0280681
0.0289157
0.0297647
0.030615
0.0314665
0.032319
0.0331723
0.0340265
0.0348813
0.0357366
0.0365924
0.0374486
0.038305
0.0391616
0.0400184
0.0408751
0.0417319
0.0425886
0.0434451
0.0443014
0.0451576
0.0460134
0.0468689
0.047724
0.0485788
0.0494331
0.050287
0.0511404
0.0519933
0.0528456
0.0536974
0.0545487
0.0553994
0.0562495
0.057099
0.0579479
0.0587962
0.0596439
0.060491
0.0613375
0.0621833
0.0630286
0.0638732
0.0647173
0.0655607
0.0664036
0.0672459
0.0680877
0.068929
0.0697697
0.0706099
0.0714497
0.072289
0.0731279
0.0739664
0.0748045
0.0756423
0.0764799
0.0773172
0.0781542
0.0789911
0.0798279
0.0806647
0.0815015
0.0823383
0.0831752
0.0840124
0.0848499
0.0856877
0.086526
0.0873649
0.0882045
0.089045
0.0898863
0.0907288
0.0915725
0.0924177
0.0932645
0.0941133
0.0949641
0.0958173
0.0966732
0.0975322
0.0983946
0.0992609
0.100132
0.101007
0.101888
0.102776
0.10367
0.104573
0.105485
0.106408
0.107343
0.108292
0.109258
0.110242
0.111248
0.112281
0.113344
0.114445
0.115589
0.116788
0.118053
0.1194
0.120851
0.122435
0.124194
0.126187
0.128502
0.131276
0.134736
0.139282
0.145683
0.155646
0.173754
0.217209
0.177096
0.199664
0.213895
0.21999
0.222033
0.22327
0.224892
0.226891
0.228918
0.230632
0.231767
0.232143
0.231724
0.23068
0.229362
0.228171
0.227389
0.227105
0.227252
0.227683
0.228238
0.228782
0.229213
0.229474
0.229547
0.229457
0.229255
0.229009
0.228785
0.228629
0.228561
0.228579
0.228662
0.22878
0.228903
0.229005
0.229072
0.229098
0.229089
0.229055
0.22901
0.228968
0.228939
0.228929
0.228938
0.228961
0.228994
0.229029
0.22906
0.229085
0.229101
0.229109
0.229111
0.229109
0.229108
0.229108
0.229112
0.229119
0.22913
0.229143
0.229157
0.229171
0.229184
0.229195
0.229204
0.229212
0.22922
0.229228
0.229235
0.229244
0.229254
0.229264
0.229275
0.229286
0.229297
0.229308
0.229319
0.229329
0.229339
0.229349
0.229359
0.229368
0.229378
0.229388
0.229399
0.229409
0.229419
0.22943
0.22944
0.22945
0.229461
0.229471
0.229483
0.229501
0.229555
0.229822
0.231308
0.239791
0.286139
0.451675
0.587823
0.597543
0.597563
0.597566
0.597569
0.597574
0.59758
0.597586
0.597593
0.597599
0.597605
0.59761
0.597615
0.597619
0.597623
0.597626
0.597629
0.597631
0.597633
0.597634
0.597636
0.597637
0.597637
0.597638
0.597639
0.597639
0.597639
0.59764
0.59764
0.59764
0.597641
0.597641
0.597641
0.597642
0.597642
0.597642
0.597642
0.597643
0.597643
0.597644
0.597644
0.597645
0.597645
0.597646
0.597647
0.597647
0.597648
0.597649
0.59765
0.597652
0.597653
0.597655
0.597656
0.597658
0.59766
0.597662
0.597665
0.597667
0.59767
0.597672
0.597675
0.597678
0.597681
0.597683
0.597686
0.597689
0.597691
0.597693
0.597695
0.597697
0.597698
0.597699
0.5977
0.5977
0.5977
0.5977
0.5977
0.597699
0.597698
0.597697
0.597695
0.597694
0.597693
0.597691
0.59769
0.597689
0.597688
0.597687
0.597686
0.597686
0.597685
0.597685
0.597686
0.597686
0.597687
0.597688
0.597689
0.59769
0.597691
0.597693
0.597694
0.597696
0.597698
0.597699
0.597701
0.597702
0.597704
0.597705
0.597707
0.597708
0.597709
0.59771
0.59771
0.597711
0.597712
0.597712
0.597713
0.597713
0.597713
0.597714
0.597714
0.597715
0.597715
0.597716
0.597717
0.597717
0.597718
0.597719
0.59772
0.597721
0.597722
0.597723
0.597724
0.597726
0.597727
0.597728
0.597731
0.59783
0.602908
1
1
1
1
1
1
1
1
1
1
1
1
1
1
1
1
1
1
1
1
1
1
1
1
1
1
1
1
1
1
1
1
1
1
1
1
1
1
1
1
1
1
1
1
1
1
1
1
1
1
1
1
1
1
1
1
1
1
1
1
1
1
1
1
1
1
1
1
1
1
1
1
1
1
1
1
1
1
1
1
1
1
1
1
1
1
1
1
1
1
1
1
1
1
1
1
1
1
1
1
1
1
1
1
1
1
1
1
1
1
1
1
1
1
1
1
1
1
1
1
1
1
1
1
1
1
1
1
1
1
1
1
1
1
1
1
1
1
1
1
1
1
1
1
1
1
1
1
1
1
1
1
1
1
1
1
1
1
1
1
1
1
1
1
1
1
1
1
1
1
1
1
1
1
1
1
1
1
1
1
1
1
1
1
1
1
1
1
1
1
1
1
1
1
1
1
1
1
1
1
1
1
1
1
1
1
1
1
1
1
1
1
1
1
1
1
1
1
1
1
1
1
1
1
1
1
1
1
1
1
1
1
1
1
1
1
1
1
1
1
1
1
1
1
1
1
1
1
1
1
1
1
1
1
1
1
1
1
1
1
1
1
1
1
1
1
1
1
1
1
1
1
1
1
1
1
1
1
1
1
1
1
1
1
1
1
1
1
1
1
1
1
1
1
1
1
1
1
1
1
1
1
1
1
1
1
1
1
1
1
1
1
1
1
1
1
1
1
1
1
1
1
1
1
1
1
1
1
1
1
1
1
1
1
1
1
1
1
1
1
1
1
1
1
1
1
1
1
1
1
1
1
1
1
1
1
1
1
1
1
1
1
1
1
1
1
1
1
1
1
1
1
1
1
1
1
1
1
1
1
1
1
1
1
1
1
1
1
1
1
1
1
1
1
1
1
1
1
1
1
1
1
1
1
1
1
1
1
1
1
1
1
1
1
1
1
1
1
1
1
1
1
1
1
1
1
1
1
1
1
1
1
1
1
1
1
1
1
1
1
1
1
1
1
1
1
1
1
1
1
1
1
1
1
1
1
1
1
1
1
1
1
1
1
1
1
1
1
1
1
1
1
1
1
1
1
1
1
1
1
1
1
1
1
1
1
1
1
1
1
1
1
1
1
1
1
1
1
1
1
1
1
1
1
1
1
1
1
1
1
1
1
1
1
1
1
1
1
1
1
1
1
1
1
1
1
1
1
1
1
1
1
1
1
1
1
1
1
1
1
1
1
1
1
1
1
1
1
1
1
1
1
1
1
1
1
1
1
1
1
1
1
1
1
1
1
1
1
1
1
1
1
1
1
1
1
1
1
1
1
1
1
1
1
1
1
1
1
1
1
1
1
1
1
1
1
1
1
1
1
1
1
1
)
;

boundaryField
{
    inlet
    {
        type            calculated;
        value           uniform 0;
    }
    outlet
    {
        type            calculated;
        value           uniform 1;
    }
    emptyWalls
    {
        type            empty;
    }
}


// ************************************************************************* //
