/*--------------------------------*- C++ -*----------------------------------*\
  =========                 |
  \\      /  F ield         | OpenFOAM: The Open Source CFD Toolbox
   \\    /   O peration     | Website:  https://openfoam.org
    \\  /    A nd           | Version:  9
     \\/     M anipulation  |
\*---------------------------------------------------------------------------*/
FoamFile
{
    format      ascii;
    class       volScalarField;
    location    "62000";
    object      Sc;
}
// * * * * * * * * * * * * * * * * * * * * * * * * * * * * * * * * * * * * * //

dimensions      [0 0 0 0 0 0 0];

internalField   nonuniform List<scalar> 
1000
(
0.00021615
0.000487642
0.000740815
0.000992674
0.00124438
0.00149593
0.00174725
0.00199829
0.00224904
0.00249949
0.00274962
0.00299944
0.00324894
0.00349812
0.00374699
0.00399554
0.00424378
0.00449171
0.00473932
0.00498663
0.00523363
0.00548032
0.00572671
0.0059728
0.00621859
0.00646408
0.00670928
0.00695418
0.00719879
0.00744312
0.00768715
0.0079309
0.00817437
0.00841756
0.00866047
0.0089031
0.00914546
0.00938754
0.00962936
0.00987091
0.0101122
0.0103532
0.010594
0.0108345
0.0110747
0.0113147
0.0115544
0.0117939
0.0120332
0.0122722
0.0125109
0.0127494
0.0129877
0.0132257
0.0134635
0.0137011
0.0139384
0.0141755
0.0144124
0.0146491
0.0148855
0.0151217
0.0153577
0.0155935
0.0158291
0.0160645
0.0162996
0.0165346
0.0167693
0.0170039
0.0172382
0.0174724
0.0177063
0.0179401
0.0181737
0.0184071
0.0186403
0.0188734
0.0191062
0.0193389
0.0195714
0.0198037
0.0200359
0.0202679
0.0204997
0.0207314
0.0209629
0.0211943
0.0214255
0.0216566
0.0218875
0.0221183
0.0223489
0.0225794
0.0228098
0.0230401
0.0232702
0.0235002
0.02373
0.0239598
0.0241894
0.024419
0.0246484
0.0248777
0.025107
0.0253361
0.0255652
0.0257942
0.0260231
0.026252
0.0264808
0.0267095
0.0269382
0.0271668
0.0273954
0.027624
0.0278526
0.0280811
0.0283097
0.0285383
0.0287669
0.0289955
0.0292243
0.029453
0.0296819
0.0299109
0.03014
0.0303693
0.0305988
0.0308285
0.0310585
0.0312887
0.0315193
0.0317504
0.0319819
0.0322139
0.0324467
0.0326802
0.0329146
0.0331501
0.0333869
0.0336253
0.0338657
0.0341085
0.0343545
0.0346044
0.0348598
0.0351225
0.0353959
0.0356852
0.0360002
0.0363589
0.0367989
0.0374066
0.0384186
0.0406938
0.0494398
0.139589
0.318768
0.326386
0.326401
0.326394
0.326392
0.326392
0.326393
0.326392
0.326392
0.326392
0.326392
0.326392
0.326392
0.326392
0.326392
0.326392
0.326392
0.326392
0.326392
0.326392
0.326392
0.326392
0.326392
0.326392
0.326392
0.326392
0.326391
0.326391
0.326391
0.326391
0.326391
0.326391
0.326391
0.326391
0.326391
0.326391
0.326391
0.326391
0.326391
0.326391
0.326391
0.326391
0.32639
0.32639
0.32639
0.32639
0.32639
0.32639
0.32639
0.32639
0.32639
0.32639
0.32639
0.32639
0.32639
0.32639
0.326389
0.326389
0.326389
0.326389
0.326389
0.326389
0.326389
0.326389
0.326389
0.326389
0.326389
0.326388
0.326388
0.326388
0.326388
0.326388
0.326388
0.326388
0.326388
0.326388
0.326388
0.326388
0.326387
0.326387
0.326387
0.326387
0.326387
0.326387
0.326387
0.326387
0.326387
0.326386
0.326386
0.326386
0.326386
0.326386
0.326386
0.326386
0.326386
0.326386
0.326385
0.326385
0.326385
0.326385
0.326385
0.326385
0.326385
0.326384
0.326384
0.326384
0.326384
0.326384
0.326384
0.326384
0.326383
0.326383
0.326383
0.326383
0.326383
0.326383
0.326382
0.326382
0.326382
0.326382
0.326382
0.326382
0.326381
0.326381
0.326381
0.326381
0.326381
0.32638
0.32638
0.32638
0.32638
0.32638
0.326379
0.326379
0.326379
0.326379
0.326378
0.326369
0.326294
0.325609
0.319854
0.289022
0.239835
0.225581
0.225003
0.225
0.225
0.225
0.225
0.225
0.225
0.225
0.225
0.225
0.225
0.225
0.225
0.225
0.225
0.225
0.225
0.225
0.225
0.225
0.225
0.225
0.225
0.225
0.225
0.225
0.225
0.225
0.225
0.225
0.225
0.225
0.225
0.225
0.225
0.225
0.225
0.225
0.225
0.225
0.225
0.225
0.225
0.225
0.225
0.225
0.225
0.225
0.225
0.225
0.225
0.225
0.225
0.225
0.225
0.225
0.225
0.225
0.225
0.225
0.225
0.225
0.225
0.225
0.225
0.225
0.225
0.225
0.225
0.225
0.225
0.225
0.225
0.225
0.225
0.225
0.225
0.225
0.225
0.225
0.225
0.225
0.225
0.225
0.225
0.225
0.225
0.225
0.225
0.225
0.225
0.225
0.225
0.225
0.225
0.225
0.225
0.225
0.225
0.225
0.225
0.225
0.225
0.225
0.225
0.225
0.225
0.225
0.225
0.225
0.225
0.225
0.225
0.225
0.225
0.225
0.225
0.225
0.225
0.225
0.225
0.225
0.225
0.225
0.225
0.225
0.225
0.225
0.225
0.225
0.225
0.225
0.225
0.225
0.225
0.225
0.225
0.225
0.225
0.225
0.225
0.225
0.225
0.225
0.225
0.225
0.225
0.225
0.225
0.225
0.225
0.225
0.225
0.225
0.225
0.225
0.225
0.225
0.225
0.225
0.225
0.225
0.225
0.225
0.225
0.225
0.225
0.225
0.225
0.225
0.225
0.225
0.225
0.225
0.225
0.225
0.225
0.225
0.225
0.225
0.225
0.225
0.225
0.225
0.225
0.225
0.225
0.225
0.225
0.225
0.225
0.225
0.225
0.225
0.225
0.225
0.225
0.225
0.225
0.225
0.225
0.225
0.225
0.225
0.225
0.225
0.225
0.225
0.225
0.225
0.225
0.225
0.225
0.225
0.225
0.225
0.225
0.225
0.225
0.225
0.225
0.225
0.225
0.225
0.225
0.225
0.225
0.225
0.225
0.225
0.225
0.225
0.225
0.225
0.225
0.225
0.225
0.225
0.225
0.225
0.225
0.225
0.225
0.225
0.225
0.225
0.225
0.225
0.225
0.225
0.225
0.225
0.225
0.225
0.225
0.225
0.225
0.225
0.225
0.225
0.225
0.225
0.225
0.225
0.225
0.225
0.225
0.225
0.225
0.225
0.225
0.225
0.225
0.225
0.225
0.225
0.225
0.225
0.225
0.225
0.225
0.225
0.225
0.225
0.225
0.225
0.225
0.225
0.225
0.225
0.225
0.225
0.225
0.225
0.225
0.225
0.225
0.225
0.225
0.225
0.225
0.225
0.225
0.225
0.225
0.225
0.225
0.225
0.225
0.225
0.225
0.225
0.225
0.225
0.225
0.225
0.225
0.225
0.225
0.225
0.225
0.225
0.225
0.225
0.225
0.225
0.225
0.225
0.225
0.225
0.225
0.225
0.225
0.225
0.225
0.225
0.225
0.225
0.225
0.225
0.225
0.225
0.225
0.225
0.225
0.225
0.225
0.225
0.225
0.225
0.225
0.225
0.225
0.225
0.225
0.225
0.225
0.225
0.225
0.225
0.225
0.225
0.225
0.225
0.225
0.225
0.225
0.225
0.225
0.225
0.225
0.225
0.225
0.225
0.225
0.225
0.225
0.225
0.225
0.225
0.225
0.225
0.225
0.225
0.225
0.225
0.225
0.225
0.225
0.225
0.225
0.225
0.225
0.225
0.225
0.225
0.225
0.225
0.225
0.225
0.225
0.225
0.225
0.225
0.225
0.225
0.225
0.225
0.225
0.225
0.225
0.225
0.225
0.225
0.225
0.225
0.225
0.225
0.225
0.225
0.225
0.225
0.225
0.225
0.225
0.225
0.225
0.225
0.225
0.225
0.225
0.225
0.225
0.225
0.225
0.225
0.225
0.225
0.225
0.225
0.225
0.225
0.225
0.225
0.225
0.225
0.225
0.225
0.225
0.225
0.225
0.225
0.225
0.225
0.225
0.225
0.225
0.225
0.225
0.225
0.225
0.225
0.225
0.225
0.225
0.225
0.225
0.225
0.225
0.225
0.225
0.225
0.225
0.225
0.225
0.225
0.225
0.225
0.225
0.225
0.225
0.225
0.225
0.225
0.225
0.225
0.225
0.225
0.225
0.225
0.225
0.225
0.225
0.225
0.225
0.225
0.225
0.225
0.225
0.225
0.225
0.225
0.225
0.225
0.225
0.225
0.225
0.225
0.225
0.225
0.225
0.225
0.225
0.225
0.225
0.225
0.225
0.225
0.225
0.225
0.225
0.225
0.225
0.225
0.225
0.225
0.225
0.225
0.225
0.225
0.225
0.225
0.225
0.225
0.225
0.225
0.225
0.225
0.225
0.225
0.225
0.225
0.225
0.225
0.225
0.225
0.225
0.225
0.225
0.225
0.225
0.225
0.225
0.225
0.225
0.225
0.225
0.225
0.225
0.225
0.225
0.225
0.225
0.225
0.225
0.225
0.225
0.225
0.225
0.225
0.225
0.225
0.225
0.225
0.225
0.225
0.225
0.225
0.225
0.225
0.225
0.225
0.225
0.225
0.225
0.225
0.225
0.225
0.225
0.225
0.225
0.225
0.225
0.225
0.225
0.225
0.225
0.225
0.225
0.225
0.225
0.225
0.225
0.225
0.225
0.225
0.225
0.225
0.225
0.225
0.225
0.225
0.225
0.225
0.225
0.225
0.225
0.225
0.225
0.225
0.225
0.225
0.225
0.225
0.225
0.225
0.225
0.225
0.225
0.225
0.225
0.225
0.225
0.225
0.225
0.225
0.225
0.225
0.225
0.225
0.225
0.225
0.225
0.225
0.225
0.225
0.225
0.225
0.225
0.225
0.225
0.225
0.225
0.225
0.225
0.225
0.225
0.225
0.225
0.225
0.225
0.225
0.225
0.225
0.225
0.225
0.225
0.225
0.225
0.225
0.225
0.225
0.225
0.225
0.225
0.225
0.225
0.225
0.225
0.225
0.225
0.225
0.225
0.225
0.225
0.225
0.225
0.225
0.225
0.225
0.225
0.225
0.225
0.225
0.225
0.225
0.225
0.225
)
;

boundaryField
{
    inlet
    {
        type            calculated;
        value           uniform 0;
    }
    outlet
    {
        type            calculated;
        value           uniform 0.225;
    }
    emptyWalls
    {
        type            empty;
    }
}


// ************************************************************************* //
