/*--------------------------------*- C++ -*----------------------------------*\
  =========                 |
  \\      /  F ield         | OpenFOAM: The Open Source CFD Toolbox
   \\    /   O peration     | Website:  https://openfoam.org
    \\  /    A nd           | Version:  9
     \\/     M anipulation  |
\*---------------------------------------------------------------------------*/
FoamFile
{
    format      ascii;
    class       surfaceScalarField;
    location    "1";
    object      phia;
}
// * * * * * * * * * * * * * * * * * * * * * * * * * * * * * * * * * * * * * //

dimensions      [0 2 0 0 0 0 0];

internalField   nonuniform List<scalar> 
999
(
0.709379
0.709315
0.709232
0.709134
0.709021
0.708896
0.708759
0.708611
0.708454
0.708289
0.708115
0.707933
0.707745
0.707549
0.707348
0.707141
0.706929
0.706711
0.706489
0.706262
0.706031
0.705796
0.705557
0.705314
0.705067
0.704818
0.704565
0.704309
0.70405
0.703788
0.703523
0.703256
0.702986
0.702714
0.70244
0.702163
0.701884
0.701603
0.701319
0.701034
0.700746
0.700457
0.700165
0.699872
0.699576
0.699279
0.69898
0.698679
0.698376
0.698071
0.697764
0.697456
0.697145
0.696832
0.696517
0.6962
0.69588
0.695558
0.695233
0.694906
0.694576
0.694242
0.693904
0.693563
0.693217
0.692866
0.692509
0.692146
0.691774
0.691394
0.691002
0.690596
0.690174
0.689731
0.689262
0.688758
0.688209
0.687596
0.686896
0.686065
0.685033
0.683667
0.681697
0.678493
0.672375
0.630496
0.604757
0.574616
0.551154
0.546143
0.563573
0.593085
0.618424
0.631635
0.634134
0.630156
0.623103
0.615122
0.607602
0.601566
0.597769
0.596605
0.597959
0.601153
0.605124
0.608773
0.61131
0.612413
0.612182
0.610987
0.6093
0.607576
0.60617
0.6053
0.605032
0.605296
0.605923
0.606698
0.607422
0.607949
0.608213
0.608218
0.608024
0.607722
0.607403
0.607143
0.606988
0.606951
0.607016
0.607149
0.607309
0.607471
0.607708
0.609082
0.620369
0.631314
0.631557
0.631478
0.631428
0.631411
0.631423
0.631452
0.631484
0.63151
0.631526
0.631532
0.631532
0.631529
0.631524
0.63152
0.631515
0.63151
0.631502
0.631491
0.631478
0.631463
0.631447
0.631431
0.631417
0.631404
0.631394
0.631385
0.631378
0.631373
0.631368
0.631364
0.631361
0.631359
0.631356
0.631355
0.631353
0.631351
0.63135
0.631349
0.631347
0.631346
0.631344
0.631343
0.63134
0.631338
0.631336
0.631333
0.631329
0.631326
0.631322
0.631317
0.631312
0.631306
0.6313
0.631294
0.631287
0.63128
0.631272
0.631264
0.631257
0.631249
0.631241
0.631234
0.631226
0.63122
0.631214
0.631208
0.631203
0.631198
0.631194
0.631189
0.63108
0.625363
0.0641448
0
0
0
0
0
0
0
0
0
0
0
0
0
0
0
0
0
0
0
0
0
0
0
0
0
0
0
0
0
0
0
0
0
0
0
0
0
0
0
0
0
0
0
0
0
0
0
0
0
0
0
0
0
0
0
0
0
0
0
0
0
0
0
0
0
0
0
0
0
0
0
0
0
0
0
0
0
0
0
0
0
0
0
0
0
0
0
0
0
0
0
0
0
0
0
0
0
0
0
0
0
0
0
0
0
0
0
0
0
0
0
0
0
0
0
0
0
0
0
0
0
0
0
0
0
0
0
0
0
0
0
0
0
0
0
0
0
0
0
0
0
0
0
0
0
0
0
0
0
0
0
0
0
0
0
0
0
0
0
0
0
0
0
0
0
0
0
0
0
0
0
0
0
0
0
0
0
0
0
0
0
0
0
0
0
0
0
0
0
0
0
0
0
0
0
0
0
0
0
0
0
0
0
0
0
0
0
0
0
0
0
0
0
0
0
0
0
0
0
0
0
0
0
0
0
0
0
0
0
0
0
0
0
0
0
0
0
0
0
0
0
0
0
0
0
0
0
0
0
0
0
0
0
0
0
0
0
0
0
0
0
0
0
0
0
0
0
0
0
0
0
0
0
0
0
0
0
0
0
0
0
0
0
0
0
0
0
0
0
0
0
0
0
0
0
0
0
0
0
0
0
0
0
0
0
0
0
0
0
0
0
0
0
0
0
0
0
0
0
0
0
0
0
0
0
0
0
0
0
0
0
0
0
0
0
0
0
0
0
0
0
0
0
0
0
0
0
0
0
0
0
0
0
0
0
0
0
0
0
0
0
0
0
0
0
0
0
0
0
0
0
0
0
0
0
0
0
0
0
0
0
0
0
0
0
0
0
0
0
0
0
0
0
0
0
0
0
0
0
0
0
0
0
0
0
0
0
0
0
0
0
0
0
0
0
0
0
0
0
0
0
0
0
0
0
0
0
0
0
0
0
0
0
0
0
0
0
0
0
0
0
0
0
0
0
0
0
0
0
0
0
0
0
0
0
0
0
0
0
0
0
0
0
0
0
0
0
0
0
0
0
0
0
0
0
0
0
0
0
0
0
0
0
0
0
0
0
0
0
0
0
0
0
0
0
0
0
0
0
0
0
0
0
0
0
0
0
0
0
0
0
0
0
0
0
0
0
0
0
0
0
0
0
0
0
0
0
0
0
0
0
0
0
0
0
0
0
0
0
0
0
0
0
0
0
0
0
0
0
0
0
0
0
0
0
0
0
0
0
0
0
0
0
0
0
0
0
0
0
0
0
0
0
0
0
0
0
0
0
0
0
0
0
0
0
0
0
0
0
0
0
0
0
0
0
0
0
0
0
0
0
0
0
0
0
0
0
0
0
0
0
0
0
0
0
0
0
0
0
0
0
0
0
0
0
0
0
0
0
0
0
0
0
0
0
0
0
0
0
0
0
0
0
0
0
0
0
0
0
0
0
0
0
0
0
0
0
0
0
0
0
0
0
0
0
0
0
0
0
0
0
0
0
0
0
0
0
0
0
0
0
0
0
0
0
0
0
0
0
0
0
0
0
0
0
0
0
0
0
0
0
0
0
0
0
0
0
0
0
0
0
0
0
0
0
0
0
0
0
0
0
0
0
0
0
0
0
0
0
0
0
0
0
0
0
0
0
0
0
0
0
0
0
0
0
0
0
0
0
0
0
0
0
0
0
0
0
0
0
0
0
0
0
0
0
0
0
0
0
0
0
0
0
0
0
0
0
0
0
0
0
0
0
0
0
0
0
0
0
0
)
;

boundaryField
{
    inlet
    {
        type            calculated;
        value           uniform -0.709421;
    }
    outlet
    {
        type            calculated;
        value           uniform 0;
    }
    emptyWalls
    {
        type            empty;
        value           nonuniform List<scalar> 0();
    }
}


// ************************************************************************* //
