/*--------------------------------*- C++ -*----------------------------------*\
  =========                 |
  \\      /  F ield         | OpenFOAM: The Open Source CFD Toolbox
   \\    /   O peration     | Website:  https://openfoam.org
    \\  /    A nd           | Version:  9
     \\/     M anipulation  |
\*---------------------------------------------------------------------------*/
FoamFile
{
    format      ascii;
    class       volScalarField;
    location    "14.4";
    object      Sb;
}
// * * * * * * * * * * * * * * * * * * * * * * * * * * * * * * * * * * * * * //

dimensions      [0 0 0 0 0 0 0];

internalField   nonuniform List<scalar> 
1000
(
0.499326
0.498912
0.498529
0.498161
0.497802
0.497449
0.497102
0.496758
0.496419
0.496082
0.495749
0.495418
0.49509
0.494763
0.494439
0.494117
0.493797
0.493479
0.493163
0.492849
0.492536
0.492225
0.491915
0.491607
0.491301
0.490996
0.490693
0.490391
0.49009
0.489791
0.489494
0.489197
0.488903
0.488609
0.488317
0.488026
0.487736
0.487448
0.48716
0.486874
0.48659
0.486306
0.486024
0.485743
0.485463
0.485184
0.484906
0.484629
0.484354
0.484079
0.483806
0.483534
0.483263
0.482992
0.482723
0.482455
0.482188
0.481922
0.481657
0.481393
0.48113
0.480868
0.480607
0.480347
0.480088
0.47983
0.479573
0.479316
0.479061
0.478806
0.478553
0.4783
0.478049
0.477798
0.477548
0.477298
0.47705
0.476803
0.476556
0.476311
0.476066
0.475822
0.475578
0.475336
0.475094
0.474854
0.474614
0.474374
0.474136
0.473898
0.473662
0.473426
0.47319
0.472956
0.472722
0.472489
0.472257
0.472025
0.471794
0.471564
0.471335
0.471106
0.470878
0.470651
0.470424
0.470199
0.469973
0.469749
0.469525
0.469302
0.46908
0.468858
0.468637
0.468416
0.468197
0.467978
0.467759
0.467541
0.467324
0.467108
0.466892
0.466676
0.466462
0.466248
0.466034
0.465821
0.465609
0.465398
0.465187
0.464976
0.464766
0.464557
0.464348
0.46414
0.463933
0.463726
0.46352
0.463314
0.463109
0.462904
0.4627
0.462496
0.462293
0.462091
0.461889
0.461688
0.461487
0.461286
0.461087
0.460887
0.460689
0.460491
0.460293
0.460096
0.459899
0.459703
0.459507
0.459312
0.459118
0.458923
0.45873
0.458537
0.458344
0.458152
0.45796
0.457769
0.457578
0.457388
0.457198
0.457009
0.45682
0.456632
0.456444
0.456256
0.456069
0.455883
0.455697
0.455511
0.455326
0.455141
0.454957
0.454773
0.45459
0.454407
0.454224
0.454042
0.45386
0.453679
0.453498
0.453318
0.453138
0.452958
0.452779
0.452601
0.452422
0.452244
0.452067
0.45189
0.451713
0.451537
0.451361
0.451185
0.45101
0.450836
0.450661
0.450487
0.450314
0.450141
0.449968
0.449795
0.449623
0.449452
0.449281
0.44911
0.448939
0.448769
0.448599
0.44843
0.448261
0.448092
0.447924
0.447756
0.447588
0.447421
0.447254
0.447088
0.446921
0.446756
0.44659
0.446425
0.44626
0.446096
0.445932
0.445768
0.445604
0.445441
0.445279
0.445116
0.444954
0.444792
0.444631
0.44447
0.444309
0.444149
0.443988
0.443829
0.443669
0.44351
0.443351
0.443193
0.443034
0.442876
0.442719
0.442562
0.442405
0.442248
0.442092
0.441935
0.44178
0.441624
0.441469
0.441314
0.44116
0.441005
0.440851
0.440698
0.440544
0.440391
0.440239
0.440086
0.439934
0.439782
0.43963
0.439479
0.439328
0.439177
0.439027
0.438876
0.438726
0.438577
0.438427
0.438278
0.438129
0.437981
0.437832
0.437684
0.437537
0.437389
0.437242
0.437095
0.436948
0.436802
0.436655
0.43651
0.436364
0.436218
0.436073
0.435928
0.435784
0.435639
0.435495
0.435351
0.435208
0.435064
0.434921
0.434778
0.434636
0.434493
0.434351
0.434209
0.434068
0.433926
0.433785
0.433644
0.433504
0.433363
0.433223
0.433083
0.432943
0.432804
0.432665
0.432526
0.432387
0.432248
0.43211
0.431972
0.431834
0.431696
0.431559
0.431422
0.431285
0.431148
0.431011
0.430875
0.430739
0.430603
0.430468
0.430332
0.430197
0.430062
0.429927
0.429793
0.429658
0.429524
0.42939
0.429257
0.429123
0.42899
0.428857
0.428724
0.428591
0.428459
0.428327
0.428195
0.428063
0.427931
0.4278
0.427669
0.427538
0.427407
0.427277
0.427146
0.427016
0.426886
0.426756
0.426627
0.426497
0.426368
0.426239
0.42611
0.425982
0.425853
0.425725
0.425597
0.425469
0.425342
0.425214
0.425087
0.42496
0.424833
0.424706
0.42458
0.424453
0.424327
0.424201
0.424075
0.42395
0.423824
0.423699
0.423574
0.423449
0.423325
0.4232
0.423076
0.422952
0.422828
0.422704
0.42258
0.422457
0.422334
0.422211
0.422088
0.421965
0.421842
0.42172
0.421598
0.421476
0.421354
0.421232
0.421111
0.420989
0.420868
0.420747
0.420626
0.420506
0.420385
0.420265
0.420144
0.420024
0.419905
0.419785
0.419665
0.419546
0.419427
0.419308
0.419189
0.41907
0.418951
0.418833
0.418715
0.418597
0.418479
0.418361
0.418243
0.418126
0.418009
0.417891
0.417774
0.417658
0.417541
0.417424
0.417308
0.417192
0.417076
0.41696
0.416844
0.416728
0.416613
0.416497
0.416382
0.416267
0.416152
0.416038
0.415923
0.415808
0.415694
0.41558
0.415466
0.415352
0.415238
0.415125
0.415011
0.414898
0.414785
0.414672
0.414559
0.414446
0.414334
0.414221
0.414109
0.413997
0.413885
0.413773
0.413661
0.41355
0.413438
0.413327
0.413215
0.413104
0.412993
0.412883
0.412772
0.412661
0.412551
0.412441
0.412331
0.412221
0.412111
0.412001
0.411891
0.411782
0.411673
0.411563
0.411454
0.411345
0.411237
0.411128
0.411019
0.410911
0.410803
0.410694
0.410586
0.410478
0.410371
0.410263
0.410155
0.410048
0.409941
0.409833
0.409726
0.409619
0.409513
0.409406
0.409299
0.409193
0.409087
0.40898
0.408874
0.408768
0.408663
0.408557
0.408451
0.408346
0.40824
0.408135
0.40803
0.407925
0.40782
0.407715
0.407611
0.407506
0.407402
0.407297
0.407193
0.407089
0.406985
0.406881
0.406778
0.406674
0.40657
0.406467
0.406364
0.406261
0.406158
0.406055
0.405952
0.405849
0.405746
0.405644
0.405541
0.405439
0.405337
0.405235
0.405133
0.405031
0.404929
0.404828
0.404726
0.404625
0.404524
0.404422
0.404321
0.40422
0.404119
0.404019
0.403918
0.403817
0.403717
0.403616
0.403516
0.403416
0.403316
0.403216
0.403116
0.403017
0.402917
0.402817
0.402718
0.402619
0.402519
0.40242
0.402321
0.402222
0.402123
0.402025
0.401926
0.401828
0.401729
0.401631
0.401533
0.401434
0.401336
0.401238
0.401141
0.401043
0.400945
0.400848
0.40075
0.400653
0.400556
0.400458
0.400361
0.400264
0.400167
0.400071
0.399974
0.399877
0.399781
0.399684
0.399588
0.399492
0.399396
0.3993
0.399204
0.399108
0.399012
0.398917
0.398821
0.398725
0.39863
0.398535
0.39844
0.398344
0.398249
0.398154
0.39806
0.397965
0.39787
0.397776
0.397681
0.397587
0.397492
0.397398
0.397304
0.39721
0.397116
0.397022
0.396928
0.396834
0.396741
0.396647
0.396554
0.39646
0.396367
0.396274
0.396181
0.396088
0.395995
0.395902
0.395809
0.395716
0.395624
0.395531
0.395439
0.395346
0.395254
0.395162
0.39507
0.394978
0.394886
0.394794
0.394702
0.39461
0.394519
0.394427
0.394336
0.394244
0.394153
0.394062
0.393971
0.39388
0.393789
0.393698
0.393607
0.393516
0.393425
0.393335
0.393244
0.393154
0.393064
0.392973
0.392883
0.392793
0.392703
0.392613
0.392523
0.392433
0.392343
0.392254
0.392164
0.392075
0.391985
0.391896
0.391806
0.391717
0.391628
0.391539
0.39145
0.391361
0.391272
0.391183
0.391095
0.391006
0.390917
0.390829
0.390741
0.390652
0.390564
0.390476
0.390388
0.3903
0.390212
0.390124
0.390036
0.389948
0.38986
0.389773
0.389685
0.389598
0.38951
0.389423
0.389336
0.389248
0.389161
0.389074
0.388987
0.3889
0.388813
0.388726
0.38864
0.388553
0.388466
0.38838
0.388293
0.388207
0.388121
0.388034
0.387948
0.387862
0.387776
0.38769
0.387604
0.387518
0.387432
0.387347
0.387261
0.387175
0.38709
0.387004
0.386919
0.386834
0.386748
0.386663
0.386578
0.386493
0.386408
0.386323
0.386238
0.386153
0.386069
0.385984
0.385899
0.385815
0.38573
0.385646
0.385561
0.385477
0.385393
0.385308
0.385224
0.38514
0.385056
0.384972
0.384888
0.384804
0.384721
0.384637
0.384553
0.38447
0.384386
0.384303
0.384219
0.384136
0.384053
0.383969
0.383886
0.383803
0.38372
0.383637
0.383554
0.383471
0.383388
0.383305
0.383223
0.38314
0.383057
0.382975
0.382892
0.38281
0.382728
0.382645
0.382563
0.382481
0.382399
0.382317
0.382234
0.382153
0.382071
0.381989
0.381907
0.381825
0.381743
0.381662
0.38158
0.381499
0.381417
0.381336
0.381254
0.381173
0.381092
0.38101
0.380929
0.380848
0.380767
0.380686
0.380605
0.380524
0.380443
0.380363
0.380282
0.380201
0.38012
0.38004
0.379959
0.379879
0.379798
0.379718
0.379638
0.379557
0.379477
0.379397
0.379317
0.379237
0.379157
0.379077
0.378997
0.378917
0.378837
0.378757
0.378678
0.378598
0.378518
0.378439
0.378359
0.37828
0.3782
0.378121
0.378041
0.377962
0.377883
0.377804
0.377724
0.377645
0.377566
0.377487
0.377408
0.377329
0.37725
0.377172
0.377093
0.377014
0.376935
0.376857
0.376778
0.3767
0.376621
0.376543
0.376464
0.376386
0.376307
0.376229
0.376151
0.376073
0.375994
0.375916
0.375838
0.37576
0.375682
0.375604
0.375526
0.375449
0.375371
0.375293
0.375215
0.375138
0.37506
0.374982
0.374905
0.374827
0.37475
0.374672
0.374595
0.374517
0.37444
0.374363
0.374286
0.374208
0.374131
0.374054
0.373977
0.3739
0.373823
0.373746
0.373669
0.373592
0.373515
0.373438
0.373362
0.373285
0.373208
0.373131
0.373055
0.372978
0.372902
0.372825
0.372749
0.372672
0.372596
0.372519
0.372443
0.372367
0.37229
0.372214
0.372138
0.372062
0.371985
0.371909
0.371833
0.371757
0.371681
0.371605
0.371529
0.371453
0.371377
0.371302
0.371226
0.37115
0.371074
0.370998
0.370923
0.370847
0.370771
0.370696
0.37062
0.370544
0.370469
0.370393
0.370318
0.370242
0.370167
0.370092
0.370016
0.369941
0.369865
0.36979
0.369715
0.36964
0.369564
0.369489
0.369414
0.369339
0.369264
0.369188
0.369113
0.369038
0.368963
0.368888
0.368813
0.368738
0.368663
0.368588
0.368513
0.368438
0.368363
0.368288
0.368213
0.368138
0.368063
0.367988
0.367914
0.367839
0.367764
0.367689
0.367614
0.367539
0.367465
0.36739
0.367315
0.36724
0.367165
)
;

boundaryField
{
    inlet
    {
        type            fixedValue;
        value           uniform 0.5;
    }
    outlet
    {
        type            zeroGradient;
    }
    emptyWalls
    {
        type            empty;
    }
}


// ************************************************************************* //
