/*--------------------------------*- C++ -*----------------------------------*\
  =========                 |
  \\      /  F ield         | OpenFOAM: The Open Source CFD Toolbox
   \\    /   O peration     | Website:  https://openfoam.org
    \\  /    A nd           | Version:  9
     \\/     M anipulation  |
\*---------------------------------------------------------------------------*/
FoamFile
{
    format      ascii;
    class       volScalarField;
    location    "13.4";
    object      AcumCoeff_csw;
}
// * * * * * * * * * * * * * * * * * * * * * * * * * * * * * * * * * * * * * //

dimensions      [0 0 0 0 0 0 0];

internalField   nonuniform List<scalar> 
1000
(
0.149783
0.14965
0.149527
0.149408
0.149293
0.149179
0.149068
0.148958
0.148849
0.148741
0.148634
0.148528
0.148422
0.148318
0.148214
0.148111
0.148008
0.147906
0.147805
0.147705
0.147605
0.147505
0.147406
0.147308
0.14721
0.147112
0.147016
0.146919
0.146823
0.146728
0.146633
0.146539
0.146444
0.146351
0.146258
0.146165
0.146073
0.145981
0.145889
0.145798
0.145708
0.145618
0.145528
0.145438
0.145349
0.145261
0.145172
0.145085
0.144997
0.14491
0.144823
0.144737
0.144651
0.144565
0.144479
0.144394
0.14431
0.144225
0.144141
0.144058
0.143974
0.143891
0.143809
0.143726
0.143644
0.143563
0.143481
0.1434
0.143319
0.143239
0.143158
0.143079
0.142999
0.14292
0.142841
0.142762
0.142683
0.142605
0.142527
0.14245
0.142372
0.142295
0.142219
0.142142
0.142066
0.14199
0.141914
0.141839
0.141763
0.141689
0.141614
0.141539
0.141465
0.141391
0.141318
0.141244
0.141171
0.141098
0.141025
0.140953
0.140881
0.140809
0.140737
0.140666
0.140594
0.140523
0.140452
0.140382
0.140311
0.140241
0.140171
0.140102
0.140032
0.139963
0.139894
0.139825
0.139756
0.139688
0.13962
0.139552
0.139484
0.139416
0.139349
0.139282
0.139215
0.139148
0.139081
0.139015
0.138949
0.138883
0.138817
0.138751
0.138686
0.13862
0.138555
0.138491
0.138426
0.138361
0.138297
0.138233
0.138169
0.138105
0.138042
0.137978
0.137915
0.137852
0.137789
0.137726
0.137664
0.137601
0.137539
0.137477
0.137415
0.137353
0.137292
0.137231
0.137169
0.137108
0.137047
0.136987
0.136926
0.136866
0.136806
0.136745
0.136686
0.136626
0.136566
0.136507
0.136447
0.136388
0.136329
0.13627
0.136212
0.136153
0.136095
0.136036
0.135978
0.13592
0.135863
0.135805
0.135747
0.13569
0.135633
0.135576
0.135519
0.135462
0.135405
0.135348
0.135292
0.135236
0.13518
0.135124
0.135068
0.135012
0.134956
0.134901
0.134845
0.13479
0.134735
0.13468
0.134625
0.134571
0.134516
0.134462
0.134407
0.134353
0.134299
0.134245
0.134191
0.134138
0.134084
0.13403
0.133977
0.133924
0.133871
0.133818
0.133765
0.133712
0.13366
0.133607
0.133555
0.133502
0.13345
0.133398
0.133346
0.133294
0.133243
0.133191
0.133139
0.133088
0.133037
0.132986
0.132935
0.132884
0.132833
0.132782
0.132731
0.132681
0.13263
0.13258
0.13253
0.13248
0.13243
0.13238
0.13233
0.13228
0.132231
0.132181
0.132132
0.132083
0.132034
0.131984
0.131935
0.131887
0.131838
0.131789
0.131741
0.131692
0.131644
0.131595
0.131547
0.131499
0.131451
0.131403
0.131355
0.131308
0.13126
0.131212
0.131165
0.131118
0.13107
0.131023
0.130976
0.130929
0.130882
0.130835
0.130789
0.130742
0.130695
0.130649
0.130603
0.130556
0.13051
0.130464
0.130418
0.130372
0.130326
0.13028
0.130235
0.130189
0.130143
0.130098
0.130053
0.130007
0.129962
0.129917
0.129872
0.129827
0.129782
0.129738
0.129693
0.129648
0.129604
0.129559
0.129515
0.12947
0.129426
0.129382
0.129338
0.129294
0.12925
0.129206
0.129163
0.129119
0.129075
0.129032
0.128988
0.128945
0.128902
0.128858
0.128815
0.128772
0.128729
0.128686
0.128643
0.1286
0.128558
0.128515
0.128472
0.12843
0.128388
0.128345
0.128303
0.128261
0.128218
0.128176
0.128134
0.128092
0.128051
0.128009
0.127967
0.127925
0.127884
0.127842
0.127801
0.127759
0.127718
0.127677
0.127635
0.127594
0.127553
0.127512
0.127471
0.12743
0.12739
0.127349
0.127308
0.127268
0.127227
0.127187
0.127146
0.127106
0.127065
0.127025
0.126985
0.126945
0.126905
0.126865
0.126825
0.126785
0.126745
0.126706
0.126666
0.126626
0.126587
0.126547
0.126508
0.126468
0.126429
0.12639
0.126351
0.126311
0.126272
0.126233
0.126194
0.126155
0.126116
0.126078
0.126039
0.126
0.125962
0.125923
0.125885
0.125846
0.125808
0.125769
0.125731
0.125693
0.125655
0.125616
0.125578
0.12554
0.125502
0.125465
0.125427
0.125389
0.125351
0.125313
0.125276
0.125238
0.125201
0.125163
0.125126
0.125088
0.125051
0.125014
0.124977
0.124939
0.124902
0.124865
0.124828
0.124791
0.124754
0.124717
0.124681
0.124644
0.124607
0.12457
0.124534
0.124497
0.124461
0.124424
0.124388
0.124351
0.124315
0.124279
0.124243
0.124207
0.12417
0.124134
0.124098
0.124062
0.124026
0.12399
0.123955
0.123919
0.123883
0.123847
0.123812
0.123776
0.123741
0.123705
0.12367
0.123634
0.123599
0.123563
0.123528
0.123493
0.123458
0.123423
0.123387
0.123352
0.123317
0.123282
0.123248
0.123213
0.123178
0.123143
0.123108
0.123074
0.123039
0.123004
0.12297
0.122935
0.122901
0.122866
0.122832
0.122797
0.122763
0.122729
0.122695
0.12266
0.122626
0.122592
0.122558
0.122524
0.12249
0.122456
0.122422
0.122388
0.122354
0.122321
0.122287
0.122253
0.12222
0.122186
0.122152
0.122119
0.122085
0.122052
0.122018
0.121985
0.121952
0.121918
0.121885
0.121852
0.121819
0.121785
0.121752
0.121719
0.121686
0.121653
0.12162
0.121587
0.121554
0.121522
0.121489
0.121456
0.121423
0.121391
0.121358
0.121325
0.121293
0.12126
0.121228
0.121195
0.121163
0.12113
0.121098
0.121066
0.121033
0.121001
0.120969
0.120937
0.120904
0.120872
0.12084
0.120808
0.120776
0.120744
0.120712
0.12068
0.120648
0.120617
0.120585
0.120553
0.120521
0.12049
0.120458
0.120426
0.120395
0.120363
0.120332
0.1203
0.120269
0.120237
0.120206
0.120174
0.120143
0.120112
0.12008
0.120049
0.120018
0.119987
0.119956
0.119925
0.119894
0.119862
0.119831
0.119801
0.11977
0.119739
0.119708
0.119677
0.119646
0.119615
0.119585
0.119554
0.119523
0.119492
0.119462
0.119431
0.119401
0.11937
0.11934
0.119309
0.119279
0.119248
0.119218
0.119188
0.119157
0.119127
0.119097
0.119066
0.119036
0.119006
0.118976
0.118946
0.118916
0.118886
0.118856
0.118826
0.118796
0.118766
0.118736
0.118706
0.118676
0.118646
0.118617
0.118587
0.118557
0.118527
0.118498
0.118468
0.118438
0.118409
0.118379
0.11835
0.11832
0.118291
0.118261
0.118232
0.118202
0.118173
0.118144
0.118114
0.118085
0.118056
0.118027
0.117997
0.117968
0.117939
0.11791
0.117881
0.117852
0.117823
0.117794
0.117765
0.117736
0.117707
0.117678
0.117649
0.11762
0.117591
0.117562
0.117534
0.117505
0.117476
0.117447
0.117419
0.11739
0.117361
0.117333
0.117304
0.117276
0.117247
0.117219
0.11719
0.117162
0.117133
0.117105
0.117076
0.117048
0.11702
0.116991
0.116963
0.116935
0.116907
0.116878
0.11685
0.116822
0.116794
0.116766
0.116738
0.11671
0.116682
0.116654
0.116626
0.116598
0.11657
0.116542
0.116514
0.116486
0.116458
0.11643
0.116403
0.116375
0.116347
0.116319
0.116291
0.116264
0.116236
0.116208
0.116181
0.116153
0.116126
0.116098
0.116071
0.116043
0.116016
0.115988
0.115961
0.115933
0.115906
0.115878
0.115851
0.115824
0.115796
0.115769
0.115742
0.115715
0.115687
0.11566
0.115633
0.115606
0.115579
0.115552
0.115524
0.115497
0.11547
0.115443
0.115416
0.115389
0.115362
0.115335
0.115308
0.115281
0.115255
0.115228
0.115201
0.115174
0.115147
0.11512
0.115094
0.115067
0.11504
0.115013
0.114987
0.11496
0.114933
0.114907
0.11488
0.114854
0.114827
0.114801
0.114774
0.114747
0.114721
0.114694
0.114668
0.114642
0.114615
0.114589
0.114562
0.114536
0.11451
0.114483
0.114457
0.114431
0.114405
0.114378
0.114352
0.114326
0.1143
0.114273
0.114247
0.114221
0.114195
0.114169
0.114143
0.114117
0.114091
0.114065
0.114039
0.114013
0.113987
0.113961
0.113935
0.113909
0.113883
0.113857
0.113831
0.113805
0.11378
0.113754
0.113728
0.113702
0.113676
0.113651
0.113625
0.113599
0.113574
0.113548
0.113522
0.113497
0.113471
0.113445
0.11342
0.113394
0.113369
0.113343
0.113318
0.113292
0.113266
0.113241
0.113216
0.11319
0.113165
0.113139
0.113114
0.113088
0.113063
0.113038
0.113012
0.112987
0.112962
0.112936
0.112911
0.112886
0.112861
0.112835
0.11281
0.112785
0.11276
0.112735
0.112709
0.112684
0.112659
0.112634
0.112609
0.112584
0.112559
0.112534
0.112509
0.112484
0.112459
0.112434
0.112409
0.112384
0.112359
0.112334
0.112309
0.112284
0.112259
0.112234
0.112209
0.112184
0.11216
0.112135
0.11211
0.112085
0.11206
0.112035
0.112011
0.111986
0.111961
0.111936
0.111912
0.111887
0.111862
0.111838
0.111813
0.111788
0.111764
0.111739
0.111714
0.11169
0.111665
0.111641
0.111616
0.111591
0.111567
0.111542
0.111518
0.111493
0.111469
0.111444
0.11142
0.111395
0.111371
0.111346
0.111322
0.111297
0.111273
0.111249
0.111224
0.1112
0.111175
0.111151
0.111127
0.111102
0.111078
0.111054
0.111029
0.111005
0.110981
0.110956
0.110932
0.110908
0.110883
0.110859
0.110835
0.11081
0.110786
0.110762
0.110738
0.110713
0.110689
0.110665
0.110641
0.110617
0.110592
0.110568
0.110544
0.11052
0.110496
0.110471
0.110447
0.110423
0.110399
0.110375
0.11035
0.110326
0.110302
0.110278
0.110254
0.11023
0.110205
0.110181
0.110157
0.110133
0.110109
0.110085
0.110061
0.110036
0.110012
0.109988
0.109964
0.10994
0.109916
0.109891
0.109867
0.109843
0.109819
0.109795
0.10977
0.109746
0.109722
0.109698
0.109674
0.109649
0.109625
0.109601
0.109577
0.109552
0.109528
0.109504
0.109479
0.109455
0.109431
0.109406
0.109382
0.109358
0.109333
0.109309
0.109284
0.10926
0.109235
0.109211
0.109186
0.109162
0.109137
0.109112
0.109088
0.109063
0.109038
0.109013
0.108988
0.108964
0.108939
0.108914
0.108889
0.108864
0.108838
0.108813
0.108788
0.108763
0.108737
0.108712
0.108686
0.108661
0.108635
0.108609
0.108583
0.108557
0.108531
0.108505
0.108479
0.108452
0.108426
)
;

boundaryField
{
    inlet
    {
        type            calculated;
        value           uniform 0.15;
    }
    outlet
    {
        type            calculated;
        value           uniform 0.108426;
    }
    emptyWalls
    {
        type            empty;
    }
}


// ************************************************************************* //
