/*--------------------------------*- C++ -*----------------------------------*\
  =========                 |
  \\      /  F ield         | OpenFOAM: The Open Source CFD Toolbox
   \\    /   O peration     | Website:  https://openfoam.org
    \\  /    A nd           | Version:  9
     \\/     M anipulation  |
\*---------------------------------------------------------------------------*/
FoamFile
{
    format      ascii;
    class       surfaceScalarField;
    location    "17.9";
    object      phib;
}
// * * * * * * * * * * * * * * * * * * * * * * * * * * * * * * * * * * * * * //

dimensions      [0 2 0 0 0 0 0];

internalField   nonuniform List<scalar> 
999
(
0.290579
0.290578
0.290578
0.290577
0.290576
0.290575
0.290574
0.290572
0.290571
0.290569
0.290568
0.290566
0.290564
0.290562
0.29056
0.290557
0.290555
0.290552
0.29055
0.290547
0.290544
0.290541
0.290537
0.290534
0.290531
0.290527
0.290524
0.29052
0.290516
0.290512
0.290508
0.290504
0.290499
0.290495
0.29049
0.290486
0.290481
0.290476
0.290471
0.290466
0.290461
0.290456
0.29045
0.290445
0.290439
0.290434
0.290428
0.290422
0.290416
0.29041
0.290404
0.290398
0.290391
0.290385
0.290378
0.290372
0.290365
0.290358
0.290351
0.290344
0.290337
0.29033
0.290323
0.290315
0.290308
0.2903
0.290293
0.290285
0.290277
0.290269
0.290261
0.290253
0.290245
0.290237
0.290228
0.29022
0.290212
0.290203
0.290194
0.290186
0.290177
0.290168
0.290159
0.29015
0.290141
0.290132
0.290122
0.290113
0.290104
0.290094
0.290085
0.290075
0.290065
0.290055
0.290045
0.290035
0.290025
0.290015
0.290005
0.289995
0.289985
0.289974
0.289964
0.289953
0.289943
0.289932
0.289921
0.28991
0.289899
0.289888
0.289877
0.289866
0.289855
0.289844
0.289833
0.289821
0.28981
0.289798
0.289787
0.289775
0.289763
0.289752
0.28974
0.289728
0.289716
0.289704
0.289692
0.28968
0.289667
0.289655
0.289643
0.28963
0.289618
0.289605
0.289593
0.28958
0.289568
0.289555
0.289542
0.289529
0.289516
0.289503
0.28949
0.289477
0.289464
0.28945
0.289437
0.289424
0.28941
0.289397
0.289383
0.28937
0.289356
0.289342
0.289329
0.289315
0.289301
0.289287
0.289273
0.289259
0.289245
0.289231
0.289217
0.289202
0.289188
0.289174
0.289159
0.289145
0.28913
0.289116
0.289101
0.289087
0.289072
0.289057
0.289042
0.289027
0.289012
0.288997
0.288982
0.288967
0.288952
0.288937
0.288922
0.288907
0.288891
0.288876
0.28886
0.288845
0.288829
0.288814
0.288798
0.288783
0.288767
0.288751
0.288735
0.288719
0.288703
0.288687
0.288671
0.288655
0.288639
0.288623
0.288607
0.288591
0.288575
0.288558
0.288542
0.288525
0.288509
0.288492
0.288476
0.288459
0.288443
0.288426
0.288409
0.288392
0.288376
0.288359
0.288342
0.288325
0.288308
0.288291
0.288274
0.288257
0.28824
0.288222
0.288205
0.288188
0.28817
0.288153
0.288136
0.288118
0.288101
0.288083
0.288066
0.288048
0.28803
0.288013
0.287995
0.287977
0.287959
0.287941
0.287924
0.287906
0.287888
0.28787
0.287852
0.287833
0.287815
0.287797
0.287779
0.287761
0.287742
0.287724
0.287706
0.287687
0.287669
0.28765
0.287632
0.287613
0.287595
0.287576
0.287557
0.287539
0.28752
0.287501
0.287482
0.287463
0.287444
0.287425
0.287406
0.287387
0.287368
0.287349
0.28733
0.287311
0.287292
0.287273
0.287253
0.287234
0.287215
0.287195
0.287176
0.287157
0.287137
0.287118
0.287098
0.287078
0.287059
0.287039
0.287019
0.287
0.28698
0.28696
0.28694
0.286921
0.286901
0.286881
0.286861
0.286841
0.286821
0.286801
0.286781
0.286761
0.28674
0.28672
0.2867
0.28668
0.286659
0.286639
0.286619
0.286598
0.286578
0.286557
0.286537
0.286516
0.286496
0.286475
0.286455
0.286434
0.286413
0.286393
0.286372
0.286351
0.28633
0.28631
0.286289
0.286268
0.286247
0.286226
0.286205
0.286184
0.286163
0.286142
0.286121
0.2861
0.286078
0.286057
0.286036
0.286015
0.285993
0.285972
0.285951
0.285929
0.285908
0.285887
0.285865
0.285844
0.285822
0.2858
0.285779
0.285757
0.285736
0.285714
0.285692
0.285671
0.285649
0.285627
0.285605
0.285583
0.285561
0.28554
0.285518
0.285496
0.285474
0.285452
0.28543
0.285407
0.285385
0.285363
0.285341
0.285319
0.285297
0.285274
0.285252
0.28523
0.285208
0.285185
0.285163
0.28514
0.285118
0.285096
0.285073
0.285051
0.285028
0.285005
0.284983
0.28496
0.284938
0.284915
0.284892
0.284869
0.284847
0.284824
0.284801
0.284778
0.284755
0.284732
0.28471
0.284687
0.284664
0.284641
0.284618
0.284595
0.284572
0.284548
0.284525
0.284502
0.284479
0.284456
0.284433
0.284409
0.284386
0.284363
0.284339
0.284316
0.284293
0.284269
0.284246
0.284222
0.284199
0.284175
0.284152
0.284128
0.284105
0.284081
0.284057
0.284034
0.28401
0.283986
0.283963
0.283939
0.283915
0.283891
0.283868
0.283844
0.28382
0.283796
0.283772
0.283748
0.283724
0.2837
0.283676
0.283652
0.283628
0.283604
0.28358
0.283556
0.283531
0.283507
0.283483
0.283459
0.283435
0.28341
0.283386
0.283362
0.283337
0.283313
0.283289
0.283264
0.28324
0.283215
0.283191
0.283166
0.283142
0.283117
0.283093
0.283068
0.283043
0.283019
0.282994
0.282969
0.282945
0.28292
0.282895
0.28287
0.282846
0.282821
0.282796
0.282771
0.282746
0.282721
0.282696
0.282671
0.282646
0.282621
0.282596
0.282571
0.282546
0.282521
0.282496
0.282471
0.282446
0.28242
0.282395
0.28237
0.282345
0.282319
0.282294
0.282269
0.282244
0.282218
0.282193
0.282167
0.282142
0.282117
0.282091
0.282066
0.28204
0.282015
0.281989
0.281963
0.281938
0.281912
0.281887
0.281861
0.281835
0.28181
0.281784
0.281758
0.281732
0.281707
0.281681
0.281655
0.281629
0.281603
0.281577
0.281551
0.281525
0.2815
0.281474
0.281448
0.281422
0.281396
0.281369
0.281343
0.281317
0.281291
0.281265
0.281239
0.281213
0.281187
0.28116
0.281134
0.281108
0.281082
0.281055
0.281029
0.281003
0.280976
0.28095
0.280924
0.280897
0.280871
0.280844
0.280818
0.280791
0.280765
0.280738
0.280712
0.280685
0.280658
0.280632
0.280605
0.280579
0.280552
0.280525
0.280499
0.280472
0.280445
0.280418
0.280391
0.280365
0.280338
0.280311
0.280284
0.280257
0.28023
0.280203
0.280176
0.28015
0.280123
0.280096
0.280069
0.280041
0.280014
0.279987
0.27996
0.279933
0.279906
0.279879
0.279852
0.279824
0.279797
0.27977
0.279743
0.279716
0.279688
0.279661
0.279634
0.279606
0.279579
0.279552
0.279524
0.279497
0.279469
0.279442
0.279414
0.279387
0.279359
0.279332
0.279304
0.279277
0.279249
0.279222
0.279194
0.279166
0.279139
0.279111
0.279083
0.279056
0.279028
0.279
0.278972
0.278945
0.278917
0.278889
0.278861
0.278833
0.278805
0.278777
0.27875
0.278722
0.278694
0.278666
0.278638
0.27861
0.278582
0.278554
0.278526
0.278498
0.278469
0.278441
0.278413
0.278385
0.278357
0.278329
0.278301
0.278272
0.278244
0.278216
0.278188
0.278159
0.278131
0.278103
0.278074
0.278046
0.278018
0.277989
0.277961
0.277932
0.277904
0.277875
0.277847
0.277818
0.27779
0.277761
0.277733
0.277704
0.277676
0.277647
0.277618
0.27759
0.277561
0.277533
0.277504
0.277475
0.277446
0.277418
0.277389
0.27736
0.277331
0.277303
0.277274
0.277245
0.277216
0.277187
0.277158
0.277129
0.2771
0.277071
0.277042
0.277013
0.276984
0.276955
0.276926
0.276897
0.276868
0.276839
0.27681
0.276781
0.276752
0.276723
0.276694
0.276664
0.276635
0.276606
0.276577
0.276548
0.276518
0.276489
0.27646
0.27643
0.276401
0.276372
0.276342
0.276313
0.276284
0.276254
0.276225
0.276195
0.276166
0.276136
0.276107
0.276077
0.276048
0.276018
0.275989
0.275959
0.275929
0.2759
0.27587
0.275841
0.275811
0.275781
0.275751
0.275722
0.275692
0.275662
0.275633
0.275603
0.275573
0.275543
0.275513
0.275483
0.275454
0.275424
0.275394
0.275364
0.275334
0.275304
0.275274
0.275244
0.275214
0.275184
0.275154
0.275124
0.275094
0.275064
0.275034
0.275004
0.274974
0.274943
0.274913
0.274883
0.274853
0.274823
0.274793
0.274762
0.274732
0.274702
0.274672
0.274641
0.274611
0.274581
0.27455
0.27452
0.274489
0.274459
0.274429
0.274398
0.274368
0.274337
0.274307
0.274276
0.274246
0.274215
0.274185
0.274154
0.274124
0.274093
0.274063
0.274032
0.274001
0.273971
0.27394
0.273909
0.273879
0.273848
0.273817
0.273786
0.273756
0.273725
0.273694
0.273663
0.273632
0.273602
0.273571
0.27354
0.273509
0.273478
0.273447
0.273416
0.273385
0.273354
0.273323
0.273292
0.273261
0.27323
0.273199
0.273168
0.273137
0.273106
0.273075
0.273044
0.273013
0.272982
0.27295
0.272919
0.272888
0.272857
0.272826
0.272794
0.272763
0.272732
0.272701
0.272669
0.272638
0.272607
0.272575
0.272544
0.272513
0.272481
0.27245
0.272418
0.272387
0.272355
0.272324
0.272292
0.272261
0.272229
0.272198
0.272166
0.272135
0.272103
0.272072
0.27204
0.272008
0.271977
0.271945
0.271913
0.271882
0.27185
0.271818
0.271786
0.271755
0.271723
0.271691
0.271659
0.271628
0.271596
0.271564
0.271532
0.2715
0.271468
0.271436
0.271404
0.271373
0.271341
0.271309
0.271277
0.271245
0.271213
0.271181
0.271149
0.271116
0.271084
0.271052
0.27102
0.270988
0.270956
0.270924
0.270892
0.270859
0.270827
0.270795
0.270763
0.270731
0.270698
0.270666
0.270634
0.270602
0.270569
0.270537
0.270505
0.270472
0.27044
0.270407
0.270375
0.270343
0.27031
0.270278
0.270245
0.270213
0.27018
0.270148
0.270115
0.270083
0.27005
0.270018
0.269985
0.269952
0.26992
0.269887
0.269854
0.269822
0.269789
0.269756
0.269724
0.269691
0.269658
0.269625
0.269593
0.26956
0.269527
0.269494
0.269461
0.269429
0.269396
0.269363
0.26933
0.269297
0.269264
0.269231
0.269198
0.269165
0.269132
0.269099
0.269066
0.269033
0.269
0.268967
0.268934
0.268901
0.268868
0.268835
0.268802
0.268769
0.268735
0.268702
0.268669
0.268636
0.268603
0.268569
0.268536
0.268503
0.26847
0.268436
0.268403
0.26837
0.268336
0.268303
0.26827
0.268236
0.268203
0.268169
0.268136
0.268102
0.268069
0.268036
0.268002
0.267969
0.267935
0.267901
0.267868
0.267834
0.267801
0.267767
0.267734
0.2677
0.267666
0.267633
0.267599
0.267565
0.267532
0.267498
0.267464
0.26743
0.267397
)
;

boundaryField
{
    inlet
    {
        type            calculated;
        value           uniform -0.290579;
    }
    outlet
    {
        type            calculated;
        value           uniform 0.267363;
    }
    emptyWalls
    {
        type            empty;
        value           nonuniform List<scalar> 0();
    }
}


// ************************************************************************* //
