/*--------------------------------*- C++ -*----------------------------------*\
  =========                 |
  \\      /  F ield         | OpenFOAM: The Open Source CFD Toolbox
   \\    /   O peration     | Website:  https://openfoam.org
    \\  /    A nd           | Version:  9
     \\/     M anipulation  |
\*---------------------------------------------------------------------------*/
FoamFile
{
    format      ascii;
    class       volScalarField;
    location    "14.9";
    object      kra;
}
// * * * * * * * * * * * * * * * * * * * * * * * * * * * * * * * * * * * * * //

dimensions      [0 0 0 0 0 0 0];

internalField   nonuniform List<scalar> 
1000
(
0.0147447
0.0147152
0.0146879
0.0146617
0.0146361
0.0146111
0.0145864
0.0145621
0.014538
0.0145142
0.0144906
0.0144672
0.0144441
0.0144211
0.0143983
0.0143756
0.0143531
0.0143308
0.0143086
0.0142865
0.0142646
0.0142429
0.0142212
0.0141997
0.0141784
0.0141571
0.014136
0.014115
0.0140941
0.0140734
0.0140527
0.0140322
0.0140118
0.0139915
0.0139713
0.0139512
0.0139312
0.0139113
0.0138915
0.0138718
0.0138523
0.0138328
0.0138134
0.0137941
0.013775
0.0137559
0.0137369
0.013718
0.0136992
0.0136805
0.0136618
0.0136433
0.0136249
0.0136065
0.0135882
0.01357
0.0135519
0.0135339
0.013516
0.0134981
0.0134804
0.0134627
0.0134451
0.0134276
0.0134101
0.0133928
0.0133755
0.0133583
0.0133411
0.0133241
0.0133071
0.0132902
0.0132733
0.0132566
0.0132399
0.0132233
0.0132067
0.0131902
0.0131738
0.0131575
0.0131412
0.013125
0.0131089
0.0130928
0.0130769
0.0130609
0.0130451
0.0130293
0.0130135
0.0129979
0.0129823
0.0129667
0.0129512
0.0129358
0.0129205
0.0129052
0.0128899
0.0128748
0.0128597
0.0128446
0.0128296
0.0128147
0.0127998
0.012785
0.0127702
0.0127555
0.0127409
0.0127263
0.0127118
0.0126973
0.0126829
0.0126685
0.0126542
0.0126399
0.0126257
0.0126115
0.0125974
0.0125834
0.0125694
0.0125555
0.0125416
0.0125277
0.0125139
0.0125002
0.0124865
0.0124728
0.0124593
0.0124457
0.0124322
0.0124188
0.0124054
0.012392
0.0123787
0.0123654
0.0123522
0.0123391
0.012326
0.0123129
0.0122999
0.0122869
0.0122739
0.012261
0.0122482
0.0122354
0.0122226
0.0122099
0.0121972
0.0121846
0.012172
0.0121595
0.012147
0.0121345
0.0121221
0.0121097
0.0120974
0.0120851
0.0120728
0.0120606
0.0120484
0.0120363
0.0120242
0.0120122
0.0120001
0.0119882
0.0119762
0.0119643
0.0119525
0.0119406
0.0119288
0.0119171
0.0119054
0.0118937
0.0118821
0.0118705
0.0118589
0.0118474
0.0118359
0.0118244
0.011813
0.0118016
0.0117903
0.011779
0.0117677
0.0117564
0.0117452
0.0117341
0.0117229
0.0117118
0.0117007
0.0116897
0.0116787
0.0116677
0.0116568
0.0116459
0.011635
0.0116242
0.0116133
0.0116026
0.0115918
0.0115811
0.0115704
0.0115598
0.0115491
0.0115386
0.011528
0.0115175
0.011507
0.0114965
0.0114861
0.0114757
0.0114653
0.0114549
0.0114446
0.0114343
0.0114241
0.0114139
0.0114037
0.0113935
0.0113833
0.0113732
0.0113631
0.0113531
0.0113431
0.0113331
0.0113231
0.0113131
0.0113032
0.0112933
0.0112835
0.0112736
0.0112638
0.011254
0.0112443
0.0112346
0.0112248
0.0112152
0.0112055
0.0111959
0.0111863
0.0111767
0.0111672
0.0111577
0.0111482
0.0111387
0.0111293
0.0111198
0.0111104
0.0111011
0.0110917
0.0110824
0.0110731
0.0110638
0.0110546
0.0110454
0.0110362
0.011027
0.0110178
0.0110087
0.0109996
0.0109905
0.0109815
0.0109724
0.0109634
0.0109544
0.0109455
0.0109365
0.0109276
0.0109187
0.0109098
0.010901
0.0108922
0.0108834
0.0108746
0.0108658
0.0108571
0.0108483
0.0108396
0.010831
0.0108223
0.0108137
0.0108051
0.0107965
0.0107879
0.0107794
0.0107708
0.0107623
0.0107538
0.0107454
0.0107369
0.0107285
0.0107201
0.0107117
0.0107034
0.010695
0.0106867
0.0106784
0.0106701
0.0106618
0.0106536
0.0106454
0.0106372
0.010629
0.0106208
0.0106127
0.0106045
0.0105964
0.0105883
0.0105803
0.0105722
0.0105642
0.0105562
0.0105482
0.0105402
0.0105322
0.0105243
0.0105164
0.0105085
0.0105006
0.0104927
0.0104849
0.010477
0.0104692
0.0104614
0.0104536
0.0104459
0.0104381
0.0104304
0.0104227
0.010415
0.0104073
0.0103997
0.010392
0.0103844
0.0103768
0.0103692
0.0103616
0.0103541
0.0103465
0.010339
0.0103315
0.010324
0.0103166
0.0103091
0.0103017
0.0102942
0.0102868
0.0102794
0.0102721
0.0102647
0.0102574
0.01025
0.0102427
0.0102354
0.0102281
0.0102209
0.0102136
0.0102064
0.0101992
0.010192
0.0101848
0.0101776
0.0101705
0.0101633
0.0101562
0.0101491
0.010142
0.0101349
0.0101278
0.0101208
0.0101138
0.0101067
0.0100997
0.0100927
0.0100858
0.0100788
0.0100718
0.0100649
0.010058
0.0100511
0.0100442
0.0100373
0.0100304
0.0100236
0.0100168
0.0100099
0.0100031
0.00999633
0.00998955
0.00998278
0.00997602
0.00996929
0.00996256
0.00995585
0.00994915
0.00994246
0.00993579
0.00992913
0.00992248
0.00991585
0.00990923
0.00990263
0.00989603
0.00988945
0.00988289
0.00987633
0.00986979
0.00986326
0.00985675
0.00985025
0.00984376
0.00983728
0.00983081
0.00982436
0.00981792
0.0098115
0.00980508
0.00979868
0.00979229
0.00978591
0.00977955
0.00977319
0.00976685
0.00976053
0.00975421
0.0097479
0.00974161
0.00973533
0.00972906
0.00972281
0.00971656
0.00971033
0.00970411
0.0096979
0.0096917
0.00968552
0.00967934
0.00967318
0.00966703
0.00966089
0.00965476
0.00964865
0.00964254
0.00963645
0.00963037
0.00962429
0.00961823
0.00961219
0.00960615
0.00960012
0.00959411
0.0095881
0.00958211
0.00957613
0.00957015
0.00956419
0.00955824
0.00955231
0.00954638
0.00954046
0.00953455
0.00952866
0.00952277
0.0095169
0.00951103
0.00950518
0.00949934
0.00949351
0.00948768
0.00948187
0.00947607
0.00947028
0.0094645
0.00945873
0.00945297
0.00944722
0.00944148
0.00943575
0.00943003
0.00942432
0.00941862
0.00941293
0.00940725
0.00940159
0.00939593
0.00939028
0.00938464
0.00937901
0.00937339
0.00936778
0.00936218
0.00935659
0.00935101
0.00934543
0.00933987
0.00933432
0.00932878
0.00932324
0.00931772
0.00931221
0.0093067
0.00930121
0.00929572
0.00929024
0.00928478
0.00927932
0.00927387
0.00926843
0.009263
0.00925758
0.00925217
0.00924676
0.00924137
0.00923599
0.00923061
0.00922524
0.00921989
0.00921454
0.0092092
0.00920387
0.00919855
0.00919323
0.00918793
0.00918263
0.00917735
0.00917207
0.0091668
0.00916154
0.00915629
0.00915104
0.00914581
0.00914058
0.00913536
0.00913015
0.00912495
0.00911976
0.00911458
0.0091094
0.00910424
0.00909908
0.00909393
0.00908879
0.00908365
0.00907853
0.00907341
0.0090683
0.0090632
0.00905811
0.00905303
0.00904795
0.00904288
0.00903782
0.00903277
0.00902773
0.00902269
0.00901766
0.00901264
0.00900763
0.00900263
0.00899763
0.00899265
0.00898767
0.00898269
0.00897773
0.00897277
0.00896782
0.00896288
0.00895795
0.00895302
0.0089481
0.00894319
0.00893829
0.0089334
0.00892851
0.00892363
0.00891876
0.00891389
0.00890903
0.00890418
0.00889934
0.00889451
0.00888968
0.00888486
0.00888005
0.00887524
0.00887044
0.00886565
0.00886087
0.00885609
0.00885132
0.00884656
0.00884181
0.00883706
0.00883232
0.00882759
0.00882286
0.00881814
0.00881343
0.00880873
0.00880403
0.00879934
0.00879466
0.00878998
0.00878531
0.00878065
0.00877599
0.00877135
0.0087667
0.00876207
0.00875744
0.00875282
0.00874821
0.0087436
0.008739
0.0087344
0.00872982
0.00872524
0.00872066
0.0087161
0.00871154
0.00870698
0.00870244
0.0086979
0.00869336
0.00868884
0.00868432
0.0086798
0.00867529
0.00867079
0.0086663
0.00866181
0.00865733
0.00865286
0.00864839
0.00864393
0.00863947
0.00863502
0.00863058
0.00862614
0.00862171
0.00861729
0.00861287
0.00860846
0.00860406
0.00859966
0.00859526
0.00859088
0.0085865
0.00858212
0.00857776
0.0085734
0.00856904
0.00856469
0.00856035
0.00855601
0.00855168
0.00854736
0.00854304
0.00853872
0.00853442
0.00853012
0.00852582
0.00852153
0.00851725
0.00851297
0.0085087
0.00850444
0.00850018
0.00849593
0.00849168
0.00848744
0.0084832
0.00847897
0.00847475
0.00847053
0.00846632
0.00846211
0.00845791
0.00845372
0.00844953
0.00844534
0.00844116
0.00843699
0.00843282
0.00842866
0.00842451
0.00842036
0.00841621
0.00841208
0.00840794
0.00840382
0.00839969
0.00839558
0.00839147
0.00838736
0.00838326
0.00837917
0.00837508
0.00837099
0.00836692
0.00836284
0.00835878
0.00835471
0.00835066
0.00834661
0.00834256
0.00833852
0.00833449
0.00833046
0.00832643
0.00832241
0.0083184
0.00831439
0.00831039
0.00830639
0.0083024
0.00829841
0.00829443
0.00829045
0.00828648
0.00828251
0.00827855
0.00827459
0.00827064
0.00826669
0.00826275
0.00825882
0.00825488
0.00825096
0.00824704
0.00824312
0.00823921
0.0082353
0.0082314
0.00822751
0.00822362
0.00821973
0.00821585
0.00821197
0.0082081
0.00820424
0.00820038
0.00819652
0.00819267
0.00818882
0.00818498
0.00818114
0.00817731
0.00817348
0.00816966
0.00816584
0.00816203
0.00815822
0.00815442
0.00815062
0.00814683
0.00814304
0.00813925
0.00813547
0.0081317
0.00812793
0.00812416
0.0081204
0.00811665
0.00811289
0.00810915
0.0081054
0.00810167
0.00809793
0.00809421
0.00809048
0.00808676
0.00808305
0.00807934
0.00807563
0.00807193
0.00806823
0.00806454
0.00806085
0.00805717
0.00805349
0.00804982
0.00804615
0.00804248
0.00803882
0.00803517
0.00803151
0.00802787
0.00802422
0.00802058
0.00801695
0.00801332
0.00800969
0.00800607
0.00800245
0.00799884
0.00799523
0.00799163
0.00798803
0.00798443
0.00798084
0.00797725
0.00797367
0.00797009
0.00796652
0.00796295
0.00795938
0.00795582
0.00795226
0.00794871
0.00794516
0.00794161
0.00793807
0.00793454
0.007931
0.00792748
0.00792395
0.00792043
0.00791691
0.0079134
0.00790989
0.00790639
0.00790289
0.00789939
0.0078959
0.00789242
0.00788893
0.00788545
0.00788198
0.0078785
0.00787504
0.00787157
0.00786811
0.00786466
0.0078612
0.00785776
0.00785431
0.00785087
0.00784744
0.007844
0.00784057
0.00783715
0.00783373
0.00783031
0.0078269
0.00782349
0.00782008
0.00781668
0.00781329
0.00780989
0.0078065
0.00780311
0.00779973
0.00779635
0.00779298
0.00778961
0.00778624
0.00778288
0.00777952
0.00777616
0.00777281
0.00776946
0.00776611
0.00776277
0.00775943
0.0077561
0.00775277
0.00774944
0.00774612
0.0077428
0.00773948
0.00773617
0.00773286
0.00772956
0.00772625
0.00772296
0.00771966
0.00771637
0.00771308
0.0077098
0.00770652
0.00770324
0.00769997
0.0076967
0.00769343
0.00769017
0.00768691
0.00768366
0.0076804
0.00767715
0.00767391
0.00767067
0.00766743
0.00766419
0.00766096
0.00765773
0.00765451
0.00765129
0.00764807
0.00764485
0.00764164
0.00763844
0.00763523
0.00763203
0.00762883
0.00762564
0.00762245
0.00761926
0.00761607
0.00761289
0.00760971
0.00760654
0.00760337
0.0076002
0.00759703
0.00759387
0.00759071
0.00758756
0.0075844
0.00758125
0.00757811
0.00757497
0.00757183
0.00756869
0.00756556
0.00756243
0.0075593
0.00755618
0.00755306
0.00754994
0.00754682
0.00754371
0.0075406
0.0075375
0.0075344
0.0075313
0.0075282
0.00752511
0.00752202
0.00751893
0.00751585
0.00751277
0.00750969
0.00750661
0.00750354
0.00750047
0.00749741
0.00749434
0.00749128
0.00748823
0.00748517
0.00748212
0.00747907
0.00747603
0.00747298
0.00746994
0.00746691
0.00746387
0.00746084
0.00745781
0.00745479
0.00745176
0.00744874
0.00744573
0.00744271
0.0074397
0.00743669
0.00743369
0.00743068
0.00742768
0.00742468
0.00742169
0.00741869
0.0074157
0.00741272
0.00740973
0.00740675
0.00740377
0.00740079
0.00739782
0.00739485
0.00739188
0.00738891
0.00738595
0.00738299
0.00738003
0.00737707
0.00737412
0.00737117
0.00736822
0.00736527
0.00736233
0.00735939
0.00735645
0.00735351
0.00735058
0.00734764
0.00734472
0.00734179
0.00733886
0.00733594
)
;

boundaryField
{
    inlet
    {
        type            calculated;
        value           uniform 0.0147929;
    }
    outlet
    {
        type            calculated;
        value           uniform 0.00733594;
    }
    emptyWalls
    {
        type            empty;
    }
}


// ************************************************************************* //
