/*--------------------------------*- C++ -*----------------------------------*\
  =========                 |
  \\      /  F ield         | OpenFOAM: The Open Source CFD Toolbox
   \\    /   O peration     | Website:  https://openfoam.org
    \\  /    A nd           | Version:  9
     \\/     M anipulation  |
\*---------------------------------------------------------------------------*/
FoamFile
{
    format      ascii;
    class       surfaceScalarField;
    location    "14.9";
    object      phic;
}
// * * * * * * * * * * * * * * * * * * * * * * * * * * * * * * * * * * * * * //

dimensions      [0 2 0 0 0 0 0];

internalField   nonuniform List<scalar> 
999
(
6.39063e-07
1.6678e-06
3.05553e-06
4.78673e-06
6.85116e-06
9.24112e-06
1.19503e-05
1.49734e-05
1.83057e-05
2.19427e-05
2.58806e-05
3.01155e-05
3.46441e-05
3.94629e-05
4.45688e-05
4.99587e-05
5.56295e-05
6.15785e-05
6.78028e-05
7.42997e-05
8.10666e-05
8.81009e-05
9.54e-05
0.000102962
0.000110783
0.000118862
0.000127197
0.000135784
0.000144623
0.000153709
0.000163043
0.00017262
0.00018244
0.0001925
0.000202799
0.000213333
0.000224101
0.000235102
0.000246334
0.000257793
0.00026948
0.000281391
0.000293525
0.000305881
0.000318456
0.000331249
0.000344258
0.000357481
0.000370917
0.000384565
0.000398422
0.000412486
0.000426758
0.000441234
0.000455913
0.000470794
0.000485876
0.000501156
0.000516634
0.000532307
0.000548176
0.000564237
0.00058049
0.000596933
0.000613565
0.000630385
0.000647392
0.000664583
0.000681958
0.000699516
0.000717255
0.000735173
0.000753271
0.000771546
0.000789997
0.000808624
0.000827424
0.000846397
0.000865542
0.000884857
0.000904341
0.000923994
0.000943814
0.000963799
0.00098395
0.00100426
0.00102474
0.00104538
0.00106618
0.00108714
0.00110826
0.00112953
0.00115097
0.00117256
0.0011943
0.0012162
0.00123825
0.00126045
0.0012828
0.0013053
0.00132795
0.00135075
0.0013737
0.00139679
0.00142003
0.00144342
0.00146694
0.00149061
0.00151443
0.00153838
0.00156247
0.00158671
0.00161108
0.00163559
0.00166024
0.00168502
0.00170994
0.001735
0.00176018
0.00178551
0.00181096
0.00183655
0.00186226
0.00188811
0.00191409
0.00194019
0.00196643
0.00199279
0.00201928
0.00204589
0.00207263
0.0020995
0.00212649
0.0021536
0.00218083
0.00220819
0.00223567
0.00226326
0.00229098
0.00231882
0.00234678
0.00237485
0.00240304
0.00243135
0.00245978
0.00248832
0.00251698
0.00254575
0.00257464
0.00260363
0.00263275
0.00266197
0.0026913
0.00272075
0.00275031
0.00277997
0.00280975
0.00283964
0.00286963
0.00289973
0.00292994
0.00296026
0.00299068
0.00302121
0.00305184
0.00308258
0.00311342
0.00314436
0.00317541
0.00320656
0.00323782
0.00326917
0.00330063
0.00333218
0.00336384
0.0033956
0.00342745
0.00345941
0.00349146
0.00352362
0.00355587
0.00358821
0.00362066
0.00365319
0.00368583
0.00371856
0.00375139
0.0037843
0.00381732
0.00385043
0.00388363
0.00391692
0.00395031
0.00398378
0.00401735
0.00405101
0.00408476
0.0041186
0.00415254
0.00418656
0.00422067
0.00425487
0.00428915
0.00432353
0.00435799
0.00439254
0.00442718
0.0044619
0.00449671
0.00453161
0.00456659
0.00460166
0.00463681
0.00467204
0.00470736
0.00474276
0.00477825
0.00481382
0.00484947
0.00488521
0.00492102
0.00495692
0.0049929
0.00502896
0.0050651
0.00510132
0.00513762
0.005174
0.00521046
0.005247
0.00528362
0.00532032
0.00535709
0.00539395
0.00543088
0.00546788
0.00550497
0.00554213
0.00557937
0.00561668
0.00565407
0.00569153
0.00572907
0.00576669
0.00580438
0.00584214
0.00587998
0.00591789
0.00595587
0.00599393
0.00603206
0.00607026
0.00610854
0.00614689
0.00618531
0.0062238
0.00626236
0.00630099
0.0063397
0.00637847
0.00641732
0.00645624
0.00649522
0.00653428
0.0065734
0.00661259
0.00665185
0.00669118
0.00673058
0.00677005
0.00680958
0.00684919
0.00688886
0.00692859
0.0069684
0.00700827
0.0070482
0.00708821
0.00712828
0.00716841
0.00720861
0.00724888
0.00728921
0.0073296
0.00737006
0.00741059
0.00745117
0.00749183
0.00753254
0.00757332
0.00761417
0.00765507
0.00769604
0.00773707
0.00777817
0.00781932
0.00786054
0.00790182
0.00794317
0.00798457
0.00802604
0.00806756
0.00810915
0.0081508
0.00819251
0.00823428
0.0082761
0.00831799
0.00835994
0.00840195
0.00844402
0.00848614
0.00852833
0.00857058
0.00861288
0.00865524
0.00869766
0.00874014
0.00878267
0.00882527
0.00886792
0.00891063
0.0089534
0.00899622
0.0090391
0.00908203
0.00912503
0.00916808
0.00921118
0.00925435
0.00929756
0.00934084
0.00938417
0.00942755
0.00947099
0.00951448
0.00955803
0.00960164
0.0096453
0.00968901
0.00973278
0.0097766
0.00982047
0.0098644
0.00990839
0.00995242
0.00999651
0.0100407
0.0100849
0.0101291
0.0101734
0.0102178
0.0102622
0.0103066
0.0103511
0.0103957
0.0104403
0.010485
0.0105297
0.0105745
0.0106193
0.0106642
0.0107091
0.0107541
0.0107991
0.0108442
0.0108893
0.0109345
0.0109797
0.011025
0.0110703
0.0111157
0.0111611
0.0112066
0.0112521
0.0112977
0.0113433
0.011389
0.0114347
0.0114804
0.0115263
0.0115721
0.011618
0.011664
0.01171
0.0117561
0.0118022
0.0118483
0.0118946
0.0119408
0.0119871
0.0120334
0.0120798
0.0121263
0.0121728
0.0122193
0.0122659
0.0123125
0.0123592
0.0124059
0.0124527
0.0124995
0.0125463
0.0125932
0.0126402
0.0126872
0.0127342
0.0127813
0.0128284
0.0128756
0.0129228
0.0129701
0.0130174
0.0130648
0.0131122
0.0131596
0.0132071
0.0132547
0.0133022
0.0133499
0.0133975
0.0134453
0.013493
0.0135408
0.0135887
0.0136365
0.0136845
0.0137324
0.0137805
0.0138285
0.0138766
0.0139248
0.013973
0.0140212
0.0140695
0.0141178
0.0141662
0.0142146
0.014263
0.0143115
0.01436
0.0144086
0.0144572
0.0145059
0.0145546
0.0146033
0.0146521
0.0147009
0.0147498
0.0147987
0.0148476
0.0148966
0.0149457
0.0149947
0.0150439
0.015093
0.0151422
0.0151914
0.0152407
0.01529
0.0153394
0.0153888
0.0154382
0.0154877
0.0155372
0.0155868
0.0156364
0.015686
0.0157357
0.0157854
0.0158352
0.015885
0.0159348
0.0159847
0.0160346
0.0160845
0.0161345
0.0161846
0.0162346
0.0162847
0.0163349
0.0163851
0.0164353
0.0164856
0.0165359
0.0165862
0.0166366
0.016687
0.0167375
0.016788
0.0168385
0.0168891
0.0169397
0.0169903
0.017041
0.0170918
0.0171425
0.0171933
0.0172442
0.017295
0.0173459
0.0173969
0.0174479
0.0174989
0.01755
0.0176011
0.0176522
0.0177034
0.0177546
0.0178058
0.0178571
0.0179084
0.0179598
0.0180112
0.0180626
0.0181141
0.0181656
0.0182171
0.0182687
0.0183203
0.018372
0.0184237
0.0184754
0.0185271
0.0185789
0.0186308
0.0186826
0.0187345
0.0187865
0.0188384
0.0188904
0.0189425
0.0189946
0.0190467
0.0190988
0.019151
0.0192032
0.0192555
0.0193078
0.0193601
0.0194124
0.0194648
0.0195173
0.0195697
0.0196222
0.0196748
0.0197273
0.0197799
0.0198326
0.0198853
0.019938
0.0199907
0.0200435
0.0200963
0.0201491
0.020202
0.0202549
0.0203079
0.0203609
0.0204139
0.0204669
0.02052
0.0205731
0.0206263
0.0206795
0.0207327
0.0207859
0.0208392
0.0208925
0.0209459
0.0209993
0.0210527
0.0211062
0.0211596
0.0212132
0.0212667
0.0213203
0.0213739
0.0214276
0.0214813
0.021535
0.0215887
0.0216425
0.0216963
0.0217502
0.0218041
0.021858
0.0219119
0.0219659
0.0220199
0.022074
0.0221281
0.0221822
0.0222363
0.0222905
0.0223447
0.0223989
0.0224532
0.0225075
0.0225619
0.0226162
0.0226706
0.0227251
0.0227795
0.022834
0.0228886
0.0229431
0.0229977
0.0230523
0.023107
0.0231617
0.0232164
0.0232712
0.023326
0.0233808
0.0234356
0.0234905
0.0235454
0.0236004
0.0236553
0.0237103
0.0237654
0.0238204
0.0238755
0.0239307
0.0239858
0.024041
0.0240963
0.0241515
0.0242068
0.0242621
0.0243175
0.0243728
0.0244283
0.0244837
0.0245392
0.0245947
0.0246502
0.0247058
0.0247614
0.024817
0.0248727
0.0249283
0.0249841
0.0250398
0.0250956
0.0251514
0.0252072
0.0252631
0.025319
0.0253749
0.0254309
0.0254869
0.0255429
0.025599
0.0256551
0.0257112
0.0257673
0.0258235
0.0258797
0.0259359
0.0259922
0.0260485
0.0261048
0.0261612
0.0262176
0.026274
0.0263304
0.0263869
0.0264434
0.0264999
0.0265565
0.0266131
0.0266697
0.0267264
0.026783
0.0268398
0.0268965
0.0269533
0.0270101
0.0270669
0.0271238
0.0271806
0.0272376
0.0272945
0.0273515
0.0274085
0.0274655
0.0275226
0.0275797
0.0276368
0.027694
0.0277512
0.0278084
0.0278656
0.0279229
0.0279802
0.0280375
0.0280949
0.0281523
0.0282097
0.0282671
0.0283246
0.0283821
0.0284396
0.0284972
0.0285548
0.0286124
0.0286701
0.0287277
0.0287854
0.0288432
0.0289009
0.0289587
0.0290166
0.0290744
0.0291323
0.0291902
0.0292481
0.0293061
0.0293641
0.0294221
0.0294802
0.0295382
0.0295964
0.0296545
0.0297127
0.0297708
0.0298291
0.0298873
0.0299456
0.0300039
0.0300622
0.0301206
0.030179
0.0302374
0.0302959
0.0303544
0.0304129
0.0304714
0.03053
0.0305886
0.0306472
0.0307058
0.0307645
0.0308232
0.0308819
0.0309407
0.0309995
0.0310583
0.0311172
0.031176
0.0312349
0.0312939
0.0313528
0.0314118
0.0314708
0.0315299
0.031589
0.0316481
0.0317072
0.0317663
0.0318255
0.0318847
0.031944
0.0320033
0.0320625
0.0321219
0.0321812
0.0322406
0.0323
0.0323595
0.0324189
0.0324784
0.0325379
0.0325975
0.0326571
0.0327167
0.0327763
0.032836
0.0328956
0.0329554
0.0330151
0.0330749
0.0331347
0.0331945
0.0332544
0.0333142
0.0333741
0.0334341
0.0334941
0.033554
0.0336141
0.0336741
0.0337342
0.0337943
0.0338544
0.0339146
0.0339748
0.034035
0.0340953
0.0341555
0.0342158
0.0342762
0.0343365
0.0343969
0.0344573
0.0345177
0.0345782
0.0346387
0.0346992
0.0347598
0.0348204
0.034881
0.0349416
0.0350023
0.035063
0.0351237
0.0351844
0.0352452
0.035306
0.0353668
0.0354277
0.0354886
0.0355495
0.0356104
0.0356714
0.0357324
0.0357934
0.0358544
0.0359155
0.0359766
0.0360378
0.0360989
0.0361601
0.0362213
0.0362826
0.0363438
0.0364052
0.0364665
0.0365278
0.0365892
0.0366506
0.0367121
0.0367735
0.036835
0.0368966
0.0369581
0.0370197
0.0370813
0.0371429
0.0372046
0.0372663
0.037328
0.0373898
0.0374515
0.0375133
0.0375752
0.037637
0.0376989
0.0377608
0.0378228
0.0378848
0.0379468
0.0380088
0.0380708
0.0381329
0.038195
0.0382572
0.0383193
0.0383815
0.0384438
0.038506
0.0385683
0.0386306
0.038693
0.0387553
0.0388177
0.0388801
0.0389426
0.0390051
0.0390676
0.0391301
0.0391927
0.0392553
0.0393179
0.0393806
0.0394433
0.039506
0.0395687
0.0396315
0.0396943
0.0397571
0.0398199
0.0398828
0.0399457
0.0400087
0.0400716
0.0401346
0.0401977
0.0402607
0.0403238
0.0403869
0.0404501
0.0405132
0.0405764
0.0406397
0.0407029
0.0407662
0.0408296
0.0408929
0.0409563
0.0410197
0.0410831
0.0411466
0.0412101
0.0412736
0.0413372
0.0414008
0.0414644
0.041528
0.0415917
0.0416554
0.0417191
0.0417829
0.0418467
0.0419105
0.0419744
0.0420383
0.0421022
0.0421661
0.0422301
0.0422941
0.0423582
0.0424223
0.0424864
0.0425505
0.0426147
0.0426789
0.0427431
0.0428073
0.0428716
0.0429359
0.0430003
0.0430647
0.0431291
0.0431935
0.043258
0.0433225
0.0433871
0.0434517
0.0435163
0.0435809
0.0436456
0.0437103
0.043775
0.0438398
0.0439046
0.0439694
0.0440343
0.0440992
0.0441641
0.0442291
0.0442941
0.0443592
0.0444242
0.0444893
0.0445545
0.0446197
0.0446849
0.0447501
0.0448154
0.0448807
0.044946
0.0450114
0.0450768
0.0451423
0.0452078
0.0452733
0.0453389
0.0454045
0.0454701
0.0455358
0.0456015
0.0456672
0.045733
0.0457988
0.0458647
0.0459306
0.0459965
0.0460625
0.0461285
0.0461945
0.0462606
0.0463268
0.0463929
0.0464591
0.0465254
0.0465917
)
;

boundaryField
{
    inlet
    {
        type            calculated;
        value           uniform 0;
    }
    outlet
    {
        type            calculated;
        value           uniform 0.046658;
    }
    emptyWalls
    {
        type            empty;
        value           nonuniform List<scalar> 0();
    }
}


// ************************************************************************* //
