/*--------------------------------*- C++ -*----------------------------------*\
  =========                 |
  \\      /  F ield         | OpenFOAM: The Open Source CFD Toolbox
   \\    /   O peration     | Website:  https://openfoam.org
    \\  /    A nd           | Version:  9
     \\/     M anipulation  |
\*---------------------------------------------------------------------------*/
FoamFile
{
    format      ascii;
    class       volVectorField;
    location    "14.9";
    object      Uc;
}
// * * * * * * * * * * * * * * * * * * * * * * * * * * * * * * * * * * * * * //

dimensions      [0 0 0 0 0 0 0];

internalField   nonuniform List<vector> 
1000
(
(3.19531e-07 0 0)
(1.15343e-06 0 0)
(2.36166e-06 0 0)
(3.92113e-06 0 0)
(5.81894e-06 0 0)
(8.04614e-06 0 0)
(1.05957e-05 0 0)
(1.34619e-05 0 0)
(1.66395e-05 0 0)
(2.01242e-05 0 0)
(2.39116e-05 0 0)
(2.79981e-05 0 0)
(3.23798e-05 0 0)
(3.70535e-05 0 0)
(4.20159e-05 0 0)
(4.72637e-05 0 0)
(5.27941e-05 0 0)
(5.8604e-05 0 0)
(6.46906e-05 0 0)
(7.10512e-05 0 0)
(7.76831e-05 0 0)
(8.45837e-05 0 0)
(9.17504e-05 0 0)
(9.91808e-05 0 0)
(0.000106872 0 0)
(0.000114823 0 0)
(0.00012303 0 0)
(0.000131491 0 0)
(0.000140203 0 0)
(0.000149166 0 0)
(0.000158376 0 0)
(0.000167832 0 0)
(0.00017753 0 0)
(0.00018747 0 0)
(0.000197649 0 0)
(0.000208066 0 0)
(0.000218717 0 0)
(0.000229602 0 0)
(0.000240718 0 0)
(0.000252063 0 0)
(0.000263636 0 0)
(0.000275435 0 0)
(0.000287458 0 0)
(0.000299703 0 0)
(0.000312168 0 0)
(0.000324852 0 0)
(0.000337753 0 0)
(0.000350869 0 0)
(0.000364199 0 0)
(0.000377741 0 0)
(0.000391493 0 0)
(0.000405454 0 0)
(0.000419622 0 0)
(0.000433996 0 0)
(0.000448573 0 0)
(0.000463354 0 0)
(0.000478335 0 0)
(0.000493516 0 0)
(0.000508895 0 0)
(0.000524471 0 0)
(0.000540242 0 0)
(0.000556206 0 0)
(0.000572363 0 0)
(0.000588711 0 0)
(0.000605249 0 0)
(0.000621975 0 0)
(0.000638889 0 0)
(0.000655988 0 0)
(0.000673271 0 0)
(0.000690737 0 0)
(0.000708385 0 0)
(0.000726214 0 0)
(0.000744222 0 0)
(0.000762408 0 0)
(0.000780772 0 0)
(0.00079931 0 0)
(0.000818024 0 0)
(0.00083691 0 0)
(0.000855969 0 0)
(0.000875199 0 0)
(0.000894599 0 0)
(0.000914167 0 0)
(0.000933904 0 0)
(0.000953806 0 0)
(0.000973875 0 0)
(0.000994107 0 0)
(0.0010145 0 0)
(0.00103506 0 0)
(0.00105578 0 0)
(0.00107666 0 0)
(0.0010977 0 0)
(0.0011189 0 0)
(0.00114025 0 0)
(0.00116176 0 0)
(0.00118343 0 0)
(0.00120525 0 0)
(0.00122722 0 0)
(0.00124935 0 0)
(0.00127162 0 0)
(0.00129405 0 0)
(0.00131663 0 0)
(0.00133935 0 0)
(0.00136223 0 0)
(0.00138525 0 0)
(0.00140841 0 0)
(0.00143172 0 0)
(0.00145518 0 0)
(0.00147878 0 0)
(0.00150252 0 0)
(0.0015264 0 0)
(0.00155043 0 0)
(0.00157459 0 0)
(0.00159889 0 0)
(0.00162334 0 0)
(0.00164791 0 0)
(0.00167263 0 0)
(0.00169748 0 0)
(0.00172247 0 0)
(0.00174759 0 0)
(0.00177285 0 0)
(0.00179823 0 0)
(0.00182375 0 0)
(0.00184941 0 0)
(0.00187519 0 0)
(0.0019011 0 0)
(0.00192714 0 0)
(0.00195331 0 0)
(0.00197961 0 0)
(0.00200603 0 0)
(0.00203259 0 0)
(0.00205926 0 0)
(0.00208606 0 0)
(0.00211299 0 0)
(0.00214004 0 0)
(0.00216721 0 0)
(0.00219451 0 0)
(0.00222193 0 0)
(0.00224946 0 0)
(0.00227712 0 0)
(0.0023049 0 0)
(0.0023328 0 0)
(0.00236081 0 0)
(0.00238895 0 0)
(0.0024172 0 0)
(0.00244557 0 0)
(0.00247405 0 0)
(0.00250265 0 0)
(0.00253136 0 0)
(0.00256019 0 0)
(0.00258913 0 0)
(0.00261819 0 0)
(0.00264736 0 0)
(0.00267664 0 0)
(0.00270603 0 0)
(0.00273553 0 0)
(0.00276514 0 0)
(0.00279486 0 0)
(0.00282469 0 0)
(0.00285463 0 0)
(0.00288468 0 0)
(0.00291484 0 0)
(0.0029451 0 0)
(0.00297547 0 0)
(0.00300594 0 0)
(0.00303652 0 0)
(0.00306721 0 0)
(0.003098 0 0)
(0.00312889 0 0)
(0.00315989 0 0)
(0.00319099 0 0)
(0.00322219 0 0)
(0.00325349 0 0)
(0.0032849 0 0)
(0.00331641 0 0)
(0.00334801 0 0)
(0.00337972 0 0)
(0.00341153 0 0)
(0.00344343 0 0)
(0.00347544 0 0)
(0.00350754 0 0)
(0.00353974 0 0)
(0.00357204 0 0)
(0.00360443 0 0)
(0.00363692 0 0)
(0.00366951 0 0)
(0.00370219 0 0)
(0.00373497 0 0)
(0.00376784 0 0)
(0.00380081 0 0)
(0.00383387 0 0)
(0.00386703 0 0)
(0.00390027 0 0)
(0.00393361 0 0)
(0.00396704 0 0)
(0.00400057 0 0)
(0.00403418 0 0)
(0.00406789 0 0)
(0.00410168 0 0)
(0.00413557 0 0)
(0.00416955 0 0)
(0.00420361 0 0)
(0.00423777 0 0)
(0.00427201 0 0)
(0.00430634 0 0)
(0.00434076 0 0)
(0.00437527 0 0)
(0.00440986 0 0)
(0.00444454 0 0)
(0.00447931 0 0)
(0.00451416 0 0)
(0.0045491 0 0)
(0.00458412 0 0)
(0.00461923 0 0)
(0.00465442 0 0)
(0.0046897 0 0)
(0.00472506 0 0)
(0.00476051 0 0)
(0.00479604 0 0)
(0.00483165 0 0)
(0.00486734 0 0)
(0.00490311 0 0)
(0.00493897 0 0)
(0.00497491 0 0)
(0.00501093 0 0)
(0.00504703 0 0)
(0.00508321 0 0)
(0.00511947 0 0)
(0.00515581 0 0)
(0.00519223 0 0)
(0.00522873 0 0)
(0.00526531 0 0)
(0.00530197 0 0)
(0.00533871 0 0)
(0.00537552 0 0)
(0.00541241 0 0)
(0.00544938 0 0)
(0.00548643 0 0)
(0.00552355 0 0)
(0.00556075 0 0)
(0.00559802 0 0)
(0.00563537 0 0)
(0.0056728 0 0)
(0.0057103 0 0)
(0.00574788 0 0)
(0.00578553 0 0)
(0.00582326 0 0)
(0.00586106 0 0)
(0.00589893 0 0)
(0.00593688 0 0)
(0.0059749 0 0)
(0.006013 0 0)
(0.00605116 0 0)
(0.0060894 0 0)
(0.00612771 0 0)
(0.0061661 0 0)
(0.00620455 0 0)
(0.00624308 0 0)
(0.00628168 0 0)
(0.00632035 0 0)
(0.00635909 0 0)
(0.0063979 0 0)
(0.00643678 0 0)
(0.00647573 0 0)
(0.00651475 0 0)
(0.00655384 0 0)
(0.006593 0 0)
(0.00663222 0 0)
(0.00667152 0 0)
(0.00671088 0 0)
(0.00675032 0 0)
(0.00678982 0 0)
(0.00682939 0 0)
(0.00686902 0 0)
(0.00690872 0 0)
(0.0069485 0 0)
(0.00698833 0 0)
(0.00702824 0 0)
(0.00706821 0 0)
(0.00710824 0 0)
(0.00714834 0 0)
(0.00718851 0 0)
(0.00722874 0 0)
(0.00726904 0 0)
(0.0073094 0 0)
(0.00734983 0 0)
(0.00739032 0 0)
(0.00743088 0 0)
(0.0074715 0 0)
(0.00751218 0 0)
(0.00755293 0 0)
(0.00759374 0 0)
(0.00763462 0 0)
(0.00767556 0 0)
(0.00771656 0 0)
(0.00775762 0 0)
(0.00779875 0 0)
(0.00783993 0 0)
(0.00788118 0 0)
(0.0079225 0 0)
(0.00796387 0 0)
(0.0080053 0 0)
(0.0080468 0 0)
(0.00808836 0 0)
(0.00812997 0 0)
(0.00817165 0 0)
(0.00821339 0 0)
(0.00825519 0 0)
(0.00829705 0 0)
(0.00833897 0 0)
(0.00838095 0 0)
(0.00842298 0 0)
(0.00846508 0 0)
(0.00850724 0 0)
(0.00854945 0 0)
(0.00859173 0 0)
(0.00863406 0 0)
(0.00867645 0 0)
(0.0087189 0 0)
(0.00876141 0 0)
(0.00880397 0 0)
(0.00884659 0 0)
(0.00888927 0 0)
(0.00893201 0 0)
(0.00897481 0 0)
(0.00901766 0 0)
(0.00906057 0 0)
(0.00910353 0 0)
(0.00914655 0 0)
(0.00918963 0 0)
(0.00923276 0 0)
(0.00927595 0 0)
(0.0093192 0 0)
(0.0093625 0 0)
(0.00940586 0 0)
(0.00944927 0 0)
(0.00949274 0 0)
(0.00953626 0 0)
(0.00957984 0 0)
(0.00962347 0 0)
(0.00966715 0 0)
(0.00971089 0 0)
(0.00975469 0 0)
(0.00979854 0 0)
(0.00984244 0 0)
(0.00988639 0 0)
(0.0099304 0 0)
(0.00997447 0 0)
(0.0100186 0 0)
(0.0100628 0 0)
(0.010107 0 0)
(0.0101513 0 0)
(0.0101956 0 0)
(0.01024 0 0)
(0.0102844 0 0)
(0.0103289 0 0)
(0.0103734 0 0)
(0.010418 0 0)
(0.0104626 0 0)
(0.0105073 0 0)
(0.0105521 0 0)
(0.0105969 0 0)
(0.0106417 0 0)
(0.0106866 0 0)
(0.0107316 0 0)
(0.0107766 0 0)
(0.0108216 0 0)
(0.0108667 0 0)
(0.0109119 0 0)
(0.0109571 0 0)
(0.0110023 0 0)
(0.0110476 0 0)
(0.011093 0 0)
(0.0111384 0 0)
(0.0111838 0 0)
(0.0112293 0 0)
(0.0112749 0 0)
(0.0113205 0 0)
(0.0113661 0 0)
(0.0114118 0 0)
(0.0114576 0 0)
(0.0115034 0 0)
(0.0115492 0 0)
(0.0115951 0 0)
(0.011641 0 0)
(0.011687 0 0)
(0.0117331 0 0)
(0.0117791 0 0)
(0.0118253 0 0)
(0.0118715 0 0)
(0.0119177 0 0)
(0.011964 0 0)
(0.0120103 0 0)
(0.0120566 0 0)
(0.0121031 0 0)
(0.0121495 0 0)
(0.012196 0 0)
(0.0122426 0 0)
(0.0122892 0 0)
(0.0123358 0 0)
(0.0123825 0 0)
(0.0124293 0 0)
(0.0124761 0 0)
(0.0125229 0 0)
(0.0125698 0 0)
(0.0126167 0 0)
(0.0126637 0 0)
(0.0127107 0 0)
(0.0127578 0 0)
(0.0128049 0 0)
(0.012852 0 0)
(0.0128992 0 0)
(0.0129465 0 0)
(0.0129938 0 0)
(0.0130411 0 0)
(0.0130885 0 0)
(0.0131359 0 0)
(0.0131834 0 0)
(0.0132309 0 0)
(0.0132785 0 0)
(0.0133261 0 0)
(0.0133737 0 0)
(0.0134214 0 0)
(0.0134691 0 0)
(0.0135169 0 0)
(0.0135647 0 0)
(0.0136126 0 0)
(0.0136605 0 0)
(0.0137085 0 0)
(0.0137565 0 0)
(0.0138045 0 0)
(0.0138526 0 0)
(0.0139007 0 0)
(0.0139489 0 0)
(0.0139971 0 0)
(0.0140453 0 0)
(0.0140936 0 0)
(0.014142 0 0)
(0.0141904 0 0)
(0.0142388 0 0)
(0.0142873 0 0)
(0.0143358 0 0)
(0.0143843 0 0)
(0.0144329 0 0)
(0.0144816 0 0)
(0.0145302 0 0)
(0.014579 0 0)
(0.0146277 0 0)
(0.0146765 0 0)
(0.0147254 0 0)
(0.0147742 0 0)
(0.0148232 0 0)
(0.0148721 0 0)
(0.0149212 0 0)
(0.0149702 0 0)
(0.0150193 0 0)
(0.0150684 0 0)
(0.0151176 0 0)
(0.0151668 0 0)
(0.0152161 0 0)
(0.0152654 0 0)
(0.0153147 0 0)
(0.0153641 0 0)
(0.0154135 0 0)
(0.015463 0 0)
(0.0155125 0 0)
(0.015562 0 0)
(0.0156116 0 0)
(0.0156612 0 0)
(0.0157108 0 0)
(0.0157605 0 0)
(0.0158103 0 0)
(0.0158601 0 0)
(0.0159099 0 0)
(0.0159597 0 0)
(0.0160096 0 0)
(0.0160596 0 0)
(0.0161095 0 0)
(0.0161595 0 0)
(0.0162096 0 0)
(0.0162597 0 0)
(0.0163098 0 0)
(0.01636 0 0)
(0.0164102 0 0)
(0.0164604 0 0)
(0.0165107 0 0)
(0.0165611 0 0)
(0.0166114 0 0)
(0.0166618 0 0)
(0.0167123 0 0)
(0.0167627 0 0)
(0.0168132 0 0)
(0.0168638 0 0)
(0.0169144 0 0)
(0.016965 0 0)
(0.0170157 0 0)
(0.0170664 0 0)
(0.0171171 0 0)
(0.0171679 0 0)
(0.0172187 0 0)
(0.0172696 0 0)
(0.0173205 0 0)
(0.0173714 0 0)
(0.0174224 0 0)
(0.0174734 0 0)
(0.0175244 0 0)
(0.0175755 0 0)
(0.0176266 0 0)
(0.0176778 0 0)
(0.017729 0 0)
(0.0177802 0 0)
(0.0178315 0 0)
(0.0178828 0 0)
(0.0179341 0 0)
(0.0179855 0 0)
(0.0180369 0 0)
(0.0180884 0 0)
(0.0181398 0 0)
(0.0181914 0 0)
(0.0182429 0 0)
(0.0182945 0 0)
(0.0183461 0 0)
(0.0183978 0 0)
(0.0184495 0 0)
(0.0185013 0 0)
(0.018553 0 0)
(0.0186048 0 0)
(0.0186567 0 0)
(0.0187086 0 0)
(0.0187605 0 0)
(0.0188124 0 0)
(0.0188644 0 0)
(0.0189165 0 0)
(0.0189685 0 0)
(0.0190206 0 0)
(0.0190727 0 0)
(0.0191249 0 0)
(0.0191771 0 0)
(0.0192293 0 0)
(0.0192816 0 0)
(0.0193339 0 0)
(0.0193863 0 0)
(0.0194386 0 0)
(0.0194911 0 0)
(0.0195435 0 0)
(0.019596 0 0)
(0.0196485 0 0)
(0.0197011 0 0)
(0.0197536 0 0)
(0.0198063 0 0)
(0.0198589 0 0)
(0.0199116 0 0)
(0.0199643 0 0)
(0.0200171 0 0)
(0.0200699 0 0)
(0.0201227 0 0)
(0.0201756 0 0)
(0.0202285 0 0)
(0.0202814 0 0)
(0.0203344 0 0)
(0.0203874 0 0)
(0.0204404 0 0)
(0.0204935 0 0)
(0.0205466 0 0)
(0.0205997 0 0)
(0.0206529 0 0)
(0.0207061 0 0)
(0.0207593 0 0)
(0.0208126 0 0)
(0.0208659 0 0)
(0.0209192 0 0)
(0.0209726 0 0)
(0.021026 0 0)
(0.0210794 0 0)
(0.0211329 0 0)
(0.0211864 0 0)
(0.0212399 0 0)
(0.0212935 0 0)
(0.0213471 0 0)
(0.0214007 0 0)
(0.0214544 0 0)
(0.0215081 0 0)
(0.0215619 0 0)
(0.0216156 0 0)
(0.0216694 0 0)
(0.0217233 0 0)
(0.0217771 0 0)
(0.021831 0 0)
(0.021885 0 0)
(0.0219389 0 0)
(0.0219929 0 0)
(0.022047 0 0)
(0.022101 0 0)
(0.0221551 0 0)
(0.0222092 0 0)
(0.0222634 0 0)
(0.0223176 0 0)
(0.0223718 0 0)
(0.0224261 0 0)
(0.0224804 0 0)
(0.0225347 0 0)
(0.022589 0 0)
(0.0226434 0 0)
(0.0226979 0 0)
(0.0227523 0 0)
(0.0228068 0 0)
(0.0228613 0 0)
(0.0229158 0 0)
(0.0229704 0 0)
(0.023025 0 0)
(0.0230797 0 0)
(0.0231344 0 0)
(0.0231891 0 0)
(0.0232438 0 0)
(0.0232986 0 0)
(0.0233534 0 0)
(0.0234082 0 0)
(0.0234631 0 0)
(0.023518 0 0)
(0.0235729 0 0)
(0.0236278 0 0)
(0.0236828 0 0)
(0.0237379 0 0)
(0.0237929 0 0)
(0.023848 0 0)
(0.0239031 0 0)
(0.0239583 0 0)
(0.0240134 0 0)
(0.0240686 0 0)
(0.0241239 0 0)
(0.0241792 0 0)
(0.0242345 0 0)
(0.0242898 0 0)
(0.0243452 0 0)
(0.0244006 0 0)
(0.024456 0 0)
(0.0245114 0 0)
(0.0245669 0 0)
(0.0246224 0 0)
(0.024678 0 0)
(0.0247336 0 0)
(0.0247892 0 0)
(0.0248448 0 0)
(0.0249005 0 0)
(0.0249562 0 0)
(0.0250119 0 0)
(0.0250677 0 0)
(0.0251235 0 0)
(0.0251793 0 0)
(0.0252352 0 0)
(0.0252911 0 0)
(0.025347 0 0)
(0.0254029 0 0)
(0.0254589 0 0)
(0.0255149 0 0)
(0.0255709 0 0)
(0.025627 0 0)
(0.0256831 0 0)
(0.0257392 0 0)
(0.0257954 0 0)
(0.0258516 0 0)
(0.0259078 0 0)
(0.0259641 0 0)
(0.0260203 0 0)
(0.0260767 0 0)
(0.026133 0 0)
(0.0261894 0 0)
(0.0262458 0 0)
(0.0263022 0 0)
(0.0263586 0 0)
(0.0264151 0 0)
(0.0264717 0 0)
(0.0265282 0 0)
(0.0265848 0 0)
(0.0266414 0 0)
(0.026698 0 0)
(0.0267547 0 0)
(0.0268114 0 0)
(0.0268681 0 0)
(0.0269249 0 0)
(0.0269817 0 0)
(0.0270385 0 0)
(0.0270953 0 0)
(0.0271522 0 0)
(0.0272091 0 0)
(0.027266 0 0)
(0.027323 0 0)
(0.02738 0 0)
(0.027437 0 0)
(0.0274941 0 0)
(0.0275511 0 0)
(0.0276083 0 0)
(0.0276654 0 0)
(0.0277226 0 0)
(0.0277798 0 0)
(0.027837 0 0)
(0.0278942 0 0)
(0.0279515 0 0)
(0.0280088 0 0)
(0.0280662 0 0)
(0.0281236 0 0)
(0.028181 0 0)
(0.0282384 0 0)
(0.0282959 0 0)
(0.0283533 0 0)
(0.0284109 0 0)
(0.0284684 0 0)
(0.028526 0 0)
(0.0285836 0 0)
(0.0286412 0 0)
(0.0286989 0 0)
(0.0287566 0 0)
(0.0288143 0 0)
(0.0288721 0 0)
(0.0289298 0 0)
(0.0289876 0 0)
(0.0290455 0 0)
(0.0291033 0 0)
(0.0291612 0 0)
(0.0292192 0 0)
(0.0292771 0 0)
(0.0293351 0 0)
(0.0293931 0 0)
(0.0294511 0 0)
(0.0295092 0 0)
(0.0295673 0 0)
(0.0296254 0 0)
(0.0296836 0 0)
(0.0297418 0 0)
(0.0298 0 0)
(0.0298582 0 0)
(0.0299165 0 0)
(0.0299748 0 0)
(0.0300331 0 0)
(0.0300914 0 0)
(0.0301498 0 0)
(0.0302082 0 0)
(0.0302667 0 0)
(0.0303251 0 0)
(0.0303836 0 0)
(0.0304421 0 0)
(0.0305007 0 0)
(0.0305593 0 0)
(0.0306179 0 0)
(0.0306765 0 0)
(0.0307352 0 0)
(0.0307939 0 0)
(0.0308526 0 0)
(0.0309113 0 0)
(0.0309701 0 0)
(0.0310289 0 0)
(0.0310877 0 0)
(0.0311466 0 0)
(0.0312055 0 0)
(0.0312644 0 0)
(0.0313234 0 0)
(0.0313823 0 0)
(0.0314413 0 0)
(0.0315004 0 0)
(0.0315594 0 0)
(0.0316185 0 0)
(0.0316776 0 0)
(0.0317368 0 0)
(0.0317959 0 0)
(0.0318551 0 0)
(0.0319144 0 0)
(0.0319736 0 0)
(0.0320329 0 0)
(0.0320922 0 0)
(0.0321515 0 0)
(0.0322109 0 0)
(0.0322703 0 0)
(0.0323297 0 0)
(0.0323892 0 0)
(0.0324487 0 0)
(0.0325082 0 0)
(0.0325677 0 0)
(0.0326273 0 0)
(0.0326869 0 0)
(0.0327465 0 0)
(0.0328061 0 0)
(0.0328658 0 0)
(0.0329255 0 0)
(0.0329852 0 0)
(0.033045 0 0)
(0.0331048 0 0)
(0.0331646 0 0)
(0.0332244 0 0)
(0.0332843 0 0)
(0.0333442 0 0)
(0.0334041 0 0)
(0.0334641 0 0)
(0.0335241 0 0)
(0.0335841 0 0)
(0.0336441 0 0)
(0.0337042 0 0)
(0.0337643 0 0)
(0.0338244 0 0)
(0.0338845 0 0)
(0.0339447 0 0)
(0.0340049 0 0)
(0.0340651 0 0)
(0.0341254 0 0)
(0.0341857 0 0)
(0.034246 0 0)
(0.0343063 0 0)
(0.0343667 0 0)
(0.0344271 0 0)
(0.0344875 0 0)
(0.034548 0 0)
(0.0346085 0 0)
(0.034669 0 0)
(0.0347295 0 0)
(0.0347901 0 0)
(0.0348507 0 0)
(0.0349113 0 0)
(0.0349719 0 0)
(0.0350326 0 0)
(0.0350933 0 0)
(0.035154 0 0)
(0.0352148 0 0)
(0.0352756 0 0)
(0.0353364 0 0)
(0.0353972 0 0)
(0.0354581 0 0)
(0.035519 0 0)
(0.0355799 0 0)
(0.0356409 0 0)
(0.0357019 0 0)
(0.0357629 0 0)
(0.0358239 0 0)
(0.035885 0 0)
(0.0359461 0 0)
(0.0360072 0 0)
(0.0360683 0 0)
(0.0361295 0 0)
(0.0361907 0 0)
(0.036252 0 0)
(0.0363132 0 0)
(0.0363745 0 0)
(0.0364358 0 0)
(0.0364972 0 0)
(0.0365585 0 0)
(0.0366199 0 0)
(0.0366814 0 0)
(0.0367428 0 0)
(0.0368043 0 0)
(0.0368658 0 0)
(0.0369273 0 0)
(0.0369889 0 0)
(0.0370505 0 0)
(0.0371121 0 0)
(0.0371738 0 0)
(0.0372354 0 0)
(0.0372972 0 0)
(0.0373589 0 0)
(0.0374206 0 0)
(0.0374824 0 0)
(0.0375443 0 0)
(0.0376061 0 0)
(0.037668 0 0)
(0.0377299 0 0)
(0.0377918 0 0)
(0.0378538 0 0)
(0.0379158 0 0)
(0.0379778 0 0)
(0.0380398 0 0)
(0.0381019 0 0)
(0.038164 0 0)
(0.0382261 0 0)
(0.0382883 0 0)
(0.0383504 0 0)
(0.0384127 0 0)
(0.0384749 0 0)
(0.0385372 0 0)
(0.0385995 0 0)
(0.0386618 0 0)
(0.0387241 0 0)
(0.0387865 0 0)
(0.0388489 0 0)
(0.0389114 0 0)
(0.0389738 0 0)
(0.0390363 0 0)
(0.0390989 0 0)
(0.0391614 0 0)
(0.039224 0 0)
(0.0392866 0 0)
(0.0393492 0 0)
(0.0394119 0 0)
(0.0394746 0 0)
(0.0395373 0 0)
(0.0396001 0 0)
(0.0396629 0 0)
(0.0397257 0 0)
(0.0397885 0 0)
(0.0398514 0 0)
(0.0399143 0 0)
(0.0399772 0 0)
(0.0400402 0 0)
(0.0401031 0 0)
(0.0401662 0 0)
(0.0402292 0 0)
(0.0402923 0 0)
(0.0403554 0 0)
(0.0404185 0 0)
(0.0404817 0 0)
(0.0405448 0 0)
(0.0406081 0 0)
(0.0406713 0 0)
(0.0407346 0 0)
(0.0407979 0 0)
(0.0408612 0 0)
(0.0409246 0 0)
(0.040988 0 0)
(0.0410514 0 0)
(0.0411149 0 0)
(0.0411783 0 0)
(0.0412419 0 0)
(0.0413054 0 0)
(0.041369 0 0)
(0.0414326 0 0)
(0.0414962 0 0)
(0.0415599 0 0)
(0.0416236 0 0)
(0.0416873 0 0)
(0.041751 0 0)
(0.0418148 0 0)
(0.0418786 0 0)
(0.0419425 0 0)
(0.0420063 0 0)
(0.0420702 0 0)
(0.0421342 0 0)
(0.0421981 0 0)
(0.0422621 0 0)
(0.0423262 0 0)
(0.0423902 0 0)
(0.0424543 0 0)
(0.0425184 0 0)
(0.0425826 0 0)
(0.0426468 0 0)
(0.042711 0 0)
(0.0427752 0 0)
(0.0428395 0 0)
(0.0429038 0 0)
(0.0429681 0 0)
(0.0430325 0 0)
(0.0430969 0 0)
(0.0431613 0 0)
(0.0432258 0 0)
(0.0432903 0 0)
(0.0433548 0 0)
(0.0434194 0 0)
(0.043484 0 0)
(0.0435486 0 0)
(0.0436132 0 0)
(0.0436779 0 0)
(0.0437427 0 0)
(0.0438074 0 0)
(0.0438722 0 0)
(0.043937 0 0)
(0.0440019 0 0)
(0.0440668 0 0)
(0.0441317 0 0)
(0.0441966 0 0)
(0.0442616 0 0)
(0.0443266 0 0)
(0.0443917 0 0)
(0.0444568 0 0)
(0.0445219 0 0)
(0.0445871 0 0)
(0.0446523 0 0)
(0.0447175 0 0)
(0.0447827 0 0)
(0.044848 0 0)
(0.0449134 0 0)
(0.0449787 0 0)
(0.0450441 0 0)
(0.0451096 0 0)
(0.045175 0 0)
(0.0452405 0 0)
(0.0453061 0 0)
(0.0453717 0 0)
(0.0454373 0 0)
(0.0455029 0 0)
(0.0455686 0 0)
(0.0456344 0 0)
(0.0457001 0 0)
(0.0457659 0 0)
(0.0458318 0 0)
(0.0458976 0 0)
(0.0459635 0 0)
(0.0460295 0 0)
(0.0460955 0 0)
(0.0461615 0 0)
(0.0462276 0 0)
(0.0462937 0 0)
(0.0463598 0 0)
(0.046426 0 0)
(0.0464922 0 0)
(0.0465585 0 0)
(0.0466248 0 0)
)
;

boundaryField
{
    inlet
    {
        type            fixedValue;
        value           uniform (0 0 0);
    }
    outlet
    {
        type            zeroGradient;
    }
    emptyWalls
    {
        type            empty;
    }
}


// ************************************************************************* //
