/*--------------------------------*- C++ -*----------------------------------*\
  =========                 |
  \\      /  F ield         | OpenFOAM: The Open Source CFD Toolbox
   \\    /   O peration     | Website:  https://openfoam.org
    \\  /    A nd           | Version:  9
     \\/     M anipulation  |
\*---------------------------------------------------------------------------*/
FoamFile
{
    format      ascii;
    class       surfaceScalarField;
    location    "86000";
    object      phia;
}
// * * * * * * * * * * * * * * * * * * * * * * * * * * * * * * * * * * * * * //

dimensions      [0 2 0 0 0 0 0];

internalField   nonuniform List<scalar> 
999
(
1.71429e-10
1.71428e-10
1.71428e-10
1.71427e-10
1.71427e-10
1.71426e-10
1.71425e-10
1.71424e-10
1.71422e-10
1.71421e-10
1.71419e-10
1.71418e-10
1.71416e-10
1.71414e-10
1.71412e-10
1.71409e-10
1.71407e-10
1.71404e-10
1.71401e-10
1.71398e-10
1.71395e-10
1.71392e-10
1.71389e-10
1.71385e-10
1.71382e-10
1.71378e-10
1.71374e-10
1.7137e-10
1.71366e-10
1.71362e-10
1.71357e-10
1.71352e-10
1.71348e-10
1.71343e-10
1.71338e-10
1.71333e-10
1.71327e-10
1.71322e-10
1.71316e-10
1.7131e-10
1.71304e-10
1.71298e-10
1.71292e-10
1.71286e-10
1.71279e-10
1.71273e-10
1.71266e-10
1.71259e-10
1.71252e-10
1.71245e-10
1.71237e-10
1.7123e-10
1.71222e-10
1.71214e-10
1.71206e-10
1.71198e-10
1.7119e-10
1.71182e-10
1.71173e-10
1.71164e-10
1.71156e-10
1.71147e-10
1.71138e-10
1.71128e-10
1.71119e-10
1.71109e-10
1.711e-10
1.7109e-10
1.7108e-10
1.7107e-10
1.7106e-10
1.71049e-10
1.71039e-10
1.71028e-10
1.71017e-10
1.71006e-10
1.70995e-10
1.70984e-10
1.70973e-10
1.70961e-10
1.70949e-10
1.70937e-10
1.70925e-10
1.70913e-10
1.70901e-10
1.70889e-10
1.70876e-10
1.70863e-10
1.70851e-10
1.70838e-10
1.70824e-10
1.70811e-10
1.70798e-10
1.70784e-10
1.7077e-10
1.70757e-10
1.70742e-10
1.70728e-10
1.70714e-10
1.707e-10
1.70685e-10
1.7067e-10
1.70655e-10
1.7064e-10
1.70625e-10
1.7061e-10
1.70594e-10
1.70579e-10
1.70563e-10
1.70547e-10
1.70531e-10
1.70515e-10
1.70498e-10
1.70482e-10
1.70465e-10
1.70448e-10
1.70431e-10
1.70414e-10
1.70397e-10
1.70379e-10
1.70362e-10
1.70344e-10
1.70326e-10
1.70308e-10
1.7029e-10
1.70272e-10
1.70253e-10
1.70235e-10
1.70216e-10
1.70197e-10
1.70178e-10
1.70158e-10
1.70139e-10
1.7012e-10
1.701e-10
1.7008e-10
1.7006e-10
1.7004e-10
1.7002e-10
1.69999e-10
1.69978e-10
1.69958e-10
1.69937e-10
1.69916e-10
1.69894e-10
1.69873e-10
1.69851e-10
1.6983e-10
1.69808e-10
1.69786e-10
1.69764e-10
1.69741e-10
1.69719e-10
1.69696e-10
1.69673e-10
1.6965e-10
1.69627e-10
1.69604e-10
1.6958e-10
1.69557e-10
1.69533e-10
1.69509e-10
1.69485e-10
1.69461e-10
1.69436e-10
1.69412e-10
1.69387e-10
1.69362e-10
1.69337e-10
1.69311e-10
1.69286e-10
1.6926e-10
1.69234e-10
1.69208e-10
1.69182e-10
1.69156e-10
1.69129e-10
1.69103e-10
1.69076e-10
1.69049e-10
1.69021e-10
1.68994e-10
1.68966e-10
1.68938e-10
1.6891e-10
1.68882e-10
1.68854e-10
1.68825e-10
1.68796e-10
1.68767e-10
1.68738e-10
1.68708e-10
1.68678e-10
1.68648e-10
1.68618e-10
1.68587e-10
1.68556e-10
1.68525e-10
1.68493e-10
1.68461e-10
1.68429e-10
1.68396e-10
1.68362e-10
1.68328e-10
1.68294e-10
1.68258e-10
1.68221e-10
1.68183e-10
1.68143e-10
1.681e-10
1.68052e-10
1.67998e-10
1.67931e-10
1.67842e-10
1.67705e-10
1.67438e-10
1.66729e-10
1.63166e-10
4.61293e-11
1.59573e-16
2.60109e-29
1.80923e-55
2.33224e-108
1.01162e-214
0
0
0
0
0
0
0
0
0
0
0
0
0
0
0
0
0
0
0
0
0
0
0
0
0
0
0
0
0
0
0
0
0
0
0
0
0
0
0
0
0
0
0
0
0
0
0
0
0
0
0
0
0
0
0
0
0
0
0
0
0
0
0
0
0
0
0
0
0
0
0
0
0
0
0
0
0
0
0
0
0
0
0
0
0
0
0
0
0
0
0
0
0
0
0
0
0
0
0
0
0
0
0
0
0
0
0
0
0
0
0
0
0
0
0
0
0
0
0
0
0
0
0
0
0
0
0
0
0
0
0
0
0
0
0
0
0
0
0
0
0
0
0
0
0
0
0
0
0
0
0
0
0
0
0
0
0
0
0
0
0
0
0
0
0
0
0
0
0
0
0
0
0
0
0
0
0
0
0
0
0
0
0
0
0
0
0
0
0
0
0
0
0
0
0
0
0
0
0
0
0
0
0
0
0
0
0
0
0
0
0
0
0
0
0
0
0
0
0
0
0
0
0
0
0
0
0
0
0
0
0
0
0
0
0
0
0
0
0
0
0
0
0
0
0
0
0
0
0
0
0
0
0
0
0
0
0
0
0
0
0
0
0
0
0
0
0
0
0
0
0
0
0
0
0
0
0
0
0
0
0
0
0
0
0
0
0
0
0
0
0
0
0
0
0
0
0
0
0
0
0
0
0
0
0
0
0
0
0
0
0
0
0
0
0
0
0
0
0
0
0
0
0
0
0
0
0
0
0
0
0
0
0
0
0
0
0
0
0
0
0
0
0
0
0
0
0
0
0
0
0
0
0
0
0
0
0
0
0
0
0
0
0
0
0
0
0
0
0
0
0
0
0
0
0
0
0
0
0
0
0
0
0
0
0
0
0
0
0
0
0
0
0
0
0
0
0
0
0
0
0
0
0
0
0
0
0
0
0
0
0
0
0
0
0
0
0
0
0
0
0
0
0
0
0
0
0
0
0
0
0
0
0
0
0
0
0
0
0
0
0
0
0
0
0
0
0
0
0
0
0
0
0
0
0
0
0
0
0
0
0
0
0
0
0
0
0
0
0
0
0
0
0
0
0
0
0
0
0
0
0
0
0
0
0
0
0
0
0
0
0
0
0
0
0
0
0
0
0
0
0
0
0
0
0
0
0
0
0
0
0
0
0
0
0
0
0
0
0
0
0
0
0
0
0
0
0
0
0
0
0
0
0
0
0
0
0
0
0
0
0
0
0
0
0
0
0
0
0
0
0
0
0
0
0
0
0
0
0
0
0
0
0
0
0
0
0
0
0
0
0
0
0
0
0
0
0
0
0
0
0
0
0
0
0
0
0
0
0
0
0
0
0
0
0
0
0
0
0
0
0
0
0
0
0
0
0
0
0
0
0
0
0
0
0
0
0
0
0
0
0
0
0
0
0
0
0
0
0
0
0
0
0
0
0
0
0
0
0
0
0
0
0
0
0
0
0
0
0
0
0
0
0
0
0
0
0
0
0
0
0
0
0
0
0
0
0
0
0
0
0
0
0
0
0
0
0
0
0
0
0
0
0
0
0
0
0
0
0
0
0
0
0
0
0
0
0
0
0
0
0
0
0
0
0
0
0
0
0
0
0
0
0
0
0
0
0
0
0
0
0
0
0
0
0
0
0
0
0
0
0
0
0
0
0
0
0
0
0
0
0
0
0
0
0
0
0
0
0
0
0
0
0
0
0
0
0
0
0
0
0
0
0
0
0
0
0
0
0
0
0
0
0
0
0
)
;

boundaryField
{
    inlet
    {
        type            calculated;
        value           uniform -1.71429e-10;
    }
    outlet
    {
        type            calculated;
        value           uniform 0;
    }
    emptyWalls
    {
        type            empty;
        value           nonuniform List<scalar> 0();
    }
}


// ************************************************************************* //
