/*--------------------------------*- C++ -*----------------------------------*\
  =========                 |
  \\      /  F ield         | OpenFOAM: The Open Source CFD Toolbox
   \\    /   O peration     | Website:  https://openfoam.org
    \\  /    A nd           | Version:  9
     \\/     M anipulation  |
\*---------------------------------------------------------------------------*/
FoamFile
{
    format      ascii;
    class       volScalarField;
    location    "8.7";
    object      kra;
}
// * * * * * * * * * * * * * * * * * * * * * * * * * * * * * * * * * * * * * //

dimensions      [0 0 0 0 0 0 0];

internalField   nonuniform List<scalar> 
1000
(
0.0147115
0.0146618
0.0146161
0.0145724
0.01453
0.0144886
0.0144479
0.014408
0.0143687
0.0143299
0.0142916
0.0142538
0.0142165
0.0141795
0.014143
0.0141068
0.0140711
0.0140357
0.0140006
0.0139659
0.0139315
0.0138974
0.0138636
0.0138302
0.013797
0.0137642
0.0137316
0.0136993
0.0136673
0.0136355
0.013604
0.0135728
0.0135418
0.0135111
0.0134806
0.0134504
0.0134204
0.0133906
0.0133611
0.0133317
0.0133027
0.0132738
0.0132451
0.0132167
0.0131885
0.0131605
0.0131326
0.013105
0.0130776
0.0130504
0.0130234
0.0129965
0.0129699
0.0129434
0.0129171
0.012891
0.0128651
0.0128394
0.0128138
0.0127884
0.0127631
0.0127381
0.0127132
0.0126884
0.0126638
0.0126394
0.0126152
0.012591
0.0125671
0.0125433
0.0125196
0.0124961
0.0124727
0.0124495
0.0124265
0.0124035
0.0123807
0.0123581
0.0123355
0.0123132
0.0122909
0.0122688
0.0122468
0.0122249
0.0122032
0.0121816
0.0121601
0.0121387
0.0121175
0.0120964
0.0120754
0.0120545
0.0120337
0.0120131
0.0119925
0.0119721
0.0119518
0.0119316
0.0119115
0.0118916
0.0118717
0.0118519
0.0118323
0.0118127
0.0117933
0.0117739
0.0117547
0.0117355
0.0117165
0.0116976
0.0116787
0.01166
0.0116413
0.0116228
0.0116043
0.0115859
0.0115677
0.0115495
0.0115314
0.0115134
0.0114955
0.0114776
0.0114599
0.0114422
0.0114247
0.0114072
0.0113898
0.0113725
0.0113552
0.0113381
0.011321
0.011304
0.0112871
0.0112703
0.0112536
0.0112369
0.0112203
0.0112038
0.0111874
0.011171
0.0111547
0.0111385
0.0111224
0.0111063
0.0110903
0.0110744
0.0110585
0.0110427
0.011027
0.0110114
0.0109958
0.0109803
0.0109649
0.0109495
0.0109342
0.010919
0.0109038
0.0108887
0.0108737
0.0108587
0.0108438
0.0108289
0.0108141
0.0107994
0.0107848
0.0107702
0.0107556
0.0107411
0.0107267
0.0107124
0.0106981
0.0106838
0.0106696
0.0106555
0.0106414
0.0106274
0.0106135
0.0105996
0.0105857
0.0105719
0.0105582
0.0105445
0.0105309
0.0105173
0.0105038
0.0104904
0.0104769
0.0104636
0.0104503
0.010437
0.0104238
0.0104107
0.0103976
0.0103845
0.0103715
0.0103585
0.0103456
0.0103328
0.01032
0.0103072
0.0102945
0.0102818
0.0102692
0.0102566
0.0102441
0.0102316
0.0102192
0.0102068
0.0101945
0.0101822
0.0101699
0.0101577
0.0101455
0.0101334
0.0101213
0.0101093
0.0100973
0.0100853
0.0100734
0.0100616
0.0100497
0.010038
0.0100262
0.0100145
0.0100029
0.00999124
0.00997966
0.00996812
0.00995662
0.00994516
0.00993374
0.00992235
0.00991101
0.0098997
0.00988844
0.00987721
0.00986602
0.00985486
0.00984375
0.00983267
0.00982163
0.00981062
0.00979965
0.00978872
0.00977782
0.00976696
0.00975613
0.00974534
0.00973459
0.00972387
0.00971318
0.00970253
0.00969192
0.00968133
0.00967078
0.00966027
0.00964979
0.00963934
0.00962892
0.00961854
0.00960819
0.00959788
0.00958759
0.00957734
0.00956712
0.00955693
0.00954678
0.00953665
0.00952656
0.00951649
0.00950646
0.00949646
0.00948649
0.00947655
0.00946664
0.00945676
0.00944691
0.00943709
0.0094273
0.00941754
0.00940781
0.00939811
0.00938844
0.00937879
0.00936917
0.00935959
0.00935003
0.0093405
0.00933099
0.00932152
0.00931207
0.00930265
0.00929326
0.0092839
0.00927456
0.00926525
0.00925596
0.00924671
0.00923748
0.00922827
0.00921909
0.00920994
0.00920082
0.00919172
0.00918264
0.0091736
0.00916457
0.00915557
0.0091466
0.00913766
0.00912873
0.00911984
0.00911096
0.00910212
0.00909329
0.00908449
0.00907572
0.00906697
0.00905824
0.00904954
0.00904086
0.0090322
0.00902357
0.00901496
0.00900638
0.00899782
0.00898928
0.00898076
0.00897227
0.0089638
0.00895535
0.00894693
0.00893852
0.00893014
0.00892178
0.00891345
0.00890513
0.00889684
0.00888857
0.00888032
0.00887209
0.00886389
0.0088557
0.00884754
0.00883939
0.00883127
0.00882317
0.00881509
0.00880703
0.00879899
0.00879098
0.00878298
0.008775
0.00876704
0.00875911
0.00875119
0.00874329
0.00873542
0.00872756
0.00871972
0.0087119
0.00870411
0.00869633
0.00868857
0.00868083
0.00867311
0.0086654
0.00865772
0.00865006
0.00864241
0.00863478
0.00862718
0.00861959
0.00861202
0.00860446
0.00859693
0.00858941
0.00858191
0.00857443
0.00856697
0.00855953
0.0085521
0.00854469
0.0085373
0.00852993
0.00852257
0.00851524
0.00850791
0.00850061
0.00849332
0.00848605
0.0084788
0.00847157
0.00846435
0.00845715
0.00844996
0.00844279
0.00843564
0.00842851
0.00842139
0.00841428
0.0084072
0.00840013
0.00839308
0.00838604
0.00837902
0.00837201
0.00836502
0.00835805
0.00835109
0.00834415
0.00833722
0.00833031
0.00832341
0.00831653
0.00830967
0.00830282
0.00829599
0.00828917
0.00828236
0.00827557
0.0082688
0.00826204
0.0082553
0.00824857
0.00824185
0.00823515
0.00822847
0.0082218
0.00821514
0.0082085
0.00820187
0.00819526
0.00818866
0.00818207
0.0081755
0.00816895
0.0081624
0.00815587
0.00814936
0.00814286
0.00813637
0.0081299
0.00812344
0.00811699
0.00811056
0.00810414
0.00809773
0.00809134
0.00808496
0.0080786
0.00807224
0.00806591
0.00805958
0.00805327
0.00804697
0.00804068
0.0080344
0.00802814
0.00802189
0.00801566
0.00800944
0.00800323
0.00799703
0.00799084
0.00798467
0.00797851
0.00797236
0.00796622
0.0079601
0.00795399
0.00794789
0.0079418
0.00793573
0.00792967
0.00792361
0.00791758
0.00791155
0.00790553
0.00789953
0.00789354
0.00788756
0.00788159
0.00787563
0.00786969
0.00786375
0.00785783
0.00785192
0.00784602
0.00784013
0.00783425
0.00782839
0.00782253
0.00781669
0.00781086
0.00780504
0.00779923
0.00779343
0.00778764
0.00778186
0.00777609
0.00777034
0.00776459
0.00775885
0.00775313
0.00774742
0.00774171
0.00773602
0.00773034
0.00772466
0.007719
0.00771335
0.00770771
0.00770208
0.00769646
0.00769084
0.00768524
0.00767965
0.00767407
0.0076685
0.00766294
0.00765739
0.00765185
0.00764631
0.00764079
0.00763528
0.00762977
0.00762428
0.0076188
0.00761332
0.00760786
0.0076024
0.00759695
0.00759151
0.00758609
0.00758067
0.00757526
0.00756985
0.00756446
0.00755908
0.0075537
0.00754834
0.00754298
0.00753763
0.00753229
0.00752696
0.00752164
0.00751633
0.00751102
0.00750572
0.00750044
0.00749516
0.00748988
0.00748462
0.00747936
0.00747412
0.00746888
0.00746364
0.00745842
0.0074532
0.007448
0.0074428
0.0074376
0.00743242
0.00742724
0.00742207
0.00741691
0.00741175
0.0074066
0.00740146
0.00739632
0.0073912
0.00738608
0.00738096
0.00737586
0.00737076
0.00736566
0.00736058
0.00735549
0.00735042
0.00734535
0.00734029
0.00733523
0.00733018
0.00732514
0.0073201
0.00731507
0.00731004
0.00730502
0.0073
0.00729499
0.00728999
0.00728499
0.00727999
0.007275
0.00727001
0.00726503
0.00726005
0.00725507
0.0072501
0.00724513
0.00724017
0.00723521
0.00723025
0.0072253
0.00722035
0.0072154
0.00721045
0.00720551
0.00720056
0.00719562
0.00719068
0.00718574
0.0071808
0.00717587
0.00717093
0.00716599
0.00716105
0.00715611
0.00715117
0.00714622
0.00714128
0.00713633
0.00713138
0.00712642
0.00712146
0.0071165
0.00711153
0.00710655
0.00710157
0.00709658
0.00709158
0.00708657
0.00708155
0.00707652
0.00707148
0.00706642
0.00706135
0.00705627
0.00705116
0.00704604
0.0070409
0.00703574
0.00703055
0.00702534
0.0070201
0.00701483
0.00700953
0.0070042
0.00699882
0.00699341
0.00698795
0.00698244
0.00697688
0.00697126
0.00696558
0.00695984
0.00695402
0.00694811
0.00694213
0.00693604
0.00692985
0.00692354
0.00691711
0.00691053
0.0069038
0.00689689
0.00688979
0.00688248
0.00687492
0.0068671
0.00685897
0.0068505
0.00684164
0.00683233
0.00682251
0.0068121
0.006801
0.00678911
0.00677626
0.00676229
0.00674698
0.00673002
0.00671105
0.00668957
0.0066649
0.00663612
0.00660188
0.00656023
0.00650813
0.00644071
0.00634951
0.00621869
0.0060152
0.00566038
0.00490197
0.0034467
0.00334828
0.00320226
0.00302908
0.0028567
0.00271312
0.00262554
0.00261502
0.00268584
0.00281516
0.00295642
0.00306316
0.00311338
0.00311164
0.00307532
0.00302251
0.00296733
0.00291955
0.00288547
0.00286831
0.00286831
0.00288268
0.00290613
0.00293207
0.00295438
0.00296892
0.00297419
0.0029711
0.00296212
0.00295032
0.00293862
0.00292925
0.00292354
0.00292185
0.00292369
0.00292797
0.00293332
0.00293843
0.0029423
0.00294441
0.00294474
0.00294362
0.00294163
0.00293939
0.00293745
0.00293617
0.00293572
0.00293604
0.00293693
0.00293812
0.00293931
0.00294027
0.00294085
0.00294103
0.00294083
0.00294038
0.00293981
0.00293926
0.00293881
0.00293853
0.00293842
0.00293846
0.00293858
0.00293872
0.00293884
0.00293888
0.00293884
0.00293873
0.00293855
0.00293835
0.00293816
0.002938
0.00293789
0.00293785
0.00293786
0.00293792
0.00293802
0.00293814
0.00293826
0.00293838
0.00293849
0.00293859
0.00293868
0.00293876
0.00293884
0.00293891
0.00293898
0.00293905
0.0029391
0.00293915
0.00293918
0.0029392
0.0029392
0.00293918
0.00293915
0.0029391
0.00293905
0.00293899
0.00293892
0.00293885
0.00293877
0.0029387
0.00293863
0.00293856
0.00293849
0.00293843
0.00293837
0.00293832
0.00293827
0.00293824
0.00293821
0.00293819
0.00293818
0.00293818
0.00293819
0.0029382
0.00293822
0.00293824
0.00293826
0.00293828
0.0029383
0.00293832
0.00293834
0.00293835
0.00293836
0.00293837
0.00293837
0.00293837
0.00293837
0.00293837
0.00293837
0.00293837
0.00293837
0.00293837
0.00293838
0.0029384
0.00293842
0.00293844
0.00293847
0.0029385
0.00293854
0.00293858
0.00293862
0.00293866
0.0029387
0.00293875
0.00293879
0.00293883
0.00293886
0.00293889
0.00293892
0.00293894
0.00293895
0.00293896
0.00293896
0.00293896
0.00293895
0.00293894
0.00293892
0.0029389
0.00293887
0.00293884
0.00293881
0.00293878
0.00293875
0.00293872
0.0029387
0.00293867
0.00293865
0.00293864
0.00293862
0.00293861
0.00293861
0.00293861
0.00293861
0.00293862
0.00293863
0.00293865
0.00293867
0.00293869
0.00293871
0.00293873
0.00293876
0.00293878
0.0029388
0.00293882
0.00293884
0.00293885
0.00293886
0.00293887
0.00293887
0.00293887
0.00293887
0.00293886
0.00293885
0.00293884
0.00293882
0.0029388
0.00293878
0.00293875
0.00293872
0.0029387
0.00293867
0.00293864
0.00293862
0.00293859
0.00293857
0.00293854
0.00293852
0.0029385
0.00293848
0.00293847
0.00293845
0.00293844
0.00293843
0.00293843
0.00293842
0.00293842
0.00293842
0.00293842
0.00293842
0.00293842
0.00293843
0.00293843
0.00293844
0.00293845
0.00293846
0.00293847
0.00293848
0.00293849
0.00293851
0.00293852
0.00293854
0.00293855
0.00293857
0.00293859
0.00293861
0.00293863
0.00293865
0.00293867
0.00293868
0.0029387
0.00293872
0.00293874
0.00293875
0.00293877
0.00293878
0.0029388
0.00293881
0.00293881
0.00293882
0.00293882
0.00293883
0.00293883
0.00293882
0.00293882
0.00293881
0.0029388
0.00293879
0.00293878
0.00293877
0.00293875
0.00293874
0.00293872
0.0029387
0.00293869
0.00293867
0.00293865
0.00293864
0.00293862
0.0029386
0.00293859
0.00293858
0.00293856
0.00293855
0.00293854
0.00293854
0.00293853
0.00293852
0.00293852
0.00293852
0.00293852
0.00293852
0.00293852
0.00293852
0.00293852
0.00293853
0.00293854
0.00293855
0.00293855
0.00293856
0.00293857
0.00293859
0.0029386
0.00293861
0.00293863
0.00293864
0.00293865
0.00293867
0.00293868
0.0029387
0.00293871
0.00293872
0.00293874
)
;

boundaryField
{
    inlet
    {
        type            calculated;
        value           uniform 0.0147929;
    }
    outlet
    {
        type            calculated;
        value           uniform 0.00293874;
    }
    emptyWalls
    {
        type            empty;
    }
}


// ************************************************************************* //
