/*--------------------------------*- C++ -*----------------------------------*\
  =========                 |
  \\      /  F ield         | OpenFOAM: The Open Source CFD Toolbox
   \\    /   O peration     | Website:  https://openfoam.org
    \\  /    A nd           | Version:  9
     \\/     M anipulation  |
\*---------------------------------------------------------------------------*/
FoamFile
{
    format      ascii;
    class       surfaceScalarField;
    location    "8.7";
    object      phib;
}
// * * * * * * * * * * * * * * * * * * * * * * * * * * * * * * * * * * * * * //

dimensions      [0 2 0 0 0 0 0];

internalField   nonuniform List<scalar> 
999
(
0.290578
0.290576
0.290574
0.29057
0.290567
0.290563
0.290558
0.290553
0.290547
0.290541
0.290534
0.290527
0.290519
0.290511
0.290502
0.290493
0.290483
0.290473
0.290463
0.290452
0.290441
0.290429
0.290417
0.290404
0.290391
0.290378
0.290364
0.29035
0.290335
0.29032
0.290305
0.290289
0.290273
0.290257
0.29024
0.290223
0.290205
0.290188
0.290169
0.290151
0.290132
0.290113
0.290094
0.290074
0.290054
0.290033
0.290012
0.289991
0.28997
0.289948
0.289926
0.289904
0.289882
0.289859
0.289836
0.289812
0.289789
0.289765
0.28974
0.289716
0.289691
0.289666
0.289641
0.289615
0.289589
0.289563
0.289537
0.28951
0.289484
0.289456
0.289429
0.289402
0.289374
0.289346
0.289317
0.289289
0.28926
0.289231
0.289202
0.289172
0.289143
0.289113
0.289083
0.289052
0.289022
0.288991
0.28896
0.288929
0.288898
0.288866
0.288834
0.288802
0.28877
0.288738
0.288705
0.288672
0.288639
0.288606
0.288572
0.288539
0.288505
0.288471
0.288437
0.288403
0.288368
0.288333
0.288298
0.288263
0.288228
0.288193
0.288157
0.288121
0.288085
0.288049
0.288013
0.287976
0.28794
0.287903
0.287866
0.287829
0.287791
0.287754
0.287716
0.287678
0.28764
0.287602
0.287564
0.287525
0.287487
0.287448
0.287409
0.28737
0.287331
0.287291
0.287252
0.287212
0.287172
0.287132
0.287092
0.287052
0.287011
0.286971
0.28693
0.286889
0.286848
0.286807
0.286766
0.286724
0.286683
0.286641
0.286599
0.286557
0.286515
0.286473
0.28643
0.286388
0.286345
0.286302
0.286259
0.286216
0.286173
0.28613
0.286086
0.286043
0.285999
0.285955
0.285911
0.285867
0.285823
0.285779
0.285734
0.28569
0.285645
0.2856
0.285555
0.28551
0.285465
0.28542
0.285374
0.285329
0.285283
0.285237
0.285191
0.285145
0.285099
0.285053
0.285007
0.28496
0.284913
0.284867
0.28482
0.284773
0.284726
0.284679
0.284632
0.284584
0.284537
0.284489
0.284441
0.284394
0.284346
0.284298
0.28425
0.284201
0.284153
0.284105
0.284056
0.284007
0.283959
0.28391
0.283861
0.283812
0.283762
0.283713
0.283664
0.283614
0.283565
0.283515
0.283465
0.283415
0.283365
0.283315
0.283265
0.283215
0.283165
0.283114
0.283063
0.283013
0.282962
0.282911
0.28286
0.282809
0.282758
0.282707
0.282655
0.282604
0.282552
0.282501
0.282449
0.282397
0.282345
0.282293
0.282241
0.282189
0.282137
0.282085
0.282032
0.28198
0.281927
0.281874
0.281821
0.281769
0.281716
0.281663
0.281609
0.281556
0.281503
0.281449
0.281396
0.281342
0.281289
0.281235
0.281181
0.281127
0.281073
0.281019
0.280965
0.28091
0.280856
0.280802
0.280747
0.280692
0.280638
0.280583
0.280528
0.280473
0.280418
0.280363
0.280308
0.280252
0.280197
0.280142
0.280086
0.28003
0.279975
0.279919
0.279863
0.279807
0.279751
0.279695
0.279639
0.279583
0.279526
0.27947
0.279413
0.279357
0.2793
0.279243
0.279187
0.27913
0.279073
0.279016
0.278958
0.278901
0.278844
0.278787
0.278729
0.278672
0.278614
0.278556
0.278499
0.278441
0.278383
0.278325
0.278267
0.278209
0.278151
0.278092
0.278034
0.277976
0.277917
0.277859
0.2778
0.277741
0.277682
0.277623
0.277565
0.277506
0.277446
0.277387
0.277328
0.277269
0.277209
0.27715
0.27709
0.277031
0.276971
0.276911
0.276852
0.276792
0.276732
0.276672
0.276612
0.276551
0.276491
0.276431
0.27637
0.27631
0.276249
0.276189
0.276128
0.276067
0.276006
0.275946
0.275885
0.275824
0.275762
0.275701
0.27564
0.275579
0.275517
0.275456
0.275394
0.275333
0.275271
0.275209
0.275148
0.275086
0.275024
0.274962
0.2749
0.274838
0.274775
0.274713
0.274651
0.274588
0.274526
0.274463
0.274401
0.274338
0.274275
0.274212
0.274149
0.274086
0.274023
0.27396
0.273897
0.273834
0.273771
0.273707
0.273644
0.27358
0.273517
0.273453
0.273389
0.273326
0.273262
0.273198
0.273134
0.27307
0.273006
0.272941
0.272877
0.272813
0.272748
0.272684
0.272619
0.272555
0.27249
0.272426
0.272361
0.272296
0.272231
0.272166
0.272101
0.272036
0.271971
0.271905
0.27184
0.271775
0.271709
0.271644
0.271578
0.271513
0.271447
0.271381
0.271315
0.271249
0.271183
0.271117
0.271051
0.270985
0.270919
0.270852
0.270786
0.27072
0.270653
0.270587
0.27052
0.270453
0.270386
0.27032
0.270253
0.270186
0.270119
0.270052
0.269984
0.269917
0.26985
0.269783
0.269715
0.269648
0.26958
0.269512
0.269445
0.269377
0.269309
0.269241
0.269173
0.269105
0.269037
0.268969
0.268901
0.268833
0.268764
0.268696
0.268627
0.268559
0.26849
0.268422
0.268353
0.268284
0.268215
0.268146
0.268077
0.268008
0.267939
0.26787
0.2678
0.267731
0.267662
0.267592
0.267523
0.267453
0.267383
0.267314
0.267244
0.267174
0.267104
0.267034
0.266964
0.266894
0.266824
0.266753
0.266683
0.266612
0.266542
0.266471
0.266401
0.26633
0.266259
0.266188
0.266118
0.266047
0.265976
0.265904
0.265833
0.265762
0.265691
0.265619
0.265548
0.265476
0.265405
0.265333
0.265261
0.26519
0.265118
0.265046
0.264974
0.264902
0.264829
0.264757
0.264685
0.264613
0.26454
0.264468
0.264395
0.264322
0.26425
0.264177
0.264104
0.264031
0.263958
0.263885
0.263811
0.263738
0.263665
0.263591
0.263518
0.263444
0.263371
0.263297
0.263223
0.263149
0.263075
0.263001
0.262927
0.262853
0.262779
0.262704
0.26263
0.262555
0.262481
0.262406
0.262331
0.262257
0.262182
0.262107
0.262031
0.261956
0.261881
0.261806
0.26173
0.261655
0.261579
0.261503
0.261427
0.261352
0.261276
0.261199
0.261123
0.261047
0.260971
0.260894
0.260818
0.260741
0.260664
0.260587
0.26051
0.260433
0.260356
0.260279
0.260201
0.260124
0.260046
0.259968
0.25989
0.259813
0.259734
0.259656
0.259578
0.259499
0.259421
0.259342
0.259263
0.259184
0.259105
0.259026
0.258947
0.258867
0.258787
0.258708
0.258628
0.258548
0.258467
0.258387
0.258306
0.258225
0.258144
0.258063
0.257982
0.2579
0.257819
0.257737
0.257655
0.257572
0.25749
0.257407
0.257324
0.257241
0.257157
0.257074
0.25699
0.256905
0.256821
0.256736
0.256651
0.256565
0.256479
0.256393
0.256307
0.25622
0.256132
0.256045
0.255957
0.255868
0.255779
0.255689
0.255599
0.255509
0.255417
0.255326
0.255233
0.25514
0.255046
0.254952
0.254856
0.25476
0.254663
0.254565
0.254466
0.254365
0.254264
0.254161
0.254057
0.253951
0.253844
0.253735
0.253625
0.253512
0.253397
0.25328
0.25316
0.253037
0.252911
0.252782
0.252648
0.252511
0.252369
0.252221
0.252068
0.251908
0.25174
0.251564
0.251378
0.251181
0.250971
0.250746
0.250503
0.250238
0.249949
0.249628
0.249271
0.248866
0.248403
0.247864
0.247226
0.246452
0.24549
0.244254
0.242594
0.240238
0.236612
0.230299
0.216675
0.173592
0.149059
0.140029
0.143554
0.151626
0.15951
0.165578
0.169115
0.169425
0.166363
0.161061
0.155568
0.151608
0.149798
0.149859
0.151164
0.153093
0.155151
0.156968
0.158284
0.158952
0.15895
0.158385
0.157472
0.156472
0.15562
0.15507
0.154871
0.154988
0.155328
0.155777
0.156224
0.156585
0.156806
0.156872
0.156802
0.156638
0.156433
0.156238
0.156089
0.156007
0.155993
0.156034
0.156108
0.156192
0.156264
0.156311
0.156327
0.156314
0.156278
0.156232
0.156186
0.156148
0.156125
0.156118
0.156125
0.156142
0.156163
0.156183
0.1562
0.156209
0.156213
0.15621
0.156205
0.156198
0.156192
0.156189
0.15619
0.156193
0.156198
0.156204
0.15621
0.156215
0.156218
0.156218
0.156217
0.156213
0.156209
0.156203
0.156198
0.156193
0.156188
0.156184
0.15618
0.156177
0.156174
0.156171
0.156168
0.156165
0.156163
0.156161
0.156159
0.156158
0.156157
0.156157
0.156157
0.156158
0.156158
0.15616
0.156161
0.156162
0.156164
0.156165
0.156167
0.156168
0.156169
0.15617
0.156171
0.156172
0.156173
0.156173
0.156173
0.156173
0.156173
0.156172
0.156171
0.15617
0.156169
0.156168
0.156166
0.156165
0.156164
0.156163
0.156162
0.156161
0.15616
0.156159
0.156159
0.156158
0.156158
0.156157
0.156157
0.156156
0.156156
0.156155
0.156154
0.156153
0.156151
0.156149
0.156148
0.156145
0.156143
0.156141
0.156138
0.156135
0.156133
0.15613
0.156127
0.156125
0.156122
0.15612
0.156118
0.156116
0.156115
0.156113
0.156112
0.156111
0.156111
0.15611
0.15611
0.15611
0.15611
0.15611
0.15611
0.156111
0.156111
0.156111
0.156111
0.156111
0.156111
0.156111
0.156111
0.15611
0.156109
0.156108
0.156107
0.156106
0.156105
0.156103
0.156101
0.156099
0.156097
0.156095
0.156093
0.156091
0.156089
0.156087
0.156086
0.156084
0.156082
0.156081
0.15608
0.156078
0.156077
0.156077
0.156076
0.156076
0.156075
0.156075
0.156075
0.156075
0.156075
0.156075
0.156075
0.156075
0.156075
0.156076
0.156076
0.156076
0.156076
0.156076
0.156076
0.156075
0.156075
0.156075
0.156074
0.156074
0.156073
0.156073
0.156072
0.156071
0.15607
0.156069
0.156068
0.156067
0.156066
0.156065
0.156064
0.156063
0.156061
0.15606
0.156059
0.156057
0.156056
0.156054
0.156053
0.156051
0.15605
0.156048
0.156046
0.156045
0.156043
0.156041
0.15604
0.156038
0.156037
0.156035
0.156034
0.156032
0.156031
0.156029
0.156028
0.156027
0.156026
0.156025
0.156024
0.156023
0.156022
0.156021
0.156021
0.15602
0.156019
0.156019
0.156018
0.156018
0.156017
0.156017
0.156016
0.156016
0.156016
0.156015
0.156015
0.156014
0.156014
0.156013
0.156013
0.156012
0.156011
0.156011
0.15601
0.156009
0.156008
0.156008
0.156007
0.156006
0.156005
0.156004
0.156003
0.156002
0.156001
0.155999
0.155998
0.155997
0.155996
0.155994
0.155993
0.155991
0.15599
0.155989
0.155987
0.155986
0.155984
0.155983
0.155981
)
;

boundaryField
{
    inlet
    {
        type            calculated;
        value           uniform -0.290579;
    }
    outlet
    {
        type            calculated;
        value           uniform 0.15598;
    }
    emptyWalls
    {
        type            empty;
        value           nonuniform List<scalar> 0();
    }
}


// ************************************************************************* //
