/*--------------------------------*- C++ -*----------------------------------*\
  =========                 |
  \\      /  F ield         | OpenFOAM: The Open Source CFD Toolbox
   \\    /   O peration     | Website:  https://openfoam.org
    \\  /    A nd           | Version:  9
     \\/     M anipulation  |
\*---------------------------------------------------------------------------*/
FoamFile
{
    format      ascii;
    class       volVectorField;
    location    "8.7";
    object      Ub;
}
// * * * * * * * * * * * * * * * * * * * * * * * * * * * * * * * * * * * * * //

dimensions      [0 0 0 0 0 0 0];

internalField   nonuniform List<vector> 
1000
(
(0.290578 0 0)
(0.290577 0 0)
(0.290575 0 0)
(0.290572 0 0)
(0.290569 0 0)
(0.290565 0 0)
(0.29056 0 0)
(0.290555 0 0)
(0.29055 0 0)
(0.290544 0 0)
(0.290537 0 0)
(0.29053 0 0)
(0.290523 0 0)
(0.290515 0 0)
(0.290506 0 0)
(0.290498 0 0)
(0.290488 0 0)
(0.290478 0 0)
(0.290468 0 0)
(0.290457 0 0)
(0.290446 0 0)
(0.290435 0 0)
(0.290423 0 0)
(0.29041 0 0)
(0.290398 0 0)
(0.290384 0 0)
(0.290371 0 0)
(0.290357 0 0)
(0.290342 0 0)
(0.290328 0 0)
(0.290313 0 0)
(0.290297 0 0)
(0.290281 0 0)
(0.290265 0 0)
(0.290248 0 0)
(0.290231 0 0)
(0.290214 0 0)
(0.290197 0 0)
(0.290179 0 0)
(0.29016 0 0)
(0.290142 0 0)
(0.290123 0 0)
(0.290103 0 0)
(0.290084 0 0)
(0.290064 0 0)
(0.290043 0 0)
(0.290023 0 0)
(0.290002 0 0)
(0.289981 0 0)
(0.289959 0 0)
(0.289937 0 0)
(0.289915 0 0)
(0.289893 0 0)
(0.28987 0 0)
(0.289847 0 0)
(0.289824 0 0)
(0.2898 0 0)
(0.289777 0 0)
(0.289753 0 0)
(0.289728 0 0)
(0.289703 0 0)
(0.289679 0 0)
(0.289653 0 0)
(0.289628 0 0)
(0.289602 0 0)
(0.289576 0 0)
(0.28955 0 0)
(0.289524 0 0)
(0.289497 0 0)
(0.28947 0 0)
(0.289443 0 0)
(0.289415 0 0)
(0.289388 0 0)
(0.28936 0 0)
(0.289332 0 0)
(0.289303 0 0)
(0.289274 0 0)
(0.289246 0 0)
(0.289216 0 0)
(0.289187 0 0)
(0.289158 0 0)
(0.289128 0 0)
(0.289098 0 0)
(0.289068 0 0)
(0.289037 0 0)
(0.289007 0 0)
(0.288976 0 0)
(0.288945 0 0)
(0.288913 0 0)
(0.288882 0 0)
(0.28885 0 0)
(0.288818 0 0)
(0.288786 0 0)
(0.288754 0 0)
(0.288721 0 0)
(0.288688 0 0)
(0.288656 0 0)
(0.288622 0 0)
(0.288589 0 0)
(0.288556 0 0)
(0.288522 0 0)
(0.288488 0 0)
(0.288454 0 0)
(0.28842 0 0)
(0.288385 0 0)
(0.288351 0 0)
(0.288316 0 0)
(0.288281 0 0)
(0.288246 0 0)
(0.28821 0 0)
(0.288175 0 0)
(0.288139 0 0)
(0.288103 0 0)
(0.288067 0 0)
(0.288031 0 0)
(0.287994 0 0)
(0.287958 0 0)
(0.287921 0 0)
(0.287884 0 0)
(0.287847 0 0)
(0.28781 0 0)
(0.287772 0 0)
(0.287735 0 0)
(0.287697 0 0)
(0.287659 0 0)
(0.287621 0 0)
(0.287583 0 0)
(0.287545 0 0)
(0.287506 0 0)
(0.287467 0 0)
(0.287428 0 0)
(0.287389 0 0)
(0.28735 0 0)
(0.287311 0 0)
(0.287271 0 0)
(0.287232 0 0)
(0.287192 0 0)
(0.287152 0 0)
(0.287112 0 0)
(0.287072 0 0)
(0.287032 0 0)
(0.286991 0 0)
(0.28695 0 0)
(0.28691 0 0)
(0.286869 0 0)
(0.286828 0 0)
(0.286786 0 0)
(0.286745 0 0)
(0.286703 0 0)
(0.286662 0 0)
(0.28662 0 0)
(0.286578 0 0)
(0.286536 0 0)
(0.286494 0 0)
(0.286452 0 0)
(0.286409 0 0)
(0.286366 0 0)
(0.286324 0 0)
(0.286281 0 0)
(0.286238 0 0)
(0.286195 0 0)
(0.286151 0 0)
(0.286108 0 0)
(0.286065 0 0)
(0.286021 0 0)
(0.285977 0 0)
(0.285933 0 0)
(0.285889 0 0)
(0.285845 0 0)
(0.285801 0 0)
(0.285756 0 0)
(0.285712 0 0)
(0.285667 0 0)
(0.285623 0 0)
(0.285578 0 0)
(0.285533 0 0)
(0.285487 0 0)
(0.285442 0 0)
(0.285397 0 0)
(0.285351 0 0)
(0.285306 0 0)
(0.28526 0 0)
(0.285214 0 0)
(0.285168 0 0)
(0.285122 0 0)
(0.285076 0 0)
(0.28503 0 0)
(0.284983 0 0)
(0.284937 0 0)
(0.28489 0 0)
(0.284843 0 0)
(0.284796 0 0)
(0.284749 0 0)
(0.284702 0 0)
(0.284655 0 0)
(0.284608 0 0)
(0.28456 0 0)
(0.284513 0 0)
(0.284465 0 0)
(0.284418 0 0)
(0.28437 0 0)
(0.284322 0 0)
(0.284274 0 0)
(0.284225 0 0)
(0.284177 0 0)
(0.284129 0 0)
(0.28408 0 0)
(0.284032 0 0)
(0.283983 0 0)
(0.283934 0 0)
(0.283885 0 0)
(0.283836 0 0)
(0.283787 0 0)
(0.283738 0 0)
(0.283688 0 0)
(0.283639 0 0)
(0.28359 0 0)
(0.28354 0 0)
(0.28349 0 0)
(0.28344 0 0)
(0.28339 0 0)
(0.28334 0 0)
(0.28329 0 0)
(0.28324 0 0)
(0.28319 0 0)
(0.283139 0 0)
(0.283089 0 0)
(0.283038 0 0)
(0.282987 0 0)
(0.282937 0 0)
(0.282886 0 0)
(0.282835 0 0)
(0.282784 0 0)
(0.282732 0 0)
(0.282681 0 0)
(0.28263 0 0)
(0.282578 0 0)
(0.282527 0 0)
(0.282475 0 0)
(0.282423 0 0)
(0.282371 0 0)
(0.282319 0 0)
(0.282267 0 0)
(0.282215 0 0)
(0.282163 0 0)
(0.282111 0 0)
(0.282058 0 0)
(0.282006 0 0)
(0.281953 0 0)
(0.281901 0 0)
(0.281848 0 0)
(0.281795 0 0)
(0.281742 0 0)
(0.281689 0 0)
(0.281636 0 0)
(0.281583 0 0)
(0.281529 0 0)
(0.281476 0 0)
(0.281423 0 0)
(0.281369 0 0)
(0.281315 0 0)
(0.281262 0 0)
(0.281208 0 0)
(0.281154 0 0)
(0.2811 0 0)
(0.281046 0 0)
(0.280992 0 0)
(0.280937 0 0)
(0.280883 0 0)
(0.280829 0 0)
(0.280774 0 0)
(0.28072 0 0)
(0.280665 0 0)
(0.28061 0 0)
(0.280555 0 0)
(0.2805 0 0)
(0.280445 0 0)
(0.28039 0 0)
(0.280335 0 0)
(0.28028 0 0)
(0.280225 0 0)
(0.280169 0 0)
(0.280114 0 0)
(0.280058 0 0)
(0.280003 0 0)
(0.279947 0 0)
(0.279891 0 0)
(0.279835 0 0)
(0.279779 0 0)
(0.279723 0 0)
(0.279667 0 0)
(0.279611 0 0)
(0.279554 0 0)
(0.279498 0 0)
(0.279442 0 0)
(0.279385 0 0)
(0.279328 0 0)
(0.279272 0 0)
(0.279215 0 0)
(0.279158 0 0)
(0.279101 0 0)
(0.279044 0 0)
(0.278987 0 0)
(0.27893 0 0)
(0.278873 0 0)
(0.278815 0 0)
(0.278758 0 0)
(0.2787 0 0)
(0.278643 0 0)
(0.278585 0 0)
(0.278528 0 0)
(0.27847 0 0)
(0.278412 0 0)
(0.278354 0 0)
(0.278296 0 0)
(0.278238 0 0)
(0.27818 0 0)
(0.278121 0 0)
(0.278063 0 0)
(0.278005 0 0)
(0.277946 0 0)
(0.277888 0 0)
(0.277829 0 0)
(0.277771 0 0)
(0.277712 0 0)
(0.277653 0 0)
(0.277594 0 0)
(0.277535 0 0)
(0.277476 0 0)
(0.277417 0 0)
(0.277358 0 0)
(0.277298 0 0)
(0.277239 0 0)
(0.27718 0 0)
(0.27712 0 0)
(0.277061 0 0)
(0.277001 0 0)
(0.276941 0 0)
(0.276881 0 0)
(0.276822 0 0)
(0.276762 0 0)
(0.276702 0 0)
(0.276642 0 0)
(0.276581 0 0)
(0.276521 0 0)
(0.276461 0 0)
(0.276401 0 0)
(0.27634 0 0)
(0.27628 0 0)
(0.276219 0 0)
(0.276158 0 0)
(0.276098 0 0)
(0.276037 0 0)
(0.275976 0 0)
(0.275915 0 0)
(0.275854 0 0)
(0.275793 0 0)
(0.275732 0 0)
(0.275671 0 0)
(0.275609 0 0)
(0.275548 0 0)
(0.275487 0 0)
(0.275425 0 0)
(0.275364 0 0)
(0.275302 0 0)
(0.27524 0 0)
(0.275179 0 0)
(0.275117 0 0)
(0.275055 0 0)
(0.274993 0 0)
(0.274931 0 0)
(0.274869 0 0)
(0.274806 0 0)
(0.274744 0 0)
(0.274682 0 0)
(0.274619 0 0)
(0.274557 0 0)
(0.274494 0 0)
(0.274432 0 0)
(0.274369 0 0)
(0.274307 0 0)
(0.274244 0 0)
(0.274181 0 0)
(0.274118 0 0)
(0.274055 0 0)
(0.273992 0 0)
(0.273929 0 0)
(0.273865 0 0)
(0.273802 0 0)
(0.273739 0 0)
(0.273675 0 0)
(0.273612 0 0)
(0.273548 0 0)
(0.273485 0 0)
(0.273421 0 0)
(0.273357 0 0)
(0.273294 0 0)
(0.27323 0 0)
(0.273166 0 0)
(0.273102 0 0)
(0.273038 0 0)
(0.272973 0 0)
(0.272909 0 0)
(0.272845 0 0)
(0.272781 0 0)
(0.272716 0 0)
(0.272652 0 0)
(0.272587 0 0)
(0.272523 0 0)
(0.272458 0 0)
(0.272393 0 0)
(0.272328 0 0)
(0.272263 0 0)
(0.272198 0 0)
(0.272133 0 0)
(0.272068 0 0)
(0.272003 0 0)
(0.271938 0 0)
(0.271873 0 0)
(0.271807 0 0)
(0.271742 0 0)
(0.271676 0 0)
(0.271611 0 0)
(0.271545 0 0)
(0.27148 0 0)
(0.271414 0 0)
(0.271348 0 0)
(0.271282 0 0)
(0.271216 0 0)
(0.27115 0 0)
(0.271084 0 0)
(0.271018 0 0)
(0.270952 0 0)
(0.270886 0 0)
(0.270819 0 0)
(0.270753 0 0)
(0.270686 0 0)
(0.27062 0 0)
(0.270553 0 0)
(0.270487 0 0)
(0.27042 0 0)
(0.270353 0 0)
(0.270286 0 0)
(0.270219 0 0)
(0.270152 0 0)
(0.270085 0 0)
(0.270018 0 0)
(0.269951 0 0)
(0.269884 0 0)
(0.269816 0 0)
(0.269749 0 0)
(0.269681 0 0)
(0.269614 0 0)
(0.269546 0 0)
(0.269479 0 0)
(0.269411 0 0)
(0.269343 0 0)
(0.269275 0 0)
(0.269207 0 0)
(0.269139 0 0)
(0.269071 0 0)
(0.269003 0 0)
(0.268935 0 0)
(0.268867 0 0)
(0.268798 0 0)
(0.26873 0 0)
(0.268662 0 0)
(0.268593 0 0)
(0.268525 0 0)
(0.268456 0 0)
(0.268387 0 0)
(0.268318 0 0)
(0.26825 0 0)
(0.268181 0 0)
(0.268112 0 0)
(0.268043 0 0)
(0.267973 0 0)
(0.267904 0 0)
(0.267835 0 0)
(0.267766 0 0)
(0.267696 0 0)
(0.267627 0 0)
(0.267557 0 0)
(0.267488 0 0)
(0.267418 0 0)
(0.267348 0 0)
(0.267279 0 0)
(0.267209 0 0)
(0.267139 0 0)
(0.267069 0 0)
(0.266999 0 0)
(0.266929 0 0)
(0.266859 0 0)
(0.266788 0 0)
(0.266718 0 0)
(0.266648 0 0)
(0.266577 0 0)
(0.266507 0 0)
(0.266436 0 0)
(0.266365 0 0)
(0.266295 0 0)
(0.266224 0 0)
(0.266153 0 0)
(0.266082 0 0)
(0.266011 0 0)
(0.26594 0 0)
(0.265869 0 0)
(0.265798 0 0)
(0.265726 0 0)
(0.265655 0 0)
(0.265584 0 0)
(0.265512 0 0)
(0.265441 0 0)
(0.265369 0 0)
(0.265297 0 0)
(0.265225 0 0)
(0.265154 0 0)
(0.265082 0 0)
(0.26501 0 0)
(0.264938 0 0)
(0.264866 0 0)
(0.264793 0 0)
(0.264721 0 0)
(0.264649 0 0)
(0.264576 0 0)
(0.264504 0 0)
(0.264431 0 0)
(0.264359 0 0)
(0.264286 0 0)
(0.264213 0 0)
(0.26414 0 0)
(0.264067 0 0)
(0.263994 0 0)
(0.263921 0 0)
(0.263848 0 0)
(0.263775 0 0)
(0.263702 0 0)
(0.263628 0 0)
(0.263555 0 0)
(0.263481 0 0)
(0.263408 0 0)
(0.263334 0 0)
(0.26326 0 0)
(0.263186 0 0)
(0.263112 0 0)
(0.263038 0 0)
(0.262964 0 0)
(0.26289 0 0)
(0.262816 0 0)
(0.262742 0 0)
(0.262667 0 0)
(0.262593 0 0)
(0.262518 0 0)
(0.262443 0 0)
(0.262369 0 0)
(0.262294 0 0)
(0.262219 0 0)
(0.262144 0 0)
(0.262069 0 0)
(0.261994 0 0)
(0.261919 0 0)
(0.261843 0 0)
(0.261768 0 0)
(0.261692 0 0)
(0.261617 0 0)
(0.261541 0 0)
(0.261465 0 0)
(0.261389 0 0)
(0.261314 0 0)
(0.261237 0 0)
(0.261161 0 0)
(0.261085 0 0)
(0.261009 0 0)
(0.260932 0 0)
(0.260856 0 0)
(0.260779 0 0)
(0.260702 0 0)
(0.260626 0 0)
(0.260549 0 0)
(0.260472 0 0)
(0.260395 0 0)
(0.260317 0 0)
(0.26024 0 0)
(0.260162 0 0)
(0.260085 0 0)
(0.260007 0 0)
(0.259929 0 0)
(0.259852 0 0)
(0.259773 0 0)
(0.259695 0 0)
(0.259617 0 0)
(0.259539 0 0)
(0.25946 0 0)
(0.259382 0 0)
(0.259303 0 0)
(0.259224 0 0)
(0.259145 0 0)
(0.259066 0 0)
(0.258986 0 0)
(0.258907 0 0)
(0.258827 0 0)
(0.258748 0 0)
(0.258668 0 0)
(0.258588 0 0)
(0.258507 0 0)
(0.258427 0 0)
(0.258346 0 0)
(0.258266 0 0)
(0.258185 0 0)
(0.258104 0 0)
(0.258023 0 0)
(0.257941 0 0)
(0.25786 0 0)
(0.257778 0 0)
(0.257696 0 0)
(0.257614 0 0)
(0.257531 0 0)
(0.257448 0 0)
(0.257366 0 0)
(0.257282 0 0)
(0.257199 0 0)
(0.257115 0 0)
(0.257032 0 0)
(0.256947 0 0)
(0.256863 0 0)
(0.256778 0 0)
(0.256693 0 0)
(0.256608 0 0)
(0.256522 0 0)
(0.256436 0 0)
(0.25635 0 0)
(0.256263 0 0)
(0.256176 0 0)
(0.256089 0 0)
(0.256001 0 0)
(0.255912 0 0)
(0.255823 0 0)
(0.255734 0 0)
(0.255644 0 0)
(0.255554 0 0)
(0.255463 0 0)
(0.255372 0 0)
(0.255279 0 0)
(0.255187 0 0)
(0.255093 0 0)
(0.254999 0 0)
(0.254904 0 0)
(0.254808 0 0)
(0.254711 0 0)
(0.254614 0 0)
(0.254515 0 0)
(0.254415 0 0)
(0.254315 0 0)
(0.254212 0 0)
(0.254109 0 0)
(0.254004 0 0)
(0.253898 0 0)
(0.25379 0 0)
(0.25368 0 0)
(0.253568 0 0)
(0.253454 0 0)
(0.253338 0 0)
(0.25322 0 0)
(0.253098 0 0)
(0.252974 0 0)
(0.252846 0 0)
(0.252715 0 0)
(0.25258 0 0)
(0.25244 0 0)
(0.252295 0 0)
(0.252145 0 0)
(0.251988 0 0)
(0.251824 0 0)
(0.251652 0 0)
(0.251471 0 0)
(0.25128 0 0)
(0.251076 0 0)
(0.250858 0 0)
(0.250624 0 0)
(0.25037 0 0)
(0.250093 0 0)
(0.249788 0 0)
(0.249449 0 0)
(0.249068 0 0)
(0.248635 0 0)
(0.248134 0 0)
(0.247545 0 0)
(0.246839 0 0)
(0.245971 0 0)
(0.244872 0 0)
(0.243424 0 0)
(0.241416 0 0)
(0.238425 0 0)
(0.233456 0 0)
(0.223487 0 0)
(0.195133 0 0)
(0.161325 0 0)
(0.144544 0 0)
(0.141792 0 0)
(0.14759 0 0)
(0.155568 0 0)
(0.162544 0 0)
(0.167346 0 0)
(0.16927 0 0)
(0.167894 0 0)
(0.163712 0 0)
(0.158315 0 0)
(0.153588 0 0)
(0.150703 0 0)
(0.149829 0 0)
(0.150511 0 0)
(0.152128 0 0)
(0.154122 0 0)
(0.15606 0 0)
(0.157626 0 0)
(0.158618 0 0)
(0.158951 0 0)
(0.158667 0 0)
(0.157928 0 0)
(0.156972 0 0)
(0.156046 0 0)
(0.155345 0 0)
(0.15497 0 0)
(0.154929 0 0)
(0.155158 0 0)
(0.155552 0 0)
(0.156001 0 0)
(0.156405 0 0)
(0.156695 0 0)
(0.156839 0 0)
(0.156837 0 0)
(0.15672 0 0)
(0.156536 0 0)
(0.156335 0 0)
(0.156163 0 0)
(0.156048 0 0)
(0.156 0 0)
(0.156014 0 0)
(0.156071 0 0)
(0.15615 0 0)
(0.156228 0 0)
(0.156288 0 0)
(0.156319 0 0)
(0.15632 0 0)
(0.156296 0 0)
(0.156255 0 0)
(0.156209 0 0)
(0.156167 0 0)
(0.156137 0 0)
(0.156122 0 0)
(0.156122 0 0)
(0.156133 0 0)
(0.156152 0 0)
(0.156173 0 0)
(0.156192 0 0)
(0.156205 0 0)
(0.156211 0 0)
(0.156212 0 0)
(0.156208 0 0)
(0.156201 0 0)
(0.156195 0 0)
(0.156191 0 0)
(0.156189 0 0)
(0.156191 0 0)
(0.156195 0 0)
(0.156201 0 0)
(0.156207 0 0)
(0.156213 0 0)
(0.156216 0 0)
(0.156218 0 0)
(0.156217 0 0)
(0.156215 0 0)
(0.156211 0 0)
(0.156206 0 0)
(0.156201 0 0)
(0.156195 0 0)
(0.15619 0 0)
(0.156186 0 0)
(0.156182 0 0)
(0.156179 0 0)
(0.156175 0 0)
(0.156172 0 0)
(0.156169 0 0)
(0.156167 0 0)
(0.156164 0 0)
(0.156162 0 0)
(0.15616 0 0)
(0.156158 0 0)
(0.156157 0 0)
(0.156157 0 0)
(0.156157 0 0)
(0.156157 0 0)
(0.156158 0 0)
(0.156159 0 0)
(0.15616 0 0)
(0.156162 0 0)
(0.156163 0 0)
(0.156164 0 0)
(0.156166 0 0)
(0.156167 0 0)
(0.156169 0 0)
(0.15617 0 0)
(0.156171 0 0)
(0.156172 0 0)
(0.156172 0 0)
(0.156173 0 0)
(0.156173 0 0)
(0.156173 0 0)
(0.156173 0 0)
(0.156172 0 0)
(0.156172 0 0)
(0.156171 0 0)
(0.156169 0 0)
(0.156168 0 0)
(0.156167 0 0)
(0.156166 0 0)
(0.156164 0 0)
(0.156163 0 0)
(0.156162 0 0)
(0.156161 0 0)
(0.15616 0 0)
(0.15616 0 0)
(0.156159 0 0)
(0.156159 0 0)
(0.156158 0 0)
(0.156158 0 0)
(0.156157 0 0)
(0.156157 0 0)
(0.156156 0 0)
(0.156155 0 0)
(0.156154 0 0)
(0.156153 0 0)
(0.156152 0 0)
(0.15615 0 0)
(0.156149 0 0)
(0.156147 0 0)
(0.156144 0 0)
(0.156142 0 0)
(0.156139 0 0)
(0.156137 0 0)
(0.156134 0 0)
(0.156131 0 0)
(0.156129 0 0)
(0.156126 0 0)
(0.156124 0 0)
(0.156121 0 0)
(0.156119 0 0)
(0.156117 0 0)
(0.156115 0 0)
(0.156114 0 0)
(0.156113 0 0)
(0.156112 0 0)
(0.156111 0 0)
(0.15611 0 0)
(0.15611 0 0)
(0.15611 0 0)
(0.15611 0 0)
(0.15611 0 0)
(0.15611 0 0)
(0.15611 0 0)
(0.156111 0 0)
(0.156111 0 0)
(0.156111 0 0)
(0.156111 0 0)
(0.156111 0 0)
(0.156111 0 0)
(0.156111 0 0)
(0.15611 0 0)
(0.15611 0 0)
(0.156109 0 0)
(0.156108 0 0)
(0.156107 0 0)
(0.156105 0 0)
(0.156104 0 0)
(0.156102 0 0)
(0.1561 0 0)
(0.156098 0 0)
(0.156096 0 0)
(0.156094 0 0)
(0.156092 0 0)
(0.15609 0 0)
(0.156088 0 0)
(0.156087 0 0)
(0.156085 0 0)
(0.156083 0 0)
(0.156082 0 0)
(0.15608 0 0)
(0.156079 0 0)
(0.156078 0 0)
(0.156077 0 0)
(0.156076 0 0)
(0.156076 0 0)
(0.156075 0 0)
(0.156075 0 0)
(0.156075 0 0)
(0.156075 0 0)
(0.156075 0 0)
(0.156075 0 0)
(0.156075 0 0)
(0.156075 0 0)
(0.156075 0 0)
(0.156075 0 0)
(0.156076 0 0)
(0.156076 0 0)
(0.156076 0 0)
(0.156076 0 0)
(0.156076 0 0)
(0.156076 0 0)
(0.156075 0 0)
(0.156075 0 0)
(0.156075 0 0)
(0.156074 0 0)
(0.156074 0 0)
(0.156073 0 0)
(0.156072 0 0)
(0.156071 0 0)
(0.156071 0 0)
(0.15607 0 0)
(0.156069 0 0)
(0.156068 0 0)
(0.156067 0 0)
(0.156066 0 0)
(0.156064 0 0)
(0.156063 0 0)
(0.156062 0 0)
(0.156061 0 0)
(0.156059 0 0)
(0.156058 0 0)
(0.156056 0 0)
(0.156055 0 0)
(0.156053 0 0)
(0.156052 0 0)
(0.15605 0 0)
(0.156049 0 0)
(0.156047 0 0)
(0.156046 0 0)
(0.156044 0 0)
(0.156042 0 0)
(0.156041 0 0)
(0.156039 0 0)
(0.156037 0 0)
(0.156036 0 0)
(0.156034 0 0)
(0.156033 0 0)
(0.156031 0 0)
(0.15603 0 0)
(0.156029 0 0)
(0.156028 0 0)
(0.156026 0 0)
(0.156025 0 0)
(0.156024 0 0)
(0.156023 0 0)
(0.156022 0 0)
(0.156022 0 0)
(0.156021 0 0)
(0.15602 0 0)
(0.15602 0 0)
(0.156019 0 0)
(0.156019 0 0)
(0.156018 0 0)
(0.156018 0 0)
(0.156017 0 0)
(0.156017 0 0)
(0.156016 0 0)
(0.156016 0 0)
(0.156015 0 0)
(0.156015 0 0)
(0.156014 0 0)
(0.156014 0 0)
(0.156013 0 0)
(0.156013 0 0)
(0.156012 0 0)
(0.156012 0 0)
(0.156011 0 0)
(0.15601 0 0)
(0.15601 0 0)
(0.156009 0 0)
(0.156008 0 0)
(0.156007 0 0)
(0.156006 0 0)
(0.156005 0 0)
(0.156004 0 0)
(0.156003 0 0)
(0.156002 0 0)
(0.156001 0 0)
(0.156 0 0)
(0.155999 0 0)
(0.155997 0 0)
(0.155996 0 0)
(0.155995 0 0)
(0.155994 0 0)
(0.155992 0 0)
(0.155991 0 0)
(0.155989 0 0)
(0.155988 0 0)
(0.155986 0 0)
(0.155985 0 0)
(0.155983 0 0)
(0.155982 0 0)
(0.15598 0 0)
)
;

boundaryField
{
    inlet
    {
        type            fractionalVelocity;
        U               1((1 0 0));
        fractionalFlow  Fb;
        value           uniform (0.290579 0 0);
    }
    outlet
    {
        type            zeroGradient;
    }
    emptyWalls
    {
        type            empty;
    }
}


// ************************************************************************* //
