/*--------------------------------*- C++ -*----------------------------------*\
  =========                 |
  \\      /  F ield         | OpenFOAM: The Open Source CFD Toolbox
   \\    /   O peration     | Website:  https://openfoam.org
    \\  /    A nd           | Version:  9
     \\/     M anipulation  |
\*---------------------------------------------------------------------------*/
FoamFile
{
    format      ascii;
    class       volScalarField;
    location    "3.4";
    object      Sa;
}
// * * * * * * * * * * * * * * * * * * * * * * * * * * * * * * * * * * * * * //

dimensions      [0 0 0 0 0 0 0];

internalField   nonuniform List<scalar> 
1000
(
0.498298
0.497275
0.496344
0.495462
0.494615
0.493796
0.493
0.492224
0.491466
0.490725
0.489999
0.489288
0.48859
0.487906
0.487233
0.486573
0.485923
0.485284
0.484656
0.484037
0.483428
0.482828
0.482237
0.481655
0.481081
0.480516
0.479958
0.479407
0.478864
0.478329
0.4778
0.477278
0.476763
0.476254
0.475751
0.475255
0.474764
0.47428
0.473801
0.473327
0.472859
0.472396
0.471939
0.471486
0.471038
0.470596
0.470158
0.469724
0.469295
0.468871
0.46845
0.468034
0.467623
0.467215
0.466811
0.466411
0.466015
0.465623
0.465235
0.46485
0.464469
0.464091
0.463716
0.463345
0.462977
0.462613
0.462252
0.461893
0.461538
0.461186
0.460837
0.460491
0.460148
0.459807
0.459469
0.459134
0.458802
0.458472
0.458145
0.457821
0.457499
0.457179
0.456862
0.456548
0.456235
0.455926
0.455618
0.455313
0.455009
0.454708
0.45441
0.454113
0.453818
0.453526
0.453236
0.452947
0.452661
0.452376
0.452094
0.451813
0.451534
0.451257
0.450982
0.450709
0.450438
0.450168
0.4499
0.449634
0.449369
0.449106
0.448845
0.448585
0.448327
0.448071
0.447816
0.447562
0.447311
0.44706
0.446811
0.446564
0.446318
0.446074
0.445831
0.445589
0.445349
0.44511
0.444872
0.444636
0.444401
0.444167
0.443935
0.443704
0.443474
0.443246
0.443019
0.442792
0.442568
0.442344
0.442121
0.4419
0.44168
0.441461
0.441243
0.441026
0.44081
0.440596
0.440382
0.44017
0.439958
0.439748
0.439538
0.43933
0.439123
0.438916
0.438711
0.438507
0.438303
0.438101
0.437899
0.437699
0.437499
0.437301
0.437103
0.436906
0.43671
0.436515
0.43632
0.436127
0.435934
0.435743
0.435552
0.435362
0.435172
0.434984
0.434796
0.434609
0.434423
0.434238
0.434053
0.43387
0.433687
0.433504
0.433323
0.433142
0.432962
0.432782
0.432603
0.432425
0.432248
0.432071
0.431895
0.43172
0.431545
0.431371
0.431197
0.431025
0.430852
0.430681
0.43051
0.430339
0.430169
0.43
0.429831
0.429663
0.429495
0.429328
0.429161
0.428995
0.42883
0.428664
0.4285
0.428335
0.428172
0.428008
0.427845
0.427683
0.427521
0.427359
0.427198
0.427036
0.426876
0.426715
0.426555
0.426395
0.426236
0.426076
0.425917
0.425758
0.425599
0.425441
0.425282
0.425123
0.424965
0.424806
0.424647
0.424488
0.424329
0.42417
0.42401
0.42385
0.42369
0.423529
0.423367
0.423204
0.423041
0.422876
0.422711
0.422544
0.422375
0.422204
0.422032
0.421857
0.421679
0.421498
0.421314
0.421125
0.420931
0.420731
0.420525
0.42031
0.420087
0.419852
0.419603
0.419338
0.419053
0.418743
0.418402
0.418021
0.417587
0.417083
0.416484
0.415748
0.414809
0.413552
0.411754
0.408941
0.403933
0.392319
0.314365
0.313075
0.311281
0.309313
0.307543
0.306361
0.306104
0.306884
0.308411
0.310074
0.311299
0.311853
0.311821
0.311412
0.310827
0.310219
0.309692
0.309318
0.309133
0.309142
0.309311
0.309578
0.309866
0.310108
0.31026
0.310308
0.310266
0.310164
0.310035
0.309911
0.309816
0.309763
0.309754
0.309783
0.309835
0.309895
0.309949
0.309986
0.310003
0.310001
0.309983
0.309957
0.30993
0.309908
0.309894
0.309889
0.309893
0.309902
0.309915
0.309926
0.309935
0.30994
0.309941
0.309938
0.309932
0.309926
0.309921
0.309916
0.309914
0.309914
0.309914
0.309916
0.309917
0.309918
0.309919
0.309918
0.309916
0.309914
0.309912
0.30991
0.309909
0.309908
0.309908
0.309909
0.30991
0.309911
0.309912
0.309913
0.309915
0.309916
0.309917
0.309918
0.309919
0.30992
0.309921
0.309922
0.309923
0.309924
0.309924
0.309925
0.309925
0.309926
0.309926
0.309926
0.309926
0.309926
0.309926
0.309926
0.309926
0.309925
0.309925
0.309925
0.309924
0.309924
0.309923
0.309923
0.309922
0.309922
0.309921
0.30992
0.30992
0.309919
0.309918
0.309918
0.309917
0.309917
0.309916
0.309916
0.309916
0.309916
0.309916
0.309916
0.309916
0.309916
0.309916
0.309917
0.309917
0.309918
0.309919
0.309919
0.30992
0.309921
0.309921
0.309922
0.309923
0.309923
0.309924
0.309924
0.309925
0.309925
0.309926
0.309926
0.309926
0.309926
0.309926
0.309926
0.309926
0.309926
0.309926
0.309926
0.309926
0.309925
0.309925
0.309924
0.309924
0.309924
0.309923
0.309923
0.309922
0.309922
0.309921
0.309921
0.309921
0.30992
0.30992
0.30992
0.30992
0.309919
0.309919
0.309919
0.309919
0.309919
0.309919
0.309919
0.30992
0.30992
0.30992
0.30992
0.309921
0.309921
0.309924
0.309937
0.310025
0.310901
0.318105
0.328364
0.329554
0.329557
0.329557
0.329557
0.329557
0.329556
0.329556
0.329556
0.329556
0.329555
0.329555
0.329555
0.329555
0.329554
0.329554
0.329554
0.329554
0.329554
0.329554
0.329554
0.329554
0.329555
0.329555
0.329555
0.329555
0.329555
0.329555
0.329555
0.329555
0.329555
0.329555
0.329555
0.329554
0.329554
0.329554
0.329554
0.329553
0.329553
0.329553
0.329552
0.329552
0.329551
0.329551
0.329551
0.32955
0.32955
0.32955
0.32955
0.329549
0.329549
0.329549
0.329549
0.329549
0.329549
0.329549
0.329549
0.329548
0.329548
0.329548
0.329548
0.329548
0.329548
0.329548
0.329548
0.329548
0.329548
0.329548
0.329548
0.329548
0.329548
0.329548
0.329548
0.329548
0.329548
0.329548
0.329548
0.329548
0.329548
0.329548
0.329548
0.329548
0.329548
0.329548
0.329548
0.329548
0.329548
0.329548
0.329548
0.329548
0.329548
0.329548
0.329548
0.329548
0.329548
0.329547
0.329547
0.329547
0.329547
0.329547
0.329547
0.329547
0.329547
0.329547
0.329547
0.329547
0.329547
0.329547
0.329547
0.329547
0.329547
0.329547
0.329547
0.329547
0.329547
0.329547
0.329547
0.329547
0.329547
0.329547
0.329547
0.329547
0.329546
0.329546
0.329546
0.329546
0.329546
0.329546
0.329546
0.329546
0.329546
0.329546
0.329545
0.329545
0.329545
0.329545
0.329545
0.329545
0.329545
0.329544
0.329544
0.329544
0.329544
0.329544
0.329543
0.329543
0.329543
0.329543
0.329543
0.329543
0.329542
0.329542
0.329542
0.329542
0.329542
0.329542
0.329542
0.329542
0.329542
0.329542
0.329542
0.329542
0.329542
0.329542
0.329542
0.329542
0.329542
0.329542
0.329542
0.329542
0.329542
0.329542
0.329542
0.329542
0.329542
0.329542
0.329542
0.329542
0.329542
0.329542
0.329542
0.329542
0.329541
0.329541
0.329541
0.329541
0.329541
0.329541
0.32954
0.32954
0.32954
0.32954
0.32954
0.329539
0.329539
0.329539
0.329539
0.329538
0.329538
0.329538
0.329538
0.329538
0.329537
0.329537
0.329537
0.329537
0.329537
0.329537
0.329536
0.329536
0.329536
0.329536
0.329536
0.329536
0.329536
0.329536
0.329536
0.329536
0.329536
0.329536
0.329536
0.329536
0.329536
0.329536
0.329536
0.329535
0.329535
0.329535
0.329535
0.329535
0.329535
0.329535
0.329535
0.329535
0.329535
0.329535
0.329535
0.329535
0.329535
0.329535
0.329535
0.329535
0.329535
0.329535
0.329535
0.329535
0.329534
0.329527
0.329132
0.304149
0.0215588
0
0
0
0
0
0
0
0
0
0
0
0
0
0
0
0
0
0
0
0
0
0
0
0
0
0
0
0
0
0
0
0
0
0
0
0
0
0
0
0
0
0
0
0
0
0
0
0
0
0
0
0
0
0
0
0
0
0
0
0
0
0
0
0
0
0
0
0
0
0
0
0
0
0
0
0
0
0
0
0
0
0
0
0
0
0
0
0
0
0
0
0
0
0
0
0
0
0
0
0
0
0
0
0
0
0
0
0
0
0
0
0
0
0
0
0
0
0
0
0
0
0
0
0
0
0
0
0
0
0
0
0
0
0
0
0
0
0
0
0
0
0
0
0
0
0
0
0
0
0
0
0
0
0
0
0
0
0
0
0
0
0
0
0
0
0
0
0
0
0
0
0
0
0
0
0
0
0
0
0
0
0
0
0
0
0
0
0
0
0
0
0
0
0
0
0
0
0
0
0
0
0
0
0
0
0
0
0
0
0
0
0
0
0
0
0
0
0
0
0
0
0
0
0
0
0
0
0
0
0
0
0
0
0
0
0
0
0
0
0
0
0
0
0
0
0
0
0
0
0
0
0
0
0
0
0
0
0
0
0
0
0
0
0
0
0
0
0
0
0
0
0
0
0
0
0
0
0
0
0
0
0
0
0
0
0
)
;

boundaryField
{
    inlet
    {
        type            fixedValue;
        value           uniform 0.5;
    }
    outlet
    {
        type            zeroGradient;
    }
    emptyWalls
    {
        type            empty;
    }
}


// ************************************************************************* //
