/*--------------------------------*- C++ -*----------------------------------*\
  =========                 |
  \\      /  F ield         | OpenFOAM: The Open Source CFD Toolbox
   \\    /   O peration     | Website:  https://openfoam.org
    \\  /    A nd           | Version:  9
     \\/     M anipulation  |
\*---------------------------------------------------------------------------*/
FoamFile
{
    format      ascii;
    class       volScalarField;
    location    "4.8";
    object      kra;
}
// * * * * * * * * * * * * * * * * * * * * * * * * * * * * * * * * * * * * * //

dimensions      [0 0 0 0 0 0 0];

internalField   nonuniform List<scalar> 
1000
(
0.0146482
0.014561
0.0144813
0.0144057
0.0143328
0.0142621
0.0141933
0.0141261
0.0140603
0.0139959
0.0139327
0.0138706
0.0138096
0.0137497
0.0136907
0.0136327
0.0135756
0.0135194
0.013464
0.0134095
0.0133557
0.0133027
0.0132504
0.0131988
0.013148
0.0130978
0.0130482
0.0129993
0.0129511
0.0129034
0.0128564
0.0128099
0.012764
0.0127186
0.0126738
0.0126295
0.0125858
0.0125425
0.0124997
0.0124574
0.0124156
0.0123742
0.0123333
0.0122929
0.0122528
0.0122132
0.012174
0.0121353
0.0120969
0.0120589
0.0120213
0.0119841
0.0119473
0.0119108
0.0118747
0.0118389
0.0118035
0.0117684
0.0117336
0.0116992
0.0116651
0.0116313
0.0115979
0.0115647
0.0115318
0.0114992
0.011467
0.011435
0.0114033
0.0113718
0.0113407
0.0113098
0.0112791
0.0112488
0.0112187
0.0111888
0.0111592
0.0111298
0.0111007
0.0110718
0.0110431
0.0110147
0.0109865
0.0109585
0.0109308
0.0109032
0.0108759
0.0108488
0.0108219
0.0107952
0.0107687
0.0107424
0.0107163
0.0106904
0.0106646
0.0106391
0.0106138
0.0105886
0.0105636
0.0105388
0.0105142
0.0104898
0.0104655
0.0104414
0.0104175
0.0103937
0.0103701
0.0103466
0.0103234
0.0103002
0.0102773
0.0102545
0.0102318
0.0102093
0.0101869
0.0101647
0.0101426
0.0101207
0.0100989
0.0100773
0.0100557
0.0100344
0.0100131
0.00999202
0.00997105
0.00995021
0.00992949
0.00990891
0.00988845
0.00986811
0.0098479
0.00982781
0.00980785
0.009788
0.00976826
0.00974865
0.00972915
0.00970977
0.0096905
0.00967134
0.00965229
0.00963335
0.00961452
0.0095958
0.00957718
0.00955867
0.00954026
0.00952195
0.00950375
0.00948565
0.00946765
0.00944974
0.00943194
0.00941423
0.00939662
0.0093791
0.00936168
0.00934435
0.00932711
0.00930996
0.00929291
0.00927594
0.00925906
0.00924227
0.00922557
0.00920896
0.00919243
0.00917598
0.00915962
0.00914334
0.00912714
0.00911103
0.00909499
0.00907904
0.00906316
0.00904736
0.00903165
0.009016
0.00900044
0.00898495
0.00896953
0.0089542
0.00893893
0.00892374
0.00890862
0.00889357
0.00887859
0.00886368
0.00884885
0.00883408
0.00881938
0.00880475
0.00879019
0.00877569
0.00876126
0.0087469
0.0087326
0.00871837
0.0087042
0.0086901
0.00867605
0.00866207
0.00864816
0.0086343
0.00862051
0.00860677
0.0085931
0.00857949
0.00856593
0.00855243
0.008539
0.00852562
0.00851229
0.00849903
0.00848582
0.00847266
0.00845956
0.00844652
0.00843353
0.00842059
0.00840771
0.00839488
0.00838211
0.00836939
0.00835671
0.00834409
0.00833153
0.00831901
0.00830654
0.00829412
0.00828176
0.00826944
0.00825717
0.00824495
0.00823277
0.00822065
0.00820857
0.00819654
0.00818455
0.00817261
0.00816072
0.00814888
0.00813707
0.00812532
0.0081136
0.00810194
0.00809031
0.00807873
0.00806719
0.0080557
0.00804424
0.00803283
0.00802146
0.00801014
0.00799885
0.0079876
0.0079764
0.00796524
0.00795411
0.00794302
0.00793198
0.00792097
0.00791
0.00789907
0.00788818
0.00787733
0.00786651
0.00785573
0.00784499
0.00783428
0.00782361
0.00781297
0.00780238
0.00779181
0.00778128
0.00777079
0.00776033
0.0077499
0.00773951
0.00772915
0.00771883
0.00770854
0.00769828
0.00768805
0.00767785
0.00766769
0.00765756
0.00764746
0.00763738
0.00762734
0.00761733
0.00760735
0.0075974
0.00758748
0.00757758
0.00756772
0.00755788
0.00754807
0.00753829
0.00752853
0.00751881
0.0075091
0.00749943
0.00748977
0.00748015
0.00747055
0.00746097
0.00745141
0.00744188
0.00743238
0.00742289
0.00741343
0.00740398
0.00739456
0.00738516
0.00737578
0.00736642
0.00735707
0.00734774
0.00733844
0.00732914
0.00731987
0.0073106
0.00730135
0.00729212
0.0072829
0.00727369
0.00726448
0.00725529
0.00724611
0.00723693
0.00722776
0.00721859
0.00720943
0.00720027
0.0071911
0.00718194
0.00717277
0.00716359
0.00715441
0.00714521
0.007136
0.00712678
0.00711753
0.00710826
0.00709897
0.00708964
0.00708028
0.00707088
0.00706143
0.00705193
0.00704237
0.00703274
0.00702304
0.00701326
0.00700338
0.0069934
0.0069833
0.00697306
0.00696268
0.00695212
0.00694137
0.0069304
0.00691919
0.00690769
0.00689587
0.00688368
0.00687106
0.00685795
0.00684427
0.00682991
0.00681477
0.00679868
0.00678147
0.0067629
0.00674267
0.00672039
0.00669554
0.0066674
0.00663498
0.00659686
0.00655094
0.00649393
0.00642049
0.00632125
0.00617835
0.0059537
0.0055552
0.00457755
0.0032091
0.00299238
0.00275973
0.00257367
0.00248379
0.00252128
0.00267746
0.00288879
0.00306739
0.00316142
0.00317348
0.00313217
0.00306554
0.00299324
0.0029279
0.00287773
0.00284778
0.00283996
0.00285252
0.0028799
0.00291382
0.00294553
0.00296828
0.00297891
0.00297785
0.00296803
0.00295348
0.00293817
0.00292531
0.0029169
0.00291373
0.00291537
0.00292054
0.00292747
0.00293435
0.00293976
0.00294287
0.00294353
0.00294211
0.00293936
0.00293611
0.00293313
0.00293098
0.00292991
0.00292993
0.0029308
0.00293217
0.00293365
0.00293492
0.00293576
0.00293609
0.00293594
0.00293545
0.00293479
0.00293413
0.00293361
0.00293331
0.00293324
0.00293337
0.00293363
0.00293394
0.00293424
0.00293445
0.00293456
0.00293456
0.00293448
0.00293435
0.00293421
0.00293409
0.00293401
0.00293398
0.00293399
0.00293404
0.0029341
0.00293417
0.00293422
0.00293425
0.00293426
0.00293425
0.00293423
0.0029342
0.00293418
0.00293416
0.00293415
0.00293415
0.00293416
0.00293417
0.00293418
0.0029342
0.0029342
0.00293421
0.00293421
0.0029342
0.0029342
0.00293419
0.00293419
0.00293419
0.00293419
0.00293419
0.00293419
0.00293419
0.0029342
0.0029342
0.0029342
0.0029342
0.0029342
0.0029342
0.0029342
0.0029342
0.0029342
0.0029342
0.0029342
0.0029342
0.00293421
0.00293421
0.00293421
0.00293421
0.00293421
0.0029342
0.0029342
0.0029342
0.0029342
0.00293419
0.00293419
0.00293418
0.00293417
0.00293416
0.00293415
0.00293414
0.00293413
0.00293411
0.00293409
0.00293407
0.00293404
0.00293401
0.00293398
0.00293395
0.00293391
0.00293387
0.00293383
0.00293379
0.00293374
0.0029337
0.00293365
0.0029336
0.00293355
0.0029335
0.00293346
0.00293342
0.00293338
0.00293334
0.00293331
0.00293329
0.00293327
0.00293325
0.00293325
0.00293325
0.00293326
0.00293327
0.00293329
0.00293332
0.00293335
0.00293339
0.00293343
0.00293348
0.00293353
0.00293359
0.00293364
0.0029337
0.00293375
0.00293381
0.00293386
0.00293392
0.00293397
0.00293402
0.00293406
0.0029341
0.00293414
0.00293418
0.00293422
0.00293425
0.00293427
0.0029343
0.00293432
0.00293434
0.00293436
0.00293437
0.00293439
0.0029344
0.00293441
0.00293442
0.00293443
0.00293443
0.00293444
0.00293444
0.00293445
0.00293445
0.00293445
0.00293446
0.00293446
0.00293446
0.00293446
0.00293447
0.00293447
0.00293447
0.00293447
0.00293447
0.00293448
0.00293448
0.00293448
0.00293448
0.00293448
0.00293448
0.00293448
0.00293448
0.00293449
0.00293449
0.00293449
0.00293449
0.00293449
0.00293449
0.00293449
0.00293449
0.00293449
0.00293449
0.00293449
0.00293449
0.00293449
0.00293449
0.00293449
0.00293449
0.00293449
0.00293449
0.00293449
0.00293449
0.00293448
0.00293448
0.00293448
0.00293447
0.00293447
0.00293446
0.00293445
0.00293444
0.00293444
0.00293443
0.00293442
0.0029344
0.00293439
0.00293438
0.00293436
0.00293435
0.00293433
0.00293431
0.00293429
0.00293427
0.00293425
0.00293422
0.0029342
0.00293418
0.00293416
0.00293417
0.00293436
0.00293559
0.00294426
0.00303264
0.00380561
0.00502611
0.00517357
0.00517383
0.00517373
0.00517369
0.00517368
0.00517368
0.00517366
0.00517365
0.00517364
0.00517365
0.00517366
0.00517368
0.00517371
0.00517374
0.00517378
0.00517383
0.00517387
0.00517392
0.00517398
0.00517403
0.00517409
0.00517414
0.0051742
0.00517425
0.0051743
0.00517435
0.00517439
0.00517443
0.00517447
0.0051745
0.00517452
0.00517454
0.00517456
0.00517457
0.00517457
0.00517457
0.00517457
0.00517455
0.00517454
0.00517452
0.0051745
0.00517447
0.00517443
0.0051744
0.00517436
0.00517432
0.00517428
0.00517423
0.00517419
0.00517414
0.00517409
0.00517404
0.005174
0.00517395
0.00517391
0.00517387
0.00517383
0.00517379
0.00517376
0.00517373
0.0051737
0.00517368
0.00517366
0.00517365
0.00517363
0.00517363
0.00517362
0.00517362
0.00517362
0.00517363
0.00517363
0.00517364
0.00517365
0.00517366
0.00517367
0.00517368
0.00517369
0.0051737
0.00517371
0.00517372
0.00517372
0.00517373
0.00517373
0.00517373
0.00517373
0.00517372
0.00517372
0.00517371
0.0051737
0.00517369
0.00517368
0.00517367
0.00517366
0.00517365
0.00517364
0.00517363
0.00517362
0.00517361
0.0051736
0.0051736
0.00517359
0.00517359
0.00517359
0.00517358
0.00517359
0.00517359
0.00517359
0.00517359
0.0051736
0.0051736
0.00517361
0.00517362
0.00517362
0.00517363
0.00517363
0.00517364
0.00517364
0.00517364
0.00517364
0.00517364
0.00517364
0.00517364
0.00517364
0.00517364
0.00517363
0.00517363
0.00517362
0.00517361
0.00517361
0.0051736
0.00517359
0.00517359
0.00517358
0.00517357
0.00517356
0.00517356
0.00517355
0.00517355
0.00517354
0.00517354
0.00517354
0.00517354
0.00517353
0.00517353
0.00517353
0.00517353
0.00517353
0.00517353
0.00517353
0.00517353
0.00517353
0.00517353
0.00517353
0.00517353
0.00517352
0.00517352
0.00517352
0.00517351
0.0051735
0.0051735
0.00517349
0.00517348
0.00517347
0.00517345
0.00517344
0.00517343
0.00517341
0.0051734
0.00517338
0.00517337
0.00517335
0.00517334
0.00517332
0.00517331
0.00517329
0.00517328
0.00517326
0.00517325
0.00517323
0.00517322
0.0051732
0.00517319
0.00517318
0.00517317
0.00517316
0.00517315
0.00517314
0.00517313
0.00517312
0.00517311
0.0051731
0.00517309
0.00517308
0.00517307
0.00517307
0.00517306
0.00517305
0.00517304
0.00517304
0.00517303
0.00517302
0.00517301
0.005173
0.005173
0.00517299
0.00517298
0.00517297
0.00517296
0.00517295
0.00517294
0.00517293
0.00517292
0.00517291
0.0051729
0.00517289
0.00517288
0.00517287
0.00517286
0.00517285
0.00517284
0.00517282
0.00517281
0.0051728
0.00517279
0.00517278
0.00517277
0.00517275
0.00517274
0.00517273
0.00517272
0.00517271
0.0051727
0.00517269
0.00517269
0.00517268
0.00517267
0.00517266
0.00517266
0.00517265
0.00517265
0.00517264
0.00517264
0.00517264
0.00517263
0.00517263
0.00517263
0.00517263
0.00517263
0.00517262
0.00517262
0.00517262
0.00517262
0.00517262
0.00517262
0.00517262
0.00517262
0.00517261
0.00517261
0.00517261
0.00517261
0.0051726
0.0051726
0.00517259
0.00517259
0.00517258
0.00517257
0.00517257
0.00517256
0.00517255
0.00517254
0.00517253
0.00517252
0.0051725
0.00517249
0.00517248
0.00517247
0.00517245
0.00517244
0.00517243
0.00517241
0.0051724
0.00517238
0.00517237
0.00517235
0.00517234
0.00517233
0.00517231
0.0051723
0.00517229
0.00517227
0.00517226
0.00517225
0.00517223
0.00517222
0.00517221
0.0051722
0.00517219
0.00517218
0.00517217
0.00517216
0.00517215
0.00517214
0.00517214
0.00517213
0.00517212
0.00517212
0.00517211
0.0051721
0.0051721
0.00517209
0.00517209
0.00517208
0.00517208
0.00517207
0.00517207
0.00517207
0.00517206
0.00517206
0.00517206
0.00517205
0.00517205
0.00517205
0.00517205
0.00517204
0.00517204
0.00517204
0.00517204
0.00517203
0.00517203
0.00517203
0.00517203
0.00517203
0.00517202
0.00517202
0.00517202
0.00517202
0.00517202
0.00517201
0.00517201
0.00517201
0.00517201
0.00517201
0.005172
0.005172
)
;

boundaryField
{
    inlet
    {
        type            calculated;
        value           uniform 0.0147929;
    }
    outlet
    {
        type            calculated;
        value           uniform 0.005172;
    }
    emptyWalls
    {
        type            empty;
    }
}


// ************************************************************************* //
