/*--------------------------------*- C++ -*----------------------------------*\
  =========                 |
  \\      /  F ield         | OpenFOAM: The Open Source CFD Toolbox
   \\    /   O peration     | Website:  https://openfoam.org
    \\  /    A nd           | Version:  9
     \\/     M anipulation  |
\*---------------------------------------------------------------------------*/
FoamFile
{
    format      ascii;
    class       volScalarField;
    location    "11.3";
    object      krc;
}
// * * * * * * * * * * * * * * * * * * * * * * * * * * * * * * * * * * * * * //

dimensions      [0 0 0 0 0 0 0];

internalField   nonuniform List<scalar> 
1000
(
4.56431e-06
1.18692e-05
2.16722e-05
3.38406e-05
4.82811e-05
6.49194e-05
8.36923e-05
0.000104544
0.000127423
0.000152284
0.000179081
0.000207773
0.000238321
0.000270686
0.000304833
0.000340726
0.000378331
0.000417616
0.000458549
0.0005011
0.000545238
0.000590935
0.000638162
0.000686892
0.000737098
0.000788754
0.000841834
0.000896313
0.000952168
0.00100937
0.00106791
0.00112775
0.00118887
0.00125126
0.00131489
0.00137973
0.00144578
0.001513
0.00158139
0.00165091
0.00172156
0.00179332
0.00186616
0.00194007
0.00201503
0.00209102
0.00216803
0.00224605
0.00232505
0.00240502
0.00248595
0.00256781
0.0026506
0.00273431
0.0028189
0.00290439
0.00299074
0.00307795
0.003166
0.00325487
0.00334457
0.00343507
0.00352637
0.00361844
0.00371128
0.00380488
0.00389922
0.0039943
0.00409011
0.00418662
0.00428384
0.00438174
0.00448033
0.00457959
0.00467952
0.00478009
0.0048813
0.00498315
0.00508562
0.00518871
0.0052924
0.00539668
0.00550155
0.00560701
0.00571303
0.00581962
0.00592676
0.00603444
0.00614267
0.00625143
0.0063607
0.0064705
0.0065808
0.00669161
0.00680291
0.00691469
0.00702696
0.0071397
0.0072529
0.00736657
0.00748068
0.00759525
0.00771026
0.0078257
0.00794157
0.00805786
0.00817457
0.00829168
0.00840921
0.00852713
0.00864545
0.00876415
0.00888324
0.00900271
0.00912254
0.00924275
0.00936331
0.00948424
0.00960551
0.00972713
0.0098491
0.0099714
0.010094
0.010217
0.0103403
0.0104639
0.0105878
0.010712
0.0108366
0.0109614
0.0110866
0.011212
0.0113377
0.0114637
0.01159
0.0117166
0.0118434
0.0119705
0.0120979
0.0122255
0.0123534
0.0124816
0.01261
0.0127387
0.0128676
0.0129967
0.0131261
0.0132557
0.0133855
0.0135156
0.0136459
0.0137765
0.0139072
0.0140382
0.0141693
0.0143007
0.0144323
0.0145641
0.0146961
0.0148283
0.0149607
0.0150933
0.0152261
0.015359
0.0154922
0.0156255
0.0157591
0.0158928
0.0160266
0.0161607
0.0162949
0.0164293
0.0165638
0.0166985
0.0168334
0.0169684
0.0171036
0.017239
0.0173745
0.0175101
0.0176459
0.0177818
0.0179179
0.0180542
0.0181905
0.018327
0.0184637
0.0186004
0.0187373
0.0188744
0.0190115
0.0191488
0.0192862
0.0194238
0.0195614
0.0196992
0.0198371
0.0199751
0.0201132
0.0202515
0.0203898
0.0205283
0.0206669
0.0208055
0.0209443
0.0210832
0.0212221
0.0213612
0.0215004
0.0216397
0.021779
0.0219185
0.022058
0.0221977
0.0223374
0.0224772
0.0226171
0.0227571
0.0228972
0.0230374
0.0231776
0.0233179
0.0234583
0.0235988
0.0237393
0.02388
0.0240207
0.0241614
0.0243023
0.0244432
0.0245842
0.0247252
0.0248664
0.0250075
0.0251488
0.0252901
0.0254315
0.0255729
0.0257144
0.025856
0.0259976
0.0261393
0.026281
0.0264228
0.0265646
0.0267065
0.0268484
0.0269904
0.0271325
0.0272746
0.0274167
0.0275589
0.0277011
0.0278434
0.0279857
0.0281281
0.0282705
0.028413
0.0285555
0.028698
0.0288406
0.0289832
0.0291259
0.0292686
0.0294113
0.0295541
0.0296969
0.0298397
0.0299826
0.0301255
0.0302684
0.0304114
0.0305544
0.0306974
0.0308405
0.0309836
0.0311267
0.0312698
0.031413
0.0315562
0.0316994
0.0318427
0.031986
0.0321292
0.0322726
0.0324159
0.0325593
0.0327026
0.0328461
0.0329895
0.0331329
0.0332764
0.0334199
0.0335634
0.0337069
0.0338504
0.033994
0.0341375
0.0342811
0.0344247
0.0345683
0.0347119
0.0348556
0.0349992
0.0351429
0.0352865
0.0354302
0.0355739
0.0357176
0.0358613
0.036005
0.0361488
0.0362925
0.0364362
0.03658
0.0367237
0.0368675
0.0370113
0.0371551
0.0372988
0.0374426
0.0375864
0.0377302
0.037874
0.0380178
0.0381616
0.0383054
0.0384492
0.038593
0.0387369
0.0388807
0.0390245
0.0391683
0.0393121
0.0394559
0.0395997
0.0397436
0.0398874
0.0400312
0.040175
0.0403188
0.0404626
0.0406064
0.0407502
0.040894
0.0410378
0.0411815
0.0413253
0.0414691
0.0416129
0.0417566
0.0419004
0.0420441
0.0421879
0.0423316
0.0424753
0.0426191
0.0427628
0.0429065
0.0430502
0.0431939
0.0433376
0.0434812
0.0436249
0.0437686
0.0439122
0.0440558
0.0441995
0.0443431
0.0444867
0.0446303
0.0447739
0.0449175
0.045061
0.0452046
0.0453481
0.0454916
0.0456352
0.0457787
0.0459221
0.0460656
0.0462091
0.0463525
0.046496
0.0466394
0.0467828
0.0469262
0.0470696
0.047213
0.0473563
0.0474997
0.047643
0.0477863
0.0479296
0.0480729
0.0482162
0.0483594
0.0485026
0.0486459
0.0487891
0.0489322
0.0490754
0.0492186
0.0493617
0.0495048
0.0496479
0.049791
0.0499341
0.0500771
0.0502202
0.0503632
0.0505062
0.0506492
0.0507921
0.0509351
0.051078
0.0512209
0.0513638
0.0515067
0.0516495
0.0517923
0.0519352
0.052078
0.0522207
0.0523635
0.0525062
0.0526489
0.0527916
0.0529343
0.053077
0.0532196
0.0533622
0.0535048
0.0536474
0.05379
0.0539325
0.054075
0.0542175
0.05436
0.0545025
0.0546449
0.0547873
0.0549297
0.0550721
0.0552144
0.0553568
0.0554991
0.0556413
0.0557836
0.0559259
0.0560681
0.0562103
0.0563525
0.0564946
0.0566368
0.0567789
0.056921
0.057063
0.0572051
0.0573471
0.0574891
0.0576311
0.057773
0.057915
0.0580569
0.0581988
0.0583407
0.0584825
0.0586243
0.0587661
0.0589079
0.0590497
0.0591914
0.0593331
0.0594748
0.0596165
0.0597581
0.0598997
0.0600413
0.0601829
0.0603245
0.060466
0.0606075
0.060749
0.0608904
0.0610319
0.0611733
0.0613147
0.061456
0.0615974
0.0617387
0.06188
0.0620213
0.0621625
0.0623037
0.0624449
0.0625861
0.0627273
0.0628684
0.0630095
0.0631506
0.0632917
0.0634327
0.0635737
0.0637147
0.0638557
0.0639966
0.0641375
0.0642784
0.0644193
0.0645602
0.064701
0.0648418
0.0649826
0.0651233
0.0652641
0.0654048
0.0655455
0.0656861
0.0658268
0.0659674
0.066108
0.0662486
0.0663891
0.0665296
0.0666701
0.0668106
0.066951
0.0670915
0.0672319
0.0673723
0.0675126
0.067653
0.0677933
0.0679336
0.0680738
0.0682141
0.0683543
0.0684945
0.0686346
0.0687748
0.0689149
0.069055
0.0691951
0.0693352
0.0694752
0.0696152
0.0697552
0.0698952
0.0700351
0.070175
0.0703149
0.0704548
0.0705946
0.0707345
0.0708743
0.0710141
0.0711538
0.0712936
0.0714333
0.071573
0.0717126
0.0718523
0.0719919
0.0721315
0.0722711
0.0724106
0.0725502
0.0726897
0.0728292
0.0729687
0.0731081
0.0732475
0.0733869
0.0735263
0.0736657
0.073805
0.0739443
0.0740836
0.0742229
0.0743621
0.0745014
0.0746406
0.0747798
0.0749189
0.0750581
0.0751972
0.0753363
0.0754754
0.0756144
0.0757535
0.0758925
0.0760315
0.0761705
0.0763094
0.0764484
0.0765873
0.0767262
0.076865
0.0770039
0.0771427
0.0772815
0.0774203
0.0775591
0.0776979
0.0778366
0.0779753
0.078114
0.0782527
0.0783913
0.07853
0.0786686
0.0788072
0.0789458
0.0790843
0.0792229
0.0793614
0.0794999
0.0796384
0.0797768
0.0799153
0.0800537
0.0801921
0.0803305
0.0804689
0.0806072
0.0807456
0.0808839
0.0810222
0.0811605
0.0812987
0.081437
0.0815752
0.0817134
0.0818516
0.0819898
0.082128
0.0822661
0.0824042
0.0825424
0.0826805
0.0828185
0.0829566
0.0830946
0.0832327
0.0833707
0.0835087
0.0836467
0.0837847
0.0839226
0.0840606
0.0841985
0.0843364
0.0844743
0.0846122
0.0847501
0.0848879
0.0850258
0.0851636
0.0853014
0.0854392
0.085577
0.0857148
0.0858525
0.0859903
0.086128
0.0862657
0.0864034
0.0865411
0.0866788
0.0868165
0.0869542
0.0870918
0.0872295
0.0873671
0.0875047
0.0876423
0.0877799
0.0879175
0.0880551
0.0881927
0.0883303
0.0884678
0.0886054
0.0887429
0.0888804
0.0890179
0.0891555
0.089293
0.0894305
0.0895679
0.0897054
0.0898429
0.0899804
0.0901178
0.0902553
0.0903928
0.0905302
0.0906677
0.0908051
0.0909425
0.09108
0.0912174
0.0913548
0.0914922
0.0916297
0.0917671
0.0919045
0.0920419
0.0921793
0.0923167
0.0924542
0.0925916
0.092729
0.0928664
0.0930038
0.0931412
0.0932787
0.0934161
0.0935535
0.0936909
0.0938284
0.0939658
0.0941033
0.0942407
0.0943782
0.0945156
0.0946531
0.0947906
0.0949281
0.0950656
0.0952031
0.0953406
0.0954781
0.0956157
0.0957532
0.0958908
0.0960284
0.096166
0.0963036
0.0964412
0.0965788
0.0967165
0.0968542
0.0969919
0.0971296
0.0972673
0.0974051
0.0975429
0.0976807
0.0978185
0.0979563
0.0980942
0.0982321
0.0983701
0.0985081
0.0986461
0.0987841
0.0989222
0.0990603
0.0991984
0.0993366
0.0994748
0.099613
0.0997513
0.0998897
0.100028
0.100167
0.100305
0.100444
0.100582
0.100721
0.100859
0.100998
0.101137
0.101276
0.101415
0.101554
0.101693
0.101832
0.101971
0.102111
0.10225
0.102389
0.102529
0.102669
0.102808
0.102948
0.103088
0.103228
0.103368
0.103508
0.103649
0.103789
0.10393
0.10407
0.104211
0.104352
0.104493
0.104635
0.104776
0.104918
0.105059
0.105201
0.105343
0.105485
0.105628
0.105771
0.105913
0.106056
0.1062
0.106343
0.106487
0.106631
0.106775
0.10692
0.107064
0.10721
0.107355
0.107501
0.107647
0.107793
0.10794
0.108087
0.108235
0.108383
0.108531
0.10868
0.108829
0.108979
0.10913
0.10928
0.109432
0.109584
0.109737
0.10989
0.110045
0.110199
0.110355
0.110512
0.110669
0.110827
0.110987
0.111147
0.111309
0.111471
0.111635
0.111801
0.111967
0.112135
0.112305
0.112477
0.11265
0.112825
0.113003
0.113182
0.113364
0.113549
0.113736
0.113926
0.11412
0.114317
0.114518
0.114723
0.114933
0.115148
0.115367
0.115593
0.115826
0.116065
0.116313
0.116569
0.116835
0.117112
0.117401
0.117704
0.118022
0.118358
0.118715
0.119094
0.1195
0.119937
0.120411
0.120928
0.121497
0.122127
0.122834
0.123634
0.124552
0.125622
0.126889
0.128423
0.130325
0.132758
0.135996
0.140539
0.147398
0.158957
0.182374
0.251402
0.210677
0.22358
0.225792
0.226222
0.22791
0.229991
0.230956
0.23011
0.227796
0.225023
0.222808
0.221648
0.221489
0.222023
0.222919
0.223917
0.22483
0.225528
0.225932
0.226018
0.225819
0.225422
0.224947
0.224513
0.224208
0.224069
0.224089
0.224228
0.224433
0.224648
0.22483
0.224949
0.224994
0.224972
0.224899
0.224801
0.224704
0.224626
0.224581
0.22457
0.224589
0.224627
0.224673
0.224716
0.224748
0.224765
0.224766
0.224754
0.224734
0.224712
0.224693
0.224679
0.224672
0.224672
0.224677
0.224684
0.224692
0.224698
0.224702
0.224702
0.2247
0.224697
0.224692
0.224689
0.224687
0.224686
0.224688
0.224691
0.224695
0.2247
0.224704
0.224708
0.224712
0.224714
0.224716
0.224717
0.224718
0.224719
0.224721
0.224722
0.224724
0.224726
0.224728
0.224729
0.224731
0.224732
0.224733
0.224733
0.224733
0.224733
0.224733
0.224733
0.224733
0.224732
0.224732
0.224731
0.22473
0.224729
0.224728
0.224727
)
;

boundaryField
{
    inlet
    {
        type            calculated;
        value           uniform 0;
    }
    outlet
    {
        type            calculated;
        value           uniform 0.224727;
    }
    emptyWalls
    {
        type            empty;
    }
}


// ************************************************************************* //
