/*--------------------------------*- C++ -*----------------------------------*\
  =========                 |
  \\      /  F ield         | OpenFOAM: The Open Source CFD Toolbox
   \\    /   O peration     | Website:  https://openfoam.org
    \\  /    A nd           | Version:  9
     \\/     M anipulation  |
\*---------------------------------------------------------------------------*/
FoamFile
{
    format      ascii;
    class       volScalarField;
    location    "81000";
    object      Sc;
}
// * * * * * * * * * * * * * * * * * * * * * * * * * * * * * * * * * * * * * //

dimensions      [0 0 0 0 0 0 0];

internalField   nonuniform List<scalar> 
1000
(
0.000165556
0.000373548
0.000567554
0.000760604
0.00095359
0.00114651
0.0013393
0.00153194
0.00172441
0.00191669
0.00210878
0.00230069
0.00249241
0.00268393
0.00287526
0.0030664
0.00325735
0.00344811
0.00363867
0.00382905
0.00401924
0.00420924
0.00439905
0.00458868
0.00477812
0.00496738
0.00515645
0.00534535
0.00553405
0.00572258
0.00591093
0.0060991
0.00628709
0.00647491
0.00666254
0.00685001
0.0070373
0.00722441
0.00741136
0.00759813
0.00778474
0.00797117
0.00815744
0.00834354
0.00852947
0.00871524
0.00890084
0.00908628
0.00927156
0.00945668
0.00964164
0.00982644
0.0100111
0.0101956
0.0103799
0.0105641
0.0107481
0.010932
0.0111157
0.0112992
0.0114826
0.0116659
0.011849
0.012032
0.0122148
0.0123975
0.01258
0.0127624
0.0129447
0.0131268
0.0133087
0.0134906
0.0136723
0.0138538
0.0140352
0.0142165
0.0143977
0.0145787
0.0147596
0.0149403
0.015121
0.0153014
0.0154818
0.0156621
0.0158422
0.0160222
0.016202
0.0163818
0.0165614
0.0167409
0.0169203
0.0170995
0.0172787
0.0174577
0.0176366
0.0178154
0.0179941
0.0181727
0.0183511
0.0185295
0.0187077
0.0188859
0.0190639
0.0192418
0.0194196
0.0195974
0.019775
0.0199525
0.0201299
0.0203072
0.0204844
0.0206615
0.0208385
0.0210155
0.0211923
0.021369
0.0215457
0.0217223
0.0218987
0.0220751
0.0222514
0.0224276
0.0226038
0.0227798
0.0229558
0.0231317
0.0233075
0.0234832
0.0236589
0.0238345
0.02401
0.0241854
0.0243608
0.0245361
0.0247114
0.0248866
0.0250617
0.0252367
0.0254117
0.0255867
0.0257616
0.0259364
0.0261112
0.026286
0.0264607
0.0266353
0.0268099
0.0269845
0.0271591
0.0273336
0.0275081
0.0276825
0.027857
0.0280314
0.0282058
0.0283802
0.0285546
0.028729
0.0289034
0.0290777
0.0292522
0.0294266
0.029601
0.0297755
0.0299501
0.0301246
0.0302993
0.030474
0.0306488
0.0308236
0.0309986
0.0311737
0.0313489
0.0315243
0.0316999
0.0318756
0.0320516
0.0322278
0.0324043
0.0325811
0.0327583
0.0329359
0.033114
0.0332926
0.0334719
0.0336519
0.0338328
0.0340148
0.0341979
0.0343826
0.0345691
0.0347578
0.0349494
0.0351447
0.035345
0.0355519
0.0357684
0.0359992
0.0362523
0.0365425
0.0368994
0.0373874
0.0381707
0.039782
0.0448514
0.0823975
0.285018
0.326299
0.326373
0.326397
0.326397
0.326395
0.326395
0.326395
0.326395
0.326395
0.326395
0.326395
0.326395
0.326395
0.326395
0.326395
0.326395
0.326395
0.326395
0.326395
0.326395
0.326395
0.326395
0.326395
0.326395
0.326395
0.326395
0.326395
0.326395
0.326395
0.326395
0.326395
0.326395
0.326395
0.326395
0.326395
0.326394
0.326394
0.326394
0.326394
0.326394
0.326394
0.326394
0.326394
0.326394
0.326394
0.326394
0.326394
0.326394
0.326394
0.326394
0.326394
0.326394
0.326394
0.326394
0.326394
0.326394
0.326394
0.326394
0.326394
0.326394
0.326394
0.326394
0.326394
0.326393
0.326393
0.326393
0.326393
0.326393
0.326393
0.326393
0.326393
0.326393
0.326393
0.326393
0.326393
0.326393
0.326393
0.326393
0.326393
0.326393
0.326393
0.326393
0.326393
0.326393
0.326393
0.326392
0.326392
0.326392
0.326392
0.326392
0.326392
0.326392
0.326392
0.326392
0.326392
0.326392
0.326392
0.326392
0.326392
0.326392
0.326392
0.326392
0.326392
0.326392
0.326391
0.326391
0.326391
0.326391
0.326391
0.326391
0.326391
0.326391
0.326391
0.326391
0.326391
0.326391
0.326391
0.326391
0.326391
0.326391
0.32639
0.32639
0.32639
0.32639
0.32639
0.32639
0.32639
0.32639
0.32639
0.32639
0.32639
0.32639
0.32639
0.32639
0.326389
0.326389
0.326389
0.326389
0.326389
0.326389
0.326389
0.326389
0.326389
0.326389
0.326389
0.326389
0.326388
0.326388
0.326388
0.326388
0.326388
0.326388
0.326388
0.326388
0.326388
0.326388
0.326388
0.326387
0.326387
0.326387
0.326387
0.326387
0.326387
0.326387
0.326387
0.326387
0.326386
0.326386
0.326386
0.326386
0.326386
0.326386
0.326386
0.326386
0.326386
0.326385
0.326385
0.326385
0.326385
0.326384
0.326376
0.326305
0.325662
0.320231
0.290451
0.240819
0.225657
0.225003
0.225
0.225
0.225
0.225
0.225
0.225
0.225
0.225
0.225
0.225
0.225
0.225
0.225
0.225
0.225
0.225
0.225
0.225
0.225
0.225
0.225
0.225
0.225
0.225
0.225
0.225
0.225
0.225
0.225
0.225
0.225
0.225
0.225
0.225
0.225
0.225
0.225
0.225
0.225
0.225
0.225
0.225
0.225
0.225
0.225
0.225
0.225
0.225
0.225
0.225
0.225
0.225
0.225
0.225
0.225
0.225
0.225
0.225
0.225
0.225
0.225
0.225
0.225
0.225
0.225
0.225
0.225
0.225
0.225
0.225
0.225
0.225
0.225
0.225
0.225
0.225
0.225
0.225
0.225
0.225
0.225
0.225
0.225
0.225
0.225
0.225
0.225
0.225
0.225
0.225
0.225
0.225
0.225
0.225
0.225
0.225
0.225
0.225
0.225
0.225
0.225
0.225
0.225
0.225
0.225
0.225
0.225
0.225
0.225
0.225
0.225
0.225
0.225
0.225
0.225
0.225
0.225
0.225
0.225
0.225
0.225
0.225
0.225
0.225
0.225
0.225
0.225
0.225
0.225
0.225
0.225
0.225
0.225
0.225
0.225
0.225
0.225
0.225
0.225
0.225
0.225
0.225
0.225
0.225
0.225
0.225
0.225
0.225
0.225
0.225
0.225
0.225
0.225
0.225
0.225
0.225
0.225
0.225
0.225
0.225
0.225
0.225
0.225
0.225
0.225
0.225
0.225
0.225
0.225
0.225
0.225
0.225
0.225
0.225
0.225
0.225
0.225
0.225
0.225
0.225
0.225
0.225
0.225
0.225
0.225
0.225
0.225
0.225
0.225
0.225
0.225
0.225
0.225
0.225
0.225
0.225
0.225
0.225
0.225
0.225
0.225
0.225
0.225
0.225
0.225
0.225
0.225
0.225
0.225
0.225
0.225
0.225
0.225
0.225
0.225
0.225
0.225
0.225
0.225
0.225
0.225
0.225
0.225
0.225
0.225
0.225
0.225
0.225
0.225
0.225
0.225
0.225
0.225
0.225
0.225
0.225
0.225
0.225
0.225
0.225
0.225
0.225
0.225
0.225
0.225
0.225
0.225
0.225
0.225
0.225
0.225
0.225
0.225
0.225
0.225
0.225
0.225
0.225
0.225
0.225
0.225
0.225
0.225
0.225
0.225
0.225
0.225
0.225
0.225
0.225
0.225
0.225
0.225
0.225
0.225
0.225
0.225
0.225
0.225
0.225
0.225
0.225
0.225
0.225
0.225
0.225
0.225
0.225
0.225
0.225
0.225
0.225
0.225
0.225
0.225
0.225
0.225
0.225
0.225
0.225
0.225
0.225
0.225
0.225
0.225
0.225
0.225
0.225
0.225
0.225
0.225
0.225
0.225
0.225
0.225
0.225
0.225
0.225
0.225
0.225
0.225
0.225
0.225
0.225
0.225
0.225
0.225
0.225
0.225
0.225
0.225
0.225
0.225
0.225
0.225
0.225
0.225
0.225
0.225
0.225
0.225
0.225
0.225
0.225
0.225
0.225
0.225
0.225
0.225
0.225
0.225
0.225
0.225
0.225
0.225
0.225
0.225
0.225
0.225
0.225
0.225
0.225
0.225
0.225
0.225
0.225
0.225
0.225
0.225
0.225
0.225
0.225
0.225
0.225
0.225
0.225
0.225
0.225
0.225
0.225
0.225
0.225
0.225
0.225
0.225
0.225
0.225
0.225
0.225
0.225
0.225
0.225
0.225
0.225
0.225
0.225
0.225
0.225
0.225
0.225
0.225
0.225
0.225
0.225
0.225
0.225
0.225
0.225
0.225
0.225
0.225
0.225
0.225
0.225
0.225
0.225
0.225
0.225
0.225
0.225
0.225
0.225
0.225
0.225
0.225
0.225
0.225
0.225
0.225
0.225
0.225
0.225
0.225
0.225
0.225
0.225
0.225
0.225
0.225
0.225
0.225
0.225
0.225
0.225
0.225
0.225
0.225
0.225
0.225
0.225
0.225
0.225
0.225
0.225
0.225
0.225
0.225
0.225
0.225
0.225
0.225
0.225
0.225
0.225
0.225
0.225
0.225
0.225
0.225
0.225
0.225
0.225
0.225
0.225
0.225
0.225
0.225
0.225
0.225
0.225
0.225
0.225
0.225
0.225
0.225
0.225
0.225
0.225
0.225
0.225
0.225
0.225
0.225
0.225
0.225
0.225
0.225
0.225
0.225
0.225
0.225
0.225
0.225
0.225
0.225
0.225
0.225
0.225
0.225
0.225
0.225
0.225
0.225
0.225
0.225
0.225
0.225
0.225
0.225
0.225
0.225
0.225
0.225
0.225
0.225
0.225
0.225
0.225
0.225
0.225
0.225
0.225
0.225
0.225
0.225
0.225
0.225
0.225
0.225
0.225
0.225
0.225
0.225
0.225
0.225
0.225
0.225
0.225
0.225
0.225
0.225
0.225
0.225
0.225
0.225
0.225
0.225
0.225
0.225
0.225
0.225
0.225
0.225
0.225
0.225
0.225
0.225
0.225
0.225
0.225
0.225
0.225
0.225
0.225
0.225
0.225
0.225
0.225
0.225
0.225
0.225
0.225
0.225
0.225
0.225
0.225
0.225
0.225
0.225
0.225
0.225
0.225
0.225
0.225
0.225
0.225
0.225
0.225
0.225
0.225
0.225
0.225
0.225
0.225
0.225
)
;

boundaryField
{
    inlet
    {
        type            calculated;
        value           uniform 0;
    }
    outlet
    {
        type            calculated;
        value           uniform 0.225;
    }
    emptyWalls
    {
        type            empty;
    }
}


// ************************************************************************* //
