/*--------------------------------*- C++ -*----------------------------------*\
  =========                 |
  \\      /  F ield         | OpenFOAM: The Open Source CFD Toolbox
   \\    /   O peration     | Website:  https://openfoam.org
    \\  /    A nd           | Version:  9
     \\/     M anipulation  |
\*---------------------------------------------------------------------------*/
FoamFile
{
    format      ascii;
    class       volScalarField;
    location    "16.7";
    object      kra;
}
// * * * * * * * * * * * * * * * * * * * * * * * * * * * * * * * * * * * * * //

dimensions      [0 0 0 0 0 0 0];

internalField   nonuniform List<scalar> 
1000
(
0.0147498
0.0147234
0.014699
0.0146755
0.0146526
0.0146301
0.0146079
0.0145861
0.0145645
0.0145431
0.0145218
0.0145008
0.0144799
0.0144592
0.0144386
0.0144182
0.0143979
0.0143777
0.0143577
0.0143377
0.0143179
0.0142982
0.0142786
0.0142592
0.0142398
0.0142205
0.0142014
0.0141823
0.0141633
0.0141445
0.0141257
0.014107
0.0140885
0.01407
0.0140516
0.0140333
0.014015
0.0139969
0.0139789
0.0139609
0.013943
0.0139252
0.0139075
0.0138899
0.0138724
0.0138549
0.0138375
0.0138202
0.013803
0.0137858
0.0137687
0.0137517
0.0137348
0.013718
0.0137012
0.0136845
0.0136678
0.0136513
0.0136348
0.0136184
0.013602
0.0135857
0.0135695
0.0135533
0.0135373
0.0135213
0.0135053
0.0134894
0.0134736
0.0134579
0.0134422
0.0134265
0.013411
0.0133955
0.01338
0.0133647
0.0133493
0.0133341
0.0133189
0.0133038
0.0132887
0.0132737
0.0132587
0.0132438
0.0132289
0.0132142
0.0131994
0.0131848
0.0131701
0.0131556
0.0131411
0.0131266
0.0131122
0.0130979
0.0130836
0.0130693
0.0130551
0.013041
0.0130269
0.0130129
0.0129989
0.012985
0.0129711
0.0129573
0.0129435
0.0129297
0.0129161
0.0129024
0.0128889
0.0128753
0.0128618
0.0128484
0.012835
0.0128216
0.0128083
0.0127951
0.0127819
0.0127687
0.0127556
0.0127425
0.0127295
0.0127165
0.0127036
0.0126907
0.0126778
0.012665
0.0126523
0.0126395
0.0126269
0.0126142
0.0126016
0.0125891
0.0125766
0.0125641
0.0125517
0.0125393
0.0125269
0.0125146
0.0125024
0.0124901
0.0124779
0.0124658
0.0124537
0.0124416
0.0124296
0.0124176
0.0124056
0.0123937
0.0123818
0.01237
0.0123582
0.0123464
0.0123347
0.012323
0.0123113
0.0122997
0.0122881
0.0122766
0.0122651
0.0122536
0.0122421
0.0122307
0.0122194
0.012208
0.0121967
0.0121854
0.0121742
0.012163
0.0121518
0.0121407
0.0121296
0.0121185
0.0121075
0.0120965
0.0120855
0.0120746
0.0120637
0.0120528
0.012042
0.0120311
0.0120204
0.0120096
0.0119989
0.0119882
0.0119776
0.0119669
0.0119563
0.0119458
0.0119352
0.0119247
0.0119143
0.0119038
0.0118934
0.011883
0.0118727
0.0118623
0.011852
0.0118418
0.0118315
0.0118213
0.0118111
0.011801
0.0117909
0.0117808
0.0117707
0.0117606
0.0117506
0.0117406
0.0117307
0.0117207
0.0117108
0.011701
0.0116911
0.0116813
0.0116715
0.0116617
0.011652
0.0116422
0.0116325
0.0116229
0.0116132
0.0116036
0.011594
0.0115844
0.0115749
0.0115654
0.0115559
0.0115464
0.011537
0.0115276
0.0115182
0.0115088
0.0114994
0.0114901
0.0114808
0.0114716
0.0114623
0.0114531
0.0114439
0.0114347
0.0114255
0.0114164
0.0114073
0.0113982
0.0113891
0.0113801
0.0113711
0.0113621
0.0113531
0.0113442
0.0113352
0.0113263
0.0113175
0.0113086
0.0112998
0.0112909
0.0112821
0.0112734
0.0112646
0.0112559
0.0112472
0.0112385
0.0112298
0.0112212
0.0112125
0.0112039
0.0111953
0.0111868
0.0111782
0.0111697
0.0111612
0.0111527
0.0111443
0.0111358
0.0111274
0.011119
0.0111106
0.0111023
0.0110939
0.0110856
0.0110773
0.011069
0.0110607
0.0110525
0.0110443
0.0110361
0.0110279
0.0110197
0.0110116
0.0110034
0.0109953
0.0109872
0.0109791
0.0109711
0.0109631
0.010955
0.010947
0.010939
0.0109311
0.0109231
0.0109152
0.0109073
0.0108994
0.0108915
0.0108837
0.0108758
0.010868
0.0108602
0.0108524
0.0108446
0.0108369
0.0108291
0.0108214
0.0108137
0.010806
0.0107984
0.0107907
0.0107831
0.0107755
0.0107679
0.0107603
0.0107527
0.0107452
0.0107376
0.0107301
0.0107226
0.0107151
0.0107076
0.0107002
0.0106927
0.0106853
0.0106779
0.0106705
0.0106631
0.0106558
0.0106484
0.0106411
0.0106338
0.0106265
0.0106192
0.010612
0.0106047
0.0105975
0.0105902
0.010583
0.0105758
0.0105687
0.0105615
0.0105544
0.0105472
0.0105401
0.010533
0.0105259
0.0105188
0.0105118
0.0105047
0.0104977
0.0104907
0.0104837
0.0104767
0.0104697
0.0104628
0.0104558
0.0104489
0.010442
0.0104351
0.0104282
0.0104213
0.0104145
0.0104076
0.0104008
0.010394
0.0103872
0.0103804
0.0103736
0.0103668
0.0103601
0.0103533
0.0103466
0.0103399
0.0103332
0.0103265
0.0103198
0.0103132
0.0103065
0.0102999
0.0102933
0.0102867
0.0102801
0.0102735
0.0102669
0.0102604
0.0102538
0.0102473
0.0102408
0.0102343
0.0102278
0.0102213
0.0102148
0.0102084
0.0102019
0.0101955
0.0101891
0.0101826
0.0101763
0.0101699
0.0101635
0.0101571
0.0101508
0.0101445
0.0101381
0.0101318
0.0101255
0.0101192
0.010113
0.0101067
0.0101004
0.0100942
0.010088
0.0100817
0.0100755
0.0100693
0.0100632
0.010057
0.0100508
0.0100447
0.0100385
0.0100324
0.0100263
0.0100202
0.0100141
0.010008
0.0100019
0.00999588
0.00998983
0.00998379
0.00997776
0.00997174
0.00996573
0.00995974
0.00995375
0.00994778
0.00994182
0.00993586
0.00992992
0.00992399
0.00991807
0.00991216
0.00990626
0.00990037
0.00989449
0.00988862
0.00988276
0.00987691
0.00987108
0.00986525
0.00985943
0.00985362
0.00984783
0.00984204
0.00983626
0.0098305
0.00982474
0.00981899
0.00981326
0.00980753
0.00980181
0.00979611
0.00979041
0.00978472
0.00977904
0.00977338
0.00976772
0.00976207
0.00975643
0.0097508
0.00974518
0.00973957
0.00973397
0.00972838
0.0097228
0.00971723
0.00971167
0.00970611
0.00970057
0.00969503
0.00968951
0.00968399
0.00967849
0.00967299
0.0096675
0.00966202
0.00965655
0.00965109
0.00964564
0.0096402
0.00963476
0.00962934
0.00962392
0.00961852
0.00961312
0.00960773
0.00960235
0.00959698
0.00959162
0.00958626
0.00958092
0.00957558
0.00957025
0.00956493
0.00955962
0.00955432
0.00954903
0.00954375
0.00953847
0.0095332
0.00952794
0.00952269
0.00951745
0.00951222
0.00950699
0.00950178
0.00949657
0.00949137
0.00948618
0.009481
0.00947582
0.00947065
0.0094655
0.00946035
0.0094552
0.00945007
0.00944494
0.00943983
0.00943472
0.00942961
0.00942452
0.00941944
0.00941436
0.00940929
0.00940423
0.00939917
0.00939413
0.00938909
0.00938406
0.00937904
0.00937402
0.00936901
0.00936402
0.00935902
0.00935404
0.00934906
0.0093441
0.00933914
0.00933418
0.00932924
0.0093243
0.00931937
0.00931445
0.00930953
0.00930462
0.00929972
0.00929483
0.00928995
0.00928507
0.0092802
0.00927534
0.00927048
0.00926563
0.00926079
0.00925596
0.00925113
0.00924631
0.0092415
0.00923669
0.0092319
0.00922711
0.00922232
0.00921755
0.00921278
0.00920802
0.00920326
0.00919851
0.00919377
0.00918904
0.00918431
0.00917959
0.00917488
0.00917017
0.00916548
0.00916078
0.0091561
0.00915142
0.00914675
0.00914208
0.00913743
0.00913278
0.00912813
0.00912349
0.00911886
0.00911424
0.00910962
0.00910501
0.00910041
0.00909581
0.00909122
0.00908664
0.00908206
0.00907749
0.00907293
0.00906837
0.00906382
0.00905927
0.00905474
0.0090502
0.00904568
0.00904116
0.00903665
0.00903214
0.00902764
0.00902315
0.00901866
0.00901418
0.00900971
0.00900524
0.00900078
0.00899633
0.00899188
0.00898744
0.008983
0.00897857
0.00897415
0.00896973
0.00896532
0.00896091
0.00895651
0.00895212
0.00894773
0.00894335
0.00893898
0.00893461
0.00893025
0.00892589
0.00892154
0.0089172
0.00891286
0.00890853
0.0089042
0.00889988
0.00889556
0.00889125
0.00888695
0.00888266
0.00887836
0.00887408
0.0088698
0.00886553
0.00886126
0.008857
0.00885274
0.00884849
0.00884425
0.00884001
0.00883577
0.00883155
0.00882732
0.00882311
0.0088189
0.00881469
0.00881049
0.0088063
0.00880211
0.00879793
0.00879375
0.00878958
0.00878542
0.00878126
0.0087771
0.00877295
0.00876881
0.00876467
0.00876054
0.00875641
0.00875229
0.00874818
0.00874407
0.00873996
0.00873586
0.00873177
0.00872768
0.00872359
0.00871951
0.00871544
0.00871137
0.00870731
0.00870325
0.0086992
0.00869516
0.00869111
0.00868708
0.00868305
0.00867902
0.008675
0.00867099
0.00866698
0.00866297
0.00865897
0.00865498
0.00865099
0.008647
0.00864303
0.00863905
0.00863508
0.00863112
0.00862716
0.00862321
0.00861926
0.00861531
0.00861138
0.00860744
0.00860351
0.00859959
0.00859567
0.00859176
0.00858785
0.00858394
0.00858005
0.00857615
0.00857226
0.00856838
0.0085645
0.00856062
0.00855675
0.00855289
0.00854903
0.00854517
0.00854132
0.00853748
0.00853364
0.0085298
0.00852597
0.00852214
0.00851832
0.00851451
0.00851069
0.00850689
0.00850308
0.00849928
0.00849549
0.0084917
0.00848792
0.00848414
0.00848036
0.00847659
0.00847283
0.00846907
0.00846531
0.00846156
0.00845781
0.00845407
0.00845033
0.0084466
0.00844287
0.00843914
0.00843542
0.00843171
0.008428
0.00842429
0.00842059
0.00841689
0.0084132
0.00840951
0.00840583
0.00840215
0.00839847
0.0083948
0.00839113
0.00838747
0.00838381
0.00838016
0.00837651
0.00837287
0.00836923
0.00836559
0.00836196
0.00835833
0.00835471
0.00835109
0.00834747
0.00834386
0.00834026
0.00833665
0.00833306
0.00832946
0.00832587
0.00832229
0.00831871
0.00831513
0.00831156
0.00830799
0.00830443
0.00830087
0.00829731
0.00829376
0.00829021
0.00828667
0.00828313
0.0082796
0.00827607
0.00827254
0.00826902
0.0082655
0.00826198
0.00825847
0.00825496
0.00825146
0.00824796
0.00824447
0.00824098
0.00823749
0.00823401
0.00823053
0.00822706
0.00822359
0.00822012
0.00821666
0.0082132
0.00820974
0.00820629
0.00820285
0.0081994
0.00819596
0.00819253
0.0081891
0.00818567
0.00818224
0.00817883
0.00817541
0.008172
0.00816859
0.00816518
0.00816178
0.00815839
0.00815499
0.0081516
0.00814822
0.00814484
0.00814146
0.00813809
0.00813471
0.00813135
0.00812799
0.00812463
0.00812127
0.00811792
0.00811457
0.00811123
0.00810789
0.00810455
0.00810122
0.00809789
0.00809456
0.00809124
0.00808792
0.0080846
0.00808129
0.00807798
0.00807468
0.00807138
0.00806808
0.00806479
0.0080615
0.00805821
0.00805493
0.00805165
0.00804838
0.0080451
0.00804183
0.00803857
0.00803531
0.00803205
0.0080288
0.00802554
0.0080223
0.00801905
0.00801581
0.00801258
0.00800934
0.00800611
0.00800289
0.00799966
0.00799644
0.00799323
0.00799001
0.0079868
0.0079836
0.0079804
0.0079772
0.007974
0.00797081
0.00796762
0.00796443
0.00796125
0.00795807
0.0079549
0.00795172
0.00794855
0.00794539
0.00794223
0.00793907
0.00793591
0.00793276
0.00792961
0.00792646
0.00792332
0.00792018
0.00791704
0.00791391
0.00791078
0.00790766
0.00790453
0.00790141
0.0078983
0.00789518
0.00789207
0.00788896
0.00788586
0.00788276
0.00787966
0.00787657
0.00787348
0.00787039
0.0078673
0.00786422
0.00786114
0.00785807
0.007855
0.00785193
0.00784886
0.0078458
0.00784274
0.00783968
0.00783663
0.00783358
0.00783053
0.00782749
0.00782444
0.00782141
0.00781837
0.00781534
0.00781231
0.00780928
0.00780626
0.00780324
0.00780022
0.00779721
0.0077942
0.00779119
0.00778818
0.00778518
0.00778218
0.00777919
0.00777619
0.0077732
0.00777022
0.00776723
0.00776425
0.00776127
0.0077583
0.00775533
0.00775236
0.00774939
0.00774642
0.00774346
0.00774051
0.00773755
0.0077346
0.00773165
0.0077287
0.00772576
0.00772282
0.00771988
0.00771694
0.00771401
0.00771108
0.00770816
0.00770523
0.00770231
0.00769939
0.00769648
0.00769357
0.00769066
0.00768775
0.00768484
0.00768194
0.00767904
0.00767615
0.00767326
0.00767036
0.00766748
)
;

boundaryField
{
    inlet
    {
        type            calculated;
        value           uniform 0.0147929;
    }
    outlet
    {
        type            calculated;
        value           uniform 0.00766748;
    }
    emptyWalls
    {
        type            empty;
    }
}


// ************************************************************************* //
