/*--------------------------------*- C++ -*----------------------------------*\
  =========                 |
  \\      /  F ield         | OpenFOAM: The Open Source CFD Toolbox
   \\    /   O peration     | Website:  https://openfoam.org
    \\  /    A nd           | Version:  9
     \\/     M anipulation  |
\*---------------------------------------------------------------------------*/
FoamFile
{
    format      ascii;
    class       volVectorField;
    location    "16.7";
    object      Ub;
}
// * * * * * * * * * * * * * * * * * * * * * * * * * * * * * * * * * * * * * //

dimensions      [0 0 0 0 0 0 0];

internalField   nonuniform List<vector> 
1000
(
(0.290579 0 0)
(0.290578 0 0)
(0.290578 0 0)
(0.290577 0 0)
(0.290576 0 0)
(0.290575 0 0)
(0.290574 0 0)
(0.290572 0 0)
(0.290571 0 0)
(0.290569 0 0)
(0.290567 0 0)
(0.290565 0 0)
(0.290563 0 0)
(0.290561 0 0)
(0.290558 0 0)
(0.290556 0 0)
(0.290553 0 0)
(0.29055 0 0)
(0.290547 0 0)
(0.290544 0 0)
(0.29054 0 0)
(0.290537 0 0)
(0.290533 0 0)
(0.29053 0 0)
(0.290526 0 0)
(0.290522 0 0)
(0.290518 0 0)
(0.290514 0 0)
(0.290509 0 0)
(0.290505 0 0)
(0.2905 0 0)
(0.290495 0 0)
(0.290491 0 0)
(0.290486 0 0)
(0.290481 0 0)
(0.290475 0 0)
(0.29047 0 0)
(0.290465 0 0)
(0.290459 0 0)
(0.290453 0 0)
(0.290447 0 0)
(0.290442 0 0)
(0.290435 0 0)
(0.290429 0 0)
(0.290423 0 0)
(0.290417 0 0)
(0.29041 0 0)
(0.290404 0 0)
(0.290397 0 0)
(0.29039 0 0)
(0.290383 0 0)
(0.290376 0 0)
(0.290369 0 0)
(0.290362 0 0)
(0.290354 0 0)
(0.290347 0 0)
(0.290339 0 0)
(0.290332 0 0)
(0.290324 0 0)
(0.290316 0 0)
(0.290308 0 0)
(0.2903 0 0)
(0.290292 0 0)
(0.290283 0 0)
(0.290275 0 0)
(0.290267 0 0)
(0.290258 0 0)
(0.290249 0 0)
(0.290241 0 0)
(0.290232 0 0)
(0.290223 0 0)
(0.290214 0 0)
(0.290204 0 0)
(0.290195 0 0)
(0.290186 0 0)
(0.290176 0 0)
(0.290167 0 0)
(0.290157 0 0)
(0.290148 0 0)
(0.290138 0 0)
(0.290128 0 0)
(0.290118 0 0)
(0.290108 0 0)
(0.290098 0 0)
(0.290087 0 0)
(0.290077 0 0)
(0.290067 0 0)
(0.290056 0 0)
(0.290046 0 0)
(0.290035 0 0)
(0.290024 0 0)
(0.290013 0 0)
(0.290002 0 0)
(0.289991 0 0)
(0.28998 0 0)
(0.289969 0 0)
(0.289958 0 0)
(0.289947 0 0)
(0.289935 0 0)
(0.289924 0 0)
(0.289912 0 0)
(0.2899 0 0)
(0.289889 0 0)
(0.289877 0 0)
(0.289865 0 0)
(0.289853 0 0)
(0.289841 0 0)
(0.289829 0 0)
(0.289816 0 0)
(0.289804 0 0)
(0.289792 0 0)
(0.289779 0 0)
(0.289767 0 0)
(0.289754 0 0)
(0.289742 0 0)
(0.289729 0 0)
(0.289716 0 0)
(0.289703 0 0)
(0.28969 0 0)
(0.289677 0 0)
(0.289664 0 0)
(0.289651 0 0)
(0.289638 0 0)
(0.289624 0 0)
(0.289611 0 0)
(0.289597 0 0)
(0.289584 0 0)
(0.28957 0 0)
(0.289557 0 0)
(0.289543 0 0)
(0.289529 0 0)
(0.289515 0 0)
(0.289501 0 0)
(0.289487 0 0)
(0.289473 0 0)
(0.289459 0 0)
(0.289445 0 0)
(0.28943 0 0)
(0.289416 0 0)
(0.289402 0 0)
(0.289387 0 0)
(0.289373 0 0)
(0.289358 0 0)
(0.289343 0 0)
(0.289329 0 0)
(0.289314 0 0)
(0.289299 0 0)
(0.289284 0 0)
(0.289269 0 0)
(0.289254 0 0)
(0.289239 0 0)
(0.289224 0 0)
(0.289208 0 0)
(0.289193 0 0)
(0.289178 0 0)
(0.289162 0 0)
(0.289147 0 0)
(0.289131 0 0)
(0.289116 0 0)
(0.2891 0 0)
(0.289084 0 0)
(0.289069 0 0)
(0.289053 0 0)
(0.289037 0 0)
(0.289021 0 0)
(0.289005 0 0)
(0.288989 0 0)
(0.288973 0 0)
(0.288956 0 0)
(0.28894 0 0)
(0.288924 0 0)
(0.288907 0 0)
(0.288891 0 0)
(0.288875 0 0)
(0.288858 0 0)
(0.288841 0 0)
(0.288825 0 0)
(0.288808 0 0)
(0.288791 0 0)
(0.288774 0 0)
(0.288758 0 0)
(0.288741 0 0)
(0.288724 0 0)
(0.288707 0 0)
(0.288689 0 0)
(0.288672 0 0)
(0.288655 0 0)
(0.288638 0 0)
(0.288621 0 0)
(0.288603 0 0)
(0.288586 0 0)
(0.288568 0 0)
(0.288551 0 0)
(0.288533 0 0)
(0.288516 0 0)
(0.288498 0 0)
(0.28848 0 0)
(0.288462 0 0)
(0.288445 0 0)
(0.288427 0 0)
(0.288409 0 0)
(0.288391 0 0)
(0.288373 0 0)
(0.288355 0 0)
(0.288337 0 0)
(0.288318 0 0)
(0.2883 0 0)
(0.288282 0 0)
(0.288264 0 0)
(0.288245 0 0)
(0.288227 0 0)
(0.288208 0 0)
(0.28819 0 0)
(0.288171 0 0)
(0.288153 0 0)
(0.288134 0 0)
(0.288115 0 0)
(0.288096 0 0)
(0.288078 0 0)
(0.288059 0 0)
(0.28804 0 0)
(0.288021 0 0)
(0.288002 0 0)
(0.287983 0 0)
(0.287964 0 0)
(0.287945 0 0)
(0.287926 0 0)
(0.287906 0 0)
(0.287887 0 0)
(0.287868 0 0)
(0.287848 0 0)
(0.287829 0 0)
(0.287809 0 0)
(0.28779 0 0)
(0.28777 0 0)
(0.287751 0 0)
(0.287731 0 0)
(0.287711 0 0)
(0.287692 0 0)
(0.287672 0 0)
(0.287652 0 0)
(0.287632 0 0)
(0.287612 0 0)
(0.287593 0 0)
(0.287573 0 0)
(0.287552 0 0)
(0.287532 0 0)
(0.287512 0 0)
(0.287492 0 0)
(0.287472 0 0)
(0.287452 0 0)
(0.287431 0 0)
(0.287411 0 0)
(0.287391 0 0)
(0.28737 0 0)
(0.28735 0 0)
(0.287329 0 0)
(0.287309 0 0)
(0.287288 0 0)
(0.287268 0 0)
(0.287247 0 0)
(0.287226 0 0)
(0.287206 0 0)
(0.287185 0 0)
(0.287164 0 0)
(0.287143 0 0)
(0.287122 0 0)
(0.287101 0 0)
(0.28708 0 0)
(0.287059 0 0)
(0.287038 0 0)
(0.287017 0 0)
(0.286996 0 0)
(0.286975 0 0)
(0.286954 0 0)
(0.286932 0 0)
(0.286911 0 0)
(0.28689 0 0)
(0.286868 0 0)
(0.286847 0 0)
(0.286825 0 0)
(0.286804 0 0)
(0.286782 0 0)
(0.286761 0 0)
(0.286739 0 0)
(0.286718 0 0)
(0.286696 0 0)
(0.286674 0 0)
(0.286652 0 0)
(0.286631 0 0)
(0.286609 0 0)
(0.286587 0 0)
(0.286565 0 0)
(0.286543 0 0)
(0.286521 0 0)
(0.286499 0 0)
(0.286477 0 0)
(0.286455 0 0)
(0.286433 0 0)
(0.286411 0 0)
(0.286389 0 0)
(0.286366 0 0)
(0.286344 0 0)
(0.286322 0 0)
(0.286299 0 0)
(0.286277 0 0)
(0.286255 0 0)
(0.286232 0 0)
(0.28621 0 0)
(0.286187 0 0)
(0.286165 0 0)
(0.286142 0 0)
(0.286119 0 0)
(0.286097 0 0)
(0.286074 0 0)
(0.286051 0 0)
(0.286028 0 0)
(0.286006 0 0)
(0.285983 0 0)
(0.28596 0 0)
(0.285937 0 0)
(0.285914 0 0)
(0.285891 0 0)
(0.285868 0 0)
(0.285845 0 0)
(0.285822 0 0)
(0.285799 0 0)
(0.285776 0 0)
(0.285753 0 0)
(0.285729 0 0)
(0.285706 0 0)
(0.285683 0 0)
(0.28566 0 0)
(0.285636 0 0)
(0.285613 0 0)
(0.285589 0 0)
(0.285566 0 0)
(0.285543 0 0)
(0.285519 0 0)
(0.285496 0 0)
(0.285472 0 0)
(0.285448 0 0)
(0.285425 0 0)
(0.285401 0 0)
(0.285377 0 0)
(0.285354 0 0)
(0.28533 0 0)
(0.285306 0 0)
(0.285282 0 0)
(0.285258 0 0)
(0.285234 0 0)
(0.285211 0 0)
(0.285187 0 0)
(0.285163 0 0)
(0.285139 0 0)
(0.285115 0 0)
(0.28509 0 0)
(0.285066 0 0)
(0.285042 0 0)
(0.285018 0 0)
(0.284994 0 0)
(0.28497 0 0)
(0.284945 0 0)
(0.284921 0 0)
(0.284897 0 0)
(0.284872 0 0)
(0.284848 0 0)
(0.284824 0 0)
(0.284799 0 0)
(0.284775 0 0)
(0.28475 0 0)
(0.284726 0 0)
(0.284701 0 0)
(0.284676 0 0)
(0.284652 0 0)
(0.284627 0 0)
(0.284602 0 0)
(0.284578 0 0)
(0.284553 0 0)
(0.284528 0 0)
(0.284503 0 0)
(0.284478 0 0)
(0.284454 0 0)
(0.284429 0 0)
(0.284404 0 0)
(0.284379 0 0)
(0.284354 0 0)
(0.284329 0 0)
(0.284304 0 0)
(0.284279 0 0)
(0.284254 0 0)
(0.284228 0 0)
(0.284203 0 0)
(0.284178 0 0)
(0.284153 0 0)
(0.284128 0 0)
(0.284102 0 0)
(0.284077 0 0)
(0.284052 0 0)
(0.284026 0 0)
(0.284001 0 0)
(0.283976 0 0)
(0.28395 0 0)
(0.283925 0 0)
(0.283899 0 0)
(0.283874 0 0)
(0.283848 0 0)
(0.283823 0 0)
(0.283797 0 0)
(0.283771 0 0)
(0.283746 0 0)
(0.28372 0 0)
(0.283694 0 0)
(0.283668 0 0)
(0.283643 0 0)
(0.283617 0 0)
(0.283591 0 0)
(0.283565 0 0)
(0.283539 0 0)
(0.283513 0 0)
(0.283487 0 0)
(0.283461 0 0)
(0.283435 0 0)
(0.283409 0 0)
(0.283383 0 0)
(0.283357 0 0)
(0.283331 0 0)
(0.283305 0 0)
(0.283279 0 0)
(0.283253 0 0)
(0.283226 0 0)
(0.2832 0 0)
(0.283174 0 0)
(0.283148 0 0)
(0.283121 0 0)
(0.283095 0 0)
(0.283069 0 0)
(0.283042 0 0)
(0.283016 0 0)
(0.282989 0 0)
(0.282963 0 0)
(0.282936 0 0)
(0.28291 0 0)
(0.282883 0 0)
(0.282857 0 0)
(0.28283 0 0)
(0.282804 0 0)
(0.282777 0 0)
(0.28275 0 0)
(0.282724 0 0)
(0.282697 0 0)
(0.28267 0 0)
(0.282643 0 0)
(0.282616 0 0)
(0.28259 0 0)
(0.282563 0 0)
(0.282536 0 0)
(0.282509 0 0)
(0.282482 0 0)
(0.282455 0 0)
(0.282428 0 0)
(0.282401 0 0)
(0.282374 0 0)
(0.282347 0 0)
(0.28232 0 0)
(0.282293 0 0)
(0.282266 0 0)
(0.282238 0 0)
(0.282211 0 0)
(0.282184 0 0)
(0.282157 0 0)
(0.28213 0 0)
(0.282102 0 0)
(0.282075 0 0)
(0.282048 0 0)
(0.28202 0 0)
(0.281993 0 0)
(0.281966 0 0)
(0.281938 0 0)
(0.281911 0 0)
(0.281883 0 0)
(0.281856 0 0)
(0.281828 0 0)
(0.281801 0 0)
(0.281773 0 0)
(0.281745 0 0)
(0.281718 0 0)
(0.28169 0 0)
(0.281662 0 0)
(0.281635 0 0)
(0.281607 0 0)
(0.281579 0 0)
(0.281552 0 0)
(0.281524 0 0)
(0.281496 0 0)
(0.281468 0 0)
(0.28144 0 0)
(0.281412 0 0)
(0.281384 0 0)
(0.281357 0 0)
(0.281329 0 0)
(0.281301 0 0)
(0.281273 0 0)
(0.281245 0 0)
(0.281216 0 0)
(0.281188 0 0)
(0.28116 0 0)
(0.281132 0 0)
(0.281104 0 0)
(0.281076 0 0)
(0.281048 0 0)
(0.281019 0 0)
(0.280991 0 0)
(0.280963 0 0)
(0.280935 0 0)
(0.280906 0 0)
(0.280878 0 0)
(0.28085 0 0)
(0.280821 0 0)
(0.280793 0 0)
(0.280765 0 0)
(0.280736 0 0)
(0.280708 0 0)
(0.280679 0 0)
(0.280651 0 0)
(0.280622 0 0)
(0.280594 0 0)
(0.280565 0 0)
(0.280536 0 0)
(0.280508 0 0)
(0.280479 0 0)
(0.28045 0 0)
(0.280422 0 0)
(0.280393 0 0)
(0.280364 0 0)
(0.280336 0 0)
(0.280307 0 0)
(0.280278 0 0)
(0.280249 0 0)
(0.28022 0 0)
(0.280191 0 0)
(0.280163 0 0)
(0.280134 0 0)
(0.280105 0 0)
(0.280076 0 0)
(0.280047 0 0)
(0.280018 0 0)
(0.279989 0 0)
(0.27996 0 0)
(0.279931 0 0)
(0.279902 0 0)
(0.279872 0 0)
(0.279843 0 0)
(0.279814 0 0)
(0.279785 0 0)
(0.279756 0 0)
(0.279727 0 0)
(0.279697 0 0)
(0.279668 0 0)
(0.279639 0 0)
(0.27961 0 0)
(0.27958 0 0)
(0.279551 0 0)
(0.279521 0 0)
(0.279492 0 0)
(0.279463 0 0)
(0.279433 0 0)
(0.279404 0 0)
(0.279374 0 0)
(0.279345 0 0)
(0.279315 0 0)
(0.279286 0 0)
(0.279256 0 0)
(0.279227 0 0)
(0.279197 0 0)
(0.279167 0 0)
(0.279138 0 0)
(0.279108 0 0)
(0.279078 0 0)
(0.279049 0 0)
(0.279019 0 0)
(0.278989 0 0)
(0.278959 0 0)
(0.27893 0 0)
(0.2789 0 0)
(0.27887 0 0)
(0.27884 0 0)
(0.27881 0 0)
(0.27878 0 0)
(0.27875 0 0)
(0.278721 0 0)
(0.278691 0 0)
(0.278661 0 0)
(0.278631 0 0)
(0.278601 0 0)
(0.278571 0 0)
(0.27854 0 0)
(0.27851 0 0)
(0.27848 0 0)
(0.27845 0 0)
(0.27842 0 0)
(0.27839 0 0)
(0.27836 0 0)
(0.278329 0 0)
(0.278299 0 0)
(0.278269 0 0)
(0.278239 0 0)
(0.278208 0 0)
(0.278178 0 0)
(0.278148 0 0)
(0.278117 0 0)
(0.278087 0 0)
(0.278057 0 0)
(0.278026 0 0)
(0.277996 0 0)
(0.277965 0 0)
(0.277935 0 0)
(0.277904 0 0)
(0.277874 0 0)
(0.277843 0 0)
(0.277813 0 0)
(0.277782 0 0)
(0.277752 0 0)
(0.277721 0 0)
(0.277691 0 0)
(0.27766 0 0)
(0.277629 0 0)
(0.277598 0 0)
(0.277568 0 0)
(0.277537 0 0)
(0.277506 0 0)
(0.277476 0 0)
(0.277445 0 0)
(0.277414 0 0)
(0.277383 0 0)
(0.277352 0 0)
(0.277321 0 0)
(0.277291 0 0)
(0.27726 0 0)
(0.277229 0 0)
(0.277198 0 0)
(0.277167 0 0)
(0.277136 0 0)
(0.277105 0 0)
(0.277074 0 0)
(0.277043 0 0)
(0.277012 0 0)
(0.276981 0 0)
(0.276949 0 0)
(0.276918 0 0)
(0.276887 0 0)
(0.276856 0 0)
(0.276825 0 0)
(0.276794 0 0)
(0.276762 0 0)
(0.276731 0 0)
(0.2767 0 0)
(0.276669 0 0)
(0.276637 0 0)
(0.276606 0 0)
(0.276575 0 0)
(0.276543 0 0)
(0.276512 0 0)
(0.276481 0 0)
(0.276449 0 0)
(0.276418 0 0)
(0.276386 0 0)
(0.276355 0 0)
(0.276323 0 0)
(0.276292 0 0)
(0.27626 0 0)
(0.276229 0 0)
(0.276197 0 0)
(0.276166 0 0)
(0.276134 0 0)
(0.276102 0 0)
(0.276071 0 0)
(0.276039 0 0)
(0.276007 0 0)
(0.275976 0 0)
(0.275944 0 0)
(0.275912 0 0)
(0.27588 0 0)
(0.275849 0 0)
(0.275817 0 0)
(0.275785 0 0)
(0.275753 0 0)
(0.275721 0 0)
(0.27569 0 0)
(0.275658 0 0)
(0.275626 0 0)
(0.275594 0 0)
(0.275562 0 0)
(0.27553 0 0)
(0.275498 0 0)
(0.275466 0 0)
(0.275434 0 0)
(0.275402 0 0)
(0.27537 0 0)
(0.275338 0 0)
(0.275306 0 0)
(0.275274 0 0)
(0.275241 0 0)
(0.275209 0 0)
(0.275177 0 0)
(0.275145 0 0)
(0.275113 0 0)
(0.27508 0 0)
(0.275048 0 0)
(0.275016 0 0)
(0.274984 0 0)
(0.274951 0 0)
(0.274919 0 0)
(0.274887 0 0)
(0.274854 0 0)
(0.274822 0 0)
(0.27479 0 0)
(0.274757 0 0)
(0.274725 0 0)
(0.274692 0 0)
(0.27466 0 0)
(0.274627 0 0)
(0.274595 0 0)
(0.274562 0 0)
(0.27453 0 0)
(0.274497 0 0)
(0.274465 0 0)
(0.274432 0 0)
(0.274399 0 0)
(0.274367 0 0)
(0.274334 0 0)
(0.274302 0 0)
(0.274269 0 0)
(0.274236 0 0)
(0.274203 0 0)
(0.274171 0 0)
(0.274138 0 0)
(0.274105 0 0)
(0.274072 0 0)
(0.27404 0 0)
(0.274007 0 0)
(0.273974 0 0)
(0.273941 0 0)
(0.273908 0 0)
(0.273875 0 0)
(0.273842 0 0)
(0.273809 0 0)
(0.273776 0 0)
(0.273743 0 0)
(0.27371 0 0)
(0.273677 0 0)
(0.273644 0 0)
(0.273611 0 0)
(0.273578 0 0)
(0.273545 0 0)
(0.273512 0 0)
(0.273479 0 0)
(0.273446 0 0)
(0.273413 0 0)
(0.273379 0 0)
(0.273346 0 0)
(0.273313 0 0)
(0.27328 0 0)
(0.273247 0 0)
(0.273213 0 0)
(0.27318 0 0)
(0.273147 0 0)
(0.273113 0 0)
(0.27308 0 0)
(0.273047 0 0)
(0.273013 0 0)
(0.27298 0 0)
(0.272947 0 0)
(0.272913 0 0)
(0.27288 0 0)
(0.272846 0 0)
(0.272813 0 0)
(0.272779 0 0)
(0.272746 0 0)
(0.272712 0 0)
(0.272679 0 0)
(0.272645 0 0)
(0.272611 0 0)
(0.272578 0 0)
(0.272544 0 0)
(0.272511 0 0)
(0.272477 0 0)
(0.272443 0 0)
(0.27241 0 0)
(0.272376 0 0)
(0.272342 0 0)
(0.272308 0 0)
(0.272275 0 0)
(0.272241 0 0)
(0.272207 0 0)
(0.272173 0 0)
(0.272139 0 0)
(0.272106 0 0)
(0.272072 0 0)
(0.272038 0 0)
(0.272004 0 0)
(0.27197 0 0)
(0.271936 0 0)
(0.271902 0 0)
(0.271868 0 0)
(0.271834 0 0)
(0.2718 0 0)
(0.271766 0 0)
(0.271732 0 0)
(0.271698 0 0)
(0.271664 0 0)
(0.27163 0 0)
(0.271596 0 0)
(0.271561 0 0)
(0.271527 0 0)
(0.271493 0 0)
(0.271459 0 0)
(0.271425 0 0)
(0.271391 0 0)
(0.271356 0 0)
(0.271322 0 0)
(0.271288 0 0)
(0.271253 0 0)
(0.271219 0 0)
(0.271185 0 0)
(0.27115 0 0)
(0.271116 0 0)
(0.271082 0 0)
(0.271047 0 0)
(0.271013 0 0)
(0.270979 0 0)
(0.270944 0 0)
(0.27091 0 0)
(0.270875 0 0)
(0.270841 0 0)
(0.270806 0 0)
(0.270772 0 0)
(0.270737 0 0)
(0.270702 0 0)
(0.270668 0 0)
(0.270633 0 0)
(0.270599 0 0)
(0.270564 0 0)
(0.270529 0 0)
(0.270495 0 0)
(0.27046 0 0)
(0.270425 0 0)
(0.27039 0 0)
(0.270356 0 0)
(0.270321 0 0)
(0.270286 0 0)
(0.270251 0 0)
(0.270217 0 0)
(0.270182 0 0)
(0.270147 0 0)
(0.270112 0 0)
(0.270077 0 0)
(0.270042 0 0)
(0.270007 0 0)
(0.269972 0 0)
(0.269937 0 0)
(0.269902 0 0)
(0.269867 0 0)
(0.269832 0 0)
(0.269797 0 0)
(0.269762 0 0)
(0.269727 0 0)
(0.269692 0 0)
(0.269657 0 0)
(0.269622 0 0)
(0.269587 0 0)
(0.269552 0 0)
(0.269517 0 0)
(0.269481 0 0)
(0.269446 0 0)
(0.269411 0 0)
(0.269376 0 0)
(0.26934 0 0)
(0.269305 0 0)
(0.26927 0 0)
(0.269235 0 0)
(0.269199 0 0)
(0.269164 0 0)
(0.269129 0 0)
(0.269093 0 0)
(0.269058 0 0)
(0.269022 0 0)
(0.268987 0 0)
(0.268951 0 0)
(0.268916 0 0)
(0.268881 0 0)
(0.268845 0 0)
(0.26881 0 0)
(0.268774 0 0)
(0.268738 0 0)
(0.268703 0 0)
(0.268667 0 0)
(0.268632 0 0)
(0.268596 0 0)
(0.26856 0 0)
(0.268525 0 0)
(0.268489 0 0)
(0.268453 0 0)
(0.268418 0 0)
(0.268382 0 0)
(0.268346 0 0)
(0.268311 0 0)
(0.268275 0 0)
(0.268239 0 0)
(0.268203 0 0)
(0.268167 0 0)
(0.268131 0 0)
(0.268096 0 0)
(0.26806 0 0)
(0.268024 0 0)
(0.267988 0 0)
(0.267952 0 0)
(0.267916 0 0)
(0.26788 0 0)
(0.267844 0 0)
(0.267808 0 0)
(0.267772 0 0)
(0.267736 0 0)
(0.2677 0 0)
(0.267664 0 0)
(0.267628 0 0)
(0.267592 0 0)
(0.267556 0 0)
(0.267519 0 0)
(0.267483 0 0)
(0.267447 0 0)
(0.267411 0 0)
(0.267375 0 0)
(0.267338 0 0)
(0.267302 0 0)
(0.267266 0 0)
(0.26723 0 0)
(0.267193 0 0)
(0.267157 0 0)
(0.267121 0 0)
(0.267084 0 0)
(0.267048 0 0)
(0.267012 0 0)
(0.266975 0 0)
(0.266939 0 0)
(0.266902 0 0)
(0.266866 0 0)
(0.266829 0 0)
(0.266793 0 0)
(0.266756 0 0)
(0.26672 0 0)
(0.266683 0 0)
(0.266647 0 0)
(0.26661 0 0)
(0.266574 0 0)
(0.266537 0 0)
(0.2665 0 0)
(0.266464 0 0)
(0.266427 0 0)
(0.26639 0 0)
(0.266354 0 0)
(0.266317 0 0)
(0.26628 0 0)
(0.266243 0 0)
(0.266207 0 0)
(0.26617 0 0)
(0.266133 0 0)
(0.266096 0 0)
(0.266059 0 0)
(0.266023 0 0)
(0.265986 0 0)
(0.265949 0 0)
(0.265912 0 0)
(0.265875 0 0)
(0.265838 0 0)
(0.265801 0 0)
(0.265764 0 0)
(0.265727 0 0)
(0.26569 0 0)
(0.265653 0 0)
(0.265616 0 0)
(0.265579 0 0)
(0.265542 0 0)
(0.265505 0 0)
(0.265468 0 0)
(0.26543 0 0)
(0.265393 0 0)
(0.265356 0 0)
(0.265319 0 0)
(0.265282 0 0)
(0.265244 0 0)
(0.265207 0 0)
(0.26517 0 0)
(0.265133 0 0)
(0.265095 0 0)
(0.265058 0 0)
(0.265021 0 0)
(0.264983 0 0)
(0.264946 0 0)
(0.264908 0 0)
)
;

boundaryField
{
    inlet
    {
        type            fractionalVelocity;
        U               1((1 0 0));
        fractionalFlow  Fb;
        value           uniform (0.290579 0 0);
    }
    outlet
    {
        type            zeroGradient;
    }
    emptyWalls
    {
        type            empty;
    }
}


// ************************************************************************* //
