/*--------------------------------*- C++ -*----------------------------------*\
  =========                 |
  \\      /  F ield         | OpenFOAM: The Open Source CFD Toolbox
   \\    /   O peration     | Website:  https://openfoam.org
    \\  /    A nd           | Version:  9
     \\/     M anipulation  |
\*---------------------------------------------------------------------------*/
FoamFile
{
    format      ascii;
    class       volScalarField;
    location    "4.4";
    object      Fcsw;
}
// * * * * * * * * * * * * * * * * * * * * * * * * * * * * * * * * * * * * * //

dimensions      [0 0 0 0 0 0 0];

internalField   nonuniform List<scalar> 
1000
(
0.000138727
0.000221011
0.000295214
0.0003648
0.000431029
0.00049454
0.000555721
0.000614834
0.000672073
0.00072759
0.000781505
0.000833924
0.000884933
0.00093461
0.000983024
0.00103024
0.00107631
0.00112128
0.00116521
0.00120814
0.00125011
0.00129115
0.00133131
0.00137062
0.0014091
0.0014468
0.00148373
0.00151993
0.00155541
0.00159021
0.00162435
0.00165784
0.00169072
0.00172299
0.00175468
0.00178581
0.0018164
0.00184645
0.00187599
0.00190504
0.0019336
0.00196169
0.00198932
0.00201651
0.00204327
0.00206962
0.00209556
0.0021211
0.00214626
0.00217104
0.00219546
0.00221952
0.00224324
0.00226662
0.00228967
0.00231241
0.00233483
0.00235695
0.00237878
0.00240031
0.00242157
0.00244254
0.00246325
0.0024837
0.0025039
0.00252384
0.00254354
0.002563
0.00258223
0.00260124
0.00262002
0.00263858
0.00265693
0.00267508
0.00269302
0.00271077
0.00272832
0.00274568
0.00276285
0.00277984
0.00279666
0.0028133
0.00282977
0.00284608
0.00286222
0.00287821
0.00289403
0.00290971
0.00292523
0.00294061
0.00295584
0.00297093
0.00298588
0.0030007
0.00301539
0.00302994
0.00304437
0.00305867
0.00307285
0.00308692
0.00310086
0.00311469
0.0031284
0.003142
0.0031555
0.00316888
0.00318217
0.00319535
0.00320843
0.00322141
0.00323429
0.00324708
0.00325977
0.00327238
0.00328489
0.00329731
0.00330965
0.0033219
0.00333407
0.00334616
0.00335817
0.0033701
0.00338195
0.00339372
0.00340543
0.00341705
0.00342861
0.00344009
0.00345151
0.00346286
0.00347414
0.00348535
0.0034965
0.00350759
0.00351862
0.00352958
0.00354049
0.00355134
0.00356213
0.00357286
0.00358354
0.00359416
0.00360473
0.00361525
0.00362571
0.00363613
0.0036465
0.00365681
0.00366708
0.00367731
0.00368749
0.00369762
0.00370771
0.00371776
0.00372776
0.00373772
0.00374764
0.00375753
0.00376737
0.00377717
0.00378694
0.00379667
0.00380637
0.00381603
0.00382565
0.00383524
0.0038448
0.00385433
0.00386382
0.00387329
0.00388272
0.00389213
0.0039015
0.00391085
0.00392017
0.00392947
0.00393874
0.00394798
0.0039572
0.00396639
0.00397557
0.00398471
0.00399384
0.00400295
0.00401203
0.0040211
0.00403014
0.00403917
0.00404818
0.00405717
0.00406614
0.0040751
0.00408404
0.00409297
0.00410188
0.00411078
0.00411967
0.00412854
0.00413741
0.00414626
0.0041551
0.00416393
0.00417275
0.00418157
0.00419037
0.00419917
0.00420796
0.00421675
0.00422553
0.00423431
0.00424308
0.00425185
0.00426062
0.00426939
0.00427815
0.00428692
0.00429569
0.00430446
0.00431323
0.00432201
0.00433079
0.00433957
0.00434836
0.00435716
0.00436596
0.00437478
0.0043836
0.00439244
0.00440128
0.00441014
0.00441901
0.0044279
0.00443681
0.00444573
0.00445467
0.00446363
0.00447261
0.00448161
0.00449064
0.00449969
0.00450877
0.00451788
0.00452701
0.00453618
0.00454539
0.00455462
0.0045639
0.00457321
0.00458257
0.00459197
0.00460141
0.0046109
0.00462045
0.00463004
0.00463969
0.0046494
0.00465918
0.00466901
0.00467892
0.00468889
0.00469894
0.00470907
0.00471928
0.00472958
0.00473997
0.00475046
0.00476105
0.00477175
0.00478255
0.00479348
0.00480453
0.00481571
0.00482703
0.0048385
0.00485012
0.0048619
0.00487386
0.004886
0.00489833
0.00491086
0.0049236
0.00493658
0.0049498
0.00496327
0.00497701
0.00499104
0.00500538
0.00502005
0.00503506
0.00505045
0.00506622
0.00508242
0.00509907
0.0051162
0.00513384
0.00515204
0.00517083
0.00519025
0.00521035
0.00523119
0.00525282
0.0052753
0.0052987
0.0053231
0.00534857
0.00537521
0.00540312
0.0054324
0.00546319
0.00549561
0.00552982
0.00556598
0.00560428
0.00564494
0.00568819
0.00573429
0.00578355
0.0058363
0.00589293
0.00595387
0.00601962
0.00609075
0.00616791
0.00625186
0.00634347
0.00644375
0.00655387
0.00667523
0.00680944
0.00695844
0.00712452
0.00731042
0.00751944
0.0077556
0.00802379
0.00833005
0.00868188
0.0090887
0.00956243
0.0101184
0.0107765
0.0115629
0.0125127
0.0136738
0.0151127
0.0169241
0.0192462
0.022288
0.0263757
0.0320433
0.0402113
0.0525773
0.0725587
0.107897
0.179146
0.357306
1.00488
0.772523
0.631753
0.304925
0.0312581
-0.105065
-0.149323
-0.157739
-0.15412
-0.138305
-0.103862
-0.0495778
0.0155862
0.0735295
0.105341
0.103051
0.0741546
0.0344907
-0.00202306
-0.0280144
-0.0416803
-0.0442173
-0.0380312
-0.0259976
-0.0112475
0.00303852
0.0140709
0.0200406
0.0205391
0.0165274
0.00984655
0.00253762
-0.00371669
-0.0078766
-0.00957865
-0.00902015
-0.00678398
-0.00365158
-0.00042454
0.00222973
0.0038879
0.00441653
0.00394728
0.00279584
0.00135428
-1.05531e-05
-0.00102925
-0.00156387
-0.00160662
-0.00125283
-0.000659657
-1.41008e-06
0.000569556
0.000949868
0.00109685
0.00102523
0.000792352
0.000477328
0.000159965
-9.5998e-05
-0.0002527
-0.000300519
-0.000254152
-0.000144571
-9.34183e-06
0.000116394
0.000206615
0.000247872
0.000239475
0.000191001
0.00011822
3.85885e-05
-3.26502e-05
-8.50885e-05
-0.000114223
-0.000121082
-0.000110794
-9.06096e-05
-6.79013e-05
-4.85603e-05
-3.60334e-05
-3.10749e-05
-3.21188e-05
-3.60699e-05
-3.92682e-05
-3.83939e-05
-3.11397e-05
-1.65605e-05
4.90834e-06
3.17021e-05
6.15467e-05
9.19336e-05
0.000120546
0.00014557
0.00016585
0.000180903
0.000190811
0.000196053
0.000197305
0.000195282
0.000190613
0.000183787
0.000175152
0.000164954
0.000153391
0.000140675
0.000127072
0.00011292
9.86227e-05
8.46243e-05
7.13729e-05
5.92823e-05
4.87006e-05
3.98901e-05
3.30208e-05
2.81764e-05
2.53679e-05
2.45517e-05
2.56468e-05
2.85476e-05
3.31316e-05
3.92606e-05
4.6778e-05
5.55034e-05
6.52283e-05
7.57133e-05
8.66902e-05
9.78679e-05
0.000108943
0.000119611
0.000129585
0.000138603
0.000146447
0.000152943
0.000157977
0.000161485
0.000163459
0.000163939
0.000163005
0.00016077
0.000157372
0.000152964
0.00014771
0.000141772
0.00013531
0.000128476
0.000121408
0.000114233
0.000107059
9.99827e-05
9.30829e-05
8.64263e-05
8.00676e-05
7.40519e-05
6.84168e-05
6.31947e-05
5.8414e-05
5.41013e-05
5.02811e-05
4.69767e-05
4.42097e-05
4.19984e-05
4.03574e-05
3.92955e-05
3.88142e-05
3.89061e-05
3.95542e-05
4.07302e-05
4.2395e-05
4.44983e-05
4.69799e-05
4.97708e-05
5.27955e-05
5.59739e-05
5.92246e-05
6.24677e-05
6.56279e-05
6.86373e-05
7.14386e-05
7.3987e-05
7.62524e-05
7.82203e-05
7.98927e-05
8.12872e-05
8.24367e-05
8.33872e-05
8.41954e-05
8.49262e-05
8.56489e-05
8.6434e-05
8.73495e-05
8.84577e-05
8.98116e-05
9.14526e-05
9.3408e-05
9.56898e-05
9.82937e-05
0.000101199
0.00010437
0.000107756
0.000111294
0.000114912
0.00011853
0.000122066
0.000125434
0.000128554
0.00013135
0.000133754
0.000135711
0.000137176
0.00013812
0.000138528
0.000138401
0.000137755
0.000136621
0.000135041
0.000133071
0.000130775
0.000128224
0.000125495
0.000122668
0.000119821
0.000117031
0.00011437
0.000111904
0.000109689
0.000107773
0.000106192
0.000104972
0.000104126
0.000103655
0.000103549
0.000103788
0.000104341
0.000105168
0.000106224
0.000107457
0.000108812
0.000110231
0.000111657
0.000113035
0.00011431
0.000115435
0.000116368
0.000117073
0.000117522
0.000117697
0.000117586
0.000117187
0.000116508
0.000115561
0.00011437
0.000112962
0.000111371
0.000109635
0.000107795
0.000105895
0.000103978
0.000102087
0.000100264
9.85477e-05
9.69729e-05
9.55705e-05
9.43667e-05
9.33818e-05
9.26307e-05
9.21228e-05
9.18618e-05
9.18459e-05
9.20686e-05
9.25188e-05
9.31815e-05
9.40385e-05
9.50692e-05
9.62508e-05
9.75597e-05
9.89717e-05
0.000100463
0.00010201
0.000103591
0.000105186
0.000106776
0.000108344
0.000109879
0.000111367
0.000112799
0.00011417
0.000115474
0.000116708
0.000117872
0.000118965
0.000119989
0.000120946
0.000121839
0.000122672
0.000123448
0.000124171
0.000124846
0.000125475
0.000126062
0.000126611
0.000127125
0.000127608
0.00012806
0.000128487
0.00012889
0.000129272
0.000129636
0.000129985
0.000130321
0.000130646
0.000130964
0.000131276
0.000131587
0.000131896
0.000132207
0.000132521
0.000132838
0.000133152
0.000133441
0.000133607
0.000133244
0.000130678
0.000119016
6.98447e-05
-0.000133975
-0.000975417
-0.00444673
-0.0187794
-0.0781983
-0.327931
-1.37854
-3.55956
-1.0987
-0.0081788
-0.000466047
-0.000165845
3.37587e-05
7.31424e-05
3.89257e-05
4.9965e-06
-6.74284e-06
-4.213e-06
9.15727e-07
3.46239e-06
3.56384e-06
2.85635e-06
2.35639e-06
2.23139e-06
2.28512e-06
2.34009e-06
2.3399e-06
2.30109e-06
2.2514e-06
2.20412e-06
2.15994e-06
2.11573e-06
2.06959e-06
2.02149e-06
1.97205e-06
1.92166e-06
1.87022e-06
1.81722e-06
1.76195e-06
1.70362e-06
1.6414e-06
1.57442e-06
1.50179e-06
1.42262e-06
1.33597e-06
1.24087e-06
1.13625e-06
1.02091e-06
8.93439e-07
7.52189e-07
5.95204e-07
4.20186e-07
2.24462e-07
4.96143e-09
-2.41784e-07
-5.19643e-07
-8.3285e-07
-1.18598e-06
-1.58389e-06
-2.03166e-06
-2.53452e-06
-3.09772e-06
-3.72647e-06
-4.42574e-06
-5.20018e-06
-6.05388e-06
-6.99022e-06
-8.01166e-06
-9.11951e-06
-1.03137e-05
-1.15926e-05
-1.29527e-05
-1.43885e-05
-1.58924e-05
-1.74543e-05
-1.90618e-05
-2.07e-05
-2.23516e-05
-2.39969e-05
-2.56142e-05
-2.71799e-05
-2.86687e-05
-3.00545e-05
-3.13103e-05
-3.24093e-05
-3.33252e-05
-3.40329e-05
-3.45093e-05
-3.47339e-05
-3.46893e-05
-3.43621e-05
-3.37433e-05
-3.28289e-05
-3.162e-05
-3.01233e-05
-2.83512e-05
-2.63217e-05
-2.40583e-05
-2.15898e-05
-1.89494e-05
-1.61747e-05
-1.33068e-05
-1.03893e-05
-7.46751e-06
-4.58765e-06
-1.79569e-06
8.63582e-07
3.34751e-06
5.61654e-06
7.63502e-06
9.37198e-06
1.08018e-05
1.19046e-05
1.26669e-05
1.30815e-05
1.31476e-05
1.28709e-05
1.22633e-05
1.13425e-05
1.01314e-05
8.65771e-06
6.95301e-06
5.05225e-06
2.99278e-06
8.13537e-07
-1.44577e-06
-3.74551e-06
-6.04691e-06
-8.31285e-06
-1.05085e-05
-1.26018e-05
-1.45643e-05
-1.63713e-05
-1.80023e-05
-1.94409e-05
-2.06754e-05
-2.16984e-05
-2.25072e-05
-2.31027e-05
-2.34902e-05
-2.36784e-05
-2.36792e-05
-2.35072e-05
-2.31793e-05
-2.27144e-05
-2.21323e-05
-2.1454e-05
-2.07005e-05
-1.98931e-05
-1.90522e-05
-1.81975e-05
-1.73475e-05
-1.65193e-05
-1.57281e-05
-1.49875e-05
-1.43092e-05
-1.37026e-05
-1.31754e-05
-1.27332e-05
-1.23798e-05
-1.2117e-05
-1.1945e-05
-1.18625e-05
-1.18666e-05
-1.19532e-05
-1.2117e-05
-1.23518e-05
-1.26503e-05
-1.30046e-05
-1.34062e-05
-1.3846e-05
-1.43144e-05
-1.48017e-05
-1.5298e-05
-1.5793e-05
-1.62767e-05
-1.67391e-05
-1.71705e-05
-1.75615e-05
-1.79029e-05
-1.81866e-05
-1.84048e-05
-1.85506e-05
-1.86182e-05
-1.86028e-05
-1.85008e-05
-1.83099e-05
-1.80291e-05
-1.76588e-05
-1.7201e-05
-1.66591e-05
-1.60376e-05
-1.53429e-05
-1.45823e-05
-1.37643e-05
-1.28984e-05
-1.19951e-05
-1.10653e-05
-1.01205e-05
-9.17232e-06
-8.23226e-06
-7.31169e-06
-6.42145e-06
-5.57169e-06
-4.7717e-06
-4.02972e-06
-3.35281e-06
-2.74678e-06
-2.21605e-06
-1.76371e-06
-1.39147e-06
-1.09971e-06
-8.87552e-07
-7.53002e-07
-6.93042e-07
-7.03807e-07
-7.80748e-07
-9.1883e-07
-1.1127e-06
-1.35689e-06
-1.64598e-06
-1.97477e-06
-2.33843e-06
-2.73261e-06
-3.15354e-06
-3.5981e-06
-4.06386e-06
-4.54905e-06
-5.0526e-06
-5.57399e-06
-6.11325e-06
-6.6708e-06
-7.24736e-06
-7.84375e-06
-8.46086e-06
-9.10094e-06
-9.82323e-06
-1.27589e-05
-9.50266e-05
-0.00304767
-0.110809
-5.63616
-15.5151
-4.69878e-13
-4.62593e-13
-4.69878e-13
9.36113e-13
-4.66235e-13
-0
4.66235e-13
-3.64246e-15
-4.62593e-13
-4.66235e-13
-9.36113e-13
1.16923e-12
2.33118e-13
9.32471e-13
-0
-2.3676e-13
2.33118e-13
3.64246e-15
2.29475e-13
-2.29475e-13
-2.3676e-13
-0
-4.66235e-13
3.64246e-15
-2.33118e-13
-2.33118e-13
2.33118e-13
-2.3676e-13
2.33118e-13
-2.33118e-13
3.64246e-15
2.29475e-13
-2.33118e-13
-4.62593e-13
-4.69878e-13
-0
3.64246e-15
2.29475e-13
3.64246e-15
-2.3676e-13
-0
-6.99353e-13
3.64246e-15
-3.53319e-13
2.3676e-13
-4.69878e-13
-1.16559e-13
-3.46034e-13
-2.3676e-13
-0
-1.16559e-13
-2.33118e-13
-0
3.64246e-15
-3.64246e-15
3.64246e-15
1.12916e-13
-1.16559e-13
1.16559e-13
2.9504e-13
-0
-0
5.82794e-14
-6.19219e-14
5.82794e-14
-5.82794e-14
-5.82794e-14
-1.12916e-13
-2.91397e-14
-3.64246e-15
-2.91397e-14
-5.4637e-14
5.82794e-14
7.28493e-15
-1.09274e-14
3.64246e-15
)
;

boundaryField
{
    inlet
    {
        type            calculated;
        value           uniform 0.000138727;
    }
    outlet
    {
        type            calculated;
        value           uniform 3.64246e-15;
    }
    emptyWalls
    {
        type            empty;
    }
}


// ************************************************************************* //
