/*--------------------------------*- C++ -*----------------------------------*\
  =========                 |
  \\      /  F ield         | OpenFOAM: The Open Source CFD Toolbox
   \\    /   O peration     | Website:  https://openfoam.org
    \\  /    A nd           | Version:  9
     \\/     M anipulation  |
\*---------------------------------------------------------------------------*/
FoamFile
{
    format      ascii;
    class       surfaceScalarField;
    location    "4.4";
    object      phic;
}
// * * * * * * * * * * * * * * * * * * * * * * * * * * * * * * * * * * * * * //

dimensions      [0 2 0 0 0 0 0];

internalField   nonuniform List<scalar> 
999
(
6.86579e-06
1.77987e-05
3.23958e-05
5.04259e-05
7.17205e-05
9.61428e-05
0.000123575
0.000153914
0.000187064
0.000222939
0.000261457
0.000302543
0.000346126
0.000392138
0.000440515
0.000491197
0.000544126
0.000599246
0.000656505
0.000715852
0.000777238
0.000840617
0.000905944
0.000973176
0.00104227
0.00111319
0.00118589
0.00126034
0.00133651
0.00141435
0.00149383
0.00157492
0.0016576
0.00174182
0.00182756
0.0019148
0.00200349
0.00209363
0.00218518
0.00227811
0.0023724
0.00246803
0.00256498
0.00266322
0.00276273
0.00286349
0.00296548
0.00306868
0.00317307
0.00327863
0.00338534
0.00349319
0.00360215
0.00371222
0.00382336
0.00393558
0.00404885
0.00416315
0.00427848
0.00439481
0.00451213
0.00463044
0.0047497
0.00486993
0.00499109
0.00511317
0.00523617
0.00536008
0.00548487
0.00561054
0.00573708
0.00586448
0.00599272
0.0061218
0.00625171
0.00638243
0.00651396
0.00664628
0.00677939
0.00691327
0.00704793
0.00718334
0.00731951
0.00745641
0.00759406
0.00773242
0.00787151
0.00801131
0.00815181
0.00829301
0.00843489
0.00857746
0.0087207
0.00886461
0.00900917
0.0091544
0.00930027
0.00944678
0.00959392
0.0097417
0.00989009
0.0100391
0.0101887
0.010339
0.0104898
0.0106412
0.0107932
0.0109458
0.011099
0.0112528
0.0114071
0.011562
0.0117174
0.0118734
0.01203
0.0121871
0.0123447
0.0125029
0.0126616
0.0128208
0.0129806
0.0131408
0.0133016
0.0134629
0.0136248
0.0137871
0.0139499
0.0141132
0.014277
0.0144413
0.0146061
0.0147714
0.0149371
0.0151034
0.0152701
0.0154372
0.0156049
0.015773
0.0159415
0.0161106
0.01628
0.01645
0.0166204
0.0167912
0.0169625
0.0171342
0.0173063
0.0174789
0.0176519
0.0178254
0.0179993
0.0181736
0.0183483
0.0185235
0.0186991
0.0188751
0.0190515
0.0192283
0.0194055
0.0195832
0.0197612
0.0199397
0.0201186
0.0202978
0.0204775
0.0206575
0.020838
0.0210188
0.0212001
0.0213817
0.0215638
0.0217462
0.021929
0.0221121
0.0222957
0.0224797
0.022664
0.0228487
0.0230338
0.0232192
0.0234051
0.0235913
0.0237778
0.0239648
0.0241521
0.0243398
0.0245278
0.0247163
0.0249051
0.0250942
0.0252837
0.0254736
0.0256638
0.0258544
0.0260454
0.0262367
0.0264283
0.0266204
0.0268127
0.0270055
0.0271986
0.027392
0.0275858
0.0277799
0.0279744
0.0281693
0.0283645
0.02856
0.0287559
0.0289522
0.0291488
0.0293457
0.029543
0.0297407
0.0299387
0.030137
0.0303357
0.0305347
0.0307341
0.0309338
0.0311339
0.0313343
0.031535
0.0317361
0.0319376
0.0321394
0.0323415
0.032544
0.0327469
0.0329501
0.0331536
0.0333575
0.0335617
0.0337663
0.0339712
0.0341765
0.0343821
0.0345881
0.0347945
0.0350011
0.0352082
0.0354156
0.0356234
0.0358315
0.0360399
0.0362488
0.036458
0.0366675
0.0368775
0.0370878
0.0372984
0.0375095
0.0377209
0.0379326
0.0381448
0.0383573
0.0385702
0.0387835
0.0389972
0.0392113
0.0394258
0.0396407
0.0398559
0.0400716
0.0402877
0.0405042
0.0407211
0.0409384
0.0411561
0.0413743
0.0415929
0.041812
0.0420315
0.0422514
0.0424718
0.0426927
0.0429141
0.0431359
0.0433582
0.043581
0.0438044
0.0440282
0.0442526
0.0444775
0.0447029
0.044929
0.0451556
0.0453828
0.0456106
0.045839
0.0460681
0.0462978
0.0465282
0.0467593
0.0469911
0.0472237
0.047457
0.0476911
0.0479261
0.0481619
0.0483986
0.0486363
0.0488749
0.0491146
0.0493553
0.0495971
0.0498401
0.0500843
0.0503299
0.0505768
0.0508251
0.051075
0.0513266
0.0515798
0.0518349
0.052092
0.0523512
0.0526127
0.0528766
0.0531431
0.0534125
0.053685
0.0539608
0.0542402
0.0545236
0.0548114
0.055104
0.0554019
0.0557057
0.0560159
0.0563334
0.0566591
0.0569939
0.0573391
0.057696
0.0580663
0.0584521
0.0588558
0.0592802
0.059729
0.0602067
0.0607188
0.0612726
0.0618773
0.062545
0.0632919
0.0641403
0.0651214
0.0662805
0.0676858
0.0694448
0.0717371
0.0748857
0.0795347
0.0871603
0.10198
0.141535
0.167268
0.188989
0.202174
0.209124
0.214161
0.219871
0.226747
0.234126
0.240934
0.24603
0.248428
0.247646
0.244063
0.238959
0.233982
0.230413
0.228764
0.228879
0.230247
0.232272
0.234418
0.236261
0.237521
0.238065
0.237918
0.237236
0.236266
0.235273
0.234476
0.234002
0.233883
0.234068
0.234456
0.234927
0.235372
0.23571
0.235897
0.235928
0.23583
0.235651
0.235445
0.235261
0.235131
0.23507
0.235074
0.235126
0.235205
0.235285
0.235349
0.235385
0.23539
0.235368
0.235329
0.235283
0.235242
0.235213
0.235199
0.235201
0.235215
0.235237
0.235261
0.235283
0.235299
0.235308
0.23531
0.235308
0.235303
0.235297
0.235293
0.235293
0.235296
0.235301
0.235309
0.235318
0.235328
0.235336
0.235344
0.23535
0.235356
0.235361
0.235366
0.235372
0.235377
0.235384
0.23539
0.235396
0.235402
0.235407
0.235412
0.235415
0.235416
0.235417
0.235416
0.235415
0.235413
0.235411
0.235409
0.235406
0.235404
0.235402
0.235401
0.2354
0.235399
0.235399
0.235399
0.2354
0.235402
0.235405
0.235408
0.235412
0.235416
0.235421
0.235427
0.235433
0.235439
0.235445
0.235452
0.235458
0.235464
0.23547
0.235476
0.235481
0.235486
0.23549
0.235494
0.235497
0.2355
0.235502
0.235504
0.235504
0.235505
0.235505
0.235505
0.235504
0.235503
0.235502
0.235501
0.2355
0.235499
0.235498
0.235498
0.235498
0.235498
0.235498
0.235499
0.2355
0.235501
0.235503
0.235506
0.235508
0.235512
0.235515
0.235519
0.235523
0.235528
0.235533
0.235538
0.235543
0.235549
0.235554
0.23556
0.235567
0.235573
0.235579
0.235585
0.235591
0.235597
0.235603
0.235609
0.235615
0.235621
0.235626
0.235631
0.235636
0.23564
0.235645
0.235649
0.235652
0.235656
0.235659
0.235662
0.235665
0.235668
0.23567
0.235672
0.235675
0.235677
0.235679
0.235681
0.235683
0.235684
0.235686
0.235688
0.235689
0.235691
0.235693
0.235694
0.235696
0.235697
0.235699
0.235701
0.235702
0.235704
0.235705
0.235707
0.235708
0.23571
0.235712
0.235714
0.235716
0.235718
0.23572
0.235723
0.235725
0.235728
0.235731
0.235734
0.235737
0.235741
0.235744
0.235748
0.235752
0.235756
0.23576
0.235764
0.235769
0.235773
0.235777
0.235782
0.235786
0.23579
0.235794
0.235798
0.235802
0.235806
0.23581
0.235813
0.235817
0.23582
0.235823
0.235827
0.23583
0.235833
0.235836
0.235838
0.235841
0.235844
0.235847
0.23585
0.235853
0.235856
0.235859
0.235863
0.235866
0.235869
0.235873
0.235877
0.235881
0.235884
0.235889
0.235893
0.235897
0.235901
0.235906
0.23591
0.235915
0.23592
0.235924
0.235929
0.235934
0.235938
0.235943
0.235948
0.235952
0.235957
0.235961
0.235966
0.23597
0.235975
0.235979
0.235984
0.235988
0.235992
0.235996
0.236
0.236005
0.236009
0.236013
0.236017
0.236021
0.236025
0.236029
0.236032
0.236036
0.23604
0.236044
0.236048
0.236052
0.236056
0.23606
0.236063
0.236067
0.236071
0.236075
0.236079
0.236083
0.236087
0.236091
0.236094
0.236098
0.236102
0.236106
0.23611
0.236114
0.236118
0.236122
0.236126
0.23613
0.236134
0.236138
0.236142
0.236145
0.236149
0.236151
0.236147
0.236118
0.235987
0.23543
0.233101
0.223181
0.178576
0.0447073
0.000313999
2.82564e-09
0
-5.55112e-17
5.55112e-17
-5.55112e-17
-1.11022e-16
5.55112e-17
-5.55112e-17
5.55112e-17
-1.11022e-16
-5.55112e-17
5.55112e-17
1.11022e-16
-5.55112e-17
5.55112e-17
5.55112e-17
-1.11022e-16
0
0
1.11022e-16
5.55112e-17
-5.55112e-17
1.11022e-16
1.11022e-16
0
-5.55112e-17
-5.55112e-17
0
1.11022e-16
-5.55112e-17
1.11022e-16
-5.55112e-17
0
0
1.11022e-16
0
0
-1.11022e-16
-1.11022e-16
0
-1.11022e-16
0
0
-5.55112e-17
0
0
-1.11022e-16
1.11022e-16
-5.55112e-17
0
-1.11022e-16
-5.55112e-17
-5.55112e-17
5.55112e-17
0
1.11022e-16
5.55112e-17
-1.66533e-16
1.11022e-16
-5.55112e-17
0
0
-1.11022e-16
-1.11022e-16
-5.55112e-17
0
0
-1.11022e-16
0
-5.55112e-17
0
0
0
5.55112e-17
-1.11022e-16
1.11022e-16
0
0
0
-5.55112e-17
-1.66533e-16
0
1.11022e-16
0
1.11022e-16
0
-1.11022e-16
0
-5.55112e-17
5.55112e-17
1.11022e-16
-5.55112e-17
5.55112e-17
0
0
0
-1.11022e-16
-5.55112e-17
-5.55112e-17
0
-5.55112e-17
1.11022e-16
0
-5.55112e-17
-5.55112e-17
0
5.55112e-17
0
5.55112e-17
0
-5.55112e-17
5.55112e-17
5.55112e-17
1.11022e-16
-5.55112e-17
-5.55112e-17
1.11022e-16
0
5.55112e-17
-5.55112e-17
-5.55112e-17
0
0
0
5.55112e-17
5.55112e-17
-5.55112e-17
5.55112e-17
-5.55112e-17
1.11022e-16
-5.55112e-17
-5.55112e-17
1.11022e-16
0
5.55112e-17
5.55112e-17
5.55112e-17
-5.55112e-17
-1.11022e-16
5.55112e-17
-5.55112e-17
5.55112e-17
-5.55112e-17
-5.55112e-17
-5.55112e-17
5.55112e-17
-5.55112e-17
-5.55112e-17
0
5.55112e-17
-5.55112e-17
5.55112e-17
-5.55112e-17
5.55112e-17
5.55112e-17
0
-5.55112e-17
-1.11022e-16
0
5.55112e-17
0
5.55112e-17
-5.55112e-17
5.55112e-17
0
0
-5.55112e-17
0
0
0
0
-1.11022e-16
0
-5.55112e-17
1.11022e-16
5.55112e-17
0
5.55112e-17
1.11022e-16
-5.55112e-17
-5.55112e-17
0
0
5.55112e-17
-5.55112e-17
5.55112e-17
1.66533e-16
1.11022e-16
0
1.11022e-16
-1.11022e-16
0
-1.11022e-16
-1.11022e-16
0
5.55112e-17
1.11022e-16
-1.11022e-16
-5.55112e-17
0
5.55112e-17
0
0
-5.55112e-17
0
1.11022e-16
0
1.11022e-16
5.55112e-17
5.55112e-17
0
0
0
-5.55112e-17
-5.55112e-17
-1.11022e-16
5.55112e-17
0
0
0
-1.11022e-16
1.11022e-16
0
0
1.11022e-16
0
0
0
5.55112e-17
-1.11022e-16
0
1.11022e-16
0
0
0
0
0
0
0
0
0
0
0
0
0
0
0
0
0
0
0
0
0
0
0
0
0
0
0
0
0
0
0
0
0
0
0
0
0
0
0
0
0
0
0
0
0
0
0
0
0
0
0
0
0
0
0
0
0
0
0
0
0
0
0
0
0
0
0
0
0
0
0
0
0
0
0
0
0
)
;

boundaryField
{
    inlet
    {
        type            calculated;
        value           uniform 0;
    }
    outlet
    {
        type            calculated;
        value           uniform 0;
    }
    emptyWalls
    {
        type            empty;
        value           nonuniform List<scalar> 0();
    }
}


// ************************************************************************* //
