/*--------------------------------*- C++ -*----------------------------------*\
  =========                 |
  \\      /  F ield         | OpenFOAM: The Open Source CFD Toolbox
   \\    /   O peration     | Website:  https://openfoam.org
    \\  /    A nd           | Version:  9
     \\/     M anipulation  |
\*---------------------------------------------------------------------------*/
FoamFile
{
    format      ascii;
    class       volScalarField;
    location    "18.5";
    object      AcumCoeff_csw;
}
// * * * * * * * * * * * * * * * * * * * * * * * * * * * * * * * * * * * * * //

dimensions      [0 0 0 0 0 0 0];

internalField   nonuniform List<scalar> 
1000
(
0.149842
0.149745
0.149655
0.149568
0.149483
0.1494
0.149318
0.149237
0.149157
0.149077
0.148998
0.148919
0.148841
0.148764
0.148686
0.14861
0.148533
0.148458
0.148382
0.148307
0.148232
0.148157
0.148083
0.148009
0.147936
0.147863
0.14779
0.147717
0.147645
0.147573
0.147501
0.147429
0.147358
0.147287
0.147216
0.147146
0.147076
0.147006
0.146936
0.146866
0.146797
0.146728
0.146659
0.146591
0.146523
0.146455
0.146387
0.146319
0.146252
0.146185
0.146118
0.146051
0.145985
0.145918
0.145852
0.145786
0.145721
0.145655
0.14559
0.145525
0.14546
0.145396
0.145331
0.145267
0.145203
0.145139
0.145076
0.145012
0.144949
0.144886
0.144823
0.144761
0.144698
0.144636
0.144574
0.144512
0.14445
0.144389
0.144327
0.144266
0.144205
0.144144
0.144084
0.144023
0.143963
0.143903
0.143843
0.143783
0.143723
0.143664
0.143604
0.143545
0.143486
0.143427
0.143369
0.14331
0.143252
0.143194
0.143135
0.143078
0.14302
0.142962
0.142905
0.142848
0.14279
0.142734
0.142677
0.14262
0.142564
0.142507
0.142451
0.142395
0.142339
0.142283
0.142227
0.142172
0.142117
0.142061
0.142006
0.141951
0.141897
0.141842
0.141787
0.141733
0.141679
0.141625
0.141571
0.141517
0.141463
0.141409
0.141356
0.141302
0.141249
0.141196
0.141143
0.14109
0.141038
0.140985
0.140933
0.14088
0.140828
0.140776
0.140724
0.140672
0.140621
0.140569
0.140517
0.140466
0.140415
0.140364
0.140313
0.140262
0.140211
0.14016
0.14011
0.14006
0.140009
0.139959
0.139909
0.139859
0.139809
0.139759
0.13971
0.13966
0.139611
0.139561
0.139512
0.139463
0.139414
0.139365
0.139317
0.139268
0.139219
0.139171
0.139123
0.139074
0.139026
0.138978
0.13893
0.138882
0.138835
0.138787
0.138739
0.138692
0.138645
0.138597
0.13855
0.138503
0.138456
0.13841
0.138363
0.138316
0.13827
0.138223
0.138177
0.13813
0.138084
0.138038
0.137992
0.137946
0.137901
0.137855
0.137809
0.137764
0.137718
0.137673
0.137628
0.137583
0.137537
0.137492
0.137448
0.137403
0.137358
0.137313
0.137269
0.137224
0.13718
0.137136
0.137092
0.137047
0.137003
0.136959
0.136916
0.136872
0.136828
0.136784
0.136741
0.136698
0.136654
0.136611
0.136568
0.136525
0.136481
0.136439
0.136396
0.136353
0.13631
0.136267
0.136225
0.136182
0.13614
0.136098
0.136055
0.136013
0.135971
0.135929
0.135887
0.135845
0.135804
0.135762
0.13572
0.135679
0.135637
0.135596
0.135554
0.135513
0.135472
0.135431
0.13539
0.135349
0.135308
0.135267
0.135226
0.135185
0.135145
0.135104
0.135064
0.135023
0.134983
0.134943
0.134902
0.134862
0.134822
0.134782
0.134742
0.134702
0.134663
0.134623
0.134583
0.134544
0.134504
0.134465
0.134425
0.134386
0.134347
0.134307
0.134268
0.134229
0.13419
0.134151
0.134112
0.134074
0.134035
0.133996
0.133958
0.133919
0.13388
0.133842
0.133804
0.133765
0.133727
0.133689
0.133651
0.133613
0.133575
0.133537
0.133499
0.133461
0.133423
0.133386
0.133348
0.13331
0.133273
0.133235
0.133198
0.133161
0.133123
0.133086
0.133049
0.133012
0.132975
0.132938
0.132901
0.132864
0.132827
0.13279
0.132754
0.132717
0.13268
0.132644
0.132607
0.132571
0.132534
0.132498
0.132462
0.132426
0.132389
0.132353
0.132317
0.132281
0.132245
0.132209
0.132174
0.132138
0.132102
0.132066
0.132031
0.131995
0.13196
0.131924
0.131889
0.131853
0.131818
0.131783
0.131748
0.131712
0.131677
0.131642
0.131607
0.131572
0.131537
0.131502
0.131468
0.131433
0.131398
0.131363
0.131329
0.131294
0.13126
0.131225
0.131191
0.131157
0.131122
0.131088
0.131054
0.13102
0.130985
0.130951
0.130917
0.130883
0.130849
0.130815
0.130782
0.130748
0.130714
0.13068
0.130647
0.130613
0.130579
0.130546
0.130512
0.130479
0.130446
0.130412
0.130379
0.130346
0.130313
0.130279
0.130246
0.130213
0.13018
0.130147
0.130114
0.130081
0.130048
0.130016
0.129983
0.12995
0.129917
0.129885
0.129852
0.12982
0.129787
0.129755
0.129722
0.12969
0.129658
0.129625
0.129593
0.129561
0.129529
0.129496
0.129464
0.129432
0.1294
0.129368
0.129336
0.129305
0.129273
0.129241
0.129209
0.129177
0.129146
0.129114
0.129082
0.129051
0.129019
0.128988
0.128956
0.128925
0.128894
0.128862
0.128831
0.1288
0.128769
0.128737
0.128706
0.128675
0.128644
0.128613
0.128582
0.128551
0.12852
0.128489
0.128459
0.128428
0.128397
0.128366
0.128336
0.128305
0.128274
0.128244
0.128213
0.128183
0.128152
0.128122
0.128091
0.128061
0.128031
0.128
0.12797
0.12794
0.12791
0.12788
0.12785
0.12782
0.12779
0.12776
0.12773
0.1277
0.12767
0.12764
0.12761
0.12758
0.127551
0.127521
0.127491
0.127461
0.127432
0.127402
0.127373
0.127343
0.127314
0.127284
0.127255
0.127226
0.127196
0.127167
0.127138
0.127108
0.127079
0.12705
0.127021
0.126992
0.126963
0.126934
0.126905
0.126876
0.126847
0.126818
0.126789
0.12676
0.126731
0.126702
0.126674
0.126645
0.126616
0.126588
0.126559
0.12653
0.126502
0.126473
0.126445
0.126416
0.126388
0.126359
0.126331
0.126303
0.126274
0.126246
0.126218
0.12619
0.126161
0.126133
0.126105
0.126077
0.126049
0.126021
0.125993
0.125965
0.125937
0.125909
0.125881
0.125853
0.125825
0.125797
0.12577
0.125742
0.125714
0.125687
0.125659
0.125631
0.125604
0.125576
0.125548
0.125521
0.125493
0.125466
0.125439
0.125411
0.125384
0.125356
0.125329
0.125302
0.125275
0.125247
0.12522
0.125193
0.125166
0.125139
0.125112
0.125084
0.125057
0.12503
0.125003
0.124976
0.12495
0.124923
0.124896
0.124869
0.124842
0.124815
0.124788
0.124762
0.124735
0.124708
0.124682
0.124655
0.124628
0.124602
0.124575
0.124549
0.124522
0.124496
0.124469
0.124443
0.124416
0.12439
0.124364
0.124337
0.124311
0.124285
0.124259
0.124232
0.124206
0.12418
0.124154
0.124128
0.124102
0.124075
0.124049
0.124023
0.123997
0.123971
0.123945
0.12392
0.123894
0.123868
0.123842
0.123816
0.12379
0.123764
0.123739
0.123713
0.123687
0.123662
0.123636
0.12361
0.123585
0.123559
0.123534
0.123508
0.123482
0.123457
0.123432
0.123406
0.123381
0.123355
0.12333
0.123305
0.123279
0.123254
0.123229
0.123203
0.123178
0.123153
0.123128
0.123103
0.123077
0.123052
0.123027
0.123002
0.122977
0.122952
0.122927
0.122902
0.122877
0.122852
0.122827
0.122802
0.122777
0.122753
0.122728
0.122703
0.122678
0.122653
0.122629
0.122604
0.122579
0.122555
0.12253
0.122505
0.122481
0.122456
0.122432
0.122407
0.122382
0.122358
0.122333
0.122309
0.122285
0.12226
0.122236
0.122211
0.122187
0.122163
0.122138
0.122114
0.12209
0.122066
0.122041
0.122017
0.121993
0.121969
0.121945
0.121921
0.121896
0.121872
0.121848
0.121824
0.1218
0.121776
0.121752
0.121728
0.121704
0.12168
0.121656
0.121633
0.121609
0.121585
0.121561
0.121537
0.121513
0.12149
0.121466
0.121442
0.121419
0.121395
0.121371
0.121348
0.121324
0.1213
0.121277
0.121253
0.12123
0.121206
0.121183
0.121159
0.121136
0.121112
0.121089
0.121065
0.121042
0.121018
0.120995
0.120972
0.120948
0.120925
0.120902
0.120879
0.120855
0.120832
0.120809
0.120786
0.120763
0.120739
0.120716
0.120693
0.12067
0.120647
0.120624
0.120601
0.120578
0.120555
0.120532
0.120509
0.120486
0.120463
0.12044
0.120417
0.120394
0.120371
0.120349
0.120326
0.120303
0.12028
0.120257
0.120235
0.120212
0.120189
0.120166
0.120144
0.120121
0.120098
0.120076
0.120053
0.12003
0.120008
0.119985
0.119963
0.11994
0.119918
0.119895
0.119873
0.11985
0.119828
0.119805
0.119783
0.119761
0.119738
0.119716
0.119693
0.119671
0.119649
0.119627
0.119604
0.119582
0.11956
0.119537
0.119515
0.119493
0.119471
0.119449
0.119427
0.119404
0.119382
0.11936
0.119338
0.119316
0.119294
0.119272
0.11925
0.119228
0.119206
0.119184
0.119162
0.11914
0.119118
0.119096
0.119074
0.119052
0.119031
0.119009
0.118987
0.118965
0.118943
0.118921
0.1189
0.118878
0.118856
0.118834
0.118813
0.118791
0.118769
0.118748
0.118726
0.118704
0.118683
0.118661
0.11864
0.118618
0.118597
0.118575
0.118553
0.118532
0.11851
0.118489
0.118468
0.118446
0.118425
0.118403
0.118382
0.11836
0.118339
0.118318
0.118296
0.118275
0.118254
0.118232
0.118211
0.11819
0.118169
0.118147
0.118126
0.118105
0.118084
0.118062
0.118041
0.11802
0.117999
0.117978
0.117957
0.117936
0.117914
0.117893
0.117872
0.117851
0.11783
0.117809
0.117788
0.117767
0.117746
0.117725
0.117704
0.117683
0.117662
0.117642
0.117621
0.1176
0.117579
0.117558
0.117537
0.117516
0.117496
0.117475
0.117454
0.117433
0.117412
0.117392
0.117371
0.11735
0.11733
0.117309
0.117288
0.117268
0.117247
0.117226
0.117206
0.117185
0.117164
0.117144
0.117123
0.117103
0.117082
0.117062
0.117041
0.117021
0.117
0.11698
0.116959
0.116939
0.116918
0.116898
0.116877
0.116857
0.116837
0.116816
0.116796
0.116775
0.116755
0.116735
0.116714
0.116694
0.116674
0.116654
0.116633
0.116613
0.116593
0.116573
0.116552
0.116532
0.116512
0.116492
0.116472
0.116451
0.116431
0.116411
0.116391
0.116371
0.116351
0.116331
0.116311
0.116291
0.116271
0.116251
0.116231
0.116211
0.116191
0.116171
0.116151
0.116131
0.116111
0.116091
0.116071
0.116051
0.116031
0.116011
0.115991
0.115971
0.115951
0.115932
0.115912
0.115892
0.115872
0.115852
0.115833
0.115813
0.115793
0.115773
0.115753
0.115734
0.115714
0.115694
0.115675
0.115655
0.115635
0.115616
0.115596
0.115576
0.115557
0.115537
0.115517
0.115498
0.115478
0.115459
0.115439
0.11542
0.1154
0.115381
0.115361
)
;

boundaryField
{
    inlet
    {
        type            calculated;
        value           uniform 0.15;
    }
    outlet
    {
        type            calculated;
        value           uniform 0.115361;
    }
    emptyWalls
    {
        type            empty;
    }
}


// ************************************************************************* //
