/*--------------------------------*- C++ -*----------------------------------*\
  =========                 |
  \\      /  F ield         | OpenFOAM: The Open Source CFD Toolbox
   \\    /   O peration     | Website:  https://openfoam.org
    \\  /    A nd           | Version:  9
     \\/     M anipulation  |
\*---------------------------------------------------------------------------*/
FoamFile
{
    format      ascii;
    class       volScalarField;
    location    "2000";
    object      krc;
}
// * * * * * * * * * * * * * * * * * * * * * * * * * * * * * * * * * * * * * //

dimensions      [0 0 0 0 0 0 0];

internalField   nonuniform List<scalar> 
1000
(
4.28444e-05
0.000232703
0.000573062
0.00127512
0.00633937
0.0829482
0.108849
0.106236
0.0934138
0.0648589
0.051671
0.0506356
0.050625
0.050625
0.050625
0.050625
0.050625
0.050625
0.050625
0.050625
0.050625
0.050625
0.050625
0.050625
0.050625
0.050625
0.050625
0.050625
0.050625
0.050625
0.050625
0.050625
0.050625
0.050625
0.050625
0.050625
0.050625
0.050625
0.050625
0.050625
0.050625
0.050625
0.050625
0.050625
0.050625
0.050625
0.050625
0.050625
0.050625
0.050625
0.050625
0.050625
0.050625
0.050625
0.050625
0.050625
0.050625
0.050625
0.050625
0.050625
0.050625
0.050625
0.050625
0.050625
0.050625
0.050625
0.050625
0.050625
0.050625
0.050625
0.050625
0.050625
0.050625
0.050625
0.050625
0.050625
0.050625
0.050625
0.050625
0.050625
0.050625
0.050625
0.050625
0.050625
0.050625
0.050625
0.050625
0.050625
0.050625
0.050625
0.050625
0.050625
0.050625
0.050625
0.050625
0.050625
0.050625
0.050625
0.050625
0.050625
0.050625
0.050625
0.050625
0.050625
0.050625
0.050625
0.050625
0.050625
0.050625
0.050625
0.050625
0.050625
0.050625
0.050625
0.050625
0.050625
0.050625
0.050625
0.050625
0.050625
0.050625
0.050625
0.050625
0.050625
0.050625
0.050625
0.050625
0.050625
0.050625
0.050625
0.050625
0.050625
0.050625
0.050625
0.050625
0.050625
0.050625
0.050625
0.050625
0.050625
0.050625
0.050625
0.050625
0.050625
0.050625
0.050625
0.050625
0.050625
0.050625
0.050625
0.050625
0.050625
0.050625
0.050625
0.050625
0.050625
0.050625
0.050625
0.050625
0.050625
0.050625
0.050625
0.050625
0.050625
0.050625
0.050625
0.050625
0.050625
0.050625
0.050625
0.050625
0.050625
0.050625
0.050625
0.050625
0.050625
0.050625
0.050625
0.050625
0.050625
0.050625
0.050625
0.050625
0.050625
0.050625
0.050625
0.050625
0.050625
0.050625
0.050625
0.050625
0.050625
0.050625
0.050625
0.050625
0.050625
0.050625
0.050625
0.050625
0.050625
0.050625
0.050625
0.050625
0.050625
0.050625
0.050625
0.050625
0.050625
0.050625
0.050625
0.050625
0.050625
0.050625
0.050625
0.050625
0.050625
0.050625
0.050625
0.050625
0.050625
0.050625
0.050625
0.050625
0.050625
0.050625
0.050625
0.050625
0.050625
0.050625
0.050625
0.050625
0.050625
0.050625
0.050625
0.050625
0.050625
0.050625
0.050625
0.050625
0.050625
0.050625
0.050625
0.050625
0.050625
0.050625
0.050625
0.050625
0.050625
0.050625
0.050625
0.050625
0.050625
0.050625
0.050625
0.050625
0.050625
0.050625
0.050625
0.050625
0.050625
0.050625
0.050625
0.050625
0.050625
0.050625
0.050625
0.050625
0.050625
0.050625
0.050625
0.050625
0.050625
0.050625
0.050625
0.050625
0.050625
0.050625
0.050625
0.050625
0.050625
0.050625
0.050625
0.050625
0.050625
0.050625
0.050625
0.050625
0.050625
0.050625
0.050625
0.050625
0.050625
0.050625
0.050625
0.050625
0.050625
0.050625
0.050625
0.050625
0.050625
0.050625
0.050625
0.050625
0.050625
0.050625
0.050625
0.050625
0.050625
0.050625
0.050625
0.050625
0.050625
0.050625
0.050625
0.050625
0.050625
0.050625
0.050625
0.050625
0.050625
0.050625
0.050625
0.050625
0.050625
0.050625
0.050625
0.050625
0.050625
0.050625
0.050625
0.050625
0.050625
0.050625
0.050625
0.050625
0.050625
0.050625
0.050625
0.050625
0.050625
0.050625
0.050625
0.050625
0.050625
0.050625
0.050625
0.050625
0.050625
0.050625
0.050625
0.050625
0.050625
0.050625
0.050625
0.050625
0.050625
0.050625
0.050625
0.050625
0.050625
0.050625
0.050625
0.050625
0.050625
0.050625
0.050625
0.050625
0.050625
0.050625
0.050625
0.050625
0.050625
0.050625
0.050625
0.050625
0.050625
0.050625
0.050625
0.050625
0.050625
0.050625
0.050625
0.050625
0.050625
0.050625
0.050625
0.050625
0.050625
0.050625
0.050625
0.050625
0.050625
0.050625
0.050625
0.050625
0.050625
0.050625
0.050625
0.050625
0.050625
0.050625
0.050625
0.050625
0.050625
0.050625
0.050625
0.050625
0.050625
0.050625
0.050625
0.050625
0.050625
0.050625
0.050625
0.050625
0.050625
0.050625
0.050625
0.050625
0.050625
0.050625
0.050625
0.050625
0.050625
0.050625
0.050625
0.050625
0.050625
0.050625
0.050625
0.050625
0.050625
0.050625
0.050625
0.050625
0.050625
0.050625
0.050625
0.050625
0.050625
0.050625
0.050625
0.050625
0.050625
0.050625
0.050625
0.050625
0.050625
0.050625
0.050625
0.050625
0.050625
0.050625
0.050625
0.050625
0.050625
0.050625
0.050625
0.050625
0.050625
0.050625
0.050625
0.050625
0.050625
0.050625
0.050625
0.050625
0.050625
0.050625
0.050625
0.050625
0.050625
0.050625
0.050625
0.050625
0.050625
0.050625
0.050625
0.050625
0.050625
0.050625
0.050625
0.050625
0.050625
0.050625
0.050625
0.050625
0.050625
0.050625
0.050625
0.050625
0.050625
0.050625
0.050625
0.050625
0.050625
0.050625
0.050625
0.050625
0.050625
0.050625
0.050625
0.050625
0.050625
0.050625
0.050625
0.050625
0.050625
0.050625
0.050625
0.050625
0.050625
0.050625
0.050625
0.050625
0.050625
0.050625
0.050625
0.050625
0.050625
0.050625
0.050625
0.050625
0.050625
0.050625
0.050625
0.050625
0.050625
0.050625
0.050625
0.050625
0.050625
0.050625
0.050625
0.050625
0.050625
0.050625
0.050625
0.050625
0.050625
0.050625
0.050625
0.050625
0.050625
0.050625
0.050625
0.050625
0.050625
0.050625
0.050625
0.050625
0.050625
0.050625
0.050625
0.050625
0.050625
0.050625
0.050625
0.050625
0.050625
0.050625
0.050625
0.050625
0.050625
0.050625
0.050625
0.050625
0.050625
0.050625
0.050625
0.050625
0.050625
0.050625
0.050625
0.050625
0.050625
0.050625
0.050625
0.050625
0.050625
0.050625
0.050625
0.050625
0.050625
0.050625
0.050625
0.050625
0.050625
0.050625
0.050625
0.050625
0.050625
0.050625
0.050625
0.050625
0.050625
0.050625
0.050625
0.050625
0.050625
0.050625
0.050625
0.050625
0.050625
0.050625
0.050625
0.050625
0.050625
0.050625
0.050625
0.050625
0.050625
0.050625
0.050625
0.050625
0.050625
0.050625
0.050625
0.050625
0.050625
0.050625
0.050625
0.050625
0.050625
0.050625
0.050625
0.050625
0.050625
0.050625
0.050625
0.050625
0.050625
0.050625
0.050625
0.050625
0.050625
0.050625
0.050625
0.050625
0.050625
0.050625
0.050625
0.050625
0.050625
0.050625
0.050625
0.050625
0.050625
0.050625
0.050625
0.050625
0.050625
0.050625
0.050625
0.050625
0.050625
0.050625
0.050625
0.050625
0.050625
0.050625
0.050625
0.050625
0.050625
0.050625
0.050625
0.050625
0.050625
0.050625
0.050625
0.050625
0.050625
0.050625
0.050625
0.050625
0.050625
0.050625
0.050625
0.050625
0.050625
0.050625
0.050625
0.050625
0.050625
0.050625
0.050625
0.050625
0.050625
0.050625
0.050625
0.050625
0.050625
0.050625
0.050625
0.050625
0.050625
0.050625
0.050625
0.050625
0.050625
0.050625
0.050625
0.050625
0.050625
0.050625
0.050625
0.050625
0.050625
0.050625
0.050625
0.050625
0.050625
0.050625
0.050625
0.050625
0.050625
0.050625
0.050625
0.050625
0.050625
0.050625
0.050625
0.050625
0.050625
0.050625
0.050625
0.050625
0.050625
0.050625
0.050625
0.050625
0.050625
0.050625
0.050625
0.050625
0.050625
0.050625
0.050625
0.050625
0.050625
0.050625
0.050625
0.050625
0.050625
0.050625
0.050625
0.050625
0.050625
0.050625
0.050625
0.050625
0.050625
0.050625
0.050625
0.050625
0.050625
0.050625
0.050625
0.050625
0.050625
0.050625
0.050625
0.050625
0.050625
0.050625
0.050625
0.050625
0.050625
0.050625
0.050625
0.050625
0.050625
0.050625
0.050625
0.050625
0.050625
0.050625
0.050625
0.050625
0.050625
0.050625
0.050625
0.050625
0.050625
0.050625
0.050625
0.050625
0.050625
0.050625
0.050625
0.050625
0.050625
0.050625
0.050625
0.050625
0.050625
0.050625
0.050625
0.050625
0.050625
0.050625
0.050625
0.050625
0.050625
0.050625
0.050625
0.050625
0.050625
0.050625
0.050625
0.050625
0.050625
0.050625
0.050625
0.050625
0.050625
0.050625
0.050625
0.050625
0.050625
0.050625
0.050625
0.050625
0.050625
0.050625
0.050625
0.050625
0.050625
0.050625
0.050625
0.050625
0.050625
0.050625
0.050625
0.050625
0.050625
0.050625
0.050625
0.050625
0.050625
0.050625
0.050625
0.050625
0.050625
0.050625
0.050625
0.050625
0.050625
0.050625
0.050625
0.050625
0.050625
0.050625
0.050625
0.050625
0.050625
0.050625
0.050625
0.050625
0.050625
0.050625
0.050625
0.050625
0.050625
0.050625
0.050625
0.050625
0.050625
0.050625
0.050625
0.050625
0.050625
0.050625
0.050625
0.050625
0.050625
0.050625
0.050625
0.050625
0.050625
0.050625
0.050625
0.050625
0.050625
0.050625
0.050625
0.050625
0.050625
0.050625
0.050625
0.050625
0.050625
0.050625
0.050625
0.050625
0.050625
0.050625
0.050625
0.050625
0.050625
0.050625
0.050625
0.050625
0.050625
0.050625
0.050625
0.050625
0.050625
0.050625
0.050625
0.050625
0.050625
0.050625
0.050625
0.050625
0.050625
0.050625
0.050625
0.050625
0.050625
0.050625
0.050625
0.050625
0.050625
0.050625
0.050625
0.050625
0.050625
0.050625
0.050625
0.050625
0.050625
0.050625
0.050625
0.050625
0.050625
0.050625
0.050625
0.050625
0.050625
0.050625
0.050625
0.050625
0.050625
0.050625
0.050625
0.050625
0.050625
0.050625
0.050625
0.050625
0.050625
0.050625
0.050625
0.050625
0.050625
0.050625
0.050625
0.050625
0.050625
0.050625
0.050625
0.050625
0.050625
0.050625
0.050625
0.050625
0.050625
0.050625
0.050625
0.050625
0.050625
0.050625
0.050625
0.050625
0.050625
0.050625
0.050625
0.050625
0.050625
0.050625
0.050625
0.050625
0.050625
0.050625
0.050625
0.050625
0.050625
0.050625
0.050625
0.050625
0.050625
0.050625
0.050625
0.050625
0.050625
0.050625
0.050625
0.050625
0.050625
)
;

boundaryField
{
    inlet
    {
        type            calculated;
        value           uniform 0;
    }
    outlet
    {
        type            calculated;
        value           uniform 0.050625;
    }
    emptyWalls
    {
        type            empty;
    }
}


// ************************************************************************* //
