/*--------------------------------*- C++ -*----------------------------------*\
  =========                 |
  \\      /  F ield         | OpenFOAM: The Open Source CFD Toolbox
   \\    /   O peration     | Website:  https://openfoam.org
    \\  /    A nd           | Version:  9
     \\/     M anipulation  |
\*---------------------------------------------------------------------------*/
FoamFile
{
    format      ascii;
    class       volScalarField;
    location    "6.2";
    object      krb;
}
// * * * * * * * * * * * * * * * * * * * * * * * * * * * * * * * * * * * * * //

dimensions      [0 0 0 0 0 0 0];

internalField   nonuniform List<scalar> 
1000
(
0.30064
0.299232
0.29794
0.296708
0.295517
0.294356
0.293221
0.292108
0.291015
0.28994
0.288881
0.287838
0.28681
0.285795
0.284794
0.283806
0.28283
0.281866
0.280913
0.279971
0.279041
0.27812
0.27721
0.27631
0.275419
0.274538
0.273666
0.272803
0.271948
0.271103
0.270265
0.269436
0.268615
0.267802
0.266996
0.266198
0.265408
0.264625
0.263848
0.263079
0.262317
0.261562
0.260813
0.260071
0.259335
0.258605
0.257882
0.257164
0.256453
0.255747
0.255048
0.254354
0.253665
0.252982
0.252305
0.251633
0.250966
0.250304
0.249647
0.248996
0.248349
0.247707
0.24707
0.246438
0.24581
0.245187
0.244568
0.243954
0.243344
0.242739
0.242138
0.241541
0.240948
0.24036
0.239775
0.239195
0.238618
0.238045
0.237476
0.236911
0.23635
0.235792
0.235238
0.234688
0.234141
0.233597
0.233058
0.232521
0.231988
0.231458
0.230932
0.230408
0.229888
0.229372
0.228858
0.228347
0.22784
0.227335
0.226834
0.226335
0.225839
0.225347
0.224857
0.22437
0.223886
0.223404
0.222925
0.222449
0.221976
0.221505
0.221037
0.220572
0.220109
0.219648
0.21919
0.218735
0.218282
0.217831
0.217383
0.216938
0.216494
0.216053
0.215614
0.215178
0.214743
0.214311
0.213882
0.213454
0.213029
0.212605
0.212184
0.211765
0.211348
0.210933
0.21052
0.210109
0.209701
0.209294
0.208889
0.208486
0.208085
0.207686
0.207289
0.206893
0.2065
0.206108
0.205718
0.20533
0.204944
0.20456
0.204177
0.203796
0.203417
0.203039
0.202663
0.202289
0.201917
0.201546
0.201177
0.200809
0.200443
0.200079
0.199716
0.199355
0.198995
0.198637
0.198281
0.197926
0.197572
0.19722
0.196869
0.19652
0.196172
0.195826
0.195481
0.195138
0.194796
0.194455
0.194116
0.193778
0.193442
0.193107
0.192773
0.19244
0.192109
0.191779
0.191451
0.191124
0.190798
0.190473
0.190149
0.189827
0.189506
0.189186
0.188868
0.18855
0.188234
0.187919
0.187605
0.187293
0.186981
0.186671
0.186362
0.186054
0.185747
0.185441
0.185137
0.184833
0.184531
0.184229
0.183929
0.18363
0.183332
0.183034
0.182738
0.182443
0.182149
0.181856
0.181565
0.181274
0.180984
0.180695
0.180407
0.18012
0.179834
0.179549
0.179265
0.178982
0.178699
0.178418
0.178138
0.177859
0.17758
0.177303
0.177026
0.17675
0.176476
0.176202
0.175929
0.175657
0.175385
0.175115
0.174845
0.174577
0.174309
0.174042
0.173776
0.17351
0.173246
0.172982
0.172719
0.172457
0.172196
0.171936
0.171676
0.171417
0.171159
0.170902
0.170645
0.170389
0.170134
0.16988
0.169627
0.169374
0.169122
0.168871
0.16862
0.168371
0.168122
0.167873
0.167626
0.167379
0.167133
0.166887
0.166642
0.166398
0.166155
0.165912
0.16567
0.165429
0.165188
0.164948
0.164709
0.16447
0.164232
0.163995
0.163758
0.163522
0.163287
0.163052
0.162818
0.162584
0.162351
0.162119
0.161888
0.161656
0.161426
0.161196
0.160967
0.160738
0.16051
0.160283
0.160056
0.15983
0.159604
0.159379
0.159155
0.158931
0.158707
0.158484
0.158262
0.15804
0.157819
0.157599
0.157379
0.157159
0.15694
0.156722
0.156504
0.156286
0.15607
0.155853
0.155638
0.155422
0.155207
0.154993
0.154779
0.154566
0.154354
0.154141
0.15393
0.153718
0.153508
0.153297
0.153087
0.152878
0.152669
0.152461
0.152253
0.152046
0.151839
0.151632
0.151426
0.151221
0.151016
0.150811
0.150607
0.150403
0.1502
0.149997
0.149794
0.149592
0.149391
0.149189
0.148989
0.148788
0.148588
0.148389
0.14819
0.147991
0.147793
0.147595
0.147398
0.147201
0.147004
0.146808
0.146612
0.146416
0.146221
0.146026
0.145832
0.145638
0.145444
0.145251
0.145058
0.144866
0.144674
0.144482
0.14429
0.144099
0.143908
0.143718
0.143528
0.143338
0.143149
0.14296
0.142771
0.142582
0.142394
0.142206
0.142019
0.141832
0.141645
0.141458
0.141272
0.141086
0.1409
0.140714
0.140529
0.140344
0.14016
0.139975
0.139791
0.139607
0.139423
0.13924
0.139057
0.138874
0.138691
0.138508
0.138326
0.138144
0.137962
0.13778
0.137599
0.137417
0.137236
0.137055
0.136874
0.136693
0.136512
0.136332
0.136151
0.135971
0.135791
0.13561
0.13543
0.13525
0.13507
0.13489
0.13471
0.13453
0.134349
0.134169
0.133989
0.133808
0.133628
0.133447
0.133266
0.133085
0.132904
0.132722
0.13254
0.132358
0.132176
0.131993
0.131809
0.131625
0.131441
0.131256
0.13107
0.130883
0.130696
0.130507
0.130318
0.130128
0.129936
0.129743
0.129549
0.129353
0.129155
0.128955
0.128754
0.12855
0.128343
0.128133
0.127921
0.127705
0.127485
0.127261
0.127032
0.126798
0.126558
0.126311
0.126056
0.125793
0.12552
0.125235
0.124938
0.124626
0.124297
0.123947
0.123573
0.123171
0.122734
0.122256
0.121727
0.121133
0.12046
0.119682
0.118766
0.117663
0.116299
0.11455
0.112208
0.108881
0.103739
0.0947006
0.0748812
0.0455544
0.0399877
0.0370339
0.0361752
0.0363099
0.0366943
0.0370589
0.0373714
0.0376425
0.0378588
0.0379883
0.0380045
0.0379071
0.0377297
0.0375299
0.037365
0.0372687
0.0372463
0.0372826
0.0373545
0.0374391
0.0375179
0.0375776
0.037611
0.0376167
0.0375986
0.037565
0.0375258
0.0374904
0.0374654
0.0374538
0.0374548
0.0374653
0.0374809
0.037497
0.0375102
0.037518
0.0375199
0.0375164
0.0375091
0.0375002
0.0374918
0.0374852
0.0374815
0.0374806
0.0374822
0.0374852
0.0374889
0.0374921
0.0374944
0.0374955
0.0374953
0.0374941
0.0374924
0.0374907
0.0374892
0.0374882
0.0374878
0.037488
0.0374886
0.0374894
0.0374901
0.0374907
0.0374911
0.0374911
0.037491
0.0374907
0.0374903
0.0374899
0.0374896
0.0374894
0.0374893
0.0374892
0.0374891
0.037489
0.0374888
0.0374885
0.037488
0.0374874
0.0374867
0.037486
0.0374852
0.0374844
0.0374835
0.0374827
0.037482
0.0374812
0.0374805
0.0374798
0.0374792
0.0374786
0.037478
0.0374774
0.0374769
0.0374764
0.037476
0.0374756
0.0374752
0.0374748
0.0374745
0.0374742
0.0374739
0.0374736
0.0374733
0.037473
0.0374727
0.0374724
0.0374721
0.0374719
0.0374716
0.0374714
0.0374712
0.037471
0.0374708
0.0374707
0.0374705
0.0374704
0.0374703
0.0374702
0.0374701
0.03747
0.0374699
0.0374698
0.0374697
0.0374695
0.0374694
0.0374692
0.0374691
0.0374689
0.0374686
0.0374684
0.0374681
0.0374678
0.0374675
0.0374672
0.0374668
0.0374665
0.0374661
0.0374657
0.0374653
0.0374649
0.0374645
0.037464
0.0374636
0.0374632
0.0374627
0.0374623
0.0374619
0.0374614
0.037461
0.0374605
0.0374601
0.0374597
0.0374592
0.0374588
0.0374583
0.0374579
0.0374575
0.0374571
0.0374567
0.0374562
0.0374558
0.0374554
0.037455
0.0374546
0.0374542
0.0374538
0.0374534
0.0374531
0.0374527
0.0374523
0.0374519
0.0374515
0.0374511
0.0374507
0.0374503
0.0374499
0.0374495
0.0374491
0.0374487
0.0374483
0.0374478
0.0374474
0.037447
0.0374466
0.0374462
0.0374458
0.0374455
0.0374451
0.0374447
0.0374443
0.037444
0.0374436
0.0374433
0.037443
0.0374426
0.0374423
0.037442
0.0374417
0.0374414
0.0374411
0.0374407
0.0374404
0.0374401
0.0374398
0.0374395
0.0374391
0.0374388
0.0374384
0.0374381
0.0374377
0.0374373
0.0374369
0.0374365
0.0374361
0.0374357
0.0374352
0.0374348
0.0374343
0.0374339
0.0374334
0.037433
0.0374325
0.0374321
0.0374316
0.0374311
0.0374307
0.0374302
0.0374298
0.0374293
0.0374289
0.0374285
0.037428
0.0374276
0.0374272
0.0374268
0.0374264
0.037426
0.0374255
0.0374251
0.0374247
0.0374243
0.0374239
0.0374235
0.0374231
0.0374227
0.0374223
0.0374219
0.0374215
0.0374211
0.0374206
0.0374202
0.0374198
0.0374194
0.0374189
0.0374185
0.0374181
0.0374176
0.0374172
0.0374168
0.0374164
0.0374159
0.0374155
0.0374151
0.0374147
0.0374143
0.0374139
0.0374135
0.0374132
0.0374128
0.0374124
0.0374121
0.0374117
0.0374113
0.037411
0.0374106
0.0374103
0.0374099
0.0374096
0.0374092
0.0374089
0.0374085
0.0374081
0.0374078
0.0374074
0.037407
0.0374066
0.0374062
0.0374058
0.0374053
0.0374049
0.0374044
0.037404
0.0374035
0.037403
0.0374025
0.037402
0.0374015
0.0374009
0.0374004
0.0373998
0.0373993
0.0373987
0.0373982
0.0373976
0.037397
0.0373964
0.0373959
0.0373953
0.0373947
0.0373941
0.0373935
0.037393
0.0373924
0.0373918
0.0373913
0.0373907
0.0373902
0.0373897
0.0373891
0.0373886
0.0373881
0.0373876
0.0373871
0.0373866
0.0373861
0.0373856
0.0373851
0.0373846
0.0373842
0.0373837
0.0373833
0.0373828
0.0373824
0.0373819
0.0373815
0.0373811
0.0373806
0.0373802
0.0373797
0.0373791
0.0373778
0.0373723
0.0373429
0.0371783
0.0362544
0.0313497
0.0136666
0.000435764
4.34888e-08
7.91232e-17
0
0
0
0
0
0
0
0
0
0
0
0
0
0
0
0
0
0
0
0
0
0
0
0
0
0
0
0
0
0
0
0
0
0
0
0
0
0
0
0
0
0
0
0
0
0
0
0
0
0
0
0
0
0
0
0
0
0
0
0
0
0
0
0
0
0
0
0
0
0
0
0
0
0
0
0
0
0
0
0
0
0
0
0
0
0
0
0
0
0
0
0
0
0
0
0
0
0
0
0
0
0
0
0
0
0
0
0
0
0
0
0
0
0
0
0
0
0
0
0
0
0
0
0
0
0
0
0
0
0
0
0
0
0
0
0
0
0
0
0
0
0
0
0
0
0
0
0
0
0
)
;

boundaryField
{
    inlet
    {
        type            calculated;
        value           uniform 0.302959;
    }
    outlet
    {
        type            calculated;
        value           uniform 0;
    }
    emptyWalls
    {
        type            empty;
    }
}


// ************************************************************************* //
