/*--------------------------------*- C++ -*----------------------------------*\
  =========                 |
  \\      /  F ield         | OpenFOAM: The Open Source CFD Toolbox
   \\    /   O peration     | Website:  https://openfoam.org
    \\  /    A nd           | Version:  9
     \\/     M anipulation  |
\*---------------------------------------------------------------------------*/
FoamFile
{
    format      ascii;
    class       surfaceScalarField;
    location    "6.2";
    object      phic;
}
// * * * * * * * * * * * * * * * * * * * * * * * * * * * * * * * * * * * * * //

dimensions      [0 2 0 0 0 0 0];

internalField   nonuniform List<scalar> 
999
(
3.55119e-06
9.23019e-06
1.6843e-05
2.62825e-05
3.74725e-05
5.03521e-05
6.48695e-05
8.09791e-05
9.86394e-05
0.000117812
0.000138461
0.000160554
0.000184059
0.000208944
0.000235183
0.000262747
0.00029161
0.000321746
0.000353132
0.000385743
0.000419557
0.000454552
0.000490707
0.000528
0.000566413
0.000605925
0.000646519
0.000688175
0.000730876
0.000774605
0.000819346
0.000865081
0.000911795
0.000959473
0.0010081
0.00105766
0.00110814
0.00115953
0.0012118
0.00126496
0.00131898
0.00137386
0.00142958
0.00148613
0.00154349
0.00160166
0.00166063
0.00172038
0.00178091
0.00184219
0.00190423
0.00196702
0.00203053
0.00209477
0.00215973
0.00222539
0.00229174
0.00235878
0.00242651
0.0024949
0.00256395
0.00263366
0.00270401
0.00277501
0.00284663
0.00291888
0.00299174
0.00306521
0.00313929
0.00321396
0.00328921
0.00336505
0.00344147
0.00351845
0.003596
0.0036741
0.00375275
0.00383195
0.00391169
0.00399196
0.00407276
0.00415408
0.00423591
0.00431826
0.00440111
0.00448447
0.00456832
0.00465266
0.00473749
0.0048228
0.00490858
0.00499484
0.00508157
0.00516875
0.0052564
0.0053445
0.00543305
0.00552205
0.00561149
0.00570137
0.00579168
0.00588242
0.00597359
0.00606518
0.00615718
0.00624961
0.00634244
0.00643568
0.00652933
0.00662338
0.00671782
0.00681266
0.00690789
0.0070035
0.0070995
0.00719589
0.00729265
0.00738978
0.00748729
0.00758516
0.00768341
0.00778201
0.00788098
0.0079803
0.00807998
0.00818001
0.00828039
0.00838112
0.00848219
0.0085836
0.00868535
0.00878744
0.00888987
0.00899262
0.00909571
0.00919912
0.00930286
0.00940691
0.00951129
0.00961599
0.00972101
0.00982633
0.00993197
0.0100379
0.0101442
0.0102507
0.0103576
0.0104648
0.0105722
0.01068
0.010788
0.0108964
0.011005
0.011114
0.0112232
0.0113327
0.0114425
0.0115526
0.0116629
0.0117736
0.0118845
0.0119957
0.0121071
0.0122189
0.0123309
0.0124431
0.0125557
0.0126685
0.0127816
0.0128949
0.0130085
0.0131224
0.0132365
0.0133509
0.0134655
0.0135804
0.0136956
0.0138109
0.0139266
0.0140425
0.0141586
0.014275
0.0143917
0.0145085
0.0146257
0.014743
0.0148606
0.0149785
0.0150966
0.0152149
0.0153335
0.0154523
0.0155713
0.0156905
0.01581
0.0159298
0.0160497
0.0161699
0.0162903
0.0164109
0.0165318
0.0166529
0.0167742
0.0168957
0.0170175
0.0171394
0.0172616
0.017384
0.0175067
0.0176295
0.0177526
0.0178759
0.0179993
0.018123
0.018247
0.0183711
0.0184954
0.01862
0.0187447
0.0188697
0.0189949
0.0191202
0.0192458
0.0193716
0.0194976
0.0196238
0.0197502
0.0198768
0.0200036
0.0201306
0.0202578
0.0203852
0.0205128
0.0206406
0.0207686
0.0208968
0.0210252
0.0211538
0.0212826
0.0214116
0.0215407
0.0216701
0.0217997
0.0219294
0.0220593
0.0221895
0.0223198
0.0224503
0.022581
0.0227119
0.0228429
0.0229742
0.0231057
0.0232373
0.0233691
0.0235011
0.0236333
0.0237657
0.0238982
0.024031
0.0241639
0.024297
0.0244303
0.0245638
0.0246974
0.0248313
0.0249653
0.0250995
0.0252339
0.0253684
0.0255031
0.025638
0.0257731
0.0259084
0.0260438
0.0261795
0.0263153
0.0264512
0.0265874
0.0267237
0.0268602
0.0269969
0.0271337
0.0272708
0.027408
0.0275453
0.0276829
0.0278206
0.0279585
0.0280966
0.0282348
0.0283732
0.0285118
0.0286506
0.0287895
0.0289286
0.0290679
0.0292073
0.0293469
0.0294867
0.0296267
0.0297668
0.0299071
0.0300476
0.0301882
0.030329
0.03047
0.0306111
0.0307524
0.0308939
0.0310356
0.0311774
0.0313194
0.0314616
0.0316039
0.0317464
0.0318891
0.0320319
0.0321749
0.0323181
0.0324614
0.0326049
0.0327486
0.0328925
0.0330365
0.0331807
0.033325
0.0334696
0.0336143
0.0337591
0.0339042
0.0340494
0.0341948
0.0343403
0.034486
0.0346319
0.034778
0.0349242
0.0350706
0.0352172
0.0353639
0.0355108
0.0356579
0.0358051
0.0359526
0.0361002
0.0362479
0.0363959
0.036544
0.0366923
0.0368408
0.0369894
0.0371382
0.0372872
0.0374364
0.0375858
0.0377353
0.037885
0.0380349
0.0381849
0.0383352
0.0384856
0.0386362
0.038787
0.0389379
0.0390891
0.0392404
0.0393919
0.0395437
0.0396955
0.0398476
0.0399999
0.0401524
0.040305
0.0404578
0.0406109
0.0407641
0.0409175
0.0410711
0.041225
0.041379
0.0415332
0.0416876
0.0418422
0.0419971
0.0421521
0.0423074
0.0424628
0.0426185
0.0427744
0.0429305
0.0430868
0.0432434
0.0434002
0.0435572
0.0437144
0.0438719
0.0440296
0.0441875
0.0443457
0.0445041
0.0446628
0.0448217
0.0449809
0.0451403
0.0453001
0.04546
0.0456203
0.0457808
0.0459416
0.0461027
0.0462641
0.0464258
0.0465879
0.0467502
0.0469128
0.0470758
0.0472391
0.0474027
0.0475667
0.0477311
0.0478958
0.048061
0.0482265
0.0483924
0.0485587
0.0487255
0.0488927
0.0490603
0.0492284
0.049397
0.0495662
0.0497358
0.049906
0.0500767
0.0502481
0.05042
0.0505926
0.0507658
0.0509398
0.0511144
0.0512899
0.0514661
0.0516431
0.0518211
0.0519999
0.0521798
0.0523606
0.0525426
0.0527257
0.05291
0.0530956
0.0532826
0.053471
0.053661
0.0538527
0.0540462
0.0542416
0.054439
0.0546387
0.0548408
0.0550454
0.0552529
0.0554635
0.0556773
0.0558948
0.0561163
0.0563421
0.0565727
0.0568087
0.0570505
0.0572988
0.0575545
0.0578183
0.0580913
0.0583748
0.05867
0.0589788
0.059303
0.0596451
0.0600081
0.0603955
0.0608118
0.0612626
0.061755
0.0622981
0.062904
0.0635887
0.0643742
0.0652914
0.0663849
0.0677221
0.0694086
0.071621
0.0746759
0.0792026
0.0866434
0.101078
0.139288
0.164458
0.186325
0.200002
0.207185
0.212031
0.2173
0.223726
0.230838
0.237706
0.243282
0.246582
0.246953
0.244435
0.239945
0.234979
0.230944
0.228622
0.228095
0.228984
0.230738
0.232814
0.234757
0.236241
0.237076
0.237222
0.236778
0.235948
0.234984
0.234118
0.233512
0.233237
0.233276
0.23355
0.233951
0.234368
0.234712
0.234926
0.234991
0.234922
0.23476
0.234555
0.23436
0.234211
0.23413
0.234119
0.234165
0.234249
0.234344
0.23443
0.234491
0.23452
0.234518
0.234492
0.234452
0.23441
0.234375
0.234354
0.234347
0.234355
0.234372
0.234395
0.234418
0.234437
0.234451
0.234458
0.23446
0.234459
0.234457
0.234456
0.234458
0.234463
0.234471
0.234481
0.234491
0.234502
0.23451
0.234517
0.234521
0.234522
0.234521
0.234518
0.234515
0.23451
0.234506
0.234502
0.234498
0.234494
0.23449
0.234487
0.234483
0.23448
0.234477
0.234475
0.234472
0.234471
0.234469
0.234469
0.234469
0.23447
0.234471
0.234473
0.234475
0.234477
0.23448
0.234483
0.234486
0.234489
0.234493
0.234497
0.234502
0.234506
0.234511
0.234516
0.234521
0.234526
0.234531
0.234536
0.234541
0.234546
0.234551
0.234555
0.234558
0.234562
0.234564
0.234567
0.234568
0.234569
0.23457
0.234569
0.234569
0.234568
0.234566
0.234564
0.234562
0.234559
0.234556
0.234554
0.234551
0.234549
0.234546
0.234544
0.234542
0.234541
0.23454
0.234539
0.234538
0.234539
0.234539
0.23454
0.234541
0.234543
0.234546
0.234548
0.234551
0.234555
0.234558
0.234562
0.234566
0.234571
0.234575
0.23458
0.234585
0.23459
0.234595
0.2346
0.234604
0.234609
0.234614
0.234618
0.234622
0.234626
0.23463
0.234633
0.234636
0.234639
0.234641
0.234643
0.234645
0.234646
0.234647
0.234648
0.234649
0.234649
0.23465
0.23465
0.23465
0.23465
0.23465
0.234651
0.234651
0.234651
0.234652
0.234653
0.234654
0.234655
0.234656
0.234658
0.23466
0.234661
0.234664
0.234666
0.234668
0.234671
0.234673
0.234676
0.234678
0.234681
0.234683
0.234686
0.234688
0.23469
0.234692
0.234694
0.234696
0.234698
0.234699
0.234701
0.234702
0.234704
0.234705
0.234706
0.234707
0.234708
0.234709
0.23471
0.234711
0.234712
0.234714
0.234715
0.234717
0.234718
0.23472
0.234722
0.234723
0.234725
0.234728
0.23473
0.234732
0.234734
0.234737
0.234739
0.234741
0.234744
0.234746
0.234748
0.234751
0.234753
0.234755
0.234757
0.234759
0.234761
0.234763
0.234765
0.234766
0.234768
0.234769
0.234771
0.234772
0.234773
0.234775
0.234776
0.234777
0.234778
0.23478
0.234781
0.234782
0.234784
0.234785
0.234787
0.234788
0.23479
0.234792
0.234793
0.234795
0.234797
0.234799
0.234801
0.234802
0.234804
0.234806
0.234808
0.23481
0.234812
0.234814
0.234816
0.234817
0.234819
0.234821
0.234823
0.234825
0.234827
0.234828
0.23483
0.234832
0.234834
0.234836
0.234838
0.234839
0.234841
0.234843
0.234846
0.234848
0.23485
0.234852
0.234854
0.234857
0.234859
0.234862
0.234864
0.234867
0.234869
0.234872
0.234875
0.234877
0.23488
0.234882
0.234885
0.234888
0.23489
0.234893
0.234895
0.234897
0.2349
0.234902
0.234904
0.234906
0.234908
0.23491
0.234912
0.234914
0.234916
0.234918
0.23492
0.234921
0.234923
0.234925
0.234927
0.234928
0.23493
0.234932
0.234934
0.23494
0.234963
0.235088
0.235785
0.23969
0.260136
0.326824
0.364582
0.365458
0.365454
0.365456
0.36546
0.365462
0.365463
0.365463
0.365463
0.365463
0.365463
0.365463
0.365464
0.365464
0.365464
0.365465
0.365465
0.365465
0.365466
0.365466
0.365467
0.365468
0.365468
0.365469
0.36547
0.365471
0.365472
0.365473
0.365475
0.365476
0.365477
0.365479
0.36548
0.365482
0.365483
0.365485
0.365487
0.365488
0.36549
0.365491
0.365492
0.365494
0.365495
0.365496
0.365497
0.365498
0.365499
0.3655
0.3655
0.365501
0.365501
0.365501
0.365502
0.365502
0.365502
0.365502
0.365502
0.365501
0.365501
0.365501
0.3655
0.3655
0.365499
0.365498
0.365497
0.365497
0.365496
0.365495
0.365494
0.365493
0.365492
0.365491
0.36549
0.365489
0.365488
0.365487
0.365486
0.365485
0.365485
0.365484
0.365483
0.365483
0.365482
0.365482
0.365482
0.365482
0.365482
0.365482
0.365482
0.365482
0.365483
0.365483
0.365484
0.365484
0.365485
0.365486
0.365487
0.365488
0.365489
0.36549
0.365491
0.365492
0.365493
0.365494
0.365496
0.365497
0.365498
0.365499
0.3655
0.365501
0.365502
0.365503
0.365504
0.365505
0.365506
0.365507
0.365508
0.365508
0.365509
0.36551
0.36551
0.365511
0.365511
0.365512
0.365512
0.365512
0.365513
0.365513
0.365513
0.365514
0.365514
0.365514
0.365514
0.365514
0.365515
0.365515
0.365515
0.365515
0.365515
0.365515
0.365515
0.365515
0.365515
0.365516
0.365516
0.365516
0.365516
0.365516
0.365516
0.365516
0.365516
0.365516
)
;

boundaryField
{
    inlet
    {
        type            calculated;
        value           uniform 0;
    }
    outlet
    {
        type            calculated;
        value           uniform 0.365516;
    }
    emptyWalls
    {
        type            empty;
        value           nonuniform List<scalar> 0();
    }
}


// ************************************************************************* //
