/*--------------------------------*- C++ -*----------------------------------*\
  =========                 |
  \\      /  F ield         | OpenFOAM: The Open Source CFD Toolbox
   \\    /   O peration     | Website:  https://openfoam.org
    \\  /    A nd           | Version:  9
     \\/     M anipulation  |
\*---------------------------------------------------------------------------*/
FoamFile
{
    format      ascii;
    class       volScalarField;
    location    "15.1";
    object      kra;
}
// * * * * * * * * * * * * * * * * * * * * * * * * * * * * * * * * * * * * * //

dimensions      [0 0 0 0 0 0 0];

internalField   nonuniform List<scalar> 
1000
(
0.0147454
0.0147162
0.0146893
0.0146634
0.0146382
0.0146135
0.0145891
0.0145651
0.0145414
0.0145179
0.0144946
0.0144715
0.0144486
0.0144259
0.0144034
0.014381
0.0143588
0.0143367
0.0143148
0.014293
0.0142714
0.0142499
0.0142285
0.0142073
0.0141861
0.0141652
0.0141443
0.0141235
0.0141029
0.0140824
0.0140619
0.0140416
0.0140215
0.0140014
0.0139814
0.0139615
0.0139418
0.0139221
0.0139025
0.0138831
0.0138637
0.0138444
0.0138253
0.0138062
0.0137872
0.0137683
0.0137495
0.0137308
0.0137122
0.0136937
0.0136753
0.0136569
0.0136387
0.0136205
0.0136024
0.0135844
0.0135665
0.0135487
0.0135309
0.0135132
0.0134957
0.0134781
0.0134607
0.0134434
0.0134261
0.0134089
0.0133918
0.0133747
0.0133577
0.0133408
0.013324
0.0133073
0.0132906
0.013274
0.0132574
0.013241
0.0132246
0.0132083
0.013192
0.0131758
0.0131597
0.0131436
0.0131277
0.0131117
0.0130959
0.0130801
0.0130644
0.0130487
0.0130331
0.0130176
0.0130021
0.0129867
0.0129714
0.0129561
0.0129408
0.0129257
0.0129106
0.0128955
0.0128805
0.0128656
0.0128508
0.0128359
0.0128212
0.0128065
0.0127918
0.0127773
0.0127627
0.0127483
0.0127338
0.0127195
0.0127052
0.0126909
0.0126767
0.0126626
0.0126485
0.0126344
0.0126204
0.0126065
0.0125926
0.0125788
0.012565
0.0125512
0.0125375
0.0125239
0.0125103
0.0124968
0.0124833
0.0124698
0.0124564
0.0124431
0.0124298
0.0124165
0.0124033
0.0123901
0.012377
0.012364
0.0123509
0.012338
0.012325
0.0123121
0.0122993
0.0122865
0.0122737
0.012261
0.0122483
0.0122357
0.0122231
0.0122106
0.0121981
0.0121856
0.0121732
0.0121608
0.0121485
0.0121362
0.0121239
0.0121117
0.0120995
0.0120874
0.0120753
0.0120632
0.0120512
0.0120392
0.0120273
0.0120154
0.0120035
0.0119917
0.0119799
0.0119682
0.0119565
0.0119448
0.0119332
0.0119216
0.01191
0.0118985
0.011887
0.0118755
0.0118641
0.0118527
0.0118414
0.01183
0.0118188
0.0118075
0.0117963
0.0117851
0.011774
0.0117629
0.0117518
0.0117407
0.0117297
0.0117188
0.0117078
0.0116969
0.011686
0.0116752
0.0116644
0.0116536
0.0116428
0.0116321
0.0116214
0.0116108
0.0116002
0.0115896
0.011579
0.0115685
0.011558
0.0115475
0.0115371
0.0115266
0.0115163
0.0115059
0.0114956
0.0114853
0.011475
0.0114648
0.0114546
0.0114444
0.0114343
0.0114242
0.0114141
0.011404
0.011394
0.011384
0.011374
0.011364
0.0113541
0.0113442
0.0113344
0.0113245
0.0113147
0.0113049
0.0112952
0.0112854
0.0112757
0.011266
0.0112564
0.0112467
0.0112371
0.0112276
0.011218
0.0112085
0.011199
0.0111895
0.0111801
0.0111706
0.0111612
0.0111519
0.0111425
0.0111332
0.0111239
0.0111146
0.0111054
0.0110961
0.0110869
0.0110777
0.0110686
0.0110594
0.0110503
0.0110413
0.0110322
0.0110231
0.0110141
0.0110051
0.0109962
0.0109872
0.0109783
0.0109694
0.0109605
0.0109516
0.0109428
0.010934
0.0109252
0.0109164
0.0109077
0.010899
0.0108903
0.0108816
0.0108729
0.0108643
0.0108557
0.0108471
0.0108385
0.0108299
0.0108214
0.0108129
0.0108044
0.0107959
0.0107875
0.010779
0.0107706
0.0107622
0.0107539
0.0107455
0.0107372
0.0107289
0.0107206
0.0107123
0.010704
0.0106958
0.0106876
0.0106794
0.0106712
0.0106631
0.0106549
0.0106468
0.0106387
0.0106307
0.0106226
0.0106146
0.0106065
0.0105985
0.0105905
0.0105826
0.0105746
0.0105667
0.0105588
0.0105509
0.010543
0.0105352
0.0105273
0.0105195
0.0105117
0.0105039
0.0104961
0.0104884
0.0104807
0.0104729
0.0104652
0.0104576
0.0104499
0.0104422
0.0104346
0.010427
0.0104194
0.0104118
0.0104043
0.0103967
0.0103892
0.0103817
0.0103742
0.0103667
0.0103592
0.0103518
0.0103444
0.0103369
0.0103295
0.0103222
0.0103148
0.0103074
0.0103001
0.0102928
0.0102855
0.0102782
0.0102709
0.0102637
0.0102564
0.0102492
0.010242
0.0102348
0.0102276
0.0102204
0.0102133
0.0102062
0.010199
0.0101919
0.0101848
0.0101778
0.0101707
0.0101637
0.0101566
0.0101496
0.0101426
0.0101356
0.0101287
0.0101217
0.0101148
0.0101078
0.0101009
0.010094
0.0100871
0.0100803
0.0100734
0.0100665
0.0100597
0.0100529
0.0100461
0.0100393
0.0100325
0.0100258
0.010019
0.0100123
0.0100056
0.00999886
0.00999217
0.00998549
0.00997882
0.00997216
0.00996552
0.00995889
0.00995228
0.00994568
0.00993909
0.00993251
0.00992595
0.0099194
0.00991287
0.00990634
0.00989983
0.00989333
0.00988685
0.00988037
0.00987391
0.00986747
0.00986103
0.00985461
0.0098482
0.0098418
0.00983541
0.00982904
0.00982268
0.00981633
0.00980999
0.00980367
0.00979735
0.00979105
0.00978476
0.00977849
0.00977222
0.00976597
0.00975973
0.0097535
0.00974728
0.00974108
0.00973488
0.0097287
0.00972253
0.00971637
0.00971022
0.00970408
0.00969796
0.00969184
0.00968574
0.00967965
0.00967357
0.0096675
0.00966144
0.0096554
0.00964936
0.00964334
0.00963733
0.00963132
0.00962533
0.00961935
0.00961338
0.00960742
0.00960148
0.00959554
0.00958961
0.0095837
0.0095778
0.0095719
0.00956602
0.00956015
0.00955428
0.00954843
0.00954259
0.00953676
0.00953094
0.00952513
0.00951933
0.00951354
0.00950776
0.00950199
0.00949623
0.00949049
0.00948475
0.00947902
0.0094733
0.00946759
0.0094619
0.00945621
0.00945053
0.00944486
0.0094392
0.00943356
0.00942792
0.00942229
0.00941667
0.00941106
0.00940546
0.00939987
0.00939429
0.00938872
0.00938316
0.00937761
0.00937207
0.00936654
0.00936101
0.0093555
0.00934999
0.0093445
0.00933901
0.00933354
0.00932807
0.00932261
0.00931717
0.00931173
0.0093063
0.00930088
0.00929547
0.00929006
0.00928467
0.00927929
0.00927391
0.00926854
0.00926319
0.00925784
0.0092525
0.00924717
0.00924185
0.00923653
0.00923123
0.00922593
0.00922065
0.00921537
0.0092101
0.00920484
0.00919959
0.00919434
0.00918911
0.00918388
0.00917866
0.00917345
0.00916825
0.00916306
0.00915788
0.0091527
0.00914753
0.00914238
0.00913723
0.00913208
0.00912695
0.00912182
0.00911671
0.0091116
0.0091065
0.0091014
0.00909632
0.00909124
0.00908617
0.00908111
0.00907606
0.00907102
0.00906598
0.00906095
0.00905593
0.00905092
0.00904592
0.00904092
0.00903593
0.00903095
0.00902598
0.00902101
0.00901605
0.0090111
0.00900616
0.00900123
0.0089963
0.00899138
0.00898647
0.00898157
0.00897667
0.00897178
0.0089669
0.00896203
0.00895716
0.0089523
0.00894745
0.00894261
0.00893777
0.00893294
0.00892812
0.00892331
0.0089185
0.0089137
0.00890891
0.00890413
0.00889935
0.00889458
0.00888982
0.00888506
0.00888031
0.00887557
0.00887084
0.00886611
0.00886139
0.00885668
0.00885197
0.00884727
0.00884258
0.00883789
0.00883322
0.00882855
0.00882388
0.00881923
0.00881458
0.00880993
0.0088053
0.00880067
0.00879604
0.00879143
0.00878682
0.00878222
0.00877762
0.00877303
0.00876845
0.00876388
0.00875931
0.00875475
0.00875019
0.00874564
0.0087411
0.00873656
0.00873204
0.00872751
0.008723
0.00871849
0.00871399
0.00870949
0.008705
0.00870052
0.00869604
0.00869157
0.00868711
0.00868265
0.0086782
0.00867375
0.00866931
0.00866488
0.00866046
0.00865604
0.00865162
0.00864722
0.00864282
0.00863842
0.00863403
0.00862965
0.00862528
0.00862091
0.00861654
0.00861219
0.00860783
0.00860349
0.00859915
0.00859482
0.00859049
0.00858617
0.00858185
0.00857755
0.00857324
0.00856895
0.00856465
0.00856037
0.00855609
0.00855182
0.00854755
0.00854329
0.00853903
0.00853478
0.00853054
0.0085263
0.00852207
0.00851784
0.00851362
0.00850941
0.0085052
0.008501
0.0084968
0.00849261
0.00848842
0.00848424
0.00848006
0.0084759
0.00847173
0.00846757
0.00846342
0.00845928
0.00845513
0.008451
0.00844687
0.00844274
0.00843862
0.00843451
0.0084304
0.0084263
0.0084222
0.00841811
0.00841403
0.00840995
0.00840587
0.0084018
0.00839774
0.00839368
0.00838962
0.00838558
0.00838153
0.0083775
0.00837346
0.00836944
0.00836541
0.0083614
0.00835739
0.00835338
0.00834938
0.00834538
0.00834139
0.00833741
0.00833343
0.00832945
0.00832548
0.00832152
0.00831756
0.00831361
0.00830966
0.00830571
0.00830177
0.00829784
0.00829391
0.00828999
0.00828607
0.00828216
0.00827825
0.00827434
0.00827044
0.00826655
0.00826266
0.00825878
0.0082549
0.00825103
0.00824716
0.00824329
0.00823943
0.00823558
0.00823173
0.00822789
0.00822405
0.00822021
0.00821638
0.00821256
0.00820874
0.00820492
0.00820111
0.0081973
0.0081935
0.0081897
0.00818591
0.00818213
0.00817834
0.00817457
0.00817079
0.00816702
0.00816326
0.0081595
0.00815575
0.008152
0.00814825
0.00814451
0.00814078
0.00813704
0.00813332
0.00812959
0.00812588
0.00812216
0.00811846
0.00811475
0.00811105
0.00810736
0.00810367
0.00809998
0.0080963
0.00809262
0.00808895
0.00808528
0.00808162
0.00807796
0.0080743
0.00807065
0.00806701
0.00806336
0.00805973
0.00805609
0.00805247
0.00804884
0.00804522
0.00804161
0.00803799
0.00803439
0.00803078
0.00802719
0.00802359
0.00802
0.00801642
0.00801283
0.00800926
0.00800568
0.00800211
0.00799855
0.00799499
0.00799143
0.00798788
0.00798433
0.00798079
0.00797725
0.00797371
0.00797018
0.00796666
0.00796313
0.00795961
0.0079561
0.00795259
0.00794908
0.00794558
0.00794208
0.00793859
0.0079351
0.00793161
0.00792813
0.00792465
0.00792117
0.0079177
0.00791424
0.00791077
0.00790731
0.00790386
0.00790041
0.00789696
0.00789352
0.00789008
0.00788664
0.00788321
0.00787979
0.00787636
0.00787294
0.00786953
0.00786612
0.00786271
0.0078593
0.0078559
0.00785251
0.00784911
0.00784572
0.00784234
0.00783896
0.00783558
0.00783221
0.00782884
0.00782547
0.00782211
0.00781875
0.00781539
0.00781204
0.00780869
0.00780535
0.00780201
0.00779867
0.00779534
0.00779201
0.00778869
0.00778536
0.00778204
0.00777873
0.00777542
0.00777211
0.00776881
0.00776551
0.00776221
0.00775892
0.00775563
0.00775234
0.00774906
0.00774578
0.0077425
0.00773923
0.00773596
0.0077327
0.00772944
0.00772618
0.00772293
0.00771967
0.00771643
0.00771318
0.00770994
0.0077067
0.00770347
0.00770024
0.00769701
0.00769379
0.00769057
0.00768735
0.00768414
0.00768093
0.00767772
0.00767452
0.00767132
0.00766812
0.00766493
0.00766174
0.00765856
0.00765537
0.00765219
0.00764902
0.00764584
0.00764267
0.00763951
0.00763634
0.00763318
0.00763002
0.00762687
0.00762372
0.00762057
0.00761743
0.00761429
0.00761115
0.00760802
0.00760488
0.00760176
0.00759863
0.00759551
0.00759239
0.00758928
0.00758616
0.00758305
0.00757995
0.00757684
0.00757374
0.00757065
0.00756755
0.00756446
0.00756137
0.00755829
0.00755521
0.00755213
0.00754905
0.00754598
0.00754291
0.00753985
0.00753678
0.00753372
0.00753066
0.00752761
0.00752456
0.00752151
0.00751846
0.00751542
0.00751238
0.00750934
0.00750631
0.00750328
0.00750025
0.00749722
0.0074942
0.00749118
0.00748817
0.00748515
0.00748214
0.00747913
0.00747613
0.00747312
0.00747012
0.00746713
0.00746413
0.00746114
0.00745815
0.00745517
0.00745218
0.0074492
0.00744622
0.00744325
0.00744028
0.00743731
0.00743434
0.00743137
0.00742841
0.00742545
0.0074225
0.00741954
0.00741659
0.00741364
0.0074107
0.00740775
0.00740481
0.00740187
0.00739894
0.007396
0.00739307
0.00739014
0.00738722
0.00738429
0.00738137
0.00737846
0.00737554
)
;

boundaryField
{
    inlet
    {
        type            calculated;
        value           uniform 0.0147929;
    }
    outlet
    {
        type            calculated;
        value           uniform 0.00737554;
    }
    emptyWalls
    {
        type            empty;
    }
}


// ************************************************************************* //
