/*--------------------------------*- C++ -*----------------------------------*\
  =========                 |
  \\      /  F ield         | OpenFOAM: The Open Source CFD Toolbox
   \\    /   O peration     | Website:  https://openfoam.org
    \\  /    A nd           | Version:  9
     \\/     M anipulation  |
\*---------------------------------------------------------------------------*/
FoamFile
{
    format      ascii;
    class       volVectorField;
    location    "15.1";
    object      Ub;
}
// * * * * * * * * * * * * * * * * * * * * * * * * * * * * * * * * * * * * * //

dimensions      [0 0 0 0 0 0 0];

internalField   nonuniform List<vector> 
1000
(
(0.290579 0 0)
(0.290578 0 0)
(0.290577 0 0)
(0.290577 0 0)
(0.290575 0 0)
(0.290574 0 0)
(0.290573 0 0)
(0.290571 0 0)
(0.290569 0 0)
(0.290567 0 0)
(0.290565 0 0)
(0.290562 0 0)
(0.290559 0 0)
(0.290557 0 0)
(0.290554 0 0)
(0.290551 0 0)
(0.290547 0 0)
(0.290544 0 0)
(0.29054 0 0)
(0.290536 0 0)
(0.290532 0 0)
(0.290528 0 0)
(0.290524 0 0)
(0.290519 0 0)
(0.290515 0 0)
(0.29051 0 0)
(0.290505 0 0)
(0.2905 0 0)
(0.290495 0 0)
(0.290489 0 0)
(0.290484 0 0)
(0.290478 0 0)
(0.290472 0 0)
(0.290466 0 0)
(0.29046 0 0)
(0.290454 0 0)
(0.290447 0 0)
(0.290441 0 0)
(0.290434 0 0)
(0.290427 0 0)
(0.29042 0 0)
(0.290413 0 0)
(0.290406 0 0)
(0.290399 0 0)
(0.290391 0 0)
(0.290383 0 0)
(0.290376 0 0)
(0.290368 0 0)
(0.29036 0 0)
(0.290351 0 0)
(0.290343 0 0)
(0.290335 0 0)
(0.290326 0 0)
(0.290317 0 0)
(0.290309 0 0)
(0.2903 0 0)
(0.290291 0 0)
(0.290281 0 0)
(0.290272 0 0)
(0.290263 0 0)
(0.290253 0 0)
(0.290244 0 0)
(0.290234 0 0)
(0.290224 0 0)
(0.290214 0 0)
(0.290204 0 0)
(0.290193 0 0)
(0.290183 0 0)
(0.290173 0 0)
(0.290162 0 0)
(0.290151 0 0)
(0.290141 0 0)
(0.29013 0 0)
(0.290119 0 0)
(0.290108 0 0)
(0.290096 0 0)
(0.290085 0 0)
(0.290074 0 0)
(0.290062 0 0)
(0.29005 0 0)
(0.290039 0 0)
(0.290027 0 0)
(0.290015 0 0)
(0.290003 0 0)
(0.28999 0 0)
(0.289978 0 0)
(0.289966 0 0)
(0.289953 0 0)
(0.289941 0 0)
(0.289928 0 0)
(0.289915 0 0)
(0.289902 0 0)
(0.289889 0 0)
(0.289876 0 0)
(0.289863 0 0)
(0.28985 0 0)
(0.289837 0 0)
(0.289823 0 0)
(0.28981 0 0)
(0.289796 0 0)
(0.289782 0 0)
(0.289768 0 0)
(0.289754 0 0)
(0.28974 0 0)
(0.289726 0 0)
(0.289712 0 0)
(0.289698 0 0)
(0.289684 0 0)
(0.289669 0 0)
(0.289655 0 0)
(0.28964 0 0)
(0.289625 0 0)
(0.28961 0 0)
(0.289596 0 0)
(0.289581 0 0)
(0.289565 0 0)
(0.28955 0 0)
(0.289535 0 0)
(0.28952 0 0)
(0.289504 0 0)
(0.289489 0 0)
(0.289473 0 0)
(0.289458 0 0)
(0.289442 0 0)
(0.289426 0 0)
(0.28941 0 0)
(0.289394 0 0)
(0.289378 0 0)
(0.289362 0 0)
(0.289346 0 0)
(0.28933 0 0)
(0.289313 0 0)
(0.289297 0 0)
(0.28928 0 0)
(0.289264 0 0)
(0.289247 0 0)
(0.28923 0 0)
(0.289214 0 0)
(0.289197 0 0)
(0.28918 0 0)
(0.289163 0 0)
(0.289145 0 0)
(0.289128 0 0)
(0.289111 0 0)
(0.289094 0 0)
(0.289076 0 0)
(0.289059 0 0)
(0.289041 0 0)
(0.289024 0 0)
(0.289006 0 0)
(0.288988 0 0)
(0.28897 0 0)
(0.288952 0 0)
(0.288934 0 0)
(0.288916 0 0)
(0.288898 0 0)
(0.28888 0 0)
(0.288862 0 0)
(0.288843 0 0)
(0.288825 0 0)
(0.288806 0 0)
(0.288788 0 0)
(0.288769 0 0)
(0.288751 0 0)
(0.288732 0 0)
(0.288713 0 0)
(0.288694 0 0)
(0.288675 0 0)
(0.288656 0 0)
(0.288637 0 0)
(0.288618 0 0)
(0.288599 0 0)
(0.28858 0 0)
(0.28856 0 0)
(0.288541 0 0)
(0.288521 0 0)
(0.288502 0 0)
(0.288482 0 0)
(0.288463 0 0)
(0.288443 0 0)
(0.288423 0 0)
(0.288403 0 0)
(0.288383 0 0)
(0.288364 0 0)
(0.288343 0 0)
(0.288323 0 0)
(0.288303 0 0)
(0.288283 0 0)
(0.288263 0 0)
(0.288242 0 0)
(0.288222 0 0)
(0.288202 0 0)
(0.288181 0 0)
(0.288161 0 0)
(0.28814 0 0)
(0.288119 0 0)
(0.288099 0 0)
(0.288078 0 0)
(0.288057 0 0)
(0.288036 0 0)
(0.288015 0 0)
(0.287994 0 0)
(0.287973 0 0)
(0.287952 0 0)
(0.287931 0 0)
(0.287909 0 0)
(0.287888 0 0)
(0.287867 0 0)
(0.287845 0 0)
(0.287824 0 0)
(0.287802 0 0)
(0.287781 0 0)
(0.287759 0 0)
(0.287738 0 0)
(0.287716 0 0)
(0.287694 0 0)
(0.287672 0 0)
(0.28765 0 0)
(0.287628 0 0)
(0.287606 0 0)
(0.287584 0 0)
(0.287562 0 0)
(0.28754 0 0)
(0.287518 0 0)
(0.287495 0 0)
(0.287473 0 0)
(0.287451 0 0)
(0.287428 0 0)
(0.287406 0 0)
(0.287383 0 0)
(0.287361 0 0)
(0.287338 0 0)
(0.287315 0 0)
(0.287293 0 0)
(0.28727 0 0)
(0.287247 0 0)
(0.287224 0 0)
(0.287201 0 0)
(0.287178 0 0)
(0.287155 0 0)
(0.287132 0 0)
(0.287109 0 0)
(0.287086 0 0)
(0.287063 0 0)
(0.287039 0 0)
(0.287016 0 0)
(0.286993 0 0)
(0.286969 0 0)
(0.286946 0 0)
(0.286922 0 0)
(0.286899 0 0)
(0.286875 0 0)
(0.286851 0 0)
(0.286828 0 0)
(0.286804 0 0)
(0.28678 0 0)
(0.286756 0 0)
(0.286732 0 0)
(0.286708 0 0)
(0.286684 0 0)
(0.28666 0 0)
(0.286636 0 0)
(0.286612 0 0)
(0.286588 0 0)
(0.286564 0 0)
(0.28654 0 0)
(0.286515 0 0)
(0.286491 0 0)
(0.286467 0 0)
(0.286442 0 0)
(0.286418 0 0)
(0.286393 0 0)
(0.286369 0 0)
(0.286344 0 0)
(0.286319 0 0)
(0.286295 0 0)
(0.28627 0 0)
(0.286245 0 0)
(0.28622 0 0)
(0.286195 0 0)
(0.28617 0 0)
(0.286145 0 0)
(0.28612 0 0)
(0.286095 0 0)
(0.28607 0 0)
(0.286045 0 0)
(0.28602 0 0)
(0.285995 0 0)
(0.285969 0 0)
(0.285944 0 0)
(0.285919 0 0)
(0.285893 0 0)
(0.285868 0 0)
(0.285843 0 0)
(0.285817 0 0)
(0.285791 0 0)
(0.285766 0 0)
(0.28574 0 0)
(0.285715 0 0)
(0.285689 0 0)
(0.285663 0 0)
(0.285637 0 0)
(0.285611 0 0)
(0.285586 0 0)
(0.28556 0 0)
(0.285534 0 0)
(0.285508 0 0)
(0.285482 0 0)
(0.285456 0 0)
(0.285429 0 0)
(0.285403 0 0)
(0.285377 0 0)
(0.285351 0 0)
(0.285325 0 0)
(0.285298 0 0)
(0.285272 0 0)
(0.285245 0 0)
(0.285219 0 0)
(0.285193 0 0)
(0.285166 0 0)
(0.28514 0 0)
(0.285113 0 0)
(0.285086 0 0)
(0.28506 0 0)
(0.285033 0 0)
(0.285006 0 0)
(0.284979 0 0)
(0.284953 0 0)
(0.284926 0 0)
(0.284899 0 0)
(0.284872 0 0)
(0.284845 0 0)
(0.284818 0 0)
(0.284791 0 0)
(0.284764 0 0)
(0.284737 0 0)
(0.28471 0 0)
(0.284682 0 0)
(0.284655 0 0)
(0.284628 0 0)
(0.284601 0 0)
(0.284573 0 0)
(0.284546 0 0)
(0.284518 0 0)
(0.284491 0 0)
(0.284464 0 0)
(0.284436 0 0)
(0.284409 0 0)
(0.284381 0 0)
(0.284353 0 0)
(0.284326 0 0)
(0.284298 0 0)
(0.28427 0 0)
(0.284242 0 0)
(0.284215 0 0)
(0.284187 0 0)
(0.284159 0 0)
(0.284131 0 0)
(0.284103 0 0)
(0.284075 0 0)
(0.284047 0 0)
(0.284019 0 0)
(0.283991 0 0)
(0.283963 0 0)
(0.283935 0 0)
(0.283907 0 0)
(0.283878 0 0)
(0.28385 0 0)
(0.283822 0 0)
(0.283793 0 0)
(0.283765 0 0)
(0.283737 0 0)
(0.283708 0 0)
(0.28368 0 0)
(0.283651 0 0)
(0.283623 0 0)
(0.283594 0 0)
(0.283566 0 0)
(0.283537 0 0)
(0.283508 0 0)
(0.28348 0 0)
(0.283451 0 0)
(0.283422 0 0)
(0.283393 0 0)
(0.283365 0 0)
(0.283336 0 0)
(0.283307 0 0)
(0.283278 0 0)
(0.283249 0 0)
(0.28322 0 0)
(0.283191 0 0)
(0.283162 0 0)
(0.283133 0 0)
(0.283104 0 0)
(0.283075 0 0)
(0.283045 0 0)
(0.283016 0 0)
(0.282987 0 0)
(0.282958 0 0)
(0.282928 0 0)
(0.282899 0 0)
(0.28287 0 0)
(0.28284 0 0)
(0.282811 0 0)
(0.282781 0 0)
(0.282752 0 0)
(0.282722 0 0)
(0.282693 0 0)
(0.282663 0 0)
(0.282634 0 0)
(0.282604 0 0)
(0.282574 0 0)
(0.282545 0 0)
(0.282515 0 0)
(0.282485 0 0)
(0.282455 0 0)
(0.282425 0 0)
(0.282396 0 0)
(0.282366 0 0)
(0.282336 0 0)
(0.282306 0 0)
(0.282276 0 0)
(0.282246 0 0)
(0.282216 0 0)
(0.282186 0 0)
(0.282156 0 0)
(0.282125 0 0)
(0.282095 0 0)
(0.282065 0 0)
(0.282035 0 0)
(0.282005 0 0)
(0.281974 0 0)
(0.281944 0 0)
(0.281914 0 0)
(0.281883 0 0)
(0.281853 0 0)
(0.281822 0 0)
(0.281792 0 0)
(0.281761 0 0)
(0.281731 0 0)
(0.2817 0 0)
(0.28167 0 0)
(0.281639 0 0)
(0.281608 0 0)
(0.281578 0 0)
(0.281547 0 0)
(0.281516 0 0)
(0.281486 0 0)
(0.281455 0 0)
(0.281424 0 0)
(0.281393 0 0)
(0.281362 0 0)
(0.281331 0 0)
(0.2813 0 0)
(0.281269 0 0)
(0.281238 0 0)
(0.281207 0 0)
(0.281176 0 0)
(0.281145 0 0)
(0.281114 0 0)
(0.281083 0 0)
(0.281052 0 0)
(0.281021 0 0)
(0.28099 0 0)
(0.280958 0 0)
(0.280927 0 0)
(0.280896 0 0)
(0.280864 0 0)
(0.280833 0 0)
(0.280802 0 0)
(0.28077 0 0)
(0.280739 0 0)
(0.280707 0 0)
(0.280676 0 0)
(0.280644 0 0)
(0.280613 0 0)
(0.280581 0 0)
(0.280549 0 0)
(0.280518 0 0)
(0.280486 0 0)
(0.280454 0 0)
(0.280423 0 0)
(0.280391 0 0)
(0.280359 0 0)
(0.280327 0 0)
(0.280296 0 0)
(0.280264 0 0)
(0.280232 0 0)
(0.2802 0 0)
(0.280168 0 0)
(0.280136 0 0)
(0.280104 0 0)
(0.280072 0 0)
(0.28004 0 0)
(0.280008 0 0)
(0.279976 0 0)
(0.279944 0 0)
(0.279912 0 0)
(0.279879 0 0)
(0.279847 0 0)
(0.279815 0 0)
(0.279783 0 0)
(0.27975 0 0)
(0.279718 0 0)
(0.279686 0 0)
(0.279653 0 0)
(0.279621 0 0)
(0.279589 0 0)
(0.279556 0 0)
(0.279524 0 0)
(0.279491 0 0)
(0.279459 0 0)
(0.279426 0 0)
(0.279394 0 0)
(0.279361 0 0)
(0.279328 0 0)
(0.279296 0 0)
(0.279263 0 0)
(0.27923 0 0)
(0.279198 0 0)
(0.279165 0 0)
(0.279132 0 0)
(0.279099 0 0)
(0.279066 0 0)
(0.279033 0 0)
(0.279001 0 0)
(0.278968 0 0)
(0.278935 0 0)
(0.278902 0 0)
(0.278869 0 0)
(0.278836 0 0)
(0.278803 0 0)
(0.27877 0 0)
(0.278737 0 0)
(0.278703 0 0)
(0.27867 0 0)
(0.278637 0 0)
(0.278604 0 0)
(0.278571 0 0)
(0.278538 0 0)
(0.278504 0 0)
(0.278471 0 0)
(0.278438 0 0)
(0.278404 0 0)
(0.278371 0 0)
(0.278338 0 0)
(0.278304 0 0)
(0.278271 0 0)
(0.278237 0 0)
(0.278204 0 0)
(0.27817 0 0)
(0.278137 0 0)
(0.278103 0 0)
(0.27807 0 0)
(0.278036 0 0)
(0.278002 0 0)
(0.277969 0 0)
(0.277935 0 0)
(0.277901 0 0)
(0.277867 0 0)
(0.277834 0 0)
(0.2778 0 0)
(0.277766 0 0)
(0.277732 0 0)
(0.277698 0 0)
(0.277664 0 0)
(0.277631 0 0)
(0.277597 0 0)
(0.277563 0 0)
(0.277529 0 0)
(0.277495 0 0)
(0.277461 0 0)
(0.277427 0 0)
(0.277392 0 0)
(0.277358 0 0)
(0.277324 0 0)
(0.27729 0 0)
(0.277256 0 0)
(0.277222 0 0)
(0.277187 0 0)
(0.277153 0 0)
(0.277119 0 0)
(0.277085 0 0)
(0.27705 0 0)
(0.277016 0 0)
(0.276982 0 0)
(0.276947 0 0)
(0.276913 0 0)
(0.276878 0 0)
(0.276844 0 0)
(0.276809 0 0)
(0.276775 0 0)
(0.27674 0 0)
(0.276706 0 0)
(0.276671 0 0)
(0.276637 0 0)
(0.276602 0 0)
(0.276567 0 0)
(0.276533 0 0)
(0.276498 0 0)
(0.276463 0 0)
(0.276428 0 0)
(0.276394 0 0)
(0.276359 0 0)
(0.276324 0 0)
(0.276289 0 0)
(0.276254 0 0)
(0.276219 0 0)
(0.276185 0 0)
(0.27615 0 0)
(0.276115 0 0)
(0.27608 0 0)
(0.276045 0 0)
(0.27601 0 0)
(0.275975 0 0)
(0.275939 0 0)
(0.275904 0 0)
(0.275869 0 0)
(0.275834 0 0)
(0.275799 0 0)
(0.275764 0 0)
(0.275728 0 0)
(0.275693 0 0)
(0.275658 0 0)
(0.275623 0 0)
(0.275587 0 0)
(0.275552 0 0)
(0.275517 0 0)
(0.275481 0 0)
(0.275446 0 0)
(0.27541 0 0)
(0.275375 0 0)
(0.27534 0 0)
(0.275304 0 0)
(0.275269 0 0)
(0.275233 0 0)
(0.275197 0 0)
(0.275162 0 0)
(0.275126 0 0)
(0.275091 0 0)
(0.275055 0 0)
(0.275019 0 0)
(0.274984 0 0)
(0.274948 0 0)
(0.274912 0 0)
(0.274876 0 0)
(0.274841 0 0)
(0.274805 0 0)
(0.274769 0 0)
(0.274733 0 0)
(0.274697 0 0)
(0.274661 0 0)
(0.274625 0 0)
(0.274589 0 0)
(0.274553 0 0)
(0.274517 0 0)
(0.274481 0 0)
(0.274445 0 0)
(0.274409 0 0)
(0.274373 0 0)
(0.274337 0 0)
(0.274301 0 0)
(0.274265 0 0)
(0.274229 0 0)
(0.274192 0 0)
(0.274156 0 0)
(0.27412 0 0)
(0.274084 0 0)
(0.274047 0 0)
(0.274011 0 0)
(0.273975 0 0)
(0.273939 0 0)
(0.273902 0 0)
(0.273866 0 0)
(0.273829 0 0)
(0.273793 0 0)
(0.273756 0 0)
(0.27372 0 0)
(0.273683 0 0)
(0.273647 0 0)
(0.27361 0 0)
(0.273574 0 0)
(0.273537 0 0)
(0.273501 0 0)
(0.273464 0 0)
(0.273427 0 0)
(0.273391 0 0)
(0.273354 0 0)
(0.273317 0 0)
(0.27328 0 0)
(0.273244 0 0)
(0.273207 0 0)
(0.27317 0 0)
(0.273133 0 0)
(0.273096 0 0)
(0.273059 0 0)
(0.273022 0 0)
(0.272986 0 0)
(0.272949 0 0)
(0.272912 0 0)
(0.272875 0 0)
(0.272838 0 0)
(0.272801 0 0)
(0.272764 0 0)
(0.272726 0 0)
(0.272689 0 0)
(0.272652 0 0)
(0.272615 0 0)
(0.272578 0 0)
(0.272541 0 0)
(0.272504 0 0)
(0.272466 0 0)
(0.272429 0 0)
(0.272392 0 0)
(0.272354 0 0)
(0.272317 0 0)
(0.27228 0 0)
(0.272242 0 0)
(0.272205 0 0)
(0.272168 0 0)
(0.27213 0 0)
(0.272093 0 0)
(0.272055 0 0)
(0.272018 0 0)
(0.27198 0 0)
(0.271943 0 0)
(0.271905 0 0)
(0.271868 0 0)
(0.27183 0 0)
(0.271792 0 0)
(0.271755 0 0)
(0.271717 0 0)
(0.271679 0 0)
(0.271642 0 0)
(0.271604 0 0)
(0.271566 0 0)
(0.271528 0 0)
(0.271491 0 0)
(0.271453 0 0)
(0.271415 0 0)
(0.271377 0 0)
(0.271339 0 0)
(0.271301 0 0)
(0.271263 0 0)
(0.271225 0 0)
(0.271187 0 0)
(0.271149 0 0)
(0.271111 0 0)
(0.271073 0 0)
(0.271035 0 0)
(0.270997 0 0)
(0.270959 0 0)
(0.270921 0 0)
(0.270883 0 0)
(0.270845 0 0)
(0.270807 0 0)
(0.270768 0 0)
(0.27073 0 0)
(0.270692 0 0)
(0.270654 0 0)
(0.270615 0 0)
(0.270577 0 0)
(0.270539 0 0)
(0.2705 0 0)
(0.270462 0 0)
(0.270424 0 0)
(0.270385 0 0)
(0.270347 0 0)
(0.270308 0 0)
(0.27027 0 0)
(0.270231 0 0)
(0.270193 0 0)
(0.270154 0 0)
(0.270116 0 0)
(0.270077 0 0)
(0.270038 0 0)
(0.27 0 0)
(0.269961 0 0)
(0.269922 0 0)
(0.269884 0 0)
(0.269845 0 0)
(0.269806 0 0)
(0.269767 0 0)
(0.269729 0 0)
(0.26969 0 0)
(0.269651 0 0)
(0.269612 0 0)
(0.269573 0 0)
(0.269534 0 0)
(0.269496 0 0)
(0.269457 0 0)
(0.269418 0 0)
(0.269379 0 0)
(0.26934 0 0)
(0.269301 0 0)
(0.269262 0 0)
(0.269223 0 0)
(0.269183 0 0)
(0.269144 0 0)
(0.269105 0 0)
(0.269066 0 0)
(0.269027 0 0)
(0.268988 0 0)
(0.268949 0 0)
(0.268909 0 0)
(0.26887 0 0)
(0.268831 0 0)
(0.268791 0 0)
(0.268752 0 0)
(0.268713 0 0)
(0.268673 0 0)
(0.268634 0 0)
(0.268595 0 0)
(0.268555 0 0)
(0.268516 0 0)
(0.268476 0 0)
(0.268437 0 0)
(0.268397 0 0)
(0.268358 0 0)
(0.268318 0 0)
(0.268279 0 0)
(0.268239 0 0)
(0.268199 0 0)
(0.26816 0 0)
(0.26812 0 0)
(0.26808 0 0)
(0.268041 0 0)
(0.268001 0 0)
(0.267961 0 0)
(0.267922 0 0)
(0.267882 0 0)
(0.267842 0 0)
(0.267802 0 0)
(0.267762 0 0)
(0.267722 0 0)
(0.267682 0 0)
(0.267643 0 0)
(0.267603 0 0)
(0.267563 0 0)
(0.267523 0 0)
(0.267483 0 0)
(0.267443 0 0)
(0.267403 0 0)
(0.267363 0 0)
(0.267322 0 0)
(0.267282 0 0)
(0.267242 0 0)
(0.267202 0 0)
(0.267162 0 0)
(0.267122 0 0)
(0.267081 0 0)
(0.267041 0 0)
(0.267001 0 0)
(0.266961 0 0)
(0.26692 0 0)
(0.26688 0 0)
(0.26684 0 0)
(0.266799 0 0)
(0.266759 0 0)
(0.266719 0 0)
(0.266678 0 0)
(0.266638 0 0)
(0.266597 0 0)
(0.266557 0 0)
(0.266516 0 0)
(0.266476 0 0)
(0.266435 0 0)
(0.266394 0 0)
(0.266354 0 0)
(0.266313 0 0)
(0.266273 0 0)
(0.266232 0 0)
(0.266191 0 0)
(0.26615 0 0)
(0.26611 0 0)
(0.266069 0 0)
(0.266028 0 0)
(0.265987 0 0)
(0.265947 0 0)
(0.265906 0 0)
(0.265865 0 0)
(0.265824 0 0)
(0.265783 0 0)
(0.265742 0 0)
(0.265701 0 0)
(0.26566 0 0)
(0.265619 0 0)
(0.265578 0 0)
(0.265537 0 0)
(0.265496 0 0)
(0.265455 0 0)
(0.265414 0 0)
(0.265373 0 0)
(0.265331 0 0)
(0.26529 0 0)
(0.265249 0 0)
(0.265208 0 0)
(0.265167 0 0)
(0.265125 0 0)
(0.265084 0 0)
(0.265043 0 0)
(0.265001 0 0)
(0.26496 0 0)
(0.264919 0 0)
(0.264877 0 0)
(0.264836 0 0)
(0.264794 0 0)
(0.264753 0 0)
(0.264711 0 0)
(0.26467 0 0)
(0.264628 0 0)
(0.264587 0 0)
(0.264545 0 0)
(0.264504 0 0)
(0.264462 0 0)
(0.26442 0 0)
(0.264379 0 0)
(0.264337 0 0)
(0.264295 0 0)
(0.264254 0 0)
(0.264212 0 0)
(0.26417 0 0)
(0.264128 0 0)
(0.264086 0 0)
(0.264044 0 0)
(0.264003 0 0)
(0.263961 0 0)
(0.263919 0 0)
(0.263877 0 0)
(0.263835 0 0)
(0.263793 0 0)
(0.263751 0 0)
(0.263709 0 0)
(0.263667 0 0)
(0.263625 0 0)
(0.263583 0 0)
(0.26354 0 0)
(0.263498 0 0)
(0.263456 0 0)
(0.263414 0 0)
(0.263372 0 0)
(0.263329 0 0)
(0.263287 0 0)
(0.263245 0 0)
(0.263202 0 0)
(0.26316 0 0)
(0.263118 0 0)
(0.263075 0 0)
(0.263033 0 0)
(0.26299 0 0)
(0.262948 0 0)
(0.262906 0 0)
(0.262863 0 0)
(0.26282 0 0)
(0.262778 0 0)
(0.262735 0 0)
(0.262693 0 0)
(0.26265 0 0)
(0.262607 0 0)
(0.262565 0 0)
(0.262522 0 0)
(0.262479 0 0)
(0.262436 0 0)
(0.262394 0 0)
(0.262351 0 0)
(0.262308 0 0)
(0.262265 0 0)
(0.262222 0 0)
(0.262179 0 0)
(0.262136 0 0)
(0.262093 0 0)
(0.262051 0 0)
(0.262007 0 0)
(0.261964 0 0)
(0.261921 0 0)
(0.261878 0 0)
(0.261835 0 0)
(0.261792 0 0)
(0.261749 0 0)
(0.261706 0 0)
(0.261662 0 0)
(0.261619 0 0)
(0.261576 0 0)
(0.261533 0 0)
(0.261489 0 0)
(0.261446 0 0)
(0.261403 0 0)
(0.261359 0 0)
(0.261316 0 0)
(0.261272 0 0)
(0.261229 0 0)
(0.261185 0 0)
(0.261142 0 0)
(0.261098 0 0)
(0.261055 0 0)
(0.261011 0 0)
(0.260967 0 0)
(0.260924 0 0)
(0.26088 0 0)
(0.260836 0 0)
)
;

boundaryField
{
    inlet
    {
        type            fractionalVelocity;
        U               1((1 0 0));
        fractionalFlow  Fb;
        value           uniform (0.290579 0 0);
    }
    outlet
    {
        type            zeroGradient;
    }
    emptyWalls
    {
        type            empty;
    }
}


// ************************************************************************* //
