/*--------------------------------*- C++ -*----------------------------------*\
  =========                 |
  \\      /  F ield         | OpenFOAM: The Open Source CFD Toolbox
   \\    /   O peration     | Website:  https://openfoam.org
    \\  /    A nd           | Version:  9
     \\/     M anipulation  |
\*---------------------------------------------------------------------------*/
FoamFile
{
    format      ascii;
    class       volScalarField;
    location    "14.8";
    object      Fcsw;
}
// * * * * * * * * * * * * * * * * * * * * * * * * * * * * * * * * * * * * * //

dimensions      [0 0 0 0 0 0 0];

internalField   nonuniform List<scalar> 
1000
(
1.30779e-05
2.10546e-05
2.8405e-05
3.54389e-05
4.22646e-05
4.89337e-05
5.54757e-05
6.19089e-05
6.82459e-05
7.44957e-05
8.06651e-05
8.67594e-05
9.27827e-05
9.87386e-05
0.00010463
0.000110459
0.000116229
0.000121941
0.000127596
0.000133197
0.000138745
0.000144241
0.000149686
0.000155081
0.000160428
0.000165727
0.00017098
0.000176187
0.000181349
0.000186467
0.000191542
0.000196574
0.000201564
0.000206513
0.000211421
0.000216289
0.000221118
0.000225908
0.00023066
0.000235375
0.000240052
0.000244693
0.000249298
0.000253867
0.000258401
0.000262901
0.000267367
0.000271799
0.000276198
0.000280564
0.000284898
0.0002892
0.00029347
0.00029771
0.000301918
0.000306097
0.000310245
0.000314364
0.000318454
0.000322514
0.000326547
0.000330551
0.000334527
0.000338476
0.000342398
0.000346293
0.000350161
0.000354003
0.00035782
0.00036161
0.000365376
0.000369116
0.000372831
0.000376522
0.000380189
0.000383832
0.000387451
0.000391047
0.00039462
0.00039817
0.000401697
0.000405202
0.000408684
0.000412145
0.000415584
0.000419002
0.000422398
0.000425773
0.000429128
0.000432462
0.000435776
0.000439069
0.000442343
0.000445597
0.000448831
0.000452046
0.000455242
0.000458419
0.000461578
0.000464717
0.000467839
0.000470942
0.000474027
0.000477094
0.000480144
0.000483176
0.000486191
0.000489189
0.00049217
0.000495134
0.000498081
0.000501012
0.000503927
0.000506825
0.000509708
0.000512574
0.000515425
0.000518261
0.000521081
0.000523885
0.000526675
0.000529449
0.000532209
0.000534954
0.000537684
0.0005404
0.000543102
0.000545789
0.000548463
0.000551122
0.000553768
0.0005564
0.000559019
0.000561624
0.000564215
0.000566794
0.00056936
0.000571912
0.000574452
0.000576979
0.000579493
0.000581995
0.000584484
0.000586962
0.000589427
0.000591879
0.00059432
0.000596749
0.000599167
0.000601572
0.000603966
0.000606349
0.00060872
0.00061108
0.000613429
0.000615766
0.000618093
0.000620408
0.000622713
0.000625007
0.000627291
0.000629564
0.000631826
0.000634079
0.00063632
0.000638552
0.000640773
0.000642985
0.000645186
0.000647378
0.00064956
0.000651732
0.000653894
0.000656047
0.00065819
0.000660324
0.000662449
0.000664564
0.00066667
0.000668767
0.000670855
0.000672934
0.000675004
0.000677065
0.000679118
0.000681161
0.000683196
0.000685223
0.000687241
0.00068925
0.000691252
0.000693244
0.000695229
0.000697205
0.000699174
0.000701134
0.000703086
0.00070503
0.000706967
0.000708895
0.000710816
0.000712729
0.000714634
0.000716532
0.000718423
0.000720305
0.000722181
0.000724049
0.000725909
0.000727763
0.000729609
0.000731448
0.00073328
0.000735105
0.000736922
0.000738733
0.000740537
0.000742334
0.000744125
0.000745908
0.000747685
0.000749455
0.000751219
0.000752976
0.000754726
0.00075647
0.000758208
0.000759939
0.000761664
0.000763382
0.000765095
0.000766801
0.000768501
0.000770194
0.000771882
0.000773564
0.000775239
0.000776909
0.000778573
0.000780231
0.000781883
0.000783529
0.000785169
0.000786804
0.000788433
0.000790057
0.000791675
0.000793287
0.000794894
0.000796495
0.000798091
0.000799681
0.000801266
0.000802846
0.000804421
0.00080599
0.000807554
0.000809112
0.000810666
0.000812214
0.000813757
0.000815296
0.000816829
0.000818357
0.00081988
0.000821398
0.000822912
0.00082442
0.000825924
0.000827423
0.000828917
0.000830406
0.000831891
0.00083337
0.000834846
0.000836316
0.000837782
0.000839244
0.000840701
0.000842153
0.000843601
0.000845044
0.000846483
0.000847918
0.000849348
0.000850774
0.000852196
0.000853613
0.000855026
0.000856435
0.00085784
0.00085924
0.000860636
0.000862028
0.000863416
0.0008648
0.00086618
0.000867556
0.000868928
0.000870296
0.00087166
0.00087302
0.000874376
0.000875728
0.000877077
0.000878421
0.000879762
0.000881099
0.000882432
0.000883761
0.000885087
0.000886409
0.000887727
0.000889042
0.000890353
0.00089166
0.000892964
0.000894264
0.000895561
0.000896854
0.000898144
0.00089943
0.000900713
0.000901992
0.000903268
0.000904541
0.00090581
0.000907075
0.000908338
0.000909597
0.000910853
0.000912105
0.000913354
0.0009146
0.000915843
0.000917083
0.000918319
0.000919552
0.000920782
0.000922009
0.000923233
0.000924454
0.000925671
0.000926886
0.000928098
0.000929306
0.000930512
0.000931714
0.000932914
0.00093411
0.000935304
0.000936495
0.000937682
0.000938867
0.000940049
0.000941229
0.000942405
0.000943578
0.000944749
0.000945917
0.000947082
0.000948245
0.000949404
0.000950561
0.000951716
0.000952867
0.000954016
0.000955162
0.000956306
0.000957446
0.000958585
0.00095972
0.000960853
0.000961984
0.000963112
0.000964237
0.00096536
0.00096648
0.000967598
0.000968713
0.000969826
0.000970937
0.000972045
0.00097315
0.000974253
0.000975354
0.000976452
0.000977548
0.000978641
0.000979732
0.000980821
0.000981908
0.000982992
0.000984073
0.000985153
0.00098623
0.000987305
0.000988378
0.000989448
0.000990517
0.000991583
0.000992646
0.000993708
0.000994767
0.000995825
0.00099688
0.000997933
0.000998983
0.00100003
0.00100108
0.00100212
0.00100317
0.00100421
0.00100524
0.00100628
0.00100731
0.00100835
0.00100938
0.0010104
0.00101143
0.00101245
0.00101348
0.0010145
0.00101551
0.00101653
0.00101755
0.00101856
0.00101957
0.00102058
0.00102158
0.00102259
0.00102359
0.00102459
0.00102559
0.00102659
0.00102758
0.00102858
0.00102957
0.00103056
0.00103155
0.00103253
0.00103352
0.0010345
0.00103548
0.00103646
0.00103744
0.00103841
0.00103939
0.00104036
0.00104133
0.0010423
0.00104327
0.00104423
0.0010452
0.00104616
0.00104712
0.00104808
0.00104904
0.00104999
0.00105095
0.0010519
0.00105285
0.0010538
0.00105475
0.00105569
0.00105664
0.00105758
0.00105852
0.00105946
0.0010604
0.00106134
0.00106227
0.00106321
0.00106414
0.00106507
0.001066
0.00106693
0.00106785
0.00106878
0.0010697
0.00107063
0.00107155
0.00107247
0.00107338
0.0010743
0.00107521
0.00107613
0.00107704
0.00107795
0.00107886
0.00107977
0.00108068
0.00108158
0.00108249
0.00108339
0.00108429
0.00108519
0.00108609
0.00108699
0.00108788
0.00108878
0.00108967
0.00109056
0.00109145
0.00109234
0.00109323
0.00109412
0.001095
0.00109589
0.00109677
0.00109765
0.00109854
0.00109942
0.00110029
0.00110117
0.00110205
0.00110292
0.0011038
0.00110467
0.00110554
0.00110641
0.00110728
0.00110815
0.00110901
0.00110988
0.00111074
0.00111161
0.00111247
0.00111333
0.00111419
0.00111505
0.00111591
0.00111676
0.00111762
0.00111847
0.00111933
0.00112018
0.00112103
0.00112188
0.00112273
0.00112358
0.00112443
0.00112527
0.00112612
0.00112696
0.00112781
0.00112865
0.00112949
0.00113033
0.00113117
0.00113201
0.00113284
0.00113368
0.00113451
0.00113535
0.00113618
0.00113701
0.00113785
0.00113868
0.00113951
0.00114033
0.00114116
0.00114199
0.00114281
0.00114364
0.00114446
0.00114529
0.00114611
0.00114693
0.00114775
0.00114857
0.00114939
0.0011502
0.00115102
0.00115184
0.00115265
0.00115347
0.00115428
0.00115509
0.0011559
0.00115672
0.00115753
0.00115833
0.00115914
0.00115995
0.00116076
0.00116156
0.00116237
0.00116317
0.00116398
0.00116478
0.00116558
0.00116638
0.00116718
0.00116798
0.00116878
0.00116958
0.00117038
0.00117117
0.00117197
0.00117277
0.00117356
0.00117435
0.00117515
0.00117594
0.00117673
0.00117752
0.00117831
0.0011791
0.00117989
0.00118068
0.00118147
0.00118225
0.00118304
0.00118382
0.00118461
0.00118539
0.00118618
0.00118696
0.00118774
0.00118852
0.0011893
0.00119008
0.00119086
0.00119164
0.00119242
0.0011932
0.00119397
0.00119475
0.00119553
0.0011963
0.00119708
0.00119785
0.00119862
0.0011994
0.00120017
0.00120094
0.00120171
0.00120248
0.00120325
0.00120402
0.00120479
0.00120556
0.00120633
0.00120709
0.00120786
0.00120863
0.00120939
0.00121016
0.00121092
0.00121168
0.00121245
0.00121321
0.00121397
0.00121474
0.0012155
0.00121626
0.00121702
0.00121778
0.00121854
0.0012193
0.00122005
0.00122081
0.00122157
0.00122233
0.00122308
0.00122384
0.0012246
0.00122535
0.00122611
0.00122686
0.00122761
0.00122837
0.00122912
0.00122987
0.00123062
0.00123138
0.00123213
0.00123288
0.00123363
0.00123438
0.00123513
0.00123588
0.00123663
0.00123737
0.00123812
0.00123887
0.00123962
0.00124036
0.00124111
0.00124186
0.0012426
0.00124335
0.00124409
0.00124484
0.00124558
0.00124633
0.00124707
0.00124781
0.00124856
0.0012493
0.00125004
0.00125078
0.00125153
0.00125227
0.00125301
0.00125375
0.00125449
0.00125523
0.00125597
0.00125671
0.00125745
0.00125819
0.00125893
0.00125966
0.0012604
0.00126114
0.00126188
0.00126261
0.00126335
0.00126409
0.00126483
0.00126556
0.0012663
0.00126703
0.00126777
0.0012685
0.00126924
0.00126997
0.00127071
0.00127144
0.00127218
0.00127291
0.00127365
0.00127438
0.00127511
0.00127585
0.00127658
0.00127731
0.00127805
0.00127878
0.00127951
0.00128024
0.00128098
0.00128171
0.00128244
0.00128317
0.0012839
0.00128463
0.00128536
0.0012861
0.00128683
0.00128756
0.00128829
0.00128902
0.00128975
0.00129048
0.00129121
0.00129194
0.00129267
0.0012934
0.00129413
0.00129486
0.00129559
0.00129632
0.00129705
0.00129778
0.00129851
0.00129924
0.00129996
0.00130069
0.00130142
0.00130215
0.00130288
0.00130361
0.00130434
0.00130507
0.0013058
0.00130653
0.00130726
0.00130798
0.00130871
0.00130944
0.00131017
0.0013109
0.00131163
0.00131236
0.00131309
0.00131382
0.00131455
0.00131527
0.001316
0.00131673
0.00131746
0.00131819
0.00131892
0.00131965
0.00132038
0.00132111
0.00132184
0.00132257
0.0013233
0.00132403
0.00132476
0.00132549
0.00132622
0.00132695
0.00132768
0.00132841
0.00132914
0.00132988
0.00133061
0.00133134
0.00133207
0.0013328
0.00133353
0.00133427
0.001335
0.00133573
0.00133646
0.0013372
0.00133793
0.00133866
0.0013394
0.00134013
0.00134087
0.0013416
0.00134233
0.00134307
0.0013438
0.00134454
0.00134528
0.00134601
0.00134675
0.00134749
0.00134822
0.00134896
0.0013497
0.00135044
0.00135117
0.00135191
0.00135265
0.00135339
0.00135413
0.00135487
0.00135561
0.00135635
0.00135709
0.00135784
0.00135858
0.00135932
0.00136006
0.00136081
0.00136155
0.0013623
0.00136304
0.00136379
0.00136453
0.00136528
0.00136603
0.00136677
0.00136752
0.00136827
0.00136902
0.00136977
0.00137052
0.00137127
0.00137202
0.00137277
0.00137353
0.00137428
0.00137503
0.00137579
0.00137654
0.0013773
0.00137806
0.00137881
0.00137957
0.00138033
0.00138109
0.00138185
0.00138261
0.00138338
0.00138414
0.0013849
0.00138567
0.00138643
0.0013872
0.00138797
0.00138873
0.0013895
0.00139027
0.00139104
0.00139181
0.00139259
0.00139336
0.00139414
0.00139491
0.00139569
0.00139647
0.00139725
0.00139803
0.00139881
0.00139959
0.00140037
0.00140116
0.00140194
0.00140273
0.00140352
0.00140431
0.0014051
0.00140589
0.00140669
0.00140748
0.00140828
0.00140907
0.00140987
0.00141067
0.00141148
0.00141228
0.00141309
0.00141389
0.0014147
0.00141551
0.00141632
0.00141714
0.00141795
0.00141877
0.00141959
0.00142041
0.00142123
0.00142205
0.00142288
0.00142371
0.00142454
0.00142537
0.0014262
0.00142704
0.00142788
0.00142872
0.00142956
0.00143041
0.00143125
0.0014321
0.00143295
0.00143381
0.00143467
0.00143552
0.00143639
0.00143725
0.00143812
0.00143899
0.00143986
0.00144074
0.00144162
0.0014425
0.00144338
0.00144427
0.00144516
0.00144606
0.00144695
0.00144785
0.00144876
0.00144967
0.00145058
0.00145149
0.00145241
0.00145333
0.00145426
0.00145519
0.00145613
0.00145706
0.00145801
0.00145895
0.00145991
0.00146086
0.00146182
0.00146279
0.00146376
0.00146473
0.00146571
0.0014667
0.00146769
0.00146868
0.00146969
0.00147069
0.0014717
0.00147272
0.00147375
0.00147478
0.00147582
0.00147686
0.00147791
0.00147897
0.00148003
0.0014811
0.00148218
0.00148327
0.00148436
0.00148546
)
;

boundaryField
{
    inlet
    {
        type            calculated;
        value           uniform 1.30779e-05;
    }
    outlet
    {
        type            calculated;
        value           uniform 0.00148546;
    }
    emptyWalls
    {
        type            empty;
    }
}


// ************************************************************************* //
