/*--------------------------------*- C++ -*----------------------------------*\
  =========                 |
  \\      /  F ield         | OpenFOAM: The Open Source CFD Toolbox
   \\    /   O peration     | Website:  https://openfoam.org
    \\  /    A nd           | Version:  9
     \\/     M anipulation  |
\*---------------------------------------------------------------------------*/
FoamFile
{
    format      ascii;
    class       volScalarField;
    location    "14.8";
    object      Sb;
}
// * * * * * * * * * * * * * * * * * * * * * * * * * * * * * * * * * * * * * //

dimensions      [0 0 0 0 0 0 0];

internalField   nonuniform List<scalar> 
1000
(
0.499344
0.498941
0.498567
0.498208
0.497858
0.497515
0.497176
0.496842
0.49651
0.496182
0.495857
0.495534
0.495214
0.494896
0.49458
0.494266
0.493953
0.493643
0.493334
0.493027
0.492722
0.492418
0.492116
0.491815
0.491516
0.491218
0.490922
0.490627
0.490334
0.490042
0.489751
0.489461
0.489173
0.488886
0.4886
0.488316
0.488033
0.487751
0.48747
0.48719
0.486912
0.486634
0.486358
0.486083
0.485809
0.485536
0.485264
0.484994
0.484724
0.484455
0.484188
0.483921
0.483656
0.483391
0.483128
0.482866
0.482604
0.482344
0.482084
0.481826
0.481568
0.481311
0.481056
0.480801
0.480547
0.480294
0.480042
0.479791
0.47954
0.479291
0.479042
0.478795
0.478548
0.478302
0.478057
0.477813
0.477569
0.477327
0.477085
0.476844
0.476604
0.476364
0.476126
0.475888
0.475651
0.475415
0.475179
0.474945
0.474711
0.474478
0.474245
0.474014
0.473783
0.473552
0.473323
0.473094
0.472866
0.472639
0.472412
0.472186
0.471961
0.471737
0.471513
0.47129
0.471067
0.470845
0.470624
0.470404
0.470184
0.469965
0.469746
0.469529
0.469311
0.469095
0.468879
0.468664
0.468449
0.468235
0.468022
0.467809
0.467597
0.467385
0.467174
0.466964
0.466754
0.466545
0.466336
0.466128
0.465921
0.465714
0.465507
0.465302
0.465096
0.464892
0.464688
0.464484
0.464281
0.464079
0.463877
0.463676
0.463475
0.463275
0.463075
0.462876
0.462678
0.46248
0.462282
0.462085
0.461888
0.461692
0.461497
0.461302
0.461107
0.460913
0.46072
0.460527
0.460334
0.460142
0.459951
0.45976
0.459569
0.459379
0.459189
0.459
0.458811
0.458623
0.458435
0.458248
0.458061
0.457875
0.457689
0.457504
0.457319
0.457134
0.45695
0.456766
0.456583
0.4564
0.456218
0.456036
0.455854
0.455673
0.455493
0.455312
0.455133
0.454953
0.454774
0.454596
0.454418
0.45424
0.454063
0.453886
0.453709
0.453533
0.453357
0.453182
0.453007
0.452833
0.452659
0.452485
0.452312
0.452139
0.451966
0.451794
0.451622
0.451451
0.45128
0.451109
0.450939
0.450769
0.450599
0.45043
0.450261
0.450093
0.449925
0.449757
0.44959
0.449423
0.449256
0.44909
0.448924
0.448758
0.448593
0.448428
0.448263
0.448099
0.447935
0.447772
0.447609
0.447446
0.447283
0.447121
0.446959
0.446798
0.446637
0.446476
0.446315
0.446155
0.445995
0.445836
0.445677
0.445518
0.445359
0.445201
0.445043
0.444885
0.444728
0.444571
0.444414
0.444258
0.444102
0.443946
0.44379
0.443635
0.44348
0.443326
0.443172
0.443018
0.442864
0.44271
0.442557
0.442405
0.442252
0.4421
0.441948
0.441796
0.441645
0.441494
0.441343
0.441193
0.441042
0.440892
0.440743
0.440593
0.440444
0.440296
0.440147
0.439999
0.439851
0.439703
0.439555
0.439408
0.439261
0.439115
0.438968
0.438822
0.438676
0.438531
0.438385
0.43824
0.438095
0.437951
0.437806
0.437662
0.437519
0.437375
0.437232
0.437089
0.436946
0.436803
0.436661
0.436519
0.436377
0.436236
0.436094
0.435953
0.435812
0.435672
0.435532
0.435391
0.435252
0.435112
0.434973
0.434833
0.434694
0.434556
0.434417
0.434279
0.434141
0.434003
0.433866
0.433729
0.433592
0.433455
0.433318
0.433182
0.433045
0.43291
0.432774
0.432638
0.432503
0.432368
0.432233
0.432099
0.431964
0.43183
0.431696
0.431562
0.431429
0.431295
0.431162
0.431029
0.430897
0.430764
0.430632
0.4305
0.430368
0.430236
0.430105
0.429974
0.429843
0.429712
0.429581
0.429451
0.429321
0.429191
0.429061
0.428931
0.428802
0.428673
0.428544
0.428415
0.428286
0.428158
0.42803
0.427901
0.427774
0.427646
0.427519
0.427391
0.427264
0.427137
0.427011
0.426884
0.426758
0.426632
0.426506
0.42638
0.426254
0.426129
0.426004
0.425879
0.425754
0.425629
0.425505
0.425381
0.425256
0.425133
0.425009
0.424885
0.424762
0.424639
0.424516
0.424393
0.42427
0.424148
0.424025
0.423903
0.423781
0.423659
0.423538
0.423416
0.423295
0.423174
0.423053
0.422932
0.422811
0.422691
0.422571
0.42245
0.42233
0.422211
0.422091
0.421972
0.421852
0.421733
0.421614
0.421495
0.421377
0.421258
0.42114
0.421022
0.420904
0.420786
0.420668
0.420551
0.420433
0.420316
0.420199
0.420082
0.419965
0.419849
0.419732
0.419616
0.4195
0.419384
0.419268
0.419153
0.419037
0.418922
0.418807
0.418691
0.418577
0.418462
0.418347
0.418233
0.418118
0.418004
0.41789
0.417776
0.417663
0.417549
0.417436
0.417322
0.417209
0.417096
0.416983
0.416871
0.416758
0.416646
0.416533
0.416421
0.416309
0.416197
0.416086
0.415974
0.415863
0.415751
0.41564
0.415529
0.415418
0.415307
0.415197
0.415086
0.414976
0.414866
0.414756
0.414646
0.414536
0.414426
0.414317
0.414207
0.414098
0.413989
0.41388
0.413771
0.413662
0.413553
0.413445
0.413337
0.413228
0.41312
0.413012
0.412904
0.412797
0.412689
0.412582
0.412474
0.412367
0.41226
0.412153
0.412046
0.411939
0.411833
0.411726
0.41162
0.411514
0.411408
0.411302
0.411196
0.41109
0.410984
0.410879
0.410774
0.410668
0.410563
0.410458
0.410353
0.410249
0.410144
0.410039
0.409935
0.409831
0.409726
0.409622
0.409518
0.409415
0.409311
0.409207
0.409104
0.409
0.408897
0.408794
0.408691
0.408588
0.408485
0.408383
0.40828
0.408178
0.408075
0.407973
0.407871
0.407769
0.407667
0.407565
0.407463
0.407362
0.40726
0.407159
0.407058
0.406957
0.406856
0.406755
0.406654
0.406553
0.406452
0.406352
0.406252
0.406151
0.406051
0.405951
0.405851
0.405751
0.405651
0.405552
0.405452
0.405353
0.405254
0.405154
0.405055
0.404956
0.404857
0.404758
0.40466
0.404561
0.404462
0.404364
0.404266
0.404168
0.404069
0.403971
0.403873
0.403776
0.403678
0.40358
0.403483
0.403385
0.403288
0.403191
0.403094
0.402997
0.4029
0.402803
0.402706
0.402609
0.402513
0.402416
0.40232
0.402224
0.402128
0.402032
0.401936
0.40184
0.401744
0.401648
0.401553
0.401457
0.401362
0.401266
0.401171
0.401076
0.400981
0.400886
0.400791
0.400696
0.400602
0.400507
0.400412
0.400318
0.400224
0.40013
0.400035
0.399941
0.399847
0.399753
0.39966
0.399566
0.399472
0.399379
0.399285
0.399192
0.399099
0.399006
0.398913
0.39882
0.398727
0.398634
0.398541
0.398448
0.398356
0.398263
0.398171
0.398079
0.397986
0.397894
0.397802
0.39771
0.397618
0.397526
0.397435
0.397343
0.397251
0.39716
0.397069
0.396977
0.396886
0.396795
0.396704
0.396613
0.396522
0.396431
0.39634
0.39625
0.396159
0.396069
0.395978
0.395888
0.395798
0.395707
0.395617
0.395527
0.395437
0.395347
0.395258
0.395168
0.395078
0.394989
0.394899
0.39481
0.39472
0.394631
0.394542
0.394453
0.394364
0.394275
0.394186
0.394097
0.394009
0.39392
0.393831
0.393743
0.393654
0.393566
0.393478
0.39339
0.393301
0.393213
0.393125
0.393038
0.39295
0.392862
0.392774
0.392687
0.392599
0.392512
0.392424
0.392337
0.39225
0.392162
0.392075
0.391988
0.391901
0.391814
0.391728
0.391641
0.391554
0.391468
0.391381
0.391295
0.391208
0.391122
0.391036
0.390949
0.390863
0.390777
0.390691
0.390605
0.390519
0.390434
0.390348
0.390262
0.390177
0.390091
0.390006
0.38992
0.389835
0.38975
0.389665
0.38958
0.389495
0.38941
0.389325
0.38924
0.389155
0.38907
0.388986
0.388901
0.388817
0.388732
0.388648
0.388563
0.388479
0.388395
0.388311
0.388227
0.388143
0.388059
0.387975
0.387891
0.387807
0.387724
0.38764
0.387556
0.387473
0.387389
0.387306
0.387223
0.387139
0.387056
0.386973
0.38689
0.386807
0.386724
0.386641
0.386558
0.386476
0.386393
0.38631
0.386228
0.386145
0.386063
0.38598
0.385898
0.385816
0.385733
0.385651
0.385569
0.385487
0.385405
0.385323
0.385241
0.385159
0.385078
0.384996
0.384914
0.384833
0.384751
0.38467
0.384588
0.384507
0.384426
0.384344
0.384263
0.384182
0.384101
0.38402
0.383939
0.383858
0.383777
0.383697
0.383616
0.383535
0.383454
0.383374
0.383293
0.383213
0.383133
0.383052
0.382972
0.382892
0.382811
0.382731
0.382651
0.382571
0.382491
0.382411
0.382331
0.382252
0.382172
0.382092
0.382012
0.381933
0.381853
0.381774
0.381694
0.381615
0.381535
0.381456
0.381377
0.381298
0.381219
0.381139
0.38106
0.380981
0.380903
0.380824
0.380745
0.380666
0.380587
0.380509
0.38043
0.380351
0.380273
0.380194
0.380116
0.380037
0.379959
0.379881
0.379803
0.379724
0.379646
0.379568
0.37949
0.379412
0.379334
0.379256
0.379178
0.3791
0.379023
0.378945
0.378867
0.37879
0.378712
0.378635
0.378557
0.37848
0.378402
0.378325
0.378248
0.37817
0.378093
0.378016
0.377939
0.377862
0.377785
0.377708
0.377631
0.377554
0.377477
0.3774
0.377323
0.377247
0.37717
0.377093
0.377017
0.37694
0.376864
0.376787
0.376711
0.376634
0.376558
0.376482
0.376405
0.376329
0.376253
0.376177
0.376101
0.376025
0.375949
0.375873
0.375797
0.375721
0.375645
0.375569
0.375494
0.375418
0.375342
0.375267
0.375191
0.375115
0.37504
0.374964
0.374889
0.374814
0.374738
0.374663
0.374588
0.374512
0.374437
0.374362
0.374287
0.374212
0.374137
0.374062
0.373987
0.373912
0.373837
0.373762
0.373687
0.373612
0.373538
0.373463
0.373388
0.373314
0.373239
0.373164
0.37309
0.373015
0.372941
0.372866
0.372792
0.372718
0.372643
0.372569
0.372495
0.37242
0.372346
0.372272
0.372198
0.372124
0.37205
0.371976
0.371901
0.371827
0.371754
0.37168
0.371606
0.371532
0.371458
0.371384
0.37131
0.371237
0.371163
0.371089
0.371016
0.370942
0.370868
0.370795
0.370721
0.370648
0.370574
0.370501
0.370427
0.370354
0.37028
0.370207
0.370134
0.37006
0.369987
0.369914
0.36984
0.369767
0.369694
0.369621
0.369548
0.369475
0.369401
0.369328
0.369255
0.369182
)
;

boundaryField
{
    inlet
    {
        type            fixedValue;
        value           uniform 0.5;
    }
    outlet
    {
        type            zeroGradient;
    }
    emptyWalls
    {
        type            empty;
    }
}


// ************************************************************************* //
