/*--------------------------------*- C++ -*----------------------------------*\
  =========                 |
  \\      /  F ield         | OpenFOAM: The Open Source CFD Toolbox
   \\    /   O peration     | Website:  https://openfoam.org
    \\  /    A nd           | Version:  9
     \\/     M anipulation  |
\*---------------------------------------------------------------------------*/
FoamFile
{
    format      ascii;
    class       volScalarField;
    location    "2.8";
    object      p;
}
// * * * * * * * * * * * * * * * * * * * * * * * * * * * * * * * * * * * * * //

dimensions      [0 0 0 0 0 0 0];

internalField   nonuniform List<scalar> 
1000
(
3.24128e+13
3.24028e+13
3.23926e+13
3.23824e+13
3.23721e+13
3.23617e+13
3.23512e+13
3.23407e+13
3.233e+13
3.23193e+13
3.23085e+13
3.22976e+13
3.22867e+13
3.22756e+13
3.22646e+13
3.22534e+13
3.22421e+13
3.22308e+13
3.22194e+13
3.2208e+13
3.21965e+13
3.21849e+13
3.21732e+13
3.21615e+13
3.21497e+13
3.21379e+13
3.21259e+13
3.2114e+13
3.21019e+13
3.20898e+13
3.20776e+13
3.20654e+13
3.20531e+13
3.20407e+13
3.20283e+13
3.20158e+13
3.20032e+13
3.19906e+13
3.1978e+13
3.19652e+13
3.19524e+13
3.19396e+13
3.19267e+13
3.19137e+13
3.19007e+13
3.18876e+13
3.18745e+13
3.18613e+13
3.1848e+13
3.18347e+13
3.18213e+13
3.18079e+13
3.17944e+13
3.17809e+13
3.17673e+13
3.17537e+13
3.174e+13
3.17262e+13
3.17124e+13
3.16986e+13
3.16846e+13
3.16707e+13
3.16567e+13
3.16426e+13
3.16285e+13
3.16143e+13
3.16001e+13
3.15858e+13
3.15714e+13
3.15571e+13
3.15426e+13
3.15281e+13
3.15136e+13
3.1499e+13
3.14844e+13
3.14697e+13
3.1455e+13
3.14402e+13
3.14253e+13
3.14105e+13
3.13955e+13
3.13805e+13
3.13655e+13
3.13504e+13
3.13353e+13
3.13201e+13
3.13049e+13
3.12896e+13
3.12743e+13
3.12589e+13
3.12435e+13
3.12281e+13
3.12126e+13
3.1197e+13
3.11814e+13
3.11658e+13
3.11501e+13
3.11343e+13
3.11185e+13
3.11027e+13
3.10868e+13
3.10709e+13
3.10549e+13
3.10389e+13
3.10228e+13
3.10067e+13
3.09906e+13
3.09744e+13
3.09581e+13
3.09418e+13
3.09255e+13
3.09091e+13
3.08927e+13
3.08762e+13
3.08597e+13
3.08432e+13
3.08266e+13
3.08099e+13
3.07933e+13
3.07765e+13
3.07598e+13
3.07429e+13
3.07261e+13
3.07092e+13
3.06922e+13
3.06753e+13
3.06582e+13
3.06412e+13
3.0624e+13
3.06069e+13
3.05897e+13
3.05724e+13
3.05552e+13
3.05378e+13
3.05205e+13
3.05031e+13
3.04856e+13
3.04681e+13
3.04506e+13
3.0433e+13
3.04154e+13
3.03977e+13
3.038e+13
3.03623e+13
3.03445e+13
3.03267e+13
3.03088e+13
3.02909e+13
3.0273e+13
3.0255e+13
3.02369e+13
3.02189e+13
3.02008e+13
3.01826e+13
3.01644e+13
3.01462e+13
3.01279e+13
3.01096e+13
3.00913e+13
3.00729e+13
3.00544e+13
3.0036e+13
3.00175e+13
2.99989e+13
2.99803e+13
2.99617e+13
2.9943e+13
2.99243e+13
2.99056e+13
2.98868e+13
2.9868e+13
2.98491e+13
2.98302e+13
2.98112e+13
2.97922e+13
2.97732e+13
2.97542e+13
2.97351e+13
2.97159e+13
2.96967e+13
2.96775e+13
2.96582e+13
2.96389e+13
2.96196e+13
2.96002e+13
2.95808e+13
2.95613e+13
2.95418e+13
2.95223e+13
2.95027e+13
2.94831e+13
2.94634e+13
2.94437e+13
2.9424e+13
2.94042e+13
2.93844e+13
2.93645e+13
2.93446e+13
2.93247e+13
2.93047e+13
2.92847e+13
2.92646e+13
2.92445e+13
2.92243e+13
2.92041e+13
2.91839e+13
2.91636e+13
2.91433e+13
2.91229e+13
2.91024e+13
2.9082e+13
2.90614e+13
2.90408e+13
2.90202e+13
2.89995e+13
2.89788e+13
2.89579e+13
2.8937e+13
2.89161e+13
2.8895e+13
2.88739e+13
2.88527e+13
2.88313e+13
2.88098e+13
2.87882e+13
2.87663e+13
2.87442e+13
2.87216e+13
2.86985e+13
2.86742e+13
2.86474e+13
2.8609e+13
2.85703e+13
2.85312e+13
2.84917e+13
2.84513e+13
2.84099e+13
2.83676e+13
2.83243e+13
2.82802e+13
2.82356e+13
2.8191e+13
2.81468e+13
2.81033e+13
2.80605e+13
2.80182e+13
2.79762e+13
2.79343e+13
2.78922e+13
2.78499e+13
2.78073e+13
2.77643e+13
2.77213e+13
2.76781e+13
2.76349e+13
2.75918e+13
2.75488e+13
2.75059e+13
2.74632e+13
2.74206e+13
2.73779e+13
2.73353e+13
2.72926e+13
2.72499e+13
2.72071e+13
2.71642e+13
2.71213e+13
2.70785e+13
2.70356e+13
2.69928e+13
2.69499e+13
2.69072e+13
2.68644e+13
2.68216e+13
2.67789e+13
2.67361e+13
2.66933e+13
2.66505e+13
2.66077e+13
2.65649e+13
2.65221e+13
2.64792e+13
2.64364e+13
2.63936e+13
2.63508e+13
2.6308e+13
2.62652e+13
2.62224e+13
2.61796e+13
2.61368e+13
2.6094e+13
2.60512e+13
2.60084e+13
2.59655e+13
2.59227e+13
2.58799e+13
2.58371e+13
2.57943e+13
2.57515e+13
2.57087e+13
2.56659e+13
2.56231e+13
2.55803e+13
2.55375e+13
2.54946e+13
2.54518e+13
2.5409e+13
2.53662e+13
2.53234e+13
2.52806e+13
2.52378e+13
2.5195e+13
2.51522e+13
2.51094e+13
2.50666e+13
2.50237e+13
2.49809e+13
2.49381e+13
2.48953e+13
2.48525e+13
2.48097e+13
2.47669e+13
2.47241e+13
2.46813e+13
2.46385e+13
2.45957e+13
2.45529e+13
2.45101e+13
2.44672e+13
2.44244e+13
2.43816e+13
2.43388e+13
2.4296e+13
2.42532e+13
2.42104e+13
2.41676e+13
2.41248e+13
2.4082e+13
2.40392e+13
2.39964e+13
2.39536e+13
2.39108e+13
2.38679e+13
2.38251e+13
2.37823e+13
2.37395e+13
2.36967e+13
2.36539e+13
2.36111e+13
2.35683e+13
2.35255e+13
2.34827e+13
2.34399e+13
2.33971e+13
2.33542e+13
2.33114e+13
2.32686e+13
2.32258e+13
2.3183e+13
2.31402e+13
2.30974e+13
2.30546e+13
2.30117e+13
2.29689e+13
2.29261e+13
2.28833e+13
2.28405e+13
2.27977e+13
2.27549e+13
2.27121e+13
2.26692e+13
2.26264e+13
2.25836e+13
2.25408e+13
2.2498e+13
2.24552e+13
2.24124e+13
2.23696e+13
2.23268e+13
2.22842e+13
2.2243e+13
2.22107e+13
2.2185e+13
2.21598e+13
2.21345e+13
2.21092e+13
2.20839e+13
2.20587e+13
2.20334e+13
2.20081e+13
2.19829e+13
2.19576e+13
2.19323e+13
2.19071e+13
2.18818e+13
2.18565e+13
2.18313e+13
2.1806e+13
2.17807e+13
2.17555e+13
2.17302e+13
2.17049e+13
2.16796e+13
2.16544e+13
2.16291e+13
2.16038e+13
2.15786e+13
2.15533e+13
2.1528e+13
2.15028e+13
2.14775e+13
2.14522e+13
2.1427e+13
2.14017e+13
2.13764e+13
2.13511e+13
2.13259e+13
2.13006e+13
2.12753e+13
2.12501e+13
2.12248e+13
2.11995e+13
2.11743e+13
2.1149e+13
2.11237e+13
2.10984e+13
2.10732e+13
2.10479e+13
2.10226e+13
2.09974e+13
2.09721e+13
2.09468e+13
2.09215e+13
2.08963e+13
2.0871e+13
2.08457e+13
2.08204e+13
2.07952e+13
2.07699e+13
2.07446e+13
2.07194e+13
2.06941e+13
2.06688e+13
2.06435e+13
2.06183e+13
2.0593e+13
2.05677e+13
2.05425e+13
2.05172e+13
2.04919e+13
2.04666e+13
2.04414e+13
2.04161e+13
2.03908e+13
2.03655e+13
2.03403e+13
2.0315e+13
2.02897e+13
2.02645e+13
2.02392e+13
2.02139e+13
2.01886e+13
2.01634e+13
2.01381e+13
2.01128e+13
2.00876e+13
2.00623e+13
2.0037e+13
2.00117e+13
1.99865e+13
1.99612e+13
1.99359e+13
1.99106e+13
1.98854e+13
1.98601e+13
1.98348e+13
1.98096e+13
1.97843e+13
1.9759e+13
1.97337e+13
1.97085e+13
1.96832e+13
1.96579e+13
1.96326e+13
1.96074e+13
1.95821e+13
1.95568e+13
1.95315e+13
1.95063e+13
1.9481e+13
1.94557e+13
1.94305e+13
1.94052e+13
1.93799e+13
1.93546e+13
1.93294e+13
1.93041e+13
1.92788e+13
1.92535e+13
1.92283e+13
1.9203e+13
1.91777e+13
1.91524e+13
1.91272e+13
1.91019e+13
1.90766e+13
1.90514e+13
1.90261e+13
1.90008e+13
1.89755e+13
1.89503e+13
1.8925e+13
1.88997e+13
1.88744e+13
1.88492e+13
1.88239e+13
1.87986e+13
1.87733e+13
1.87481e+13
1.87228e+13
1.86975e+13
1.86722e+13
1.8647e+13
1.86217e+13
1.85964e+13
1.85711e+13
1.85459e+13
1.85206e+13
1.84953e+13
1.847e+13
1.84448e+13
1.84195e+13
1.83942e+13
1.83689e+13
1.83437e+13
1.83184e+13
1.82931e+13
1.82678e+13
1.82426e+13
1.82173e+13
1.8192e+13
1.81667e+13
1.81415e+13
1.81162e+13
1.80909e+13
1.80656e+13
1.80404e+13
1.80151e+13
1.79898e+13
1.79645e+13
1.79393e+13
1.7914e+13
1.78887e+13
1.78634e+13
1.78381e+13
1.78129e+13
1.77876e+13
1.77623e+13
1.7737e+13
1.77118e+13
1.76865e+13
1.76612e+13
1.76359e+13
1.76107e+13
1.75854e+13
1.75601e+13
1.75348e+13
1.75095e+13
1.74843e+13
1.7459e+13
1.74337e+13
1.74084e+13
1.73832e+13
1.73579e+13
1.73326e+13
1.73073e+13
1.72821e+13
1.72568e+13
1.72315e+13
1.72062e+13
1.71809e+13
1.71557e+13
1.71304e+13
1.71051e+13
1.70798e+13
1.70545e+13
1.7029e+13
1.69861e+13
1.69449e+13
1.69038e+13
1.68626e+13
1.68214e+13
1.67802e+13
1.67391e+13
1.66979e+13
1.66567e+13
1.66155e+13
1.65743e+13
1.65332e+13
1.6492e+13
1.64508e+13
1.64096e+13
1.63684e+13
1.63273e+13
1.62861e+13
1.62449e+13
1.62037e+13
1.61626e+13
1.61214e+13
1.60802e+13
1.6039e+13
1.59978e+13
1.59567e+13
1.59155e+13
1.58743e+13
1.58331e+13
1.57919e+13
1.57508e+13
1.57096e+13
1.56684e+13
1.56272e+13
1.55861e+13
1.55449e+13
1.55037e+13
1.54625e+13
1.54213e+13
1.53802e+13
1.5339e+13
1.52978e+13
1.52566e+13
1.52154e+13
1.51743e+13
1.51331e+13
1.50919e+13
1.50507e+13
1.50096e+13
1.49684e+13
1.49272e+13
1.4886e+13
1.48448e+13
1.48037e+13
1.47625e+13
1.47213e+13
1.46801e+13
1.46389e+13
1.45978e+13
1.45566e+13
1.45154e+13
1.44742e+13
1.44331e+13
1.43919e+13
1.43507e+13
1.43095e+13
1.42683e+13
1.42272e+13
1.4186e+13
1.41448e+13
1.41036e+13
1.40625e+13
1.40213e+13
1.39801e+13
1.39389e+13
1.38977e+13
1.38566e+13
1.38154e+13
1.37742e+13
1.3733e+13
1.36918e+13
1.36507e+13
1.36095e+13
1.35683e+13
1.35271e+13
1.3486e+13
1.34448e+13
1.34036e+13
1.33624e+13
1.33212e+13
1.32801e+13
1.32389e+13
1.31977e+13
1.31565e+13
1.31153e+13
1.30742e+13
1.3033e+13
1.29918e+13
1.29506e+13
1.29095e+13
1.28683e+13
1.28271e+13
1.27859e+13
1.27447e+13
1.27036e+13
1.26624e+13
1.26212e+13
1.258e+13
1.25388e+13
1.24977e+13
1.24565e+13
1.24153e+13
1.23741e+13
1.2333e+13
1.22918e+13
1.22506e+13
1.22094e+13
1.21682e+13
1.21271e+13
1.20859e+13
1.20447e+13
1.20035e+13
1.19623e+13
1.19212e+13
1.188e+13
1.18388e+13
1.17976e+13
1.17565e+13
1.17153e+13
1.16741e+13
1.16329e+13
1.15917e+13
1.15506e+13
1.15094e+13
1.14682e+13
1.1427e+13
1.13858e+13
1.13447e+13
1.13035e+13
1.12623e+13
1.12211e+13
1.118e+13
1.11388e+13
1.10976e+13
1.10564e+13
1.10152e+13
1.09741e+13
1.09329e+13
1.08917e+13
1.08505e+13
1.08094e+13
1.07682e+13
1.0727e+13
1.06858e+13
1.06446e+13
1.06035e+13
1.05623e+13
1.05211e+13
1.04799e+13
1.04387e+13
1.03976e+13
1.03564e+13
1.03152e+13
1.0274e+13
1.02329e+13
1.01917e+13
1.01505e+13
1.01093e+13
1.00681e+13
1.0027e+13
9.98578e+12
9.9446e+12
9.90342e+12
9.86225e+12
9.82107e+12
9.77989e+12
9.73871e+12
9.69753e+12
9.65635e+12
9.61517e+12
9.574e+12
9.53282e+12
9.49164e+12
9.45046e+12
9.40928e+12
9.3681e+12
9.32693e+12
9.28575e+12
9.24457e+12
9.20339e+12
9.16221e+12
9.12103e+12
9.07985e+12
9.03868e+12
8.9975e+12
8.95632e+12
8.91514e+12
8.87396e+12
8.83278e+12
8.79161e+12
8.75043e+12
8.70925e+12
8.66807e+12
8.62689e+12
8.58571e+12
8.54453e+12
8.50336e+12
8.46218e+12
8.421e+12
8.37982e+12
8.33864e+12
8.29746e+12
8.25628e+12
8.21511e+12
8.17393e+12
8.13275e+12
8.09157e+12
8.05039e+12
8.00921e+12
7.96804e+12
7.92686e+12
7.88568e+12
7.8445e+12
7.80332e+12
7.76214e+12
7.72096e+12
7.67979e+12
7.63861e+12
7.59743e+12
7.55625e+12
7.51507e+12
7.47389e+12
7.43272e+12
7.39154e+12
7.35036e+12
7.30918e+12
7.268e+12
7.22682e+12
7.18564e+12
7.14447e+12
7.10329e+12
7.06211e+12
7.02093e+12
6.97975e+12
6.93857e+12
6.8974e+12
6.85622e+12
6.81504e+12
6.77386e+12
6.73268e+12
6.6915e+12
6.65032e+12
6.60915e+12
6.56797e+12
6.52679e+12
6.48561e+12
6.44443e+12
6.40325e+12
6.36207e+12
6.3209e+12
6.27972e+12
6.23854e+12
6.19736e+12
6.15618e+12
6.115e+12
6.07383e+12
6.03265e+12
5.99147e+12
5.95029e+12
5.90911e+12
5.86793e+12
5.82675e+12
5.78558e+12
5.7444e+12
5.70322e+12
5.66204e+12
5.62086e+12
5.57968e+12
5.53851e+12
5.49733e+12
5.45615e+12
5.41497e+12
5.37379e+12
5.33261e+12
5.29143e+12
5.25026e+12
5.20908e+12
5.1679e+12
5.12672e+12
5.08554e+12
5.04436e+12
5.00319e+12
4.96201e+12
4.92083e+12
4.87965e+12
4.83847e+12
4.79729e+12
4.75611e+12
4.71494e+12
4.67376e+12
4.63258e+12
4.5914e+12
4.55022e+12
4.50904e+12
4.46786e+12
4.42669e+12
4.38551e+12
4.34433e+12
4.30315e+12
4.26197e+12
4.22079e+12
4.17962e+12
4.13844e+12
4.09726e+12
4.05608e+12
4.0149e+12
3.97372e+12
3.93254e+12
3.89137e+12
3.85019e+12
3.80901e+12
3.76783e+12
3.72665e+12
3.68547e+12
3.6443e+12
3.60312e+12
3.56194e+12
3.52076e+12
3.47958e+12
3.4384e+12
3.39722e+12
3.35605e+12
3.31487e+12
3.27369e+12
3.23251e+12
3.19133e+12
3.15015e+12
3.10898e+12
3.0678e+12
3.02662e+12
2.98544e+12
2.94426e+12
2.90308e+12
2.8619e+12
2.82073e+12
2.77955e+12
2.73837e+12
2.69719e+12
2.65601e+12
2.61483e+12
2.57365e+12
2.53248e+12
2.4913e+12
2.45012e+12
2.40894e+12
2.36776e+12
2.32658e+12
2.28541e+12
2.24423e+12
2.20305e+12
2.16187e+12
2.12069e+12
2.07951e+12
2.03833e+12
1.99716e+12
1.95598e+12
1.9148e+12
1.87362e+12
1.83244e+12
1.79126e+12
1.75009e+12
1.70891e+12
1.66773e+12
1.62655e+12
1.58537e+12
1.54419e+12
1.50301e+12
1.46184e+12
1.42066e+12
1.37948e+12
1.3383e+12
1.29712e+12
1.25594e+12
1.21477e+12
1.17359e+12
1.13241e+12
1.09123e+12
1.05005e+12
1.00887e+12
9.67694e+11
9.26516e+11
8.85337e+11
8.44159e+11
8.0298e+11
7.61802e+11
7.20623e+11
6.79445e+11
6.38266e+11
5.97088e+11
5.55909e+11
5.14731e+11
4.73553e+11
4.32374e+11
3.91196e+11
3.50017e+11
3.08839e+11
2.6766e+11
2.26482e+11
1.85303e+11
1.44125e+11
1.02946e+11
6.17677e+10
2.05892e+10
)
;

boundaryField
{
    inlet
    {
        type            darcyGradPressure_G;
        gradient        uniform 3.23949e+11;
        Mf              Mf;
        phi             phi;
        phiG            phiG;
        value           uniform 3.24178e+13;
    }
    outlet
    {
        type            fixedValue;
        value           uniform 0;
    }
    emptyWalls
    {
        type            empty;
    }
}


// ************************************************************************* //
